15.0 2.09207 13
15.1 2.13438 13
15.2 2.17714 13
15.3 2.21804 13
15.4 2.26148 13
15.5 2.30908 13
15.6 2.35760 13
15.7 2.40611 13
15.8 2.45134 13
15.9 2.47067 14
16.0 2.53242 14
16.1 2.59543 14
16.2 2.65729 14
16.3 2.72017 14
16.4 2.78360 14
16.5 2.84724 14
16.6 2.91194 14
16.7 2.97729 14
16.8 3.04327 14
16.9 3.10987 14
17.0 3.17708 14
17.1 3.24508 14
17.2 3.31378 14
17.3 3.38309 14
17.4 3.45301 14
17.5 3.52353 14
17.6 3.59463 14
17.7 3.66631 14
17.8 3.73855 14
17.9 3.81161 14
18.0 3.88535 14
18.1 3.95967 14
18.2 4.03359 14
18.3 4.10896 14
18.4 4.18507 14
18.5 4.29426 14
18.6 4.40489 14
18.7 4.51744 14
18.8 4.63159 14
18.9 4.74724 14
19.0 4.86438 14
19.1 4.98301 14
19.2 5.10311 14
19.3 5.22467 14
19.4 5.34604 14
19.5 5.47122 14
19.6 5.59791 14
19.7 5.72610 14
19.8 5.85578 14
19.9 5.98694 14
20.0 6.11955 14
20.1 6.25360 14
20.2 6.38942 14
20.3 6.52512 14
20.4 6.66454 14
20.5 6.87171 14
20.6 7.01329 14
20.7 7.15630 14
20.8 7.30073 14
20.9 7.44653 14
21.0 7.59461 14
21.1 7.71722 14
21.2 7.79428 14
21.3 7.87446 14
21.4 7.95466 14
21.5 8.03484 14
21.6 8.11499 14
21.7 8.19506 14
21.8 8.27671 14
21.9 8.35850 14
22.0 8.43650 14
22.1 8.51808 14
22.2 8.59959 14
22.3 8.68097 14
22.4 8.76220 14
22.5 8.84369 14
22.6 8.92670 14
22.7 9.00962 14
22.8 9.08794 14
22.9 9.17042 14
23.0 9.25269 14
23.1 9.33474 14
23.2 9.41649 14
23.3 9.49917 14
23.4 9.58288 14
23.5 9.66128 14
23.6 9.74437 14
23.7 9.82717 14
23.8 9.90964 14
23.9 9.99174 14
24.0 10.07342 14
24.1 10.15682 14
24.2 10.23480 14
24.3 10.31808 14
24.4 10.40101 14
24.5 10.48352 14
24.6 10.56556 14
24.7 10.64709 14
24.8 10.72157 14
24.9 10.80495 14
25.0 10.88806 14
25.1 10.97071 14
25.2 11.05285 14
25.3 11.13443 14
25.4 11.20825 14
25.5 11.28832 14
25.6 11.36811 14
25.7 11.45062 14
25.8 11.53250 14
25.9 11.61380 14
26.0 11.68646 14
26.1 11.76613 14
26.2 11.84505 14
26.3 11.92311 14
26.4 12.00132 14
26.5 12.07348 14
26.6 12.15326 14
26.7 12.23221 14
26.8 12.31035 14
26.9 12.38764 14
27.0 12.45460 14
27.1 12.52963 14
27.2 12.60505 14
27.3 12.68303 14
27.4 12.75014 14
27.5 12.82600 14
27.6 12.90085 14
27.7 12.97468 14
27.8 13.03680 14
27.9 13.10784 14
28.0 13.17926 14
28.1 13.24260 14
28.2 13.31560 14
28.3 13.38753 14
28.4 13.44658 14
28.5 13.51559 14
28.6 13.57145 14
28.7 13.63741 14
28.8 13.67890 14
28.9 13.69885 14
29.0 13.76505 14
29.1 13.82991 14
29.2 13.89323 14
29.3 13.95505 14
29.4 14.01530 14
29.5 14.07386 14
29.6 14.13114 14
29.7 14.19347 14
29.8 14.25438 14
29.9 14.31375 14
30.0 14.37142 14
30.1 14.42742 14
30.2 14.48166 14
30.3 14.53376 14
30.4 14.58390 14
30.5 14.63937 14
30.6 14.69414 14
30.7 14.74719 14
30.8 14.79847 14
30.9 14.84778 14
31.0 14.89502 14
31.1 14.93980 14
31.2 14.98268 14
31.3 15.02859 14
31.4 15.07656 14
31.5 15.12250 14
31.6 15.16643 14
31.7 15.20832 14
31.8 15.24763 14
31.9 15.28420 14
32.0 15.31905 14
32.1 15.35331 14
32.2 15.39353 14
32.3 15.43159 14
32.4 15.46744 14
32.5 15.50111 14
32.6 15.53140 14
32.7 15.55922 14
32.8 15.58506 14
32.9 15.60893 14
33.0 15.63700 14
33.1 15.66646 14
33.2 15.69363 14
33.3 15.71819 14
33.4 15.73882 14
33.5 15.75710 14
33.6 15.77333 14
33.7 15.78734 14
33.8 15.73954 14
33.9 15.75973 14
34.0 15.77781 14
34.1 15.79319 14
34.2 15.80377 14
34.3 15.71825 14
34.4 15.72470 14
34.5 15.72898 14
34.6 15.73095 14
34.7 15.73290 14
34.8 15.64374 14
34.9 15.64980 14
35.0 15.64153 14
35.1 15.58951 14
35.2 15.41997 14
35.3 15.18488 14
35.4 14.62923 14
35.5 13.77407 14
35.6 13.71467 14
35.7 13.74405 14
35.8 13.79287 14
35.9 13.30143 14
36.0 13.39776 14
36.1 13.91251 14
36.2 13.95878 14
36.3 14.00963 14
36.4 13.78695 14
36.5 13.88522 14
36.6 14.13071 14
36.7 14.17629 14
36.8 14.22226 14
36.9 14.22618 14
37.0 14.26961 14
37.1 14.31305 14
37.2 14.39358 14
37.3 14.43852 14
37.4 14.44335 14
37.5 14.48678 14
37.6 14.56968 14
37.7 14.58698 14
37.8 14.56555 14
37.9 14.58075 14
38.0 14.59788 14
38.1 14.62728 14
38.2 14.65993 14
38.3 14.70467 14
38.4 14.75591 14
38.5 14.76182 14
38.6 14.75837 14
38.7 14.70769 14
38.8 14.62784 14
38.9 14.59102 14
39.0 14.59170 14
39.1 14.54142 14
39.2 14.49200 14
39.3 14.43255 14
39.4 14.38594 14
39.5 14.35763 14
39.6 14.34859 14
39.7 14.35233 14
39.8 14.30333 14
39.9 14.26448 14
40.0 14.19778 14
40.1 14.15949 14
40.2 14.08732 14
40.3 14.09644 14
40.4 14.08032 14
40.5 13.99594 14
40.6 13.93490 14
40.7 13.75567 14
40.8 13.70553 14
40.9 13.65333 14
41.0 13.64811 14
41.1 13.65258 14
41.2 13.56740 14
41.3 13.48750 14
41.4 13.35957 14
41.5 13.32462 14
41.6 13.27232 14
41.7 13.21276 14
41.8 13.06006 14
41.9 12.94062 14
42.0 12.93502 14
42.1 12.81188 14
42.2 12.69211 14
42.3 12.54489 14
42.4 12.57065 14
42.5 12.64477 14
42.6 12.66562 14
42.7 12.72572 14
42.8 12.80868 14
42.9 12.89196 14
43.0 13.01548 14
43.1 13.11888 14
43.2 13.23418 14
43.3 13.25595 14
43.4 13.30225 14
43.5 13.38731 14
43.6 13.47283 14
43.7 13.56067 14
43.8 13.70183 14
43.9 13.85754 14
44.0 13.88285 14
44.1 14.03391 14
44.2 14.10018 14
44.3 14.14765 14
44.4 14.17028 14
44.5 14.19666 14
44.6 14.23626 14
44.7 14.27591 14
44.8 14.31557 14
44.9 14.35525 14
45.0 14.39495 14
45.1 14.46267 14
45.2 14.54452 14
45.3 14.53888 14
45.4 14.60587 14
45.5 14.64361 14
45.6 14.66704 14
45.7 14.68948 14
45.8 14.71229 14
45.9 14.74733 14
46.0 14.78714 14
46.1 14.82697 14
46.2 14.86681 14
46.3 14.90668 14
46.4 14.94655 14
46.5 15.01210 14
46.6 15.08630 14
46.7 15.09336 14
46.8 15.16380 14
46.9 15.19829 14
47.0 15.22129 14
47.1 15.24388 14
47.2 15.26600 14
47.3 15.30029 14
47.4 15.34028 14
47.5 15.38029 14
47.6 15.42035 14
47.7 15.46039 14
47.8 15.50044 14
47.9 15.57437 14
48.0 15.67167 14
48.1 15.65186 14
48.2 15.70558 14
48.3 15.76374 14
48.4 15.78969 14
48.5 15.81223 14
48.6 15.83404 14
48.7 15.85840 14
48.8 15.89575 14
48.9 15.93593 14
49.0 15.97614 14
49.1 16.01639 14
49.2 16.05662 14
49.3 16.09686 14
49.4 16.13716 14
49.5 16.19791 14
49.6 16.25311 14
49.7 16.29768 14
49.8 16.36641 14
49.9 16.39551 14
50.0 16.41760 14
50.1 16.43955 14
50.2 16.46098 14
50.3 16.49382 14
50.4 16.53425 14
50.5 16.57464 14
50.6 16.61509 14
50.7 16.65551 14
50.8 16.69598 14
50.9 16.73644 14
51.0 16.81029 14
51.1 16.90656 14
51.2 16.89142 14
51.3 16.94862 14
51.4 17.01198 14
51.5 17.03927 14
51.6 17.06136 14
51.7 17.08251 14
51.8 17.10399 14
51.9 17.13515 14
52.0 17.17575 14
52.1 17.21640 14
52.2 17.25704 14
52.3 17.29772 14
52.4 17.33838 14
52.5 17.37907 14
52.6 17.41978 14
52.7 17.48665 14
52.8 17.56051 14
52.9 17.57630 14
53.0 17.65391 14
53.1 17.69906 14
53.2 17.72266 14
53.3 17.74409 14
53.4 17.76522 14
53.5 17.78628 14
53.6 17.82030 14
53.7 17.86116 14
53.8 17.90204 14
53.9 17.94289 14
54.0 17.98379 14
54.1 18.02471 14
54.2 18.06561 14
54.3 18.10656 14
54.4 18.17936 14
54.5 18.27121 14
54.6 18.26437 14
54.7 18.32660 14
54.8 18.39386 14
54.9 18.42197 14
55.0 18.44327 14
55.1 18.46379 14
55.2 18.48416 14
55.3 18.50871 14
55.4 18.54545 14
55.5 18.58602 14
55.6 18.62660 14
55.7 18.66720 14
55.8 18.70780 14
55.9 18.74838 14
56.0 18.78901 14
56.1 18.82966 14
56.2 18.90467 14
56.3 19.00766 14
56.4 18.99116 14
56.5 19.04264 14
56.6 19.12269 14
56.7 19.15704 14
56.8 19.17880 14
56.9 19.19895 14
57.0 19.21884 14
57.1 19.23822 14
57.2 19.26943 14
57.3 19.31019 14
57.4 19.35098 14
57.5 19.39177 14
57.6 19.43257 14
57.7 19.47339 14
57.8 19.51422 14
57.9 19.55506 14
58.0 19.59587 14
58.1 19.67195 14
58.2 19.77872 14
58.3 19.76132 14
58.4 19.80881 14
58.5 19.89248 14
58.6 19.93492 14
58.7 19.95723 14
58.8 19.97699 14
58.9 19.99637 14
59.0 20.01565 14
59.1 20.04123 14
59.2 20.07859 14
59.3 20.11958 14
59.4 20.16059 14
59.5 20.20160 14
59.6 20.24263 14
59.7 20.28367 14
59.8 20.32472 14
59.9 20.36578 14
60.0 20.40686 14
60.1 20.48364 14
60.2 20.59342 14
60.3 20.57566 14
60.4 20.62154 14
60.5 20.70746 14
60.6 20.75794 14
60.7 20.78102 14
60.8 20.80040 14
60.9 20.81922 14
61.0 20.83789 14
61.1 20.85826 14
61.2 20.89181 14
61.3 20.93303 14
61.4 20.97425 14
61.5 21.01549 14
61.6 21.05674 14
61.7 21.09800 14
61.8 21.13928 14
61.9 21.18057 14
62.0 21.22187 14
62.1 21.26317 14
62.2 21.34051 14
62.3 21.45455 14
62.4 21.43586 14
62.5 21.47947 14
62.6 21.56687 14
62.7 21.62654 14
62.8 21.65210 14
62.9 21.67119 14
63.0 21.68942 14
63.1 21.70745 14
63.2 21.72539 14
63.3 21.75365 14
63.4 21.79204 14
63.5 21.83350 14
63.6 21.87498 14
63.7 21.91646 14
63.8 21.95796 14
63.9 21.99947 14
64.0 22.04099 14
64.1 22.08257 14
64.2 22.12411 14
64.3 22.16567 14
64.4 22.24565 14
64.5 22.36863 14
64.6 22.34503 14
64.7 22.38178 14
64.8 22.46659 14
64.9 22.53642 14
65.0 22.57347 14
65.1 22.59282 14
65.2 22.61048 14
65.3 22.62782 14
65.4 22.64554 14
65.5 22.66440 14
65.6 22.69730 14
65.7 22.73901 14
65.8 22.78074 14
65.9 22.82251 14
66.0 22.86426 14
66.1 22.90602 14
66.2 22.94779 14
66.3 22.98957 14
66.4 23.03141 14
66.5 23.07321 14
66.6 23.11503 14
66.7 23.15686 14
66.8 23.36749 14
66.9 23.31337 14
67.0 23.33095 14
67.1 23.39952 14
67.2 23.48707 14
67.3 23.54049 14
67.4 23.56865 14
67.5 23.58616 14
67.6 23.60282 14
67.7 23.61977 14
67.8 23.63613 14
67.9 23.65731 14
68.0 23.69162 14
68.1 23.73364 14
68.2 23.77564 14
68.3 23.81765 14
68.4 23.85966 14
68.5 23.90174 14
68.6 23.94378 14
68.7 23.98584 14
68.8 24.02790 14
68.9 24.07003 14
69.0 24.11212 14
69.1 24.15422 14
69.2 24.23385 14
69.3 24.36199 14
69.4 24.34010 14
69.5 24.37679 14
69.6 24.46104 14
69.7 24.54136 14
69.8 24.59123 14
69.9 24.62008 14
70.0 24.63713 14
70.1 24.65275 14
70.2 24.66832 14
70.3 24.68425 14
70.4 24.70178 14
70.5 24.73535 14
70.6 24.77672 14
70.7 24.81900 14
70.8 24.86129 14
70.9 24.90359 14
71.0 24.94596 14
71.1 24.98829 14
71.2 25.03063 14
71.3 25.07303 14
71.4 25.11539 14
71.5 25.15777 14
71.6 25.20020 14
71.7 25.24260 14
71.8 25.32312 14
71.9 25.45774 14
72.0 25.43404 14
72.1 25.46766 14
72.2 25.54690 14
72.3 25.63581 14
72.4 25.69651 14
72.5 25.73235 14
72.6 25.75089 14
72.7 25.76575 14
72.8 25.78081 14
72.9 25.79516 14
73.0 25.80993 14
73.1 25.83367 14
73.2 25.86915 14
73.3 25.91178 14
73.4 25.95438 14
73.5 25.99698 14
73.6 26.03965 14
73.7 26.08227 14
73.8 26.12491 14
73.9 26.16762 14
74.0 26.21028 14
74.1 26.25301 14
74.2 26.29570 14
74.3 26.33840 14
74.4 26.38116 14
74.5 26.42389 14
74.6 26.69513 14
74.7 26.61042 14
74.8 26.61055 14
74.9 26.65899 14
75.0 26.75310 14
75.1 26.83452 14
75.2 26.89902 14
75.3 26.92952 14
75.4 26.94976 14
75.5 26.96344 14
75.6 26.97676 14
75.7 26.99051 14
75.8 27.00360 14
75.9 27.02181 14
76.0 27.05642 14
76.1 27.09786 14
76.2 27.14083 14
76.3 27.18376 14
76.4 27.22676 14
76.5 27.26971 14
76.6 27.31273 14
76.7 27.35571 14
76.8 27.39870 14
76.9 27.44176 14
77.0 27.48477 14
77.1 27.52786 14
77.2 27.57090 14
77.3 27.61400 14
77.4 27.65706 14
77.5 27.73603 14
77.6 27.87266 14
77.7 27.85438 14
77.8 27.88976 14
77.9 27.96479 14
78.0 28.06465 14
78.1 28.14660 14
78.2 28.19745 14
78.3 28.22130 14
78.4 28.23825 14
78.5 28.25104 14
78.6 28.26295 14
78.7 28.27533 14
78.8 28.28704 14
78.9 28.30343 14
79.0 28.33861 14
79.1 28.37947 14
79.2 28.42275 14
79.3 28.46604 14
79.4 28.50939 14
79.5 28.55270 14
79.6 28.59608 14
79.7 28.63942 14
79.8 28.68282 14
79.9 28.72617 14
80.0 28.76960 14
80.1 28.81299 14
80.2 28.85644 14
80.3 28.89985 14
80.4 28.94326 14
80.5 28.98675 14
80.6 29.03020 14
80.7 29.22209 14
80.8 29.19582 14
80.9 29.22215 14
81.0 29.28432 14
81.1 29.38883 14
81.2 29.47487 14
81.3 29.55773 14
81.4 29.59276 14
81.5 29.61130 14
81.6 29.62564 14
81.7 29.63678 14
81.8 29.64770 14
81.9 29.65788 14
82.0 29.66860 14
82.1 29.68263 14
82.2 29.71861 14
82.3 29.75894 14
82.4 29.80260 14
82.5 29.84633 14
82.6 29.89001 14
82.7 29.93376 14
82.8 29.97753 14
82.9 30.02125 14
83.0 30.06504 14
83.1 30.10879 14
83.2 30.15260 14
83.3 30.19643 14
83.4 30.24021 14
83.5 30.28407 14
83.6 30.32788 14
83.7 30.37175 14
83.8 30.41564 14
83.9 30.45949 14
84.0 30.69004 14
84.1 30.64733 14
84.2 30.65737 14
84.3 30.70510 14
84.4 30.79090 14
84.5 30.89518 14
84.6 30.99997 14
84.7 31.06615 14
84.8 31.09499 14
84.9 31.11019 14
85.0 31.12330 14
85.1 31.13264 14
85.2 31.14103 14
85.3 31.15001 14
85.4 31.15891 14
85.5 31.16706 14
85.6 31.20072 14
85.7 31.23883 14
85.8 31.28296 14
85.9 31.32711 14
86.0 31.37122 14
86.1 31.41539 14
86.2 31.45952 14
86.3 31.50372 14
86.4 31.54793 14
86.5 31.59209 14
86.6 31.63633 14
86.7 31.68058 14
86.8 31.72478 14
86.9 31.76906 14
87.0 31.81328 14
87.1 31.85758 14
87.2 31.90189 14
87.3 31.94616 14
87.4 31.99050 14
87.5 32.03485 14
87.6 32.23729 14
87.7 32.21068 14
87.8 32.23458 14
87.9 32.28985 14
88.0 32.38299 14
88.1 32.48886 14
88.2 32.61103 14
88.3 32.68401 14
88.4 32.71543 14
88.5 32.73130 14
88.6 32.74161 14
88.7 32.75059 14
88.8 32.75765 14
88.9 32.76377 14
89.0 32.77056 14
89.1 32.77726 14
89.2 32.78894 14
89.3 32.82633 14
89.4 32.86662 14
89.5 32.91115 14
89.6 32.95577 14
89.7 33.00033 14
89.8 33.04497 14
89.9 33.08962 14
90.0 33.13422 14
90.1 33.17890 14
90.2 33.22359 14
90.3 33.26823 14
90.4 33.31295 14
90.5 33.35768 14
90.6 33.40236 14
90.7 33.44711 14
90.8 33.49188 14
90.9 33.53660 14
91.0 33.58139 14
91.1 33.62613 14
91.2 33.67095 14
91.3 33.71579 14
91.4 33.94631 14
91.5 33.91004 14
91.6 33.92266 14
91.7 33.96737 14
91.8 34.04124 14
91.9 34.15711 14
92.0 34.26569 14
92.1 34.40052 14
92.2 34.46175 14
92.3 34.48808 14
92.4 34.50111 14
92.5 34.50820 14
92.6 34.51572 14
92.7 34.52027 14
92.8 34.52379 14
92.9 34.52804 14
93.0 34.53219 14
93.1 34.53540 14
93.2 34.56453 14
93.3 34.60273 14
93.4 34.64674 14
93.5 34.69186 14
93.6 34.73699 14
93.7 34.78207 14
93.8 34.82723 14
93.9 34.87240 14
94.0 34.91752 14
94.1 34.96272 14
94.2 35.00786 14
94.3 35.05309 14
94.4 35.09833 14
94.5 35.14351 14
94.6 35.18877 14
94.7 35.23405 14
94.8 35.27927 14
94.9 35.32458 14
95.0 35.36990 14
95.1 35.41515 14
95.2 35.46050 14
95.3 35.50586 14
95.4 35.55116 14
95.5 35.59654 14
95.6 35.76592 14
95.7 35.76738 14
95.8 35.80408 14
95.9 35.86557 14
96.0 35.96202 14
96.1 36.07884 14
96.2 36.23539 14
96.3 36.35441 14
96.4 36.40741 14
96.5 36.43039 14
96.6 36.43993 14
96.7 36.44510 14
96.8 36.44815 14
96.9 36.45081 14
97.0 36.45212 14
97.1 36.45328 14
97.2 36.45341 14
97.3 36.45436 14
97.4 36.46010 14
97.5 36.49898 14
97.6 36.53918 14
97.7 36.58485 14
97.8 36.63047 14
97.9 36.67619 14
98.0 36.72191 14
98.1 36.76757 14
98.2 36.81332 14
98.3 36.85909 14
98.4 36.90479 14
98.5 36.95058 14
98.6 36.99638 14
98.7 37.04213 14
98.8 37.08796 14
98.9 37.13380 14
99.0 37.17959 14
99.1 37.22546 14
99.2 37.27135 14
99.3 37.31717 14
99.4 37.36309 14
99.5 37.40901 14
99.6 37.45488 14
99.7 37.50083 14
99.8 37.54680 14
99.9 37.59270 14
100.0 37.82346 14
100.1 37.79123 14
100.2 37.80767 14
100.3 37.85133 14
100.4 37.91766 14
100.5 38.01799 14
100.6 38.14000 14
100.7 38.31992 14
100.8 38.46829 14
100.9 38.53745 14
101.0 38.56734 14
101.1 38.57836 14
101.2 38.58226 14
101.3 38.58276 14
101.4 38.58069 14
101.5 38.58049 14
101.6 38.57790 14
101.7 38.57415 14
101.8 38.57129 14
101.9 38.56832 14
102.0 38.56422 14
102.1 38.60144 14
102.2 38.64152 14
102.3 38.68693 14
102.4 38.73326 14
102.5 38.77961 14
102.6 38.82590 14
102.7 38.87228 14
102.8 38.91867 14
102.9 38.96499 14
103.0 39.01141 14
103.1 39.05785 14
103.2 39.10430 14
103.3 39.15068 14
103.4 39.19716 14
103.5 39.24365 14
103.6 39.29007 14
103.7 39.33659 14
103.8 39.38313 14
103.9 39.42959 14
104.0 39.47615 14
104.1 39.52273 14
104.2 39.56924 14
104.3 39.61584 14
104.4 39.66246 14
104.5 39.70901 14
104.6 39.75566 14
104.7 39.80232 14
104.8 39.84891 14
104.9 40.03880 14
105.0 40.03532 14
105.1 40.06439 14
105.2 40.11475 14
105.3 40.18650 14
105.4 40.29003 14
105.5 40.41899 14
105.6 40.62877 14
105.7 40.81320 14
105.8 40.90431 14
105.9 40.94532 14
106.0 40.96282 14
106.1 40.96533 14
106.2 40.96321 14
106.3 40.95846 14
106.4 40.95125 14
106.5 40.94445 14
106.6 40.93887 14
106.7 40.93115 14
106.8 40.92214 14
106.9 40.91416 14
107.0 40.90604 14
107.1 40.92275 14
107.2 40.96393 14
107.3 41.00738 14
107.4 41.05435 14
107.5 41.10143 14
107.6 41.14852 14
107.7 41.19554 14
107.8 41.24238 14
107.9 41.28893 14
108.0 41.33550 14
108.1 41.38201 14
108.2 41.42862 14
108.3 41.47525 14
108.4 41.52181 14
108.5 41.56849 14
108.6 41.61518 14
108.7 41.66181 14
108.8 41.70854 14
108.9 41.75530 14
109.0 41.80199 14
109.1 41.84879 14
109.2 41.89560 14
109.3 41.94244 14
109.4 41.98921 14
109.5 42.03609 14
109.6 42.08299 14
109.7 42.12982 14
109.8 42.17677 14
109.9 42.22373 14
110.0 42.27062 14
110.1 42.31763 14
110.2 42.36465 14
110.3 42.41170 14
110.4 42.45867 14
110.5 42.62926 14
110.6 42.64175 14
110.7 42.67558 14
110.8 42.72551 14
110.9 42.79088 14
111.0 42.87784 14
111.1 42.99780 14
111.2 43.11387 14
111.3 43.36107 14
111.4 43.55111 14
111.5 43.65600 14
111.6 43.71173 14
111.7 43.73772 14
111.8 43.75061 14
111.9 43.75324 14
112.0 43.75058 14
112.1 43.74692 14
112.2 43.74217 14
112.3 43.73684 14
112.4 43.72999 14
112.5 43.72600 14
112.6 43.71993 14
112.7 43.71269 14
112.8 43.74977 14
112.9 43.74576 14
113.0 43.74081 14
113.1 43.73418 14
113.2 43.73048 14
113.3 43.72441 14
113.4 43.71832 14
113.5 43.71109 14
113.6 43.74883 14
113.7 43.74451 14
113.8 43.73941 14
113.9 43.73265 14
114.0 43.72883 14
114.1 43.72273 14
114.2 43.71548 14
114.3 43.70947 14
114.4 43.74774 14
114.5 43.74315 14
114.6 43.73787 14
114.7 43.73107 14
114.8 43.72715 14
114.9 43.72101 14
115.0 43.71377 14
115.1 43.75034 14
115.2 43.74653 14
115.3 43.74172 14
115.4 43.73506 14
115.5 43.72940 14
115.6 43.72538 14
115.7 43.71925 14
115.8 43.71202 14
115.9 43.74937 14
116.0 43.74518 14
116.1 43.74016 14
116.2 43.73340 14
116.3 43.72966 14
116.4 43.72356 14
116.5 43.71742 14
116.6 43.71020 14
116.7 43.74820 14
116.8 43.74372 14
116.9 43.73854 14
117.0 43.73164 14
117.1 43.72777 14
117.2 43.72158 14
117.3 43.71434 14
117.4 43.75062 14
117.5 43.74688 14
117.6 43.74213 14
117.7 43.73672 14
117.8 43.72984 14
117.9 43.72585 14
118.0 43.71962 14
118.1 43.71239 14
118.2 43.74958 14
118.3 43.74543 14
118.4 43.74046 14
118.5 43.73367 14
118.6 43.72990 14
118.7 43.72384 14
118.8 43.71762 14
118.9 43.71041 14
119.0 43.74834 14
119.1 43.74382 14
119.2 43.73865 14
119.3 43.73172 14
119.4 43.72785 14
119.5 43.72167 14
119.6 43.71433 14
119.7 43.75061 14
119.8 43.74688 14
119.9 43.74209 14
120.0 43.73668 14
120.1 43.72970 14
120.2 43.72570 14
120.3 43.71948 14
120.4 43.71221 14
120.5 43.74948 14
120.6 43.74526 14
120.7 43.74022 14
120.8 43.73342 14
120.9 43.72958 14
121.0 43.72352 14
121.1 43.71605 14
121.2 43.71000 14
121.3 43.74804 14
121.4 43.74344 14
121.5 43.73825 14
121.6 43.73129 14
121.7 43.72729 14
121.8 43.72112 14
121.9 43.71379 14
122.0 43.75033 14
122.1 43.74642 14
122.2 43.74150 14
122.3 43.73485 14
122.4 43.73108 14
122.5 43.72497 14
122.6 43.71875 14
122.7 43.71144 14
122.8 43.74896 14
122.9 43.74461 14
123.0 43.73945 14
123.1 43.73256 14
123.2 43.72865 14
123.3 43.72247 14
123.4 43.71509 14
123.5 43.70899 14
123.6 43.74735 14
123.7 43.74261 14
123.8 43.73720 14
123.9 43.73024 14
124.0 43.72618 14
124.1 43.71996 14
124.2 43.71259 14
124.3 43.74967 14
124.4 43.74548 14
124.5 43.74042 14
124.6 43.73359 14
124.7 43.72977 14
124.8 43.72361 14
124.9 43.71609 14
125.0 43.71004 14
125.1 43.74803 14
125.2 43.74340 14
125.3 43.73810 14
125.4 43.73109 14
125.5 43.72709 14
125.6 43.72080 14
125.7 43.71349 14
125.8 43.75015 14
125.9 43.74612 14
126.0 43.74111 14
126.1 43.73438 14
126.2 43.73052 14
126.3 43.72436 14
126.4 43.71809 14
126.5 43.71073 14
126.6 43.74848 14
126.7 43.74392 14
126.8 43.73873 14
126.9 43.73170 14
127.0 43.72768 14
127.1 43.72145 14
127.2 43.71401 14
127.3 43.75042 14
127.4 43.74655 14
127.5 43.74157 14
127.6 43.73483 14
127.7 43.73100 14
127.8 43.72479 14
127.9 43.71852 14
128.0 43.71116 14
128.1 43.74872 14
128.2 43.74426 14
128.3 43.73901 14
128.4 43.73200 14
128.5 43.72800 14
128.6 43.72176 14
128.7 43.71427 14
128.8 43.75051 14
128.9 43.74670 14
129.0 43.74180 14
129.1 43.73496 14
129.2 43.73116 14
129.3 43.72494 14
129.4 43.71861 14
129.5 43.71125 14
129.6 43.74878 14
129.7 43.74429 14
129.8 43.73904 14
129.9 43.73198 14
130.0 43.72798 14
130.1 43.72175 14
130.2 43.71420 14
130.3 43.75048 14
130.4 43.74660 14
130.5 43.74163 14
130.6 43.73484 14
130.7 43.73096 14
130.8 43.72474 14
130.9 43.71842 14
131.0 43.71100 14
131.1 43.74862 14
131.2 43.74404 14
131.3 43.73876 14
131.4 43.73169 14
131.5 43.72760 14
131.6 43.72132 14
131.7 43.71383 14
131.8 43.75026 14
131.9 43.74629 14
132.0 43.74116 14
132.1 43.73438 14
132.2 43.73046 14
132.3 43.72419 14
132.4 43.71781 14
132.5 43.71045 14
132.6 43.74823 14
132.7 43.74355 14
132.8 43.73822 14
132.9 43.73105 14
133.0 43.72693 14
133.1 43.72053 14
133.2 43.71309 14
133.3 43.74988 14
133.4 43.74560 14
133.5 43.74047 14
133.6 43.73354 14
133.7 43.72954 14
133.8 43.72326 14
133.9 43.71569 14
134.0 43.70942 14
134.1 43.74753 14
134.2 43.74274 14
134.3 43.73724 14
134.4 43.73012 14
134.5 43.72587 14
134.6 43.71948 14
134.7 43.71193 14
134.8 43.74922 14
134.9 43.74474 14
135.0 43.73944 14
135.1 43.73239 14
135.2 43.72823 14
135.3 43.72194 14
135.4 43.71433 14
135.5 43.75051 14
135.6 43.74656 14
135.7 43.74158 14
135.8 43.73461 14
135.9 43.73072 14
136.0 43.72444 14
136.1 43.71799 14
136.2 43.71051 14
136.3 43.74822 14
136.4 43.74349 14
136.5 43.73809 14
136.6 43.73086 14
136.7 43.72666 14
136.8 43.72019 14
136.9 43.71264 14
137.0 43.74963 14
137.1 43.74525 14
137.2 43.73995 14
137.3 43.73299 14
137.4 43.72881 14
137.5 43.72251 14
137.6 43.71484 14
137.7 43.75069 14
137.8 43.74684 14
137.9 43.74185 14
138.0 43.73496 14
138.1 43.73096 14
138.2 43.72462 14
138.3 43.71817 14
138.4 43.71062 14
138.5 43.74829 14
138.6 43.74353 14
138.7 43.73813 14
138.8 43.73083 14
138.9 43.72663 14
139.0 43.72010 14
139.1 43.71255 14
139.2 43.74953 14
139.3 43.74507 14
139.4 43.73974 14
139.5 43.73270 14
139.6 43.72850 14
139.7 43.72208 14
139.8 43.71446 14
139.9 43.75048 14
140.0 43.74651 14
140.1 43.74141 14
140.2 43.73436 14
140.3 43.73037 14
140.4 43.72389 14
140.5 43.71745 14
140.6 43.70989 14
140.7 43.74781 14
140.8 43.74287 14
140.9 43.73729 14
141.0 43.73001 14
141.1 43.72568 14
141.2 43.71910 14
141.3 43.71154 14
141.4 43.74890 14
141.5 43.74420 14
141.6 43.73877 14
141.7 43.73144 14
141.8 43.72728 14
141.9 43.72073 14
142.0 43.71303 14
142.1 43.74977 14
142.2 43.74534 14
142.3 43.74005 14
142.4 43.73296 14
142.5 43.72878 14
142.6 43.72222 14
142.7 43.71452 14
142.8 43.75051 14
142.9 43.74650 14
143.0 43.74139 14
143.1 43.73421 14
143.2 43.73021 14
143.3 43.72359 14
143.4 43.71600 14
143.5 43.70958 14
143.6 43.74746 14
143.7 43.74248 14
143.8 43.73676 14
143.9 43.72950 14
144.0 43.72507 14
144.1 43.71849 14
144.2 43.71072 14
144.3 43.74835 14
144.4 43.74342 14
144.5 43.73796 14
144.6 43.73058 14
144.7 43.72614 14
144.8 43.71960 14
144.9 43.71184 14
145.0 43.74908 14
145.1 43.74438 14
145.2 43.73897 14
145.3 43.73157 14
145.4 43.72720 14
145.5 43.72064 14
145.6 43.71287 14
145.7 43.74968 14
145.8 43.74510 14
145.9 43.73977 14
146.0 43.73253 14
146.1 43.72811 14
146.2 43.72167 14
146.3 43.71377 14
146.4 43.75016 14
146.5 43.74578 14
146.6 43.74055 14
146.7 43.73329 14
146.8 43.72927 14
146.9 43.72250 14
147.0 43.71457 14
147.1 43.75053 14
147.2 43.74642 14
147.3 43.74129 14
147.4 43.73396 14
147.5 43.72993 14
147.6 43.72316 14
147.7 43.71549 14
147.8 43.70888 14
147.9 43.74695 14
148.0 43.74180 14
148.1 43.73463 14
148.2 43.73052 14
148.3 43.72387 14
148.4 43.71742 14
148.5 43.70950 14
148.6 43.74735 14
148.7 43.74227 14
148.8 43.73519 14
148.9 43.73108 14
149.0 43.72430 14
149.1 43.71783 14
149.2 43.70991 14
149.3 43.74772 14
149.4 43.74262 14
149.5 43.73677 14
149.6 43.72942 14
149.7 43.72476 14
149.8 43.71817 14
149.9 43.71024 14
150.0 43.74799 14
150.1 43.74283 14
150.2 43.73704 14
150.3 43.72966 14
150.4 43.72501 14
150.5 43.71841 14
150.6 43.71048 14
150.7 43.74814 14
150.8 43.74297 14
150.9 43.73719 14
151.0 43.72981 14
151.1 43.72517 14
151.2 43.71849 14
151.3 43.71063 14
151.4 43.74820 14
151.5 43.74303 14
151.6 43.73731 14
151.7 43.72981 14
151.8 43.72516 14
151.9 43.71849 14
152.0 43.71062 14
152.1 43.74819 14
152.2 43.74302 14
152.3 43.73717 14
152.4 43.72972 14
152.5 43.72506 14
152.6 43.71839 14
152.7 43.71045 14
152.8 43.74807 14
152.9 43.74287 14
153.0 43.73700 14
153.1 43.72954 14
153.2 43.72488 14
153.3 43.71820 14
153.4 43.71011 14
153.5 43.74784 14
153.6 43.74264 14
153.7 43.73671 14
153.8 43.72991 14
153.9 43.72452 14
154.0 43.71777 14
154.1 43.70976 14
154.2 43.74755 14
154.3 43.74234 14
154.4 43.73510 14
154.5 43.73082 14
154.6 43.72394 14
154.7 43.71731 14
154.8 43.70931 14
154.9 43.74714 14
155.0 43.74183 14
155.1 43.73456 14
155.2 43.73021 14
155.3 43.72333 14
155.4 43.71550 14
155.5 43.75071 14
155.6 43.74659 14
155.7 43.74122 14
155.8 43.73372 14
155.9 43.72957 14
156.0 43.72263 14
156.1 43.71445 14
156.2 43.75034 14
156.3 43.74601 14
156.4 43.74049 14
156.5 43.73300 14
156.6 43.72863 14
156.7 43.72158 14
156.8 43.71357 14
156.9 43.74992 14
157.0 43.74523 14
157.1 43.73965 14
157.2 43.73215 14
157.3 43.72744 14
157.4 43.72067 14
157.5 43.71252 14
157.6 43.74933 14
157.7 43.74434 14
157.8 43.73876 14
157.9 43.73110 14
158.0 43.72628 14
158.1 43.71948 14
158.2 43.71138 14
158.3 43.74863 14
158.4 43.74340 14
158.5 43.73764 14
158.6 43.72985 14
158.7 43.72510 14
158.8 43.71824 14
158.9 43.71006 14
159.0 43.74764 14
159.1 43.74237 14
159.2 43.73505 14
159.3 43.73058 14
159.4 43.72361 14
159.5 43.71561 14
159.6 43.70864 14
159.7 43.74654 14
159.8 43.74108 14
159.9 43.73347 14
160.0 43.72913 14
160.1 43.72209 14
160.2 43.71389 14
160.3 43.75001 14
160.4 43.74523 14
160.5 43.73956 14
160.6 43.73205 14
160.7 43.72723 14
160.8 43.72025 14
160.9 43.71200 14
161.0 43.74904 14
161.1 43.74388 14
161.2 43.73802 14
161.3 43.73024 14
161.4 43.72549 14
161.5 43.71847 14
161.6 43.71019 14
161.7 43.74772 14
161.8 43.74239 14
161.9 43.73499 14
162.0 43.73043 14
162.1 43.72330 14
162.2 43.71536 14
162.3 43.75053 14
162.4 43.74617 14
162.5 43.74056 14
162.6 43.73292 14
162.7 43.72836 14
162.8 43.72112 14
162.9 43.71293 14
163.0 43.74951 14
163.1 43.74440 14
163.2 43.73865 14
163.3 43.73075 14
163.4 43.72595 14
163.5 43.71896 14
163.6 43.71069 14
163.7 43.74794 14
163.8 43.74260 14
163.9 43.73514 14
164.0 43.73058 14
164.1 43.72350 14
164.2 43.71540 14
164.3 43.75051 14
164.4 43.74607 14
164.5 43.74044 14
164.6 43.73277 14
164.7 43.72811 14
164.8 43.72079 14
164.9 43.71237 14
165.0 43.74921 14
165.1 43.74403 14
165.2 43.73803 14
165.3 43.73015 14
165.4 43.72530 14
165.5 43.71818 14
165.6 43.70973 14
165.7 43.74733 14
165.8 43.74189 14
165.9 43.73417 14
166.0 43.72948 14
166.1 43.72225 14
166.2 43.71394 14
166.3 43.74993 14
166.4 43.74493 14
166.5 43.73916 14
166.6 43.73131 14
166.7 43.72640 14
166.8 43.71924 14
166.9 43.71086 14
167.0 43.74805 14
167.1 43.74258 14
167.2 43.73503 14
167.3 43.73036 14
167.4 43.72311 14
167.5 43.71491 14
167.6 43.75026 14
167.7 43.74555 14
167.8 43.73970 14
167.9 43.73201 14
168.0 43.72684 14
168.1 43.71973 14
168.2 43.71128 14
168.3 43.74843 14
168.4 43.74292 14
168.5 43.73656 14
168.6 43.73059 14
168.7 43.72339 14
168.8 43.71519 14
168.9 43.75035 14
169.0 43.74563 14
169.1 43.73972 14
169.2 43.73202 14
169.3 43.72699 14
169.4 43.71972 14
169.5 43.71126 14
169.6 43.74836 14
169.7 43.74276 14
169.8 43.73513 14
169.9 43.73037 14
170.0 43.72311 14
170.1 43.71481 14
170.2 43.75015 14
170.3 43.74522 14
170.4 43.73935 14
170.5 43.73154 14
170.6 43.72632 14
170.7 43.71906 14
170.8 43.71057 14
170.9 43.74778 14
171.0 43.74223 14
171.1 43.73454 14
171.2 43.72957 14
171.3 43.72215 14
171.4 43.71364 14
171.5 43.74971 14
171.6 43.74451 14
171.7 43.73844 14
171.8 43.73032 14
171.9 43.72521 14
172.0 43.71788 14
172.1 43.70930 14
172.2 43.74669 14
172.3 43.74085 14
172.4 43.73301 14
172.5 43.72818 14
172.6 43.72064 14
172.7 43.71201 14
172.8 43.74882 14
172.9 43.74326 14
173.0 43.73685 14
173.1 43.73071 14
173.2 43.72335 14
173.3 43.71496 14
173.4 43.75014 14
173.5 43.74512 14
173.6 43.73914 14
173.7 43.73109 14
173.8 43.72588 14
173.9 43.71851 14
174.0 43.70986 14
174.1 43.74715 14
174.2 43.74156 14
174.3 43.73348 14
174.4 43.72857 14
174.5 43.72081 14
174.6 43.71208 14
174.7 43.74886 14
174.8 43.74330 14
174.9 43.73680 14
175.0 43.73051 14
175.1 43.72311 14
175.2 43.71458 14
175.3 43.75000 14
175.4 43.74489 14
175.5 43.73879 14
175.6 43.73052 14
175.7 43.72530 14
175.8 43.71779 14
175.9 43.70910 14
176.0 43.74646 14
176.1 43.74043 14
176.2 43.73239 14
176.3 43.72717 14
176.4 43.71968 14
176.5 43.71108 14
176.6 43.74799 14
176.7 43.74219 14
176.8 43.73430 14
176.9 43.72919 14
177.0 43.72160 14
177.1 43.71279 14
177.2 43.74914 14
177.3 43.74354 14
177.4 43.73711 14
177.5 43.73073 14
177.6 43.72317 14
177.7 43.71454 14
177.8 43.74992 14
177.9 43.74466 14
178.0 43.73856 14
178.1 43.73024 14
178.2 43.72476 14
178.3 43.71722 14
178.4 43.75059 14
178.5 43.74584 14
178.6 43.73968 14
178.7 43.73161 14
178.8 43.72609 14
178.9 43.71853 14
179.0 43.70968 14
179.1 43.74688 14
179.2 43.74073 14
179.3 43.73263 14
179.4 43.72724 14
179.5 43.71965 14
179.6 43.71094 14
179.7 43.74782 14
179.8 43.74195 14
179.9 43.73377 14
180.0 43.72861 14
180.1 43.72072 14
180.2 43.71186 14
180.3 43.74855 14
180.4 43.74260 14
180.5 43.73459 14
180.6 43.72938 14
180.7 43.72171 14
180.8 43.71283 14
180.9 43.74900 14
181.0 43.74325 14
181.1 43.73658 14
181.2 43.73010 14
181.3 43.72243 14
181.4 43.71353 14
181.5 43.74941 14
181.6 43.74377 14
181.7 43.73726 14
181.8 43.73069 14
181.9 43.72302 14
182.0 43.71426 14
182.1 43.74966 14
182.2 43.74418 14
182.3 43.73771 14
182.4 43.73027 14
182.5 43.72336 14
182.6 43.71465 14
182.7 43.74984 14
182.8 43.74443 14
182.9 43.73812 14
183.0 43.72952 14
183.1 43.72371 14
183.2 43.71493 14
183.3 43.74995 14
183.4 43.74459 14
183.5 43.73823 14
183.6 43.72963 14
183.7 43.72389 14
183.8 43.71503 14
183.9 43.75004 14
184.0 43.74470 14
184.1 43.73823 14
184.2 43.72962 14
184.3 43.72388 14
184.4 43.71501 14
184.5 43.75002 14
184.6 43.74457 14
184.7 43.73813 14
184.8 43.72951 14
184.9 43.72367 14
185.0 43.71487 14
185.1 43.74987 14
185.2 43.74440 14
185.3 43.73792 14
185.4 43.73043 14
185.5 43.72330 14
185.6 43.71455 14
185.7 43.74969 14
185.8 43.74412 14
185.9 43.73747 14
186.0 43.73073 14
186.1 43.72293 14
186.2 43.71398 14
186.3 43.74943 14
186.4 43.74368 14
186.5 43.73698 14
186.6 43.73013 14
186.7 43.72231 14
186.8 43.71320 14
186.9 43.74906 14
187.0 43.74309 14
187.1 43.73498 14
187.2 43.72946 14
187.3 43.72146 14
187.4 43.71224 14
187.5 43.74855 14
187.6 43.74240 14
187.7 43.73421 14
187.8 43.72867 14
187.9 43.72046 14
188.0 43.71116 14
188.1 43.74788 14
188.2 43.74171 14
188.3 43.73308 14
188.4 43.72763 14
188.5 43.71927 14
188.6 43.71009 14
188.7 43.74689 14
188.8 43.74044 14
188.9 43.73186 14
189.0 43.72601 14
189.1 43.71803 14
189.2 43.70876 14
189.3 43.74577 14
189.4 43.73922 14
189.5 43.73053 14
189.6 43.72457 14
189.7 43.71539 14
189.8 43.75011 14
189.9 43.74464 14
190.0 43.73796 14
190.1 43.73109 14
190.2 43.72293 14
190.3 43.71371 14
190.4 43.74933 14
190.5 43.74331 14
190.6 43.73499 14
190.7 43.72928 14
190.8 43.72103 14
190.9 43.71181 14
191.0 43.74820 14
191.1 43.74191 14
191.2 43.73326 14
191.3 43.72764 14
191.4 43.71924 14
191.5 43.71002 14
191.6 43.74662 14
191.7 43.73995 14
191.8 43.73135 14
191.9 43.72535 14
192.0 43.71720 14
192.1 43.75036 14
192.2 43.74479 14
192.3 43.73810 14
192.4 43.73018 14
192.5 43.72301 14
192.6 43.71369 14
192.7 43.74917 14
192.8 43.74301 14
192.9 43.73457 14
193.0 43.72891 14
193.1 43.72062 14
193.2 43.71112 14
193.3 43.74757 14
193.4 43.74112 14
193.5 43.73217 14
193.6 43.72643 14
193.7 43.71815 14
193.8 43.75070 14
193.9 43.74539 14
194.0 43.73859 14
194.1 43.72980 14
194.2 43.72355 14
194.3 43.71416 14
194.4 43.74931 14
194.5 43.74318 14
194.6 43.73474 14
194.7 43.72899 14
194.8 43.72054 14
194.9 43.71094 14
195.0 43.74738 14
195.1 43.74073 14
195.2 43.73187 14
195.3 43.72585 14
195.4 43.71731 14
195.5 43.75038 14
195.6 43.74473 14
195.7 43.73799 14
195.8 43.73102 14
195.9 43.72245 14
196.0 43.71293 14
196.1 43.74867 14
196.2 43.74224 14
196.3 43.73374 14
196.4 43.72768 14
196.5 43.71900 14
196.6 43.70936 14
196.7 43.74602 14
196.8 43.73916 14
196.9 43.73030 14
197.0 43.72379 14
197.1 43.71432 14
197.2 43.74934 14
197.3 43.74319 14
197.4 43.73471 14
197.5 43.72865 14
197.6 43.72003 14
197.7 43.71023 14
197.8 43.74679 14
197.9 43.73996 14
198.0 43.73108 14
198.1 43.72448 14
198.2 43.71497 14
198.3 43.74962 14
198.4 43.74370 14
198.5 43.73651 14
198.6 43.72897 14
198.7 43.72038 14
198.8 43.71072 14
198.9 43.74707 14
199.0 43.74028 14
199.1 43.73116 14
199.2 43.72470 14
199.3 43.71501 14
199.4 43.74964 14
199.5 43.74370 14
199.6 43.73506 14
199.7 43.72881 14
199.8 43.72014 14
199.9 43.71038 14
200.0 43.74681 14
200.1 43.73996 14
200.2 43.73060 14
200.3 43.72407 14
200.4 43.71453 14
200.5 43.74939 14
200.6 43.74333 14
200.7 43.73427 14
200.8 43.72818 14
200.9 43.71938 14
201.0 43.70957 14
201.1 43.74612 14
201.2 43.73899 14
201.3 43.72969 14
201.4 43.72292 14
201.5 43.71317 14
201.6 43.74876 14
201.7 43.74227 14
201.8 43.73304 14
201.9 43.72654 14
202.0 43.71791 14
202.1 43.75049 14
202.2 43.74481 14
202.3 43.73759 14
202.4 43.72979 14
202.5 43.72121 14
202.6 43.71132 14
202.7 43.74762 14
202.8 43.74056 14
202.9 43.73108 14
203.0 43.72439 14
203.1 43.71472 14
203.2 43.74947 14
203.3 43.74340 14
203.4 43.73402 14
203.5 43.72774 14
203.6 43.71886 14
203.7 43.70909 14
203.8 43.74556 14
203.9 43.73814 14
204.0 43.73043 14
204.1 43.72172 14
204.2 43.71192 14
204.3 43.74792 14
204.4 43.74075 14
204.5 43.73118 14
204.6 43.72462 14
204.7 43.71483 14
204.8 43.74948 14
204.9 43.74338 14
205.0 43.73377 14
205.1 43.72742 14
205.2 43.71852 14
205.3 43.75073 14
205.4 43.74528 14
205.5 43.73738 14
205.6 43.72964 14
205.7 43.72080 14
205.8 43.71099 14
205.9 43.74728 14
206.0 43.74028 14
206.1 43.73006 14
206.2 43.72328 14
206.3 43.71338 14
206.4 43.74883 14
206.5 43.74223 14
206.6 43.73210 14
206.7 43.72554 14
206.8 43.71558 14
206.9 43.74990 14
207.0 43.74392 14
207.1 43.73411 14
207.2 43.72789 14
207.3 43.71881 14
207.4 43.70888 14
207.5 43.74540 14
207.6 43.73837 14
207.7 43.72941 14
207.8 43.72059 14
207.9 43.71074 14
208.0 43.74696 14
208.1 43.73986 14
208.2 43.72979 14
208.3 43.72237 14
208.4 43.71255 14
208.5 43.74824 14
208.6 43.74156 14
208.7 43.73091 14
208.8 43.72401 14
208.9 43.71430 14
209.0 43.74916 14
209.1 43.74261 14
209.2 43.73392 14
209.3 43.72557 14
209.4 43.71555 14
209.5 43.74982 14
209.6 43.74381 14
209.7 43.73641 14
209.8 43.72717 14
209.9 43.71817 14
210.0 43.75049 14
210.1 43.74464 14
210.2 43.73763 14
210.3 43.73018 14
210.4 43.71928 14
210.5 43.70921 14
210.6 43.74554 14
210.7 43.73847 14
210.8 43.72974 14
210.9 43.72025 14
211.0 43.71020 14
211.1 43.74646 14
211.2 43.73926 14
211.3 43.73014 14
211.4 43.72113 14
211.5 43.71100 14
211.6 43.74719 14
211.7 43.74007 14
211.8 43.73099 14
211.9 43.72458 14
212.0 43.71184 14
212.1 43.74771 14
212.2 43.74093 14
212.3 43.73148 14
212.4 43.72510 14
212.5 43.71251 14
212.6 43.74815 14
212.7 43.74136 14
212.8 43.73202 14
212.9 43.72558 14
213.0 43.71574 14
213.1 43.74844 14
213.2 43.74164 14
213.3 43.73243 14
213.4 43.72610 14
213.5 43.71738 14
213.6 43.74859 14
213.7 43.74182 14
213.8 43.73262 14
213.9 43.72630 14
214.0 43.71761 14
214.1 43.74871 14
214.2 43.74191 14
214.3 43.73285 14
214.4 43.72638 14
214.5 43.71768 14
214.6 43.75034 14
214.7 43.74192 14
214.8 43.73284 14
214.9 43.72636 14
215.0 43.71765 14
215.1 43.75032 14
215.2 43.74183 14
215.3 43.73259 14
215.4 43.72623 14
215.5 43.71746 14
215.6 43.75024 14
215.7 43.74435 14
215.8 43.73238 14
215.9 43.72584 14
216.0 43.71721 14
216.1 43.75008 14
216.2 43.74408 14
216.3 43.73195 14
216.4 43.72542 14
216.5 43.71550 14
216.6 43.74985 14
216.7 43.74377 14
216.8 43.73140 14
216.9 43.72490 14
217.0 43.71496 14
217.1 43.74951 14
217.2 43.74331 14
217.3 43.73456 14
217.4 43.72412 14
217.5 43.71433 14
217.6 43.74917 14
217.7 43.74270 14
217.8 43.73388 14
217.9 43.72330 14
218.0 43.71346 14
218.1 43.74871 14
218.2 43.74201 14
218.3 43.73305 14
218.4 43.72670 14
218.5 43.71240 14
218.6 43.74812 14
218.7 43.74131 14
218.8 43.73196 14
218.9 43.72558 14
219.0 43.71108 14
219.1 43.74728 14
219.2 43.74007 14
219.3 43.73101 14
219.4 43.72457 14
219.5 43.71471 14
219.6 43.74614 14
219.7 43.73899 14
219.8 43.72972 14
219.9 43.72306 14
220.0 43.71326 14
220.1 43.74508 14
220.2 43.73786 14
220.3 43.73041 14
220.4 43.72165 14
220.5 43.71174 14
220.6 43.74384 14
220.7 43.73646 14
220.8 43.72881 14
220.9 43.72008 14
221.0 43.71027 14
221.1 43.74654 14
221.2 43.73365 14
221.3 43.72732 14
221.4 43.71839 14
221.5 43.75066 14
221.6 43.74513 14
221.7 43.73174 14
221.8 43.72535 14
221.9 43.71543 14
222.0 43.74978 14
222.1 43.74367 14
222.2 43.73637 14
222.3 43.72333 14
222.4 43.71359 14
222.5 43.74877 14
222.6 43.74211 14
222.7 43.73319 14
222.8 43.72125 14
222.9 43.71120 14
223.0 43.74740 14
223.1 43.74032 14
223.2 43.73119 14
223.3 43.72472 14
223.4 43.70907 14
223.5 43.74546 14
223.6 43.73835 14
223.7 43.73109 14
223.8 43.72237 14
223.9 43.74981 14
224.0 43.74368 14
224.1 43.73633 14
224.2 43.72872 14
224.3 43.71998 14
224.4 43.71022 14
224.5 43.74177 14
224.6 43.73265 14
224.7 43.72619 14
224.8 43.71752 14
224.9 43.75023 14
225.0 43.73938 14
225.1 43.73012 14
225.2 43.72358 14
225.3 43.71376 14
225.4 43.74892 14
225.5 43.73705 14
225.6 43.72946 14
225.7 43.72081 14
225.8 43.71081 14
225.9 43.74705 14
226.0 43.73995 14
226.1 43.72691 14
226.2 43.71800 14
226.3 43.75045 14
226.4 43.74468 14
226.5 43.73751 14
226.6 43.72365 14
226.7 43.71384 14
226.8 43.74891 14
226.9 43.74227 14
227.0 43.73346 14
227.1 43.72723 14
227.2 43.71054 14
227.3 43.74667 14
227.4 43.73959 14
227.5 43.73036 14
227.6 43.72394 14
227.7 43.75006 14
227.8 43.74405 14
227.9 43.73678 14
228.0 43.72926 14
228.1 43.72041 14
228.2 43.71063 14
228.3 43.74150 14
228.4 43.73231 14
228.5 43.72588 14
228.6 43.71720 14
228.7 43.75006 14
228.8 43.73833 14
228.9 43.73101 14
229.0 43.72229 14
229.1 43.71238 14
229.2 43.74816 14
229.3 43.74144 14
229.4 43.72764 14
229.5 43.71863 14
229.6 43.70879 14
229.7 43.74528 14
229.8 43.73812 14
229.9 43.72365 14
230.0 43.71383 14
230.1 43.74889 14
230.2 43.74234 14
230.3 43.73347 14
230.4 43.72722 14
230.5 43.70979 14
230.6 43.74606 14
230.7 43.73890 14
230.8 43.72962 14
230.9 43.72319 14
231.0 43.74933 14
231.1 43.74292 14
231.2 43.73408 14
231.3 43.72794 14
231.4 43.71903 14
231.5 43.70921 14
231.6 43.73937 14
231.7 43.73008 14
231.8 43.72366 14
231.9 43.71386 14
232.0 43.74896 14
232.1 43.74246 14
232.2 43.72817 14
232.3 43.71935 14
232.4 43.70946 14
232.5 43.74584 14
232.6 43.73865 14
232.7 43.72370 14
232.8 43.71387 14
232.9 43.74895 14
233.0 43.74242 14
233.1 43.73354 14
233.2 43.72725 14
233.3 43.70920 14
233.4 43.74568 14
233.5 43.73845 14
233.6 43.73102 14
233.7 43.72253 14
233.8 43.74868 14
233.9 43.74199 14
234.0 43.73305 14
234.1 43.72680 14
234.2 43.71796 14
234.3 43.75051 14
234.4 43.73792 14
234.5 43.73047 14
234.6 43.72176 14
234.7 43.71190 14
234.8 43.74784 14
234.9 43.73213 14
235.0 43.72556 14
235.1 43.71580 14
235.2 43.74998 14
235.3 43.74393 14
235.4 43.73667 14
235.5 43.72066 14
235.6 43.71062 14
235.7 43.74693 14
235.8 43.73990 14
235.9 43.73082 14
236.0 43.71455 14
236.1 43.74927 14
236.2 43.74285 14
236.3 43.73401 14
236.4 43.72787 14
236.5 43.71897 14
236.6 43.74566 14
236.7 43.73840 14
236.8 43.73109 14
236.9 43.72245 14
237.0 43.71261 14
237.1 43.74830 14
237.2 43.73221 14
237.3 43.72582 14
237.4 43.71720 14
237.5 43.75011 14
237.6 43.74415 14
237.7 43.72909 14
237.8 43.72019 14
237.9 43.71036 14
238.0 43.74670 14
238.1 43.73969 14
238.2 43.73061 14
238.3 43.71378 14
238.4 43.74890 14
238.5 43.74228 14
238.6 43.73344 14
238.7 43.72714 14
238.8 43.75043 14
238.9 43.74467 14
239.0 43.73744 14
239.1 43.72996 14
239.2 43.72128 14
239.3 43.71137 14
239.4 43.73998 14
239.5 43.73081 14
239.6 43.72424 14
239.7 43.71450 14
239.8 43.74927 14
239.9 43.74289 14
240.0 43.72708 14
240.1 43.71822 14
240.2 43.75062 14
240.3 43.74507 14
240.4 43.73788 14
240.5 43.72096 14
240.6 43.71094 14
240.7 43.74718 14
240.8 43.74014 14
240.9 43.73102 14
241.0 43.72451 14
241.1 43.74890 14
241.2 43.74228 14
241.3 43.73344 14
241.4 43.72713 14
241.5 43.71830 14
241.6 43.75071 14
241.7 43.73690 14
241.8 43.72945 14
241.9 43.72079 14
242.0 43.71084 14
242.1 43.74713 14
242.2 43.72971 14
242.3 43.72319 14
242.4 43.71334 14
242.5 43.74863 14
242.6 43.74196 14
242.7 43.73313 14
242.8 43.71555 14
242.9 43.74981 14
243.0 43.74372 14
243.1 43.73644 14
243.2 43.72898 14
243.3 43.72016 14
243.4 43.74551 14
243.5 43.73825 14
243.6 43.73095 14
243.7 43.72234 14
243.8 43.71245 14
243.9 43.74006 14
244.0 43.73084 14
244.1 43.72430 14
244.2 43.71458 14
244.3 43.74932 14
244.4 43.74298 14
244.5 43.72613 14
244.6 43.71758 14
244.7 43.75032 14
244.8 43.74454 14
244.9 43.73734 14
245.0 43.72990 14
245.1 43.70954 14
245.2 43.74596 14
245.3 43.73881 14
245.4 43.72948 14
245.5 43.72299 14
245.6 43.74725 14
245.7 43.74030 14
245.8 43.73105 14
245.9 43.72454 14
246.0 43.71484 14
246.1 43.74949 14
246.2 43.73250 14
246.3 43.72610 14
246.4 43.71756 14
246.5 43.75032 14
246.6 43.74450 14
246.7 43.73732 14
246.8 43.71901 14
246.9 43.70920 14
247.0 43.74567 14
247.1 43.73848 14
247.2 43.73034 14
247.3 43.71044 14
247.4 43.74677 14
247.5 43.73973 14
247.6 43.73053 14
247.7 43.72401 14
247.8 43.71433 14
247.9 43.74086 14
248.0 43.73160 14
248.1 43.72521 14
248.2 43.71544 14
248.3 43.74979 14
248.4 43.74375 14
248.5 43.72648 14
248.6 43.71774 14
248.7 43.75042 14
248.8 43.74471 14
248.9 43.73751 14
249.0 43.73012 14
249.1 43.70905 14
249.2 43.74556 14
249.3 43.73836 14
249.4 43.73105 14
249.5 43.72241 14
249.6 43.74637 14
249.7 43.73920 14
249.8 43.72991 14
249.9 43.72340 14
250.0 43.71367 14
