15.0 1.58260 13
15.1 1.59490 13
15.2 1.60723 13
15.3 1.61921 13
15.4 1.63160 13
15.5 1.64404 13
15.6 1.65609 13
15.7 1.66859 13
15.8 1.68069 13
15.9 1.77638 13
16.0 1.78658 13
16.1 1.79697 13
16.2 1.80721 13
16.3 1.81827 13
16.4 1.82809 13
16.5 1.84044 13
16.6 1.85180 13
16.7 1.86368 13
16.8 1.87525 13
16.9 1.88771 13
17.0 1.90037 13
17.1 1.91276 13
17.2 1.92607 13
17.3 1.93890 13
17.4 1.95279 13
17.5 1.96614 13
17.6 1.98063 13
17.7 1.99456 13
17.8 2.00867 13
17.9 2.02404 13
18.0 2.03868 13
18.1 2.05364 13
18.2 2.06879 13
18.3 2.08426 13
18.4 2.09991 13
18.5 2.11584 13
18.6 2.13203 13
18.7 2.14846 13
18.8 2.16511 13
18.9 2.18223 13
19.0 2.19943 13
19.1 2.21692 13
19.2 2.23463 13
19.3 2.25263 13
19.4 2.27086 13
19.5 2.28774 13
19.6 2.30663 13
19.7 2.32557 13
19.8 2.34481 13
19.9 2.36250 13
20.0 2.38218 13
20.1 2.40230 13
20.2 2.42062 13
20.3 2.44111 13
20.4 2.46177 13
20.5 2.48630 13
20.6 2.48893 14
20.7 2.52434 14
20.8 2.56444 14
20.9 2.60544 14
21.0 2.64305 14
21.1 2.68568 14
21.2 2.72420 14
21.3 2.76841 14
21.4 2.80859 14
21.5 2.85448 14
21.6 2.89543 14
21.7 2.70280 14
21.8 2.70544 14
21.9 2.70798 14
22.0 2.71114 14
22.1 2.71397 14
22.2 2.71743 14
22.3 2.72065 14
22.4 2.72483 14
22.5 2.72921 14
22.6 2.73333 14
22.7 2.73765 14
22.8 2.74291 14
22.9 2.74767 14
23.0 2.75266 14
23.1 2.75878 14
23.2 2.76432 14
23.3 2.77017 14
23.4 2.77744 14
23.5 2.78408 14
23.6 2.79116 14
23.7 2.79876 14
23.8 2.80858 14
23.9 2.81774 14
24.0 2.82787 14
24.1 2.83921 14
24.2 2.85004 14
24.3 2.85855 14
24.4 2.80748 14
24.5 2.80980 14
24.6 2.81307 14
24.7 2.81622 14
24.8 2.81976 14
24.9 2.89653 14
25.0 2.87969 14
25.1 2.86335 14
25.2 2.86463 14
25.3 2.87409 14
25.4 2.89374 14
25.5 2.90449 14
25.6 2.90972 14
25.7 2.91253 14
25.8 2.91348 14
25.9 2.91399 14
26.0 2.91435 14
26.1 2.91466 14
26.2 2.91500 14
26.3 2.91530 14
26.4 2.91659 14
26.5 2.92217 14
26.6 2.92787 14
26.7 2.93374 14
26.8 2.93978 14
26.9 2.94604 14
27.0 2.95307 14
27.1 2.96045 14
27.2 2.96806 14
27.3 2.97818 14
27.4 2.98657 14
27.5 2.99543 14
27.6 3.00487 14
27.7 3.01505 14
27.8 3.02620 14
27.9 3.03861 14
28.0 3.05271 14
28.1 3.06908 14
28.2 3.02613 14
28.3 3.02874 14
28.4 3.03189 14
28.5 3.03560 14
28.6 3.12098 14
28.7 3.10014 14
28.8 3.08197 14
28.9 3.08374 14
29.0 3.09760 14
29.1 3.12027 14
29.2 3.12827 14
29.3 3.13146 14
29.4 3.13244 14
29.5 3.13265 14
29.6 3.13261 14
29.7 3.13250 14
29.8 3.13237 14
29.9 3.13223 14
30.0 3.13463 14
30.1 3.14069 14
30.2 3.14690 14
30.3 3.15330 14
30.4 3.15994 14
30.5 3.16755 14
30.6 3.17548 14
30.7 3.18368 14
30.8 3.19221 14
30.9 3.20115 14
31.0 3.21062 14
31.1 3.22076 14
31.2 3.23178 14
31.3 3.24396 14
31.4 3.25768 14
31.5 3.27352 14
31.6 3.29227 14
31.7 3.24122 14
31.8 3.24559 14
31.9 3.24942 14
32.0 3.33949 14
32.1 3.31519 14
32.2 3.29561 14
32.3 3.29783 14
32.4 3.31362 14
32.5 3.33744 14
32.6 3.34494 14
32.7 3.34672 14
32.8 3.34776 14
32.9 3.34764 14
33.0 3.34717 14
33.1 3.34659 14
33.2 3.34596 14
33.3 3.34527 14
33.4 3.34581 14
33.5 3.35181 14
33.6 3.35795 14
33.7 3.36427 14
33.8 3.37082 14
33.9 3.37846 14
34.0 3.38633 14
34.1 3.39446 14
34.2 3.40290 14
34.3 3.41176 14
34.4 3.42113 14
34.5 3.43117 14
34.6 3.44209 14
34.7 3.45417 14
34.8 3.53418 14
34.9 3.54978 14
35.0 3.56829 14
35.1 3.45017 14
35.2 3.45275 14
35.3 3.52240 14
35.4 3.52615 14
35.5 3.60656 14
35.6 3.57330 14
35.7 3.56891 14
35.8 3.57892 14
35.9 3.60580 14
36.0 3.61699 14
36.1 3.62053 14
36.2 3.62082 14
36.3 3.62068 14
36.4 3.61968 14
36.5 3.61841 14
36.6 3.61706 14
36.7 3.61568 14
36.8 3.61429 14
36.9 3.61368 14
37.0 3.61621 14
37.1 3.62170 14
37.2 3.62734 14
37.3 3.63316 14
37.4 3.63963 14
37.5 3.64673 14
37.6 3.65404 14
37.7 3.66161 14
37.8 3.66950 14
37.9 3.67780 14
38.0 3.68662 14
38.1 3.69610 14
38.2 3.70645 14
38.3 3.71796 14
38.4 3.73097 14
38.5 3.74601 14
38.6 3.70961 14
38.7 3.71111 14
38.8 3.71316 14
38.9 3.71579 14
39.0 3.71899 14
39.1 3.80545 14
39.2 3.79232 14
39.3 3.76489 14
39.4 3.76240 14
39.5 3.77302 14
39.6 3.80020 14
39.7 3.81126 14
39.8 3.81435 14
39.9 3.81422 14
40.0 3.81286 14
40.1 3.81111 14
40.2 3.80923 14
40.3 3.80732 14
40.4 3.80540 14
40.5 3.80347 14
40.6 3.80480 14
40.7 3.80983 14
40.8 3.81499 14
40.9 3.82032 14
41.0 3.82622 14
41.1 3.83277 14
41.2 3.83418 14
41.3 3.84093 14
41.4 3.84791 14
41.5 3.85518 14
41.6 3.86282 14
41.7 3.87091 14
41.8 3.87958 14
41.9 3.88898 14
42.0 3.89933 14
42.1 3.91092 14
42.2 3.92421 14
42.3 3.93964 14
42.4 3.89523 14
42.5 3.89659 14
42.6 3.89849 14
42.7 3.90091 14
42.8 4.00540 14
42.9 3.97927 14
43.0 3.97322 14
43.1 3.94878 14
43.2 3.94622 14
43.3 3.95575 14
43.4 3.98028 14
43.5 3.99569 14
43.6 3.99919 14
43.7 3.99914 14
43.8 3.99760 14
43.9 3.99554 14
44.0 3.99331 14
44.1 3.99103 14
44.2 3.98873 14
44.3 3.98643 14
44.4 3.98415 14
44.5 3.98679 14
44.6 3.99140 14
44.7 3.99616 14
44.8 3.99632 14
44.9 4.00122 14
45.0 4.00684 14
45.1 4.01285 14
45.2 4.01902 14
45.3 4.02541 14
45.4 4.03203 14
45.5 4.03896 14
45.6 4.04626 14
45.7 4.05404 14
45.8 4.06239 14
45.9 4.07148 14
46.0 4.08152 14
46.1 4.09277 14
46.2 4.10560 14
46.3 4.12052 14
46.4 4.11973 14
46.5 4.07322 14
46.6 4.07432 14
46.7 4.07588 14
46.8 4.07793 14
46.9 4.08041 14
47.0 4.16784 14
47.1 4.13156 14
47.2 4.12282 14
47.3 4.12679 14
47.4 4.14168 14
47.5 4.16964 14
47.6 4.17616 14
47.7 4.17789 14
47.8 4.17701 14
47.9 4.17497 14
48.0 4.17261 14
48.1 4.17296 14
48.2 4.17048 14
48.3 4.16796 14
48.4 4.16543 14
48.5 4.16289 14
48.6 4.16037 14
48.7 4.15923 14
48.8 4.16336 14
48.9 4.16760 14
49.0 4.17197 14
49.1 4.17651 14
49.2 4.18192 14
49.3 4.18745 14
49.4 4.19314 14
49.5 4.19900 14
49.6 4.20508 14
49.7 4.20365 14
49.8 4.20989 14
49.9 4.21642 14
50.0 4.22333 14
50.1 4.23069 14
50.2 4.23861 14
50.3 4.24726 14
50.4 4.25677 14
50.5 4.26739 14
50.6 4.27945 14
50.7 4.24528 14
50.8 4.24573 14
50.9 4.24660 14
51.0 4.24789 14
51.1 4.24960 14
51.2 4.25173 14
51.3 4.35153 14
51.4 4.35737 14
51.5 4.32183 14
51.6 4.29931 14
51.7 4.29480 14
51.8 4.30025 14
51.9 4.31562 14
52.0 4.34346 14
52.1 4.34955 14
52.2 4.35128 14
52.3 4.35047 14
52.4 4.34850 14
52.5 4.34599 14
52.6 4.34339 14
52.7 4.34072 14
52.8 4.33804 14
52.9 4.33536 14
53.0 4.33652 14
53.1 4.33386 14
53.2 4.33120 14
53.3 4.32856 14
53.4 4.33222 14
53.5 4.33602 14
53.6 4.33992 14
53.7 4.34394 14
53.8 4.34859 14
53.9 4.35354 14
54.0 4.35861 14
54.1 4.36382 14
54.2 4.36919 14
54.3 4.37475 14
54.4 4.38053 14
54.5 4.38659 14
54.6 4.39298 14
54.7 4.38949 14
54.8 4.39600 14
54.9 4.40298 14
55.0 4.41046 14
55.1 4.41859 14
55.2 4.42753 14
55.3 4.43747 14
55.4 4.44868 14
55.5 4.41371 14
55.6 4.41400 14
55.7 4.41465 14
55.8 4.41567 14
55.9 4.41706 14
56.0 4.41876 14
56.1 4.52943 14
56.2 4.49543 14
56.3 4.47013 14
56.4 4.48354 14
56.5 4.46626 14
56.6 4.46278 14
56.7 4.46768 14
56.8 4.48092 14
56.9 4.50716 14
57.0 4.51800 14
57.1 4.52059 14
57.2 4.52033 14
57.3 4.51867 14
57.4 4.51632 14
57.5 4.51378 14
57.6 4.51106 14
57.7 4.50834 14
57.8 4.50561 14
57.9 4.50389 14
58.0 4.50113 14
58.1 4.50323 14
58.2 4.50056 14
58.3 4.49787 14
58.4 4.49519 14
58.5 4.49801 14
58.6 4.50142 14
58.7 4.50491 14
58.8 4.50850 14
58.9 4.51248 14
59.0 4.51690 14
59.1 4.51774 14
59.2 4.50598 14
59.3 4.51207 14
59.4 4.51796 14
59.5 4.52542 14
59.6 4.53342 14
59.7 4.54186 14
59.8 4.53389 14
59.9 4.54231 14
60.0 4.55109 14
60.1 4.55865 14
60.2 4.56792 14
60.3 4.57585 14
60.4 4.59744 14
60.5 4.60215 14
60.6 4.60702 14
60.7 4.68140 14
60.8 4.65615 14
60.9 4.67698 14
61.0 4.70636 14
61.1 4.69519 14
61.2 4.68088 14
61.3 4.66778 14
61.4 4.66022 14
61.5 4.66635 14
61.6 4.66024 14
61.7 4.66622 14
61.8 4.67371 14
61.9 4.68009 14
62.0 4.68765 14
62.1 4.69511 14
62.2 4.70180 14
62.3 4.72373 14
62.4 4.72356 14
62.5 4.80042 14
62.6 4.76503 14
62.7 4.79961 14
62.8 4.82193 14
62.9 4.81455 14
63.0 4.80520 14
63.1 4.79529 14
63.2 4.78633 14
63.3 4.78142 14
63.4 4.78767 14
63.5 4.78049 14
63.6 4.78587 14
63.7 4.79304 14
63.8 4.80068 14
63.9 4.80832 14
64.0 4.81614 14
64.1 4.82395 14
64.2 4.83185 14
64.3 4.83871 14
64.4 4.84666 14
64.5 4.85476 14
64.6 4.87556 14
64.7 4.87963 14
64.8 5.01852 14
64.9 4.96436 14
65.0 4.93973 14
65.1 4.94988 14
65.2 4.94255 14
65.3 4.94433 14
65.4 4.97175 14
65.5 5.01180 14
65.6 5.01776 14
65.7 5.01738 14
65.8 5.01568 14
65.9 5.01302 14
66.0 5.01069 14
66.1 5.00791 14
66.2 5.00566 14
66.3 5.00749 14
66.4 5.01585 14
66.5 5.02555 14
66.6 5.03557 14
66.7 5.04553 14
66.8 5.05556 14
66.9 5.06552 14
67.0 5.07554 14
67.1 5.06098 14
67.2 5.07092 14
67.3 5.08087 14
67.4 5.09073 14
67.5 5.10067 14
67.6 5.11055 14
67.7 5.12050 14
67.8 5.14588 14
67.9 5.15069 14
68.0 5.15630 14
68.1 5.29092 14
68.2 5.22422 14
68.3 5.21798 14
68.4 5.23629 14
68.5 5.28779 14
68.6 5.29906 14
68.7 5.30111 14
68.8 5.29933 14
68.9 5.29706 14
69.0 5.30083 14
69.1 5.29853 14
69.2 5.29620 14
69.3 5.29318 14
69.4 5.29067 14
69.5 5.28761 14
69.6 5.28505 14
69.7 5.29090 14
69.8 5.29908 14
69.9 5.30892 14
70.0 5.31866 14
70.1 5.32850 14
70.2 5.33826 14
70.3 5.34809 14
70.4 5.35785 14
70.5 5.36768 14
70.6 5.37743 14
70.7 5.38726 14
70.8 5.39709 14
70.9 5.40683 14
71.0 5.38939 14
71.1 5.39905 14
71.2 5.40879 14
71.3 5.43451 14
71.4 5.43882 14
71.5 5.44442 14
71.6 5.59605 14
71.7 5.52724 14
71.8 5.50938 14
71.9 5.51909 14
72.0 5.55139 14
72.1 5.59409 14
72.2 5.60019 14
72.3 5.59997 14
72.4 5.59805 14
72.5 5.59494 14
72.6 5.59221 14
72.7 5.58888 14
72.8 5.58609 14
72.9 5.58331 14
73.0 5.58877 14
73.1 5.58601 14
73.2 5.58325 14
73.3 5.58283 14
73.4 5.59099 14
73.5 5.59944 14
73.6 5.60904 14
73.7 5.61865 14
73.8 5.62817 14
73.9 5.63776 14
74.0 5.64728 14
74.1 5.65687 14
74.2 5.66638 14
74.3 5.67597 14
74.4 5.68555 14
74.5 5.69505 14
74.6 5.70463 14
74.7 5.71413 14
74.8 5.73940 14
74.9 5.74374 14
75.0 5.74919 14
75.1 5.72222 14
75.2 5.74318 14
75.3 5.74819 14
75.4 5.92149 14
75.5 5.85642 14
75.6 5.82202 14
75.7 5.82109 14
75.8 5.83976 14
75.9 5.88464 14
76.0 5.91279 14
76.1 5.91666 14
76.2 5.91559 14
76.3 5.91333 14
76.4 5.91054 14
76.5 5.90703 14
76.6 5.90404 14
76.7 5.90047 14
76.8 5.89747 14
76.9 5.89442 14
77.0 5.90005 14
77.1 5.90811 14
77.2 5.89548 14
77.3 5.89712 14
77.4 5.90509 14
77.5 5.91337 14
77.6 5.92260 14
77.7 5.93193 14
77.8 5.94116 14
77.9 5.95047 14
78.0 5.95978 14
78.1 5.96900 14
78.2 5.97830 14
78.3 5.98760 14
78.4 5.99681 14
78.5 6.00610 14
78.6 6.01530 14
78.7 6.02458 14
78.8 6.03385 14
78.9 6.04304 14
79.0 6.06400 14
79.1 6.06880 14
79.2 6.07460 14
79.3 6.21079 14
79.4 6.15442 14
79.5 6.07115 14
79.6 6.25237 14
79.7 6.18028 14
79.8 6.14744 14
79.9 6.14630 14
80.0 6.16283 14
80.1 6.20107 14
80.2 6.24323 14
80.3 6.24893 14
80.4 6.24941 14
80.5 6.24753 14
80.6 6.24422 14
80.7 6.24116 14
80.8 6.23743 14
80.9 6.23425 14
81.0 6.23106 14
81.1 6.22730 14
81.2 6.22413 14
81.3 6.22844 14
81.4 6.23616 14
81.5 6.24425 14
81.6 6.25324 14
81.7 6.26232 14
81.8 6.23762 14
81.9 6.24585 14
82.0 6.25475 14
82.1 6.26374 14
82.2 6.27272 14
82.3 6.28161 14
82.4 6.29084 14
82.5 6.30007 14
82.6 6.30921 14
82.7 6.31845 14
82.8 6.32760 14
82.9 6.33684 14
83.0 6.34608 14
83.1 6.35523 14
83.2 6.36448 14
83.3 6.37372 14
83.4 6.38288 14
83.5 6.40484 14
83.6 6.40972 14
83.7 6.41503 14
83.8 6.61197 14
83.9 6.52645 14
84.0 6.49676 14
84.1 6.41473 14
84.2 6.61368 14
84.3 6.53049 14
84.4 6.49780 14
84.5 6.49515 14
84.6 6.50869 14
84.7 6.54137 14
84.8 6.60093 14
84.9 6.61013 14
85.0 6.61224 14
85.1 6.61116 14
85.2 6.60796 14
85.3 6.60477 14
85.4 6.60136 14
85.5 6.59727 14
85.6 6.59377 14
85.7 6.59027 14
85.8 6.58616 14
85.9 6.58267 14
86.0 6.58304 14
86.1 6.59088 14
86.2 6.59887 14
86.3 6.60747 14
86.4 6.61654 14
86.5 6.62570 14
86.6 6.59628 14
86.7 6.60439 14
86.8 6.61346 14
86.9 6.62243 14
87.0 6.63150 14
87.1 6.64057 14
87.2 6.64954 14
87.3 6.65861 14
87.4 6.66768 14
87.5 6.67666 14
87.6 6.68573 14
87.7 6.69480 14
87.8 6.70379 14
87.9 6.71287 14
88.0 6.72194 14
88.1 6.73092 14
88.2 6.74000 14
88.3 6.74909 14
88.4 6.75807 14
88.5 6.77858 14
88.6 6.78350 14
88.7 6.78882 14
88.8 7.00591 14
88.9 6.91377 14
89.0 6.87929 14
89.1 6.78538 14
89.2 7.01530 14
89.3 6.96341 14
89.4 6.89502 14
89.5 6.87537 14
89.6 6.87634 14
89.7 6.89149 14
89.8 6.92450 14
89.9 6.98635 14
90.0 7.00114 14
90.1 7.00424 14
90.2 7.00373 14
90.3 7.00135 14
90.4 6.99753 14
90.5 6.99399 14
90.6 6.99034 14
90.7 6.98600 14
90.8 6.98227 14
90.9 6.97855 14
91.0 6.97420 14
91.1 6.97049 14
91.2 6.96783 14
91.3 6.97560 14
91.4 6.98350 14
91.5 6.99141 14
91.6 7.00027 14
91.7 7.00915 14
91.8 6.97626 14
91.9 6.98408 14
92.0 6.99190 14
92.1 7.00071 14
92.2 7.00949 14
92.3 7.01836 14
92.4 7.02723 14
92.5 7.03602 14
92.6 7.04489 14
92.7 7.05377 14
92.8 7.06255 14
92.9 7.07143 14
93.0 7.08031 14
93.1 7.08909 14
93.2 7.09797 14
93.3 7.10684 14
93.4 7.11572 14
93.5 7.12450 14
93.6 7.13339 14
93.7 7.14227 14
93.8 7.15106 14
93.9 7.15994 14
94.0 7.18017 14
94.1 7.18468 14
94.2 7.19004 14
94.3 7.43649 14
94.4 7.35672 14
94.5 7.17914 14
94.6 7.18370 14
94.7 7.18858 14
94.8 7.43974 14
94.9 7.38430 14
95.0 7.31172 14
95.1 7.28751 14
95.2 7.28426 14
95.3 7.29441 14
95.4 7.31849 14
95.5 7.36164 14
95.6 7.41819 14
95.7 7.42556 14
95.8 7.42769 14
95.9 7.42667 14
96.0 7.42343 14
96.1 7.42005 14
96.2 7.41635 14
96.3 7.41252 14
96.4 7.40797 14
96.5 7.40406 14
96.6 7.40015 14
96.7 7.39558 14
96.8 7.39168 14
96.9 7.38779 14
97.0 7.38530 14
97.1 7.39296 14
97.2 7.40076 14
97.3 7.40856 14
97.4 7.39011 14
97.5 7.38627 14
97.6 7.38810 14
97.7 7.39580 14
97.8 7.40351 14
97.9 7.41121 14
98.0 7.41955 14
98.1 7.42822 14
98.2 7.43689 14
98.3 7.44555 14
98.4 7.45411 14
98.5 7.46278 14
98.6 7.47145 14
98.7 7.48001 14
98.8 7.48867 14
98.9 7.49734 14
99.0 7.50601 14
99.1 7.51457 14
99.2 7.52323 14
99.3 7.53190 14
99.4 7.54045 14
99.5 7.54912 14
99.6 7.55779 14
99.7 7.56645 14
99.8 7.57501 14
99.9 7.58367 14
100.0 7.59234 14
100.1 7.60100 14
100.2 7.61725 14
100.3 7.56673 14
100.4 7.57517 14
100.5 7.58372 14
100.6 7.59228 14
100.7 7.60083 14
100.8 7.61710 14
100.9 7.62203 14
101.0 7.62745 14
101.1 7.89077 14
101.2 7.78423 14
101.3 7.74221 14
101.4 7.72759 14
101.5 7.72817 14
101.6 7.74070 14
101.7 7.76521 14
101.8 7.80701 14
101.9 7.87370 14
102.0 7.88214 14
102.1 7.88538 14
102.2 7.88518 14
102.3 7.88240 14
102.4 7.87919 14
102.5 7.87552 14
102.6 7.87161 14
102.7 7.86693 14
102.8 7.86288 14
102.9 7.85880 14
103.0 7.85406 14
103.1 7.84998 14
103.2 7.84593 14
103.3 7.84187 14
103.4 7.86441 14
103.5 7.86040 14
103.6 7.85638 14
103.7 7.85168 14
103.8 7.84768 14
103.9 7.84367 14
104.0 7.83968 14
104.1 7.83503 14
104.2 7.84237 14
104.3 7.84993 14
104.4 7.85748 14
104.5 7.86488 14
104.6 7.87300 14
104.7 7.88141 14
104.8 7.88982 14
104.9 7.89811 14
105.0 7.90652 14
105.1 7.91492 14
105.2 7.92333 14
105.3 7.93162 14
105.4 7.94002 14
105.5 7.94842 14
105.6 7.95682 14
105.7 7.96510 14
105.8 7.97351 14
105.9 7.98191 14
106.0 7.99031 14
106.1 7.99859 14
106.2 8.00698 14
106.3 8.01538 14
106.4 8.02378 14
106.5 8.03206 14
106.6 8.04046 14
106.7 7.99162 14
106.8 7.99990 14
106.9 8.00817 14
107.0 8.01646 14
107.1 8.02474 14
107.2 8.03290 14
107.3 8.04118 14
107.4 8.04945 14
107.5 8.05772 14
107.6 8.06589 14
107.7 8.08355 14
107.8 8.08805 14
107.9 8.09298 14
108.0 8.09810 14
108.1 8.37261 14
108.2 8.27397 14
108.3 8.22807 14
108.4 8.20814 14
108.5 8.20516 14
108.6 8.21273 14
108.7 8.22995 14
108.8 8.26019 14
108.9 8.30777 14
109.0 8.37044 14
109.1 8.37823 14
109.2 8.38097 14
109.3 8.38087 14
109.4 8.37887 14
109.5 8.37579 14
109.6 8.37146 14
109.7 8.36751 14
109.8 8.36344 14
109.9 8.35928 14
110.0 8.35511 14
110.1 8.37964 14
110.2 8.37688 14
110.3 8.37344 14
110.4 8.36895 14
110.5 8.36496 14
110.6 8.36089 14
110.7 8.35678 14
110.8 8.35195 14
110.9 8.34781 14
111.0 8.34368 14
111.1 8.33955 14
111.2 8.33473 14
111.3 8.33063 14
111.4 8.32652 14
111.5 8.32495 14
111.6 8.33231 14
111.7 8.33952 14
111.8 8.34688 14
111.9 8.35424 14
112.0 8.36175 14
112.1 8.36974 14
112.2 8.37785 14
112.3 8.38596 14
112.4 8.39406 14
112.5 8.40217 14
112.6 8.41014 14
112.7 8.41824 14
112.8 8.42635 14
112.9 8.43445 14
113.0 8.44243 14
113.1 8.45052 14
113.2 8.45861 14
113.3 8.46670 14
113.4 8.47469 14
113.5 8.48278 14
113.6 8.42774 14
113.7 8.43572 14
113.8 8.44358 14
113.9 8.45155 14
114.0 8.45952 14
114.1 8.46750 14
114.2 8.47535 14
114.3 8.48333 14
114.4 8.49130 14
114.5 8.49926 14
114.6 8.50723 14
114.7 8.51507 14
114.8 8.52304 14
114.9 8.53101 14
115.0 8.53897 14
115.1 8.54681 14
115.2 8.55476 14
115.3 8.56272 14
115.4 8.57068 14
115.5 8.57864 14
115.6 8.59308 14
115.7 8.59758 14
115.8 8.60245 14
115.9 8.93917 14
116.0 8.91537 14
116.1 8.80767 14
116.2 8.75670 14
116.3 8.73243 14
116.4 8.72391 14
116.5 8.72569 14
116.6 8.73651 14
116.7 8.75595 14
116.8 8.78629 14
116.9 8.83247 14
117.0 8.90615 14
117.1 8.91443 14
117.2 8.91845 14
117.3 8.91931 14
117.4 8.73112 14
117.5 8.74658 14
117.6 8.77140 14
117.7 8.80909 14
117.8 8.86927 14
117.9 8.91100 14
118.0 8.91691 14
118.1 8.91920 14
118.2 8.91892 14
118.3 8.91633 14
118.4 8.91335 14
118.5 8.90980 14
118.6 8.90593 14
118.7 8.90189 14
118.8 8.89703 14
118.9 8.89284 14
119.0 8.88864 14
119.1 8.88442 14
119.2 8.88020 14
119.3 8.87526 14
119.4 8.87105 14
119.5 8.86685 14
119.6 8.86265 14
119.7 8.85847 14
119.8 8.85358 14
119.9 8.85652 14
120.0 8.86366 14
120.1 8.87081 14
120.2 8.87780 14
120.3 8.88494 14
120.4 8.89207 14
120.5 8.89970 14
120.6 8.90748 14
120.7 8.91513 14
120.8 8.92291 14
120.9 8.93068 14
121.0 8.93845 14
121.1 8.94622 14
121.2 8.95386 14
121.3 8.89190 14
121.4 8.89938 14
121.5 8.90704 14
121.6 8.91457 14
121.7 8.92222 14
121.8 8.92987 14
121.9 8.93751 14
122.0 8.94515 14
122.1 8.95267 14
122.2 8.96032 14
122.3 8.96796 14
122.4 8.97560 14
122.5 8.98324 14
122.6 8.99074 14
122.7 8.99838 14
122.8 9.00600 14
122.9 9.01365 14
123.0 9.02128 14
123.1 9.02878 14
123.2 9.03641 14
123.3 9.04403 14
123.4 9.05165 14
123.5 9.05927 14
123.6 9.06689 14
123.7 9.07437 14
123.8 9.08197 14
123.9 9.08958 14
124.0 9.09717 14
124.1 9.10477 14
124.2 9.11224 14
124.3 9.11984 14
124.4 9.12744 14
124.5 9.13504 14
124.6 9.14624 14
124.7 9.15040 14
124.8 9.15516 14
124.9 9.52495 14
125.0 9.49970 14
125.1 9.39429 14
125.2 9.33349 14
125.3 9.30341 14
125.4 9.12973 14
125.5 9.13720 14
125.6 9.14740 14
125.7 9.15157 14
125.8 9.15633 14
125.9 9.52282 14
126.0 9.47313 14
126.1 9.38075 14
126.2 9.32695 14
126.3 9.30043 14
126.4 9.28841 14
126.5 9.28620 14
126.6 9.29151 14
126.7 9.30386 14
126.8 9.32356 14
126.9 9.35241 14
127.0 9.39394 14
127.1 9.45416 14
127.2 9.49510 14
127.3 9.50071 14
127.4 9.50316 14
127.5 9.50326 14
127.6 9.50171 14
127.7 9.49910 14
127.8 9.49510 14
127.9 9.49139 14
128.0 9.48745 14
128.1 9.48335 14
128.2 9.47919 14
128.3 9.47423 14
128.4 9.47000 14
128.5 9.46575 14
128.6 9.46149 14
128.7 9.45726 14
128.8 9.45301 14
128.9 9.44803 14
129.0 9.44380 14
129.1 9.43957 14
129.2 9.43537 14
129.3 9.43116 14
129.4 9.42623 14
129.5 9.43295 14
129.6 9.43982 14
129.7 9.44669 14
129.8 9.45492 14
129.9 9.45000 14
130.0 9.44585 14
130.1 9.44169 14
130.2 9.43755 14
130.3 9.43342 14
130.4 9.42928 14
130.5 9.42903 14
130.6 9.43577 14
130.7 9.44253 14
130.8 9.44928 14
130.9 9.45602 14
131.0 9.46260 14
131.1 9.46934 14
131.2 9.47628 14
131.3 9.48354 14
131.4 9.49080 14
131.5 9.49806 14
131.6 9.50518 14
131.7 9.51243 14
131.8 9.51968 14
131.9 9.52692 14
132.0 9.53418 14
132.1 9.54143 14
132.2 9.54854 14
132.3 9.55578 14
132.4 9.56302 14
132.5 9.57026 14
132.6 9.57750 14
132.7 9.58459 14
132.8 9.59184 14
132.9 9.59907 14
133.0 9.60630 14
133.1 9.61353 14
133.2 9.62076 14
133.3 9.62784 14
133.4 9.63506 14
133.5 9.64228 14
133.6 9.64951 14
133.7 9.65673 14
133.8 9.66395 14
133.9 9.67103 14
134.0 9.67824 14
134.1 9.68545 14
134.2 9.69265 14
134.3 9.69986 14
134.4 9.62593 14
134.5 9.63302 14
134.6 9.64011 14
134.7 9.64721 14
134.8 9.65430 14
134.9 9.66138 14
135.0 9.66833 14
135.1 9.67542 14
135.2 9.68249 14
135.3 9.68957 14
135.4 9.69664 14
135.5 9.70373 14
135.6 9.71067 14
135.7 9.71774 14
135.8 9.72481 14
135.9 9.73188 14
136.0 9.73894 14
136.1 9.74630 14
136.2 9.75026 14
136.3 9.75477 14
136.4 10.16414 14
136.5 10.15384 14
136.6 10.04834 14
136.7 9.97863 14
136.8 9.93483 14
136.9 9.91184 14
137.0 9.90047 14
137.1 9.89738 14
137.2 9.90077 14
137.3 9.90982 14
137.4 9.92501 14
137.5 9.94659 14
137.6 9.97645 14
137.7 10.01748 14
137.8 10.07423 14
137.9 10.12893 14
138.0 10.13499 14
138.1 10.13831 14
138.2 10.13934 14
138.3 10.13866 14
138.4 10.13676 14
138.5 10.13402 14
138.6 10.13001 14
138.7 10.12634 14
138.8 10.12245 14
138.9 10.11843 14
139.0 10.11430 14
139.1 10.11014 14
139.2 10.10594 14
139.3 10.13793 14
139.4 10.13929 14
139.5 10.13892 14
139.6 10.13728 14
139.7 10.13475 14
139.8 10.13165 14
139.9 10.12741 14
140.0 10.12364 14
140.1 10.11973 14
140.2 10.11571 14
140.3 10.11163 14
140.4 10.10753 14
140.5 10.10263 14
140.6 10.09848 14
140.7 10.09434 14
140.8 10.09019 14
140.9 10.08604 14
141.0 10.08191 14
141.1 10.07700 14
141.2 10.07288 14
141.3 10.06876 14
141.4 10.06464 14
141.5 10.06054 14
141.6 10.05645 14
141.7 10.05234 14
141.8 10.05580 14
141.9 10.06223 14
142.0 10.06864 14
142.1 10.07506 14
142.2 10.08147 14
142.3 10.08788 14
142.4 10.09412 14
142.5 10.10054 14
142.6 10.10709 14
142.7 10.11391 14
142.8 10.12073 14
142.9 10.12755 14
143.0 10.13422 14
143.1 10.14103 14
143.2 10.14784 14
143.3 10.15464 14
143.4 10.16146 14
143.5 10.16827 14
143.6 10.17507 14
143.7 10.18174 14
143.8 10.16374 14
143.9 10.17062 14
144.0 10.17749 14
144.1 10.18423 14
144.2 10.19110 14
144.3 10.19796 14
144.4 10.20483 14
144.5 10.14669 14
144.6 10.12976 14
144.7 10.13637 14
144.8 10.14312 14
144.9 10.14987 14
145.0 10.15663 14
145.1 10.16337 14
145.2 10.17012 14
145.3 10.17686 14
145.4 10.15874 14
145.5 10.16556 14
145.6 10.17238 14
145.7 10.17905 14
145.8 10.18586 14
145.9 10.19267 14
146.0 10.19948 14
146.1 10.20628 14
146.2 10.14804 14
146.3 10.13120 14
146.4 10.13775 14
146.5 10.14444 14
146.6 10.15113 14
146.7 10.15783 14
146.8 10.16451 14
146.9 10.17120 14
147.0 10.17788 14
147.1 10.15985 14
147.2 10.16661 14
147.3 10.17336 14
147.4 10.17998 14
147.5 10.18673 14
147.6 10.19348 14
147.7 10.20022 14
147.8 10.20696 14
147.9 10.14877 14
148.0 10.13189 14
148.1 10.13838 14
148.2 10.14501 14
148.3 10.15164 14
148.4 10.15828 14
148.5 10.16491 14
148.6 10.17153 14
148.7 10.17815 14
148.8 10.16021 14
148.9 10.16691 14
149.0 10.17360 14
149.1 10.18015 14
149.2 10.18684 14
149.3 10.19353 14
149.4 10.20022 14
149.5 10.20690 14
149.6 10.14879 14
149.7 10.13185 14
149.8 10.13828 14
149.9 10.14485 14
150.0 10.15142 14
150.1 10.15800 14
150.2 10.16457 14
150.3 10.17114 14
150.4 10.17770 14
150.5 10.15983 14
150.6 10.16647 14
150.7 10.17311 14
150.8 10.17960 14
150.9 10.18623 14
151.0 10.19286 14
151.1 10.19949 14
151.2 10.20611 14
151.3 10.14769 14
151.4 10.13110 14
151.5 10.13748 14
151.6 10.14399 14
151.7 10.15050 14
151.8 10.15702 14
151.9 10.16353 14
152.0 10.17004 14
152.1 10.17654 14
152.2 10.15875 14
152.3 10.16534 14
152.4 10.17191 14
152.5 10.17835 14
152.6 10.18492 14
152.7 10.19149 14
152.8 10.19806 14
152.9 10.20462 14
153.0 10.21118 14
153.1 10.12967 14
153.2 10.13599 14
153.3 10.14244 14
153.4 10.14889 14
153.5 10.15535 14
153.6 10.16181 14
153.7 10.16826 14
153.8 10.17471 14
153.9 10.18172 14
154.0 10.16351 14
154.1 10.17003 14
154.2 10.17655 14
154.3 10.18292 14
154.4 10.18944 14
154.5 10.19595 14
154.6 10.20245 14
154.7 10.20896 14
154.8 10.12757 14
154.9 10.13397 14
155.0 10.14023 14
155.1 10.14662 14
155.2 10.15302 14
155.3 10.15942 14
155.4 10.16582 14
155.5 10.17221 14
155.6 10.17846 14
155.7 10.16103 14
155.8 10.16749 14
155.9 10.17395 14
156.0 10.18027 14
156.1 10.18672 14
156.2 10.19317 14
156.3 10.19962 14
156.4 10.20607 14
156.5 10.14821 14
156.6 10.13117 14
156.7 10.13738 14
156.8 10.14372 14
156.9 10.15005 14
157.0 10.15640 14
157.1 10.16274 14
157.2 10.16907 14
157.3 10.17541 14
157.4 10.15790 14
157.5 10.16431 14
157.6 10.17071 14
157.7 10.17711 14
157.8 10.18337 14
157.9 10.18977 14
158.0 10.19616 14
158.1 10.20255 14
158.2 10.20894 14
158.3 10.12776 14
158.4 10.13404 14
158.5 10.14019 14
158.6 10.14647 14
158.7 10.15275 14
158.8 10.15904 14
158.9 10.16532 14
159.0 10.17160 14
159.1 10.17788 14
159.2 10.16051 14
159.3 10.16686 14
159.4 10.17320 14
159.5 10.17941 14
159.6 10.18575 14
159.7 10.19208 14
159.8 10.19842 14
159.9 10.20475 14
160.0 10.21157 14
160.1 10.12997 14
160.2 10.13606 14
160.3 10.14229 14
160.4 10.14852 14
160.5 10.15474 14
160.6 10.16098 14
160.7 10.16720 14
160.8 10.17342 14
160.9 10.18058 14
161.0 10.16241 14
161.1 10.16870 14
161.2 10.17499 14
161.3 10.18113 14
161.4 10.18742 14
161.5 10.19370 14
161.6 10.19998 14
161.7 10.20625 14
161.8 10.14896 14
161.9 10.13150 14
162.0 10.13754 14
162.1 10.14371 14
162.2 10.14988 14
162.3 10.15606 14
162.4 10.16223 14
162.5 10.16840 14
162.6 10.17456 14
162.7 10.15738 14
162.8 10.16362 14
162.9 10.16985 14
163.0 10.17608 14
163.1 10.18217 14
163.2 10.18840 14
163.3 10.19463 14
163.4 10.20085 14
163.5 10.20707 14
163.6 10.12625 14
163.7 10.13237 14
163.8 10.13835 14
163.9 10.14446 14
164.0 10.15058 14
164.1 10.15670 14
164.2 10.16282 14
164.3 10.16893 14
164.4 10.17504 14
164.5 10.15799 14
164.6 10.16417 14
164.7 10.17035 14
164.8 10.17652 14
164.9 10.18256 14
165.0 10.18873 14
165.1 10.19490 14
165.2 10.20107 14
165.3 10.20723 14
165.4 10.12652 14
165.5 10.13259 14
165.6 10.13851 14
165.7 10.14458 14
165.8 10.15064 14
165.9 10.15671 14
166.0 10.16277 14
166.1 10.16883 14
166.2 10.17488 14
166.3 10.15795 14
166.4 10.16408 14
166.5 10.17020 14
166.6 10.17633 14
166.7 10.18230 14
166.8 10.18842 14
166.9 10.19454 14
167.0 10.20065 14
167.1 10.20676 14
167.2 10.12618 14
167.3 10.13220 14
167.4 10.13807 14
167.5 10.14407 14
167.6 10.15008 14
167.7 10.15610 14
167.8 10.16211 14
167.9 10.16811 14
168.0 10.17411 14
168.1 10.15730 14
168.2 10.16337 14
168.3 10.16944 14
168.4 10.17551 14
168.5 10.18144 14
168.6 10.18750 14
168.7 10.19356 14
168.8 10.19962 14
168.9 10.20568 14
169.0 10.21396 14
169.1 10.13121 14
169.2 10.13702 14
169.3 10.14298 14
169.4 10.14893 14
169.5 10.15488 14
169.6 10.16085 14
169.7 10.16680 14
169.8 10.17275 14
169.9 10.18051 14
170.0 10.16208 14
170.1 10.16809 14
170.2 10.17411 14
170.3 10.17998 14
170.4 10.18599 14
170.5 10.19200 14
170.6 10.19801 14
170.7 10.20401 14
170.8 10.21156 14
170.9 10.12964 14
171.0 10.13541 14
171.1 10.14131 14
171.2 10.14721 14
171.3 10.15311 14
171.4 10.15903 14
171.5 10.16493 14
171.6 10.17083 14
171.7 10.17795 14
171.8 10.16021 14
171.9 10.16617 14
172.0 10.17214 14
172.1 10.17810 14
172.2 10.18392 14
172.3 10.18987 14
172.4 10.19582 14
172.5 10.20178 14
172.6 10.20864 14
172.7 10.12753 14
172.8 10.13338 14
172.9 10.13910 14
173.0 10.14495 14
173.1 10.15079 14
173.2 10.15665 14
173.3 10.16250 14
173.4 10.16835 14
173.5 10.17493 14
173.6 10.15779 14
173.7 10.16371 14
173.8 10.16962 14
173.9 10.17553 14
174.0 10.18129 14
174.1 10.18720 14
174.2 10.19310 14
174.3 10.19900 14
174.4 10.20547 14
174.5 10.21346 14
174.6 10.13069 14
174.7 10.13635 14
174.8 10.14215 14
174.9 10.14795 14
175.0 10.15374 14
175.1 10.15955 14
175.2 10.16535 14
175.3 10.17172 14
175.4 10.17873 14
175.5 10.16072 14
175.6 10.16658 14
175.7 10.17243 14
175.8 10.17829 14
175.9 10.18400 14
176.0 10.18986 14
176.1 10.19570 14
176.2 10.20194 14
176.3 10.20888 14
176.4 10.12749 14
176.5 10.13324 14
176.6 10.13885 14
176.7 10.14460 14
176.8 10.15034 14
176.9 10.15610 14
177.0 10.16185 14
177.1 10.16779 14
177.2 10.17447 14
177.3 10.15722 14
177.4 10.16303 14
177.5 10.16884 14
177.6 10.17465 14
177.7 10.18031 14
177.8 10.18611 14
177.9 10.19191 14
178.0 10.19791 14
178.1 10.20447 14
178.2 10.21178 14
178.3 10.12951 14
178.4 10.13507 14
178.5 10.14077 14
178.6 10.14646 14
178.7 10.15216 14
178.8 10.15787 14
178.9 10.16356 14
179.0 10.17004 14
179.1 10.17663 14
179.2 10.15900 14
179.3 10.16476 14
179.4 10.17052 14
179.5 10.17628 14
179.6 10.18189 14
179.7 10.18764 14
179.8 10.19339 14
179.9 10.19974 14
180.0 10.20623 14
180.1 10.21402 14
180.2 10.13096 14
180.3 10.13647 14
180.4 10.14212 14
180.5 10.14777 14
180.6 10.15341 14
180.7 10.15907 14
180.8 10.16512 14
180.9 10.17153 14
181.0 10.17838 14
181.1 10.16023 14
181.2 10.16594 14
181.3 10.17164 14
181.4 10.17735 14
181.5 10.18291 14
181.6 10.18861 14
181.7 10.19472 14
181.8 10.20081 14
181.9 10.20744 14
182.0 10.12627 14
182.1 10.13187 14
182.2 10.13734 14
182.3 10.14294 14
182.4 10.14853 14
182.5 10.15413 14
182.6 10.15995 14
182.7 10.16614 14
182.8 10.17231 14
182.9 10.17942 14
183.0 10.16092 14
183.1 10.16658 14
183.2 10.17223 14
183.3 10.17789 14
183.4 10.18340 14
183.5 10.18926 14
183.6 10.19532 14
183.7 10.20156 14
183.8 10.20812 14
183.9 10.12672 14
184.0 10.13227 14
184.1 10.13768 14
184.2 10.14324 14
184.3 10.14878 14
184.4 10.15433 14
184.5 10.16031 14
184.6 10.16646 14
184.7 10.17258 14
184.8 10.17979 14
184.9 10.16109 14
185.0 10.16670 14
185.1 10.17231 14
185.2 10.17792 14
185.3 10.18338 14
185.4 10.18941 14
185.5 10.19542 14
185.6 10.20161 14
185.7 10.20812 14
185.8 10.12667 14
185.9 10.13217 14
186.0 10.13754 14
186.1 10.14304 14
186.2 10.14854 14
186.3 10.15426 14
186.4 10.16019 14
186.5 10.16629 14
186.6 10.17236 14
186.7 10.17938 14
186.8 10.16077 14
186.9 10.16634 14
187.0 10.17190 14
187.1 10.17745 14
187.2 10.18309 14
187.3 10.18907 14
187.4 10.19503 14
187.5 10.20117 14
187.6 10.20746 14
187.7 10.12614 14
187.8 10.13160 14
187.9 10.13692 14
188.0 10.14238 14
188.1 10.14783 14
188.2 10.15371 14
188.3 10.15960 14
188.4 10.16545 14
188.5 10.17167 14
188.6 10.17833 14
188.7 10.15999 14
188.8 10.16550 14
188.9 10.17102 14
189.0 10.17653 14
189.1 10.18233 14
189.2 10.18805 14
189.3 10.19398 14
189.4 10.20008 14
189.5 10.20634 14
189.6 10.21388 14
189.7 10.13058 14
189.8 10.13585 14
189.9 10.14126 14
190.0 10.14689 14
190.1 10.15273 14
190.2 10.15856 14
190.3 10.16437 14
190.4 10.17036 14
190.5 10.17683 14
190.6 10.15876 14
190.7 10.16422 14
190.8 10.16969 14
190.9 10.17538 14
191.0 10.18092 14
191.1 10.18681 14
191.2 10.19269 14
191.3 10.19855 14
191.4 10.20477 14
191.5 10.21189 14
191.6 10.12913 14
191.7 10.13450 14
191.8 10.13972 14
191.9 10.14553 14
192.0 10.15110 14
192.1 10.15690 14
192.2 10.16267 14
192.3 10.16862 14
192.4 10.17472 14
192.5 10.15710 14
192.6 10.16252 14
192.7 10.16794 14
192.8 10.17358 14
192.9 10.17930 14
193.0 10.18494 14
193.1 10.19077 14
193.2 10.19660 14
193.3 10.20279 14
193.4 10.20909 14
193.5 10.12727 14
193.6 10.13259 14
193.7 10.13800 14
193.8 10.14354 14
193.9 10.14929 14
194.0 10.15482 14
194.1 10.16056 14
194.2 10.16648 14
194.3 10.17236 14
194.4 10.17905 14
194.5 10.16041 14
194.6 10.16602 14
194.7 10.17162 14
194.8 10.17721 14
194.9 10.18288 14
195.0 10.18846 14
195.1 10.19424 14
195.2 10.20021 14
195.3 10.20633 14
195.4 10.21374 14
195.5 10.13030 14
195.6 10.13589 14
195.7 10.14139 14
195.8 10.14688 14
195.9 10.15258 14
196.0 10.15807 14
196.1 10.16395 14
196.2 10.16980 14
196.3 10.17597 14
196.4 10.15792 14
196.5 10.16348 14
196.6 10.16904 14
196.7 10.17482 14
196.8 10.18023 14
196.9 10.18598 14
197.0 10.19151 14
197.1 10.19745 14
197.2 10.20335 14
197.3 10.20990 14
197.4 10.12787 14
197.5 10.13333 14
197.6 10.13865 14
197.7 10.14410 14
197.8 10.14976 14
197.9 10.15542 14
198.0 10.16086 14
198.1 10.16669 14
198.2 10.17266 14
198.3 10.17961 14
198.4 10.16082 14
198.5 10.16634 14
198.6 10.17185 14
198.7 10.17735 14
198.8 10.18293 14
198.9 10.18842 14
199.0 10.19412 14
199.1 10.20000 14
199.2 10.20626 14
199.3 10.21358 14
199.4 10.13029 14
199.5 10.13579 14
199.6 10.14120 14
199.7 10.14660 14
199.8 10.15221 14
199.9 10.15762 14
200.0 10.16322 14
200.1 10.16899 14
200.2 10.17532 14
200.3 10.15759 14
200.4 10.16306 14
200.5 10.16853 14
200.6 10.17422 14
200.7 10.17954 14
200.8 10.18499 14
200.9 10.19065 14
201.0 10.19630 14
201.1 10.20236 14
201.2 10.20892 14
201.3 10.12715 14
201.4 10.13252 14
201.5 10.13775 14
201.6 10.14312 14
201.7 10.14869 14
201.8 10.15405 14
201.9 10.15962 14
202.0 10.16540 14
202.1 10.17154 14
202.2 10.17812 14
202.3 10.15970 14
202.4 10.16513 14
202.5 10.17055 14
202.6 10.17597 14
202.7 10.18125 14
202.8 10.18687 14
202.9 10.19272 14
203.0 10.19832 14
203.1 10.20451 14
203.2 10.21145 14
203.3 10.12881 14
203.4 10.13414 14
203.5 10.13933 14
203.6 10.14487 14
203.7 10.15018 14
203.8 10.15596 14
203.9 10.16147 14
204.0 10.16720 14
204.1 10.17329 14
204.2 10.18038 14
204.3 10.16120 14
204.4 10.16658 14
204.5 10.17196 14
204.6 10.17734 14
204.7 10.18279 14
204.8 10.18839 14
204.9 10.19441 14
205.0 10.20019 14
205.1 10.20633 14
205.2 10.21352 14
205.3 10.13010 14
205.4 10.13548 14
205.5 10.14076 14
205.6 10.14604 14
205.7 10.15155 14
205.8 10.15728 14
205.9 10.16275 14
206.0 10.16864 14
206.1 10.17466 14
206.2 10.15698 14
206.3 10.16233 14
206.4 10.16767 14
206.5 10.17301 14
206.6 10.17881 14
206.7 10.18424 14
206.8 10.18977 14
206.9 10.19553 14
207.0 10.20147 14
207.1 10.20772 14
207.2 10.12602 14
207.3 10.13127 14
207.4 10.13638 14
207.5 10.14186 14
207.6 10.14710 14
207.7 10.15279 14
207.8 10.15847 14
207.9 10.16413 14
208.0 10.16973 14
208.1 10.17587 14
208.2 10.15781 14
208.3 10.16312 14
208.4 10.16867 14
208.5 10.17419 14
208.6 10.17958 14
208.7 10.18511 14
208.8 10.19060 14
208.9 10.19632 14
209.0 10.20222 14
209.1 10.20860 14
209.2 10.12668 14
209.3 10.13213 14
209.4 10.13720 14
209.5 10.14264 14
209.6 10.14830 14
209.7 10.15349 14
209.8 10.15913 14
209.9 10.16475 14
210.0 10.17054 14
210.1 10.17658 14
210.2 10.15857 14
210.3 10.16383 14
210.4 10.16957 14
210.5 10.17482 14
210.6 10.18018 14
210.7 10.18588 14
210.8 10.19136 14
210.9 10.19700 14
211.0 10.20284 14
211.1 10.20916 14
211.2 10.12727 14
211.3 10.13269 14
211.4 10.13771 14
211.5 10.14312 14
211.6 10.14873 14
211.7 10.15388 14
211.8 10.15949 14
211.9 10.16507 14
212.0 10.17082 14
212.1 10.17747 14
212.2 10.15902 14
212.3 10.16425 14
212.4 10.16995 14
212.5 10.17516 14
212.6 10.18047 14
212.7 10.18614 14
212.8 10.19178 14
212.9 10.19717 14
213.0 10.20323 14
213.1 10.20993 14
213.2 10.12758 14
213.3 10.13296 14
213.4 10.13794 14
213.5 10.14331 14
213.6 10.14889 14
213.7 10.15399 14
213.8 10.15956 14
213.9 10.16536 14
214.0 10.17125 14
214.1 10.17784 14
214.2 10.15943 14
214.3 10.16461 14
214.4 10.17004 14
214.5 10.17522 14
214.6 10.18049 14
214.7 10.18612 14
214.8 10.19198 14
214.9 10.19733 14
215.0 10.20335 14
215.1 10.21001 14
215.2 10.12762 14
215.3 10.13296 14
215.4 10.13791 14
215.5 10.14323 14
215.6 10.14877 14
215.7 10.15410 14
215.8 10.15963 14
215.9 10.16538 14
216.0 10.17124 14
216.1 10.17779 14
216.2 10.15934 14
216.3 10.16425 14
216.4 10.16987 14
216.5 10.17501 14
216.6 10.18051 14
216.7 10.18609 14
216.8 10.19192 14
216.9 10.19723 14
217.0 10.20321 14
217.1 10.20942 14
217.2 10.12741 14
217.3 10.13271 14
217.4 10.13762 14
217.5 10.14317 14
217.6 10.14867 14
217.7 10.15395 14
217.8 10.15945 14
217.9 10.16516 14
218.0 10.17080 14
218.1 10.17733 14
218.2 10.15877 14
218.3 10.16388 14
218.4 10.16973 14
218.5 10.17482 14
218.6 10.18028 14
218.7 10.18583 14
218.8 10.19162 14
218.9 10.19689 14
219.0 10.20284 14
219.1 10.20884 14
219.2 10.12696 14
219.3 10.13249 14
219.4 10.13736 14
219.5 10.14287 14
219.6 10.14833 14
219.7 10.15358 14
219.8 10.15904 14
219.9 10.16472 14
220.0 10.17032 14
220.1 10.17668 14
220.2 10.15847 14
220.3 10.16355 14
220.4 10.16913 14
220.5 10.17441 14
220.6 10.17984 14
220.7 10.18513 14
220.8 10.19065 14
220.9 10.19613 14
221.0 10.20251 14
221.1 10.20847 14
221.2 10.12657 14
221.3 10.13205 14
221.4 10.13689 14
221.5 10.14236 14
221.6 10.14733 14
221.7 10.15300 14
221.8 10.15842 14
221.9 10.16433 14
222.0 10.16966 14
222.1 10.17578 14
222.2 10.15772 14
222.3 10.16301 14
222.4 10.16855 14
222.5 10.17358 14
222.6 10.17919 14
222.7 10.18445 14
222.8 10.19019 14
222.9 10.19564 14
223.0 10.20178 14
223.1 10.20773 14
223.2 10.12597 14
223.3 10.13142 14
223.4 10.13622 14
223.5 10.14166 14
223.6 10.14660 14
223.7 10.15249 14
223.8 10.15767 14
223.9 10.16375 14
224.0 10.16885 14
224.1 10.17496 14
224.2 10.15702 14
224.3 10.16228 14
224.4 10.16778 14
224.5 10.17278 14
224.6 10.17876 14
224.7 10.18384 14
224.8 10.18955 14
224.9 10.19496 14
225.0 10.20081 14
225.1 10.20681 14
225.2 10.12520 14
225.3 10.13037 14
225.4 10.13565 14
225.5 10.14105 14
225.6 10.14595 14
225.7 10.15181 14
225.8 10.15695 14
225.9 10.16256 14
226.0 10.16806 14
226.1 10.17396 14
226.2 10.18099 14
226.3 10.16164 14
226.4 10.16686 14
226.5 10.17207 14
226.6 10.17780 14
226.7 10.18282 14
226.8 10.18874 14
226.9 10.19391 14
227.0 10.19974 14
227.1 10.20571 14
227.2 10.21287 14
227.3 10.12944 14
227.4 10.13482 14
227.5 10.14028 14
227.6 10.14514 14
227.7 10.15076 14
227.8 10.15608 14
227.9 10.16139 14
228.0 10.16719 14
228.1 10.17307 14
228.2 10.17984 14
228.3 10.16085 14
228.4 10.16604 14
228.5 10.17121 14
228.6 10.17691 14
228.7 10.18190 14
228.8 10.18757 14
228.9 10.19319 14
229.0 10.19898 14
229.1 10.20450 14
229.2 10.21162 14
229.3 10.12859 14
229.4 10.13368 14
229.5 10.13890 14
229.6 10.14419 14
229.7 10.14952 14
229.8 10.15508 14
229.9 10.16015 14
230.0 10.16638 14
230.1 10.17204 14
230.2 10.17866 14
230.3 10.15993 14
230.4 10.16508 14
230.5 10.17022 14
230.6 10.17589 14
230.7 10.18089 14
230.8 10.18623 14
230.9 10.19234 14
231.0 10.19740 14
231.1 10.20339 14
231.2 10.21020 14
231.3 10.12762 14
231.4 10.13267 14
231.5 10.13787 14
231.6 10.14317 14
231.7 10.14869 14
231.8 10.15400 14
231.9 10.15924 14
232.0 10.16498 14
232.1 10.17064 14
232.2 10.17718 14
232.3 10.15865 14
232.4 10.16379 14
232.5 10.16938 14
232.6 10.17477 14
232.7 10.17998 14
232.8 10.18507 14
232.9 10.19116 14
233.0 10.19619 14
233.1 10.20235 14
233.2 10.20865 14
233.3 10.12654 14
233.4 10.13182 14
233.5 10.13699 14
233.6 10.14226 14
233.7 10.14702 14
233.8 10.15302 14
233.9 10.15823 14
234.0 10.16420 14
234.1 10.16960 14
234.2 10.17552 14
234.3 10.15752 14
234.4 10.16287 14
234.5 10.16821 14
234.6 10.17357 14
234.7 10.17912 14
234.8 10.18431 14
234.9 10.19012 14
235.0 10.19536 14
235.1 10.20104 14
235.2 10.20759 14
235.3 10.12563 14
235.4 10.13063 14
235.5 10.13601 14
235.6 10.14125 14
235.7 10.14625 14
235.8 10.15222 14
235.9 10.15719 14
236.0 10.16334 14
236.1 10.16851 14
236.2 10.17425 14
236.3 10.15655 14
236.4 10.16187 14
236.5 10.16745 14
236.6 10.17224 14
236.7 10.17830 14
236.8 10.18293 14
236.9 10.18896 14
237.0 10.19444 14
237.1 10.19990 14
237.2 10.20598 14
237.3 10.12491 14
237.4 10.12965 14
237.5 10.13523 14
237.6 10.14043 14
237.7 10.14541 14
237.8 10.15113 14
237.9 10.15628 14
238.0 10.16170 14
238.1 10.16754 14
238.2 10.17352 14
238.3 10.18008 14
238.4 10.16107 14
238.5 10.16637 14
238.6 10.17138 14
238.7 10.17718 14
238.8 10.18201 14
238.9 10.18779 14
239.0 10.19353 14
239.1 10.19916 14
239.2 10.20479 14
239.3 10.21231 14
239.4 10.12883 14
239.5 10.13403 14
239.6 10.13909 14
239.7 10.14449 14
239.8 10.15046 14
239.9 10.15557 14
240.0 10.16025 14
240.1 10.16659 14
240.2 10.17255 14
240.3 10.17897 14
240.4 10.16021 14
240.5 10.16548 14
240.6 10.17074 14
240.7 10.17625 14
240.8 10.18109 14
240.9 10.18654 14
241.0 10.19277 14
241.1 10.19767 14
241.2 10.20397 14
241.3 10.21058 14
241.4 10.12823 14
241.5 10.13340 14
241.6 10.13817 14
241.7 10.14359 14
241.8 10.14922 14
241.9 10.15438 14
242.0 10.15947 14
242.1 10.16551 14
242.2 10.17181 14
242.3 10.17808 14
242.4 10.15959 14
242.5 10.16406 14
242.6 10.17005 14
242.7 10.17529 14
242.8 10.18034 14
242.9 10.18576 14
243.0 10.19224 14
243.1 10.19711 14
243.2 10.20319 14
243.3 10.20923 14
243.4 10.12760 14
243.5 10.13247 14
243.6 10.13748 14
243.7 10.14287 14
243.8 10.14875 14
243.9 10.15387 14
244.0 10.15893 14
244.1 10.16475 14
244.2 10.17096 14
244.3 10.17714 14
244.4 10.15843 14
244.5 10.16337 14
244.6 10.16962 14
244.7 10.17482 14
244.8 10.17985 14
244.9 10.18524 14
245.0 10.19169 14
245.1 10.19653 14
245.2 10.20231 14
245.3 10.20842 14
245.4 10.12696 14
245.5 10.13206 14
245.6 10.13704 14
245.7 10.14240 14
245.8 10.14799 14
245.9 10.15335 14
246.0 10.15838 14
246.1 10.16417 14
246.2 10.17044 14
246.3 10.17638 14
246.4 10.15778 14
246.5 10.16295 14
246.6 10.16894 14
246.7 10.17434 14
246.8 10.17934 14
246.9 10.18477 14
247.0 10.19140 14
247.1 10.19602 14
247.2 10.20177 14
247.3 10.20805 14
247.4 10.12656 14
247.5 10.13163 14
247.6 10.13659 14
247.7 10.14192 14
247.8 10.14754 14
247.9 10.15309 14
248.0 10.15810 14
248.1 10.16386 14
248.2 10.17010 14
248.3 10.17558 14
248.4 10.15738 14
248.5 10.16280 14
248.6 10.16876 14
248.7 10.17414 14
248.8 10.17925 14
248.9 10.18451 14
249.0 10.19067 14
249.1 10.19570 14
249.2 10.20171 14
249.3 10.20779 14
249.4 10.12645 14
249.5 10.13149 14
249.6 10.13642 14
249.7 10.14173 14
249.8 10.14708 14
249.9 10.15284 14
250.0 10.15809 14
