15.0 2.31548 13
15.1 2.35981 13
15.2 2.40466 13
15.3 2.44982 13
15.4 2.49539 13
15.5 2.52575 14
15.6 2.58995 14
15.7 2.65500 14
15.8 2.72092 14
15.9 2.78770 14
16.0 2.85533 14
16.1 2.92383 14
16.2 2.99318 14
16.3 3.06339 14
16.4 3.13443 14
16.5 3.20633 14
16.6 3.27909 14
16.7 3.35269 14
16.8 3.42716 14
16.9 3.50249 14
17.0 3.57868 14
17.1 3.65574 14
17.2 3.73412 14
17.3 3.81292 14
17.4 3.89259 14
17.5 3.97314 14
17.6 4.05454 14
17.7 4.13681 14
17.8 4.21995 14
17.9 4.33682 14
18.0 4.46084 14
18.1 4.58708 14
18.2 4.71555 14
18.3 4.84628 14
18.4 4.97930 14
18.5 5.11462 14
18.6 5.25227 14
18.7 5.39228 14
18.8 5.53467 14
18.9 5.67947 14
19.0 5.82670 14
19.1 5.97639 14
19.2 6.12857 14
19.3 6.28325 14
19.4 6.44048 14
19.5 6.60026 14
19.6 6.76264 14
19.7 6.92763 14
19.8 7.09527 14
19.9 7.26559 14
20.0 7.50469 14
20.1 7.67962 14
20.2 7.85729 14
20.3 8.03775 14
20.4 8.22102 14
20.5 8.40712 14
20.6 8.58943 14
20.7 8.69800 14
20.8 8.80743 14
20.9 8.91772 14
21.0 9.02888 14
21.1 9.14092 14
21.2 9.25382 14
21.3 9.36760 14
21.4 9.48225 14
21.5 9.59778 14
21.6 9.71395 14
21.7 9.82867 14
21.8 9.94408 14
21.9 10.06017 14
22.0 10.17693 14
22.1 10.29435 14
22.2 10.41270 14
22.3 10.53214 14
22.4 10.65226 14
22.5 10.77018 14
22.6 10.89155 14
22.7 11.01356 14
22.8 11.13666 14
22.9 11.26076 14
23.0 11.38554 14
23.1 11.51098 14
23.2 11.63707 14
23.3 11.76048 14
23.4 11.88825 14
23.5 12.01704 14
23.6 12.14649 14
23.7 12.27660 14
23.8 12.40736 14
23.9 12.53874 14
24.0 12.67118 14
24.1 12.80480 14
24.2 12.93514 14
24.3 13.06994 14
24.4 13.20538 14
24.5 13.34145 14
24.6 13.47829 14
24.7 13.61665 14
24.8 13.75567 14
24.9 13.89533 14
25.0 14.03563 14
25.1 14.17192 14
25.2 14.31329 14
25.3 14.45608 14
25.4 14.59986 14
25.5 14.74428 14
25.6 14.88934 14
25.7 15.03500 14
25.8 15.18126 14
25.9 15.32819 14
26.0 15.47154 14
26.1 15.62075 14
26.2 15.77059 14
26.3 15.92103 14
26.4 16.07208 14
26.5 16.22369 14
26.6 16.37623 14
26.7 16.53043 14
26.8 16.68527 14
26.9 16.83447 14
27.0 16.99032 14
27.1 17.14674 14
27.2 17.30373 14
27.3 17.46164 14
27.4 17.62133 14
27.5 17.78162 14
27.6 17.94251 14
27.7 18.10398 14
27.8 18.25884 14
27.9 18.42119 14
28.0 18.58417 14
28.1 18.74935 14
28.2 18.91512 14
28.3 19.08147 14
28.4 19.24837 14
28.5 19.41583 14
28.6 19.58381 14
28.7 19.75229 14
28.8 19.91415 14
28.9 20.08540 14
29.0 20.25722 14
29.1 20.42959 14
29.2 20.60248 14
29.3 20.77588 14
29.4 20.94978 14
29.5 21.12427 14
29.6 21.30127 14
29.7 21.46930 14
29.8 21.64714 14
29.9 21.82549 14
30.0 22.00434 14
30.1 22.18366 14
30.2 22.36344 14
30.3 22.54423 14
30.4 22.72730 14
30.5 22.91090 14
30.6 23.09502 14
30.7 23.26857 14
30.8 23.45335 14
30.9 23.63856 14
31.0 23.82419 14
31.1 24.01073 14
31.2 24.19984 14
31.3 24.38945 14
31.4 24.57955 14
31.5 24.77010 14
31.6 24.94872 14
31.7 25.13980 14
31.8 25.33126 14
31.9 25.52307 14
32.0 25.71796 14
32.1 25.91355 14
32.2 26.10959 14
32.3 26.30605 14
32.4 26.50294 14
32.5 26.70022 14
32.6 26.88369 14
32.7 27.08118 14
32.8 27.18908 14
32.9 27.39039 14
33.0 27.59214 14
33.1 27.79420 14
33.2 27.99677 14
33.3 28.05622 14
33.4 28.25922 14
33.5 28.46238 14
33.6 28.64980 14
33.7 28.70687 14
33.8 28.81330 14
33.9 28.87216 14
34.0 28.93024 14
34.1 28.98774 14
34.2 28.89411 14
34.3 28.95062 14
34.4 29.00656 14
34.5 29.06168 14
34.6 29.11843 14
34.7 29.00600 14
34.8 29.06307 14
34.9 29.11933 14
35.0 29.17506 14
35.1 29.07552 14
35.2 29.13012 14
35.3 29.18410 14
35.4 29.23729 14
35.5 29.29107 14
35.6 29.19037 14
35.7 29.22713 14
35.8 29.28169 14
35.9 29.33540 14
36.0 29.38857 14
36.1 29.28246 14
36.2 29.33441 14
36.3 29.38577 14
36.4 29.43622 14
36.5 29.48941 14
36.6 29.38207 14
36.7 29.43514 14
36.8 29.46696 14
36.9 29.51816 14
37.0 29.56863 14
37.1 29.45571 14
37.2 26.62740 14
37.3 25.24893 14
37.4 22.44342 14
37.5 21.08644 14
37.6 18.30785 14
37.7 15.54139 14
37.8 14.86536 14
37.9 14.77033 14
38.0 14.74559 14
38.1 14.73377 14
38.2 14.67809 14
38.3 14.67350 14
38.4 14.55285 14
38.5 14.54242 14
38.6 14.47703 14
38.7 14.51372 14
38.8 14.43841 14
38.9 14.38937 14
39.0 14.37682 14
39.1 14.30853 14
39.2 14.24150 14
39.3 14.22895 14
39.4 14.22486 14
39.5 14.12001 14
39.6 14.19506 14
39.7 14.24125 14
39.8 14.22862 14
39.9 14.27479 14
40.0 14.32097 14
40.1 14.36718 14
40.2 14.41340 14
40.3 14.40073 14
40.4 14.44693 14
40.5 14.49315 14
40.6 14.53939 14
40.7 14.58564 14
40.8 14.70104 14
40.9 14.61917 14
41.0 14.66542 14
41.1 14.71169 14
41.2 14.75798 14
41.3 14.74526 14
41.4 14.79153 14
41.5 14.83781 14
41.6 14.88412 14
41.7 14.87143 14
41.8 14.91772 14
41.9 14.96402 14
42.0 14.95470 14
42.1 14.99770 14
42.2 15.04400 14
42.3 15.05455 14
42.4 15.08697 14
42.5 15.11976 14
42.6 15.15443 14
42.7 15.14880 14
42.8 15.03490 14
42.9 15.05239 14
43.0 15.06259 14
43.1 15.10801 14
43.2 15.16222 14
43.3 15.19726 14
43.4 15.22761 14
43.5 15.25798 14
43.6 15.28913 14
43.7 15.33364 14
43.8 15.37980 14
43.9 15.53518 14
44.0 15.56051 14
44.1 15.62126 14
44.2 15.62698 14
44.3 15.65099 14
44.4 15.70989 14
44.5 15.75463 14
44.6 15.78654 14
44.7 15.81714 14
44.8 15.84763 14
44.9 15.88328 14
45.0 15.92964 14
45.1 15.97601 14
45.2 16.02242 14
45.3 16.16473 14
45.4 16.18404 14
45.5 16.23775 14
45.6 16.24807 14
45.7 16.30451 14
45.8 16.35588 14
45.9 16.38923 14
46.0 16.42038 14
46.1 16.45100 14
46.2 16.48307 14
46.3 16.52809 14
46.4 16.57468 14
46.5 16.62128 14
46.6 16.66788 14
46.7 16.71452 14
46.8 16.83207 14
46.9 16.88711 14
47.0 16.89313 14
47.1 16.95022 14
47.2 17.00364 14
47.3 17.03755 14
47.4 17.06882 14
47.5 17.09986 14
47.6 17.13152 14
47.7 17.17559 14
47.8 17.22238 14
47.9 17.26918 14
48.0 17.31600 14
48.1 17.36283 14
48.2 17.40968 14
48.3 17.52051 14
48.4 17.57142 14
48.5 17.58660 14
48.6 17.65188 14
48.7 17.69989 14
48.8 17.73269 14
48.9 17.76392 14
49.0 17.79500 14
49.1 17.82748 14
49.2 17.87253 14
49.3 17.91952 14
49.4 17.96652 14
49.5 18.01353 14
49.6 18.06056 14
49.7 18.10762 14
49.8 18.23263 14
49.9 18.29517 14
50.0 18.29082 14
50.1 18.34261 14
50.2 18.40369 14
50.3 18.44270 14
50.4 18.47433 14
50.5 18.50570 14
50.6 18.53665 14
50.7 18.57064 14
50.8 18.61764 14
50.9 18.66464 14
51.0 18.71164 14
51.1 18.75868 14
51.2 18.80570 14
51.3 18.85274 14
51.4 18.89981 14
51.5 19.00041 14
51.6 19.04968 14
51.7 19.08161 14
51.8 19.14925 14
51.9 19.19810 14
52.0 19.23229 14
52.1 19.26348 14
52.2 19.29476 14
52.3 19.32566 14
52.4 19.36413 14
52.5 19.41131 14
52.6 19.45847 14
52.7 19.50567 14
52.8 19.55285 14
52.9 19.60007 14
53.0 19.64729 14
53.1 19.69451 14
53.2 19.80545 14
53.3 19.86594 14
53.4 19.87569 14
53.5 19.93956 14
53.6 20.00114 14
53.7 20.03995 14
53.8 20.07203 14
53.9 20.10332 14
54.0 20.13449 14
54.1 20.16614 14
54.2 20.20755 14
54.3 20.25489 14
54.4 20.30224 14
54.5 20.34960 14
54.6 20.39696 14
54.7 20.44432 14
54.8 20.49170 14
54.9 20.53909 14
55.0 20.66627 14
55.1 20.74121 14
55.2 20.73027 14
55.3 20.77472 14
55.4 20.84661 14
55.5 20.89778 14
55.6 20.93303 14
55.7 20.96455 14
55.8 20.99533 14
55.9 21.02633 14
56.0 21.05851 14
56.1 21.10110 14
56.2 21.14859 14
56.3 21.19609 14
56.4 21.24360 14
56.5 21.29114 14
56.6 21.33866 14
56.7 21.38619 14
56.8 21.43373 14
56.9 21.48128 14
57.0 21.59148 14
57.1 21.66108 14
57.2 21.66626 14
57.3 21.72677 14
57.4 21.79928 14
57.5 21.84571 14
57.6 21.87965 14
57.7 21.91151 14
57.8 21.94239 14
57.9 21.97317 14
58.0 22.00421 14
58.1 22.04490 14
58.2 22.09255 14
58.3 22.14019 14
58.4 22.18784 14
58.5 22.23549 14
58.6 22.28315 14
58.7 22.33084 14
58.8 22.37851 14
58.9 22.42619 14
59.0 22.47388 14
59.1 22.67072 14
59.2 22.65419 14
59.3 22.66015 14
59.4 22.72078 14
59.5 22.79766 14
59.6 22.84878 14
59.7 22.88405 14
59.8 22.91603 14
59.9 22.94668 14
60.0 22.97717 14
60.1 23.00792 14
60.2 23.04160 14
60.3 23.08677 14
60.4 23.13455 14
60.5 23.18233 14
60.6 23.23013 14
60.7 23.27791 14
60.8 23.32570 14
60.9 23.37352 14
61.0 23.42132 14
61.1 23.46914 14
61.2 23.51695 14
61.3 23.64220 14
61.4 23.73761 14
61.5 23.71544 14
61.6 23.75371 14
61.7 23.82984 14
61.8 23.90259 14
61.9 23.94733 14
62.0 23.98120 14
62.1 24.01211 14
62.2 24.04280 14
62.3 24.07284 14
62.4 24.10314 14
62.5 24.13564 14
62.6 24.17921 14
62.7 24.22710 14
62.8 24.27500 14
62.9 24.32290 14
63.0 24.37082 14
63.1 24.41872 14
63.2 24.46665 14
63.3 24.51456 14
63.4 24.56249 14
63.5 24.61043 14
63.6 24.65836 14
63.7 24.78928 14
63.8 24.89746 14
63.9 24.86477 14
64.0 24.89425 14
64.1 24.96324 14
64.2 25.04984 14
64.3 25.10513 14
64.4 25.14232 14
64.5 25.17404 14
64.6 25.20402 14
64.7 25.23406 14
64.8 25.26381 14
64.9 25.29313 14
65.0 25.32608 14
65.1 25.37010 14
65.2 25.41809 14
65.3 25.46610 14
65.4 25.51412 14
65.5 25.56212 14
65.6 25.61014 14
65.7 25.65816 14
65.8 25.70619 14
65.9 25.75420 14
66.0 25.80223 14
66.1 25.85027 14
66.2 25.89829 14
66.3 26.03066 14
66.4 26.15625 14
66.5 26.11609 14
66.6 26.13492 14
66.7 26.19843 14
66.8 26.29244 14
66.9 26.36122 14
67.0 26.40441 14
67.1 26.43754 14
67.2 26.46774 14
67.3 26.49708 14
67.4 26.52625 14
67.5 26.55475 14
67.6 26.58353 14
67.7 26.61579 14
67.8 26.65958 14
67.9 26.70767 14
68.0 26.75574 14
68.1 26.80384 14
68.2 26.85194 14
68.3 26.90004 14
68.4 26.94815 14
68.5 26.99625 14
68.6 27.04434 14
68.7 27.09245 14
68.8 27.14056 14
68.9 27.18868 14
69.0 27.23680 14
69.1 27.28491 14
69.2 27.53629 14
69.3 27.49239 14
69.4 27.47901 14
69.5 27.52675 14
69.6 27.61320 14
69.7 27.70792 14
69.8 27.76941 14
69.9 27.80959 14
70.0 27.84147 14
70.1 27.87060 14
70.2 27.89883 14
70.3 27.92646 14
70.4 27.95414 14
70.5 27.98163 14
70.6 28.00913 14
70.7 28.04758 14
70.8 28.09573 14
70.9 28.14389 14
71.0 28.19205 14
71.1 28.24021 14
71.2 28.28838 14
71.3 28.33654 14
71.4 28.38470 14
71.5 28.43287 14
71.6 28.47865 14
71.7 28.52420 14
71.8 28.56977 14
71.9 28.61535 14
72.0 28.66095 14
72.1 28.70656 14
72.2 28.75218 14
72.3 28.79782 14
72.4 28.84348 14
72.5 28.88914 14
72.6 29.16942 14
72.7 29.15494 14
72.8 29.12190 14
72.9 29.12462 14
73.0 29.16180 14
73.1 29.21722 14
73.2 29.29215 14
73.3 29.38395 14
73.4 29.45933 14
73.5 29.51678 14
73.6 29.56129 14
73.7 29.59844 14
73.8 29.63193 14
73.9 29.66387 14
74.0 29.69488 14
74.1 29.72553 14
74.2 29.75603 14
74.3 29.78644 14
74.4 29.81695 14
74.5 29.84726 14
74.6 29.87756 14
74.7 29.90785 14
74.8 29.94148 14
74.9 29.98131 14
75.0 30.02732 14
75.1 30.07334 14
75.2 30.11937 14
75.3 30.16542 14
75.4 30.21148 14
75.5 30.25755 14
75.6 30.30364 14
75.7 30.34975 14
75.8 30.39589 14
75.9 30.44202 14
76.0 30.48817 14
76.1 30.53434 14
76.2 30.58052 14
76.3 30.62671 14
76.4 30.67292 14
76.5 30.71914 14
76.6 30.76540 14
76.7 30.81165 14
76.8 30.85792 14
76.9 30.90420 14
77.0 30.95049 14
77.1 30.99680 14
77.2 31.04313 14
77.3 31.33746 14
77.4 31.30251 14
77.5 31.26083 14
77.6 31.27789 14
77.7 31.31689 14
77.8 31.37489 14
77.9 31.44569 14
78.0 31.54609 14
78.1 31.63089 14
78.2 31.69546 14
78.3 31.74443 14
78.4 31.78395 14
78.5 31.81885 14
78.6 31.85120 14
78.7 31.88222 14
78.8 31.91271 14
78.9 31.94295 14
79.0 31.97347 14
79.1 32.00368 14
79.2 32.03366 14
79.3 32.06362 14
79.4 32.09357 14
79.5 32.12390 14
79.6 32.15729 14
79.7 32.19751 14
79.8 32.24331 14
79.9 32.29001 14
80.0 32.33675 14
80.1 32.38348 14
80.2 32.43022 14
80.3 32.47698 14
80.4 32.52377 14
80.5 32.57056 14
80.6 32.61737 14
80.7 32.66418 14
80.8 32.71104 14
80.9 32.75789 14
81.0 32.80475 14
81.1 32.85163 14
81.2 32.89854 14
81.3 32.94545 14
81.4 32.99238 14
81.5 33.03931 14
81.6 33.08629 14
81.7 33.13326 14
81.8 33.18024 14
81.9 33.22724 14
82.0 33.27428 14
82.1 33.32131 14
82.2 33.36835 14
82.3 33.63693 14
82.4 33.58458 14
82.5 33.57083 14
82.6 33.60141 14
82.7 33.64872 14
82.8 33.70948 14
82.9 33.78577 14
83.0 33.89503 14
83.1 33.98305 14
83.2 34.05021 14
83.3 34.10072 14
83.4 34.14135 14
83.5 34.17632 14
83.6 34.20853 14
83.7 34.23999 14
83.8 34.27022 14
83.9 34.30015 14
84.0 34.33032 14
84.1 34.36001 14
84.2 34.38982 14
84.3 34.41940 14
84.4 34.44937 14
84.5 34.47892 14
84.6 34.50846 14
84.7 34.54547 14
84.8 34.58633 14
84.9 34.63336 14
85.0 34.68083 14
85.1 34.72828 14
85.2 34.77576 14
85.3 34.82327 14
85.4 34.87077 14
85.5 34.91832 14
85.6 34.96585 14
85.7 35.01340 14
85.8 35.06099 14
85.9 35.10857 14
86.0 35.15616 14
86.1 35.20380 14
86.2 35.25143 14
86.3 35.29907 14
86.4 35.34675 14
86.5 35.39442 14
86.6 35.44211 14
86.7 35.48984 14
86.8 35.53756 14
86.9 35.58532 14
87.0 35.63307 14
87.1 35.68084 14
87.2 35.72864 14
87.3 35.77644 14
87.4 35.82425 14
87.5 35.87211 14
87.6 36.07193 14
87.7 36.03985 14
87.8 36.06485 14
87.9 36.10958 14
88.0 36.16185 14
88.1 36.23048 14
88.2 36.32096 14
88.3 36.43452 14
88.4 36.52318 14
88.5 36.58887 14
88.6 36.63868 14
88.7 36.67863 14
88.8 36.71356 14
88.9 36.74548 14
89.0 36.77665 14
89.1 36.80654 14
89.2 36.83651 14
89.3 36.86590 14
89.4 36.89519 14
89.5 36.92506 14
89.6 36.95424 14
89.7 36.98381 14
89.8 37.01296 14
89.9 37.04210 14
90.0 37.07263 14
90.1 37.11421 14
90.2 37.15685 14
90.3 37.20509 14
90.4 37.25337 14
90.5 37.30163 14
90.6 37.34992 14
90.7 37.39825 14
90.8 37.44656 14
90.9 37.49492 14
91.0 37.54327 14
91.1 37.59166 14
91.2 37.64004 14
91.3 37.68846 14
91.4 37.73687 14
91.5 37.78530 14
91.6 37.83377 14
91.7 37.88223 14
91.8 37.93073 14
91.9 37.97922 14
92.0 38.02776 14
92.1 38.07628 14
92.2 38.12485 14
92.3 38.17340 14
92.4 38.22197 14
92.5 38.27059 14
92.6 38.31919 14
92.7 38.36784 14
92.8 38.41647 14
92.9 38.46515 14
93.0 38.51382 14
93.1 38.73987 14
93.2 38.69164 14
93.3 38.71394 14
93.4 38.75676 14
93.5 38.80717 14
93.6 38.86555 14
93.7 38.94381 14
93.8 39.05584 14
93.9 39.16879 14
94.0 39.25512 14
94.1 39.31859 14
94.2 39.36688 14
94.3 39.40593 14
94.4 39.44032 14
94.5 39.47181 14
94.6 39.50260 14
94.7 39.53210 14
94.8 39.56167 14
94.9 39.59066 14
95.0 39.61995 14
95.1 39.64901 14
95.2 39.67818 14
95.3 39.70692 14
95.4 39.73606 14
95.5 39.76478 14
95.6 39.79389 14
95.7 39.83043 14
95.8 39.87296 14
95.9 39.91778 14
96.0 39.96693 14
96.1 40.01607 14
96.2 40.06525 14
96.3 40.11442 14
96.4 40.16363 14
96.5 40.21284 14
96.6 40.26208 14
96.7 40.31135 14
96.8 40.36060 14
96.9 40.40989 14
97.0 40.45918 14
97.1 40.50851 14
97.2 40.55782 14
97.3 40.60719 14
97.4 40.65654 14
97.5 40.70593 14
97.6 40.75531 14
97.7 40.80474 14
97.8 40.85416 14
97.9 40.90362 14
98.0 40.95307 14
98.1 41.00256 14
98.2 41.05204 14
98.3 41.10157 14
98.4 41.15109 14
98.5 41.20065 14
98.6 41.25022 14
98.7 41.29979 14
98.8 41.34940 14
98.9 41.39900 14
99.0 41.54130 14
99.1 41.55812 14
99.2 41.59889 14
99.3 41.64738 14
99.4 41.70314 14
99.5 41.76826 14
99.6 41.85500 14
99.7 41.98601 14
99.8 42.10063 14
99.9 42.18539 14
100.0 42.24791 14
100.1 42.29551 14
100.2 42.33416 14
100.3 42.36823 14
100.4 42.39940 14
100.5 42.42986 14
100.6 42.45938 14
100.7 42.48814 14
100.8 42.51712 14
100.9 42.54557 14
101.0 42.57437 14
101.1 42.60296 14
101.2 42.63167 14
101.3 42.66036 14
101.4 42.68863 14
101.5 42.71730 14
101.6 42.74555 14
101.7 42.78849 14
101.8 42.83175 14
101.9 42.87819 14
102.0 42.92830 14
102.1 42.97840 14
102.2 43.02855 14
102.3 43.07868 14
102.4 43.12886 14
102.5 43.17903 14
102.6 43.22924 14
102.7 43.27947 14
102.8 43.32969 14
102.9 43.37996 14
103.0 43.43021 14
103.1 43.48051 14
103.2 43.53079 14
103.3 43.58113 14
103.4 43.63148 14
103.5 43.68182 14
103.6 43.73220 14
103.7 43.78257 14
103.8 43.83299 14
103.9 43.88343 14
104.0 43.93385 14
104.1 43.98432 14
104.2 44.03477 14
104.3 44.08528 14
104.4 44.13580 14
104.5 44.18631 14
104.6 44.23686 14
104.7 44.28741 14
104.8 44.33800 14
104.9 44.38860 14
105.0 44.43920 14
105.1 44.48984 14
105.2 44.50000 14
105.3 44.50000 14
105.4 44.50000 14
105.5 44.50000 14
105.6 44.50000 14
105.7 44.50000 14
105.8 44.50000 14
105.9 44.50000 14
106.0 44.50000 14
106.1 44.50000 14
106.2 44.50000 14
106.3 44.50000 14
106.4 44.50000 14
106.5 44.50000 14
106.6 44.50000 14
106.7 44.50000 14
106.8 44.50000 14
106.9 44.50000 14
107.0 44.50000 14
107.1 44.50000 14
107.2 44.50000 14
107.3 44.50000 14
107.4 44.50000 14
107.5 44.50000 14
107.6 44.50000 14
107.7 44.50000 14
107.8 44.50000 14
107.9 44.50000 14
108.0 44.50000 14
108.1 44.50000 14
108.2 44.50000 14
108.3 44.50000 14
108.4 44.50000 14
108.5 44.50000 14
108.6 44.50000 14
108.7 44.50000 14
108.8 44.50000 14
108.9 44.50000 14
109.0 44.50000 14
109.1 44.50000 14
109.2 44.50000 14
109.3 44.50000 14
109.4 44.50000 14
109.5 44.50000 14
109.6 44.50000 14
109.7 44.50000 14
109.8 44.50000 14
109.9 44.50000 14
110.0 44.50000 14
110.1 44.50000 14
110.2 44.50000 14
110.3 44.50000 14
110.4 44.50000 14
110.5 44.50000 14
110.6 44.50000 14
110.7 44.50000 14
110.8 44.50000 14
110.9 44.50000 14
111.0 44.50000 14
111.1 44.50000 14
111.2 44.50000 14
111.3 44.50000 14
111.4 44.50000 14
111.5 44.50000 14
111.6 44.50000 14
111.7 44.50000 14
111.8 44.50000 14
111.9 44.50000 14
112.0 44.50000 14
112.1 44.50000 14
112.2 44.50000 14
112.3 44.50000 14
112.4 44.50000 14
112.5 44.50000 14
112.6 44.50000 14
112.7 44.50000 14
112.8 44.50000 14
112.9 44.50000 14
113.0 44.50000 14
113.1 44.50000 14
113.2 44.50000 14
113.3 44.50000 14
113.4 44.50000 14
113.5 44.50000 14
113.6 44.50000 14
113.7 44.50000 14
113.8 44.50000 14
113.9 44.50000 14
114.0 44.50000 14
114.1 44.50000 14
114.2 44.50000 14
114.3 44.50000 14
114.4 44.50000 14
114.5 44.50000 14
114.6 44.50000 14
114.7 44.50000 14
114.8 44.50000 14
114.9 44.50000 14
115.0 44.50000 14
115.1 44.50000 14
115.2 44.50000 14
115.3 44.50000 14
115.4 44.50000 14
115.5 44.50000 14
115.6 44.50000 14
115.7 44.50000 14
115.8 44.50000 14
115.9 44.50000 14
116.0 44.50000 14
116.1 44.50000 14
116.2 44.50000 14
116.3 44.50000 14
116.4 44.50000 14
116.5 44.50000 14
116.6 44.50000 14
116.7 44.50000 14
116.8 44.50000 14
116.9 44.50000 14
117.0 44.50000 14
117.1 44.50000 14
117.2 44.50000 14
117.3 44.50000 14
117.4 44.50000 14
117.5 44.50000 14
117.6 44.50000 14
117.7 44.50000 14
117.8 44.50000 14
117.9 44.50000 14
118.0 44.50000 14
118.1 44.50000 14
118.2 44.50000 14
118.3 44.50000 14
118.4 44.50000 14
118.5 44.50000 14
118.6 44.50000 14
118.7 44.50000 14
118.8 44.50000 14
118.9 44.50000 14
119.0 44.50000 14
119.1 44.50000 14
119.2 44.50000 14
119.3 44.50000 14
119.4 44.50000 14
119.5 44.50000 14
119.6 44.50000 14
119.7 44.50000 14
119.8 44.50000 14
119.9 44.50000 14
120.0 44.50000 14
120.1 44.50000 14
120.2 44.50000 14
120.3 44.50000 14
120.4 44.50000 14
120.5 44.50000 14
120.6 44.50000 14
120.7 44.50000 14
120.8 44.50000 14
120.9 44.50000 14
121.0 44.50000 14
121.1 44.50000 14
121.2 44.50000 14
121.3 44.50000 14
121.4 44.50000 14
121.5 44.50000 14
121.6 44.50000 14
121.7 44.50000 14
121.8 44.50000 14
121.9 44.50000 14
122.0 44.50000 14
122.1 44.50000 14
122.2 44.50000 14
122.3 44.50000 14
122.4 44.50000 14
122.5 44.50000 14
122.6 44.50000 14
122.7 44.50000 14
122.8 44.50000 14
122.9 44.50000 14
123.0 44.50000 14
123.1 44.50000 14
123.2 44.50000 14
123.3 44.50000 14
123.4 44.50000 14
123.5 44.50000 14
123.6 44.50000 14
123.7 44.50000 14
123.8 44.50000 14
123.9 44.50000 14
124.0 44.50000 14
124.1 44.50000 14
124.2 44.50000 14
124.3 44.50000 14
124.4 44.50000 14
124.5 44.50000 14
124.6 44.50000 14
124.7 44.50000 14
124.8 44.50000 14
124.9 44.50000 14
125.0 44.50000 14
125.1 44.50000 14
125.2 44.50000 14
125.3 44.50000 14
125.4 44.50000 14
125.5 44.50000 14
125.6 44.50000 14
125.7 44.50000 14
125.8 44.50000 14
125.9 44.50000 14
126.0 44.50000 14
126.1 44.50000 14
126.2 44.50000 14
126.3 44.50000 14
126.4 44.50000 14
126.5 44.50000 14
126.6 44.50000 14
126.7 44.50000 14
126.8 44.50000 14
126.9 44.50000 14
127.0 44.50000 14
127.1 44.50000 14
127.2 44.50000 14
127.3 44.50000 14
127.4 44.50000 14
127.5 44.50000 14
127.6 44.50000 14
127.7 44.50000 14
127.8 44.50000 14
127.9 44.50000 14
128.0 44.50000 14
128.1 44.50000 14
128.2 44.50000 14
128.3 44.50000 14
128.4 44.50000 14
128.5 44.50000 14
128.6 44.50000 14
128.7 44.50000 14
128.8 44.50000 14
128.9 44.50000 14
129.0 44.50000 14
129.1 44.50000 14
129.2 44.50000 14
129.3 44.50000 14
129.4 44.50000 14
129.5 44.50000 14
129.6 44.50000 14
129.7 44.50000 14
129.8 44.50000 14
129.9 44.50000 14
130.0 44.50000 14
130.1 44.50000 14
130.2 44.50000 14
130.3 44.50000 14
130.4 44.50000 14
130.5 44.50000 14
130.6 44.50000 14
130.7 44.50000 14
130.8 44.50000 14
130.9 44.50000 14
131.0 44.50000 14
131.1 44.50000 14
131.2 44.50000 14
131.3 44.50000 14
131.4 44.50000 14
131.5 44.50000 14
131.6 44.50000 14
131.7 44.50000 14
131.8 44.50000 14
131.9 44.50000 14
132.0 44.50000 14
132.1 44.50000 14
132.2 44.50000 14
132.3 44.50000 14
132.4 44.50000 14
132.5 44.50000 14
132.6 44.50000 14
132.7 44.50000 14
132.8 44.50000 14
132.9 44.50000 14
133.0 44.50000 14
133.1 44.50000 14
133.2 44.50000 14
133.3 44.50000 14
133.4 44.50000 14
133.5 44.50000 14
133.6 44.50000 14
133.7 44.50000 14
133.8 44.50000 14
133.9 44.50000 14
134.0 44.50000 14
134.1 44.50000 14
134.2 44.50000 14
134.3 44.50000 14
134.4 44.50000 14
134.5 44.50000 14
134.6 44.50000 14
134.7 44.50000 14
134.8 44.50000 14
134.9 44.50000 14
135.0 44.50000 14
135.1 44.50000 14
135.2 44.50000 14
135.3 44.50000 14
135.4 44.50000 14
135.5 44.50000 14
135.6 44.50000 14
135.7 44.50000 14
135.8 44.50000 14
135.9 44.50000 14
136.0 44.50000 14
136.1 44.50000 14
136.2 44.50000 14
136.3 44.50000 14
136.4 44.50000 14
136.5 44.50000 14
136.6 44.50000 14
136.7 44.50000 14
136.8 44.50000 14
136.9 44.50000 14
137.0 44.50000 14
137.1 44.50000 14
137.2 44.50000 14
137.3 44.50000 14
137.4 44.50000 14
137.5 44.50000 14
137.6 44.50000 14
137.7 44.50000 14
137.8 44.50000 14
137.9 44.50000 14
138.0 44.50000 14
138.1 44.50000 14
138.2 44.50000 14
138.3 44.50000 14
138.4 44.50000 14
138.5 44.50000 14
138.6 44.50000 14
138.7 44.50000 14
138.8 44.50000 14
138.9 44.50000 14
139.0 44.50000 14
139.1 44.50000 14
139.2 44.50000 14
139.3 44.50000 14
139.4 44.50000 14
139.5 44.50000 14
139.6 44.50000 14
139.7 44.50000 14
139.8 44.50000 14
139.9 44.50000 14
140.0 44.50000 14
140.1 44.50000 14
140.2 44.50000 14
140.3 44.50000 14
140.4 44.50000 14
140.5 44.50000 14
140.6 44.50000 14
140.7 44.50000 14
140.8 44.50000 14
140.9 44.50000 14
141.0 44.50000 14
141.1 44.50000 14
141.2 44.50000 14
141.3 44.50000 14
141.4 44.50000 14
141.5 44.50000 14
141.6 44.50000 14
141.7 44.50000 14
141.8 44.50000 14
141.9 44.50000 14
142.0 44.50000 14
142.1 44.50000 14
142.2 44.50000 14
142.3 44.50000 14
142.4 44.50000 14
142.5 44.50000 14
142.6 44.50000 14
142.7 44.50000 14
142.8 44.50000 14
142.9 44.50000 14
143.0 44.50000 14
143.1 44.50000 14
143.2 44.50000 14
143.3 44.50000 14
143.4 44.50000 14
143.5 44.50000 14
143.6 44.50000 14
143.7 44.50000 14
143.8 44.50000 14
143.9 44.50000 14
144.0 44.50000 14
144.1 44.50000 14
144.2 44.50000 14
144.3 44.50000 14
144.4 44.50000 14
144.5 44.50000 14
144.6 44.50000 14
144.7 44.50000 14
144.8 44.50000 14
144.9 44.50000 14
145.0 44.50000 14
145.1 44.50000 14
145.2 44.50000 14
145.3 44.50000 14
145.4 44.50000 14
145.5 44.50000 14
145.6 44.50000 14
145.7 44.50000 14
145.8 44.50000 14
145.9 44.50000 14
146.0 44.50000 14
146.1 44.50000 14
146.2 44.50000 14
146.3 44.50000 14
146.4 44.50000 14
146.5 44.50000 14
146.6 44.50000 14
146.7 44.50000 14
146.8 44.50000 14
146.9 44.50000 14
147.0 44.50000 14
147.1 44.50000 14
147.2 44.50000 14
147.3 44.50000 14
147.4 44.50000 14
147.5 44.50000 14
147.6 44.50000 14
147.7 44.50000 14
147.8 44.50000 14
147.9 44.50000 14
148.0 44.50000 14
148.1 44.50000 14
148.2 44.50000 14
148.3 44.50000 14
148.4 44.50000 14
148.5 44.50000 14
148.6 44.50000 14
148.7 44.50000 14
148.8 44.50000 14
148.9 44.50000 14
149.0 44.50000 14
149.1 44.50000 14
149.2 44.50000 14
149.3 44.50000 14
149.4 44.50000 14
149.5 44.50000 14
149.6 44.50000 14
149.7 44.50000 14
149.8 44.50000 14
149.9 44.50000 14
150.0 44.50000 14
150.1 44.50000 14
150.2 44.50000 14
150.3 44.50000 14
150.4 44.50000 14
150.5 44.50000 14
150.6 44.50000 14
150.7 44.50000 14
150.8 44.50000 14
150.9 44.50000 14
151.0 44.50000 14
151.1 44.50000 14
151.2 44.50000 14
151.3 44.50000 14
151.4 44.50000 14
151.5 44.50000 14
151.6 44.50000 14
151.7 44.50000 14
151.8 44.50000 14
151.9 44.50000 14
152.0 44.50000 14
152.1 44.50000 14
152.2 44.50000 14
152.3 44.50000 14
152.4 44.50000 14
152.5 44.50000 14
152.6 44.50000 14
152.7 44.50000 14
152.8 44.50000 14
152.9 44.50000 14
153.0 44.50000 14
153.1 44.50000 14
153.2 44.50000 14
153.3 44.50000 14
153.4 44.50000 14
153.5 44.50000 14
153.6 44.50000 14
153.7 44.50000 14
153.8 44.50000 14
153.9 44.50000 14
154.0 44.50000 14
154.1 44.50000 14
154.2 44.50000 14
154.3 44.50000 14
154.4 44.50000 14
154.5 44.50000 14
154.6 44.50000 14
154.7 44.50000 14
154.8 44.50000 14
154.9 44.50000 14
155.0 44.50000 14
155.1 44.50000 14
155.2 44.50000 14
155.3 44.50000 14
155.4 44.50000 14
155.5 44.50000 14
155.6 44.50000 14
155.7 44.50000 14
155.8 44.50000 14
155.9 44.50000 14
156.0 44.50000 14
156.1 44.50000 14
156.2 44.50000 14
156.3 44.50000 14
156.4 44.50000 14
156.5 44.50000 14
156.6 44.50000 14
156.7 44.50000 14
156.8 44.50000 14
156.9 44.50000 14
157.0 44.50000 14
157.1 44.50000 14
157.2 44.50000 14
157.3 44.50000 14
157.4 44.50000 14
157.5 44.50000 14
157.6 44.50000 14
157.7 44.50000 14
157.8 44.50000 14
157.9 44.50000 14
158.0 44.50000 14
158.1 44.50000 14
158.2 44.50000 14
158.3 44.50000 14
158.4 44.50000 14
158.5 44.50000 14
158.6 44.50000 14
158.7 44.50000 14
158.8 44.50000 14
158.9 44.50000 14
159.0 44.50000 14
159.1 44.50000 14
159.2 44.50000 14
159.3 44.50000 14
159.4 44.50000 14
159.5 44.50000 14
159.6 44.50000 14
159.7 44.50000 14
159.8 44.50000 14
159.9 44.50000 14
160.0 44.50000 14
160.1 44.50000 14
160.2 44.50000 14
160.3 44.50000 14
160.4 44.50000 14
160.5 44.50000 14
160.6 44.50000 14
160.7 44.50000 14
160.8 44.50000 14
160.9 44.50000 14
161.0 44.50000 14
161.1 44.50000 14
161.2 44.50000 14
161.3 44.50000 14
161.4 44.50000 14
161.5 44.50000 14
161.6 44.50000 14
161.7 44.50000 14
161.8 44.50000 14
161.9 44.50000 14
162.0 44.50000 14
162.1 44.50000 14
162.2 44.50000 14
162.3 44.50000 14
162.4 44.50000 14
162.5 44.50000 14
162.6 44.50000 14
162.7 44.50000 14
162.8 44.50000 14
162.9 44.50000 14
163.0 44.50000 14
163.1 44.50000 14
163.2 44.50000 14
163.3 44.50000 14
163.4 44.50000 14
163.5 44.50000 14
163.6 44.50000 14
163.7 44.50000 14
163.8 44.50000 14
163.9 44.50000 14
164.0 44.50000 14
164.1 44.50000 14
164.2 44.50000 14
164.3 44.50000 14
164.4 44.50000 14
164.5 44.50000 14
164.6 44.50000 14
164.7 44.50000 14
164.8 44.50000 14
164.9 44.50000 14
165.0 44.50000 14
165.1 44.50000 14
165.2 44.50000 14
165.3 44.50000 14
165.4 44.50000 14
165.5 44.50000 14
165.6 44.50000 14
165.7 44.50000 14
165.8 44.50000 14
165.9 44.50000 14
166.0 44.50000 14
166.1 44.50000 14
166.2 44.50000 14
166.3 44.50000 14
166.4 44.50000 14
166.5 44.50000 14
166.6 44.50000 14
166.7 44.50000 14
166.8 44.50000 14
166.9 44.50000 14
167.0 44.50000 14
167.1 44.50000 14
167.2 44.50000 14
167.3 44.50000 14
167.4 44.50000 14
167.5 44.50000 14
167.6 44.50000 14
167.7 44.50000 14
167.8 44.50000 14
167.9 44.50000 14
168.0 44.50000 14
168.1 44.50000 14
168.2 44.50000 14
168.3 44.50000 14
168.4 44.50000 14
168.5 44.50000 14
168.6 44.50000 14
168.7 44.50000 14
168.8 44.50000 14
168.9 44.50000 14
169.0 44.50000 14
169.1 44.50000 14
169.2 44.50000 14
169.3 44.50000 14
169.4 44.50000 14
169.5 44.50000 14
169.6 44.50000 14
169.7 44.50000 14
169.8 44.50000 14
169.9 44.50000 14
170.0 44.50000 14
170.1 44.50000 14
170.2 44.50000 14
170.3 44.50000 14
170.4 44.50000 14
170.5 44.50000 14
170.6 44.50000 14
170.7 44.50000 14
170.8 44.50000 14
170.9 44.50000 14
171.0 44.50000 14
171.1 44.50000 14
171.2 44.50000 14
171.3 44.50000 14
171.4 44.50000 14
171.5 44.50000 14
171.6 44.50000 14
171.7 44.50000 14
171.8 44.50000 14
171.9 44.50000 14
172.0 44.50000 14
172.1 44.50000 14
172.2 44.50000 14
172.3 44.50000 14
172.4 44.50000 14
172.5 44.50000 14
172.6 44.50000 14
172.7 44.50000 14
172.8 44.50000 14
172.9 44.50000 14
173.0 44.50000 14
173.1 44.50000 14
173.2 44.50000 14
173.3 44.50000 14
173.4 44.50000 14
173.5 44.50000 14
173.6 44.50000 14
173.7 44.50000 14
173.8 44.50000 14
173.9 44.50000 14
174.0 44.50000 14
174.1 44.50000 14
174.2 44.50000 14
174.3 44.50000 14
174.4 44.50000 14
174.5 44.50000 14
174.6 44.50000 14
174.7 44.50000 14
174.8 44.50000 14
174.9 44.50000 14
175.0 44.50000 14
175.1 44.50000 14
175.2 44.50000 14
175.3 44.50000 14
175.4 44.50000 14
175.5 44.50000 14
175.6 44.50000 14
175.7 44.50000 14
175.8 44.50000 14
175.9 44.50000 14
176.0 44.50000 14
176.1 44.50000 14
176.2 44.50000 14
176.3 44.50000 14
176.4 44.50000 14
176.5 44.50000 14
176.6 44.50000 14
176.7 44.50000 14
176.8 44.50000 14
176.9 44.50000 14
177.0 44.50000 14
177.1 44.50000 14
177.2 44.50000 14
177.3 44.50000 14
177.4 44.50000 14
177.5 44.50000 14
177.6 44.50000 14
177.7 44.50000 14
177.8 44.50000 14
177.9 44.50000 14
178.0 44.50000 14
178.1 44.50000 14
178.2 44.50000 14
178.3 44.50000 14
178.4 44.50000 14
178.5 44.50000 14
178.6 44.50000 14
178.7 44.50000 14
178.8 44.50000 14
178.9 44.50000 14
179.0 44.50000 14
179.1 44.50000 14
179.2 44.50000 14
179.3 44.50000 14
179.4 44.50000 14
179.5 44.50000 14
179.6 44.50000 14
179.7 44.50000 14
179.8 44.50000 14
179.9 44.50000 14
180.0 44.50000 14
180.1 44.50000 14
180.2 44.50000 14
180.3 44.50000 14
180.4 44.50000 14
180.5 44.50000 14
180.6 44.50000 14
180.7 44.50000 14
180.8 44.50000 14
180.9 44.50000 14
181.0 44.50000 14
181.1 44.50000 14
181.2 44.50000 14
181.3 44.50000 14
181.4 44.50000 14
181.5 44.50000 14
181.6 44.50000 14
181.7 44.50000 14
181.8 44.50000 14
181.9 44.50000 14
182.0 44.50000 14
182.1 44.50000 14
182.2 44.50000 14
182.3 44.50000 14
182.4 44.50000 14
182.5 44.50000 14
182.6 44.50000 14
182.7 44.50000 14
182.8 44.50000 14
182.9 44.50000 14
183.0 44.50000 14
183.1 44.50000 14
183.2 44.50000 14
183.3 44.50000 14
183.4 44.50000 14
183.5 44.50000 14
183.6 44.50000 14
183.7 44.50000 14
183.8 44.50000 14
183.9 44.50000 14
184.0 44.50000 14
184.1 44.50000 14
184.2 44.50000 14
184.3 44.50000 14
184.4 44.50000 14
184.5 44.50000 14
184.6 44.50000 14
184.7 44.50000 14
184.8 44.50000 14
184.9 44.50000 14
185.0 44.50000 14
185.1 44.50000 14
185.2 44.50000 14
185.3 44.50000 14
185.4 44.50000 14
185.5 44.50000 14
185.6 44.50000 14
185.7 44.50000 14
185.8 44.50000 14
185.9 44.50000 14
186.0 44.50000 14
186.1 44.50000 14
186.2 44.50000 14
186.3 44.50000 14
186.4 44.50000 14
186.5 44.50000 14
186.6 44.50000 14
186.7 44.50000 14
186.8 44.50000 14
186.9 44.50000 14
187.0 44.50000 14
187.1 44.50000 14
187.2 44.50000 14
187.3 44.50000 14
187.4 44.50000 14
187.5 44.50000 14
187.6 44.50000 14
187.7 44.50000 14
187.8 44.50000 14
187.9 44.50000 14
188.0 44.50000 14
188.1 44.50000 14
188.2 0.00000 15
188.3 0.00000 15
188.4 44.50000 14
188.5 44.50000 14
188.6 44.50000 14
188.7 0.00000 15
188.8 0.00000 15
188.9 0.00000 15
189.0 0.00000 15
189.1 44.50000 14
189.2 0.00000 15
189.3 0.00000 15
189.4 0.00000 15
189.5 0.00000 15
189.6 0.00000 15
189.7 0.00000 15
189.8 0.00000 15
189.9 0.00000 15
190.0 0.00000 15
190.1 0.00000 15
190.2 0.00000 15
190.3 0.00000 15
190.4 0.00000 15
190.5 0.00000 15
190.6 0.00000 15
190.7 0.00000 15
190.8 0.00000 15
190.9 0.00000 15
191.0 0.00000 15
191.1 0.00000 15
191.2 0.00000 15
191.3 0.00000 15
191.4 0.00000 15
191.5 0.00000 15
191.6 0.00000 15
191.7 0.00000 15
191.8 0.00000 15
191.9 0.00000 15
192.0 0.00000 15
192.1 0.00000 15
192.2 0.00000 15
192.3 0.00000 15
192.4 0.00000 15
192.5 0.00000 15
192.6 0.00000 15
192.7 0.00000 15
192.8 0.00000 15
192.9 0.00000 15
193.0 0.00000 15
193.1 0.00000 15
193.2 0.00000 15
193.3 0.00000 15
193.4 0.00000 15
193.5 0.00000 15
193.6 0.00000 15
193.7 0.00000 15
193.8 0.00000 15
193.9 0.00000 15
194.0 0.00000 15
194.1 0.00000 15
194.2 0.00000 15
194.3 0.00000 15
194.4 0.00000 15
194.5 0.00000 15
194.6 0.00000 15
194.7 0.00000 15
194.8 0.00000 15
194.9 0.00000 15
195.0 0.00000 15
195.1 0.00000 15
195.2 0.00000 15
195.3 0.00000 15
195.4 0.00000 15
195.5 0.00000 15
195.6 0.00000 15
195.7 0.00000 15
195.8 0.00000 15
195.9 0.00000 15
196.0 0.00000 15
196.1 0.00000 15
196.2 0.00000 15
196.3 0.00000 15
196.4 0.00000 15
196.5 0.00000 15
196.6 0.00000 15
196.7 0.00000 15
196.8 0.00000 15
196.9 0.00000 15
197.0 0.00000 15
197.1 0.00000 15
197.2 0.00000 15
197.3 0.00000 15
197.4 0.00000 15
197.5 0.00000 15
197.6 0.00000 15
197.7 0.00000 15
197.8 0.00000 15
197.9 0.00000 15
198.0 0.00000 15
198.1 0.00000 15
198.2 0.00000 15
198.3 0.00000 15
198.4 0.00000 15
198.5 0.00000 15
198.6 0.00000 15
198.7 0.00000 15
198.8 0.00000 15
198.9 0.00000 15
199.0 0.00000 15
199.1 0.00000 15
199.2 0.00000 15
199.3 0.00000 15
199.4 0.00000 15
199.5 0.00000 15
199.6 0.00000 15
199.7 0.00000 15
199.8 0.00000 15
199.9 0.00000 15
200.0 0.00000 15
200.1 0.00000 15
200.2 0.00000 15
200.3 0.00000 15
200.4 0.00000 15
200.5 0.00000 15
200.6 0.00000 15
200.7 0.00000 15
200.8 0.00000 15
200.9 0.00000 15
201.0 0.00000 15
201.1 0.00000 15
201.2 0.00000 15
201.3 0.00000 15
201.4 0.00000 15
201.5 0.00000 15
201.6 0.00000 15
201.7 0.00000 15
201.8 0.00000 15
201.9 0.00000 15
202.0 0.00000 15
202.1 0.00000 15
202.2 0.00000 15
202.3 0.00000 15
202.4 0.00000 15
202.5 0.00000 15
202.6 0.00000 15
202.7 0.00000 15
202.8 0.00000 15
202.9 0.00000 15
203.0 0.00000 15
203.1 0.00000 15
203.2 0.00000 15
203.3 0.00000 15
203.4 0.00000 15
203.5 0.00000 15
203.6 0.00000 15
203.7 0.00000 15
203.8 0.00000 15
203.9 0.00000 15
204.0 0.00000 15
204.1 0.00000 15
204.2 0.00000 15
204.3 0.00000 15
204.4 0.00000 15
204.5 0.00000 15
204.6 0.00000 15
204.7 0.00000 15
204.8 0.00000 15
204.9 0.00000 15
205.0 0.00000 15
205.1 0.00000 15
205.2 0.00000 15
205.3 0.00000 15
205.4 0.00000 15
205.5 0.00000 15
205.6 0.00000 15
205.7 0.00000 15
205.8 0.00000 15
205.9 0.00000 15
206.0 0.00000 15
206.1 0.00000 15
206.2 0.00000 15
206.3 0.00000 15
206.4 0.00000 15
206.5 0.00000 15
206.6 0.00000 15
206.7 0.00000 15
206.8 0.00000 15
206.9 0.00000 15
207.0 0.00000 15
207.1 0.00000 15
207.2 0.00000 15
207.3 0.00000 15
207.4 0.00000 15
207.5 0.00000 15
207.6 0.00000 15
207.7 0.00000 15
207.8 0.00000 15
207.9 0.00000 15
208.0 0.00000 15
208.1 0.00000 15
208.2 0.00000 15
208.3 0.00000 15
208.4 0.00000 15
208.5 0.00000 15
208.6 0.00000 15
208.7 0.00000 15
208.8 0.00000 15
208.9 0.00000 15
209.0 0.00000 15
209.1 0.00000 15
209.2 0.00000 15
209.3 0.00000 15
209.4 0.00000 15
209.5 0.00000 15
209.6 0.00000 15
209.7 0.00000 15
209.8 0.00000 15
209.9 0.00000 15
210.0 0.00000 15
210.1 0.00000 15
210.2 0.00000 15
210.3 0.00000 15
210.4 0.00000 15
210.5 0.00000 15
210.6 0.00000 15
210.7 0.00000 15
210.8 0.00000 15
210.9 0.00000 15
211.0 0.00000 15
211.1 0.00000 15
211.2 0.00000 15
211.3 0.00000 15
211.4 0.00000 15
211.5 0.00000 15
211.6 0.00000 15
211.7 0.00000 15
211.8 0.00000 15
211.9 0.00000 15
212.0 0.00000 15
212.1 0.00000 15
212.2 0.00000 15
212.3 0.00000 15
212.4 0.00000 15
212.5 0.00000 15
212.6 0.00000 15
212.7 0.00000 15
212.8 0.00000 15
212.9 0.00000 15
213.0 0.00000 15
213.1 0.00000 15
213.2 0.00000 15
213.3 0.00000 15
213.4 0.00000 15
213.5 0.00000 15
213.6 0.00000 15
213.7 0.00000 15
213.8 0.00000 15
213.9 0.00000 15
214.0 0.00000 15
214.1 0.00000 15
214.2 0.00000 15
214.3 0.00000 15
214.4 0.00000 15
214.5 0.00000 15
214.6 0.00000 15
214.7 0.00000 15
214.8 0.00000 15
214.9 0.00000 15
215.0 0.00000 15
215.1 0.00000 15
215.2 0.00000 15
215.3 0.00000 15
215.4 0.00000 15
215.5 0.00000 15
215.6 0.00000 15
215.7 0.00000 15
215.8 0.00000 15
215.9 0.00000 15
216.0 0.00000 15
216.1 0.00000 15
216.2 0.00000 15
216.3 0.00000 15
216.4 0.00000 15
216.5 0.00000 15
216.6 0.00000 15
216.7 0.00000 15
216.8 0.00000 15
216.9 0.00000 15
217.0 0.00000 15
217.1 0.00000 15
217.2 0.00000 15
217.3 0.00000 15
217.4 0.00000 15
217.5 0.00000 15
217.6 0.00000 15
217.7 0.00000 15
217.8 0.00000 15
217.9 0.00000 15
218.0 0.00000 15
218.1 0.00000 15
218.2 0.00000 15
218.3 0.00000 15
218.4 0.00000 15
218.5 0.00000 15
218.6 0.00000 15
218.7 0.00000 15
218.8 0.00000 15
218.9 0.00000 15
219.0 0.00000 15
219.1 0.00000 15
219.2 0.00000 15
219.3 0.00000 15
219.4 0.00000 15
219.5 0.00000 15
219.6 0.00000 15
219.7 0.00000 15
219.8 0.00000 15
219.9 0.00000 15
220.0 0.00000 15
220.1 0.00000 15
220.2 0.00000 15
220.3 0.00000 15
220.4 0.00000 15
220.5 0.00000 15
220.6 0.00000 15
220.7 0.00000 15
220.8 0.00000 15
220.9 0.00000 15
221.0 0.00000 15
221.1 0.00000 15
221.2 0.00000 15
221.3 0.00000 15
221.4 0.00000 15
221.5 0.00000 15
221.6 0.00000 15
221.7 0.00000 15
221.8 0.00000 15
221.9 0.00000 15
222.0 0.00000 15
222.1 0.00000 15
222.2 0.00000 15
222.3 0.00000 15
222.4 0.00000 15
222.5 0.00000 15
222.6 0.00000 15
222.7 0.00000 15
222.8 0.00000 15
222.9 0.00000 15
223.0 0.00000 15
223.1 0.00000 15
223.2 0.00000 15
223.3 0.00000 15
223.4 0.00000 15
223.5 0.00000 15
223.6 0.00000 15
223.7 0.00000 15
223.8 0.00000 15
223.9 0.00000 15
224.0 0.00000 15
224.1 0.00000 15
224.2 0.00000 15
224.3 0.00000 15
224.4 0.00000 15
224.5 0.00000 15
224.6 0.00000 15
224.7 0.00000 15
224.8 0.00000 15
224.9 0.00000 15
225.0 0.00000 15
225.1 0.00000 15
225.2 0.00000 15
225.3 0.00000 15
225.4 0.00000 15
225.5 0.00000 15
225.6 0.00000 15
225.7 0.00000 15
225.8 0.00000 15
225.9 0.00000 15
226.0 0.00000 15
226.1 0.00000 15
226.2 0.00000 15
226.3 0.00000 15
226.4 0.00000 15
226.5 0.00000 15
226.6 0.00000 15
226.7 0.00000 15
226.8 0.00000 15
226.9 0.00000 15
227.0 0.00000 15
227.1 0.00000 15
227.2 0.00000 15
227.3 0.00000 15
227.4 0.00000 15
227.5 0.00000 15
227.6 0.00000 15
227.7 0.00000 15
227.8 0.00000 15
227.9 0.00000 15
228.0 0.00000 15
228.1 0.00000 15
228.2 0.00000 15
228.3 0.00000 15
228.4 0.00000 15
228.5 0.00000 15
228.6 0.00000 15
228.7 0.00000 15
228.8 0.00000 15
228.9 0.00000 15
229.0 0.00000 15
229.1 0.00000 15
229.2 0.00000 15
229.3 0.00000 15
229.4 0.00000 15
229.5 0.00000 15
229.6 0.00000 15
229.7 0.00000 15
229.8 0.00000 15
229.9 0.00000 15
230.0 0.00000 15
230.1 0.00000 15
230.2 0.00000 15
230.3 0.00000 15
230.4 0.00000 15
230.5 0.00000 15
230.6 0.00000 15
230.7 0.00000 15
230.8 0.00000 15
230.9 0.00000 15
231.0 0.00000 15
231.1 0.00000 15
231.2 0.00000 15
231.3 0.00000 15
231.4 0.00000 15
231.5 0.00000 15
231.6 0.00000 15
231.7 0.00000 15
231.8 0.00000 15
231.9 0.00000 15
232.0 0.00000 15
232.1 0.00000 15
232.2 0.00000 15
232.3 0.00000 15
232.4 0.00000 15
232.5 0.00000 15
232.6 0.00000 15
232.7 0.00000 15
232.8 0.00000 15
232.9 0.00000 15
233.0 0.00000 15
233.1 0.00000 15
233.2 0.00000 15
233.3 0.00000 15
233.4 0.00000 15
233.5 0.00000 15
233.6 0.00000 15
233.7 0.00000 15
233.8 0.00000 15
233.9 0.00000 15
234.0 0.00000 15
234.1 0.00000 15
234.2 0.00000 15
234.3 0.00000 15
234.4 0.00000 15
234.5 0.00000 15
234.6 0.00000 15
234.7 0.00000 15
234.8 0.00000 15
234.9 0.00000 15
235.0 0.00000 15
235.1 0.00000 15
235.2 0.00000 15
235.3 0.00000 15
235.4 0.00000 15
235.5 0.00000 15
235.6 0.00000 15
235.7 0.00000 15
235.8 0.00000 15
235.9 0.00000 15
236.0 0.00000 15
236.1 0.00000 15
236.2 0.00000 15
236.3 0.00000 15
236.4 0.00000 15
236.5 0.00000 15
236.6 0.00000 15
236.7 0.00000 15
236.8 0.00000 15
236.9 0.00000 15
237.0 0.00000 15
237.1 0.00000 15
237.2 0.00000 15
237.3 0.00000 15
237.4 0.00000 15
237.5 0.00000 15
237.6 0.00000 15
237.7 0.00000 15
237.8 0.00000 15
237.9 0.00000 15
238.0 0.00000 15
238.1 0.00000 15
238.2 0.00000 15
238.3 0.00000 15
238.4 0.00000 15
238.5 0.00000 15
238.6 0.00000 15
238.7 0.00000 15
238.8 0.00000 15
238.9 0.00000 15
239.0 0.00000 15
239.1 0.00000 15
239.2 0.00000 15
239.3 0.00000 15
239.4 0.00000 15
239.5 0.00000 15
239.6 0.00000 15
239.7 0.00000 15
239.8 0.00000 15
239.9 0.00000 15
240.0 0.00000 15
240.1 0.00000 15
240.2 0.00000 15
240.3 0.00000 15
240.4 0.00000 15
240.5 0.00000 15
240.6 0.00000 15
240.7 0.00000 15
240.8 0.00000 15
240.9 0.00000 15
241.0 0.00000 15
241.1 0.00000 15
241.2 0.00000 15
241.3 0.00000 15
241.4 0.00000 15
241.5 0.00000 15
241.6 0.00000 15
241.7 0.00000 15
241.8 0.00000 15
241.9 0.00000 15
242.0 0.00000 15
242.1 0.00000 15
242.2 0.00000 15
242.3 0.00000 15
242.4 0.00000 15
242.5 0.00000 15
242.6 0.00000 15
242.7 0.00000 15
242.8 0.00000 15
242.9 0.00000 15
243.0 0.00000 15
243.1 0.00000 15
243.2 0.00000 15
243.3 0.00000 15
243.4 0.00000 15
243.5 0.00000 15
243.6 0.00000 15
243.7 0.00000 15
243.8 0.00000 15
243.9 0.00000 15
244.0 0.00000 15
244.1 0.00000 15
244.2 0.00000 15
244.3 0.00000 15
244.4 0.00000 15
244.5 0.00000 15
244.6 0.00000 15
244.7 0.00000 15
244.8 0.00000 15
244.9 0.00000 15
245.0 0.00000 15
245.1 0.00000 15
245.2 0.00000 15
245.3 0.00000 15
245.4 0.00000 15
245.5 0.00000 15
245.6 0.00000 15
245.7 0.00000 15
245.8 0.00000 15
245.9 0.00000 15
246.0 0.00000 15
246.1 0.00000 15
246.2 0.00000 15
246.3 0.00000 15
246.4 0.00000 15
246.5 0.00000 15
246.6 0.00000 15
246.7 0.00000 15
246.8 0.00000 15
246.9 0.00000 15
247.0 0.00000 15
247.1 0.00000 15
247.2 0.00000 15
247.3 0.00000 15
247.4 0.00000 15
247.5 0.00000 15
247.6 0.00000 15
247.7 0.00000 15
247.8 0.00000 15
247.9 0.00000 15
248.0 0.00000 15
248.1 0.00000 15
248.2 0.00000 15
248.3 0.00000 15
248.4 0.00000 15
248.5 0.00000 15
248.6 0.00000 15
248.7 0.00000 15
248.8 0.00000 15
248.9 0.00000 15
249.0 0.00000 15
249.1 0.00000 15
249.2 0.00000 15
249.3 0.00000 15
249.4 0.00000 15
249.5 0.00000 15
249.6 0.00000 15
249.7 0.00000 15
249.8 0.00000 15
249.9 0.00000 15
250.0 0.00000 15
