15.0 1.79552 13
15.1 1.82994 13
15.2 1.86491 13
15.3 1.89997 13
15.4 1.93475 13
15.5 1.97039 13
15.6 2.00560 13
15.7 2.04119 13
15.8 2.07770 13
15.9 2.11367 13
16.0 2.14999 13
16.1 2.18636 13
16.2 2.22234 13
16.3 2.25994 13
16.4 2.29698 13
16.5 2.33524 13
16.6 2.37267 13
16.7 2.41033 13
16.8 2.44821 13
16.9 2.48624 13
17.0 2.50238 14
17.1 2.55536 14
17.2 2.60874 14
17.3 2.66255 14
17.4 2.71528 14
17.5 2.76984 14
17.6 2.82479 14
17.7 2.88199 14
17.8 2.93775 14
17.9 2.99385 14
18.0 3.04859 14
18.1 3.10537 14
18.2 3.16246 14
18.3 3.21803 14
18.4 3.27571 14
18.5 3.33369 14
18.6 3.38997 14
18.7 3.46438 14
18.8 3.54660 14
18.9 3.62662 14
19.0 3.71035 14
19.1 3.79166 14
19.2 3.87679 14
19.3 3.96262 14
19.4 4.04571 14
19.5 4.13649 14
19.6 4.22112 14
19.7 4.31001 14
19.8 4.39576 14
19.9 4.48579 14
20.0 4.57651 14
20.1 4.67170 14
20.2 4.75921 14
20.3 4.84697 14
20.4 4.93490 14
20.5 5.02305 14
20.6 5.11242 14
20.7 5.20196 14
20.8 5.29161 14
20.9 5.38129 14
21.0 5.47094 14
21.1 5.62692 14
21.2 5.71539 14
21.3 5.80552 14
21.4 5.89558 14
21.5 5.98541 14
21.6 6.06556 14
21.7 6.10428 14
21.8 6.14194 14
21.9 6.18109 14
22.0 6.21946 14
22.1 6.25673 14
22.2 6.29288 14
22.3 6.32780 14
22.4 6.36322 14
22.5 6.39888 14
22.6 6.43335 14
22.7 6.46654 14
22.8 6.49818 14
22.9 6.53050 14
23.0 6.56318 14
23.1 6.59442 14
23.2 6.62412 14
23.3 6.65209 14
23.4 6.68206 14
23.5 6.71134 14
23.6 6.73899 14
23.7 6.76477 14
23.8 6.78985 14
23.9 6.81707 14
24.0 6.84259 14
24.1 6.86623 14
24.2 6.88767 14
24.3 6.91150 14
24.4 6.93491 14
24.5 6.95642 14
24.6 6.97568 14
24.7 6.99446 14
24.8 7.01590 14
24.9 7.03538 14
25.0 7.05260 14
25.1 7.06492 14
25.2 7.06663 14
25.3 7.04694 14
25.4 6.92310 14
25.5 6.87241 14
25.6 6.70233 14
25.7 6.61512 14
25.8 6.51044 14
25.9 6.36387 14
26.0 6.29321 14
26.1 6.12784 14
26.2 6.00189 14
26.3 5.93101 14
26.4 5.96139 14
26.5 5.99650 14
26.6 6.04059 14
26.7 6.09327 14
26.8 6.14613 14
26.9 6.21703 14
27.0 6.26603 14
27.1 6.31284 14
27.2 6.36711 14
27.3 6.42302 14
27.4 6.47811 14
27.5 6.54496 14
27.6 6.60049 14
27.7 6.65603 14
27.8 6.71291 14
27.9 6.77102 14
28.0 6.83150 14
28.1 6.89214 14
28.2 6.95312 14
28.3 7.01441 14
28.4 7.07689 14
28.5 7.14078 14
28.6 7.20259 14
28.7 7.26462 14
28.8 7.32597 14
28.9 7.39107 14
29.0 7.44116 14
29.1 7.49141 14
29.2 7.55117 14
29.3 7.61322 14
29.4 7.67754 14
29.5 7.32494 14
29.6 7.22694 14
29.7 7.85795 14
29.8 7.35229 14
29.9 7.34154 14
30.0 7.40529 14
30.1 7.44238 14
30.2 7.43951 14
30.3 7.46372 14
30.4 7.48765 14
30.5 7.51141 14
30.6 7.53496 14
30.7 7.55828 14
30.8 7.58143 14
30.9 7.60434 14
31.0 7.62707 14
31.1 7.64964 14
31.2 7.67202 14
31.3 7.69417 14
31.4 7.71617 14
31.5 7.74386 14
31.6 7.77162 14
31.7 7.79945 14
31.8 7.82733 14
31.9 7.85532 14
32.0 7.88340 14
32.1 7.91163 14
32.2 7.94002 14
32.3 7.96859 14
32.4 7.99739 14
32.5 8.02796 14
32.6 8.05943 14
32.7 8.09118 14
32.8 8.12326 14
32.9 8.15571 14
33.0 8.18861 14
33.1 8.22203 14
33.2 8.25606 14
33.3 8.29084 14
33.4 8.32649 14
33.5 8.36323 14
33.6 8.40131 14
33.7 8.43907 14
33.8 8.47306 14
33.9 8.50759 14
34.0 8.54275 14
34.1 8.57817 14
34.2 8.61354 14
34.3 8.64897 14
34.4 8.68438 14
34.5 8.64065 14
34.6 8.66426 14
34.7 8.68803 14
34.8 8.71196 14
34.9 8.73615 14
35.0 8.76058 14
35.1 8.78528 14
35.2 8.81028 14
35.3 8.83554 14
35.4 8.86115 14
35.5 8.88710 14
35.6 9.08808 14
35.7 9.09663 14
35.8 9.10025 14
35.9 9.09228 14
36.0 9.09908 14
36.1 9.11832 14
36.2 9.14647 14
36.3 9.18260 14
36.4 9.22796 14
36.5 9.28641 14
36.6 9.33457 14
36.7 9.37426 14
36.8 9.40771 14
36.9 9.43634 14
37.0 9.46176 14
37.1 9.48521 14
37.2 9.50753 14
37.3 9.52922 14
37.4 9.55052 14
37.5 9.57157 14
37.6 9.59245 14
37.7 9.61318 14
37.8 9.63378 14
37.9 9.65427 14
38.0 9.67465 14
38.1 9.69492 14
38.2 9.71805 14
38.3 9.74738 14
38.4 9.77685 14
38.5 9.80645 14
38.6 9.83622 14
38.7 9.86617 14
38.8 9.89634 14
38.9 9.92675 14
39.0 9.95842 14
39.1 9.99197 14
39.2 10.02579 14
39.3 10.05990 14
39.4 10.09435 14
39.5 10.12917 14
39.6 10.16442 14
39.7 10.20016 14
39.8 10.23650 14
39.9 10.27352 14
40.0 10.31136 14
40.1 10.35019 14
40.2 10.39017 14
40.3 10.43153 14
40.4 10.47458 14
40.5 10.51970 14
40.6 10.56734 14
40.7 10.53097 14
40.8 10.55117 14
40.9 10.57221 14
41.0 10.59415 14
41.1 10.61705 14
41.2 10.64092 14
41.3 10.66578 14
41.4 10.89624 14
41.5 10.88573 14
41.6 10.85381 14
41.7 10.85395 14
41.8 10.87729 14
41.9 10.91805 14
42.0 10.97985 14
42.1 11.05353 14
42.2 11.09885 14
42.3 11.13136 14
42.4 11.15558 14
42.5 11.17549 14
42.6 11.19338 14
42.7 11.16774 14
42.8 11.10628 14
42.9 10.90493 14
43.0 10.77731 14
43.1 10.69799 14
43.2 10.64655 14
43.3 10.61421 14
43.4 10.62890 14
43.5 10.61921 14
43.6 10.48713 14
43.7 10.38676 14
43.8 10.38600 14
43.9 10.25886 14
44.0 10.19496 14
44.1 10.16412 14
44.2 10.12702 14
44.3 10.14115 14
44.4 10.15385 14
44.5 10.13851 14
44.6 10.08775 14
44.7 9.93005 14
44.8 9.84730 14
44.9 9.80663 14
45.0 9.76468 14
45.1 9.72141 14
45.2 9.70504 14
45.3 9.71830 14
45.4 9.73090 14
45.5 9.70914 14
45.6 9.62600 14
45.7 9.68587 14
45.8 9.53399 14
45.9 9.42957 14
46.0 9.42504 14
46.1 9.36893 14
46.2 9.36341 14
46.3 9.33909 14
46.4 9.35144 14
46.5 9.32899 14
46.6 9.32985 14
46.7 9.37099 14
46.8 9.43394 14
46.9 9.57199 14
47.0 9.51240 14
47.1 9.52521 14
47.2 9.57309 14
47.3 9.62111 14
47.4 9.66928 14
47.5 9.76204 14
47.6 9.79123 14
47.7 9.91500 14
47.8 9.92474 14
47.9 10.03847 14
48.0 10.07890 14
48.1 10.09471 14
48.2 10.10825 14
48.3 10.12253 14
48.4 10.15172 14
48.5 10.20136 14
48.6 10.25121 14
48.7 10.30121 14
48.8 10.35135 14
48.9 10.40175 14
49.0 10.45219 14
49.1 10.53343 14
49.2 10.70046 14
49.3 10.66864 14
49.4 10.78372 14
49.5 10.84716 14
49.6 10.86603 14
49.7 10.87928 14
49.8 10.89200 14
49.9 10.91079 14
50.0 10.95665 14
50.1 11.00869 14
50.2 11.06087 14
50.3 11.11322 14
50.4 11.16578 14
50.5 11.21838 14
50.6 11.32092 14
50.7 11.35260 14
50.8 11.49689 14
50.9 11.50254 14
51.0 11.63596 14
51.1 11.69170 14
51.2 11.70891 14
51.3 11.72249 14
51.4 11.73445 14
51.5 11.75100 14
51.6 11.79797 14
51.7 11.85234 14
51.8 11.90698 14
51.9 11.96166 14
52.0 12.01649 14
52.1 12.07147 14
52.2 12.12673 14
52.3 12.22048 14
52.4 12.44505 14
52.5 12.37450 14
52.6 12.46111 14
52.7 12.58744 14
52.8 12.61667 14
52.9 12.62972 14
53.0 12.64217 14
53.1 12.65313 14
53.2 12.68029 14
53.3 12.73305 14
53.4 12.79007 14
53.5 12.84711 14
53.6 12.90433 14
53.7 12.96170 14
53.8 13.01934 14
53.9 13.07702 14
54.0 13.17635 14
54.1 13.42752 14
54.2 13.34435 14
54.3 13.42204 14
54.4 13.57254 14
54.5 13.60901 14
54.6 13.62349 14
54.7 13.63396 14
54.8 13.64403 14
54.9 13.66028 14
55.0 13.71075 14
55.1 13.77021 14
55.2 13.82985 14
55.3 13.88977 14
55.4 13.94972 14
55.5 14.00982 14
55.6 14.06127 14
55.7 14.08811 14
55.8 14.13147 14
55.9 14.23163 14
56.0 14.21001 14
56.1 14.26083 14
56.2 14.32283 14
56.3 14.33593 14
56.4 14.34153 14
56.5 14.34555 14
56.6 14.34941 14
56.7 14.35599 14
56.8 14.37824 14
56.9 14.40509 14
57.0 14.43195 14
57.1 14.45888 14
57.2 14.48576 14
57.3 14.51265 14
57.4 14.53961 14
57.5 14.56652 14
57.6 14.61466 14
57.7 14.75221 14
57.8 14.70160 14
57.9 14.72159 14
58.0 14.80429 14
58.1 14.83313 14
58.2 14.84058 14
58.3 14.84431 14
58.4 14.84812 14
58.5 14.85126 14
58.6 14.86123 14
58.7 14.88480 14
58.8 14.91183 14
58.9 14.93886 14
59.0 14.96598 14
59.1 14.99304 14
59.2 15.02011 14
59.3 15.04724 14
59.4 15.07428 14
59.5 15.12503 14
59.6 15.27868 14
59.7 15.22501 14
59.8 15.22837 14
59.9 15.29660 14
60.0 15.35381 14
60.1 15.36498 14
60.2 15.36925 14
60.3 15.37187 14
60.4 15.37430 14
60.5 15.37728 14
60.6 15.39543 14
60.7 15.42117 14
60.8 15.44842 14
60.9 15.47562 14
61.0 15.50283 14
61.1 15.53012 14
61.2 15.55734 14
61.3 15.58458 14
61.4 15.61189 14
61.5 15.66310 14
61.6 15.82512 14
61.7 15.76965 14
61.8 15.76868 14
61.9 15.83135 14
62.0 15.90266 14
62.1 15.91655 14
62.2 15.92016 14
62.3 15.92272 14
62.4 15.92437 14
62.5 15.92601 14
62.6 15.93731 14
62.7 15.96079 14
62.8 15.98821 14
62.9 16.01557 14
63.0 16.04295 14
63.1 16.07041 14
63.2 16.09781 14
63.3 16.12522 14
63.4 16.15270 14
63.5 16.18014 14
63.6 16.18188 14
63.7 16.23080 14
63.8 16.39516 14
63.9 16.39382 14
64.0 16.33198 14
64.1 16.34348 14
64.2 16.41599 14
64.3 16.48467 14
64.4 16.48564 14
64.5 16.49783 14
64.6 16.50061 14
64.7 16.50180 14
64.8 16.50333 14
64.9 16.50418 14
65.0 16.51073 14
65.1 16.53272 14
65.2 16.55987 14
65.3 16.58722 14
65.4 16.61450 14
65.5 16.64178 14
65.6 16.66916 14
65.7 16.66825 14
65.8 16.69546 14
65.9 16.69523 14
66.0 16.72243 14
66.1 16.74957 14
66.2 16.77671 14
66.3 16.82516 14
66.4 16.99815 14
66.5 16.93338 14
66.6 16.93807 14
66.7 16.99988 14
66.8 17.08887 14
66.9 17.10660 14
67.0 17.11072 14
67.1 17.11141 14
67.2 17.11158 14
67.3 17.11228 14
67.4 17.11224 14
67.5 17.11226 14
67.6 17.12616 14
67.7 17.14943 14
67.8 17.17671 14
67.9 17.20391 14
68.0 17.23113 14
68.1 17.25844 14
68.2 17.28568 14
68.3 17.31298 14
68.4 17.34021 14
68.5 17.36744 14
68.6 17.39476 14
68.7 17.44580 14
68.8 17.64201 14
68.9 17.57833 14
69.0 17.58730 14
69.1 17.55861 14
69.2 17.59194 14
69.3 17.69666 14
69.4 17.74326 14
69.5 17.75263 14
69.6 17.75448 14
69.7 17.75433 14
69.8 17.75411 14
69.9 17.75408 14
70.0 17.75331 14
70.1 17.75315 14
70.2 17.76463 14
70.3 17.78711 14
70.4 17.81439 14
70.5 17.84158 14
70.6 17.83672 14
70.7 17.86388 14
70.8 17.89100 14
70.9 17.91820 14
71.0 17.94535 14
71.1 17.97257 14
71.2 17.99973 14
71.3 18.02698 14
71.4 18.05415 14
71.5 18.10461 14
71.6 18.30844 14
71.7 18.24449 14
71.8 18.22164 14
71.9 18.25393 14
72.0 18.34717 14
72.1 18.41120 14
72.2 18.40512 14
72.3 18.42120 14
72.4 18.42368 14
72.5 18.42358 14
72.6 18.42221 14
72.7 18.42068 14
72.8 18.41974 14
72.9 18.41868 14
73.0 18.44039 14
73.1 18.46368 14
73.2 18.48986 14
73.3 18.51594 14
73.4 18.54213 14
73.5 18.56824 14
73.6 18.59444 14
73.7 18.62056 14
73.8 18.64677 14
73.9 18.63875 14
74.0 18.66478 14
74.1 18.69090 14
74.2 18.71694 14
74.3 18.74306 14
74.4 18.78486 14
74.5 18.96891 14
74.6 18.89588 14
74.7 18.90492 14
74.8 18.95897 14
74.9 19.07853 14
75.0 19.10613 14
75.1 19.11202 14
75.2 19.11213 14
75.3 19.11016 14
75.4 19.10844 14
75.5 19.10914 14
75.6 19.10679 14
75.7 19.10503 14
75.8 19.10262 14
75.9 19.12113 14
76.0 19.14317 14
76.1 19.16927 14
76.2 19.19530 14
76.3 19.22142 14
76.4 19.24745 14
76.5 19.23395 14
76.6 19.25988 14
76.7 19.28581 14
76.8 19.31183 14
76.9 19.33777 14
77.0 19.36380 14
77.1 19.38975 14
77.2 19.37837 14
77.3 19.40422 14
77.4 19.43014 14
77.5 19.45600 14
77.6 19.49420 14
77.7 19.64772 14
77.8 19.60364 14
77.9 19.62082 14
78.0 19.68105 14
78.1 19.80672 14
78.2 19.83392 14
78.3 19.83974 14
78.4 19.83938 14
78.5 19.83670 14
78.6 19.83426 14
78.7 19.83093 14
78.8 19.82833 14
78.9 19.82509 14
79.0 19.82643 14
79.1 19.83047 14
79.2 19.85216 14
79.3 19.87534 14
79.4 19.90116 14
79.5 19.92709 14
79.6 19.95292 14
79.7 19.97885 14
79.8 20.00469 14
79.9 20.03064 14
80.0 20.05647 14
80.1 20.08242 14
80.2 20.10828 14
80.3 20.13425 14
80.4 20.16012 14
80.5 20.18609 14
80.6 20.22805 14
80.7 20.19672 14
80.8 20.23493 14
80.9 20.42512 14
81.0 20.35589 14
81.1 20.36186 14
81.2 20.40703 14
81.3 20.51217 14
81.4 20.59491 14
81.5 20.60814 14
81.6 20.60890 14
81.7 20.60673 14
81.8 20.60297 14
81.9 20.59964 14
82.0 20.59556 14
82.1 20.59213 14
82.2 20.58803 14
82.3 20.60697 14
82.4 20.62904 14
82.5 20.61423 14
82.6 20.63638 14
82.7 20.66220 14
82.8 20.68792 14
82.9 20.71375 14
83.0 20.73950 14
83.1 20.76534 14
83.2 20.79119 14
83.3 20.81695 14
83.4 20.84280 14
83.5 20.86858 14
83.6 20.89444 14
83.7 20.92022 14
83.8 20.94609 14
83.9 20.97188 14
84.0 20.99774 14
84.1 21.25969 14
84.2 21.17283 14
84.3 21.25129 14
84.4 21.15976 14
84.5 21.14793 14
84.6 21.17775 14
84.7 21.25015 14
84.8 21.39107 14
84.9 21.41832 14
85.0 21.42481 14
85.1 21.42371 14
85.2 21.41966 14
85.3 21.41563 14
85.4 21.41058 14
85.5 21.40631 14
85.6 21.40135 14
85.7 21.39705 14
85.8 21.41340 14
85.9 21.43559 14
86.0 21.45942 14
86.1 21.48527 14
86.2 21.46349 14
86.3 21.48921 14
86.4 21.51484 14
86.5 21.54058 14
86.6 21.56632 14
86.7 21.59196 14
86.8 21.61770 14
86.9 21.64334 14
87.0 21.66909 14
87.1 21.69476 14
87.2 21.72052 14
87.3 21.74619 14
87.4 21.71781 14
87.5 21.74335 14
87.6 21.76898 14
87.7 21.79462 14
87.8 21.82017 14
87.9 21.85514 14
88.0 22.07265 14
88.1 21.85629 14
88.2 22.06407 14
88.3 21.99314 14
88.4 21.99113 14
88.5 22.02507 14
88.6 22.10050 14
88.7 22.24891 14
88.8 22.28274 14
88.9 22.28995 14
89.0 22.28890 14
89.1 22.28434 14
89.2 22.27959 14
89.3 22.27389 14
89.4 22.26879 14
89.5 22.26366 14
89.6 22.25784 14
89.7 22.25536 14
89.8 22.27733 14
89.9 22.29952 14
90.0 22.27670 14
90.1 22.29877 14
90.2 22.32251 14
90.3 22.34798 14
90.4 22.37335 14
90.5 22.39883 14
90.6 22.42431 14
90.7 22.44969 14
90.8 22.47518 14
90.9 22.50057 14
91.0 22.52606 14
91.1 22.55157 14
91.2 22.57696 14
91.3 22.60244 14
91.4 22.62785 14
91.5 22.65337 14
91.6 22.67878 14
91.7 22.70430 14
91.8 22.73779 14
91.9 22.98950 14
92.0 22.73553 14
92.1 23.00442 14
92.2 22.90059 14
92.3 22.87854 14
92.4 22.89771 14
92.5 22.94798 14
92.6 23.05035 14
92.7 23.18381 14
92.8 23.20617 14
92.9 23.21011 14
93.0 23.20680 14
93.1 23.20187 14
93.2 23.19621 14
93.3 23.18962 14
93.4 23.18365 14
93.5 23.17695 14
93.6 23.17095 14
93.7 23.16495 14
93.8 23.18076 14
93.9 23.20304 14
94.0 23.17553 14
94.1 23.19769 14
94.2 23.21971 14
94.3 23.24423 14
94.4 23.26956 14
94.5 23.29479 14
94.6 23.32012 14
94.7 23.34536 14
94.8 23.37070 14
94.9 23.39604 14
95.0 23.42128 14
95.1 23.44664 14
95.2 23.47189 14
95.3 23.49725 14
95.4 23.52261 14
95.5 23.54787 14
95.6 23.57320 14
95.7 23.59846 14
95.8 23.62384 14
95.9 23.64922 14
96.0 23.61518 14
96.1 23.64041 14
96.2 23.66554 14
96.3 23.97019 14
96.4 23.86215 14
96.5 23.82761 14
96.6 23.83707 14
96.7 23.87555 14
96.8 23.95033 14
96.9 24.10078 14
97.0 24.17686 14
97.1 24.18888 14
97.2 24.18858 14
97.3 24.18420 14
97.4 24.17748 14
97.5 24.17089 14
97.6 24.16410 14
97.7 24.15654 14
97.8 24.14965 14
97.9 24.14276 14
98.0 24.13518 14
98.1 24.14338 14
98.2 24.13836 14
98.3 24.13292 14
98.4 24.15517 14
98.5 24.17725 14
98.6 24.19952 14
98.7 24.22441 14
98.8 24.24958 14
98.9 24.27475 14
99.0 24.29981 14
99.1 24.32499 14
99.2 24.35006 14
99.3 24.37524 14
99.4 24.40043 14
99.5 24.42550 14
99.6 24.45069 14
99.7 24.47588 14
99.8 24.50097 14
99.9 24.52616 14
100.0 24.55122 14
100.1 24.57642 14
100.2 24.60162 14
100.3 24.56179 14
100.4 24.58685 14
100.5 24.61180 14
100.6 24.63687 14
100.7 24.66193 14
100.8 25.00236 14
100.9 24.90900 14
101.0 24.84568 14
101.1 24.83836 14
101.2 24.86218 14
101.3 24.91366 14
101.4 25.00721 14
101.5 25.17368 14
101.6 25.22549 14
101.7 25.23442 14
101.8 25.23331 14
101.9 25.22735 14
102.0 25.22049 14
102.1 25.21233 14
102.2 25.20466 14
102.3 25.19692 14
102.4 25.18844 14
102.5 25.20241 14
102.6 25.19470 14
102.7 25.18626 14
102.8 25.22592 14
102.9 25.23447 14
103.0 25.23307 14
103.1 25.22699 14
103.2 25.22011 14
103.3 25.21153 14
103.4 25.20389 14
103.5 25.19619 14
103.6 25.18727 14
103.7 25.22360 14
103.8 25.23408 14
103.9 25.23333 14
104.0 25.22740 14
104.1 25.22058 14
104.2 25.21154 14
104.3 25.20390 14
104.4 25.19619 14
104.5 25.18678 14
104.6 25.22480 14
104.7 25.23430 14
104.8 25.18556 14
104.9 25.22725 14
105.0 25.23463 14
105.1 25.23152 14
105.2 25.22570 14
105.3 25.21870 14
105.4 25.20914 14
105.5 25.20151 14
105.6 25.19382 14
105.7 25.19417 14
105.8 25.22997 14
105.9 25.23479 14
106.0 25.23011 14
106.1 25.22382 14
106.2 25.21664 14
106.3 25.20652 14
106.4 25.19885 14
106.5 25.19044 14
106.6 25.21698 14
106.7 25.23334 14
106.8 25.23391 14
106.9 25.22727 14
107.0 25.22044 14
107.1 25.23386 14
107.2 25.22721 14
107.3 25.22041 14
107.4 25.21142 14
107.5 25.20239 14
107.6 25.19473 14
107.7 25.19452 14
107.8 25.23000 14
107.9 25.23479 14
108.0 25.22941 14
108.1 25.22298 14
108.2 25.21576 14
108.3 25.20465 14
108.4 25.19699 14
108.5 25.18714 14
108.6 25.22706 14
108.7 25.23461 14
108.8 25.23029 14
108.9 25.22406 14
109.0 25.21690 14
109.1 25.20532 14
109.2 25.19765 14
109.3 25.18776 14
109.4 25.20630 14
109.5 25.19867 14
109.6 25.18982 14
109.7 25.22436 14
109.8 25.23419 14
109.9 25.23085 14
110.0 25.22481 14
110.1 25.21727 14
110.2 25.20573 14
110.3 25.19809 14
110.4 25.18774 14
110.5 25.22681 14
110.6 25.23467 14
110.7 25.22968 14
110.8 25.22331 14
110.9 25.21563 14
111.0 25.20402 14
111.1 25.19636 14
111.2 25.21694 14
111.3 25.20542 14
111.4 25.19781 14
111.5 25.18700 14
111.6 25.22723 14
111.7 25.23470 14
111.8 25.22952 14
111.9 25.22314 14
112.0 25.21548 14
112.1 25.20389 14
112.2 25.19626 14
112.3 25.21682 14
112.4 25.20533 14
112.5 25.19775 14
112.6 25.18745 14
112.7 25.22724 14
112.8 25.23470 14
112.9 25.22952 14
113.0 25.22317 14
113.1 25.21554 14
113.2 25.20398 14
113.3 25.19638 14
113.4 25.21696 14
113.5 25.20544 14
113.6 25.19789 14
113.7 25.18763 14
113.8 25.22683 14
113.9 25.23466 14
114.0 25.22972 14
114.1 25.22338 14
114.2 25.21579 14
114.3 25.20428 14
114.4 25.19671 14
114.5 25.21778 14
114.6 25.20577 14
114.7 25.19825 14
114.8 25.18851 14
114.9 25.22597 14
115.0 25.23442 14
115.1 25.23006 14
115.2 25.22378 14
115.3 25.21625 14
115.4 25.20478 14
115.5 25.19724 14
115.6 25.21838 14
115.7 25.20635 14
115.8 25.19880 14
115.9 25.18958 14
116.0 25.22459 14
116.1 25.23417 14
116.2 25.23054 14
116.3 25.22442 14
116.4 25.21690 14
116.5 25.20548 14
116.6 25.19798 14
116.7 25.21911 14
116.8 25.20720 14
116.9 25.19956 14
117.0 25.19086 14
117.1 25.22232 14
117.2 25.23374 14
117.3 25.23173 14
117.4 25.22521 14
117.5 25.21821 14
117.6 25.20638 14
117.7 25.19890 14
117.8 25.22001 14
117.9 25.20818 14
118.0 25.20064 14
118.1 25.19184 14
118.2 25.21589 14
118.3 25.23303 14
118.4 25.23351 14
118.5 25.22616 14
118.6 25.21929 14
118.7 25.20746 14
118.8 25.20003 14
118.9 25.19135 14
119.0 25.21078 14
119.1 25.20185 14
119.2 25.19430 14
119.3 25.20786 14
119.4 25.23189 14
119.5 25.23447 14
119.6 25.22729 14
119.7 25.22059 14
119.8 25.20879 14
119.9 25.20133 14
120.0 25.19390 14
120.1 25.21477 14
120.2 25.20323 14
120.3 25.19579 14
120.4 25.18359 14
120.5 25.23015 14
120.6 25.23478 14
120.7 25.22846 14
120.8 25.22198 14
120.9 25.21270 14
121.0 25.20289 14
121.1 25.19542 14
121.2 25.21625 14
121.3 25.20485 14
121.4 25.19738 14
121.5 25.18769 14
121.6 25.22756 14
121.7 25.23469 14
121.8 25.22976 14
121.9 25.22356 14
122.0 25.21606 14
122.1 25.20462 14
122.2 25.19711 14
122.3 25.21843 14
122.4 25.20659 14
122.5 25.19916 14
122.6 25.19054 14
122.7 25.22338 14
122.8 25.23392 14
122.9 25.23163 14
123.0 25.22520 14
123.1 25.21834 14
123.2 25.20652 14
123.3 25.19913 14
123.4 25.19041 14
123.5 25.20854 14
123.6 25.20116 14
123.7 25.19373 14
123.8 25.21141 14
123.9 25.23237 14
124.0 25.23421 14
124.1 25.22696 14
124.2 25.22034 14
124.3 25.21009 14
124.4 25.20123 14
124.5 25.19384 14
124.6 25.21467 14
124.7 25.20332 14
124.8 25.19593 14
124.9 25.18386 14
125.0 25.22970 14
125.1 25.23478 14
125.2 25.22870 14
125.3 25.22237 14
125.4 25.21487 14
125.5 25.20356 14
125.6 25.19614 14
125.7 25.21751 14
125.8 25.20556 14
125.9 25.19821 14
126.0 25.18912 14
126.1 25.22519 14
126.2 25.23423 14
126.3 25.23057 14
126.4 25.22455 14
126.5 25.21772 14
126.6 25.20596 14
126.7 25.19866 14
126.8 25.19003 14
126.9 25.20818 14
127.0 25.20071 14
127.1 25.19215 14
127.2 25.21318 14
127.3 25.23253 14
127.4 25.23430 14
127.5 25.22690 14
127.6 25.22027 14
127.7 25.21002 14
127.8 25.20125 14
127.9 25.19396 14
128.0 25.21487 14
128.1 25.20352 14
128.2 25.19614 14
128.3 25.18554 14
128.4 25.22923 14
128.5 25.23478 14
128.6 25.22911 14
128.7 25.22288 14
128.8 25.21542 14
128.9 25.20405 14
129.0 25.19672 14
129.1 25.21816 14
129.2 25.20638 14
129.3 25.19897 14
129.4 25.19045 14
129.5 25.22337 14
129.6 25.23382 14
129.7 25.23304 14
129.8 25.22553 14
129.9 25.21871 14
130.0 25.20706 14
130.1 25.19970 14
130.2 25.19124 14
130.3 25.21177 14
130.4 25.20209 14
130.5 25.19467 14
130.6 25.20373 14
130.7 25.23115 14
130.8 25.23473 14
130.9 25.22809 14
131.0 25.22172 14
131.1 25.21353 14
131.2 25.20288 14
131.3 25.19551 14
131.4 25.21706 14
131.5 25.20523 14
131.6 25.19795 14
131.7 25.18892 14
131.8 25.22570 14
131.9 25.23431 14
132.0 25.23120 14
132.1 25.22466 14
132.2 25.21789 14
132.3 25.20620 14
132.4 25.19895 14
132.5 25.19029 14
132.6 25.21002 14
132.7 25.20135 14
132.8 25.19398 14
132.9 25.20811 14
133.0 25.23180 14
133.1 25.23463 14
133.2 25.22758 14
133.3 25.22118 14
133.4 25.21200 14
133.5 25.20242 14
133.6 25.19511 14
133.7 25.21658 14
133.8 25.20476 14
133.9 25.19753 14
134.0 25.18855 14
134.1 25.22634 14
134.2 25.23439 14
134.3 25.23035 14
134.4 25.22437 14
134.5 25.21764 14
134.6 25.20600 14
134.7 25.19881 14
134.8 25.19020 14
134.9 25.20989 14
135.0 25.20118 14
135.1 25.19387 14
135.2 25.20847 14
135.3 25.23180 14
135.4 25.23466 14
135.5 25.22768 14
135.6 25.22116 14
135.7 25.21204 14
135.8 25.20252 14
135.9 25.19526 14
136.0 25.21685 14
136.1 25.20503 14
136.2 25.19776 14
136.3 25.18874 14
136.4 25.22583 14
136.5 25.23428 14
136.6 25.23188 14
136.7 25.22481 14
136.8 25.21799 14
136.9 25.20640 14
137.0 25.19920 14
137.1 25.19074 14
137.2 25.21134 14
137.3 25.20174 14
137.4 25.19438 14
137.5 25.20523 14
137.6 25.23119 14
137.7 25.23474 14
137.8 25.22819 14
137.9 25.22190 14
138.0 25.21377 14
138.1 25.20312 14
138.2 25.19592 14
138.3 25.21753 14
138.4 25.20587 14
138.5 25.19866 14
138.6 25.19020 14
138.7 25.22366 14
138.8 25.23392 14
138.9 25.23350 14
139.0 25.22566 14
139.1 25.21899 14
139.2 25.20741 14
139.3 25.20017 14
139.4 25.19226 14
139.5 25.21339 14
139.6 25.20283 14
139.7 25.19564 14
139.8 25.18513 14
139.9 25.22971 14
140.0 25.23478 14
140.1 25.22916 14
140.2 25.22302 14
140.3 25.21624 14
140.4 25.20459 14
140.5 25.19723 14
140.6 25.21865 14
140.7 25.20716 14
140.8 25.19994 14
140.9 25.19204 14
141.0 25.21618 14
141.1 25.23280 14
141.2 25.23425 14
141.3 25.22680 14
141.4 25.22039 14
141.5 25.21126 14
141.6 25.20176 14
141.7 25.19454 14
141.8 25.21613 14
141.9 25.20438 14
142.0 25.19725 14
142.1 25.18837 14
142.2 25.22673 14
142.3 25.23443 14
142.4 25.23162 14
142.5 25.22444 14
142.6 25.21780 14
142.7 25.20634 14
142.8 25.19918 14
142.9 25.19084 14
143.0 25.21145 14
143.1 25.20181 14
143.2 25.19456 14
143.3 25.18276 14
143.4 25.23084 14
143.5 25.23476 14
143.6 25.22851 14
143.7 25.22231 14
143.8 25.21496 14
143.9 25.20374 14
144.0 25.19650 14
144.1 25.21811 14
144.2 25.20657 14
144.3 25.19932 14
144.4 25.19088 14
144.5 25.21987 14
144.6 25.23319 14
144.7 25.23411 14
144.8 25.22653 14
144.9 25.22006 14
145.0 25.21088 14
145.1 25.20135 14
145.2 25.19421 14
145.3 25.21541 14
145.4 25.20422 14
145.5 25.19705 14
145.6 25.18814 14
145.7 25.22726 14
145.8 25.23448 14
145.9 25.23160 14
146.0 25.22450 14
146.1 25.21776 14
146.2 25.20626 14
146.3 25.19906 14
146.4 25.19080 14
146.5 25.21149 14
146.6 25.20201 14
146.7 25.19486 14
146.8 25.18343 14
146.9 25.23066 14
147.0 25.23477 14
147.1 25.22865 14
147.2 25.22255 14
147.3 25.21531 14
147.4 25.20417 14
147.5 25.19685 14
147.6 25.21834 14
147.7 25.20689 14
147.8 25.19972 14
147.9 25.19187 14
148.0 25.21698 14
148.1 25.23286 14
148.2 25.23444 14
148.3 25.22691 14
148.4 25.22056 14
148.5 25.21252 14
148.6 25.20204 14
148.7 25.19487 14
148.8 25.21655 14
148.9 25.20478 14
149.0 25.19771 14
149.1 25.18946 14
149.2 25.22511 14
149.3 25.23415 14
149.4 25.23327 14
149.5 25.22527 14
149.6 25.21869 14
149.7 25.20723 14
149.8 25.20012 14
149.9 25.19234 14
150.0 25.21349 14
150.1 25.20304 14
150.2 25.19575 14
150.3 25.18646 14
150.4 25.22900 14
150.5 25.23470 14
150.6 25.22955 14
150.7 25.22350 14
150.8 25.21675 14
150.9 25.20524 14
151.0 25.19822 14
151.1 25.18977 14
151.2 25.21059 14
151.3 25.20107 14
151.4 25.19380 14
151.5 25.20776 14
151.6 25.23150 14
151.7 25.23472 14
151.8 25.22819 14
151.9 25.22200 14
152.0 25.21470 14
152.1 25.20341 14
152.2 25.19631 14
152.3 25.21792 14
152.4 25.20645 14
152.5 25.19925 14
152.6 25.19087 14
152.7 25.22027 14
152.8 25.23319 14
152.9 25.23435 14
153.0 25.22675 14
153.1 25.22036 14
153.2 25.21126 14
153.3 25.20179 14
153.4 25.19459 14
153.5 25.21638 14
153.6 25.20472 14
153.7 25.19762 14
153.8 25.18934 14
153.9 25.22541 14
154.0 25.23419 14
154.1 25.23324 14
154.2 25.22531 14
154.3 25.21871 14
154.4 25.20868 14
154.5 25.20023 14
154.6 25.19242 14
154.7 25.21354 14
154.8 25.20320 14
154.9 25.19612 14
155.0 25.18719 14
155.1 25.22864 14
155.2 25.23466 14
155.3 25.22967 14
155.4 25.22374 14
155.5 25.21711 14
155.6 25.20567 14
155.7 25.19854 14
155.8 25.19025 14
155.9 25.21091 14
156.0 25.20162 14
156.1 25.19456 14
156.2 25.18419 14
156.3 25.23083 14
156.4 25.23476 14
156.5 25.22864 14
156.6 25.22241 14
156.7 25.21572 14
156.8 25.20418 14
156.9 25.19715 14
157.0 25.18870 14
157.1 25.20857 14
157.2 25.19999 14
157.3 25.19213 14
157.4 25.21419 14
157.5 25.23236 14
157.6 25.23458 14
157.7 25.22748 14
157.8 25.22116 14
157.9 25.21306 14
158.0 25.20261 14
158.1 25.19551 14
158.2 25.21723 14
158.3 25.20573 14
158.4 25.19851 14
158.5 25.19013 14
158.6 25.22331 14
158.7 25.23361 14
158.8 25.23390 14
158.9 25.22610 14
159.0 25.21989 14
159.1 25.21075 14
159.2 25.20126 14
159.3 25.19419 14
159.4 25.21599 14
159.5 25.20431 14
159.6 25.19720 14
159.7 25.18891 14
159.8 25.22637 14
159.9 25.23435 14
160.0 25.23308 14
160.1 25.22502 14
160.2 25.21838 14
160.3 25.20785 14
160.4 25.20000 14
160.5 25.19216 14
160.6 25.21342 14
160.7 25.20307 14
160.8 25.19598 14
160.9 25.18703 14
161.0 25.22892 14
161.1 25.23469 14
161.2 25.23032 14
161.3 25.22367 14
161.4 25.21703 14
161.5 25.20557 14
161.6 25.19842 14
161.7 25.19011 14
161.8 25.21090 14
161.9 25.20174 14
162.0 25.19467 14
162.1 25.18477 14
162.2 25.23073 14
162.3 25.23478 14
162.4 25.22867 14
162.5 25.22256 14
162.6 25.21587 14
162.7 25.20431 14
162.8 25.19727 14
162.9 25.18879 14
163.0 25.20865 14
163.1 25.20019 14
163.2 25.19232 14
163.3 25.21127 14
163.4 25.23207 14
163.5 25.23463 14
163.6 25.22773 14
163.7 25.22143 14
163.8 25.21350 14
163.9 25.20303 14
164.0 25.19590 14
164.1 25.21751 14
164.2 25.20599 14
164.3 25.19875 14
164.4 25.19049 14
164.5 25.22197 14
164.6 25.23340 14
164.7 25.23437 14
164.8 25.22677 14
164.9 25.22026 14
165.0 25.21215 14
165.1 25.20176 14
165.2 25.19466 14
165.3 25.21642 14
165.4 25.20480 14
165.5 25.19767 14
165.6 25.18929 14
165.7 25.22530 14
165.8 25.23407 14
165.9 25.23330 14
166.0 25.22539 14
166.1 25.21899 14
166.2 25.21007 14
166.3 25.20056 14
166.4 25.19349 14
166.5 25.21527 14
166.6 25.20362 14
166.7 25.19651 14
166.8 25.18814 14
166.9 25.22774 14
167.0 25.23459 14
167.1 25.23139 14
167.2 25.22424 14
167.3 25.21759 14
167.4 25.20605 14
167.5 25.19900 14
167.6 25.19158 14
167.7 25.21286 14
167.8 25.20250 14
167.9 25.19530 14
168.0 25.18596 14
168.1 25.22984 14
168.2 25.23476 14
168.3 25.22917 14
168.4 25.22313 14
168.5 25.21644 14
168.6 25.20494 14
168.7 25.19780 14
168.8 25.18939 14
168.9 25.21021 14
169.0 25.20124 14
169.1 25.19416 14
169.2 25.18377 14
169.3 25.23138 14
169.4 25.23472 14
169.5 25.22824 14
169.6 25.22206 14
169.7 25.21533 14
169.8 25.20375 14
169.9 25.19669 14
170.0 25.18820 14
170.1 25.20805 14
170.2 25.19958 14
170.3 25.19170 14
170.4 25.21531 14
170.5 25.23254 14
170.6 25.23453 14
170.7 25.22731 14
170.8 25.22088 14
170.9 25.21287 14
171.0 25.20239 14
171.1 25.19526 14
171.2 25.21696 14
171.3 25.20541 14
171.4 25.19815 14
171.5 25.18988 14
171.6 25.22400 14
171.7 25.23380 14
171.8 25.23375 14
171.9 25.22612 14
172.0 25.21976 14
172.1 25.21057 14
172.2 25.20119 14
172.3 25.19408 14
172.4 25.21585 14
172.5 25.20413 14
172.6 25.19697 14
172.7 25.18863 14
172.8 25.22671 14
172.9 25.23439 14
173.0 25.23295 14
173.1 25.22476 14
173.2 25.21805 14
173.3 25.20794 14
173.4 25.19986 14
173.5 25.19213 14
173.6 25.21344 14
173.7 25.20296 14
173.8 25.19582 14
173.9 25.18682 14
174.0 25.22934 14
174.1 25.23472 14
174.2 25.23018 14
174.3 25.22352 14
174.4 25.21674 14
174.5 25.20520 14
174.6 25.19801 14
174.7 25.18980 14
174.8 25.21185 14
174.9 25.20163 14
175.0 25.19450 14
175.1 25.18455 14
175.2 25.23107 14
175.3 25.23478 14
175.4 25.22849 14
175.5 25.22230 14
175.6 25.21554 14
175.7 25.20392 14
175.8 25.19681 14
175.9 25.18827 14
176.0 25.20823 14
176.1 25.19971 14
176.2 25.19178 14
176.3 25.21420 14
176.4 25.23256 14
176.5 25.23451 14
176.6 25.22735 14
176.7 25.22108 14
176.8 25.21308 14
176.9 25.20253 14
177.0 25.19526 14
177.1 25.21691 14
177.2 25.20529 14
177.3 25.19815 14
177.4 25.18983 14
177.5 25.22424 14
177.6 25.23388 14
177.7 25.23366 14
177.8 25.22578 14
177.9 25.21962 14
178.0 25.21156 14
178.1 25.20109 14
178.2 25.19393 14
178.3 25.21566 14
178.4 25.20387 14
178.5 25.19666 14
178.6 25.18843 14
178.7 25.22722 14
178.8 25.23451 14
178.9 25.23209 14
179.0 25.22439 14
179.1 25.21759 14
179.2 25.20611 14
179.3 25.19943 14
179.4 25.19164 14
179.5 25.21283 14
179.6 25.20236 14
179.7 25.19506 14
179.8 25.18626 14
179.9 25.23001 14
180.0 25.23476 14
180.1 25.22904 14
180.2 25.22289 14
180.3 25.21608 14
180.4 25.20447 14
180.5 25.19738 14
180.6 25.18902 14
180.7 25.20975 14
180.8 25.20020 14
180.9 25.19348 14
181.0 25.21026 14
181.1 25.23201 14
181.2 25.23464 14
181.3 25.22780 14
181.4 25.22138 14
181.5 25.21331 14
181.6 25.20280 14
181.7 25.19558 14
181.8 25.21721 14
181.9 25.20569 14
182.0 25.19846 14
182.1 25.19006 14
182.2 25.22388 14
182.3 25.23385 14
182.4 25.23406 14
182.5 25.22630 14
182.6 25.21975 14
182.7 25.21161 14
182.8 25.20106 14
182.9 25.19382 14
183.0 25.21562 14
183.1 25.20391 14
183.2 25.19678 14
183.3 25.18846 14
183.4 25.22762 14
183.5 25.23459 14
183.6 25.23167 14
183.7 25.22426 14
183.8 25.21753 14
183.9 25.20597 14
184.0 25.19907 14
184.1 25.19132 14
184.2 25.21243 14
184.3 25.20203 14
184.4 25.19480 14
184.5 25.18544 14
184.6 25.23060 14
184.7 25.23478 14
184.8 25.22858 14
184.9 25.22241 14
185.0 25.21565 14
185.1 25.20403 14
185.2 25.19692 14
185.3 25.18820 14
185.4 25.20800 14
185.5 25.19947 14
185.6 25.19154 14
185.7 25.21586 14
185.8 25.23278 14
185.9 25.23445 14
186.0 25.22698 14
186.1 25.22045 14
186.2 25.21237 14
186.3 25.20181 14
186.4 25.19463 14
186.5 25.21629 14
186.6 25.20465 14
186.7 25.19732 14
186.8 25.18900 14
186.9 25.22613 14
187.0 25.23428 14
187.1 25.23292 14
187.2 25.22464 14
187.3 25.21782 14
187.4 25.20916 14
187.5 25.19962 14
187.6 25.19180 14
187.7 25.21302 14
187.8 25.20245 14
187.9 25.19504 14
188.0 25.18611 14
188.1 25.23026 14
188.2 25.23477 14
188.3 25.22885 14
188.4 25.22263 14
188.5 25.21577 14
188.6 25.20404 14
188.7 25.19698 14
188.8 25.18833 14
188.9 25.20913 14
189.0 25.19953 14
189.1 25.19148 14
189.2 25.21694 14
189.3 25.23288 14
189.4 25.23443 14
189.5 25.22698 14
189.6 25.22049 14
189.7 25.21214 14
189.8 25.20146 14
189.9 25.19433 14
190.0 25.21606 14
190.1 25.20446 14
190.2 25.19719 14
190.3 25.18874 14
190.4 25.22721 14
190.5 25.23453 14
190.6 25.23202 14
190.7 25.22430 14
190.8 25.21751 14
190.9 25.20589 14
191.0 25.19906 14
191.1 25.19112 14
191.2 25.21234 14
191.3 25.20188 14
191.4 25.19442 14
191.5 25.18490 14
191.6 25.23124 14
191.7 25.23476 14
191.8 25.22821 14
191.9 25.22192 14
192.0 25.21508 14
192.1 25.20305 14
192.2 25.19577 14
192.3 25.21712 14
192.4 25.20560 14
192.5 25.19836 14
192.6 25.19045 14
192.7 25.22416 14
192.8 25.23400 14
192.9 25.23350 14
193.0 25.22542 14
193.1 25.21913 14
193.2 25.20993 14
193.3 25.20040 14
193.4 25.19313 14
193.5 25.21322 14
193.6 25.20273 14
193.7 25.19558 14
193.8 25.18651 14
193.9 25.22997 14
194.0 25.23477 14
194.1 25.22962 14
194.2 25.22258 14
194.3 25.21580 14
194.4 25.20423 14
194.5 25.19684 14
194.6 25.18810 14
194.7 25.20786 14
194.8 25.19913 14
194.9 25.19117 14
195.0 25.21927 14
195.1 25.23313 14
195.2 25.23426 14
195.3 25.22637 14
195.4 25.21953 14
195.5 25.21140 14
195.6 25.20088 14
195.7 25.19365 14
195.8 25.21516 14
195.9 25.20329 14
196.0 25.19601 14
196.1 25.18681 14
196.2 25.22949 14
196.3 25.23474 14
196.4 25.23063 14
196.5 25.22281 14
196.6 25.21591 14
196.7 25.20437 14
196.8 25.19702 14
196.9 25.18831 14
197.0 25.20906 14
197.1 25.19923 14
197.2 25.19113 14
197.3 25.21851 14
197.4 25.23312 14
197.5 25.23428 14
197.6 25.22644 14
197.7 25.21964 14
197.8 25.21120 14
197.9 25.20071 14
198.0 25.19351 14
198.1 25.21506 14
198.2 25.20322 14
198.3 25.19596 14
198.4 25.18645 14
198.5 25.22997 14
198.6 25.23477 14
198.7 25.22971 14
198.8 25.22259 14
198.9 25.21571 14
199.0 25.20377 14
199.1 25.19652 14
199.2 25.18784 14
199.3 25.20767 14
199.4 25.19882 14
199.5 25.19075 14
199.6 25.22432 14
199.7 25.23399 14
199.8 25.23392 14
199.9 25.22579 14
200.0 25.21879 14
200.1 25.20965 14
200.2 25.19969 14
200.3 25.19180 14
200.4 25.21287 14
200.5 25.20230 14
200.6 25.19462 14
200.7 25.18514 14
200.8 25.23132 14
200.9 25.23476 14
201.0 25.22809 14
201.1 25.22173 14
201.2 25.21483 14
201.3 25.20257 14
201.4 25.19495 14
201.5 25.21657 14
201.6 25.20480 14
201.7 25.19752 14
201.8 25.18906 14
201.9 25.22697 14
202.0 25.23459 14
202.1 25.23187 14
202.2 25.22406 14
202.3 25.21708 14
202.4 25.20541 14
202.5 25.19784 14
202.6 25.18903 14
202.7 25.20956 14
202.8 25.20040 14
202.9 25.19230 14
203.0 25.21532 14
203.1 25.23295 14
203.2 25.23426 14
203.3 25.22645 14
203.4 25.21982 14
203.5 25.21136 14
203.6 25.20076 14
203.7 25.19329 14
203.8 25.21458 14
203.9 25.20264 14
204.0 25.19545 14
204.1 25.18606 14
204.2 25.23050 14
204.3 25.23478 14
204.4 25.22811 14
204.5 25.22180 14
204.6 25.21494 14
204.7 25.20272 14
204.8 25.19515 14
204.9 25.21663 14
205.0 25.20456 14
205.1 25.19732 14
205.2 25.18890 14
205.3 25.22720 14
205.4 25.23460 14
205.5 25.23175 14
205.6 25.22327 14
205.7 25.21643 14
205.8 25.20485 14
205.9 25.19727 14
206.0 25.18867 14
206.1 25.20885 14
206.2 25.19894 14
206.3 25.19096 14
206.4 25.22313 14
206.5 25.23345 14
206.6 25.23404 14
206.7 25.22516 14
206.8 25.21838 14
206.9 25.20915 14
207.0 25.19943 14
207.1 25.19145 14
207.2 25.21219 14
207.3 25.20125 14
207.4 25.19364 14
207.5 25.18366 14
207.6 25.23229 14
207.7 25.23444 14
207.8 25.22693 14
207.9 25.21985 14
208.0 25.21153 14
208.1 25.20091 14
208.2 25.19349 14
208.3 25.21482 14
208.4 25.20275 14
208.5 25.19494 14
208.6 25.18576 14
208.7 25.23104 14
208.8 25.23477 14
208.9 25.22800 14
209.0 25.22140 14
209.1 25.21253 14
209.2 25.20193 14
209.3 25.19444 14
209.4 25.21607 14
209.5 25.20403 14
209.6 25.19625 14
209.7 25.18726 14
209.8 25.22936 14
209.9 25.23477 14
210.0 25.22955 14
210.1 25.22219 14
210.2 25.21508 14
210.3 25.20275 14
210.4 25.19553 14
210.5 25.21678 14
210.6 25.20477 14
210.7 25.19725 14
210.8 25.18820 14
210.9 25.22807 14
211.0 25.23469 14
211.1 25.23073 14
211.2 25.22286 14
211.3 25.21572 14
211.4 25.20358 14
211.5 25.19630 14
211.6 25.18741 14
211.7 25.20548 14
211.8 25.19779 14
211.9 25.18892 14
212.0 25.22735 14
212.1 25.23460 14
212.2 25.23179 14
212.3 25.22340 14
212.4 25.21614 14
212.5 25.20410 14
212.6 25.19658 14
212.7 25.18771 14
212.8 25.20735 14
212.9 25.19810 14
213.0 25.18992 14
213.1 25.22703 14
213.2 25.23449 14
213.3 25.23190 14
213.4 25.22389 14
213.5 25.21634 14
213.6 25.20432 14
213.7 25.19664 14
213.8 25.18778 14
213.9 25.20742 14
214.0 25.19819 14
214.1 25.19002 14
214.2 25.22646 14
214.3 25.23455 14
214.4 25.23188 14
214.5 25.22387 14
214.6 25.21632 14
214.7 25.20431 14
214.8 25.19647 14
214.9 25.18762 14
215.0 25.20728 14
215.1 25.19805 14
215.2 25.18990 14
215.3 25.22670 14
215.4 25.23464 14
215.5 25.23172 14
215.6 25.22332 14
215.7 25.21608 14
215.8 25.20407 14
215.9 25.19590 14
216.0 25.18722 14
216.1 25.20533 14
216.2 25.19769 14
216.3 25.18886 14
216.4 25.22802 14
216.5 25.23472 14
216.6 25.23058 14
216.7 25.22272 14
216.8 25.21562 14
216.9 25.20336 14
217.0 25.19517 14
217.1 25.21650 14
217.2 25.20455 14
217.3 25.19708 14
217.4 25.18810 14
217.5 25.22928 14
217.6 25.23478 14
217.7 25.22931 14
217.8 25.22197 14
217.9 25.21492 14
218.0 25.20232 14
218.1 25.19411 14
218.2 25.21551 14
218.3 25.20371 14
218.4 25.19600 14
218.5 25.18636 14
218.6 25.23096 14
218.7 25.23473 14
218.8 25.22765 14
218.9 25.22109 14
219.0 25.21213 14
219.1 25.20100 14
219.2 25.19228 14
219.3 25.21357 14
219.4 25.20214 14
219.5 25.19460 14
219.6 25.18443 14
219.7 25.23240 14
219.8 25.23424 14
219.9 25.22625 14
220.0 25.21932 14
220.1 25.21078 14
220.2 25.19964 14
220.3 25.18996 14
220.4 25.21147 14
220.5 25.20056 14
220.6 25.19196 14
220.7 25.21967 14
220.8 25.23414 14
220.9 25.23275 14
221.0 25.22427 14
221.1 25.21715 14
221.2 25.20515 14
221.3 25.19725 14
221.4 25.18725 14
221.5 25.20698 14
221.6 25.19781 14
221.7 25.18920 14
221.8 25.22729 14
221.9 25.23473 14
222.0 25.23016 14
222.1 25.22218 14
222.2 25.21517 14
222.3 25.20261 14
222.4 25.19452 14
222.5 25.21520 14
222.6 25.20310 14
222.7 25.19576 14
222.8 25.18615 14
222.9 25.23139 14
223.0 25.23436 14
223.1 25.22680 14
223.2 25.22023 14
223.3 25.21131 14
223.4 25.20032 14
223.5 25.19129 14
223.6 25.21152 14
223.7 25.20062 14
223.8 25.19205 14
223.9 25.21784 14
224.0 25.23358 14
224.1 25.23189 14
224.2 25.22398 14
224.3 25.21686 14
224.4 25.20476 14
224.5 25.19684 14
224.6 25.21642 14
224.7 25.20452 14
224.8 25.19712 14
224.9 25.18837 14
225.0 25.22901 14
225.1 25.23478 14
225.2 25.22770 14
225.3 25.22119 14
225.4 25.21262 14
225.5 25.20148 14
225.6 25.19326 14
225.7 25.21217 14
225.8 25.20149 14
225.9 25.19371 14
226.0 25.18338 14
226.1 25.23312 14
226.2 25.23274 14
226.3 25.22428 14
226.4 25.21729 14
226.5 25.20525 14
226.6 25.19740 14
226.7 25.21648 14
226.8 25.20477 14
226.9 25.19722 14
227.0 25.18848 14
227.1 25.22853 14
227.2 25.23478 14
227.3 25.22755 14
227.4 25.22103 14
227.5 25.21214 14
227.6 25.20134 14
227.7 25.19314 14
227.8 25.21166 14
227.9 25.20089 14
228.0 25.19330 14
228.1 25.18249 14
228.2 25.23340 14
228.3 25.23167 14
228.4 25.22365 14
228.5 25.21627 14
228.6 25.20447 14
228.7 25.19640 14
228.8 25.21537 14
228.9 25.20365 14
229.0 25.19603 14
229.1 25.18704 14
229.2 25.23048 14
229.3 25.23417 14
229.4 25.22613 14
229.5 25.21926 14
229.6 25.21078 14
229.7 25.19972 14
229.8 25.18848 14
229.9 25.20723 14
230.0 25.19833 14
230.1 25.19021 14
230.2 25.22605 14
230.3 25.23471 14
230.4 25.22795 14
230.5 25.22150 14
230.6 25.21452 14
230.7 25.20200 14
230.8 25.19355 14
230.9 25.21174 14
231.0 25.20117 14
231.1 25.19343 14
231.2 25.18264 14
231.3 25.23340 14
231.4 25.23147 14
231.5 25.22307 14
231.6 25.21594 14
231.7 25.20405 14
231.8 25.19599 14
231.9 25.21451 14
232.0 25.20263 14
232.1 25.19519 14
232.2 25.18580 14
232.3 25.23188 14
232.4 25.23316 14
232.5 25.22458 14
232.6 25.21791 14
232.7 25.20837 14
232.8 25.19766 14
232.9 25.21585 14
233.0 25.20399 14
233.1 25.19664 14
233.2 25.18777 14
233.3 25.22985 14
233.4 25.23409 14
233.5 25.22596 14
233.6 25.21909 14
233.7 25.21063 14
233.8 25.19910 14
233.9 25.18668 14
234.0 25.20492 14
234.1 25.19741 14
234.2 25.18890 14
234.3 25.22860 14
234.4 25.23430 14
234.5 25.22670 14
234.6 25.22018 14
234.7 25.21133 14
234.8 25.20009 14
234.9 25.18752 14
235.0 25.20699 14
235.1 25.19812 14
235.2 25.18990 14
235.3 25.22768 14
235.4 25.23475 14
235.5 25.22720 14
235.6 25.22067 14
235.7 25.21181 14
235.8 25.20030 14
235.9 25.18877 14
236.0 25.20721 14
236.1 25.19834 14
236.2 25.19025 14
236.3 25.22723 14
236.4 25.23475 14
236.5 25.22726 14
236.6 25.22075 14
236.7 25.21163 14
236.8 25.20023 14
236.9 25.18836 14
237.0 25.20715 14
237.1 25.19829 14
237.2 25.18992 14
237.3 25.22824 14
237.4 25.23469 14
237.5 25.22710 14
237.6 25.22042 14
237.7 25.21128 14
237.8 25.19971 14
237.9 25.18698 14
238.0 25.20682 14
238.1 25.19775 14
238.2 25.18860 14
238.3 25.22931 14
238.4 25.23422 14
238.5 25.22650 14
238.6 25.21944 14
238.7 25.21060 14
238.8 25.19850 14
238.9 25.21628 14
239.0 25.20463 14
239.1 25.19699 14
239.2 25.18766 14
239.3 25.23091 14
239.4 25.23395 14
239.5 25.22566 14
239.6 25.21832 14
239.7 25.20818 14
239.8 25.19672 14
239.9 25.21525 14
240.0 25.20342 14
240.1 25.19554 14
240.2 25.18543 14
240.3 25.23266 14
240.4 25.23187 14
240.5 25.22388 14
240.6 25.21610 14
240.7 25.20387 14
240.8 25.19447 14
240.9 25.21318 14
241.0 25.20162 14
241.1 25.19361 14
241.2 25.20699 14
241.3 25.23433 14
241.4 25.23004 14
241.5 25.22184 14
241.6 25.21462 14
241.7 25.20166 14
241.8 25.19187 14
241.9 25.20873 14
242.0 25.19860 14
242.1 25.19022 14
242.2 25.22692 14
242.3 25.23475 14
242.4 25.22704 14
242.5 25.21975 14
242.6 25.21070 14
242.7 25.19862 14
242.8 25.21626 14
242.9 25.20414 14
243.0 25.19636 14
243.1 25.18687 14
243.2 25.23183 14
243.3 25.23304 14
243.4 25.22401 14
243.5 25.21654 14
243.6 25.20403 14
243.7 25.19478 14
243.8 25.21225 14
243.9 25.20134 14
244.0 25.19318 14
244.1 25.21972 14
244.2 25.23466 14
244.3 25.22788 14
244.4 25.22120 14
244.5 25.21192 14
244.6 25.20029 14
244.7 25.18814 14
244.8 25.20664 14
244.9 25.19728 14
245.0 25.18782 14
245.1 25.23087 14
245.2 25.23384 14
245.3 25.22480 14
245.4 25.21738 14
245.5 25.20454 14
245.6 25.19540 14
245.7 25.21293 14
245.8 25.20154 14
245.9 25.19323 14
246.0 25.22037 14
246.1 25.23467 14
246.2 25.22781 14
246.3 25.22112 14
246.4 25.21142 14
246.5 25.19990 14
246.6 25.18672 14
246.7 25.20470 14
246.8 25.19676 14
246.9 25.18682 14
247.0 25.23204 14
247.1 25.23289 14
247.2 25.22371 14
247.3 25.21573 14
247.4 25.20268 14
247.5 25.19365 14
247.6 25.21143 14
247.7 25.19972 14
247.8 25.19036 14
247.9 25.22752 14
248.0 25.23435 14
248.1 25.22634 14
248.2 25.21875 14
248.3 25.20833 14
248.4 25.19658 14
248.5 25.21469 14
248.6 25.20225 14
248.7 25.19379 14
248.8 25.20704 14
248.9 25.23441 14
249.0 25.22791 14
249.1 25.22109 14
249.2 25.21140 14
249.3 25.19989 14
249.4 25.21107 14
249.5 25.20407 14
249.6 25.19598 14
249.7 25.21016 14
249.8 25.23309 14
249.9 25.23130 14
250.0 25.22229 14
