15.0 2.08789 13
15.1 2.12828 13
15.2 2.17256 13
15.3 2.21839 13
15.4 2.26401 13
15.5 2.30694 13
15.6 2.35197 13
15.7 2.39517 13
15.8 2.43869 13
15.9 2.48205 13
16.0 2.50416 14
16.1 2.56488 14
16.2 2.62629 14
16.3 2.68845 14
16.4 2.75127 14
16.5 2.81474 14
16.6 2.87886 14
16.7 2.94363 14
16.8 3.00904 14
16.9 3.07508 14
17.0 3.14172 14
17.1 3.20899 14
17.2 3.27705 14
17.3 3.34511 14
17.4 3.41441 14
17.5 3.48433 14
17.6 3.55482 14
17.7 3.62591 14
17.8 3.69758 14
17.9 3.76979 14
18.0 3.84257 14
18.1 3.91620 14
18.2 3.99046 14
18.3 4.06528 14
18.4 4.14066 14
18.5 4.24184 14
18.6 4.35131 14
18.7 4.46101 14
18.8 4.57331 14
18.9 4.68715 14
19.0 4.80292 14
19.1 4.92018 14
19.2 5.03892 14
19.3 5.15915 14
19.4 5.28083 14
19.5 5.40397 14
19.6 5.52855 14
19.7 5.65266 14
19.8 5.78072 14
19.9 5.91039 14
20.0 6.04155 14
20.1 6.17417 14
20.2 6.30823 14
20.3 6.44374 14
20.4 6.58066 14
20.5 6.71896 14
20.6 6.92261 14
20.7 7.06403 14
20.8 7.20689 14
20.9 7.35119 14
21.0 7.49690 14
21.1 7.63984 14
21.2 7.71814 14
21.3 7.79641 14
21.4 7.87232 14
21.5 7.95202 14
21.6 8.03175 14
21.7 8.11148 14
21.8 8.19118 14
21.9 8.27082 14
22.0 8.35035 14
22.1 8.42977 14
22.2 8.50641 14
22.3 8.58735 14
22.4 8.66822 14
22.5 8.74898 14
22.6 8.82961 14
22.7 8.91005 14
22.8 8.98580 14
22.9 9.06560 14
23.0 9.14717 14
23.1 9.22881 14
23.2 9.31026 14
23.3 9.39150 14
23.4 9.47246 14
23.5 9.54791 14
23.6 9.62802 14
23.7 9.70801 14
23.8 9.79001 14
23.9 9.87172 14
24.0 9.95312 14
24.1 10.02834 14
24.2 10.10876 14
24.3 10.18872 14
24.4 10.26817 14
24.5 10.34822 14
24.6 10.42975 14
24.7 10.50438 14
24.8 10.58484 14
24.9 10.66478 14
25.0 10.74415 14
25.1 10.82293 14
25.2 10.89394 14
25.3 10.97342 14
25.4 11.05361 14
25.5 11.13320 14
25.6 11.21214 14
25.7 11.28267 14
25.8 11.35995 14
25.9 11.43643 14
26.0 11.51204 14
26.1 11.58256 14
26.2 11.66053 14
26.3 11.73779 14
26.4 11.81416 14
26.5 11.88090 14
26.6 11.95519 14
26.7 12.02852 14
26.8 12.09282 14
26.9 12.16858 14
27.0 12.24350 14
27.1 12.30778 14
27.2 12.38038 14
27.3 12.44209 14
27.4 12.51221 14
27.5 12.57096 14
27.6 12.63096 14
27.7 12.65087 14
27.8 12.71955 14
27.9 12.78705 14
28.0 12.85326 14
28.1 12.91806 14
28.2 12.98143 14
28.3 13.04330 14
28.4 13.10892 14
28.5 13.17413 14
28.6 13.23799 14
28.7 13.30049 14
28.8 13.36154 14
28.9 13.42093 14
29.0 13.47861 14
29.1 13.53536 14
29.2 13.59664 14
29.3 13.65635 14
29.4 13.71454 14
29.5 13.77117 14
29.6 13.82611 14
29.7 13.87907 14
29.8 13.93011 14
29.9 13.98193 14
30.0 14.03696 14
30.1 14.09033 14
30.2 14.14203 14
30.3 14.19177 14
30.4 14.23951 14
30.5 14.28514 14
30.6 14.32845 14
30.7 14.37449 14
30.8 14.42251 14
30.9 14.46866 14
31.0 14.51273 14
31.1 14.55476 14
31.2 14.59440 14
31.3 14.63125 14
31.4 14.66639 14
31.5 14.70551 14
31.6 14.74554 14
31.7 14.78354 14
31.8 14.81916 14
31.9 14.85245 14
32.0 14.88237 14
32.1 14.91032 14
32.2 14.93630 14
32.3 14.96726 14
32.4 14.99854 14
32.5 15.02739 14
32.6 15.05380 14
32.7 15.07662 14
32.8 15.09683 14
32.9 15.11508 14
33.0 15.13106 14
33.1 15.15239 14
33.2 15.17405 14
33.3 15.19322 14
33.4 15.20901 14
33.5 15.22112 14
33.6 15.23111 14
33.7 15.23884 14
33.8 15.24435 14
33.9 15.19488 14
34.0 15.20277 14
34.1 15.19067 14
34.2 15.13852 14
34.3 15.00836 14
34.4 14.77017 14
34.5 14.07709 14
34.6 13.04512 14
34.7 13.00074 14
34.8 13.09685 14
34.9 13.19688 14
35.0 13.29915 14
35.1 13.40365 14
35.2 13.51921 14
35.3 12.68268 14
35.4 12.77632 14
35.5 13.63067 14
35.6 13.67851 14
35.7 13.72700 14
35.8 13.15475 14
35.9 13.25032 14
36.0 13.84805 14
36.1 13.89506 14
36.2 13.93874 14
36.3 13.63647 14
36.4 13.73397 14
36.5 14.06453 14
36.6 14.11048 14
36.7 14.15641 14
36.8 14.12783 14
36.9 14.20231 14
37.0 14.28162 14
37.1 14.32842 14
37.2 14.36898 14
37.3 14.41000 14
37.4 14.41908 14
37.5 14.46243 14
37.6 14.43553 14
37.7 14.46448 14
37.8 14.46531 14
37.9 14.46370 14
38.0 14.47389 14
38.1 14.49051 14
38.2 14.51866 14
38.3 14.54877 14
38.4 14.58270 14
38.5 14.63270 14
38.6 14.66089 14
38.7 14.64828 14
38.8 14.68430 14
38.9 14.65348 14
39.0 14.59656 14
39.1 14.49433 14
39.2 14.47626 14
39.3 14.47831 14
39.4 14.44012 14
39.5 14.38247 14
39.6 14.32108 14
39.7 14.27259 14
39.8 14.24160 14
39.9 14.21967 14
40.0 14.22582 14
40.1 14.17700 14
40.2 14.13982 14
40.3 13.97245 14
40.4 13.93467 14
40.5 13.83895 14
40.6 13.82241 14
40.7 13.82234 14
40.8 13.76433 14
40.9 13.76746 14
41.0 13.55253 14
41.1 13.43437 14
41.2 13.37848 14
41.3 13.37398 14
41.4 13.38176 14
41.5 13.26656 14
41.6 13.27388 14
41.7 13.21194 14
41.8 13.01245 14
41.9 12.95623 14
42.0 12.97610 14
42.1 12.94803 14
42.2 12.76441 14
42.3 12.61558 14
42.4 12.48947 14
42.5 12.43014 14
42.6 12.45706 14
42.7 12.47568 14
42.8 12.52204 14
42.9 12.60275 14
43.0 12.68375 14
43.1 12.81158 14
43.2 12.89689 14
43.3 13.02788 14
43.4 13.04759 14
43.5 13.08273 14
43.6 13.16548 14
43.7 13.24853 14
43.8 13.40004 14
43.9 13.55335 14
44.0 13.55687 14
44.1 13.70544 14
44.2 13.77671 14
44.3 13.82712 14
44.4 13.87636 14
44.5 13.93117 14
44.6 14.01625 14
44.7 14.10479 14
44.8 14.16383 14
44.9 14.20279 14
45.0 14.24180 14
45.1 14.31085 14
45.2 14.39898 14
45.3 14.38537 14
45.4 14.44546 14
45.5 14.49019 14
45.6 14.51355 14
45.7 14.53521 14
45.8 14.55673 14
45.9 14.58814 14
46.0 14.62726 14
46.1 14.66640 14
46.2 14.70554 14
46.3 14.74471 14
46.4 14.78393 14
46.5 14.85153 14
46.6 14.93633 14
46.7 14.92851 14
46.8 14.99450 14
46.9 15.03598 14
47.0 15.05929 14
47.1 15.08067 14
47.2 15.10190 14
47.3 15.13154 14
47.4 15.17087 14
47.5 15.21018 14
47.6 15.24950 14
47.7 15.28884 14
47.8 15.32823 14
47.9 15.36759 14
48.0 15.42791 14
48.1 15.48602 14
48.2 15.52078 14
48.3 15.58942 14
48.4 15.61843 14
48.5 15.63996 14
48.6 15.66092 14
48.7 15.68267 14
48.8 15.71662 14
48.9 15.75616 14
49.0 15.79567 14
49.1 15.83518 14
49.2 15.87474 14
49.3 15.91428 14
49.4 15.95388 14
49.5 16.01671 14
49.6 16.08156 14
49.7 16.10582 14
49.8 16.17959 14
49.9 16.21365 14
50.0 16.23540 14
50.1 16.25650 14
50.2 16.27702 14
50.3 16.30427 14
50.4 16.34396 14
50.5 16.38370 14
50.6 16.42341 14
50.7 16.46318 14
50.8 16.50293 14
50.9 16.54272 14
51.0 16.58252 14
51.1 16.64354 14
51.2 16.70285 14
51.3 16.74133 14
51.4 16.81515 14
51.5 16.84666 14
51.6 16.86831 14
51.7 16.88902 14
51.8 16.90915 14
51.9 16.93544 14
52.0 16.97428 14
52.1 17.01422 14
52.2 17.05418 14
52.3 17.09411 14
52.4 17.13410 14
52.5 17.17410 14
52.6 17.21408 14
52.7 17.28354 14
52.8 17.37270 14
52.9 17.36832 14
53.0 17.43578 14
53.1 17.49344 14
53.2 17.51850 14
53.3 17.53921 14
53.4 17.55942 14
53.5 17.57954 14
53.6 17.60762 14
53.7 17.64776 14
53.8 17.68792 14
53.9 17.72809 14
54.0 17.76825 14
54.1 17.80845 14
54.2 17.84867 14
54.3 17.88891 14
54.4 17.96394 14
54.5 18.07020 14
54.6 18.05003 14
54.7 18.09691 14
54.8 18.17559 14
54.9 18.20812 14
55.0 18.22907 14
55.1 18.24868 14
55.2 18.26810 14
55.3 18.28910 14
55.4 18.32278 14
55.5 18.36262 14
55.6 18.40247 14
55.7 18.44233 14
55.8 18.48220 14
55.9 18.52209 14
56.0 18.56195 14
56.1 18.60186 14
56.2 18.67869 14
56.3 18.79501 14
56.4 18.76728 14
56.5 18.80524 14
56.6 18.88780 14
56.7 18.92929 14
56.8 18.95072 14
56.9 18.96997 14
57.0 18.98890 14
57.1 19.00774 14
57.2 19.03499 14
57.3 19.07370 14
57.4 19.11375 14
57.5 19.15380 14
57.6 19.19388 14
57.7 19.23396 14
57.8 19.27405 14
57.9 19.31416 14
58.0 19.35423 14
58.1 19.43136 14
58.2 19.54741 14
58.3 19.52235 14
58.4 19.56028 14
58.5 19.64441 14
58.6 19.69214 14
58.7 19.71455 14
58.8 19.73344 14
58.9 19.75183 14
59.0 19.77009 14
59.1 19.79297 14
59.2 19.82820 14
59.3 19.86846 14
59.4 19.90872 14
59.5 19.94900 14
59.6 19.98930 14
59.7 20.02960 14
59.8 20.06992 14
59.9 20.11024 14
60.0 20.15058 14
60.1 20.22701 14
60.2 20.34205 14
60.3 20.31988 14
60.4 20.36085 14
60.5 20.44630 14
60.6 20.49963 14
60.7 20.52255 14
60.8 20.54102 14
60.9 20.55882 14
61.0 20.57648 14
61.1 20.59472 14
61.2 20.62682 14
61.3 20.66730 14
61.4 20.70779 14
61.5 20.74829 14
61.6 20.78881 14
61.7 20.82933 14
61.8 20.86987 14
61.9 20.91047 14
62.0 20.95103 14
62.1 20.99161 14
62.2 21.06754 14
62.3 21.18246 14
62.4 21.16280 14
62.5 21.20588 14
62.6 21.29392 14
62.7 21.35269 14
62.8 21.37659 14
62.9 21.39462 14
63.0 21.41180 14
63.1 21.42878 14
63.2 21.44568 14
63.3 21.47311 14
63.4 21.51093 14
63.5 21.55171 14
63.6 21.59245 14
63.7 21.63320 14
63.8 21.67396 14
63.9 21.71474 14
64.0 21.75552 14
64.1 21.79632 14
64.2 21.83718 14
64.3 21.87801 14
64.4 21.95450 14
64.5 22.07314 14
64.6 22.05300 14
64.7 22.09406 14
64.8 22.18267 14
64.9 22.24845 14
65.0 22.27925 14
65.1 22.29714 14
65.2 22.31417 14
65.3 22.33040 14
65.4 22.34656 14
65.5 22.36670 14
65.6 22.40017 14
65.7 22.44119 14
65.8 22.48218 14
65.9 22.52318 14
66.0 22.56419 14
66.1 22.60522 14
66.2 22.64631 14
66.3 22.68736 14
66.4 22.72842 14
66.5 22.76950 14
66.6 22.81063 14
66.7 22.89037 14
66.8 23.02276 14
66.9 22.99504 14
67.0 23.02621 14
67.1 23.10849 14
67.2 23.18693 14
67.3 23.23353 14
67.4 23.25291 14
67.5 23.26898 14
67.6 23.28449 14
67.7 23.29984 14
67.8 23.31562 14
67.9 23.34093 14
68.0 23.37704 14
68.1 23.41830 14
68.2 23.45961 14
68.3 23.50089 14
68.4 23.54218 14
68.5 23.58348 14
68.6 23.62485 14
68.7 23.66618 14
68.8 23.70752 14
68.9 23.74892 14
69.0 23.79028 14
69.1 23.83166 14
69.2 24.07703 14
69.3 24.00473 14
69.4 24.00834 14
69.5 24.06443 14
69.6 24.15937 14
69.7 24.22406 14
69.8 24.26385 14
69.9 24.28100 14
70.0 24.29592 14
70.1 24.31045 14
70.2 24.32537 14
70.3 24.33968 14
70.4 24.36557 14
70.5 24.40177 14
70.6 24.44331 14
70.7 24.48487 14
70.8 24.52649 14
70.9 24.56807 14
71.0 24.60966 14
71.1 24.65132 14
71.2 24.69294 14
71.3 24.73457 14
71.4 24.77626 14
71.5 24.81792 14
71.6 24.85959 14
71.7 24.90132 14
71.8 25.11430 14
71.9 25.06468 14
72.0 25.08088 14
72.1 25.14288 14
72.2 25.24104 14
72.3 25.30577 14
72.4 25.34904 14
72.5 25.36943 14
72.6 25.38399 14
72.7 25.39751 14
72.8 25.41139 14
72.9 25.42466 14
73.0 25.44256 14
73.1 25.47625 14
73.2 25.51710 14
73.3 25.55896 14
73.4 25.60089 14
73.5 25.64278 14
73.6 25.68473 14
73.7 25.72664 14
73.8 25.76857 14
73.9 25.81056 14
74.0 25.85251 14
74.1 25.89453 14
74.2 25.93650 14
74.3 25.97849 14
74.4 26.02054 14
74.5 26.29844 14
74.6 26.21203 14
74.7 26.20670 14
74.8 26.25297 14
74.9 26.34788 14
75.0 26.42991 14
75.1 26.48947 14
75.2 26.52270 14
75.3 26.53923 14
75.4 26.55244 14
75.5 26.56530 14
75.6 26.57746 14
75.7 26.59011 14
75.8 26.60799 14
75.9 26.64220 14
76.0 26.68299 14
76.1 26.72525 14
76.2 26.76751 14
76.3 26.80974 14
76.4 26.85203 14
76.5 26.89428 14
76.6 26.93659 14
76.7 26.97887 14
76.8 27.02121 14
76.9 27.06356 14
77.0 27.10588 14
77.1 27.14826 14
77.2 27.19059 14
77.3 27.23300 14
77.4 27.51629 14
77.5 27.42866 14
77.6 27.42353 14
77.7 27.46766 14
77.8 27.55646 14
77.9 27.64988 14
78.0 27.72214 14
78.1 27.76236 14
78.2 27.78532 14
78.3 27.79759 14
78.4 27.80867 14
78.5 27.82015 14
78.6 27.83092 14
78.7 27.84222 14
78.8 27.86586 14
78.9 27.90075 14
79.0 27.94336 14
79.1 27.98592 14
79.2 28.02855 14
79.3 28.07114 14
79.4 28.11380 14
79.5 28.15641 14
79.6 28.19910 14
79.7 28.24180 14
79.8 28.28445 14
79.9 28.32717 14
80.0 28.36985 14
80.1 28.41260 14
80.2 28.45536 14
80.3 28.49807 14
80.4 28.54086 14
80.5 28.77853 14
80.6 28.72625 14
80.7 28.73326 14
80.8 28.78208 14
80.9 28.87485 14
81.0 28.97099 14
81.1 29.05420 14
81.2 29.10035 14
81.3 29.12161 14
81.4 29.13713 14
81.5 29.14683 14
81.6 29.15688 14
81.7 29.16616 14
81.8 29.17599 14
81.9 29.18575 14
82.0 29.21945 14
82.1 29.25732 14
82.2 29.30026 14
82.3 29.34328 14
82.4 29.38632 14
82.5 29.42930 14
82.6 29.47236 14
82.7 29.51537 14
82.8 29.55846 14
82.9 29.60155 14
83.0 29.64460 14
83.1 29.68772 14
83.2 29.73079 14
83.3 29.77394 14
83.4 29.81711 14
83.5 29.86022 14
83.6 29.90340 14
83.7 29.94654 14
83.8 30.16063 14
83.9 30.12496 14
84.0 30.14168 14
84.1 30.19485 14
84.2 30.29249 14
84.3 30.39078 14
84.4 30.48688 14
84.5 30.54119 14
84.6 30.56490 14
84.7 30.58051 14
84.8 30.58932 14
84.9 30.59775 14
85.0 30.60534 14
85.1 30.61349 14
85.2 30.62090 14
85.3 30.63700 14
85.4 30.67304 14
85.5 30.71311 14
85.6 30.75655 14
85.7 30.79994 14
85.8 30.84341 14
85.9 30.88689 14
86.0 30.93031 14
86.1 30.97382 14
86.2 31.01727 14
86.3 31.06080 14
86.4 31.10435 14
86.5 31.14784 14
86.6 31.19141 14
86.7 31.23499 14
86.8 31.27852 14
86.9 31.32213 14
87.0 31.36568 14
87.1 31.40932 14
87.2 31.45297 14
87.3 31.67201 14
87.4 31.63591 14
87.5 31.65236 14
87.6 31.70319 14
87.7 31.79119 14
87.8 31.90343 14
87.9 32.00986 14
88.0 32.08831 14
88.1 32.12109 14
88.2 32.13684 14
88.3 32.14833 14
88.4 32.15499 14
88.5 32.16138 14
88.6 32.16692 14
88.7 32.17306 14
88.8 32.17912 14
88.9 32.19426 14
89.0 32.23104 14
89.1 32.27116 14
89.2 32.31507 14
89.3 32.35899 14
89.4 32.40285 14
89.5 32.44680 14
89.6 32.49076 14
89.7 32.53466 14
89.8 32.57865 14
89.9 32.62258 14
90.0 32.66659 14
90.1 32.71062 14
90.2 32.75458 14
90.3 32.79864 14
90.4 32.84270 14
90.5 32.88671 14
90.6 32.93080 14
90.7 32.97483 14
90.8 33.01896 14
90.9 33.06309 14
91.0 33.35069 14
91.1 33.28055 14
91.2 33.27505 14
91.3 33.31009 14
91.4 33.37462 14
91.5 33.48260 14
91.6 33.58643 14
91.7 33.71732 14
91.8 33.79087 14
91.9 33.82176 14
92.0 33.83599 14
92.1 33.84319 14
92.2 33.85057 14
92.3 33.85469 14
92.4 33.85781 14
92.5 33.86165 14
92.6 33.86540 14
92.7 33.86823 14
92.8 33.89831 14
92.9 33.93568 14
93.0 33.97906 14
93.1 34.02349 14
93.2 34.06785 14
93.3 34.11231 14
93.4 34.15677 14
93.5 34.20118 14
93.6 34.24568 14
93.7 34.29018 14
93.8 34.33463 14
93.9 34.37917 14
94.0 34.42364 14
94.1 34.46820 14
94.2 34.51278 14
94.3 34.55729 14
94.4 34.60190 14
94.5 34.64652 14
94.6 34.69107 14
94.7 34.73571 14
94.8 34.78037 14
94.9 34.82497 14
95.0 34.86965 14
95.1 35.06495 14
95.2 35.04791 14
95.3 35.07598 14
95.4 35.13099 14
95.5 35.21907 14
95.6 35.34364 14
95.7 35.46655 14
95.8 35.59763 14
95.9 35.65660 14
96.0 35.68094 14
96.1 35.69168 14
96.2 35.69691 14
96.3 35.70108 14
96.4 35.70247 14
96.5 35.70369 14
96.6 35.70387 14
96.7 35.70485 14
96.8 35.70576 14
96.9 35.71852 14
97.0 35.75696 14
97.1 35.79725 14
97.2 35.84216 14
97.3 35.88716 14
97.4 35.93219 14
97.5 35.97714 14
97.6 36.02218 14
97.7 36.06725 14
97.8 36.11224 14
97.9 36.15733 14
98.0 36.20235 14
98.1 36.24747 14
98.2 36.29260 14
98.3 36.33766 14
98.4 36.38282 14
98.5 36.42800 14
98.6 36.47310 14
98.7 36.51830 14
98.8 36.56352 14
98.9 36.60867 14
99.0 36.65391 14
99.1 36.69917 14
99.2 36.74436 14
99.3 36.78964 14
99.4 37.02219 14
99.5 36.98603 14
99.6 37.00294 14
99.7 37.04741 14
99.8 37.11728 14
99.9 37.22490 14
100.0 37.34584 14
100.1 37.51460 14
100.2 37.63969 14
100.3 37.69656 14
100.4 37.71952 14
100.5 37.72842 14
100.6 37.73122 14
100.7 37.73042 14
100.8 37.73130 14
100.9 37.72923 14
101.0 37.72603 14
101.1 37.72370 14
101.2 37.72128 14
101.3 37.71777 14
101.4 37.73972 14
101.5 37.77912 14
101.6 37.82103 14
101.7 37.86667 14
101.8 37.91232 14
101.9 37.95789 14
102.0 38.00357 14
102.1 38.04926 14
102.2 38.09488 14
102.3 38.14060 14
102.4 38.18633 14
102.5 38.23199 14
102.6 38.27776 14
102.7 38.32353 14
102.8 38.36924 14
102.9 38.41505 14
103.0 38.46087 14
103.1 38.50661 14
103.2 38.55247 14
103.3 38.59833 14
103.4 38.64412 14
103.5 38.69002 14
103.6 38.73593 14
103.7 38.78176 14
103.8 38.82770 14
103.9 38.87365 14
104.0 38.91953 14
104.1 39.13961 14
104.2 39.11673 14
104.3 39.13620 14
104.4 39.18117 14
104.5 39.24826 14
104.6 39.34797 14
104.7 39.48379 14
104.8 39.63792 14
104.9 39.82778 14
105.0 39.92252 14
105.1 39.96360 14
105.2 39.97920 14
105.3 39.98211 14
105.4 39.98067 14
105.5 39.97682 14
105.6 39.97068 14
105.7 39.96683 14
105.8 39.96050 14
105.9 39.95293 14
106.0 39.94637 14
106.1 39.93969 14
106.2 39.93368 14
106.3 39.97415 14
106.4 40.01464 14
106.5 40.05953 14
106.6 40.10589 14
106.7 40.15227 14
106.8 40.19856 14
106.9 40.24497 14
107.0 40.29139 14
107.1 40.33773 14
107.2 40.38419 14
107.3 40.43065 14
107.4 40.47713 14
107.5 40.52354 14
107.6 40.57005 14
107.7 40.61658 14
107.8 40.66302 14
107.9 40.70958 14
108.0 40.75615 14
108.1 40.80264 14
108.2 40.84925 14
108.3 40.89587 14
108.4 40.94240 14
108.5 40.98905 14
108.6 41.03572 14
108.7 41.08230 14
108.8 41.12899 14
108.9 41.17571 14
109.0 41.22243 14
109.1 41.26907 14
109.2 41.49116 14
109.3 41.47174 14
109.4 41.49064 14
109.5 41.53335 14
109.6 41.59547 14
109.7 41.68307 14
109.8 41.81144 14
109.9 41.93287 14
110.0 42.19442 14
110.1 42.36471 14
110.2 42.44685 14
110.3 42.48288 14
110.4 42.49692 14
110.5 42.49696 14
110.6 42.49134 14
110.7 42.48173 14
110.8 42.47187 14
110.9 42.46123 14
111.0 42.45088 14
111.1 42.43921 14
111.2 42.42741 14
111.3 42.41424 14
111.4 42.49061 14
111.5 42.48080 14
111.6 42.47085 14
111.7 42.46016 14
111.8 42.44975 14
111.9 42.43802 14
112.0 42.42621 14
112.1 42.49617 14
112.2 42.48984 14
112.3 42.47985 14
112.4 42.46975 14
112.5 42.45900 14
112.6 42.44853 14
112.7 42.43678 14
112.8 42.42497 14
112.9 42.49564 14
113.0 42.48776 14
113.1 42.47879 14
113.2 42.46859 14
113.3 42.45779 14
113.4 42.44716 14
113.5 42.43541 14
113.6 42.42358 14
113.7 42.49504 14
113.8 42.48681 14
113.9 42.47768 14
114.0 42.46729 14
114.1 42.45865 14
114.2 42.44575 14
114.3 42.43399 14
114.4 42.42215 14
114.5 42.49431 14
114.6 42.48574 14
114.7 42.47634 14
114.8 42.46595 14
114.9 42.45596 14
115.0 42.44419 14
115.1 42.43241 14
115.2 42.42057 14
115.3 42.49350 14
115.4 42.48458 14
115.5 42.47495 14
115.6 42.46446 14
115.7 42.45436 14
115.8 42.44252 14
115.9 42.43079 14
116.0 42.41749 14
116.1 42.49254 14
116.2 42.48329 14
116.3 42.47342 14
116.4 42.46291 14
116.5 42.45270 14
116.6 42.44075 14
116.7 42.42901 14
116.8 42.41570 14
116.9 42.49148 14
117.0 42.48193 14
117.1 42.47180 14
117.2 42.46120 14
117.3 42.45080 14
117.4 42.43893 14
117.5 42.42716 14
117.6 42.49639 14
117.7 42.49026 14
117.8 42.48040 14
117.9 42.47012 14
118.0 42.45943 14
118.1 42.44873 14
118.2 42.43693 14
118.3 42.42516 14
118.4 42.49561 14
118.5 42.48774 14
118.6 42.47863 14
118.7 42.46827 14
118.8 42.45750 14
118.9 42.44660 14
119.0 42.43488 14
119.1 42.42308 14
119.2 42.49463 14
119.3 42.48623 14
119.4 42.47677 14
119.5 42.46635 14
119.6 42.45642 14
119.7 42.44439 14
119.8 42.43265 14
119.9 42.42063 14
120.0 42.49349 14
120.1 42.48460 14
120.2 42.47473 14
120.3 42.46425 14
120.4 42.45417 14
120.5 42.44206 14
120.6 42.43035 14
120.7 42.41677 14
120.8 42.49214 14
120.9 42.48279 14
121.0 42.47261 14
121.1 42.46208 14
121.2 42.45175 14
121.3 42.43960 14
121.4 42.42787 14
121.5 42.41427 14
121.6 42.49061 14
121.7 42.48086 14
121.8 42.47037 14
121.9 42.45971 14
122.0 42.44884 14
122.1 42.43707 14
122.2 42.42532 14
122.3 42.49556 14
122.4 42.48767 14
122.5 42.47856 14
122.6 42.46803 14
122.7 42.45727 14
122.8 42.44606 14
122.9 42.43435 14
123.0 42.42258 14
123.1 42.49429 14
123.2 42.48575 14
123.3 42.47606 14
123.4 42.46549 14
123.5 42.45552 14
123.6 42.44328 14
123.7 42.43155 14
123.8 42.41944 14
123.9 42.49272 14
124.0 42.48358 14
124.1 42.47349 14
124.2 42.46285 14
124.3 42.45270 14
124.4 42.44025 14
124.5 42.42855 14
124.6 42.41497 14
124.7 42.49092 14
124.8 42.48126 14
124.9 42.47073 14
125.0 42.46000 14
125.1 42.44927 14
125.2 42.43720 14
125.3 42.42547 14
125.4 42.49562 14
125.5 42.48763 14
125.6 42.47853 14
125.7 42.46781 14
125.8 42.45705 14
125.9 42.44596 14
126.0 42.43393 14
126.1 42.42217 14
126.2 42.49403 14
126.3 42.48531 14
126.4 42.47547 14
126.5 42.46487 14
126.6 42.45476 14
126.7 42.44247 14
126.8 42.43057 14
126.9 42.41712 14
127.0 42.49210 14
127.1 42.48268 14
127.2 42.47233 14
127.3 42.46160 14
127.4 42.45127 14
127.5 42.43893 14
127.6 42.42699 14
127.7 42.49623 14
127.8 42.48986 14
127.9 42.47987 14
128.0 42.46921 14
128.1 42.45831 14
128.2 42.44727 14
128.3 42.43517 14
128.4 42.42331 14
128.5 42.49461 14
128.6 42.48606 14
128.7 42.47643 14
128.8 42.46573 14
128.9 42.45557 14
129.0 42.44336 14
129.1 42.43142 14
129.2 42.41910 14
129.3 42.49247 14
129.4 42.48318 14
129.5 42.47296 14
129.6 42.46210 14
129.7 42.45168 14
129.8 42.43925 14
129.9 42.42732 14
130.0 42.49635 14
130.1 42.49001 14
130.2 42.47996 14
130.3 42.46921 14
130.4 42.45832 14
130.5 42.44717 14
130.6 42.43508 14
130.7 42.42311 14
130.8 42.49445 14
130.9 42.48584 14
131.0 42.47607 14
131.1 42.46535 14
131.2 42.45518 14
131.3 42.44272 14
131.4 42.43079 14
131.5 42.41722 14
131.6 42.49204 14
131.7 42.48252 14
131.8 42.47206 14
131.9 42.46121 14
132.0 42.45055 14
132.1 42.43819 14
132.2 42.42626 14
132.3 42.49586 14
132.4 42.48796 14
132.5 42.47892 14
132.6 42.46785 14
132.7 42.45758 14
132.8 42.44571 14
132.9 42.43358 14
133.0 42.42147 14
133.1 42.49362 14
133.2 42.48457 14
133.3 42.47443 14
133.4 42.46356 14
133.5 42.45325 14
133.6 42.44061 14
133.7 42.42859 14
133.8 42.41492 14
133.9 42.49068 14
134.0 42.48070 14
134.1 42.47004 14
134.2 42.45896 14
134.3 42.44786 14
134.4 42.43567 14
134.5 42.42371 14
134.6 42.49463 14
134.7 42.48602 14
134.8 42.47628 14
134.9 42.46536 14
135.0 42.45507 14
135.1 42.44263 14
135.2 42.43045 14
135.3 42.41676 14
135.4 42.49177 14
135.5 42.48198 14
135.6 42.47135 14
135.7 42.46047 14
135.8 42.44954 14
135.9 42.43716 14
136.0 42.42510 14
136.1 42.49532 14
136.2 42.48691 14
136.3 42.47751 14
136.4 42.46638 14
136.5 42.45618 14
136.6 42.44375 14
136.7 42.43145 14
136.8 42.41912 14
136.9 42.49229 14
137.0 42.48276 14
137.1 42.47222 14
137.2 42.46117 14
137.3 42.45049 14
137.4 42.43791 14
137.5 42.42573 14
137.6 42.49559 14
137.7 42.48735 14
137.8 42.47809 14
137.9 42.46684 14
138.0 42.45654 14
138.1 42.44412 14
138.2 42.43183 14
138.3 42.41948 14
138.4 42.49251 14
138.5 42.48295 14
138.6 42.47239 14
138.7 42.46128 14
138.8 42.45071 14
138.9 42.43790 14
139.0 42.42573 14
139.1 42.49553 14
139.2 42.48726 14
139.3 42.47798 14
139.4 42.46659 14
139.5 42.45628 14
139.6 42.44372 14
139.7 42.43143 14
139.8 42.41907 14
139.9 42.49212 14
140.0 42.48234 14
140.1 42.47164 14
140.2 42.46066 14
140.3 42.44986 14
140.4 42.43724 14
140.5 42.42492 14
140.6 42.49518 14
140.7 42.48659 14
140.8 42.47703 14
140.9 42.46575 14
141.0 42.45523 14
141.1 42.44266 14
141.2 42.43022 14
141.3 42.41640 14
141.4 42.49139 14
141.5 42.48140 14
141.6 42.47046 14
141.7 42.45942 14
141.8 42.44793 14
141.9 42.43551 14
142.0 42.42343 14
142.1 42.49436 14
142.2 42.48543 14
142.3 42.47527 14
142.4 42.46415 14
142.5 42.45351 14
142.6 42.44048 14
142.7 42.42820 14
142.8 42.49655 14
142.9 42.49001 14
143.0 42.47965 14
143.1 42.46865 14
143.2 42.45714 14
143.3 42.44558 14
143.4 42.43306 14
143.5 42.42069 14
143.6 42.49305 14
143.7 42.48347 14
143.8 42.47298 14
143.9 42.46165 14
144.0 42.45096 14
144.1 42.43789 14
144.2 42.42558 14
144.3 42.49535 14
144.4 42.48675 14
144.5 42.47710 14
144.6 42.46570 14
144.7 42.45518 14
144.8 42.44232 14
144.9 42.42988 14
145.0 42.41566 14
145.1 42.49100 14
145.2 42.48067 14
145.3 42.46965 14
145.4 42.45843 14
145.5 42.44664 14
145.6 42.43417 14
145.7 42.42166 14
145.8 42.49351 14
145.9 42.48409 14
146.0 42.47357 14
146.1 42.46214 14
146.2 42.45148 14
146.3 42.43827 14
146.4 42.42581 14
146.5 42.49545 14
146.6 42.48692 14
146.7 42.47717 14
146.8 42.46564 14
146.9 42.45511 14
147.0 42.44211 14
147.1 42.42951 14
147.2 42.41528 14
147.3 42.49059 14
147.4 42.48026 14
147.5 42.46905 14
147.6 42.45754 14
147.7 42.44582 14
147.8 42.43320 14
147.9 42.42054 14
148.0 42.49288 14
148.1 42.48312 14
148.2 42.47245 14
148.3 42.46095 14
148.4 42.44970 14
148.5 42.43684 14
148.6 42.42406 14
148.7 42.49472 14
148.8 42.48556 14
148.9 42.47540 14
149.0 42.46390 14
149.1 42.45295 14
149.2 42.43976 14
149.3 42.42716 14
149.4 42.49613 14
149.5 42.48782 14
149.6 42.47832 14
149.7 42.46656 14
149.8 42.45582 14
149.9 42.44296 14
150.0 42.43007 14
150.1 42.41610 14
150.2 42.49083 14
150.3 42.48045 14
150.4 42.46913 14
150.5 42.45762 14
150.6 42.44575 14
150.7 42.43282 14
150.8 42.42014 14
150.9 42.49249 14
151.0 42.48270 14
151.1 42.47152 14
151.2 42.46016 14
151.3 42.44848 14
151.4 42.43580 14
151.5 42.42286 14
151.6 42.49399 14
151.7 42.48455 14
151.8 42.47369 14
151.9 42.46226 14
152.0 42.45115 14
152.1 42.43793 14
152.2 42.42515 14
152.3 42.49515 14
152.4 42.48600 14
152.5 42.47577 14
152.6 42.46416 14
152.7 42.45307 14
152.8 42.43999 14
152.9 42.42696 14
153.0 42.49605 14
153.1 42.48746 14
153.2 42.47787 14
153.3 42.46592 14
153.4 42.45482 14
153.5 42.44179 14
153.6 42.42859 14
153.7 42.41436 14
153.8 42.48975 14
153.9 42.47920 14
154.0 42.46746 14
154.1 42.45639 14
154.2 42.44338 14
154.3 42.43033 14
154.4 42.41619 14
154.5 42.49068 14
154.6 42.48025 14
154.7 42.46862 14
154.8 42.45707 14
154.9 42.44475 14
155.0 42.43174 14
155.1 42.41888 14
155.2 42.49139 14
155.3 42.48125 14
155.4 42.46961 14
155.5 42.45836 14
155.6 42.44579 14
155.7 42.43268 14
155.8 42.41983 14
155.9 42.49211 14
156.0 42.48219 14
156.1 42.47029 14
156.2 42.45908 14
156.3 42.44654 14
156.4 42.43389 14
156.5 42.42073 14
156.6 42.49264 14
156.7 42.48265 14
156.8 42.47118 14
156.9 42.45963 14
157.0 42.44723 14
157.1 42.43462 14
157.2 42.42116 14
157.3 42.49296 14
157.4 42.48297 14
157.5 42.47173 14
157.6 42.46000 14
157.7 42.44785 14
157.8 42.43498 14
157.9 42.42140 14
158.0 42.49309 14
158.1 42.48315 14
158.2 42.47205 14
158.3 42.46006 14
158.4 42.44805 14
158.5 42.43517 14
158.6 42.42157 14
158.7 42.49312 14
158.8 42.48318 14
158.9 42.47194 14
159.0 42.45995 14
159.1 42.44778 14
159.2 42.43490 14
159.3 42.42131 14
159.4 42.49295 14
159.5 42.48282 14
159.6 42.47155 14
159.7 42.45965 14
159.8 42.44724 14
159.9 42.43430 14
160.0 42.42082 14
160.1 42.49258 14
160.2 42.48244 14
160.3 42.47069 14
160.4 42.45918 14
160.5 42.44658 14
160.6 42.43348 14
160.7 42.41999 14
160.8 42.49210 14
160.9 42.48190 14
161.0 42.46980 14
161.1 42.45838 14
161.2 42.44562 14
161.3 42.43216 14
161.4 42.41911 14
161.5 42.49157 14
161.6 42.48087 14
161.7 42.46886 14
161.8 42.45727 14
161.9 42.44432 14
162.0 42.43097 14
162.1 42.41652 14
162.2 42.49053 14
162.3 42.47976 14
162.4 42.46775 14
162.5 42.45635 14
162.6 42.44281 14
162.7 42.42939 14
162.8 42.41461 14
162.9 42.48831 14
163.0 42.47859 14
163.1 42.46623 14
163.2 42.45462 14
163.3 42.44106 14
163.4 42.42748 14
163.5 42.49604 14
163.6 42.48708 14
163.7 42.47684 14
163.8 42.46446 14
163.9 42.45270 14
164.0 42.43896 14
164.1 42.42565 14
164.2 42.49512 14
164.3 42.48545 14
164.4 42.47444 14
164.5 42.46233 14
164.6 42.45057 14
164.7 42.43694 14
164.8 42.42298 14
164.9 42.49376 14
165.0 42.48381 14
165.1 42.47222 14
165.2 42.46017 14
165.3 42.44766 14
165.4 42.43415 14
165.5 42.42030 14
165.6 42.49208 14
165.7 42.48171 14
165.8 42.46941 14
165.9 42.45764 14
166.0 42.44423 14
166.1 42.43096 14
166.2 42.41608 14
166.3 42.49018 14
166.4 42.47904 14
166.5 42.46692 14
166.6 42.45495 14
166.7 42.44120 14
166.8 42.42743 14
166.9 42.49600 14
167.0 42.48676 14
167.1 42.47614 14
167.2 42.46356 14
167.3 42.45186 14
167.4 42.43791 14
167.5 42.42407 14
167.6 42.49421 14
167.7 42.48424 14
167.8 42.47255 14
167.9 42.46035 14
168.0 42.44767 14
168.1 42.43425 14
168.2 42.42008 14
168.3 42.49184 14
168.4 42.48105 14
168.5 42.46886 14
168.6 42.45860 14
168.7 42.44325 14
168.8 42.42949 14
168.9 42.41460 14
169.0 42.48797 14
169.1 42.47773 14
169.2 42.46494 14
169.3 42.45303 14
169.4 42.43892 14
169.5 42.42523 14
169.6 42.49483 14
169.7 42.48482 14
169.8 42.47307 14
169.9 42.46073 14
170.0 42.44815 14
170.1 42.43475 14
170.2 42.42027 14
170.3 42.49184 14
170.4 42.48090 14
170.5 42.46867 14
170.6 42.45862 14
170.7 42.44272 14
170.8 42.42890 14
170.9 42.49643 14
171.0 42.48731 14
171.1 42.47704 14
171.2 42.46388 14
171.3 42.45200 14
171.4 42.43769 14
171.5 42.42350 14
171.6 42.49374 14
171.7 42.48372 14
171.8 42.47163 14
171.9 42.45890 14
172.0 42.44574 14
172.1 42.43185 14
172.2 42.41679 14
172.3 42.49015 14
172.4 42.47881 14
172.5 42.46646 14
172.6 42.45406 14
172.7 42.43973 14
172.8 42.42574 14
172.9 42.49497 14
173.0 42.48490 14
173.1 42.47298 14
173.2 42.46045 14
173.3 42.44771 14
173.4 42.43379 14
173.5 42.41921 14
173.6 42.49125 14
173.7 42.47984 14
173.8 42.46745 14
173.9 42.45527 14
174.0 42.44082 14
174.1 42.42647 14
174.2 42.49539 14
174.3 42.48541 14
174.4 42.47387 14
174.5 42.46091 14
174.6 42.44813 14
174.7 42.43434 14
174.8 42.41950 14
174.9 42.49141 14
175.0 42.47991 14
175.1 42.46737 14
175.2 42.45516 14
175.3 42.44069 14
175.4 42.42632 14
175.5 42.49531 14
175.6 42.48515 14
175.7 42.47320 14
175.8 42.46041 14
175.9 42.44746 14
176.0 42.43350 14
176.1 42.41872 14
176.2 42.49065 14
176.3 42.47901 14
176.4 42.46648 14
176.5 42.45403 14
176.6 42.43948 14
176.7 42.42511 14
176.8 42.49457 14
176.9 42.48411 14
177.0 42.47186 14
177.1 42.45893 14
177.2 42.44539 14
177.3 42.43110 14
177.4 42.41532 14
177.5 42.48795 14
177.6 42.47747 14
177.7 42.46399 14
177.8 42.45155 14
177.9 42.43682 14
178.0 42.42220 14
178.1 42.49281 14
178.2 42.48197 14
178.3 42.46899 14
178.4 42.45839 14
178.5 42.44206 14
178.6 42.42735 14
178.7 42.49577 14
178.8 42.48570 14
178.9 42.47376 14
179.0 42.46058 14
179.1 42.44744 14
179.2 42.43326 14
179.3 42.41702 14
179.4 42.49002 14
179.5 42.47830 14
179.6 42.46499 14
179.7 42.45246 14
179.8 42.43787 14
179.9 42.42307 14
180.0 42.49326 14
180.1 42.48247 14
180.2 42.46925 14
180.3 42.45839 14
180.4 42.44212 14
180.5 42.42723 14
180.6 42.49565 14
180.7 42.48534 14
180.8 42.47329 14
180.9 42.46005 14
181.0 42.44645 14
181.1 42.43216 14
181.2 42.41592 14
181.3 42.48806 14
181.4 42.47742 14
181.5 42.46372 14
181.6 42.45105 14
181.7 42.43609 14
181.8 42.42123 14
181.9 42.49194 14
182.0 42.48028 14
182.1 42.46739 14
182.2 42.45460 14
182.3 42.43950 14
182.4 42.42486 14
182.5 42.49416 14
182.6 42.48328 14
182.7 42.47045 14
182.8 42.45716 14
182.9 42.44269 14
183.0 42.42792 14
183.1 42.49573 14
183.2 42.48545 14
183.3 42.47304 14
183.4 42.45968 14
183.5 42.44588 14
183.6 42.43106 14
183.7 42.41485 14
183.8 42.48723 14
183.9 42.47598 14
184.0 42.46238 14
184.1 42.44956 14
184.2 42.43407 14
184.3 42.41858 14
184.4 42.49016 14
184.5 42.47813 14
184.6 42.46458 14
184.7 42.45162 14
184.8 42.43645 14
184.9 42.42123 14
185.0 42.49181 14
185.1 42.48004 14
185.2 42.46665 14
185.3 42.45360 14
185.4 42.43830 14
185.5 42.42338 14
185.6 42.49312 14
185.7 42.48182 14
185.8 42.46827 14
185.9 42.45550 14
186.0 42.44022 14
186.1 42.42517 14
186.2 42.49435 14
186.3 42.48316 14
186.4 42.46990 14
186.5 42.45865 14
186.6 42.44159 14
186.7 42.42640 14
186.8 42.49487 14
186.9 42.48409 14
187.0 42.47113 14
187.1 42.45740 14
187.2 42.44270 14
187.3 42.42767 14
187.4 42.49546 14
187.5 42.48470 14
187.6 42.47183 14
187.7 42.45827 14
187.8 42.44377 14
187.9 42.42859 14
188.0 42.49578 14
188.1 42.48513 14
188.2 42.47246 14
188.3 42.45879 14
188.4 42.44425 14
188.5 42.42898 14
188.6 42.49593 14
188.7 42.48549 14
188.8 42.47285 14
188.9 42.45921 14
189.0 42.44441 14
189.1 42.42928 14
189.2 42.49598 14
189.3 42.48566 14
189.4 42.47302 14
189.5 42.45916 14
189.6 42.44434 14
189.7 42.42919 14
189.8 42.49594 14
189.9 42.48549 14
190.0 42.47282 14
190.1 42.45875 14
190.2 42.44403 14
190.3 42.42870 14
190.4 42.49580 14
190.5 42.48512 14
190.6 42.47201 14
190.7 42.45826 14
190.8 42.44309 14
190.9 42.42798 14
191.0 42.49555 14
191.1 42.48457 14
191.2 42.47135 14
191.3 42.45740 14
191.4 42.44231 14
191.5 42.42674 14
191.6 42.49501 14
191.7 42.48384 14
191.8 42.47036 14
191.9 42.45866 14
192.0 42.44118 14
192.1 42.42570 14
192.2 42.49425 14
192.3 42.48278 14
192.4 42.46870 14
192.5 42.45593 14
192.6 42.43978 14
192.7 42.42426 14
192.8 42.49301 14
192.9 42.48129 14
193.0 42.46725 14
193.1 42.45347 14
193.2 42.43783 14
193.3 42.42182 14
193.4 42.49178 14
193.5 42.47910 14
193.6 42.46506 14
193.7 42.45148 14
193.8 42.43565 14
193.9 42.41903 14
194.0 42.49012 14
194.1 42.47727 14
194.2 42.46272 14
194.3 42.44925 14
194.4 42.43267 14
194.5 42.41538 14
194.6 42.48685 14
194.7 42.47487 14
194.8 42.46030 14
194.9 42.44539 14
195.0 42.42942 14
195.1 42.49585 14
195.2 42.48492 14
195.3 42.47166 14
195.4 42.45736 14
195.5 42.44176 14
195.6 42.42591 14
195.7 42.49431 14
195.8 42.48278 14
195.9 42.46850 14
196.0 42.45464 14
196.1 42.43862 14
196.2 42.42242 14
196.3 42.49199 14
196.4 42.47944 14
196.5 42.46485 14
196.6 42.45090 14
196.7 42.43482 14
196.8 42.41688 14
196.9 42.48815 14
197.0 42.47612 14
197.1 42.46114 14
197.2 42.44646 14
197.3 42.43020 14
197.4 42.49608 14
197.5 42.48518 14
197.6 42.47143 14
197.7 42.45705 14
197.8 42.44137 14
197.9 42.42543 14
198.0 42.49403 14
198.1 42.48189 14
198.2 42.46727 14
198.3 42.45307 14
198.4 42.43699 14
198.5 42.42066 14
198.6 42.49061 14
198.7 42.47723 14
198.8 42.46230 14
198.9 42.44809 14
199.0 42.43164 14
199.1 42.49651 14
199.2 42.48563 14
199.3 42.47207 14
199.4 42.45755 14
199.5 42.44170 14
199.6 42.42571 14
199.7 42.49378 14
199.8 42.48146 14
199.9 42.46702 14
200.0 42.45274 14
200.1 42.43646 14
200.2 42.41980 14
200.3 42.48975 14
200.4 42.47643 14
200.5 42.46123 14
200.6 42.44644 14
200.7 42.42979 14
200.8 42.49566 14
200.9 42.48424 14
201.0 42.47034 14
201.1 42.45646 14
201.2 42.43977 14
201.3 42.42302 14
201.4 42.49183 14
201.5 42.47875 14
201.6 42.46392 14
201.7 42.44973 14
201.8 42.43254 14
201.9 42.41440 14
202.0 42.48585 14
202.1 42.47247 14
202.2 42.45765 14
202.3 42.44146 14
202.4 42.42499 14
202.5 42.49311 14
202.6 42.48037 14
202.7 42.46583 14
202.8 42.45122 14
202.9 42.43444 14
203.0 42.41576 14
203.1 42.48656 14
203.2 42.47388 14
203.3 42.45864 14
203.4 42.44232 14
203.5 42.42558 14
203.6 42.49364 14
203.7 42.48115 14
203.8 42.46654 14
203.9 42.45141 14
204.0 42.43459 14
204.1 42.41587 14
204.2 42.48661 14
204.3 42.47391 14
204.4 42.45863 14
204.5 42.44203 14
204.6 42.42524 14
204.7 42.49335 14
204.8 42.48070 14
204.9 42.46584 14
205.0 42.45068 14
205.1 42.43324 14
205.2 42.41493 14
205.3 42.48600 14
205.4 42.47262 14
205.5 42.45739 14
205.6 42.44057 14
205.7 42.42383 14
205.8 42.49212 14
205.9 42.47890 14
206.0 42.46395 14
206.1 42.44876 14
206.2 42.43067 14
206.3 42.49603 14
206.4 42.48448 14
206.5 42.47046 14
206.6 42.45580 14
206.7 42.43810 14
206.8 42.42070 14
206.9 42.49028 14
207.0 42.47666 14
207.1 42.46093 14
207.2 42.44441 14
207.3 42.42700 14
207.4 42.49438 14
207.5 42.48216 14
207.6 42.46716 14
207.7 42.45113 14
207.8 42.43402 14
207.9 42.41529 14
208.0 42.48610 14
208.1 42.47280 14
208.2 42.45875 14
208.3 42.43969 14
208.4 42.42251 14
208.5 42.49146 14
208.6 42.47779 14
208.7 42.46182 14
208.8 42.44576 14
208.9 42.42813 14
209.0 42.49479 14
209.1 42.48260 14
209.2 42.46761 14
209.3 42.45122 14
209.4 42.43419 14
209.5 42.41525 14
209.6 42.48603 14
209.7 42.47265 14
209.8 42.45819 14
209.9 42.43899 14
210.0 42.42150 14
210.1 42.49069 14
210.2 42.47698 14
210.3 42.46042 14
210.4 42.44343 14
210.5 42.42603 14
210.6 42.49390 14
210.7 42.48107 14
210.8 42.46593 14
210.9 42.44901 14
211.0 42.43118 14
211.1 42.49598 14
211.2 42.48425 14
211.3 42.47001 14
211.4 42.45314 14
211.5 42.43550 14
211.6 42.41633 14
211.7 42.48695 14
211.8 42.47380 14
211.9 42.45855 14
212.0 42.43933 14
212.1 42.42185 14
212.2 42.49085 14
212.3 42.47700 14
212.4 42.46158 14
212.5 42.44244 14
212.6 42.42534 14
212.7 42.49323 14
212.8 42.47991 14
212.9 42.46483 14
213.0 42.44664 14
213.1 42.42889 14
213.2 42.49505 14
213.3 42.48269 14
213.4 42.46769 14
213.5 42.45013 14
213.6 42.43208 14
213.7 42.49632 14
213.8 42.48474 14
213.9 42.47037 14
214.0 42.45600 14
214.1 42.43515 14
214.2 42.41587 14
214.3 42.48632 14
214.4 42.47308 14
214.5 42.45736 14
214.6 42.43732 14
214.7 42.41997 14
214.8 42.48820 14
214.9 42.47493 14
215.0 42.45942 14
215.1 42.43955 14
215.2 42.42194 14
215.3 42.49083 14
215.4 42.47684 14
215.5 42.46129 14
215.6 42.44577 14
215.7 42.42412 14
215.8 42.49196 14
215.9 42.47834 14
216.0 42.46268 14
216.1 42.44796 14
216.2 42.42534 14
216.3 42.49314 14
216.4 42.47955 14
216.5 42.46414 14
216.6 42.44922 14
216.7 42.43166 14
216.8 42.49392 14
216.9 42.48089 14
217.0 42.46548 14
217.1 42.45027 14
217.2 42.43295 14
217.3 42.49438 14
217.4 42.48184 14
217.5 42.46641 14
217.6 42.45095 14
217.7 42.43407 14
217.8 42.49483 14
217.9 42.48225 14
218.0 42.46686 14
218.1 42.45143 14
218.2 42.43468 14
218.3 42.41573 14
218.4 42.48249 14
218.5 42.46713 14
218.6 42.45212 14
218.7 42.43493 14
218.8 42.41595 14
218.9 42.48257 14
219.0 42.46720 14
219.1 42.45218 14
219.2 42.43496 14
219.3 42.41596 14
219.4 42.48249 14
219.5 42.46708 14
219.6 42.45159 14
219.7 42.43478 14
219.8 42.41575 14
219.9 42.48634 14
220.0 42.46677 14
220.1 42.45123 14
220.2 42.43439 14
220.3 42.41533 14
220.4 42.48603 14
220.5 42.46626 14
220.6 42.45066 14
220.7 42.43348 14
220.8 42.41458 14
220.9 42.48555 14
221.0 42.46529 14
221.1 42.44988 14
221.2 42.43210 14
221.3 42.49634 14
221.4 42.48482 14
221.5 42.47051 14
221.6 42.44873 14
221.7 42.43092 14
221.8 42.49580 14
221.9 42.48391 14
222.0 42.46942 14
222.1 42.44700 14
222.2 42.42907 14
222.3 42.49519 14
222.4 42.48292 14
222.5 42.46767 14
222.6 42.45280 14
222.7 42.42732 14
222.8 42.49417 14
222.9 42.48162 14
223.0 42.46616 14
223.1 42.45083 14
223.2 42.42492 14
223.3 42.49279 14
223.4 42.47931 14
223.5 42.46379 14
223.6 42.44894 14
223.7 42.42303 14
223.8 42.49130 14
223.9 42.47723 14
224.0 42.46158 14
224.1 42.44596 14
224.2 42.42856 14
224.3 42.48948 14
224.4 42.47529 14
224.5 42.45917 14
224.6 42.44287 14
224.7 42.42560 14
224.8 42.48604 14
224.9 42.47229 14
225.0 42.45836 14
225.1 42.43997 14
225.2 42.42315 14
225.3 42.49151 14
225.4 42.46934 14
225.5 42.45401 14
225.6 42.43677 14
225.7 42.41956 14
225.8 42.48803 14
225.9 42.46615 14
226.0 42.45067 14
226.1 42.43365 14
226.2 42.41472 14
226.3 42.48558 14
226.4 42.46238 14
226.5 42.44713 14
226.6 42.42931 14
226.7 42.49525 14
226.8 42.48307 14
226.9 42.46790 14
227.0 42.44203 14
227.1 42.42502 14
227.2 42.49304 14
227.3 42.47962 14
227.4 42.46426 14
227.5 42.43818 14
227.6 42.42077 14
227.7 42.49012 14
227.8 42.47612 14
227.9 42.46030 14
228.0 42.44406 14
228.1 42.41495 14
228.2 42.48567 14
228.3 42.47150 14
228.4 42.45834 14
228.5 42.43966 14
228.6 42.49498 14
228.7 42.48241 14
228.8 42.46706 14
228.9 42.45209 14
229.0 42.43494 14
229.1 42.49181 14
229.2 42.47792 14
229.3 42.46237 14
229.4 42.44711 14
229.5 42.42944 14
229.6 42.49530 14
229.7 42.47341 14
229.8 42.45753 14
229.9 42.44090 14
230.0 42.42398 14
230.1 42.49229 14
230.2 42.46792 14
230.3 42.45311 14
230.4 42.43574 14
230.5 42.41674 14
230.6 42.48707 14
230.7 42.47394 14
230.8 42.44752 14
230.9 42.42949 14
231.0 42.49529 14
231.1 42.48319 14
231.2 42.46797 14
231.3 42.44044 14
231.4 42.42343 14
231.5 42.49174 14
231.6 42.47785 14
231.7 42.46244 14
231.8 42.44749 14
231.9 42.41545 14
232.0 42.48609 14
232.1 42.47227 14
232.2 42.45825 14
232.3 42.44021 14
232.4 42.49424 14
232.5 42.48166 14
232.6 42.46627 14
232.7 42.45088 14
232.8 42.43395 14
232.9 42.41513 14
233.0 42.47583 14
233.1 42.45985 14
233.2 42.44360 14
233.3 42.42630 14
233.4 42.49389 14
233.5 42.46899 14
233.6 42.45385 14
233.7 42.43647 14
233.8 42.41941 14
233.9 42.48783 14
234.0 42.46207 14
234.1 42.44634 14
234.2 42.42888 14
234.3 42.49507 14
234.4 42.48280 14
234.5 42.46762 14
234.6 42.43856 14
234.7 42.42118 14
234.8 42.49043 14
234.9 42.47644 14
235.0 42.46071 14
235.1 42.43075 14
235.2 42.49567 14
235.3 42.48369 14
235.4 42.46918 14
235.5 42.45433 14
235.6 42.43670 14
235.7 42.49115 14
235.8 42.47709 14
235.9 42.46138 14
236.0 42.44569 14
236.1 42.42840 14
236.2 42.48403 14
236.3 42.46966 14
236.4 42.45494 14
236.5 42.43726 14
236.6 42.41993 14
236.7 42.48967 14
236.8 42.46140 14
236.9 42.44566 14
237.0 42.42831 14
237.1 42.49487 14
237.2 42.48244 14
237.3 42.45432 14
237.4 42.43658 14
237.5 42.41946 14
237.6 42.48803 14
237.7 42.47525 14
237.8 42.45900 14
237.9 42.42736 14
238.0 42.49429 14
238.1 42.48174 14
238.2 42.46636 14
238.3 42.45111 14
238.4 42.41662 14
238.5 42.48688 14
238.6 42.47342 14
238.7 42.45776 14
238.8 42.44123 14
238.9 42.42416 14
239.0 42.48011 14
239.1 42.46472 14
239.2 42.44944 14
239.3 42.43213 14
239.4 42.49627 14
239.5 42.47101 14
239.6 42.45792 14
239.7 42.43891 14
239.8 42.42185 14
239.9 42.49096 14
240.0 42.47703 14
240.1 42.44615 14
240.2 42.42896 14
240.3 42.49502 14
240.4 42.48268 14
240.5 42.46745 14
240.6 42.43585 14
240.7 42.41843 14
240.8 42.48718 14
240.9 42.47398 14
241.0 42.45820 14
241.1 42.44172 14
241.2 42.49288 14
241.3 42.47973 14
241.4 42.46435 14
241.5 42.44917 14
241.6 42.43176 14
241.7 42.48440 14
241.8 42.46995 14
241.9 42.45525 14
242.0 42.43757 14
242.1 42.42040 14
242.2 42.49005 14
242.3 42.45985 14
242.4 42.44368 14
242.5 42.42630 14
242.6 42.49386 14
242.7 42.48121 14
242.8 42.46580 14
242.9 42.43290 14
243.0 42.49655 14
243.1 42.48520 14
243.2 42.47087 14
243.3 42.45785 14
243.4 42.42075 14
243.5 42.49022 14
243.6 42.47626 14
243.7 42.46033 14
243.8 42.44437 14
243.9 42.42728 14
244.0 42.48089 14
244.1 42.46548 14
244.2 42.45027 14
244.3 42.43313 14
244.4 42.41454 14
244.5 42.47016 14
244.6 42.45561 14
244.7 42.43779 14
244.8 42.42062 14
244.9 42.49019 14
245.0 42.47628 14
245.1 42.44287 14
245.2 42.42535 14
245.3 42.49341 14
245.4 42.48019 14
245.5 42.46503 14
245.6 42.43078 14
245.7 42.49573 14
245.8 42.48372 14
245.9 42.46934 14
246.0 42.45465 14
246.1 42.43702 14
246.2 42.48689 14
246.3 42.47352 14
246.4 42.45779 14
246.5 42.44127 14
246.6 42.42421 14
246.7 42.49250 14
246.8 42.46150 14
246.9 42.44590 14
247.0 42.42861 14
247.1 42.49489 14
247.2 42.48250 14
247.3 42.45018 14
247.4 42.43300 14
247.5 42.41438 14
247.6 42.48534 14
247.7 42.47107 14
247.8 42.45812 14
247.9 42.41943 14
248.0 42.48802 14
248.1 42.47523 14
248.2 42.45913 14
248.3 42.44315 14
248.4 42.49172 14
248.5 42.47802 14
248.6 42.46258 14
248.7 42.44728 14
248.8 42.42944 14
248.9 42.49529 14
249.0 42.46556 14
249.1 42.45038 14
249.2 42.43326 14
249.3 42.41468 14
249.4 42.48560 14
249.5 42.47152 14
249.6 42.43624 14
249.7 42.41917 14
249.8 42.48788 14
249.9 42.47510 14
250.0 42.45903 14
