15.0 1.63362 13
15.1 1.64611 13
15.2 1.65891 13
15.3 1.67144 13
15.4 1.68398 13
15.5 1.80547 13
15.6 1.83447 13
15.7 1.86286 13
15.8 1.89214 13
15.9 1.92154 13
16.0 1.95022 13
16.1 1.97983 13
16.2 2.01098 13
16.3 2.03989 13
16.4 2.06978 13
16.5 2.09880 13
16.6 2.12883 13
16.7 2.15793 13
16.8 2.18705 13
16.9 2.21724 13
17.0 2.24641 13
17.1 2.27559 13
17.2 2.30476 13
17.3 2.33511 13
17.4 2.36429 13
17.5 2.39347 13
17.6 2.42262 13
17.7 2.45176 13
17.8 2.48086 13
17.9 2.48242 14
18.0 2.52245 14
18.1 2.56255 14
18.2 2.60273 14
18.3 2.64293 14
18.4 2.68118 14
18.5 2.72142 14
18.6 2.76461 14
18.7 2.80495 14
18.8 2.84529 14
18.9 2.88343 14
19.0 2.92370 14
19.1 2.96396 14
19.2 3.01218 14
19.3 3.06800 14
19.4 3.12394 14
19.5 3.17652 14
19.6 3.23250 14
19.7 3.28850 14
19.8 3.34087 14
19.9 3.39670 14
20.0 3.44872 14
20.1 3.50421 14
20.2 3.55567 14
20.3 3.61057 14
20.4 3.66136 14
20.5 3.71741 14
20.6 3.76923 14
20.7 3.82490 14
20.8 3.87616 14
20.9 3.93127 14
21.0 3.98180 14
21.1 4.03570 14
21.2 4.07840 14
21.3 4.11461 14
21.4 4.08990 14
21.5 4.08584 14
21.6 4.03630 14
21.7 4.08279 14
21.8 4.03477 14
21.9 4.02485 14
22.0 3.96166 14
22.1 3.91899 14
22.2 3.85027 14
22.3 3.78844 14
22.4 3.81158 14
22.5 3.84386 14
22.6 3.88859 14
22.7 3.91929 14
22.8 3.95415 14
22.9 3.99577 14
23.0 4.03025 14
23.1 4.06322 14
23.2 4.10118 14
23.3 4.14784 14
23.4 4.18406 14
23.5 4.21912 14
23.6 4.25955 14
23.7 4.29839 14
23.8 4.33765 14
23.9 4.37702 14
24.0 4.41675 14
24.1 4.46304 14
24.2 4.50604 14
24.3 4.54636 14
24.4 4.58720 14
24.5 4.62849 14
24.6 4.68054 14
24.7 4.72119 14
24.8 4.76391 14
24.9 4.80683 14
25.0 4.84991 14
25.1 4.89242 14
25.2 4.94231 14
25.3 4.98613 14
25.4 4.51496 14
25.5 4.52355 14
25.6 4.53334 14
25.7 4.78748 14
25.8 4.64049 14
25.9 4.62117 14
26.0 4.62238 14
26.1 4.63370 14
26.2 4.65440 14
26.3 4.68835 14
26.4 4.71181 14
26.5 4.72725 14
26.6 4.73766 14
26.7 4.74507 14
26.8 4.75195 14
26.9 4.75717 14
27.0 4.76209 14
27.1 4.76688 14
27.2 4.77156 14
27.3 4.77615 14
27.4 4.78065 14
27.5 4.79365 14
27.6 4.80670 14
27.7 4.81999 14
27.8 4.83359 14
27.9 4.84756 14
28.0 4.86196 14
28.1 4.88062 14
28.2 4.89574 14
28.3 4.91106 14
28.4 4.92660 14
28.5 4.94239 14
28.6 4.95844 14
28.7 4.97478 14
28.8 4.99143 14
28.9 5.00844 14
29.0 5.02584 14
29.1 5.04371 14
29.2 5.06210 14
29.3 5.08053 14
29.4 5.10139 14
29.5 5.12317 14
29.6 5.14601 14
29.7 5.17014 14
29.8 5.19584 14
29.9 5.21913 14
30.0 5.16285 14
30.1 5.17376 14
30.2 5.18505 14
30.3 5.19675 14
30.4 5.20889 14
30.5 5.22147 14
30.6 5.23451 14
30.7 5.36790 14
30.8 5.35041 14
30.9 5.33311 14
31.0 5.33626 14
31.1 5.35125 14
31.2 5.37682 14
31.3 5.41740 14
31.4 5.44488 14
31.5 5.46286 14
31.6 5.47544 14
31.7 5.48492 14
31.8 5.49291 14
31.9 5.50021 14
32.0 5.50718 14
32.1 5.51397 14
32.2 5.52064 14
32.3 5.52721 14
32.4 5.53370 14
32.5 5.54012 14
32.6 5.55355 14
32.7 5.56823 14
32.8 5.58305 14
32.9 5.59803 14
33.0 5.61321 14
33.1 5.62864 14
33.2 5.64528 14
33.3 5.65648 14
33.4 5.67399 14
33.5 5.69178 14
33.6 5.70992 14
33.7 5.72846 14
33.8 5.74751 14
33.9 5.76716 14
34.0 5.78757 14
34.1 5.80891 14
34.2 5.83144 14
34.3 5.85545 14
34.4 5.88138 14
34.5 5.90975 14
34.6 5.85786 14
34.7 5.86620 14
34.8 5.87521 14
34.9 5.88493 14
35.0 5.89539 14
35.1 5.90657 14
35.2 6.04373 14
35.3 6.00624 14
35.4 5.99486 14
35.5 6.00475 14
35.6 6.03015 14
35.7 6.07753 14
35.8 6.10321 14
35.9 6.11299 14
36.0 6.12304 14
36.1 6.12924 14
36.2 6.13380 14
36.3 6.13780 14
36.4 6.14155 14
36.5 6.14519 14
36.6 6.14874 14
36.7 6.15225 14
36.8 6.15580 14
36.9 6.16925 14
37.0 6.18286 14
37.1 6.19668 14
37.2 6.21074 14
37.3 6.22509 14
37.4 6.24121 14
37.5 6.25781 14
37.6 6.27472 14
37.7 6.29200 14
37.8 6.30976 14
37.9 6.32808 14
38.0 6.34712 14
38.1 6.36705 14
38.2 6.37852 14
38.3 6.40051 14
38.4 6.42436 14
38.5 6.45047 14
38.6 6.47944 14
38.7 6.42466 14
38.8 6.43161 14
38.9 6.43940 14
39.0 6.44805 14
39.1 6.45758 14
39.2 6.61617 14
39.3 6.57955 14
39.4 6.55039 14
39.5 6.55304 14
39.6 6.57434 14
39.7 6.61846 14
39.8 6.65574 14
39.9 6.67045 14
40.0 6.67745 14
40.1 6.67947 14
40.2 6.68222 14
40.3 6.68414 14
40.4 6.68585 14
40.5 6.68744 14
40.6 6.68897 14
40.7 6.69046 14
40.8 6.69205 14
40.9 6.70493 14
41.0 6.71802 14
41.1 6.73135 14
41.2 6.74499 14
41.3 6.75968 14
41.4 6.77579 14
41.5 6.79223 14
41.6 6.80905 14
41.7 6.82636 14
41.8 6.83419 14
41.9 6.85232 14
42.0 6.87124 14
42.1 6.89115 14
42.2 6.91231 14
42.3 6.93506 14
42.4 6.95989 14
42.5 6.98740 14
42.6 6.94246 14
42.7 6.94801 14
42.8 6.95446 14
42.9 6.96185 14
43.0 6.97018 14
43.1 7.14683 14
43.2 7.11873 14
43.3 7.07047 14
43.4 7.06518 14
43.5 7.06933 14
43.6 7.09304 14
43.7 7.14307 14
43.8 7.17784 14
43.9 7.19045 14
44.0 7.19546 14
44.1 7.19723 14
44.2 7.19781 14
44.3 7.19798 14
44.4 7.19801 14
44.5 7.19796 14
44.6 7.19780 14
44.7 7.19771 14
44.8 7.19768 14
44.9 7.19936 14
45.0 7.21161 14
45.1 7.22408 14
45.2 7.23681 14
45.3 7.24986 14
45.4 7.26472 14
45.5 7.28029 14
45.6 7.29620 14
45.7 7.31252 14
45.8 7.32934 14
45.9 7.34677 14
46.0 7.36497 14
46.1 7.38409 14
46.2 7.40439 14
46.3 7.42620 14
46.4 7.43272 14
46.5 7.45700 14
46.6 7.48393 14
46.7 7.43855 14
46.8 7.44327 14
46.9 7.44887 14
47.0 7.45542 14
47.1 7.46292 14
47.2 7.65171 14
47.3 7.62262 14
47.4 7.56722 14
47.5 7.64070 14
47.6 7.45139 14
47.7 7.44148 14
47.8 7.42946 14
47.9 7.37557 14
48.0 7.35961 14
48.1 7.34381 14
48.2 7.32795 14
48.3 7.30115 14
48.4 7.29540 14
48.5 7.27843 14
48.6 7.26086 14
48.7 7.24256 14
48.8 7.23572 14
48.9 7.21609 14
49.0 7.20851 14
49.1 7.18966 14
49.2 7.18284 14
49.3 7.18540 14
49.4 7.18084 14
49.5 7.18024 14
49.6 7.17963 14
49.7 7.17893 14
49.8 7.17823 14
49.9 7.17753 14
50.0 7.17669 14
50.1 7.17545 14
50.2 7.17298 14
50.3 7.17319 14
50.4 7.16836 14
50.5 7.15485 14
50.6 7.15888 14
50.7 7.12272 14
50.8 7.13749 14
50.9 7.07250 14
51.0 7.08005 14
51.1 7.04988 14
51.2 7.09864 14
51.3 7.01587 14
51.4 6.95711 14
51.5 6.92896 14
51.6 6.92473 14
51.7 6.92216 14
51.8 6.92362 14
51.9 6.94895 14
52.0 6.99578 14
52.1 7.01150 14
52.2 7.01252 14
52.3 7.09384 14
52.4 7.10151 14
52.5 7.18232 14
52.6 7.20682 14
52.7 7.21069 14
52.8 7.21138 14
52.9 7.21247 14
53.0 7.21272 14
53.1 7.22766 14
53.2 7.25290 14
53.3 7.27873 14
53.4 7.30462 14
53.5 7.33056 14
53.6 7.35663 14
53.7 7.35646 14
53.8 7.38238 14
53.9 7.40835 14
54.0 7.45544 14
54.1 7.47215 14
54.2 7.56185 14
54.3 7.56535 14
54.4 7.65274 14
54.5 7.68298 14
54.6 7.68781 14
54.7 7.68796 14
54.8 7.68835 14
54.9 7.68782 14
55.0 7.69552 14
55.1 7.69406 14
55.2 7.71729 14
55.3 7.74374 14
55.4 7.77024 14
55.5 7.79687 14
55.6 7.82344 14
55.7 7.85009 14
55.8 7.87686 14
55.9 7.90361 14
56.0 7.95144 14
56.1 8.14818 14
56.2 8.06392 14
56.3 8.06803 14
56.4 8.15723 14
56.5 8.19735 14
56.6 8.19509 14
56.7 8.20277 14
56.8 8.20260 14
56.9 8.20228 14
57.0 8.20093 14
57.1 8.19955 14
57.2 8.20061 14
57.3 8.21096 14
57.4 8.23531 14
57.5 8.26251 14
57.6 8.28966 14
57.7 8.31685 14
57.8 8.34419 14
57.9 8.37149 14
58.0 8.39881 14
58.1 8.39315 14
58.2 8.42049 14
58.3 8.47674 14
58.4 8.49215 14
58.5 8.68295 14
58.6 8.59771 14
58.7 8.62603 14
58.8 8.73051 14
58.9 8.75625 14
59.0 8.76026 14
59.1 8.75887 14
59.2 8.75662 14
59.3 8.75527 14
59.4 8.75302 14
59.5 8.77390 14
59.6 8.76784 14
59.7 8.79306 14
59.8 8.82080 14
59.9 8.84871 14
60.0 8.87654 14
60.1 8.90443 14
60.2 8.93247 14
60.3 8.96043 14
60.4 8.98845 14
60.5 9.01663 14
60.6 9.06510 14
60.7 9.29610 14
60.8 9.19148 14
60.9 9.19598 14
61.0 9.27631 14
61.1 9.23680 14
61.2 9.34172 14
61.3 9.36091 14
61.4 9.36210 14
61.5 9.35949 14
61.6 9.35737 14
61.7 9.35418 14
61.8 9.35192 14
61.9 9.37037 14
62.0 9.39682 14
62.1 9.42548 14
62.2 9.45406 14
62.3 9.48282 14
62.4 9.51150 14
62.5 9.54023 14
62.6 9.52797 14
62.7 9.55655 14
62.8 9.58520 14
62.9 9.61401 14
63.0 9.67515 14
63.1 9.69144 14
63.2 9.93927 14
63.3 9.82425 14
63.4 9.83019 14
63.5 9.90976 14
63.6 10.00202 14
63.7 10.01478 14
63.8 10.01377 14
63.9 10.01115 14
64.0 10.00705 14
64.1 10.00375 14
64.2 10.00550 14
64.3 10.00130 14
64.4 10.00448 14
64.5 10.02837 14
64.6 10.05719 14
64.7 10.08641 14
64.8 10.11567 14
64.9 10.14510 14
65.0 10.17443 14
65.1 10.20395 14
65.2 10.23339 14
65.3 10.26300 14
65.4 10.29251 14
65.5 10.35298 14
65.6 10.37025 14
65.7 10.63487 14
65.8 10.37808 14
65.9 10.55772 14
66.0 10.50479 14
66.1 10.54013 14
66.2 10.66494 14
66.3 10.71660 14
66.4 10.72326 14
66.5 10.72148 14
66.6 10.71670 14
66.7 10.71258 14
66.8 10.70733 14
66.9 10.70208 14
67.0 10.71788 14
67.1 10.74381 14
67.2 10.77400 14
67.3 10.80407 14
67.4 10.78341 14
67.5 10.81332 14
67.6 10.84331 14
67.7 10.87347 14
67.8 10.90353 14
67.9 10.93378 14
68.0 10.96394 14
68.1 10.99427 14
68.2 11.02450 14
68.3 11.08663 14
68.4 11.10386 14
68.5 11.40163 14
68.6 11.26138 14
68.7 11.25978 14
68.8 11.32687 14
68.9 11.46598 14
69.0 11.35360 14
69.1 11.47445 14
69.2 11.49243 14
69.3 11.49205 14
69.4 11.48804 14
69.5 11.48195 14
69.6 11.47674 14
69.7 11.47038 14
69.8 11.46513 14
69.9 11.48453 14
70.0 11.51121 14
70.1 11.54209 14
70.2 11.57286 14
70.3 11.60382 14
70.4 11.63466 14
70.5 11.66571 14
70.6 11.69664 14
70.7 11.66943 14
70.8 11.70019 14
70.9 11.73114 14
71.0 11.76197 14
71.1 11.79295 14
71.2 11.82387 14
71.3 11.88520 14
71.4 11.90329 14
71.5 12.22185 14
71.6 12.07268 14
71.7 12.06981 14
71.8 12.13309 14
71.9 12.29362 14
72.0 12.32620 14
72.1 12.33162 14
72.2 12.32676 14
72.3 12.32101 14
72.4 12.32667 14
72.5 12.32093 14
72.6 12.31356 14
72.7 12.30606 14
72.8 12.29970 14
72.9 12.29280 14
73.0 12.31936 14
73.1 12.34689 14
73.2 12.37844 14
73.3 12.40987 14
73.4 12.44150 14
73.5 12.47298 14
73.6 12.50469 14
73.7 12.53627 14
73.8 12.56807 14
73.9 12.59974 14
74.0 12.63160 14
74.1 12.59710 14
74.2 12.62860 14
74.3 12.66031 14
74.4 12.69189 14
74.5 12.75316 14
74.6 12.77183 14
74.7 13.12362 14
74.8 12.96026 14
74.9 12.94908 14
75.0 13.00357 14
75.1 13.14595 14
75.2 13.23358 14
75.3 13.24481 14
75.4 13.20966 14
75.5 13.23999 14
75.6 13.24486 14
75.7 13.23950 14
75.8 13.23282 14
75.9 13.24065 14
76.0 13.23428 14
76.1 13.22588 14
76.2 13.21848 14
76.3 13.20980 14
76.4 13.20234 14
76.5 13.20362 14
76.6 13.23081 14
76.7 13.25927 14
76.8 13.29129 14
76.9 13.32316 14
77.0 13.35522 14
77.1 13.38712 14
77.2 13.41925 14
77.3 13.45142 14
77.4 13.48344 14
77.5 13.51568 14
77.6 13.54774 14
77.7 13.50533 14
77.8 13.53721 14
77.9 13.56925 14
78.0 13.60119 14
78.1 13.63335 14
78.2 13.69566 14
78.3 13.71494 14
78.4 14.03712 14
78.5 13.94477 14
78.6 13.90688 14
78.7 13.93960 14
78.8 13.99638 14
78.9 14.07422 14
79.0 14.08631 14
79.1 14.08740 14
79.2 14.08507 14
79.3 14.08098 14
79.4 14.07727 14
79.5 14.08315 14
79.6 14.07897 14
79.7 14.07518 14
79.8 14.07076 14
79.9 14.06691 14
80.0 14.06250 14
80.1 14.06847 14
80.2 14.08080 14
80.3 14.09414 14
80.4 14.10866 14
80.5 14.12308 14
80.6 14.13760 14
80.7 14.15202 14
80.8 14.16655 14
80.9 14.18099 14
81.0 14.19549 14
81.1 14.20994 14
81.2 14.22445 14
81.3 14.23896 14
81.4 14.21612 14
81.5 14.23053 14
81.6 14.24486 14
81.7 14.25927 14
81.8 14.27367 14
81.9 14.28796 14
82.0 14.31004 14
82.1 14.51273 14
82.2 14.43289 14
82.3 14.40279 14
82.4 14.40960 14
82.5 14.44037 14
82.6 14.51200 14
82.7 14.55793 14
82.8 14.56371 14
82.9 14.56290 14
83.0 14.55912 14
83.1 14.55500 14
83.2 14.55076 14
83.3 14.54600 14
83.4 14.55377 14
83.5 14.54907 14
83.6 14.54479 14
83.7 14.54062 14
83.8 14.53582 14
83.9 14.53458 14
84.0 14.54678 14
84.1 14.55912 14
84.2 14.57280 14
84.3 14.58702 14
84.4 14.60125 14
84.5 14.61539 14
84.6 14.62959 14
84.7 14.64373 14
84.8 14.65795 14
84.9 14.67216 14
85.0 14.68629 14
85.1 14.70051 14
85.2 14.71463 14
85.3 14.68835 14
85.4 14.70246 14
85.5 14.71648 14
85.6 14.73059 14
85.7 14.74460 14
85.8 14.75870 14
85.9 14.77281 14
86.0 14.79359 14
86.1 15.01262 14
86.2 14.93100 14
86.3 14.89410 14
86.4 14.89477 14
86.5 14.91810 14
86.6 14.96979 14
86.7 15.05220 14
86.8 15.06388 14
86.9 15.06574 14
87.0 15.06279 14
87.1 15.05887 14
87.2 15.05387 14
87.3 15.04913 14
87.4 15.05892 14
87.5 15.05396 14
87.6 15.04927 14
87.7 15.04469 14
87.8 15.03951 14
87.9 15.03494 14
88.0 15.02978 14
88.1 15.03724 14
88.2 15.04942 14
88.3 15.06149 14
88.4 15.07540 14
88.5 15.08924 14
88.6 15.10316 14
88.7 15.11707 14
88.8 15.13089 14
88.9 15.14476 14
89.0 15.15859 14
89.1 15.17249 14
89.2 15.18640 14
89.3 15.20021 14
89.4 15.21409 14
89.5 15.18395 14
89.6 15.19764 14
89.7 15.21144 14
89.8 15.22523 14
89.9 15.23892 14
90.0 15.25271 14
90.1 15.26640 14
90.2 15.28019 14
90.3 15.30105 14
90.4 15.54309 14
90.5 15.48577 14
90.6 15.42051 14
90.7 15.40625 14
90.8 15.41744 14
90.9 15.44963 14
91.0 15.51414 14
91.1 15.58500 14
91.2 15.59391 14
91.3 15.59467 14
91.4 15.59124 14
91.5 15.58698 14
91.6 15.59500 14
91.7 15.59305 14
91.8 15.58860 14
91.9 15.58400 14
92.0 15.57858 14
92.1 15.57350 14
92.2 15.56857 14
92.3 15.56305 14
92.4 15.55812 14
92.5 15.55321 14
92.6 15.56126 14
92.7 15.57329 14
92.8 15.58534 14
92.9 15.59848 14
93.0 15.61211 14
93.1 15.62562 14
93.2 15.63926 14
93.3 15.65287 14
93.4 15.66634 14
93.5 15.67995 14
93.6 15.69353 14
93.7 15.70700 14
93.8 15.67285 14
93.9 15.68632 14
94.0 15.69968 14
94.1 15.71314 14
94.2 15.72660 14
94.3 15.73996 14
94.4 15.75341 14
94.5 15.76687 14
94.6 15.78022 14
94.7 15.79366 14
94.8 15.80711 14
94.9 15.82046 14
95.0 15.83928 14
95.1 16.09781 14
95.2 16.04216 14
95.3 15.97026 14
95.4 15.95032 14
95.5 15.95636 14
95.6 15.98036 14
95.7 16.02879 14
95.8 16.12139 14
95.9 16.14955 14
96.0 16.15405 14
96.1 16.04905 14
96.2 16.13942 14
96.3 16.15171 14
96.4 16.15415 14
96.5 16.15219 14
96.6 16.14762 14
96.7 16.14282 14
96.8 16.13752 14
96.9 16.13173 14
97.0 16.12649 14
97.1 16.12125 14
97.2 16.11542 14
97.3 16.11019 14
97.4 16.10497 14
97.5 16.11562 14
97.6 16.12747 14
97.7 16.13932 14
97.8 16.15188 14
97.9 16.16515 14
98.0 16.17841 14
98.1 16.19155 14
98.2 16.20481 14
98.3 16.21807 14
98.4 16.23123 14
98.5 16.19256 14
98.6 16.20571 14
98.7 16.21885 14
98.8 16.23190 14
98.9 16.24504 14
99.0 16.25817 14
99.1 16.27121 14
99.2 16.28435 14
99.3 16.29748 14
99.4 16.31051 14
99.5 16.32363 14
99.6 16.33676 14
99.7 16.34978 14
99.8 16.36290 14
99.9 16.37598 14
100.0 16.38899 14
100.1 16.40645 14
100.2 16.41503 14
100.3 16.65960 14
100.4 16.56314 14
100.5 16.53016 14
100.6 16.52611 14
100.7 16.54040 14
100.8 16.57159 14
100.9 16.53251 14
101.0 16.52536 14
101.1 16.53716 14
101.2 16.56509 14
101.3 16.61721 14
101.4 16.71182 14
101.5 16.74117 14
101.6 16.74599 14
101.7 16.74506 14
101.8 16.74154 14
101.9 16.73623 14
102.0 16.73101 14
102.1 16.72559 14
102.2 16.71950 14
102.3 16.71398 14
102.4 16.70846 14
102.5 16.70235 14
102.6 16.69684 14
102.7 16.69134 14
102.8 16.69666 14
102.9 16.70830 14
103.0 16.71994 14
103.1 16.73145 14
103.2 16.74414 14
103.3 16.75704 14
103.4 16.71568 14
103.5 16.72722 14
103.6 16.73919 14
103.7 16.75196 14
103.8 16.76474 14
103.9 16.77741 14
104.0 16.79018 14
104.1 16.80294 14
104.2 16.81561 14
104.3 16.82837 14
104.4 16.84112 14
104.5 16.85378 14
104.6 16.86653 14
104.7 16.87928 14
104.8 16.89193 14
104.9 16.90468 14
105.0 16.91738 14
105.1 16.93001 14
105.2 16.94275 14
105.3 16.95549 14
105.4 16.96822 14
105.5 16.98084 14
105.6 16.99357 14
105.7 17.00830 14
105.8 17.01652 14
105.9 16.97319 14
106.0 16.98580 14
106.1 16.99841 14
106.2 17.01112 14
106.3 17.30562 14
106.4 17.24026 14
106.5 17.16505 14
106.6 17.13710 14
106.7 17.13467 14
106.8 17.14765 14
106.9 17.17568 14
107.0 17.22452 14
107.1 17.30901 14
107.2 17.36576 14
107.3 17.37291 14
107.4 17.37360 14
107.5 17.37081 14
107.6 17.36577 14
107.7 17.36054 14
107.8 17.35498 14
107.9 17.34868 14
108.0 17.34292 14
108.1 17.33717 14
108.2 17.33080 14
108.3 17.32503 14
108.4 17.32429 14
108.5 17.31854 14
108.6 17.33638 14
108.7 17.33007 14
108.8 17.32940 14
108.9 17.32370 14
109.0 17.31801 14
109.1 17.31147 14
109.2 17.31358 14
109.3 17.32486 14
109.4 17.33613 14
109.5 17.34727 14
109.6 17.35869 14
109.7 17.37104 14
109.8 17.38329 14
109.9 17.39563 14
110.0 17.40798 14
110.1 17.42032 14
110.2 17.43255 14
110.3 17.44488 14
110.4 17.45722 14
110.5 17.46945 14
110.6 17.48173 14
110.7 17.49405 14
110.8 17.50627 14
110.9 17.51859 14
111.0 17.53090 14
111.1 17.54321 14
111.2 17.55542 14
111.3 17.50468 14
111.4 17.51678 14
111.5 17.52897 14
111.6 17.54115 14
111.7 17.55324 14
111.8 17.56542 14
111.9 17.57760 14
112.0 17.58978 14
112.1 17.60185 14
112.2 17.61402 14
112.3 17.62619 14
112.4 17.63825 14
112.5 17.64841 14
112.6 17.96748 14
112.7 17.91689 14
112.8 17.82526 14
112.9 17.78879 14
113.0 17.77864 14
113.1 17.78426 14
113.2 17.56989 14
113.3 17.58203 14
113.4 17.59526 14
113.5 17.60739 14
113.6 17.61953 14
113.7 17.63164 14
113.8 17.64512 14
113.9 17.65302 14
114.0 17.95840 14
114.1 17.61438 14
114.2 17.62638 14
114.3 17.63973 14
114.4 17.64928 14
114.5 17.96624 14
114.6 17.88845 14
114.7 17.81527 14
114.8 17.78545 14
114.9 17.77892 14
115.0 17.78822 14
115.1 17.57314 14
115.2 17.58511 14
115.3 17.59972 14
115.4 17.61169 14
115.5 17.62367 14
115.6 17.63852 14
115.7 17.64846 14
115.8 17.96760 14
115.9 17.88630 14
116.0 17.81444 14
116.1 17.78520 14
116.2 17.77949 14
116.3 17.79052 14
116.4 17.57478 14
116.5 17.58981 14
116.6 17.60286 14
116.7 17.61481 14
116.8 17.62984 14
116.9 17.64313 14
117.0 17.65260 14
117.1 17.59400 14
117.2 17.60582 14
117.3 17.61919 14
117.4 17.63390 14
117.5 17.64571 14
117.6 17.65429 14
117.7 17.94363 14
117.8 17.83054 14
117.9 17.78860 14
118.0 17.77860 14
118.1 17.78710 14
118.2 17.57363 14
118.3 17.58851 14
118.4 17.60297 14
118.5 17.61478 14
118.6 17.62967 14
118.7 17.64437 14
118.8 17.65335 14
118.9 17.94132 14
119.0 17.82969 14
119.1 17.78834 14
119.2 17.77922 14
119.3 17.79153 14
119.4 17.57842 14
119.5 17.59285 14
119.6 17.60620 14
119.7 17.62110 14
119.8 17.63734 14
119.9 17.64860 14
120.0 17.96587 14
120.1 17.59084 14
120.2 17.60527 14
120.3 17.62004 14
120.4 17.63459 14
120.5 17.64773 14
120.6 17.96745 14
120.7 17.86272 14
120.8 17.80065 14
120.9 17.77883 14
121.0 17.78412 14
121.1 17.57085 14
121.2 17.58871 14
121.3 17.60303 14
121.4 17.61937 14
121.5 17.63392 14
121.6 17.64832 14
121.7 17.96649 14
121.8 17.84638 14
121.9 17.79122 14
122.0 17.77916 14
122.1 17.79349 14
122.2 17.58113 14
122.3 17.59699 14
122.4 17.61335 14
122.5 17.62968 14
122.6 17.64745 14
122.7 17.96787 14
122.8 17.84478 14
122.9 17.78794 14
123.0 17.77993 14
123.1 17.56822 14
123.2 17.58923 14
123.3 17.65298 14
123.4 17.88141 14
123.5 17.81383 14
123.6 17.77873 14
123.7 17.78820 14
123.8 17.58048 14
123.9 17.59623 14
124.0 17.61714 14
124.1 17.63180 14
124.2 17.64980 14
124.3 17.91470 14
124.4 17.81379 14
124.5 17.77859 14
124.6 17.56585 14
124.7 17.58520 14
124.8 17.61028 14
124.9 17.62961 14
125.0 17.65145 14
125.1 17.85238 14
125.2 17.77949 14
125.3 17.56876 14
125.4 17.59389 14
125.5 17.61332 14
125.6 17.63869 14
125.7 17.65466 14
125.8 17.81345 14
125.9 17.78700 14
126.0 17.58103 14
126.1 17.60138 14
126.2 17.62375 14
126.3 17.64748 14
126.4 17.93808 14
126.5 17.77873 14
126.6 17.79266 14
126.7 17.58360 14
126.8 17.60711 14
126.9 17.62645 14
127.0 17.64930 14
127.1 17.86381 14
127.2 17.77945 14
127.3 17.56846 14
127.4 17.59339 14
127.5 17.61260 14
127.6 17.63466 14
127.7 17.65388 14
127.8 17.82526 14
127.9 17.78133 14
128.0 17.57529 14
128.1 17.59562 14
128.2 17.61801 14
128.3 17.64013 14
128.4 17.65556 14
128.5 17.79906 14
128.6 17.78861 14
128.7 17.58215 14
128.8 17.60236 14
128.9 17.62458 14
129.0 17.64793 14
129.1 17.91456 14
129.2 17.77863 14
129.3 17.79350 14
129.4 17.58399 14
129.5 17.60735 14
129.6 17.62654 14
129.7 17.64926 14
129.8 17.86529 14
129.9 17.77943 14
130.0 17.56827 14
130.1 17.59185 14
130.2 17.61212 14
130.3 17.63267 14
130.4 17.65333 14
130.5 17.82970 14
130.6 17.78007 14
130.7 17.56972 14
130.8 17.59456 14
130.9 17.61369 14
131.0 17.63877 14
131.1 17.65451 14
131.2 17.82024 14
131.3 17.78674 14
131.4 17.58053 14
131.5 17.59748 14
131.6 17.62111 14
131.7 17.64143 14
131.8 17.95843 14
131.9 17.78970 14
132.0 17.78807 14
132.1 17.58165 14
132.2 17.60177 14
132.3 17.62390 14
132.4 17.64743 14
132.5 17.94200 14
132.6 17.77859 14
132.7 17.56540 14
132.8 17.58431 14
132.9 17.60739 14
133.0 17.62631 14
133.1 17.64892 14
133.2 17.90136 14
133.3 17.77860 14
133.4 17.56614 14
133.5 17.58511 14
133.6 17.60981 14
133.7 17.62876 14
133.8 17.64957 14
133.9 17.86350 14
134.0 17.77964 14
134.1 17.56855 14
134.2 17.59191 14
134.3 17.61196 14
134.4 17.63230 14
134.5 17.65189 14
134.6 17.85144 14
134.7 17.77980 14
134.8 17.56897 14
134.9 17.59359 14
135.0 17.61250 14
135.1 17.63289 14
135.2 17.65338 14
135.3 17.83827 14
135.4 17.78201 14
135.5 17.57567 14
135.6 17.59550 14
135.7 17.61584 14
135.8 17.63902 14
135.9 17.65444 14
136.0 17.82356 14
136.1 17.78205 14
136.2 17.57577 14
136.3 17.59566 14
136.4 17.61761 14
136.5 17.63929 14
136.6 17.65467 14
136.7 17.81139 14
136.8 17.78712 14
136.9 17.58055 14
137.0 17.59722 14
137.1 17.61904 14
137.2 17.64060 14
137.3 17.65549 14
137.4 17.79820 14
137.5 17.78678 14
137.6 17.58034 14
137.7 17.59707 14
137.8 17.61894 14
137.9 17.64055 14
138.0 17.65550 14
138.1 17.79087 14
138.2 17.78867 14
138.3 17.58169 14
138.4 17.59829 14
138.5 17.62157 14
138.6 17.64153 14
138.7 17.96837 14
138.8 17.78928 14
138.9 17.78791 14
139.0 17.58117 14
139.1 17.59782 14
139.2 17.62115 14
139.3 17.64117 14
139.4 17.96867 14
139.5 17.77870 14
139.6 17.78945 14
139.7 17.58220 14
139.8 17.60184 14
139.9 17.62193 14
140.0 17.64182 14
140.1 17.96653 14
140.2 17.77942 14
140.3 17.78825 14
140.4 17.58137 14
140.5 17.59795 14
140.6 17.62121 14
140.7 17.64115 14
140.8 17.96875 14
140.9 17.77869 14
141.0 17.78939 14
141.1 17.58209 14
141.2 17.60166 14
141.3 17.62168 14
141.4 17.64149 14
141.5 17.96853 14
141.6 17.78916 14
141.7 17.78781 14
141.8 17.58096 14
141.9 17.59747 14
142.0 17.61913 14
142.1 17.64053 14
142.2 17.65534 14
142.3 17.79101 14
142.4 17.78853 14
142.5 17.58139 14
142.6 17.59778 14
142.7 17.61931 14
142.8 17.64059 14
142.9 17.65529 14
143.0 17.80855 14
143.1 17.78665 14
143.2 17.57995 14
143.3 17.59640 14
143.4 17.61799 14
143.5 17.63932 14
143.6 17.65444 14
143.7 17.82491 14
143.8 17.78699 14
143.9 17.58011 14
144.0 17.59643 14
144.1 17.61789 14
144.2 17.63910 14
144.3 17.65420 14
144.4 17.82710 14
144.5 17.78199 14
144.6 17.57528 14
144.7 17.59475 14
144.8 17.61316 14
144.9 17.63306 14
145.0 17.65315 14
145.1 17.85221 14
145.2 17.78199 14
145.3 17.57205 14
145.4 17.59452 14
145.5 17.61280 14
145.6 17.63258 14
145.7 17.65065 14
145.8 17.85706 14
145.9 17.77984 14
146.0 17.56850 14
146.1 17.58992 14
146.2 17.61089 14
146.3 17.62920 14
146.4 17.64944 14
146.5 17.89946 14
146.6 17.77973 14
146.7 17.56813 14
146.8 17.58943 14
146.9 17.61028 14
147.0 17.62693 14
147.1 17.64887 14
147.2 17.92576 14
147.3 17.77863 14
147.4 17.56583 14
147.5 17.58409 14
147.6 17.60344 14
147.7 17.62479 14
147.8 17.64595 14
147.9 17.95738 14
148.0 17.77859 14
148.1 17.79416 14
148.2 17.58337 14
148.3 17.60259 14
148.4 17.62382 14
148.5 17.64175 14
148.6 17.96863 14
148.7 17.79030 14
148.8 17.78809 14
148.9 17.58084 14
149.0 17.59701 14
149.1 17.61832 14
149.2 17.63937 14
149.3 17.65428 14
149.4 17.82722 14
149.5 17.78705 14
149.6 17.57989 14
149.7 17.59594 14
149.8 17.61403 14
149.9 17.63360 14
150.0 17.65329 14
150.1 17.85297 14
150.2 17.78039 14
150.3 17.56934 14
150.4 17.59198 14
150.5 17.61133 14
150.6 17.62943 14
150.7 17.64945 14
150.8 17.90121 14
150.9 17.77984 14
151.0 17.56818 14
151.1 17.58619 14
151.2 17.60837 14
151.3 17.62638 14
151.4 17.64837 14
151.5 17.93704 14
151.6 17.77858 14
151.7 17.79397 14
151.8 17.58317 14
151.9 17.60231 14
152.0 17.62189 14
152.1 17.64130 14
152.2 17.65554 14
152.3 17.80794 14
152.4 17.78959 14
152.5 17.58170 14
152.6 17.59761 14
152.7 17.61868 14
152.8 17.63947 14
152.9 17.65418 14
153.0 17.83716 14
153.1 17.78235 14
153.2 17.57219 14
153.3 17.59438 14
153.4 17.61237 14
153.5 17.63035 14
153.6 17.64998 14
153.7 17.86614 14
153.8 17.78035 14
153.9 17.56901 14
154.0 17.58998 14
154.1 17.61050 14
154.2 17.62681 14
154.3 17.64857 14
154.4 17.93500 14
154.5 17.77858 14
154.6 17.56547 14
154.7 17.58339 14
154.8 17.60240 14
154.9 17.62187 14
155.0 17.64113 14
155.1 17.65532 14
155.2 17.81059 14
155.3 17.78943 14
155.4 17.58145 14
155.5 17.59724 14
155.6 17.61817 14
155.7 17.63572 14
155.8 17.65364 14
155.9 17.85139 14
156.0 17.78187 14
156.1 17.56996 14
156.2 17.59234 14
156.3 17.61142 14
156.4 17.62771 14
156.5 17.64916 14
156.6 17.92472 14
156.7 17.77981 14
156.8 17.56787 14
156.9 17.58561 14
157.0 17.60753 14
157.1 17.62527 14
157.2 17.64592 14
157.3 17.96798 14
157.4 17.78948 14
157.5 17.78974 14
157.6 17.58167 14
157.7 17.59744 14
157.8 17.61836 14
157.9 17.63589 14
158.0 17.65375 14
158.1 17.85045 14
158.2 17.78502 14
158.3 17.57622 14
158.4 17.59497 14
158.5 17.61266 14
158.6 17.63032 14
158.7 17.64975 14
158.8 17.90121 14
158.9 17.77960 14
159.0 17.56738 14
159.1 17.58511 14
159.2 17.60393 14
159.3 17.62475 14
159.4 17.64226 14
159.5 17.96852 14
159.6 17.79748 14
159.7 17.79362 14
159.8 17.58251 14
159.9 17.59811 14
160.0 17.61885 14
160.1 17.63932 14
160.2 17.65384 14
160.3 17.85075 14
160.4 17.78240 14
160.5 17.57039 14
160.6 17.59258 14
160.7 17.61147 14
160.8 17.62757 14
160.9 17.64894 14
161.0 17.93081 14
161.1 17.77981 14
161.2 17.56768 14
161.3 17.58523 14
161.4 17.60387 14
161.5 17.62451 14
161.6 17.64185 14
161.7 17.65557 14
161.8 17.82175 14
161.9 17.78865 14
162.0 17.58068 14
162.1 17.59627 14
162.2 17.61387 14
162.3 17.63298 14
162.4 17.65047 14
162.5 17.86367 14
162.6 17.78221 14
162.7 17.57000 14
162.8 17.59201 14
162.9 17.61072 14
163.0 17.62665 14
163.1 17.64821 14
163.2 17.95686 14
163.3 17.77858 14
163.4 17.79415 14
163.5 17.58277 14
163.6 17.59829 14
163.7 17.61895 14
163.8 17.63935 14
163.9 17.65381 14
164.0 17.85150 14
164.1 17.78752 14
164.2 17.57653 14
164.3 17.59504 14
164.4 17.61248 14
164.5 17.62988 14
164.6 17.64929 14
164.7 17.92735 14
164.8 17.77951 14
164.9 17.56694 14
165.0 17.58442 14
165.1 17.60299 14
165.2 17.62200 14
165.3 17.64082 14
165.4 17.65479 14
165.5 17.82474 14
165.6 17.78952 14
165.7 17.58109 14
165.8 17.59644 14
165.9 17.61382 14
166.0 17.63268 14
166.1 17.65010 14
166.2 17.89908 14
166.3 17.78016 14
166.4 17.56824 14
166.5 17.58565 14
166.6 17.60416 14
166.7 17.62466 14
166.8 17.64187 14
166.9 17.65548 14
167.0 17.79744 14
167.1 17.79351 14
167.2 17.58214 14
167.3 17.59743 14
167.4 17.61475 14
167.5 17.63355 14
167.6 17.65065 14
167.7 17.86193 14
167.8 17.78072 14
167.9 17.56913 14
168.0 17.58649 14
168.1 17.60803 14
168.2 17.62538 14
168.3 17.64253 14
168.4 17.96862 14
168.5 17.77856 14
168.6 17.56557 14
168.7 17.58281 14
168.8 17.59804 14
168.9 17.61841 14
169.0 17.63404 14
169.1 17.65094 14
169.2 17.85571 14
169.3 17.78208 14
169.4 17.56965 14
169.5 17.59004 14
169.6 17.60843 14
169.7 17.62572 14
169.8 17.64592 14
169.9 17.96814 14
170.0 17.77861 14
170.1 17.56593 14
170.2 17.58312 14
170.3 17.59829 14
170.4 17.61860 14
170.5 17.63417 14
170.6 17.65099 14
170.7 17.85386 14
170.8 17.78226 14
170.9 17.56982 14
171.0 17.59015 14
171.1 17.60847 14
171.2 17.62570 14
171.3 17.64273 14
171.4 17.96800 14
171.5 17.77866 14
171.6 17.56595 14
171.7 17.58308 14
171.8 17.59819 14
171.9 17.61844 14
172.0 17.63395 14
172.1 17.65080 14
172.2 17.85426 14
172.3 17.78216 14
172.4 17.56964 14
172.5 17.58837 14
172.6 17.60817 14
172.7 17.62535 14
172.8 17.64232 14
172.9 17.96820 14
173.0 17.77858 14
173.1 17.56564 14
173.2 17.58271 14
173.3 17.59776 14
173.4 17.61485 14
173.5 17.63341 14
173.6 17.65058 14
173.7 17.85862 14
173.8 17.78180 14
173.9 17.56914 14
174.0 17.58625 14
174.1 17.60447 14
174.2 17.62466 14
174.3 17.64158 14
174.4 17.65565 14
174.5 17.77865 14
174.6 17.79379 14
174.7 17.58203 14
174.8 17.59703 14
174.9 17.61405 14
175.0 17.63104 14
175.1 17.65016 14
175.2 17.86350 14
175.3 17.78041 14
175.4 17.56833 14
175.5 17.58539 14
175.6 17.60355 14
175.7 17.62215 14
175.8 17.64083 14
175.9 17.65509 14
176.0 17.80930 14
176.1 17.79005 14
176.2 17.58106 14
176.3 17.59600 14
176.4 17.61297 14
176.5 17.62990 14
176.6 17.64955 14
176.7 17.91930 14
176.8 17.77986 14
176.9 17.56724 14
177.0 17.58425 14
177.1 17.60234 14
177.2 17.61936 14
177.3 17.63980 14
177.4 17.65432 14
177.5 17.83396 14
177.6 17.78842 14
177.7 17.57672 14
177.8 17.59470 14
177.9 17.61161 14
178.0 17.62723 14
178.1 17.64857 14
178.2 17.93562 14
178.3 17.77884 14
178.4 17.56588 14
178.5 17.58283 14
178.6 17.59776 14
178.7 17.61473 14
178.8 17.63374 14
178.9 17.65111 14
179.0 17.85246 14
179.1 17.78483 14
179.2 17.57056 14
179.3 17.59050 14
179.4 17.60844 14
179.5 17.62557 14
179.6 17.64616 14
179.7 17.96780 14
179.8 17.77868 14
179.9 17.79029 14
180.0 17.58117 14
180.1 17.59604 14
180.2 17.61324 14
180.3 17.63067 14
180.4 17.64985 14
180.5 17.89690 14
180.6 17.78087 14
180.7 17.56882 14
180.8 17.58561 14
180.9 17.60349 14
181.0 17.62240 14
181.1 17.64110 14
181.2 17.65508 14
181.3 17.82127 14
181.4 17.78779 14
181.5 17.57617 14
181.6 17.59288 14
181.7 17.61124 14
181.8 17.62709 14
181.9 17.64863 14
182.0 17.95556 14
182.1 17.77980 14
182.2 17.56686 14
182.3 17.58360 14
182.4 17.59861 14
182.5 17.61904 14
182.6 17.63609 14
182.7 17.65373 14
182.8 17.85065 14
182.9 17.78230 14
183.0 17.56941 14
183.1 17.58619 14
183.2 17.60466 14
183.3 17.62511 14
183.4 17.64226 14
183.5 17.96863 14
183.6 17.77865 14
183.7 17.79089 14
183.8 17.58137 14
183.9 17.59634 14
184.0 17.61362 14
184.1 17.63085 14
184.2 17.65000 14
184.3 17.89690 14
184.4 17.77992 14
184.5 17.56710 14
184.6 17.58413 14
184.7 17.59914 14
184.8 17.61958 14
184.9 17.64003 14
185.0 17.65430 14
185.1 17.84557 14
185.2 17.78767 14
185.3 17.57275 14
185.4 17.59296 14
185.5 17.61140 14
185.6 17.62704 14
185.7 17.64827 14
185.8 17.95678 14
185.9 17.77857 14
186.0 17.79077 14
186.1 17.58159 14
186.2 17.59685 14
186.3 17.61412 14
186.4 17.63287 14
186.5 17.65034 14
186.6 17.86398 14
186.7 17.78089 14
186.8 17.56894 14
186.9 17.58611 14
187.0 17.60407 14
187.1 17.62432 14
187.2 17.64125 14
187.3 17.65504 14
187.4 17.82357 14
187.5 17.78757 14
187.6 17.57609 14
187.7 17.59318 14
187.8 17.61132 14
187.9 17.62697 14
188.0 17.64841 14
188.1 17.95644 14
188.2 17.77895 14
188.3 17.56650 14
188.4 17.58333 14
188.5 17.59843 14
188.6 17.61526 14
188.7 17.63413 14
188.8 17.65089 14
188.9 17.85917 14
189.0 17.78066 14
189.1 17.56887 14
189.2 17.58576 14
189.3 17.60402 14
189.4 17.62271 14
189.5 17.64119 14
189.6 17.65500 14
189.7 17.81960 14
189.8 17.78938 14
189.9 17.58071 14
190.0 17.59546 14
190.1 17.61253 14
190.2 17.62802 14
190.3 17.64882 14
190.4 17.93260 14
190.5 17.77887 14
190.6 17.56590 14
190.7 17.58303 14
190.8 17.59783 14
190.9 17.61496 14
191.0 17.63355 14
191.1 17.65090 14
191.2 17.85697 14
191.3 17.78278 14
191.4 17.56991 14
191.5 17.58693 14
191.6 17.60475 14
191.7 17.62484 14
191.8 17.64162 14
191.9 17.65541 14
192.0 17.80728 14
192.1 17.78867 14
192.2 17.57678 14
192.3 17.59494 14
192.4 17.61172 14
192.5 17.62721 14
192.6 17.64868 14
192.7 17.95553 14
192.8 17.77993 14
192.9 17.56707 14
193.0 17.58374 14
193.1 17.59869 14
193.2 17.61693 14
193.3 17.63441 14
193.4 17.65117 14
193.5 17.85337 14
193.6 17.78095 14
193.7 17.56919 14
193.8 17.58591 14
193.9 17.60402 14
194.0 17.62443 14
194.1 17.64153 14
194.2 17.65535 14
194.3 17.80912 14
194.4 17.78964 14
194.5 17.58075 14
194.6 17.59535 14
194.7 17.61260 14
194.8 17.62825 14
194.9 17.64908 14
195.0 17.92969 14
195.1 17.77890 14
195.2 17.56586 14
195.3 17.58283 14
195.4 17.59781 14
195.5 17.61510 14
195.6 17.63386 14
195.7 17.65101 14
195.8 17.85685 14
195.9 17.78267 14
196.0 17.56964 14
196.1 17.58683 14
196.2 17.60450 14
196.3 17.62476 14
196.4 17.64171 14
196.5 17.65537 14
196.6 17.80906 14
196.7 17.78820 14
196.8 17.57629 14
196.9 17.59340 14
197.0 17.61157 14
197.1 17.62723 14
197.2 17.64859 14
197.3 17.95596 14
197.4 17.77959 14
197.5 17.56651 14
197.6 17.58336 14
197.7 17.59849 14
197.8 17.61534 14
197.9 17.63424 14
198.0 17.65097 14
198.1 17.85823 14
198.2 17.78057 14
198.3 17.56876 14
198.4 17.58566 14
198.5 17.60394 14
198.6 17.62266 14
198.7 17.64116 14
198.8 17.65499 14
198.9 17.82380 14
199.0 17.78900 14
199.1 17.57892 14
199.2 17.59525 14
199.3 17.61234 14
199.4 17.62785 14
199.5 17.64872 14
199.6 17.95546 14
199.7 17.77878 14
199.8 17.79463 14
199.9 17.58269 14
200.0 17.59753 14
200.1 17.61468 14
200.2 17.63298 14
200.3 17.65053 14
200.4 17.86046 14
200.5 17.78237 14
200.6 17.56948 14
200.7 17.58653 14
200.8 17.60406 14
200.9 17.62264 14
201.0 17.64100 14
201.1 17.65500 14
201.2 17.81844 14
201.3 17.78799 14
201.4 17.57287 14
201.5 17.59296 14
201.6 17.60943 14
201.7 17.62651 14
201.8 17.64824 14
201.9 17.95652 14
202.0 17.77898 14
202.1 17.56622 14
202.2 17.58293 14
202.3 17.59792 14
202.4 17.61463 14
202.5 17.63343 14
202.6 17.65075 14
202.7 17.85927 14
202.8 17.78040 14
202.9 17.56833 14
203.0 17.58510 14
203.1 17.60357 14
203.2 17.62186 14
203.3 17.64085 14
203.4 17.65490 14
203.5 17.82501 14
203.6 17.78847 14
203.7 17.57683 14
203.8 17.59369 14
203.9 17.61187 14
204.0 17.62755 14
204.1 17.64865 14
204.2 17.95584 14
204.3 17.77871 14
204.4 17.79138 14
204.5 17.58238 14
204.6 17.59709 14
204.7 17.61443 14
204.8 17.63141 14
204.9 17.65019 14
205.0 17.86280 14
205.1 17.78102 14
205.2 17.56922 14
205.3 17.58552 14
205.4 17.60386 14
205.5 17.62262 14
205.6 17.64085 14
205.7 17.65481 14
205.8 17.82478 14
205.9 17.78583 14
206.0 17.57099 14
206.1 17.59281 14
206.2 17.60947 14
206.3 17.62643 14
206.4 17.64810 14
206.5 17.95707 14
206.6 17.77894 14
206.7 17.56626 14
206.8 17.58284 14
206.9 17.59803 14
207.0 17.61461 14
207.1 17.63328 14
207.2 17.65056 14
207.3 17.85982 14
207.4 17.78046 14
207.5 17.56832 14
207.6 17.58528 14
207.7 17.60363 14
207.8 17.62179 14
207.9 17.64098 14
208.0 17.65490 14
208.1 17.82409 14
208.2 17.78856 14
208.3 17.57710 14
208.4 17.59505 14
208.5 17.61188 14
208.6 17.62778 14
208.7 17.64871 14
208.8 17.95537 14
208.9 17.77874 14
209.0 17.79439 14
209.1 17.58262 14
209.2 17.59719 14
209.3 17.61474 14
209.4 17.63342 14
209.5 17.65067 14
209.6 17.85860 14
209.7 17.78237 14
209.8 17.56955 14
209.9 17.58634 14
210.0 17.60427 14
210.1 17.62479 14
210.2 17.64134 14
210.3 17.65529 14
210.4 17.81084 14
210.5 17.78829 14
210.6 17.57318 14
210.7 17.59334 14
210.8 17.61177 14
210.9 17.62704 14
211.0 17.64864 14
211.1 17.95596 14
211.2 17.77970 14
211.3 17.56703 14
211.4 17.58349 14
211.5 17.59888 14
211.6 17.61906 14
211.7 17.63450 14
211.8 17.65110 14
211.9 17.85340 14
212.0 17.78103 14
212.1 17.56910 14
212.2 17.58627 14
212.3 17.60483 14
212.4 17.62470 14
212.5 17.64193 14
212.6 17.96886 14
212.7 17.80692 14
212.8 17.79026 14
212.9 17.58131 14
213.0 17.59637 14
213.1 17.61308 14
213.2 17.63040 14
213.3 17.64976 14
213.4 17.92337 14
213.5 17.77983 14
213.6 17.56667 14
213.7 17.58410 14
213.8 17.59856 14
213.9 17.61943 14
214.0 17.63478 14
214.1 17.65413 14
214.2 17.84678 14
214.3 17.78564 14
214.4 17.57118 14
214.5 17.59303 14
214.6 17.61125 14
214.7 17.62699 14
214.8 17.64830 14
214.9 17.95704 14
215.0 17.77857 14
215.1 17.79078 14
215.2 17.58236 14
215.3 17.59678 14
215.4 17.61385 14
215.5 17.63119 14
215.6 17.64989 14
215.7 17.86131 14
215.8 17.78096 14
215.9 17.56952 14
216.0 17.58554 14
216.1 17.60426 14
216.2 17.62462 14
216.3 17.64135 14
216.4 17.65518 14
216.5 17.80847 14
216.6 17.78855 14
216.7 17.57322 14
216.8 17.59356 14
216.9 17.61184 14
217.0 17.62728 14
217.1 17.64870 14
217.2 17.93107 14
217.3 17.78007 14
217.4 17.56797 14
217.5 17.58395 14
217.6 17.59952 14
217.7 17.61955 14
217.8 17.63998 14
217.9 17.65420 14
218.0 17.84684 14
218.1 17.78334 14
218.2 17.57016 14
218.3 17.58718 14
218.4 17.60868 14
218.5 17.62598 14
218.6 17.64305 14
218.7 17.96172 14
218.8 17.77862 14
218.9 17.56622 14
219.0 17.58248 14
219.1 17.59835 14
219.2 17.61462 14
219.3 17.63364 14
219.4 17.65081 14
219.5 17.85937 14
219.6 17.78072 14
219.7 17.56877 14
219.8 17.58609 14
219.9 17.60445 14
220.0 17.62481 14
220.1 17.64184 14
220.2 17.96880 14
220.3 17.80844 14
220.4 17.79076 14
220.5 17.58148 14
220.6 17.59668 14
220.7 17.61354 14
220.8 17.63067 14
220.9 17.65004 14
221.0 17.90904 14
221.1 17.78020 14
221.2 17.56754 14
221.3 17.58512 14
221.4 17.59939 14
221.5 17.62194 14
221.6 17.64111 14
221.7 17.65522 14
221.8 17.82359 14
221.9 17.78958 14
222.0 17.57907 14
222.1 17.59578 14
222.2 17.61294 14
222.3 17.62850 14
222.4 17.64959 14
222.5 17.92492 14
222.6 17.77982 14
222.7 17.56676 14
222.8 17.58465 14
222.9 17.59888 14
223.0 17.61987 14
223.1 17.64053 14
223.2 17.65479 14
223.3 17.84407 14
223.4 17.78822 14
223.5 17.57714 14
223.6 17.59537 14
223.7 17.61249 14
223.8 17.62801 14
223.9 17.64906 14
224.0 17.95056 14
224.1 17.77910 14
224.2 17.56614 14
224.3 17.58399 14
224.4 17.59852 14
224.5 17.61948 14
224.6 17.64010 14
224.7 17.65470 14
224.8 17.84499 14
224.9 17.78606 14
225.0 17.57692 14
225.1 17.59390 14
225.2 17.61221 14
225.3 17.62803 14
225.4 17.64905 14
225.5 17.95125 14
225.6 17.77907 14
225.7 17.56602 14
225.8 17.58383 14
225.9 17.59867 14
226.0 17.61959 14
226.1 17.64019 14
226.2 17.65474 14
226.3 17.84489 14
226.4 17.78604 14
226.5 17.57720 14
226.6 17.59537 14
226.7 17.61243 14
226.8 17.62822 14
226.9 17.64915 14
227.0 17.93051 14
227.1 17.77986 14
227.2 17.56675 14
227.3 17.58453 14
227.4 17.59900 14
227.5 17.61989 14
227.6 17.64045 14
227.7 17.65514 14
227.8 17.83220 14
227.9 17.78860 14
228.0 17.57922 14
228.1 17.59580 14
228.2 17.61282 14
228.3 17.62892 14
228.4 17.64978 14
228.5 17.92318 14
228.6 17.78017 14
228.7 17.56733 14
228.8 17.58508 14
228.9 17.60358 14
229.0 17.62252 14
229.1 17.64124 14
229.2 17.65567 14
229.3 17.81871 14
229.4 17.79096 14
229.5 17.58175 14
229.6 17.59675 14
229.7 17.61375 14
229.8 17.63321 14
229.9 17.65036 14
230.0 17.86102 14
230.1 17.78085 14
230.2 17.56874 14
230.3 17.58649 14
230.4 17.60496 14
230.5 17.62508 14
230.6 17.64256 14
230.7 17.96737 14
230.8 17.77862 14
230.9 17.56660 14
231.0 17.58293 14
231.1 17.59853 14
231.2 17.61960 14
231.3 17.63661 14
231.4 17.65381 14
231.5 17.83238 14
231.6 17.78509 14
231.7 17.57038 14
231.8 17.59327 14
231.9 17.61154 14
232.0 17.62663 14
232.1 17.64895 14
232.2 17.94978 14
232.3 17.78026 14
232.4 17.56901 14
232.5 17.58466 14
232.6 17.60334 14
232.7 17.62467 14
232.8 17.64136 14
232.9 17.65541 14
233.0 17.78080 14
233.1 17.78934 14
233.2 17.58098 14
233.3 17.59664 14
233.4 17.61364 14
233.5 17.63124 14
233.6 17.65096 14
233.7 17.85714 14
233.8 17.78263 14
233.9 17.57098 14
234.0 17.59305 14
234.1 17.61151 14
234.2 17.62748 14
234.3 17.64856 14
234.4 17.95562 14
234.5 17.77895 14
234.6 17.56607 14
234.7 17.58403 14
234.8 17.59903 14
234.9 17.62009 14
235.0 17.64084 14
235.1 17.65554 14
235.2 17.82284 14
235.3 17.79084 14
235.4 17.58155 14
235.5 17.59677 14
235.6 17.61398 14
235.7 17.63365 14
235.8 17.65080 14
235.9 17.85326 14
236.0 17.78296 14
236.1 17.56938 14
236.2 17.59113 14
236.3 17.60913 14
236.4 17.62638 14
236.5 17.64872 14
236.6 17.95459 14
236.7 17.78016 14
236.8 17.56907 14
236.9 17.58496 14
237.0 17.60356 14
237.1 17.62514 14
237.2 17.64175 14
237.3 17.96811 14
237.4 17.77858 14
237.5 17.79047 14
237.6 17.58233 14
237.7 17.59760 14
237.8 17.61740 14
237.9 17.63454 14
238.0 17.65464 14
238.1 17.84707 14
238.2 17.78612 14
238.3 17.57737 14
238.4 17.59596 14
238.5 17.61312 14
238.6 17.63120 14
238.7 17.65037 14
238.8 17.86212 14
238.9 17.78107 14
239.0 17.56891 14
239.1 17.58716 14
239.2 17.60855 14
239.3 17.62608 14
239.4 17.64870 14
239.5 17.95520 14
239.6 17.78009 14
239.7 17.56888 14
239.8 17.58505 14
239.9 17.60393 14
240.0 17.62545 14
240.1 17.64201 14
240.2 17.96790 14
240.3 17.77871 14
240.4 17.79110 14
240.5 17.58304 14
240.6 17.59826 14
240.7 17.61955 14
240.8 17.64019 14
240.9 17.65524 14
241.0 17.82375 14
241.1 17.79087 14
241.2 17.58179 14
241.3 17.59690 14
241.4 17.61434 14
241.5 17.63451 14
241.6 17.65386 14
241.7 17.84669 14
241.8 17.78547 14
241.9 17.57121 14
242.0 17.59545 14
242.1 17.61231 14
242.2 17.62850 14
242.3 17.64987 14
242.4 17.85846 14
242.5 17.78291 14
242.6 17.57112 14
242.7 17.59337 14
242.8 17.61199 14
242.9 17.62847 14
243.0 17.64973 14
243.1 17.91337 14
243.2 17.78057 14
243.3 17.56839 14
243.4 17.58690 14
243.5 17.60854 14
243.6 17.62599 14
243.7 17.64859 14
243.8 17.95445 14
243.9 17.78046 14
244.0 17.56947 14
244.1 17.58557 14
244.2 17.60470 14
244.3 17.62646 14
244.4 17.64816 14
244.5 17.95624 14
244.6 17.77895 14
244.7 17.56624 14
244.8 17.58503 14
244.9 17.60354 14
245.0 17.62474 14
245.1 17.64227 14
245.2 17.96168 14
245.3 17.77896 14
245.4 17.56847 14
245.5 17.58454 14
245.6 17.60331 14
245.7 17.62507 14
245.8 17.64185 14
245.9 17.96749 14
246.0 17.77876 14
246.1 17.79190 14
246.2 17.58348 14
246.3 17.59893 14
246.4 17.62260 14
246.5 17.64166 14
246.6 17.96851 14
246.7 17.77857 14
246.8 17.56681 14
246.9 17.58416 14
247.0 17.60291 14
247.1 17.62276 14
247.2 17.64140 14
247.3 17.96764 14
247.4 17.77873 14
247.5 17.79111 14
247.6 17.58326 14
247.7 17.59869 14
247.8 17.62266 14
247.9 17.64169 14
248.0 17.96849 14
248.1 17.77857 14
248.2 17.56678 14
248.3 17.58443 14
248.4 17.60316 14
248.5 17.62487 14
248.6 17.64160 14
248.7 17.96150 14
248.8 17.77883 14
248.9 17.79231 14
249.0 17.58404 14
249.1 17.59911 14
249.2 17.62493 14
249.3 17.64239 14
249.4 17.96161 14
249.5 17.77895 14
249.6 17.56870 14
249.7 17.58536 14
249.8 17.60406 14
249.9 17.62575 14
250.0 17.64337 14
