15.0 2.31875 13
15.1 2.36309 13
15.2 2.40786 13
15.3 2.45304 13
15.4 2.49863 13
15.5 2.53026 14
15.6 2.59453 14
15.7 2.65967 14
15.8 2.72568 14
15.9 2.79257 14
16.0 2.86034 14
16.1 2.92897 14
16.2 2.99849 14
16.3 3.06888 14
16.4 3.14014 14
16.5 3.21229 14
16.6 3.28531 14
16.7 3.35921 14
16.8 3.43398 14
16.9 3.50964 14
17.0 3.58618 14
17.1 3.69746 14
17.2 3.81186 14
17.3 3.92845 14
17.4 4.04728 14
17.5 4.16872 14
17.6 4.29209 14
17.7 4.41777 14
17.8 4.54578 14
17.9 4.67615 14
18.0 4.80890 14
18.1 4.94406 14
18.2 5.08167 14
18.3 5.22174 14
18.4 5.36431 14
18.5 5.50941 14
18.6 5.65705 14
18.7 5.80728 14
18.8 5.96012 14
18.9 6.11559 14
19.0 6.27374 14
19.1 6.43458 14
19.2 6.59814 14
19.3 6.76447 14
19.4 6.93358 14
19.5 7.10552 14
19.6 7.28030 14
19.7 7.52386 14
19.8 7.70361 14
19.9 7.88629 14
20.0 8.07195 14
20.1 8.26062 14
20.2 8.45232 14
20.3 8.60593 14
20.4 8.71880 14
20.5 8.83263 14
20.6 8.94739 14
20.7 9.06313 14
20.8 9.17982 14
20.9 9.29748 14
21.0 9.41610 14
21.1 9.53568 14
21.2 9.65625 14
21.3 9.77780 14
21.4 9.90030 14
21.5 10.02380 14
21.6 10.14828 14
21.7 10.27376 14
21.8 10.40021 14
21.9 10.52766 14
22.0 10.65611 14
22.1 10.78557 14
22.2 10.91603 14
22.3 11.04747 14
22.4 11.17993 14
22.5 11.31341 14
22.6 11.44792 14
22.7 11.58344 14
22.8 11.71996 14
22.9 11.85750 14
23.0 11.99608 14
23.1 12.13571 14
23.2 12.27638 14
23.3 12.41805 14
23.4 12.56075 14
23.5 12.70449 14
23.6 12.84927 14
23.7 12.99508 14
23.8 13.14194 14
23.9 13.28985 14
24.0 13.43883 14
24.1 13.58888 14
24.2 13.74001 14
24.3 13.89222 14
24.4 14.04552 14
24.5 14.19990 14
24.6 14.35538 14
24.7 14.51196 14
24.8 14.66963 14
24.9 14.82841 14
25.0 14.98830 14
25.1 15.14930 14
25.2 15.31142 14
25.3 15.47466 14
25.4 15.63902 14
25.5 15.80451 14
25.6 15.97113 14
25.7 16.13888 14
25.8 16.30778 14
25.9 16.47782 14
26.0 16.64901 14
26.1 16.82135 14
26.2 16.99485 14
26.3 17.16950 14
26.4 17.34532 14
26.5 17.52231 14
26.6 17.70047 14
26.7 17.87981 14
26.8 18.06033 14
26.9 18.24203 14
27.0 18.42492 14
27.1 18.60901 14
27.2 18.79429 14
27.3 18.98077 14
27.4 19.16846 14
27.5 19.35736 14
27.6 19.54747 14
27.7 19.73880 14
27.8 19.93136 14
27.9 20.12514 14
28.0 20.32015 14
28.1 20.51640 14
28.2 20.71389 14
28.3 20.91262 14
28.4 21.11260 14
28.5 21.31384 14
28.6 21.51633 14
28.7 21.72008 14
28.8 21.92510 14
28.9 22.13140 14
29.0 22.33896 14
29.1 22.54781 14
29.2 22.75794 14
29.3 22.96936 14
29.4 23.18207 14
29.5 23.39608 14
29.6 23.61140 14
29.7 23.82802 14
29.8 24.04595 14
29.9 24.26520 14
30.0 24.48577 14
30.1 24.70766 14
30.2 24.93088 14
30.3 25.15544 14
30.4 25.38134 14
30.5 25.60858 14
30.6 25.83717 14
30.7 26.06712 14
30.8 26.29842 14
30.9 26.53108 14
31.0 26.76512 14
31.1 27.00052 14
31.2 27.23730 14
31.3 27.47546 14
31.4 27.71502 14
31.5 27.94780 14
31.6 28.19002 14
31.7 28.43363 14
31.8 28.67864 14
31.9 28.92507 14
32.0 29.17281 14
32.1 29.42207 14
32.2 29.67276 14
32.3 29.82308 14
32.4 30.07641 14
32.5 30.33109 14
32.6 30.58721 14
32.7 30.68571 14
32.8 30.94424 14
32.9 31.20265 14
33.0 31.33148 14
33.1 31.42096 14
33.2 31.34739 14
33.3 31.43665 14
33.4 31.52581 14
33.5 31.61477 14
33.6 31.53910 14
33.7 31.62807 14
33.8 31.70629 14
33.9 31.79556 14
34.0 31.71812 14
34.1 31.80760 14
34.2 31.89679 14
34.3 31.98559 14
34.4 32.07447 14
34.5 31.99458 14
34.6 32.08323 14
34.7 32.17175 14
34.8 32.26098 14
34.9 32.16798 14
35.0 32.25695 14
35.1 32.34606 14
35.2 32.43471 14
35.3 32.52322 14
35.4 32.43897 14
35.5 32.52741 14
35.6 32.61562 14
35.7 32.70367 14
35.8 32.61751 14
35.9 32.69445 14
36.0 32.78297 14
36.1 32.87145 14
36.2 32.95953 14
36.3 32.87036 14
36.4 29.92205 14
36.5 28.50249 14
36.6 25.56673 14
36.7 24.14816 14
36.8 21.19443 14
36.9 18.23553 14
37.0 16.82140 14
37.1 14.44057 14
37.2 14.55568 14
37.3 14.46048 14
37.4 14.49608 14
37.5 14.38899 14
37.6 14.40694 14
37.7 14.45423 14
37.8 14.49277 14
37.9 14.52799 14
38.0 14.44973 14
38.1 14.49699 14
38.2 14.64213 14
38.3 14.68394 14
38.4 14.71992 14
38.5 14.76288 14
38.6 14.68348 14
38.7 14.82891 14
38.8 14.87414 14
38.9 14.91118 14
39.0 14.95588 14
39.1 14.98310 14
39.2 15.01574 14
39.3 15.06335 14
39.4 15.10183 14
39.5 15.14761 14
39.6 15.17544 14
39.7 15.20518 14
39.8 15.25067 14
39.9 15.29193 14
40.0 15.32675 14
40.1 15.36666 14
40.2 15.39502 14
40.3 15.43868 14
40.4 15.48849 14
40.5 15.53184 14
40.6 15.55668 14
40.7 15.58449 14
40.8 15.62737 14
40.9 15.67758 14
41.0 15.72136 14
41.1 15.76028 14
41.2 15.77340 14
41.3 15.81672 14
41.4 15.86711 14
41.5 15.91076 14
41.6 15.94964 14
41.7 15.98743 14
41.8 16.00689 14
41.9 16.05707 14
42.0 16.10007 14
42.1 16.13874 14
42.2 16.17643 14
42.3 16.21398 14
42.4 16.25148 14
42.5 16.28925 14
42.6 16.32756 14
42.7 16.36514 14
42.8 16.40261 14
42.9 16.44004 14
43.0 16.47812 14
43.1 16.51607 14
43.2 16.55354 14
43.3 16.59093 14
43.4 16.62828 14
43.5 16.66627 14
43.6 16.70425 14
43.7 16.74161 14
43.8 16.77892 14
43.9 16.81620 14
44.0 16.85686 14
44.1 16.90487 14
44.2 16.92936 14
44.3 16.96659 14
44.4 17.00404 14
44.5 17.04842 14
44.6 17.09650 14
44.7 17.11677 14
44.8 17.15392 14
44.9 17.19241 14
45.0 17.24055 14
45.1 17.28870 14
45.2 17.30383 14
45.3 17.34109 14
45.4 17.38504 14
45.5 17.43325 14
45.6 17.48147 14
45.7 17.49053 14
45.8 17.52999 14
45.9 17.57826 14
46.0 17.62654 14
46.1 17.63994 14
46.2 17.67740 14
46.3 17.72375 14
46.4 17.77210 14
46.5 17.78912 14
46.6 17.82612 14
46.7 17.86973 14
46.8 17.90126 14
46.9 17.93807 14
47.0 17.97486 14
47.1 18.01621 14
47.2 18.05003 14
47.3 18.08678 14
47.4 18.12463 14
47.5 18.16179 14
47.6 18.19853 14
47.7 18.23423 14
47.8 18.27292 14
47.9 18.28721 14
48.0 18.32977 14
48.1 18.35550 14
48.2 18.39070 14
48.3 18.41820 14
48.4 18.28536 14
48.5 18.27202 14
48.6 18.32076 14
48.7 18.37020 14
48.8 18.40245 14
48.9 18.43093 14
49.0 18.47241 14
49.1 18.52282 14
49.2 18.56745 14
49.3 18.60519 14
49.4 18.64072 14
49.5 18.67552 14
49.6 18.71050 14
49.7 18.74546 14
49.8 18.94704 14
49.9 18.99481 14
50.0 19.01962 14
50.1 19.05124 14
50.2 19.10080 14
50.3 19.15105 14
50.4 19.18802 14
50.5 19.21459 14
50.6 19.25273 14
50.7 19.30373 14
50.8 19.35182 14
50.9 19.39153 14
51.0 19.42769 14
51.1 19.46308 14
51.2 19.49828 14
51.3 19.53344 14
51.4 19.56931 14
51.5 19.61663 14
51.6 19.66584 14
51.7 19.86046 14
51.8 19.88440 14
51.9 19.92979 14
52.0 19.97892 14
52.1 20.02840 14
52.2 20.05437 14
52.3 20.08557 14
52.4 20.13393 14
52.5 20.18647 14
52.6 20.23011 14
52.7 20.26788 14
52.8 20.30367 14
52.9 20.33912 14
53.0 20.37446 14
53.1 20.40977 14
53.2 20.44805 14
53.3 20.49736 14
53.4 20.54669 14
53.5 20.59601 14
53.6 20.64536 14
53.7 20.80940 14
53.8 20.86241 14
53.9 20.91117 14
54.0 20.95587 14
54.1 20.97863 14
54.2 21.01425 14
54.3 21.06743 14
54.4 21.11967 14
54.5 21.16208 14
54.6 21.19924 14
54.7 21.23532 14
54.8 21.27086 14
54.9 21.30657 14
55.0 21.34197 14
55.1 21.37974 14
55.2 21.42915 14
55.3 21.47856 14
55.4 21.52797 14
55.5 21.57738 14
55.6 21.62680 14
55.7 21.67623 14
55.8 21.84111 14
55.9 21.89629 14
56.0 21.94449 14
56.1 21.96693 14
56.2 21.99614 14
56.3 22.04816 14
56.4 22.10432 14
56.5 22.14981 14
56.6 22.18831 14
56.7 22.22444 14
56.8 22.26036 14
56.9 22.29612 14
57.0 22.33157 14
57.1 22.36748 14
57.2 22.41166 14
57.3 22.46113 14
57.4 22.51058 14
57.5 22.56005 14
57.6 22.60951 14
57.7 22.65897 14
57.8 22.70844 14
57.9 22.75791 14
58.0 22.80738 14
58.1 22.97961 14
58.2 23.02887 14
58.3 23.04798 14
58.4 23.07584 14
58.5 23.13073 14
58.6 23.18928 14
58.7 23.23525 14
58.8 23.27383 14
58.9 23.31021 14
59.0 23.34607 14
59.1 23.38181 14
59.2 23.41746 14
59.3 23.45307 14
59.4 23.49390 14
59.5 23.54338 14
59.6 23.59286 14
59.7 23.64233 14
59.8 23.69181 14
59.9 23.74129 14
60.0 23.79076 14
60.1 23.84023 14
60.2 23.88971 14
60.3 23.93918 14
60.4 24.11826 14
60.5 24.16635 14
60.6 24.19939 14
60.7 24.21773 14
60.8 24.26319 14
60.9 24.32524 14
61.0 24.37941 14
61.1 24.42219 14
61.2 24.45980 14
61.3 24.49590 14
61.4 24.53156 14
61.5 24.56710 14
61.6 24.60254 14
61.7 24.63820 14
61.8 24.67570 14
61.9 24.72468 14
62.0 24.77413 14
62.1 24.82358 14
62.2 24.87302 14
62.3 24.92208 14
62.4 24.96803 14
62.5 25.01400 14
62.6 25.05997 14
62.7 25.10595 14
62.8 25.15195 14
62.9 25.19796 14
63.0 25.24398 14
63.1 25.29003 14
63.2 25.33607 14
63.3 25.52144 14
63.4 25.55380 14
63.5 25.61460 14
63.6 25.64454 14
63.7 25.66618 14
63.8 25.69588 14
63.9 25.73875 14
64.0 25.79182 14
64.1 25.84799 14
64.2 25.90059 14
64.3 25.94745 14
64.4 25.98983 14
64.5 26.02928 14
64.6 26.06731 14
64.7 26.10497 14
64.8 26.14207 14
64.9 26.17905 14
65.0 26.21623 14
65.1 26.25312 14
65.2 26.29001 14
65.3 26.32713 14
65.4 26.36397 14
65.5 26.40081 14
65.6 26.44017 14
65.7 26.48491 14
65.8 26.53127 14
65.9 26.57765 14
66.0 26.62403 14
66.1 26.67042 14
66.2 26.71684 14
66.3 26.76326 14
66.4 26.80970 14
66.5 26.85614 14
66.6 26.90260 14
66.7 26.94908 14
66.8 26.99556 14
66.9 27.04207 14
67.0 27.08858 14
67.1 27.13511 14
67.2 27.18164 14
67.3 27.22820 14
67.4 27.27476 14
67.5 27.32134 14
67.6 27.50359 14
67.7 27.56873 14
67.8 27.59794 14
67.9 27.61674 14
68.0 27.64314 14
68.1 27.68256 14
68.2 27.73477 14
68.3 27.79319 14
68.4 27.85059 14
68.5 27.90225 14
68.6 27.94811 14
68.7 27.98991 14
68.8 28.02914 14
68.9 28.06738 14
69.0 28.10486 14
69.1 28.14231 14
69.2 28.17939 14
69.3 28.21667 14
69.4 28.25391 14
69.5 28.29091 14
69.6 28.32812 14
69.7 28.36506 14
69.8 28.40225 14
69.9 28.44045 14
70.0 28.48214 14
70.1 28.52903 14
70.2 28.57592 14
70.3 28.62283 14
70.4 28.66975 14
70.5 28.71668 14
70.6 28.76363 14
70.7 28.81058 14
70.8 28.85755 14
70.9 28.90454 14
71.0 28.95153 14
71.1 28.99854 14
71.2 29.04557 14
71.3 29.09260 14
71.4 29.13965 14
71.5 29.18671 14
71.6 29.23377 14
71.7 29.28086 14
71.8 29.32796 14
71.9 29.37508 14
72.0 29.42219 14
72.1 29.62755 14
72.2 29.68367 14
72.3 29.70421 14
72.4 29.72126 14
72.5 29.74715 14
72.6 29.78742 14
72.7 29.84168 14
72.8 29.90304 14
72.9 29.96375 14
73.0 30.01896 14
73.1 30.06749 14
73.2 30.11107 14
73.3 30.15158 14
73.4 30.19022 14
73.5 30.22825 14
73.6 30.26594 14
73.7 30.30341 14
73.8 30.34080 14
73.9 30.37789 14
74.0 30.41520 14
74.1 30.45253 14
74.2 30.48980 14
74.3 30.52707 14
74.4 30.56409 14
74.5 30.60242 14
74.6 30.64325 14
74.7 30.69017 14
74.8 30.73762 14
74.9 30.78507 14
75.0 30.83255 14
75.1 30.88004 14
75.2 30.92754 14
75.3 30.97506 14
75.4 31.02259 14
75.5 31.07011 14
75.6 31.11767 14
75.7 31.16523 14
75.8 31.21281 14
75.9 31.26040 14
76.0 31.30800 14
76.1 31.35562 14
76.2 31.40324 14
76.3 31.45088 14
76.4 31.49853 14
76.5 31.54620 14
76.6 31.59388 14
76.7 31.64157 14
76.8 31.68927 14
76.9 31.92381 14
77.0 31.95242 14
77.1 31.96447 14
77.2 31.98167 14
77.3 32.01186 14
77.4 32.05842 14
77.5 32.11838 14
77.6 32.18397 14
77.7 32.24738 14
77.8 32.30421 14
77.9 32.35401 14
78.0 32.39844 14
78.1 32.43951 14
78.2 32.47872 14
78.3 32.51699 14
78.4 32.55483 14
78.5 32.59217 14
78.6 32.62964 14
78.7 32.66705 14
78.8 32.70443 14
78.9 32.74183 14
79.0 32.77917 14
79.1 32.81650 14
79.2 32.85382 14
79.3 32.89113 14
79.4 32.93050 14
79.5 32.97177 14
79.6 33.01935 14
79.7 33.06739 14
79.8 33.11544 14
79.9 33.16350 14
80.0 33.21158 14
80.1 33.25967 14
80.2 33.30777 14
80.3 33.35588 14
80.4 33.40401 14
80.5 33.45215 14
80.6 33.50030 14
80.7 33.54847 14
80.8 33.59665 14
80.9 33.64484 14
81.0 33.69304 14
81.1 33.74126 14
81.2 33.78948 14
81.3 33.83772 14
81.4 33.88599 14
81.5 33.93426 14
81.6 33.98254 14
81.7 34.03083 14
81.8 34.07913 14
81.9 34.12745 14
82.0 34.36271 14
82.1 34.37178 14
82.2 34.38314 14
82.3 34.40649 14
82.4 34.44729 14
82.5 34.50504 14
82.6 34.57322 14
82.7 34.64290 14
82.8 34.70732 14
82.9 34.76380 14
83.0 34.81310 14
83.1 34.85725 14
83.2 34.89822 14
83.3 34.93743 14
83.4 34.97574 14
83.5 35.01364 14
83.6 35.05128 14
83.7 35.08880 14
83.8 35.12627 14
83.9 35.16370 14
84.0 35.20138 14
84.1 35.23877 14
84.2 35.27615 14
84.3 35.31352 14
84.4 35.35088 14
84.5 35.38823 14
84.6 35.42995 14
84.7 35.47291 14
84.8 35.52158 14
84.9 35.57024 14
85.0 35.61891 14
85.1 35.66760 14
85.2 35.71630 14
85.3 35.76501 14
85.4 35.81373 14
85.5 35.86248 14
85.6 35.91123 14
85.7 35.96000 14
85.8 36.00877 14
85.9 36.05756 14
86.0 36.10636 14
86.1 36.15519 14
86.2 36.20401 14
86.3 36.25285 14
86.4 36.30170 14
86.5 36.35057 14
86.6 36.39944 14
86.7 36.44835 14
86.8 36.49725 14
86.9 36.54616 14
87.0 36.59509 14
87.1 36.64403 14
87.2 36.69299 14
87.3 36.74196 14
87.4 36.94495 14
87.5 36.95188 14
87.6 36.97139 14
87.7 37.00980 14
87.8 37.06719 14
87.9 37.13817 14
88.0 37.21341 14
88.1 37.28472 14
88.2 37.34755 14
88.3 37.40200 14
88.4 37.44962 14
88.5 37.49270 14
88.6 37.53330 14
88.7 37.57229 14
88.8 37.61052 14
88.9 37.64842 14
89.0 37.68607 14
89.1 37.72385 14
89.2 37.76135 14
89.3 37.79882 14
89.4 37.83631 14
89.5 37.87396 14
89.6 37.91138 14
89.7 37.94879 14
89.8 37.98619 14
89.9 38.02380 14
90.0 38.06434 14
90.1 38.10660 14
90.2 38.15289 14
90.3 38.20221 14
90.4 38.25153 14
90.5 38.30086 14
90.6 38.35021 14
90.7 38.39958 14
90.8 38.44896 14
90.9 38.49834 14
91.0 38.54775 14
91.1 38.59716 14
91.2 38.64659 14
91.3 38.69602 14
91.4 38.74548 14
91.5 38.79495 14
91.6 38.84442 14
91.7 38.89391 14
91.8 38.94342 14
91.9 38.99293 14
92.0 39.04246 14
92.1 39.09201 14
92.2 39.14156 14
92.3 39.19112 14
92.4 39.24071 14
92.5 39.29030 14
92.6 39.33990 14
92.7 39.38951 14
92.8 39.43915 14
92.9 39.48879 14
93.0 39.68077 14
93.1 39.69332 14
93.2 39.71081 14
93.3 39.75014 14
93.4 39.80887 14
93.5 39.88415 14
93.6 39.95599 14
93.7 40.02021 14
93.8 40.07968 14
93.9 40.13340 14
94.0 40.18232 14
94.1 40.22789 14
94.2 40.27135 14
94.3 40.31374 14
94.4 40.35538 14
94.5 40.39670 14
94.6 40.43797 14
94.7 40.47903 14
94.8 40.52004 14
94.9 40.56114 14
95.0 40.60210 14
95.1 40.64305 14
95.2 40.68411 14
95.3 40.72505 14
95.4 40.76598 14
95.5 40.80375 14
95.6 40.84118 14
95.7 40.88091 14
95.8 40.92385 14
95.9 40.96703 14
96.0 41.01704 14
96.1 41.06705 14
96.2 41.14525 14
96.3 41.24892 14
96.4 41.34415 14
96.5 41.40062 14
96.6 41.44482 14
96.7 41.48536 14
96.8 41.54205 14
96.9 41.58650 14
97.0 41.62970 14
97.1 41.66660 14
97.2 41.73135 14
97.3 41.77640 14
97.4 41.82010 14
97.5 41.85891 14
97.6 41.93967 14
97.7 41.98753 14
97.8 42.05591 14
97.9 42.16001 14
98.0 42.26373 14
98.1 42.36779 14
98.2 42.47142 14
98.3 42.57507 14
98.4 42.67893 14
98.5 42.78254 14
98.6 42.88626 14
98.7 42.98978 14
98.8 43.09320 14
98.9 43.19684 14
99.0 43.30017 14
99.1 43.40372 14
99.2 43.50690 14
99.3 43.61016 14
99.4 43.71357 14
99.5 43.81668 14
99.6 43.91995 14
99.7 44.02303 14
99.8 44.12601 14
99.9 44.22921 14
100.0 44.33210 14
100.1 44.43515 14
100.2 44.53802 14
100.3 44.64104 14
100.4 44.74376 14
100.5 44.84644 14
100.6 44.94934 14
100.7 45.05187 14
100.8 45.15474 14
100.9 45.25725 14
101.0 45.35997 14
101.1 45.46240 14
101.2 45.56478 14
101.3 45.66738 14
101.4 45.76968 14
101.5 45.87214 14
101.6 45.97436 14
101.7 46.07685 14
101.8 46.17899 14
101.9 46.28128 14
102.0 46.38339 14
102.1 46.48560 14
102.2 46.58763 14
102.3 46.68957 14
102.4 46.79171 14
102.5 46.89357 14
102.6 46.99563 14
102.7 47.09735 14
102.8 47.19933 14
102.9 47.30108 14
103.0 47.40299 14
103.1 47.50460 14
103.2 47.60637 14
103.3 47.70796 14
103.4 47.80940 14
103.5 47.91117 14
103.6 44.50000 14
103.7 44.50000 14
103.8 44.50000 14
103.9 44.50000 14
104.0 44.50000 14
104.1 44.50000 14
104.2 44.50000 14
104.3 44.50000 14
104.4 44.50000 14
104.5 44.50000 14
104.6 44.50000 14
104.7 44.50000 14
104.8 44.50000 14
104.9 44.50000 14
105.0 44.50000 14
105.1 44.50000 14
105.2 44.50000 14
105.3 44.50000 14
105.4 44.50000 14
105.5 44.50000 14
105.6 44.50000 14
105.7 44.50000 14
105.8 44.50000 14
105.9 44.50000 14
106.0 44.50000 14
106.1 44.50000 14
106.2 44.50000 14
106.3 44.50000 14
106.4 44.50000 14
106.5 44.50000 14
106.6 44.50000 14
106.7 44.50000 14
106.8 44.50000 14
106.9 44.50000 14
107.0 44.50000 14
107.1 44.50000 14
107.2 44.50000 14
107.3 44.50000 14
107.4 44.50000 14
107.5 44.50000 14
107.6 44.50000 14
107.7 44.50000 14
107.8 44.50000 14
107.9 44.50000 14
108.0 44.50000 14
108.1 44.50000 14
108.2 44.50000 14
108.3 44.50000 14
108.4 44.50000 14
108.5 44.50000 14
108.6 44.50000 14
108.7 44.50000 14
108.8 44.50000 14
108.9 44.50000 14
109.0 44.50000 14
109.1 44.50000 14
109.2 44.50000 14
109.3 44.50000 14
109.4 44.50000 14
109.5 44.50000 14
109.6 44.50000 14
109.7 44.50000 14
109.8 44.50000 14
109.9 44.50000 14
110.0 44.50000 14
110.1 44.50000 14
110.2 44.50000 14
110.3 44.50000 14
110.4 44.50000 14
110.5 44.50000 14
110.6 44.50000 14
110.7 44.50000 14
110.8 44.50000 14
110.9 44.50000 14
111.0 44.50000 14
111.1 44.50000 14
111.2 44.50000 14
111.3 44.50000 14
111.4 44.50000 14
111.5 44.50000 14
111.6 44.50000 14
111.7 44.50000 14
111.8 44.50000 14
111.9 44.50000 14
112.0 44.50000 14
112.1 44.50000 14
112.2 44.50000 14
112.3 44.50000 14
112.4 44.50000 14
112.5 44.50000 14
112.6 44.50000 14
112.7 44.50000 14
112.8 44.50000 14
112.9 44.50000 14
113.0 44.50000 14
113.1 44.50000 14
113.2 44.50000 14
113.3 44.50000 14
113.4 44.50000 14
113.5 44.50000 14
113.6 44.50000 14
113.7 44.50000 14
113.8 44.50000 14
113.9 44.50000 14
114.0 44.50000 14
114.1 44.50000 14
114.2 44.50000 14
114.3 44.50000 14
114.4 44.50000 14
114.5 44.50000 14
114.6 44.50000 14
114.7 44.50000 14
114.8 44.50000 14
114.9 44.50000 14
115.0 44.50000 14
115.1 44.50000 14
115.2 44.50000 14
115.3 44.50000 14
115.4 44.50000 14
115.5 44.50000 14
115.6 44.50000 14
115.7 44.50000 14
115.8 44.50000 14
115.9 44.50000 14
116.0 44.50000 14
116.1 44.50000 14
116.2 44.50000 14
116.3 44.50000 14
116.4 44.50000 14
116.5 44.50000 14
116.6 44.50000 14
116.7 44.50000 14
116.8 44.50000 14
116.9 44.50000 14
117.0 44.50000 14
117.1 44.50000 14
117.2 44.50000 14
117.3 44.50000 14
117.4 44.50000 14
117.5 44.50000 14
117.6 44.50000 14
117.7 44.50000 14
117.8 44.50000 14
117.9 44.50000 14
118.0 44.50000 14
118.1 44.50000 14
118.2 44.50000 14
118.3 44.50000 14
118.4 44.50000 14
118.5 44.50000 14
118.6 44.50000 14
118.7 44.50000 14
118.8 44.50000 14
118.9 44.50000 14
119.0 44.50000 14
119.1 44.50000 14
119.2 44.50000 14
119.3 44.50000 14
119.4 44.50000 14
119.5 44.50000 14
119.6 44.50000 14
119.7 44.50000 14
119.8 44.50000 14
119.9 44.50000 14
120.0 44.50000 14
120.1 44.50000 14
120.2 44.50000 14
120.3 44.50000 14
120.4 44.50000 14
120.5 44.50000 14
120.6 44.50000 14
120.7 44.50000 14
120.8 44.50000 14
120.9 44.50000 14
121.0 44.50000 14
121.1 44.50000 14
121.2 44.50000 14
121.3 44.50000 14
121.4 44.50000 14
121.5 44.50000 14
121.6 44.50000 14
121.7 44.50000 14
121.8 44.50000 14
121.9 44.50000 14
122.0 44.50000 14
122.1 44.50000 14
122.2 44.50000 14
122.3 44.50000 14
122.4 44.50000 14
122.5 44.50000 14
122.6 44.50000 14
122.7 44.50000 14
122.8 44.50000 14
122.9 44.50000 14
123.0 44.50000 14
123.1 44.50000 14
123.2 44.50000 14
123.3 44.50000 14
123.4 44.50000 14
123.5 44.50000 14
123.6 44.50000 14
123.7 44.50000 14
123.8 44.50000 14
123.9 44.50000 14
124.0 44.50000 14
124.1 44.50000 14
124.2 44.50000 14
124.3 44.50000 14
124.4 44.50000 14
124.5 44.50000 14
124.6 44.50000 14
124.7 44.50000 14
124.8 44.50000 14
124.9 44.50000 14
125.0 44.50000 14
125.1 44.50000 14
125.2 44.50000 14
125.3 44.50000 14
125.4 44.50000 14
125.5 44.50000 14
125.6 44.50000 14
125.7 44.50000 14
125.8 44.50000 14
125.9 44.50000 14
126.0 44.50000 14
126.1 44.50000 14
126.2 44.50000 14
126.3 44.50000 14
126.4 44.50000 14
126.5 44.50000 14
126.6 44.50000 14
126.7 44.50000 14
126.8 44.50000 14
126.9 44.50000 14
127.0 44.50000 14
127.1 44.50000 14
127.2 44.50000 14
127.3 44.50000 14
127.4 44.50000 14
127.5 44.50000 14
127.6 44.50000 14
127.7 44.50000 14
127.8 44.50000 14
127.9 44.50000 14
128.0 44.50000 14
128.1 44.50000 14
128.2 44.50000 14
128.3 44.50000 14
128.4 44.50000 14
128.5 44.50000 14
128.6 44.50000 14
128.7 44.50000 14
128.8 44.50000 14
128.9 44.50000 14
129.0 44.50000 14
129.1 44.50000 14
129.2 44.50000 14
129.3 44.50000 14
129.4 44.50000 14
129.5 44.50000 14
129.6 44.50000 14
129.7 44.50000 14
129.8 44.50000 14
129.9 44.50000 14
130.0 44.50000 14
130.1 44.50000 14
130.2 44.50000 14
130.3 44.50000 14
130.4 44.50000 14
130.5 44.50000 14
130.6 44.50000 14
130.7 44.50000 14
130.8 44.50000 14
130.9 44.50000 14
131.0 44.50000 14
131.1 44.50000 14
131.2 44.50000 14
131.3 44.50000 14
131.4 44.50000 14
131.5 44.50000 14
131.6 44.50000 14
131.7 44.50000 14
131.8 44.50000 14
131.9 44.50000 14
132.0 44.50000 14
132.1 44.50000 14
132.2 44.50000 14
132.3 44.50000 14
132.4 44.50000 14
132.5 44.50000 14
132.6 44.50000 14
132.7 44.50000 14
132.8 44.50000 14
132.9 44.50000 14
133.0 44.50000 14
133.1 44.50000 14
133.2 44.50000 14
133.3 44.50000 14
133.4 44.50000 14
133.5 44.50000 14
133.6 44.50000 14
133.7 44.50000 14
133.8 44.50000 14
133.9 44.50000 14
134.0 44.50000 14
134.1 44.50000 14
134.2 44.50000 14
134.3 44.50000 14
134.4 44.50000 14
134.5 44.50000 14
134.6 44.50000 14
134.7 44.50000 14
134.8 44.50000 14
134.9 44.50000 14
135.0 44.50000 14
135.1 44.50000 14
135.2 44.50000 14
135.3 44.50000 14
135.4 44.50000 14
135.5 44.50000 14
135.6 44.50000 14
135.7 44.50000 14
135.8 44.50000 14
135.9 44.50000 14
136.0 44.50000 14
136.1 44.50000 14
136.2 44.50000 14
136.3 44.50000 14
136.4 44.50000 14
136.5 44.50000 14
136.6 44.50000 14
136.7 44.50000 14
136.8 44.50000 14
136.9 44.50000 14
137.0 44.50000 14
137.1 44.50000 14
137.2 44.50000 14
137.3 44.50000 14
137.4 44.50000 14
137.5 44.50000 14
137.6 44.50000 14
137.7 44.50000 14
137.8 44.50000 14
137.9 44.50000 14
138.0 44.50000 14
138.1 44.50000 14
138.2 44.50000 14
138.3 44.50000 14
138.4 44.50000 14
138.5 44.50000 14
138.6 44.50000 14
138.7 44.50000 14
138.8 44.50000 14
138.9 44.50000 14
139.0 44.50000 14
139.1 44.50000 14
139.2 44.50000 14
139.3 44.50000 14
139.4 44.50000 14
139.5 44.50000 14
139.6 44.50000 14
139.7 44.50000 14
139.8 44.50000 14
139.9 44.50000 14
140.0 44.50000 14
140.1 44.50000 14
140.2 44.50000 14
140.3 44.50000 14
140.4 44.50000 14
140.5 44.50000 14
140.6 44.50000 14
140.7 44.50000 14
140.8 44.50000 14
140.9 44.50000 14
141.0 44.50000 14
141.1 44.50000 14
141.2 44.50000 14
141.3 44.50000 14
141.4 44.50000 14
141.5 44.50000 14
141.6 44.50000 14
141.7 44.50000 14
141.8 44.50000 14
141.9 44.50000 14
142.0 44.50000 14
142.1 44.50000 14
142.2 44.50000 14
142.3 44.50000 14
142.4 44.50000 14
142.5 44.50000 14
142.6 44.50000 14
142.7 44.50000 14
142.8 44.50000 14
142.9 44.50000 14
143.0 44.50000 14
143.1 44.50000 14
143.2 44.50000 14
143.3 44.50000 14
143.4 44.50000 14
143.5 44.50000 14
143.6 44.50000 14
143.7 44.50000 14
143.8 44.50000 14
143.9 44.50000 14
144.0 44.50000 14
144.1 44.50000 14
144.2 44.50000 14
144.3 44.50000 14
144.4 44.50000 14
144.5 44.50000 14
144.6 44.50000 14
144.7 44.50000 14
144.8 44.50000 14
144.9 44.50000 14
145.0 44.50000 14
145.1 44.50000 14
145.2 44.50000 14
145.3 44.50000 14
145.4 44.50000 14
145.5 44.50000 14
145.6 44.50000 14
145.7 44.50000 14
145.8 44.50000 14
145.9 44.50000 14
146.0 44.50000 14
146.1 44.50000 14
146.2 44.50000 14
146.3 44.50000 14
146.4 44.50000 14
146.5 44.50000 14
146.6 44.50000 14
146.7 44.50000 14
146.8 44.50000 14
146.9 44.50000 14
147.0 44.50000 14
147.1 44.50000 14
147.2 44.50000 14
147.3 0.00000 15
147.4 0.00000 15
147.5 0.00000 15
147.6 44.50000 14
147.7 44.50000 14
147.8 0.00000 15
147.9 0.00000 15
148.0 0.00000 15
148.1 44.50000 14
148.2 44.50000 14
148.3 0.00000 15
148.4 0.00000 15
148.5 0.00000 15
148.6 44.50000 14
148.7 44.50000 14
148.8 0.00000 15
148.9 0.00000 15
149.0 0.00000 15
149.1 0.00000 15
149.2 44.50000 14
149.3 44.50000 14
149.4 0.00000 15
149.5 0.00000 15
149.6 0.00000 15
149.7 44.50000 14
149.8 44.50000 14
149.9 0.00000 15
150.0 0.00000 15
150.1 0.00000 15
150.2 0.00000 15
150.3 44.50000 14
150.4 0.00000 15
150.5 0.00000 15
150.6 0.00000 15
150.7 0.00000 15
150.8 44.50000 14
150.9 0.00000 15
151.0 0.00000 15
151.1 0.00000 15
151.2 0.00000 15
151.3 44.50000 14
151.4 44.50000 14
151.5 0.00000 15
151.6 0.00000 15
151.7 0.00000 15
151.8 44.50000 14
151.9 44.50000 14
152.0 0.00000 15
152.1 0.00000 15
152.2 0.00000 15
152.3 0.00000 15
152.4 44.50000 14
152.5 0.00000 15
152.6 0.00000 15
152.7 0.00000 15
152.8 0.00000 15
152.9 0.00000 15
153.0 0.00000 15
153.1 0.00000 15
153.2 0.00000 15
153.3 0.00000 15
153.4 0.00000 15
153.5 0.00000 15
153.6 0.00000 15
153.7 0.00000 15
153.8 0.00000 15
153.9 0.00000 15
154.0 0.00000 15
154.1 0.00000 15
154.2 0.00000 15
154.3 0.00000 15
154.4 0.00000 15
154.5 0.00000 15
154.6 0.00000 15
154.7 0.00000 15
154.8 0.00000 15
154.9 0.00000 15
155.0 0.00000 15
155.1 0.00000 15
155.2 0.00000 15
155.3 0.00000 15
155.4 0.00000 15
155.5 0.00000 15
155.6 0.00000 15
155.7 0.00000 15
155.8 0.00000 15
155.9 0.00000 15
156.0 0.00000 15
156.1 0.00000 15
156.2 0.00000 15
156.3 0.00000 15
156.4 0.00000 15
156.5 0.00000 15
156.6 0.00000 15
156.7 0.00000 15
156.8 0.00000 15
156.9 0.00000 15
157.0 0.00000 15
157.1 0.00000 15
157.2 0.00000 15
157.3 0.00000 15
157.4 0.00000 15
157.5 0.00000 15
157.6 0.00000 15
157.7 0.00000 15
157.8 0.00000 15
157.9 0.00000 15
158.0 0.00000 15
158.1 0.00000 15
158.2 0.00000 15
158.3 0.00000 15
158.4 0.00000 15
158.5 0.00000 15
158.6 0.00000 15
158.7 0.00000 15
158.8 0.00000 15
158.9 0.00000 15
159.0 0.00000 15
159.1 0.00000 15
159.2 0.00000 15
159.3 0.00000 15
159.4 0.00000 15
159.5 0.00000 15
159.6 0.00000 15
159.7 0.00000 15
159.8 0.00000 15
159.9 0.00000 15
160.0 0.00000 15
160.1 0.00000 15
160.2 0.00000 15
160.3 0.00000 15
160.4 0.00000 15
160.5 0.00000 15
160.6 0.00000 15
160.7 0.00000 15
160.8 0.00000 15
160.9 0.00000 15
161.0 0.00000 15
161.1 0.00000 15
161.2 0.00000 15
161.3 0.00000 15
161.4 0.00000 15
161.5 0.00000 15
161.6 0.00000 15
161.7 0.00000 15
161.8 0.00000 15
161.9 0.00000 15
162.0 0.00000 15
162.1 0.00000 15
162.2 0.00000 15
162.3 0.00000 15
162.4 0.00000 15
162.5 0.00000 15
162.6 0.00000 15
162.7 0.00000 15
162.8 0.00000 15
162.9 0.00000 15
163.0 0.00000 15
163.1 0.00000 15
163.2 0.00000 15
163.3 0.00000 15
163.4 0.00000 15
163.5 0.00000 15
163.6 0.00000 15
163.7 0.00000 15
163.8 0.00000 15
163.9 0.00000 15
164.0 0.00000 15
164.1 0.00000 15
164.2 0.00000 15
164.3 0.00000 15
164.4 0.00000 15
164.5 0.00000 15
164.6 0.00000 15
164.7 0.00000 15
164.8 0.00000 15
164.9 0.00000 15
165.0 0.00000 15
165.1 0.00000 15
165.2 0.00000 15
165.3 0.00000 15
165.4 0.00000 15
165.5 0.00000 15
165.6 0.00000 15
165.7 0.00000 15
165.8 0.00000 15
165.9 0.00000 15
166.0 0.00000 15
166.1 0.00000 15
166.2 0.00000 15
166.3 0.00000 15
166.4 0.00000 15
166.5 0.00000 15
166.6 0.00000 15
166.7 0.00000 15
166.8 0.00000 15
166.9 0.00000 15
167.0 0.00000 15
167.1 0.00000 15
167.2 0.00000 15
167.3 0.00000 15
167.4 0.00000 15
167.5 0.00000 15
167.6 0.00000 15
167.7 0.00000 15
167.8 0.00000 15
167.9 0.00000 15
168.0 0.00000 15
168.1 0.00000 15
168.2 0.00000 15
168.3 0.00000 15
168.4 0.00000 15
168.5 0.00000 15
168.6 0.00000 15
168.7 0.00000 15
168.8 0.00000 15
168.9 0.00000 15
169.0 0.00000 15
169.1 0.00000 15
169.2 0.00000 15
169.3 0.00000 15
169.4 0.00000 15
169.5 0.00000 15
169.6 0.00000 15
169.7 0.00000 15
169.8 0.00000 15
169.9 0.00000 15
170.0 0.00000 15
170.1 0.00000 15
170.2 0.00000 15
170.3 0.00000 15
170.4 0.00000 15
170.5 0.00000 15
170.6 0.00000 15
170.7 0.00000 15
170.8 0.00000 15
170.9 0.00000 15
171.0 0.00000 15
171.1 0.00000 15
171.2 0.00000 15
171.3 0.00000 15
171.4 0.00000 15
171.5 0.00000 15
171.6 0.00000 15
171.7 0.00000 15
171.8 0.00000 15
171.9 0.00000 15
172.0 0.00000 15
172.1 0.00000 15
172.2 0.00000 15
172.3 0.00000 15
172.4 0.00000 15
172.5 0.00000 15
172.6 0.00000 15
172.7 0.00000 15
172.8 0.00000 15
172.9 0.00000 15
173.0 0.00000 15
173.1 0.00000 15
173.2 0.00000 15
173.3 0.00000 15
173.4 0.00000 15
173.5 0.00000 15
173.6 0.00000 15
173.7 0.00000 15
173.8 0.00000 15
173.9 0.00000 15
174.0 0.00000 15
174.1 0.00000 15
174.2 0.00000 15
174.3 0.00000 15
174.4 0.00000 15
174.5 0.00000 15
174.6 0.00000 15
174.7 0.00000 15
174.8 0.00000 15
174.9 0.00000 15
175.0 0.00000 15
175.1 0.00000 15
175.2 0.00000 15
175.3 0.00000 15
175.4 0.00000 15
175.5 0.00000 15
175.6 0.00000 15
175.7 0.00000 15
175.8 0.00000 15
175.9 0.00000 15
176.0 0.00000 15
176.1 0.00000 15
176.2 0.00000 15
176.3 0.00000 15
176.4 0.00000 15
176.5 0.00000 15
176.6 0.00000 15
176.7 0.00000 15
176.8 0.00000 15
176.9 0.00000 15
177.0 0.00000 15
177.1 0.00000 15
177.2 0.00000 15
177.3 0.00000 15
177.4 0.00000 15
177.5 0.00000 15
177.6 0.00000 15
177.7 0.00000 15
177.8 0.00000 15
177.9 0.00000 15
178.0 0.00000 15
178.1 0.00000 15
178.2 0.00000 15
178.3 0.00000 15
178.4 0.00000 15
178.5 0.00000 15
178.6 0.00000 15
178.7 0.00000 15
178.8 0.00000 15
178.9 0.00000 15
179.0 0.00000 15
179.1 0.00000 15
179.2 0.00000 15
179.3 0.00000 15
179.4 0.00000 15
179.5 0.00000 15
179.6 0.00000 15
179.7 0.00000 15
179.8 0.00000 15
179.9 0.00000 15
180.0 0.00000 15
180.1 0.00000 15
180.2 0.00000 15
180.3 0.00000 15
180.4 0.00000 15
180.5 0.00000 15
180.6 0.00000 15
180.7 0.00000 15
180.8 0.00000 15
180.9 0.00000 15
181.0 0.00000 15
181.1 0.00000 15
181.2 0.00000 15
181.3 0.00000 15
181.4 0.00000 15
181.5 0.00000 15
181.6 0.00000 15
181.7 0.00000 15
181.8 0.00000 15
181.9 0.00000 15
182.0 0.00000 15
182.1 0.00000 15
182.2 0.00000 15
182.3 0.00000 15
182.4 0.00000 15
182.5 0.00000 15
182.6 0.00000 15
182.7 0.00000 15
182.8 0.00000 15
182.9 0.00000 15
183.0 0.00000 15
183.1 0.00000 15
183.2 0.00000 15
183.3 0.00000 15
183.4 0.00000 15
183.5 0.00000 15
183.6 0.00000 15
183.7 0.00000 15
183.8 0.00000 15
183.9 0.00000 15
184.0 0.00000 15
184.1 0.00000 15
184.2 0.00000 15
184.3 0.00000 15
184.4 0.00000 15
184.5 0.00000 15
184.6 0.00000 15
184.7 0.00000 15
184.8 0.00000 15
184.9 0.00000 15
185.0 0.00000 15
185.1 0.00000 15
185.2 0.00000 15
185.3 0.00000 15
185.4 0.00000 15
185.5 0.00000 15
185.6 0.00000 15
185.7 0.00000 15
185.8 0.00000 15
185.9 0.00000 15
186.0 0.00000 15
186.1 0.00000 15
186.2 0.00000 15
186.3 0.00000 15
186.4 0.00000 15
186.5 0.00000 15
186.6 0.00000 15
186.7 0.00000 15
186.8 0.00000 15
186.9 0.00000 15
187.0 0.00000 15
187.1 0.00000 15
187.2 0.00000 15
187.3 0.00000 15
187.4 0.00000 15
187.5 0.00000 15
187.6 0.00000 15
187.7 0.00000 15
187.8 0.00000 15
187.9 0.00000 15
188.0 0.00000 15
188.1 0.00000 15
188.2 0.00000 15
188.3 0.00000 15
188.4 0.00000 15
188.5 0.00000 15
188.6 0.00000 15
188.7 0.00000 15
188.8 0.00000 15
188.9 0.00000 15
189.0 0.00000 15
189.1 0.00000 15
189.2 0.00000 15
189.3 0.00000 15
189.4 0.00000 15
189.5 0.00000 15
189.6 0.00000 15
189.7 0.00000 15
189.8 0.00000 15
189.9 0.00000 15
190.0 0.00000 15
190.1 0.00000 15
190.2 0.00000 15
190.3 0.00000 15
190.4 0.00000 15
190.5 0.00000 15
190.6 0.00000 15
190.7 0.00000 15
190.8 0.00000 15
190.9 0.00000 15
191.0 0.00000 15
191.1 0.00000 15
191.2 0.00000 15
191.3 0.00000 15
191.4 0.00000 15
191.5 0.00000 15
191.6 0.00000 15
191.7 0.00000 15
191.8 0.00000 15
191.9 0.00000 15
192.0 0.00000 15
192.1 0.00000 15
192.2 0.00000 15
192.3 0.00000 15
192.4 0.00000 15
192.5 0.00000 15
192.6 0.00000 15
192.7 0.00000 15
192.8 0.00000 15
192.9 0.00000 15
193.0 0.00000 15
193.1 0.00000 15
193.2 0.00000 15
193.3 0.00000 15
193.4 0.00000 15
193.5 0.00000 15
193.6 0.00000 15
193.7 0.00000 15
193.8 0.00000 15
193.9 0.00000 15
194.0 0.00000 15
194.1 0.00000 15
194.2 0.00000 15
194.3 0.00000 15
194.4 0.00000 15
194.5 0.00000 15
194.6 0.00000 15
194.7 0.00000 15
194.8 0.00000 15
194.9 0.00000 15
195.0 0.00000 15
195.1 0.00000 15
195.2 0.00000 15
195.3 0.00000 15
195.4 0.00000 15
195.5 0.00000 15
195.6 0.00000 15
195.7 0.00000 15
195.8 0.00000 15
195.9 0.00000 15
196.0 0.00000 15
196.1 0.00000 15
196.2 0.00000 15
196.3 0.00000 15
196.4 0.00000 15
196.5 0.00000 15
196.6 0.00000 15
196.7 0.00000 15
196.8 0.00000 15
196.9 0.00000 15
197.0 0.00000 15
197.1 0.00000 15
197.2 0.00000 15
197.3 0.00000 15
197.4 0.00000 15
197.5 0.00000 15
197.6 0.00000 15
197.7 0.00000 15
197.8 0.00000 15
197.9 0.00000 15
198.0 0.00000 15
198.1 0.00000 15
198.2 0.00000 15
198.3 0.00000 15
198.4 0.00000 15
198.5 0.00000 15
198.6 0.00000 15
198.7 0.00000 15
198.8 0.00000 15
198.9 0.00000 15
199.0 0.00000 15
199.1 0.00000 15
199.2 0.00000 15
199.3 0.00000 15
199.4 0.00000 15
199.5 0.00000 15
199.6 0.00000 15
199.7 0.00000 15
199.8 0.00000 15
199.9 0.00000 15
200.0 0.00000 15
200.1 0.00000 15
200.2 0.00000 15
200.3 0.00000 15
200.4 0.00000 15
200.5 0.00000 15
200.6 0.00000 15
200.7 0.00000 15
200.8 0.00000 15
200.9 0.00000 15
201.0 0.00000 15
201.1 0.00000 15
201.2 0.00000 15
201.3 0.00000 15
201.4 0.00000 15
201.5 0.00000 15
201.6 0.00000 15
201.7 0.00000 15
201.8 0.00000 15
201.9 0.00000 15
202.0 0.00000 15
202.1 0.00000 15
202.2 0.00000 15
202.3 0.00000 15
202.4 0.00000 15
202.5 0.00000 15
202.6 0.00000 15
202.7 0.00000 15
202.8 0.00000 15
202.9 0.00000 15
203.0 0.00000 15
203.1 0.00000 15
203.2 0.00000 15
203.3 0.00000 15
203.4 0.00000 15
203.5 0.00000 15
203.6 0.00000 15
203.7 0.00000 15
203.8 0.00000 15
203.9 0.00000 15
204.0 0.00000 15
204.1 0.00000 15
204.2 0.00000 15
204.3 0.00000 15
204.4 0.00000 15
204.5 0.00000 15
204.6 0.00000 15
204.7 0.00000 15
204.8 0.00000 15
204.9 0.00000 15
205.0 0.00000 15
205.1 0.00000 15
205.2 0.00000 15
205.3 0.00000 15
205.4 0.00000 15
205.5 0.00000 15
205.6 0.00000 15
205.7 0.00000 15
205.8 0.00000 15
205.9 0.00000 15
206.0 0.00000 15
206.1 0.00000 15
206.2 0.00000 15
206.3 0.00000 15
206.4 0.00000 15
206.5 0.00000 15
206.6 0.00000 15
206.7 0.00000 15
206.8 0.00000 15
206.9 0.00000 15
207.0 0.00000 15
207.1 0.00000 15
207.2 0.00000 15
207.3 0.00000 15
207.4 0.00000 15
207.5 0.00000 15
207.6 0.00000 15
207.7 0.00000 15
207.8 0.00000 15
207.9 0.00000 15
208.0 0.00000 15
208.1 0.00000 15
208.2 0.00000 15
208.3 0.00000 15
208.4 0.00000 15
208.5 0.00000 15
208.6 0.00000 15
208.7 0.00000 15
208.8 0.00000 15
208.9 0.00000 15
209.0 0.00000 15
209.1 0.00000 15
209.2 0.00000 15
209.3 0.00000 15
209.4 0.00000 15
209.5 0.00000 15
209.6 0.00000 15
209.7 0.00000 15
209.8 0.00000 15
209.9 0.00000 15
210.0 0.00000 15
210.1 0.00000 15
210.2 0.00000 15
210.3 0.00000 15
210.4 0.00000 15
210.5 0.00000 15
210.6 0.00000 15
210.7 0.00000 15
210.8 0.00000 15
210.9 0.00000 15
211.0 0.00000 15
211.1 0.00000 15
211.2 0.00000 15
211.3 0.00000 15
211.4 0.00000 15
211.5 0.00000 15
211.6 0.00000 15
211.7 0.00000 15
211.8 0.00000 15
211.9 0.00000 15
212.0 0.00000 15
212.1 0.00000 15
212.2 0.00000 15
212.3 0.00000 15
212.4 0.00000 15
212.5 0.00000 15
212.6 0.00000 15
212.7 0.00000 15
212.8 0.00000 15
212.9 0.00000 15
213.0 0.00000 15
213.1 0.00000 15
213.2 0.00000 15
213.3 0.00000 15
213.4 0.00000 15
213.5 0.00000 15
213.6 0.00000 15
213.7 0.00000 15
213.8 0.00000 15
213.9 0.00000 15
214.0 0.00000 15
214.1 0.00000 15
214.2 0.00000 15
214.3 0.00000 15
214.4 0.00000 15
214.5 0.00000 15
214.6 0.00000 15
214.7 0.00000 15
214.8 0.00000 15
214.9 0.00000 15
215.0 0.00000 15
215.1 0.00000 15
215.2 0.00000 15
215.3 0.00000 15
215.4 0.00000 15
215.5 0.00000 15
215.6 0.00000 15
215.7 0.00000 15
215.8 0.00000 15
215.9 0.00000 15
216.0 0.00000 15
216.1 0.00000 15
216.2 0.00000 15
216.3 0.00000 15
216.4 0.00000 15
216.5 0.00000 15
216.6 0.00000 15
216.7 0.00000 15
216.8 0.00000 15
216.9 0.00000 15
217.0 0.00000 15
217.1 0.00000 15
217.2 0.00000 15
217.3 0.00000 15
217.4 0.00000 15
217.5 0.00000 15
217.6 0.00000 15
217.7 0.00000 15
217.8 0.00000 15
217.9 0.00000 15
218.0 0.00000 15
218.1 0.00000 15
218.2 0.00000 15
218.3 0.00000 15
218.4 0.00000 15
218.5 0.00000 15
218.6 0.00000 15
218.7 0.00000 15
218.8 0.00000 15
218.9 0.00000 15
219.0 0.00000 15
219.1 0.00000 15
219.2 0.00000 15
219.3 0.00000 15
219.4 0.00000 15
219.5 0.00000 15
219.6 0.00000 15
219.7 0.00000 15
219.8 0.00000 15
219.9 0.00000 15
220.0 0.00000 15
220.1 0.00000 15
220.2 0.00000 15
220.3 0.00000 15
220.4 0.00000 15
220.5 0.00000 15
220.6 0.00000 15
220.7 0.00000 15
220.8 0.00000 15
220.9 0.00000 15
221.0 0.00000 15
221.1 0.00000 15
221.2 0.00000 15
221.3 0.00000 15
221.4 0.00000 15
221.5 0.00000 15
221.6 0.00000 15
221.7 0.00000 15
221.8 0.00000 15
221.9 0.00000 15
222.0 0.00000 15
222.1 0.00000 15
222.2 0.00000 15
222.3 0.00000 15
222.4 0.00000 15
222.5 0.00000 15
222.6 0.00000 15
222.7 0.00000 15
222.8 0.00000 15
222.9 0.00000 15
223.0 0.00000 15
223.1 0.00000 15
223.2 0.00000 15
223.3 0.00000 15
223.4 0.00000 15
223.5 0.00000 15
223.6 0.00000 15
223.7 0.00000 15
223.8 0.00000 15
223.9 0.00000 15
224.0 0.00000 15
224.1 0.00000 15
224.2 0.00000 15
224.3 0.00000 15
224.4 0.00000 15
224.5 0.00000 15
224.6 0.00000 15
224.7 0.00000 15
224.8 0.00000 15
224.9 0.00000 15
225.0 0.00000 15
225.1 0.00000 15
225.2 0.00000 15
225.3 0.00000 15
225.4 0.00000 15
225.5 0.00000 15
225.6 0.00000 15
225.7 0.00000 15
225.8 0.00000 15
225.9 0.00000 15
226.0 0.00000 15
226.1 0.00000 15
226.2 0.00000 15
226.3 0.00000 15
226.4 0.00000 15
226.5 0.00000 15
226.6 0.00000 15
226.7 0.00000 15
226.8 0.00000 15
226.9 0.00000 15
227.0 0.00000 15
227.1 0.00000 15
227.2 0.00000 15
227.3 0.00000 15
227.4 0.00000 15
227.5 0.00000 15
227.6 0.00000 15
227.7 0.00000 15
227.8 0.00000 15
227.9 0.00000 15
228.0 0.00000 15
228.1 0.00000 15
228.2 0.00000 15
228.3 0.00000 15
228.4 0.00000 15
228.5 0.00000 15
228.6 0.00000 15
228.7 0.00000 15
228.8 0.00000 15
228.9 0.00000 15
229.0 0.00000 15
229.1 0.00000 15
229.2 0.00000 15
229.3 0.00000 15
229.4 0.00000 15
229.5 0.00000 15
229.6 0.00000 15
229.7 0.00000 15
229.8 0.00000 15
229.9 0.00000 15
230.0 0.00000 15
230.1 0.00000 15
230.2 0.00000 15
230.3 0.00000 15
230.4 0.00000 15
230.5 0.00000 15
230.6 0.00000 15
230.7 0.00000 15
230.8 0.00000 15
230.9 0.00000 15
231.0 0.00000 15
231.1 0.00000 15
231.2 0.00000 15
231.3 0.00000 15
231.4 0.00000 15
231.5 0.00000 15
231.6 0.00000 15
231.7 0.00000 15
231.8 0.00000 15
231.9 0.00000 15
232.0 0.00000 15
232.1 0.00000 15
232.2 0.00000 15
232.3 0.00000 15
232.4 0.00000 15
232.5 0.00000 15
232.6 0.00000 15
232.7 0.00000 15
232.8 0.00000 15
232.9 0.00000 15
233.0 0.00000 15
233.1 0.00000 15
233.2 0.00000 15
233.3 0.00000 15
233.4 0.00000 15
233.5 0.00000 15
233.6 0.00000 15
233.7 0.00000 15
233.8 0.00000 15
233.9 0.00000 15
234.0 0.00000 15
234.1 0.00000 15
234.2 0.00000 15
234.3 0.00000 15
234.4 0.00000 15
234.5 0.00000 15
234.6 0.00000 15
234.7 0.00000 15
234.8 0.00000 15
234.9 0.00000 15
235.0 0.00000 15
235.1 0.00000 15
235.2 0.00000 15
235.3 0.00000 15
235.4 0.00000 15
235.5 0.00000 15
235.6 0.00000 15
235.7 0.00000 15
235.8 0.00000 15
235.9 0.00000 15
236.0 0.00000 15
236.1 0.00000 15
236.2 0.00000 15
236.3 0.00000 15
236.4 0.00000 15
236.5 0.00000 15
236.6 0.00000 15
236.7 0.00000 15
236.8 0.00000 15
236.9 0.00000 15
237.0 0.00000 15
237.1 0.00000 15
237.2 0.00000 15
237.3 0.00000 15
237.4 0.00000 15
237.5 0.00000 15
237.6 0.00000 15
237.7 0.00000 15
237.8 0.00000 15
237.9 0.00000 15
238.0 0.00000 15
238.1 0.00000 15
238.2 0.00000 15
238.3 0.00000 15
238.4 0.00000 15
238.5 0.00000 15
238.6 0.00000 15
238.7 0.00000 15
238.8 0.00000 15
238.9 0.00000 15
239.0 0.00000 15
239.1 0.00000 15
239.2 0.00000 15
239.3 0.00000 15
239.4 0.00000 15
239.5 0.00000 15
239.6 0.00000 15
239.7 0.00000 15
239.8 0.00000 15
239.9 0.00000 15
240.0 0.00000 15
240.1 0.00000 15
240.2 0.00000 15
240.3 0.00000 15
240.4 0.00000 15
240.5 0.00000 15
240.6 0.00000 15
240.7 0.00000 15
240.8 0.00000 15
240.9 0.00000 15
241.0 0.00000 15
241.1 0.00000 15
241.2 0.00000 15
241.3 0.00000 15
241.4 0.00000 15
241.5 0.00000 15
241.6 0.00000 15
241.7 0.00000 15
241.8 0.00000 15
241.9 0.00000 15
242.0 0.00000 15
242.1 0.00000 15
242.2 0.00000 15
242.3 0.00000 15
242.4 0.00000 15
242.5 0.00000 15
242.6 0.00000 15
242.7 0.00000 15
242.8 0.00000 15
242.9 0.00000 15
243.0 0.00000 15
243.1 0.00000 15
243.2 0.00000 15
243.3 0.00000 15
243.4 0.00000 15
243.5 0.00000 15
243.6 0.00000 15
243.7 0.00000 15
243.8 0.00000 15
243.9 0.00000 15
244.0 0.00000 15
244.1 0.00000 15
244.2 0.00000 15
244.3 0.00000 15
244.4 0.00000 15
244.5 0.00000 15
244.6 0.00000 15
244.7 0.00000 15
244.8 0.00000 15
244.9 0.00000 15
245.0 0.00000 15
245.1 0.00000 15
245.2 0.00000 15
245.3 0.00000 15
245.4 0.00000 15
245.5 0.00000 15
245.6 0.00000 15
245.7 0.00000 15
245.8 0.00000 15
245.9 0.00000 15
246.0 0.00000 15
246.1 0.00000 15
246.2 0.00000 15
246.3 0.00000 15
246.4 0.00000 15
246.5 0.00000 15
246.6 0.00000 15
246.7 0.00000 15
246.8 0.00000 15
246.9 0.00000 15
247.0 0.00000 15
247.1 0.00000 15
247.2 0.00000 15
247.3 0.00000 15
247.4 0.00000 15
247.5 0.00000 15
247.6 0.00000 15
247.7 0.00000 15
247.8 0.00000 15
247.9 0.00000 15
248.0 0.00000 15
248.1 0.00000 15
248.2 0.00000 15
248.3 0.00000 15
248.4 0.00000 15
248.5 0.00000 15
248.6 0.00000 15
248.7 0.00000 15
248.8 0.00000 15
248.9 0.00000 15
249.0 0.00000 15
249.1 0.00000 15
249.2 0.00000 15
249.3 0.00000 15
249.4 0.00000 15
249.5 0.00000 15
249.6 0.00000 15
249.7 0.00000 15
249.8 0.00000 15
249.9 0.00000 15
250.0 0.00000 15
