15.0 2.10165 13
15.1 2.14019 13
15.2 2.18247 13
15.3 2.22729 13
15.4 2.27277 13
15.5 2.31685 13
15.6 2.36067 13
15.7 2.41024 13
15.8 2.46165 13
15.9 2.48701 14
16.0 2.54962 14
16.1 2.61690 14
16.2 2.68029 14
16.3 2.74414 14
16.4 2.80802 14
16.5 2.87254 14
16.6 2.93771 14
16.7 3.00352 14
16.8 3.06995 14
16.9 3.13725 14
17.0 3.20518 14
17.1 3.27373 14
17.2 3.34291 14
17.3 3.41270 14
17.4 3.48307 14
17.5 3.55332 14
17.6 3.62502 14
17.7 3.69745 14
17.8 3.77048 14
17.9 3.84409 14
18.0 3.91825 14
18.1 3.99297 14
18.2 4.06823 14
18.3 4.14409 14
18.4 4.22699 14
18.5 4.33768 14
18.6 4.44987 14
18.7 4.56357 14
18.8 4.67750 14
18.9 4.79410 14
19.0 4.91217 14
19.1 5.03229 14
19.2 5.15406 14
19.3 5.27736 14
19.4 5.40217 14
19.5 5.52848 14
19.6 5.65628 14
19.7 5.78555 14
19.8 5.91482 14
19.9 6.04792 14
20.0 6.18255 14
20.1 6.31870 14
20.2 6.45635 14
20.3 6.59548 14
20.4 6.73606 14
20.5 6.94420 14
20.6 7.08817 14
20.7 7.23365 14
20.8 7.37785 14
20.9 7.52617 14
21.0 7.67595 14
21.1 7.78179 14
21.2 7.86210 14
21.3 7.94347 14
21.4 8.02545 14
21.5 8.10751 14
21.6 8.18957 14
21.7 8.26812 14
21.8 8.35001 14
21.9 8.43183 14
22.0 8.51385 14
22.1 8.59740 14
22.2 8.68095 14
22.3 8.76445 14
22.4 8.84787 14
22.5 8.92704 14
22.6 9.01004 14
22.7 9.09285 14
22.8 9.17681 14
22.9 9.26153 14
23.0 9.34615 14
23.1 9.43061 14
23.2 9.51017 14
23.3 9.59403 14
23.4 9.67760 14
23.5 9.76087 14
23.6 9.84640 14
23.7 9.93179 14
23.8 10.01694 14
23.9 10.10182 14
24.0 10.18083 14
24.1 10.26482 14
24.2 10.34842 14
24.3 10.43238 14
24.4 10.51815 14
24.5 10.60361 14
24.6 10.68871 14
24.7 10.76712 14
24.8 10.85116 14
24.9 10.93469 14
25.0 11.01766 14
25.1 11.10173 14
25.2 11.18713 14
25.3 11.27210 14
25.4 11.34941 14
25.5 11.43313 14
25.6 11.51622 14
25.7 11.59870 14
25.8 11.68045 14
25.9 11.76391 14
26.0 11.84048 14
26.1 11.92401 14
26.2 12.00692 14
26.3 12.08915 14
26.4 12.17064 14
26.5 12.25132 14
26.6 12.32246 14
26.7 12.40404 14
26.8 12.48654 14
26.9 12.56832 14
27.0 12.64924 14
27.1 12.72932 14
27.2 12.79892 14
27.3 12.87686 14
27.4 12.95375 14
27.5 13.03256 14
27.6 13.11267 14
27.7 13.18148 14
27.8 13.25942 14
27.9 13.33638 14
28.0 13.41227 14
28.1 13.48705 14
28.2 13.54933 14
28.3 13.62349 14
28.4 13.70010 14
28.5 13.77575 14
28.6 13.83845 14
28.7 13.91144 14
28.8 13.98311 14
28.9 14.04121 14
29.0 14.10984 14
29.1 14.17784 14
29.2 14.23731 14
29.3 14.30810 14
29.4 14.37766 14
29.5 14.43242 14
29.6 14.48518 14
29.7 14.53597 14
29.8 14.54341 14
29.9 14.60256 14
30.0 14.66551 14
30.1 14.72905 14
30.2 14.79112 14
30.3 14.85147 14
30.4 14.91022 14
30.5 14.96726 14
30.6 15.02240 14
30.7 15.07535 14
30.8 15.12851 14
30.9 15.18630 14
31.0 15.24234 14
31.1 15.29672 14
31.2 15.34927 14
31.3 15.39982 14
31.4 15.44831 14
31.5 15.49433 14
31.6 15.53846 14
31.7 15.58620 14
31.8 15.63570 14
31.9 15.68316 14
32.0 15.72868 14
32.1 15.77216 14
32.2 15.81323 14
32.3 15.85128 14
32.4 15.88763 14
32.5 15.92211 14
32.6 15.96261 14
32.7 16.00248 14
32.8 16.04036 14
32.9 16.07596 14
33.0 16.10889 14
33.1 16.13839 14
33.2 16.16601 14
33.3 16.19171 14
33.4 16.21536 14
33.5 16.24629 14
33.6 16.27579 14
33.7 16.30283 14
33.8 16.26701 14
33.9 16.28733 14
34.0 16.30574 14
34.1 16.32209 14
34.2 16.33635 14
34.3 16.25363 14
34.4 16.27305 14
34.5 16.29162 14
34.6 16.30758 14
34.7 16.22007 14
34.8 16.22910 14
34.9 16.23598 14
35.0 16.24067 14
35.1 16.17395 14
35.2 15.99865 14
35.3 15.93139 14
35.4 15.86673 14
35.5 15.79887 14
35.6 15.72712 14
35.7 15.54998 14
35.8 15.47599 14
35.9 15.39342 14
36.0 15.27781 14
36.1 15.09876 14
36.2 14.81368 14
36.3 14.55392 14
36.4 14.05169 14
36.5 13.92287 14
36.6 14.02179 14
36.7 14.12110 14
36.8 14.23467 14
36.9 14.28071 14
37.0 14.28648 14
37.1 14.32997 14
37.2 14.37345 14
37.3 14.45312 14
37.4 14.50037 14
37.5 14.50392 14
37.6 14.54741 14
37.7 14.59090 14
37.8 14.67134 14
37.9 14.71818 14
38.0 14.72136 14
38.1 14.80172 14
38.2 14.83595 14
38.3 14.86007 14
38.4 14.84076 14
38.5 14.77944 14
38.6 14.75603 14
38.7 14.66607 14
38.8 14.62785 14
38.9 14.58830 14
39.0 14.58491 14
39.1 14.56630 14
39.2 14.55831 14
39.3 14.43367 14
39.4 14.40401 14
39.5 14.37283 14
39.6 14.36127 14
39.7 14.36402 14
39.8 14.30682 14
39.9 14.28984 14
40.0 14.19559 14
40.1 14.17804 14
40.2 14.14004 14
40.3 14.15094 14
40.4 14.15408 14
40.5 13.98650 14
40.6 13.87706 14
40.7 13.82489 14
40.8 13.77059 14
40.9 13.71436 14
41.0 13.71420 14
41.1 13.72091 14
41.2 13.67755 14
41.3 13.59956 14
41.4 13.50595 14
41.5 13.31474 14
41.6 13.17556 14
41.7 13.22573 14
41.8 13.05855 14
41.9 12.93812 14
42.0 12.78082 14
42.1 12.82064 14
42.2 12.66140 14
42.3 12.66605 14
42.4 12.77268 14
42.5 12.79550 14
42.6 12.84768 14
42.7 12.93214 14
42.8 13.01698 14
42.9 13.15187 14
43.0 13.23584 14
43.1 13.37388 14
43.2 13.39970 14
43.3 13.43508 14
43.4 13.52172 14
43.5 13.61050 14
43.6 13.69997 14
43.7 13.78973 14
43.8 13.93204 14
43.9 14.08234 14
44.0 14.12082 14
44.1 14.20079 14
44.2 14.22938 14
44.3 14.25289 14
44.4 14.27568 14
44.5 14.30412 14
44.6 14.34425 14
44.7 14.38439 14
44.8 14.42455 14
44.9 14.46469 14
45.0 14.50486 14
45.1 14.57195 14
45.2 14.64967 14
45.3 14.65008 14
45.4 14.71904 14
45.5 14.75385 14
45.6 14.77759 14
45.7 14.80061 14
45.8 14.82483 14
45.9 14.86159 14
46.0 14.90190 14
46.1 14.94223 14
46.2 14.98257 14
46.3 15.02293 14
46.4 15.06331 14
46.5 15.12795 14
46.6 15.19592 14
46.7 15.21267 14
46.8 15.28328 14
46.9 15.31524 14
47.0 15.33861 14
47.1 15.36138 14
47.2 15.38544 14
47.3 15.42144 14
47.4 15.46194 14
47.5 15.50245 14
47.6 15.54297 14
47.7 15.58352 14
47.8 15.62407 14
47.9 15.69696 14
48.0 15.78793 14
48.1 15.77444 14
48.2 15.83684 14
48.3 15.88817 14
48.4 15.91390 14
48.5 15.93657 14
48.6 15.95901 14
48.7 15.98502 14
48.8 16.02431 14
48.9 16.06500 14
49.0 16.10570 14
49.1 16.14643 14
49.2 16.18720 14
49.3 16.22796 14
49.4 16.30303 14
49.5 16.40207 14
49.6 16.38224 14
49.7 16.43775 14
49.8 16.49916 14
49.9 16.52652 14
50.0 16.54909 14
50.1 16.57167 14
50.2 16.59454 14
50.3 16.62988 14
50.4 16.67077 14
50.5 16.71167 14
50.6 16.75262 14
50.7 16.79355 14
50.8 16.83453 14
50.9 16.87550 14
51.0 16.94801 14
51.1 17.03781 14
51.2 17.02987 14
51.3 17.09566 14
51.4 17.15200 14
51.5 17.17845 14
51.6 17.20063 14
51.7 17.22287 14
51.8 17.24479 14
51.9 17.27922 14
52.0 17.32033 14
52.1 17.36148 14
52.2 17.40264 14
52.3 17.44378 14
52.4 17.48496 14
52.5 17.52614 14
52.6 17.56736 14
52.7 17.63324 14
52.8 17.69945 14
52.9 17.72676 14
53.0 17.80630 14
53.1 17.84673 14
53.2 17.87025 14
53.3 17.89229 14
53.4 17.91411 14
53.5 17.93713 14
53.6 17.97293 14
53.7 18.01431 14
53.8 18.05566 14
53.9 18.09706 14
54.0 18.13847 14
54.1 18.17987 14
54.2 18.22084 14
54.3 18.26180 14
54.4 18.33269 14
54.5 18.41880 14
54.6 18.41929 14
54.7 18.48826 14
54.8 18.54965 14
54.9 18.57698 14
55.0 18.59838 14
55.1 18.61959 14
55.2 18.64066 14
55.3 18.66702 14
55.4 18.70544 14
55.5 18.74653 14
55.6 18.78764 14
55.7 18.82875 14
55.8 18.86985 14
55.9 18.91099 14
56.0 18.95215 14
56.1 18.99331 14
56.2 19.06801 14
56.3 19.16482 14
56.4 19.15469 14
56.5 19.21166 14
56.6 19.28892 14
56.7 19.32183 14
56.8 19.34358 14
56.9 19.36441 14
57.0 19.38504 14
57.1 19.40560 14
57.2 19.43881 14
57.3 19.48010 14
57.4 19.52141 14
57.5 19.56269 14
57.6 19.60402 14
57.7 19.64536 14
57.8 19.68672 14
57.9 19.72808 14
58.0 19.76946 14
58.1 19.84614 14
58.2 19.95063 14
58.3 19.93495 14
58.4 19.98563 14
58.5 20.06836 14
58.6 20.11020 14
58.7 20.13298 14
58.8 20.15344 14
58.9 20.17357 14
59.0 20.19360 14
59.1 20.22016 14
59.2 20.25840 14
59.3 20.29991 14
59.4 20.34144 14
59.5 20.38298 14
59.6 20.42450 14
59.7 20.46606 14
59.8 20.50764 14
59.9 20.54923 14
60.0 20.59083 14
60.1 20.66871 14
60.2 20.77755 14
60.3 20.76059 14
60.4 20.80696 14
60.5 20.89249 14
60.6 20.94432 14
60.7 20.96820 14
60.8 20.98833 14
60.9 21.00791 14
61.0 21.02736 14
61.1 21.04818 14
61.2 21.08204 14
61.3 21.12378 14
61.4 21.16553 14
61.5 21.20729 14
61.6 21.24907 14
61.7 21.29085 14
61.8 21.33265 14
61.9 21.37450 14
62.0 21.41632 14
62.1 21.45816 14
62.2 21.53836 14
62.3 21.65535 14
62.4 21.63390 14
62.5 21.67374 14
62.6 21.75953 14
62.7 21.82218 14
62.8 21.85202 14
62.9 21.87206 14
63.0 21.89109 14
63.1 21.90991 14
63.2 21.92864 14
63.3 21.95583 14
63.4 21.99375 14
63.5 22.03574 14
63.6 22.07773 14
63.7 22.11974 14
63.8 22.16176 14
63.9 22.20379 14
64.0 22.24584 14
64.1 22.28789 14
64.2 22.33000 14
64.3 22.37208 14
64.4 22.41417 14
64.5 22.60327 14
64.6 22.55951 14
64.7 22.58699 14
64.8 22.66533 14
64.9 22.74153 14
65.0 22.78669 14
65.1 22.80770 14
65.2 22.82628 14
65.3 22.84443 14
65.4 22.86245 14
65.5 22.88040 14
65.6 22.91222 14
65.7 22.95269 14
65.8 22.99493 14
65.9 23.03719 14
66.0 23.07945 14
66.1 23.12173 14
66.2 23.16406 14
66.3 23.20636 14
66.4 23.24867 14
66.5 23.29100 14
66.6 23.33333 14
66.7 23.37572 14
66.8 23.45159 14
66.9 23.55477 14
67.0 23.55217 14
67.1 23.60527 14
67.2 23.69595 14
67.3 23.75894 14
67.4 23.79777 14
67.5 23.81681 14
67.6 23.83438 14
67.7 23.85216 14
67.8 23.86932 14
67.9 23.88640 14
68.0 23.91897 14
68.1 23.95969 14
68.2 24.00220 14
68.3 24.04472 14
68.4 24.08726 14
68.5 24.12985 14
68.6 24.17241 14
68.7 24.21498 14
68.8 24.25756 14
68.9 24.30019 14
69.0 24.34280 14
69.1 24.38541 14
69.2 24.42804 14
69.3 24.66104 14
69.4 24.59344 14
69.5 24.60652 14
69.6 24.66771 14
69.7 24.76033 14
69.8 24.82347 14
69.9 24.86430 14
70.0 24.88546 14
70.1 24.90221 14
70.2 24.91854 14
70.3 24.93476 14
70.4 24.95142 14
70.5 24.97821 14
70.6 25.01555 14
70.7 25.05839 14
70.8 25.10119 14
70.9 25.14401 14
71.0 25.18683 14
71.1 25.22972 14
71.2 25.27257 14
71.3 25.31543 14
71.4 25.35835 14
71.5 25.40123 14
71.6 25.44413 14
71.7 25.48708 14
71.8 25.53000 14
71.9 25.80640 14
72.0 25.71737 14
72.1 25.71436 14
72.2 25.76283 14
72.3 25.85448 14
72.4 25.93103 14
72.5 25.98789 14
72.6 26.01835 14
72.7 26.03470 14
72.8 26.05017 14
72.9 26.06591 14
73.0 26.08102 14
73.1 26.09606 14
73.2 26.12600 14
73.3 26.16434 14
73.4 26.20744 14
73.5 26.25059 14
73.6 26.29371 14
73.7 26.33684 14
73.8 26.38004 14
73.9 26.42319 14
74.0 26.46636 14
74.1 26.50959 14
74.2 26.55278 14
74.3 26.59603 14
74.4 26.63924 14
74.5 26.68247 14
74.6 26.72576 14
74.7 26.97866 14
74.8 26.90260 14
74.9 26.91219 14
75.0 26.96514 14
75.1 27.06006 14
75.2 27.13935 14
75.3 27.20537 14
75.4 27.23478 14
75.5 27.25457 14
75.6 27.26952 14
75.7 27.28357 14
75.8 27.29745 14
75.9 27.31184 14
76.0 27.33059 14
76.1 27.36582 14
76.2 27.40794 14
76.3 27.45137 14
76.4 27.49486 14
76.5 27.53831 14
76.6 27.58182 14
76.7 27.62530 14
76.8 27.66878 14
76.9 27.71233 14
77.0 27.75584 14
77.1 27.79942 14
77.2 27.84295 14
77.3 27.88650 14
77.4 27.93010 14
77.5 27.97367 14
77.6 28.01731 14
77.7 28.20234 14
77.8 28.17818 14
77.9 28.20647 14
78.0 28.27272 14
78.1 28.37312 14
78.2 28.46060 14
78.3 28.52173 14
78.4 28.54933 14
78.5 28.56880 14
78.6 28.58184 14
78.7 28.59451 14
78.8 28.60761 14
78.9 28.61999 14
79.0 28.63292 14
79.1 28.66561 14
79.2 28.70469 14
79.3 28.74847 14
79.4 28.79231 14
79.5 28.83611 14
79.6 28.87997 14
79.7 28.92379 14
79.8 28.96762 14
79.9 29.01152 14
80.0 29.05538 14
80.1 29.09930 14
80.2 29.14318 14
80.3 29.18713 14
80.4 29.23103 14
80.5 29.27501 14
80.6 29.31893 14
80.7 29.36292 14
80.8 29.65631 14
80.9 29.55996 14
81.0 29.55987 14
81.1 29.60331 14
81.2 29.68450 14
81.3 29.78506 14
81.4 29.88362 14
81.5 29.94051 14
81.6 29.96677 14
81.7 29.98249 14
81.8 29.99682 14
81.9 30.00788 14
82.0 30.01939 14
82.1 30.03017 14
82.2 30.04149 14
82.3 30.06421 14
82.4 30.10062 14
82.5 30.14411 14
82.6 30.18833 14
82.7 30.23250 14
82.8 30.27674 14
82.9 30.32094 14
83.0 30.36520 14
83.1 30.40942 14
83.2 30.45371 14
83.3 30.49796 14
83.4 30.54227 14
83.5 30.58654 14
83.6 30.63087 14
83.7 30.67517 14
83.8 30.71953 14
83.9 30.76384 14
84.0 30.80823 14
84.1 30.85257 14
84.2 31.06888 14
84.3 31.03516 14
84.4 31.05059 14
84.5 31.10058 14
84.6 31.18744 14
84.7 31.28962 14
84.8 31.40319 14
84.9 31.46770 14
85.0 31.49639 14
85.1 31.51265 14
85.2 31.52570 14
85.3 31.53561 14
85.4 31.54528 14
85.5 31.55416 14
85.6 31.56360 14
85.7 31.57229 14
85.8 31.60297 14
85.9 31.64093 14
86.0 31.68549 14
86.1 31.73013 14
86.2 31.77478 14
86.3 31.81938 14
86.4 31.86405 14
86.5 31.90874 14
86.6 31.95338 14
86.7 31.99809 14
86.8 32.04275 14
86.9 32.08749 14
87.0 32.13223 14
87.1 32.17693 14
87.2 32.22170 14
87.3 32.26649 14
87.4 32.31123 14
87.5 32.35603 14
87.6 32.40079 14
87.7 32.44563 14
87.8 32.72562 14
87.9 32.64726 14
88.0 32.65166 14
88.1 32.69258 14
88.2 32.76346 14
88.3 32.87279 14
88.4 32.98249 14
88.5 33.09769 14
88.6 33.14828 14
88.7 33.17118 14
88.8 33.18445 14
88.9 33.19413 14
89.0 33.20286 14
89.1 33.21026 14
89.2 33.21752 14
89.3 33.22391 14
89.4 33.23097 14
89.5 33.25121 14
89.6 33.28884 14
89.7 33.33178 14
89.8 33.37681 14
89.9 33.42191 14
90.0 33.46703 14
90.1 33.51209 14
90.2 33.55723 14
90.3 33.60238 14
90.4 33.64748 14
90.5 33.69266 14
90.6 33.73785 14
90.7 33.78298 14
90.8 33.82820 14
90.9 33.87343 14
91.0 33.91860 14
91.1 33.96385 14
91.2 34.00912 14
91.3 34.05433 14
91.4 34.09962 14
91.5 34.14485 14
91.6 34.19017 14
91.7 34.45028 14
91.8 34.39510 14
91.9 34.40097 14
92.0 34.44063 14
92.1 34.50710 14
92.2 34.61385 14
92.3 34.71161 14
92.4 34.87447 14
92.5 34.95184 14
92.6 34.98635 14
92.7 35.00209 14
92.8 35.01142 14
92.9 35.01804 14
93.0 35.02400 14
93.1 35.02863 14
93.2 35.03311 14
93.3 35.03664 14
93.4 35.04090 14
93.5 35.05158 14
93.6 35.09022 14
93.7 35.13152 14
93.8 35.17704 14
93.9 35.22265 14
94.0 35.26827 14
94.1 35.31383 14
94.2 35.35948 14
94.3 35.40514 14
94.4 35.45074 14
94.5 35.49642 14
94.6 35.54212 14
94.7 35.58776 14
94.8 35.63348 14
94.9 35.67922 14
95.0 35.72490 14
95.1 35.77066 14
95.2 35.81643 14
95.3 35.86215 14
95.4 35.90795 14
95.5 35.95376 14
95.6 35.99951 14
95.7 36.04535 14
95.8 36.09120 14
95.9 36.13699 14
96.0 36.31020 14
96.1 36.31048 14
96.2 36.34493 14
96.3 36.40341 14
96.4 36.49159 14
96.5 36.60990 14
96.6 36.77043 14
96.7 36.90733 14
96.8 36.97159 14
96.9 36.99967 14
97.0 37.01228 14
97.1 37.01757 14
97.2 37.02100 14
97.3 37.02322 14
97.4 37.02518 14
97.5 37.02625 14
97.6 37.02719 14
97.7 37.02707 14
97.8 37.02778 14
97.9 37.05246 14
98.0 37.09181 14
98.1 37.13615 14
98.2 37.18232 14
98.3 37.22843 14
98.4 37.27462 14
98.5 37.32083 14
98.6 37.36697 14
98.7 37.41321 14
98.8 37.45946 14
98.9 37.50564 14
99.0 37.55191 14
99.1 37.59820 14
99.2 37.64443 14
99.3 37.69074 14
99.4 37.73706 14
99.5 37.78333 14
99.6 37.82968 14
99.7 37.87605 14
99.8 37.92235 14
99.9 37.96874 14
100.0 38.01515 14
100.1 38.06149 14
100.2 38.10792 14
100.3 38.15437 14
100.4 38.20083 14
100.5 38.24722 14
100.6 38.40958 14
100.7 38.42047 14
100.8 38.45898 14
100.9 38.51887 14
101.0 38.60530 14
101.1 38.72963 14
101.2 38.89131 14
101.3 39.07997 14
101.4 39.17404 14
101.5 39.21841 14
101.6 39.23615 14
101.7 39.24162 14
101.8 39.24291 14
101.9 39.24193 14
102.0 39.23879 14
102.1 39.23762 14
102.2 39.23430 14
102.3 39.22978 14
102.4 39.22617 14
102.5 39.22243 14
102.6 39.22488 14
102.7 39.26524 14
102.8 39.30691 14
102.9 39.35372 14
103.0 39.40046 14
103.1 39.44729 14
103.2 39.49414 14
103.3 39.54092 14
103.4 39.58779 14
103.5 39.63468 14
103.6 39.68150 14
103.7 39.72841 14
103.8 39.77534 14
103.9 39.82220 14
104.0 39.86916 14
104.1 39.91613 14
104.2 39.96311 14
104.3 40.01003 14
104.4 40.05680 14
104.5 40.10315 14
104.6 40.14943 14
104.7 40.19582 14
104.8 40.24222 14
104.9 40.28857 14
105.0 40.33502 14
105.1 40.38148 14
105.2 40.42789 14
105.3 40.47439 14
105.4 40.52092 14
105.5 40.56739 14
105.6 40.61396 14
105.7 40.80810 14
105.8 40.80596 14
105.9 40.83106 14
106.0 40.87427 14
106.1 40.93242 14
106.2 41.00947 14
106.3 41.11467 14
106.4 41.22878 14
106.5 41.44381 14
106.6 41.62542 14
106.7 41.72635 14
106.8 41.78024 14
106.9 41.80700 14
107.0 41.82140 14
107.1 41.82673 14
107.2 41.82740 14
107.3 41.82732 14
107.4 41.82632 14
107.5 41.82372 14
107.6 41.82369 14
107.7 41.82161 14
107.8 41.81843 14
107.9 41.81640 14
108.0 41.81439 14
108.1 41.81241 14
108.2 41.82880 14
108.3 41.87057 14
108.4 41.91238 14
108.5 41.95944 14
108.6 42.00660 14
108.7 42.05378 14
108.8 42.10089 14
108.9 42.14812 14
109.0 42.19536 14
109.1 42.24263 14
109.2 42.28982 14
109.3 42.33713 14
109.4 42.38445 14
109.5 42.43171 14
109.6 42.47908 14
109.7 42.52647 14
109.8 42.57379 14
109.9 42.62122 14
110.0 42.66867 14
110.1 42.71614 14
110.2 42.76355 14
110.3 42.81106 14
110.4 42.85859 14
110.5 42.90606 14
110.6 42.95364 14
110.7 43.00123 14
110.8 43.04876 14
110.9 43.09640 14
111.0 43.14406 14
111.1 43.19174 14
111.2 43.23935 14
111.3 43.28707 14
111.4 43.33481 14
111.5 43.38249 14
111.6 43.43027 14
111.7 43.47808 14
111.8 43.62725 14
111.9 43.65238 14
112.0 43.69547 14
112.1 43.75305 14
112.2 43.82797 14
112.3 43.92741 14
112.4 44.06001 14
112.5 44.20949 14
112.6 44.45754 14
112.7 44.50000 14
112.8 44.50000 14
112.9 44.50000 14
113.0 44.50000 14
113.1 44.50000 14
113.2 44.50000 14
113.3 44.50000 14
113.4 44.50000 14
113.5 44.50000 14
113.6 44.50000 14
113.7 44.50000 14
113.8 44.50000 14
113.9 44.50000 14
114.0 44.50000 14
114.1 44.50000 14
114.2 44.50000 14
114.3 44.50000 14
114.4 44.50000 14
114.5 44.50000 14
114.6 44.50000 14
114.7 44.50000 14
114.8 44.50000 14
114.9 44.50000 14
115.0 44.50000 14
115.1 44.50000 14
115.2 44.50000 14
115.3 44.50000 14
115.4 44.50000 14
115.5 44.50000 14
115.6 44.50000 14
115.7 44.50000 14
115.8 44.50000 14
115.9 44.50000 14
116.0 44.50000 14
116.1 44.50000 14
116.2 44.50000 14
116.3 44.50000 14
116.4 44.50000 14
116.5 44.50000 14
116.6 44.50000 14
116.7 44.50000 14
116.8 44.50000 14
116.9 44.50000 14
117.0 44.50000 14
117.1 44.50000 14
117.2 44.50000 14
117.3 44.50000 14
117.4 44.50000 14
117.5 44.50000 14
117.6 44.50000 14
117.7 44.50000 14
117.8 44.50000 14
117.9 44.50000 14
118.0 44.50000 14
118.1 44.50000 14
118.2 44.50000 14
118.3 44.50000 14
118.4 44.50000 14
118.5 44.50000 14
118.6 44.50000 14
118.7 44.50000 14
118.8 44.50000 14
118.9 44.50000 14
119.0 44.50000 14
119.1 44.50000 14
119.2 44.50000 14
119.3 44.50000 14
119.4 44.50000 14
119.5 44.50000 14
119.6 44.50000 14
119.7 44.50000 14
119.8 44.50000 14
119.9 44.50000 14
120.0 44.50000 14
120.1 44.50000 14
120.2 44.50000 14
120.3 44.50000 14
120.4 44.50000 14
120.5 44.50000 14
120.6 44.50000 14
120.7 44.50000 14
120.8 44.50000 14
120.9 44.50000 14
121.0 44.50000 14
121.1 44.50000 14
121.2 44.50000 14
121.3 44.50000 14
121.4 44.50000 14
121.5 44.50000 14
121.6 44.50000 14
121.7 44.50000 14
121.8 44.50000 14
121.9 44.50000 14
122.0 44.50000 14
122.1 44.50000 14
122.2 44.50000 14
122.3 44.50000 14
122.4 44.50000 14
122.5 44.50000 14
122.6 44.50000 14
122.7 44.50000 14
122.8 44.50000 14
122.9 44.50000 14
123.0 44.50000 14
123.1 44.50000 14
123.2 44.50000 14
123.3 44.50000 14
123.4 44.50000 14
123.5 44.50000 14
123.6 44.50000 14
123.7 44.50000 14
123.8 44.50000 14
123.9 44.50000 14
124.0 44.50000 14
124.1 44.50000 14
124.2 44.50000 14
124.3 44.50000 14
124.4 44.50000 14
124.5 44.50000 14
124.6 44.50000 14
124.7 44.50000 14
124.8 44.50000 14
124.9 44.50000 14
125.0 44.50000 14
125.1 44.50000 14
125.2 44.50000 14
125.3 44.50000 14
125.4 44.50000 14
125.5 44.50000 14
125.6 44.50000 14
125.7 44.50000 14
125.8 44.50000 14
125.9 44.50000 14
126.0 44.50000 14
126.1 44.50000 14
126.2 44.50000 14
126.3 44.50000 14
126.4 44.50000 14
126.5 44.50000 14
126.6 44.50000 14
126.7 44.50000 14
126.8 44.50000 14
126.9 44.50000 14
127.0 44.50000 14
127.1 44.50000 14
127.2 44.50000 14
127.3 44.50000 14
127.4 44.50000 14
127.5 44.50000 14
127.6 44.50000 14
127.7 44.50000 14
127.8 44.50000 14
127.9 44.50000 14
128.0 44.50000 14
128.1 44.50000 14
128.2 44.50000 14
128.3 44.50000 14
128.4 44.50000 14
128.5 44.50000 14
128.6 44.50000 14
128.7 44.50000 14
128.8 44.50000 14
128.9 44.50000 14
129.0 44.50000 14
129.1 44.50000 14
129.2 44.50000 14
129.3 44.50000 14
129.4 44.50000 14
129.5 44.50000 14
129.6 44.50000 14
129.7 44.50000 14
129.8 44.50000 14
129.9 44.50000 14
130.0 44.50000 14
130.1 44.50000 14
130.2 44.50000 14
130.3 44.50000 14
130.4 44.50000 14
130.5 44.50000 14
130.6 44.50000 14
130.7 44.50000 14
130.8 44.50000 14
130.9 44.50000 14
131.0 44.50000 14
131.1 44.50000 14
131.2 44.50000 14
131.3 44.50000 14
131.4 44.50000 14
131.5 44.50000 14
131.6 44.50000 14
131.7 44.50000 14
131.8 44.50000 14
131.9 44.50000 14
132.0 44.50000 14
132.1 44.50000 14
132.2 44.50000 14
132.3 44.50000 14
132.4 44.50000 14
132.5 44.50000 14
132.6 44.50000 14
132.7 44.50000 14
132.8 44.50000 14
132.9 44.50000 14
133.0 44.50000 14
133.1 44.50000 14
133.2 44.50000 14
133.3 44.50000 14
133.4 44.50000 14
133.5 44.50000 14
133.6 44.50000 14
133.7 44.50000 14
133.8 44.50000 14
133.9 44.50000 14
134.0 44.50000 14
134.1 44.50000 14
134.2 44.50000 14
134.3 44.50000 14
134.4 44.50000 14
134.5 44.50000 14
134.6 44.50000 14
134.7 44.50000 14
134.8 44.50000 14
134.9 44.50000 14
135.0 44.50000 14
135.1 44.50000 14
135.2 44.50000 14
135.3 44.50000 14
135.4 44.50000 14
135.5 44.50000 14
135.6 44.50000 14
135.7 44.50000 14
135.8 44.50000 14
135.9 44.50000 14
136.0 44.50000 14
136.1 44.50000 14
136.2 44.50000 14
136.3 44.50000 14
136.4 44.50000 14
136.5 44.50000 14
136.6 44.50000 14
136.7 44.50000 14
136.8 44.50000 14
136.9 44.50000 14
137.0 44.50000 14
137.1 44.50000 14
137.2 44.50000 14
137.3 44.50000 14
137.4 44.50000 14
137.5 44.50000 14
137.6 44.50000 14
137.7 44.50000 14
137.8 44.50000 14
137.9 44.50000 14
138.0 44.50000 14
138.1 44.50000 14
138.2 44.50000 14
138.3 44.50000 14
138.4 44.50000 14
138.5 44.50000 14
138.6 44.50000 14
138.7 44.50000 14
138.8 44.50000 14
138.9 44.50000 14
139.0 44.50000 14
139.1 44.50000 14
139.2 44.50000 14
139.3 44.50000 14
139.4 44.50000 14
139.5 44.50000 14
139.6 44.50000 14
139.7 44.50000 14
139.8 44.50000 14
139.9 44.50000 14
140.0 44.50000 14
140.1 44.50000 14
140.2 44.50000 14
140.3 44.50000 14
140.4 44.50000 14
140.5 44.50000 14
140.6 44.50000 14
140.7 44.50000 14
140.8 44.50000 14
140.9 44.50000 14
141.0 44.50000 14
141.1 44.50000 14
141.2 44.50000 14
141.3 44.50000 14
141.4 44.50000 14
141.5 44.50000 14
141.6 44.50000 14
141.7 44.50000 14
141.8 44.50000 14
141.9 44.50000 14
142.0 44.50000 14
142.1 44.50000 14
142.2 44.50000 14
142.3 44.50000 14
142.4 44.50000 14
142.5 44.50000 14
142.6 44.50000 14
142.7 44.50000 14
142.8 44.50000 14
142.9 44.50000 14
143.0 44.50000 14
143.1 44.50000 14
143.2 44.50000 14
143.3 44.50000 14
143.4 44.50000 14
143.5 44.50000 14
143.6 44.50000 14
143.7 44.50000 14
143.8 44.50000 14
143.9 44.50000 14
144.0 44.50000 14
144.1 44.50000 14
144.2 44.50000 14
144.3 44.50000 14
144.4 44.50000 14
144.5 44.50000 14
144.6 44.50000 14
144.7 44.50000 14
144.8 44.50000 14
144.9 44.50000 14
145.0 44.50000 14
145.1 44.50000 14
145.2 44.50000 14
145.3 44.50000 14
145.4 44.50000 14
145.5 44.50000 14
145.6 44.50000 14
145.7 44.50000 14
145.8 44.50000 14
145.9 44.50000 14
146.0 44.50000 14
146.1 44.50000 14
146.2 44.50000 14
146.3 44.50000 14
146.4 44.50000 14
146.5 44.50000 14
146.6 44.50000 14
146.7 44.50000 14
146.8 44.50000 14
146.9 44.50000 14
147.0 44.50000 14
147.1 44.50000 14
147.2 44.50000 14
147.3 44.50000 14
147.4 44.50000 14
147.5 44.50000 14
147.6 44.50000 14
147.7 44.50000 14
147.8 44.50000 14
147.9 44.50000 14
148.0 44.50000 14
148.1 44.50000 14
148.2 44.50000 14
148.3 44.50000 14
148.4 44.50000 14
148.5 44.50000 14
148.6 44.50000 14
148.7 44.50000 14
148.8 44.50000 14
148.9 44.50000 14
149.0 44.50000 14
149.1 44.50000 14
149.2 44.50000 14
149.3 44.50000 14
149.4 44.50000 14
149.5 44.50000 14
149.6 44.50000 14
149.7 44.50000 14
149.8 44.50000 14
149.9 44.50000 14
150.0 44.50000 14
150.1 44.50000 14
150.2 44.50000 14
150.3 44.50000 14
150.4 44.50000 14
150.5 44.50000 14
150.6 44.50000 14
150.7 44.50000 14
150.8 44.50000 14
150.9 44.50000 14
151.0 44.50000 14
151.1 44.50000 14
151.2 44.50000 14
151.3 44.50000 14
151.4 44.50000 14
151.5 44.50000 14
151.6 44.50000 14
151.7 44.50000 14
151.8 44.50000 14
151.9 44.50000 14
152.0 44.50000 14
152.1 44.50000 14
152.2 44.50000 14
152.3 44.50000 14
152.4 44.50000 14
152.5 44.50000 14
152.6 44.50000 14
152.7 44.50000 14
152.8 44.50000 14
152.9 44.50000 14
153.0 44.50000 14
153.1 44.50000 14
153.2 44.50000 14
153.3 44.50000 14
153.4 44.50000 14
153.5 44.50000 14
153.6 44.50000 14
153.7 44.50000 14
153.8 44.50000 14
153.9 44.50000 14
154.0 44.50000 14
154.1 44.50000 14
154.2 44.50000 14
154.3 44.50000 14
154.4 44.50000 14
154.5 44.50000 14
154.6 44.50000 14
154.7 44.50000 14
154.8 44.50000 14
154.9 44.50000 14
155.0 44.50000 14
155.1 44.50000 14
155.2 44.50000 14
155.3 44.50000 14
155.4 44.50000 14
155.5 44.50000 14
155.6 44.50000 14
155.7 44.50000 14
155.8 44.50000 14
155.9 44.50000 14
156.0 44.50000 14
156.1 44.50000 14
156.2 44.50000 14
156.3 44.50000 14
156.4 44.50000 14
156.5 44.50000 14
156.6 44.50000 14
156.7 44.50000 14
156.8 44.50000 14
156.9 44.50000 14
157.0 44.50000 14
157.1 44.50000 14
157.2 44.50000 14
157.3 44.50000 14
157.4 44.50000 14
157.5 44.50000 14
157.6 44.50000 14
157.7 44.50000 14
157.8 44.50000 14
157.9 44.50000 14
158.0 44.50000 14
158.1 44.50000 14
158.2 44.50000 14
158.3 44.50000 14
158.4 44.50000 14
158.5 44.50000 14
158.6 44.50000 14
158.7 44.50000 14
158.8 44.50000 14
158.9 44.50000 14
159.0 44.50000 14
159.1 44.50000 14
159.2 44.50000 14
159.3 44.50000 14
159.4 44.50000 14
159.5 44.50000 14
159.6 44.50000 14
159.7 44.50000 14
159.8 44.50000 14
159.9 44.50000 14
160.0 44.50000 14
160.1 44.50000 14
160.2 44.50000 14
160.3 44.50000 14
160.4 44.50000 14
160.5 44.50000 14
160.6 44.50000 14
160.7 44.50000 14
160.8 44.50000 14
160.9 44.50000 14
161.0 44.50000 14
161.1 44.50000 14
161.2 44.50000 14
161.3 44.50000 14
161.4 44.50000 14
161.5 44.50000 14
161.6 44.50000 14
161.7 44.50000 14
161.8 44.50000 14
161.9 44.50000 14
162.0 44.50000 14
162.1 44.50000 14
162.2 44.50000 14
162.3 44.50000 14
162.4 44.50000 14
162.5 44.50000 14
162.6 44.50000 14
162.7 44.50000 14
162.8 44.50000 14
162.9 44.50000 14
163.0 44.50000 14
163.1 44.50000 14
163.2 44.50000 14
163.3 44.50000 14
163.4 44.50000 14
163.5 44.50000 14
163.6 44.50000 14
163.7 44.50000 14
163.8 44.50000 14
163.9 44.50000 14
164.0 44.50000 14
164.1 44.50000 14
164.2 44.50000 14
164.3 44.50000 14
164.4 44.50000 14
164.5 44.50000 14
164.6 44.50000 14
164.7 44.50000 14
164.8 44.50000 14
164.9 44.50000 14
165.0 44.50000 14
165.1 44.50000 14
165.2 44.50000 14
165.3 44.50000 14
165.4 44.50000 14
165.5 44.50000 14
165.6 44.50000 14
165.7 44.50000 14
165.8 44.50000 14
165.9 44.50000 14
166.0 44.50000 14
166.1 44.50000 14
166.2 44.50000 14
166.3 44.50000 14
166.4 44.50000 14
166.5 44.50000 14
166.6 44.50000 14
166.7 44.50000 14
166.8 44.50000 14
166.9 44.50000 14
167.0 44.50000 14
167.1 44.50000 14
167.2 44.50000 14
167.3 44.50000 14
167.4 44.50000 14
167.5 44.50000 14
167.6 44.50000 14
167.7 44.50000 14
167.8 44.50000 14
167.9 44.50000 14
168.0 44.50000 14
168.1 44.50000 14
168.2 44.50000 14
168.3 44.50000 14
168.4 44.50000 14
168.5 44.50000 14
168.6 44.50000 14
168.7 44.50000 14
168.8 44.50000 14
168.9 44.50000 14
169.0 44.50000 14
169.1 44.50000 14
169.2 44.50000 14
169.3 44.50000 14
169.4 44.50000 14
169.5 44.50000 14
169.6 44.50000 14
169.7 44.50000 14
169.8 44.50000 14
169.9 44.50000 14
170.0 44.50000 14
170.1 44.50000 14
170.2 44.50000 14
170.3 44.50000 14
170.4 44.50000 14
170.5 44.50000 14
170.6 44.50000 14
170.7 44.50000 14
170.8 44.50000 14
170.9 44.50000 14
171.0 44.50000 14
171.1 44.50000 14
171.2 44.50000 14
171.3 44.50000 14
171.4 44.50000 14
171.5 44.50000 14
171.6 44.50000 14
171.7 44.50000 14
171.8 44.50000 14
171.9 44.50000 14
172.0 44.50000 14
172.1 44.50000 14
172.2 44.50000 14
172.3 44.50000 14
172.4 44.50000 14
172.5 44.50000 14
172.6 44.50000 14
172.7 44.50000 14
172.8 44.50000 14
172.9 44.50000 14
173.0 44.50000 14
173.1 44.50000 14
173.2 44.50000 14
173.3 44.50000 14
173.4 44.50000 14
173.5 44.50000 14
173.6 44.50000 14
173.7 44.50000 14
173.8 44.50000 14
173.9 44.50000 14
174.0 44.50000 14
174.1 44.50000 14
174.2 44.50000 14
174.3 44.50000 14
174.4 44.50000 14
174.5 44.50000 14
174.6 44.50000 14
174.7 44.50000 14
174.8 44.50000 14
174.9 44.50000 14
175.0 44.50000 14
175.1 44.50000 14
175.2 44.50000 14
175.3 44.50000 14
175.4 44.50000 14
175.5 44.50000 14
175.6 44.50000 14
175.7 44.50000 14
175.8 44.50000 14
175.9 44.50000 14
176.0 44.50000 14
176.1 44.50000 14
176.2 44.50000 14
176.3 44.50000 14
176.4 44.50000 14
176.5 44.50000 14
176.6 44.50000 14
176.7 44.50000 14
176.8 44.50000 14
176.9 44.50000 14
177.0 44.50000 14
177.1 44.50000 14
177.2 44.50000 14
177.3 44.50000 14
177.4 44.50000 14
177.5 44.50000 14
177.6 44.50000 14
177.7 44.50000 14
177.8 44.50000 14
177.9 44.50000 14
178.0 44.50000 14
178.1 44.50000 14
178.2 44.50000 14
178.3 44.50000 14
178.4 44.50000 14
178.5 44.50000 14
178.6 44.50000 14
178.7 44.50000 14
178.8 44.50000 14
178.9 44.50000 14
179.0 44.50000 14
179.1 44.50000 14
179.2 44.50000 14
179.3 44.50000 14
179.4 44.50000 14
179.5 44.50000 14
179.6 44.50000 14
179.7 44.50000 14
179.8 44.50000 14
179.9 44.50000 14
180.0 44.50000 14
180.1 44.50000 14
180.2 44.50000 14
180.3 44.50000 14
180.4 44.50000 14
180.5 44.50000 14
180.6 44.50000 14
180.7 44.50000 14
180.8 44.50000 14
180.9 44.50000 14
181.0 44.50000 14
181.1 44.50000 14
181.2 44.50000 14
181.3 44.50000 14
181.4 44.50000 14
181.5 44.50000 14
181.6 44.50000 14
181.7 44.50000 14
181.8 44.50000 14
181.9 44.50000 14
182.0 44.50000 14
182.1 44.50000 14
182.2 44.50000 14
182.3 44.50000 14
182.4 44.50000 14
182.5 44.50000 14
182.6 44.50000 14
182.7 44.50000 14
182.8 44.50000 14
182.9 44.50000 14
183.0 44.50000 14
183.1 44.50000 14
183.2 44.50000 14
183.3 44.50000 14
183.4 44.50000 14
183.5 44.50000 14
183.6 44.50000 14
183.7 44.50000 14
183.8 44.50000 14
183.9 44.50000 14
184.0 44.50000 14
184.1 44.50000 14
184.2 44.50000 14
184.3 44.50000 14
184.4 44.50000 14
184.5 44.50000 14
184.6 44.50000 14
184.7 44.50000 14
184.8 44.50000 14
184.9 44.50000 14
185.0 44.50000 14
185.1 44.50000 14
185.2 44.50000 14
185.3 44.50000 14
185.4 44.50000 14
185.5 44.50000 14
185.6 44.50000 14
185.7 44.50000 14
185.8 44.50000 14
185.9 44.50000 14
186.0 44.50000 14
186.1 44.50000 14
186.2 44.50000 14
186.3 44.50000 14
186.4 44.50000 14
186.5 44.50000 14
186.6 44.50000 14
186.7 44.50000 14
186.8 44.50000 14
186.9 44.50000 14
187.0 44.50000 14
187.1 44.50000 14
187.2 44.50000 14
187.3 44.50000 14
187.4 44.50000 14
187.5 44.50000 14
187.6 44.50000 14
187.7 44.50000 14
187.8 44.50000 14
187.9 44.50000 14
188.0 44.50000 14
188.1 44.50000 14
188.2 44.50000 14
188.3 44.50000 14
188.4 44.50000 14
188.5 44.50000 14
188.6 44.50000 14
188.7 44.50000 14
188.8 44.50000 14
188.9 44.50000 14
189.0 44.50000 14
189.1 44.50000 14
189.2 44.50000 14
189.3 44.50000 14
189.4 44.50000 14
189.5 44.50000 14
189.6 44.50000 14
189.7 44.50000 14
189.8 44.50000 14
189.9 44.50000 14
190.0 44.50000 14
190.1 44.50000 14
190.2 44.50000 14
190.3 44.50000 14
190.4 44.50000 14
190.5 44.50000 14
190.6 44.50000 14
190.7 44.50000 14
190.8 44.50000 14
190.9 44.50000 14
191.0 44.50000 14
191.1 44.50000 14
191.2 44.50000 14
191.3 44.50000 14
191.4 44.50000 14
191.5 44.50000 14
191.6 44.50000 14
191.7 44.50000 14
191.8 44.50000 14
191.9 44.50000 14
192.0 44.50000 14
192.1 44.50000 14
192.2 44.50000 14
192.3 44.50000 14
192.4 44.50000 14
192.5 44.50000 14
192.6 44.50000 14
192.7 44.50000 14
192.8 44.50000 14
192.9 44.50000 14
193.0 44.50000 14
193.1 44.50000 14
193.2 44.50000 14
193.3 44.50000 14
193.4 44.50000 14
193.5 44.50000 14
193.6 44.50000 14
193.7 44.50000 14
193.8 44.50000 14
193.9 44.50000 14
194.0 44.50000 14
194.1 44.50000 14
194.2 44.50000 14
194.3 44.50000 14
194.4 44.50000 14
194.5 44.50000 14
194.6 44.50000 14
194.7 44.50000 14
194.8 44.50000 14
194.9 44.50000 14
195.0 44.50000 14
195.1 44.50000 14
195.2 44.50000 14
195.3 44.50000 14
195.4 44.50000 14
195.5 44.50000 14
195.6 44.50000 14
195.7 44.50000 14
195.8 44.50000 14
195.9 44.50000 14
196.0 44.50000 14
196.1 44.50000 14
196.2 44.50000 14
196.3 44.50000 14
196.4 44.50000 14
196.5 44.50000 14
196.6 44.50000 14
196.7 44.50000 14
196.8 44.50000 14
196.9 44.50000 14
197.0 44.50000 14
197.1 44.50000 14
197.2 44.50000 14
197.3 44.50000 14
197.4 44.50000 14
197.5 44.50000 14
197.6 44.50000 14
197.7 44.50000 14
197.8 44.50000 14
197.9 44.50000 14
198.0 44.50000 14
198.1 44.50000 14
198.2 44.50000 14
198.3 44.50000 14
198.4 44.50000 14
198.5 44.50000 14
198.6 44.50000 14
198.7 44.50000 14
198.8 44.50000 14
198.9 44.50000 14
199.0 44.50000 14
199.1 44.50000 14
199.2 44.50000 14
199.3 44.50000 14
199.4 44.50000 14
199.5 44.50000 14
199.6 44.50000 14
199.7 44.50000 14
199.8 44.50000 14
199.9 44.50000 14
200.0 44.50000 14
200.1 44.50000 14
200.2 44.50000 14
200.3 44.50000 14
200.4 44.50000 14
200.5 44.50000 14
200.6 44.50000 14
200.7 44.50000 14
200.8 44.50000 14
200.9 44.50000 14
201.0 44.50000 14
201.1 44.50000 14
201.2 44.50000 14
201.3 44.50000 14
201.4 44.50000 14
201.5 44.50000 14
201.6 44.50000 14
201.7 44.50000 14
201.8 44.50000 14
201.9 44.50000 14
202.0 44.50000 14
202.1 44.50000 14
202.2 44.50000 14
202.3 44.50000 14
202.4 44.50000 14
202.5 44.50000 14
202.6 44.50000 14
202.7 44.50000 14
202.8 44.50000 14
202.9 44.50000 14
203.0 44.50000 14
203.1 44.50000 14
203.2 44.50000 14
203.3 44.50000 14
203.4 44.50000 14
203.5 44.50000 14
203.6 44.50000 14
203.7 44.50000 14
203.8 44.50000 14
203.9 44.50000 14
204.0 44.50000 14
204.1 44.50000 14
204.2 44.50000 14
204.3 44.50000 14
204.4 44.50000 14
204.5 44.50000 14
204.6 44.50000 14
204.7 44.50000 14
204.8 44.50000 14
204.9 44.50000 14
205.0 44.50000 14
205.1 44.50000 14
205.2 44.50000 14
205.3 44.50000 14
205.4 44.50000 14
205.5 44.50000 14
205.6 44.50000 14
205.7 44.50000 14
205.8 44.50000 14
205.9 44.50000 14
206.0 44.50000 14
206.1 44.50000 14
206.2 44.50000 14
206.3 44.50000 14
206.4 44.50000 14
206.5 44.50000 14
206.6 44.50000 14
206.7 44.50000 14
206.8 44.50000 14
206.9 44.50000 14
207.0 44.50000 14
207.1 44.50000 14
207.2 44.50000 14
207.3 44.50000 14
207.4 44.50000 14
207.5 44.50000 14
207.6 44.50000 14
207.7 44.50000 14
207.8 44.50000 14
207.9 44.50000 14
208.0 44.50000 14
208.1 44.50000 14
208.2 44.50000 14
208.3 44.50000 14
208.4 44.50000 14
208.5 44.50000 14
208.6 44.50000 14
208.7 44.50000 14
208.8 44.50000 14
208.9 44.50000 14
209.0 44.50000 14
209.1 44.50000 14
209.2 44.50000 14
209.3 44.50000 14
209.4 44.50000 14
209.5 44.50000 14
209.6 44.50000 14
209.7 44.50000 14
209.8 44.50000 14
209.9 44.50000 14
210.0 44.50000 14
210.1 44.50000 14
210.2 44.50000 14
210.3 44.50000 14
210.4 44.50000 14
210.5 44.50000 14
210.6 44.50000 14
210.7 44.50000 14
210.8 44.50000 14
210.9 44.50000 14
211.0 44.50000 14
211.1 44.50000 14
211.2 44.50000 14
211.3 44.50000 14
211.4 44.50000 14
211.5 44.50000 14
211.6 44.50000 14
211.7 44.50000 14
211.8 44.50000 14
211.9 44.50000 14
212.0 44.50000 14
212.1 44.50000 14
212.2 44.50000 14
212.3 44.50000 14
212.4 44.50000 14
212.5 44.50000 14
212.6 44.50000 14
212.7 44.50000 14
212.8 44.50000 14
212.9 44.50000 14
213.0 44.50000 14
213.1 44.50000 14
213.2 44.50000 14
213.3 44.50000 14
213.4 44.50000 14
213.5 44.50000 14
213.6 44.50000 14
213.7 44.50000 14
213.8 44.50000 14
213.9 44.50000 14
214.0 44.50000 14
214.1 44.50000 14
214.2 44.50000 14
214.3 44.50000 14
214.4 44.50000 14
214.5 44.50000 14
214.6 44.50000 14
214.7 44.50000 14
214.8 44.50000 14
214.9 44.50000 14
215.0 44.50000 14
215.1 44.50000 14
215.2 44.50000 14
215.3 44.50000 14
215.4 44.50000 14
215.5 44.50000 14
215.6 44.50000 14
215.7 44.50000 14
215.8 44.50000 14
215.9 44.50000 14
216.0 44.50000 14
216.1 44.50000 14
216.2 44.50000 14
216.3 44.50000 14
216.4 44.50000 14
216.5 44.50000 14
216.6 44.50000 14
216.7 44.50000 14
216.8 44.50000 14
216.9 44.50000 14
217.0 44.50000 14
217.1 44.50000 14
217.2 44.50000 14
217.3 44.50000 14
217.4 44.50000 14
217.5 44.50000 14
217.6 44.50000 14
217.7 44.50000 14
217.8 44.50000 14
217.9 44.50000 14
218.0 44.50000 14
218.1 44.50000 14
218.2 44.50000 14
218.3 44.50000 14
218.4 44.50000 14
218.5 44.50000 14
218.6 44.50000 14
218.7 44.50000 14
218.8 44.50000 14
218.9 44.50000 14
219.0 44.50000 14
219.1 44.50000 14
219.2 44.50000 14
219.3 44.50000 14
219.4 44.50000 14
219.5 44.50000 14
219.6 44.50000 14
219.7 44.50000 14
219.8 44.50000 14
219.9 44.50000 14
220.0 44.50000 14
220.1 44.50000 14
220.2 44.50000 14
220.3 44.50000 14
220.4 44.50000 14
220.5 44.50000 14
220.6 44.50000 14
220.7 44.50000 14
220.8 44.50000 14
220.9 44.50000 14
221.0 44.50000 14
221.1 44.50000 14
221.2 44.50000 14
221.3 44.50000 14
221.4 44.50000 14
221.5 44.50000 14
221.6 44.50000 14
221.7 44.50000 14
221.8 44.50000 14
221.9 44.50000 14
222.0 44.50000 14
222.1 44.50000 14
222.2 44.50000 14
222.3 44.50000 14
222.4 44.50000 14
222.5 44.50000 14
222.6 44.50000 14
222.7 44.50000 14
222.8 44.50000 14
222.9 44.50000 14
223.0 44.50000 14
223.1 44.50000 14
223.2 44.50000 14
223.3 44.50000 14
223.4 44.50000 14
223.5 44.50000 14
223.6 44.50000 14
223.7 44.50000 14
223.8 44.50000 14
223.9 44.50000 14
224.0 44.50000 14
224.1 44.50000 14
224.2 44.50000 14
224.3 44.50000 14
224.4 44.50000 14
224.5 44.50000 14
224.6 44.50000 14
224.7 44.50000 14
224.8 44.50000 14
224.9 44.50000 14
225.0 44.50000 14
225.1 44.50000 14
225.2 44.50000 14
225.3 44.50000 14
225.4 44.50000 14
225.5 44.50000 14
225.6 44.50000 14
225.7 44.50000 14
225.8 44.50000 14
225.9 44.50000 14
226.0 44.50000 14
226.1 44.50000 14
226.2 44.50000 14
226.3 44.50000 14
226.4 44.50000 14
226.5 44.50000 14
226.6 44.50000 14
226.7 44.50000 14
226.8 44.50000 14
226.9 44.50000 14
227.0 44.50000 14
227.1 44.50000 14
227.2 44.50000 14
227.3 44.50000 14
227.4 44.50000 14
227.5 44.50000 14
227.6 44.50000 14
227.7 44.50000 14
227.8 44.50000 14
227.9 44.50000 14
228.0 44.50000 14
228.1 44.50000 14
228.2 44.50000 14
228.3 44.50000 14
228.4 44.50000 14
228.5 44.50000 14
228.6 44.50000 14
228.7 44.50000 14
228.8 44.50000 14
228.9 44.50000 14
229.0 44.50000 14
229.1 44.50000 14
229.2 44.50000 14
229.3 44.50000 14
229.4 44.50000 14
229.5 44.50000 14
229.6 44.50000 14
229.7 44.50000 14
229.8 44.50000 14
229.9 44.50000 14
230.0 44.50000 14
230.1 44.50000 14
230.2 44.50000 14
230.3 44.50000 14
230.4 44.50000 14
230.5 44.50000 14
230.6 44.50000 14
230.7 44.50000 14
230.8 44.50000 14
230.9 44.50000 14
231.0 44.50000 14
231.1 44.50000 14
231.2 44.50000 14
231.3 44.50000 14
231.4 44.50000 14
231.5 44.50000 14
231.6 44.50000 14
231.7 44.50000 14
231.8 44.50000 14
231.9 44.50000 14
232.0 44.50000 14
232.1 44.50000 14
232.2 44.50000 14
232.3 44.50000 14
232.4 44.50000 14
232.5 44.50000 14
232.6 44.50000 14
232.7 44.50000 14
232.8 44.50000 14
232.9 44.50000 14
233.0 44.50000 14
233.1 44.50000 14
233.2 44.50000 14
233.3 44.50000 14
233.4 44.50000 14
233.5 44.50000 14
233.6 44.50000 14
233.7 44.50000 14
233.8 44.50000 14
233.9 44.50000 14
234.0 44.50000 14
234.1 44.50000 14
234.2 44.50000 14
234.3 44.50000 14
234.4 44.50000 14
234.5 44.50000 14
234.6 44.50000 14
234.7 44.50000 14
234.8 44.50000 14
234.9 44.50000 14
235.0 44.50000 14
235.1 44.50000 14
235.2 44.50000 14
235.3 44.50000 14
235.4 44.50000 14
235.5 44.50000 14
235.6 44.50000 14
235.7 44.50000 14
235.8 44.50000 14
235.9 44.50000 14
236.0 44.50000 14
236.1 44.50000 14
236.2 44.50000 14
236.3 44.50000 14
236.4 44.50000 14
236.5 44.50000 14
236.6 44.50000 14
236.7 44.50000 14
236.8 44.50000 14
236.9 44.50000 14
237.0 44.50000 14
237.1 44.50000 14
237.2 44.50000 14
237.3 44.50000 14
237.4 44.50000 14
237.5 44.50000 14
237.6 44.50000 14
237.7 44.50000 14
237.8 44.50000 14
237.9 44.50000 14
238.0 44.50000 14
238.1 44.50000 14
238.2 44.50000 14
238.3 44.50000 14
238.4 44.50000 14
238.5 44.50000 14
238.6 44.50000 14
238.7 44.50000 14
238.8 44.50000 14
238.9 44.50000 14
239.0 44.50000 14
239.1 44.50000 14
239.2 44.50000 14
239.3 44.50000 14
239.4 44.50000 14
239.5 44.50000 14
239.6 44.50000 14
239.7 44.50000 14
239.8 44.50000 14
239.9 44.50000 14
240.0 44.50000 14
240.1 44.50000 14
240.2 44.50000 14
240.3 44.50000 14
240.4 44.50000 14
240.5 44.50000 14
240.6 44.50000 14
240.7 44.50000 14
240.8 44.50000 14
240.9 44.50000 14
241.0 44.50000 14
241.1 44.50000 14
241.2 44.50000 14
241.3 44.50000 14
241.4 44.50000 14
241.5 44.50000 14
241.6 44.50000 14
241.7 44.50000 14
241.8 44.50000 14
241.9 44.50000 14
242.0 44.50000 14
242.1 44.50000 14
242.2 44.50000 14
242.3 44.50000 14
242.4 44.50000 14
242.5 44.50000 14
242.6 44.50000 14
242.7 44.50000 14
242.8 44.50000 14
242.9 44.50000 14
243.0 44.50000 14
243.1 44.50000 14
243.2 44.50000 14
243.3 44.50000 14
243.4 44.50000 14
243.5 44.50000 14
243.6 44.50000 14
243.7 44.50000 14
243.8 44.50000 14
243.9 44.50000 14
244.0 44.50000 14
244.1 44.50000 14
244.2 44.50000 14
244.3 44.50000 14
244.4 44.50000 14
244.5 44.50000 14
244.6 44.50000 14
244.7 44.50000 14
244.8 44.50000 14
244.9 44.50000 14
245.0 44.50000 14
245.1 44.50000 14
245.2 44.50000 14
245.3 44.50000 14
245.4 44.50000 14
245.5 44.50000 14
245.6 44.50000 14
245.7 44.50000 14
245.8 44.50000 14
245.9 44.50000 14
246.0 44.50000 14
246.1 44.50000 14
246.2 44.50000 14
246.3 44.50000 14
246.4 44.50000 14
246.5 44.50000 14
246.6 44.50000 14
246.7 44.50000 14
246.8 44.50000 14
246.9 44.50000 14
247.0 44.50000 14
247.1 44.50000 14
247.2 44.50000 14
247.3 44.50000 14
247.4 44.50000 14
247.5 44.50000 14
247.6 44.50000 14
247.7 44.50000 14
247.8 44.50000 14
247.9 44.50000 14
248.0 44.50000 14
248.1 44.50000 14
248.2 44.50000 14
248.3 44.50000 14
248.4 44.50000 14
248.5 44.50000 14
248.6 44.50000 14
248.7 44.50000 14
248.8 44.50000 14
248.9 44.50000 14
249.0 44.50000 14
249.1 44.50000 14
249.2 44.50000 14
249.3 44.50000 14
249.4 44.50000 14
249.5 44.50000 14
249.6 44.50000 14
249.7 44.50000 14
249.8 44.50000 14
249.9 44.50000 14
250.0 44.50000 14
