15.0 1.34349 13
15.1 1.35042 13
15.2 1.35738 13
15.3 1.36439 13
15.4 1.37143 13
15.5 1.37825 13
15.6 1.38537 13
15.7 1.39225 13
15.8 1.39915 13
15.9 1.40608 13
16.0 1.41305 13
16.1 1.42004 13
16.2 1.42707 13
16.3 1.43413 13
16.4 1.44122 13
16.5 1.44798 13
16.6 1.45514 13
16.7 1.46194 13
16.8 1.46916 13
16.9 1.47601 13
17.0 1.48287 13
17.1 1.49020 13
17.2 1.49712 13
17.3 1.50406 13
17.4 1.51103 13
17.5 1.51801 13
17.6 1.52453 13
17.7 1.53156 13
17.8 1.53862 13
17.9 1.54570 13
18.0 1.55226 13
18.1 1.55939 13
18.2 1.56598 13
18.3 1.57315 13
18.4 1.57976 13
18.5 1.58698 13
18.6 1.59361 13
18.7 1.60025 13
18.8 1.60755 13
18.9 1.61421 13
19.0 1.62089 13
19.1 1.62757 13
19.2 1.63426 13
19.3 1.64096 13
19.4 1.64840 13
19.5 1.65513 13
19.6 1.66187 13
19.7 1.66862 13
19.8 1.67539 13
19.9 1.68216 13
20.0 1.68814 13
20.1 1.69492 13
20.2 1.70171 13
20.3 1.70851 13
20.4 1.71533 13
20.5 1.72216 13
20.6 1.72810 13
20.7 1.73494 13
20.8 1.74179 13
20.9 1.74866 13
21.0 1.75459 13
21.1 1.76147 13
21.2 1.76836 13
21.3 1.77427 13
21.4 1.78117 13
21.5 1.78809 13
21.6 1.79399 13
21.7 1.80092 13
21.8 1.80680 13
21.9 1.81375 13
22.0 1.81961 13
22.1 1.82658 13
22.2 1.83243 13
22.3 1.83941 13
22.4 1.84524 13
22.5 1.85224 13
22.6 1.85806 13
22.7 1.86508 13
22.8 1.87089 13
22.9 1.87792 13
23.0 1.88372 13
23.1 1.89086 13
23.2 1.89949 13
23.3 1.90813 13
23.4 1.91878 13
23.5 1.92749 13
23.6 1.93828 13
23.7 1.94706 13
23.8 1.95586 13
23.9 1.96684 13
24.0 1.97571 13
24.1 1.98460 13
24.2 1.99577 13
24.3 20.74486 14
24.4 20.80995 14
24.5 20.87485 14
24.6 20.95682 14
24.7 21.02155 14
24.8 21.08610 14
24.9 21.16827 14
25.0 21.23264 14
25.1 21.29683 14
25.2 21.36085 14
25.3 21.44320 14
25.4 21.50703 14
25.5 21.57070 14
25.6 21.63419 14
25.7 21.69751 14
25.8 21.78006 14
25.9 21.84321 14
26.0 21.90619 14
26.1 21.96901 14
26.2 22.03165 14
26.3 22.11444 14
26.4 22.17692 14
26.5 22.23923 14
26.6 22.30138 14
26.7 22.36337 14
26.8 22.44642 14
26.9 22.50825 14
27.0 22.56992 14
27.1 22.63142 14
27.2 22.69276 14
27.3 22.75394 14
27.4 22.81496 14
27.5 22.89834 14
27.6 22.95922 14
27.7 23.01993 14
27.8 23.08049 14
27.9 23.14089 14
28.0 23.20113 14
28.1 23.26122 14
28.2 23.32114 14
28.3 23.40491 14
28.4 23.46470 14
28.5 23.52434 14
28.6 23.58382 14
28.7 5.73072 14
28.8 5.84102 14
28.9 5.95186 14
29.0 6.06322 14
29.1 6.17511 14
29.2 6.28752 14
29.3 6.45068 14
29.4 6.56482 14
29.5 6.67947 14
29.6 6.79463 14
29.7 6.91029 14
29.8 7.02645 14
29.9 7.14310 14
30.0 7.26025 14
30.1 7.37787 14
30.2 7.49598 14
30.3 7.61457 14
30.4 7.73363 14
30.5 7.85316 14
30.6 7.97315 14
30.7 8.15456 14
30.8 8.27624 14
30.9 8.39838 14
31.0 8.52097 14
31.1 8.64401 14
31.2 8.76750 14
31.3 8.89142 14
31.4 9.01579 14
31.5 9.14058 14
31.6 9.26580 14
31.7 9.39145 14
31.8 9.51752 14
31.9 9.64401 14
32.0 9.77091 14
32.1 9.89821 14
32.2 10.02593 14
32.3 10.15404 14
32.4 10.28256 14
32.5 10.41147 14
32.6 10.54077 14
32.7 10.67046 14
32.8 10.80053 14
32.9 10.93098 14
33.0 11.06181 14
33.1 11.19301 14
33.2 11.32458 14
33.3 11.45652 14
33.4 11.58881 14
33.5 11.72147 14
33.6 11.85449 14
33.7 11.98785 14
33.8 12.12157 14
33.9 12.34423 14
34.0 12.47955 14
34.1 12.61522 14
34.2 12.75123 14
34.3 12.88757 14
34.4 13.02425 14
34.5 13.16125 14
34.6 13.29859 14
34.7 13.43625 14
34.8 13.57422 14
34.9 13.71252 14
35.0 13.85113 14
35.1 13.99005 14
35.2 14.12928 14
35.3 14.26881 14
35.4 14.40865 14
35.5 14.54879 14
35.6 14.68922 14
35.7 14.82994 14
35.8 14.97095 14
35.9 15.11226 14
36.0 15.25384 14
36.1 15.39571 14
36.2 15.53785 14
36.3 15.56841 14
36.4 15.71009 14
36.5 15.85203 14
36.6 15.99423 14
36.7 16.13670 14
36.8 16.27942 14
36.9 16.42240 14
37.0 16.56563 14
37.1 16.70911 14
37.2 16.85283 14
37.3 16.99681 14
37.4 17.14102 14
37.5 17.28547 14
37.6 17.43016 14
37.7 17.57508 14
37.8 17.72024 14
37.9 17.86562 14
38.0 18.01123 14
38.1 18.15707 14
38.2 18.30312 14
38.3 18.44940 14
38.4 18.59589 14
38.5 18.74260 14
38.6 18.88951 14
38.7 19.03664 14
38.8 19.18398 14
38.9 19.33152 14
39.0 19.47926 14
39.1 19.62720 14
39.2 19.77534 14
39.3 19.92367 14
39.4 20.07220 14
39.5 20.22092 14
39.6 20.36983 14
39.7 20.51893 14
39.8 20.66821 14
39.9 20.81767 14
40.0 20.96731 14
40.1 21.11713 14
40.2 21.26712 14
40.3 21.41729 14
40.4 21.56763 14
40.5 21.71814 14
40.6 21.86882 14
40.7 22.01966 14
40.8 22.17067 14
40.9 22.32183 14
41.0 22.47316 14
41.1 22.46107 14
41.2 22.61153 14
41.3 22.76214 14
41.4 22.91290 14
41.5 23.06380 14
41.6 23.21485 14
41.7 23.36604 14
41.8 23.51737 14
41.9 23.66884 14
42.0 23.82045 14
42.1 23.97219 14
42.2 24.12406 14
42.3 24.27607 14
42.4 24.42820 14
42.5 24.58046 14
42.6 24.73285 14
42.7 24.88537 14
42.8 25.03800 14
42.9 25.19076 14
43.0 25.34363 14
43.1 25.49662 14
43.2 25.64973 14
43.3 25.80295 14
43.4 25.95628 14
43.5 26.10973 14
43.6 26.26328 14
43.7 26.41694 14
43.8 26.57071 14
43.9 26.72458 14
44.0 26.87855 14
44.1 27.03262 14
44.2 26.98698 14
44.3 27.13999 14
44.4 27.29309 14
44.5 27.44629 14
44.6 27.59958 14
44.7 27.75295 14
44.8 27.90642 14
44.9 28.05996 14
45.0 28.21360 14
45.1 28.36731 14
45.2 28.52111 14
45.3 28.67499 14
45.4 28.82894 14
45.5 28.98297 14
45.6 29.13708 14
45.7 29.29126 14
45.8 29.44552 14
45.9 29.59985 14
46.0 29.75425 14
46.1 29.90871 14
46.2 30.06325 14
46.3 30.21785 14
46.4 30.37251 14
46.5 30.52724 14
46.6 30.68203 14
46.7 30.83688 14
46.8 30.99179 14
46.9 30.91412 14
47.0 31.06783 14
47.1 31.22160 14
47.2 31.37542 14
47.3 31.52929 14
47.4 31.68321 14
47.5 31.83718 14
47.6 31.99119 14
47.7 32.14525 14
47.8 32.29936 14
47.9 32.45351 14
48.0 32.60771 14
48.1 32.73775 14
48.2 32.77502 14
48.3 32.81220 14
48.4 32.84931 14
48.5 32.88634 14
48.6 32.92329 14
48.7 32.96016 14
48.8 32.99696 14
48.9 33.03368 14
49.0 33.07031 14
49.1 33.10688 14
49.2 33.14336 14
49.3 33.17977 14
49.4 33.21610 14
49.5 33.19017 14
49.6 33.22617 14
49.7 33.26210 14
49.8 33.29795 14
49.9 33.33373 14
50.0 33.36943 14
50.1 33.40505 14
50.2 33.44060 14
50.3 33.47608 14
50.4 33.51148 14
50.5 33.54681 14
50.6 33.58207 14
50.7 33.61725 14
50.8 33.65236 14
50.9 33.68739 14
51.0 33.72236 14
51.1 33.75725 14
51.2 33.79206 14
51.3 33.82681 14
51.4 33.86149 14
51.5 33.89609 14
51.6 33.93062 14
51.7 33.96508 14
51.8 33.99947 14
51.9 34.03379 14
52.0 34.00181 14
52.1 34.03581 14
52.2 34.06975 14
52.3 34.10361 14
52.4 34.13741 14
52.5 34.17114 14
52.6 34.20479 14
52.7 34.23838 14
52.8 34.27190 14
52.9 34.30536 14
53.0 34.33874 14
53.1 34.37206 14
53.2 34.40530 14
53.3 34.43848 14
53.4 34.47160 14
53.5 34.50464 14
53.6 34.53762 14
53.7 34.57054 14
53.8 34.60338 14
53.9 34.63616 14
54.0 34.66888 14
54.1 34.70153 14
54.2 34.73411 14
54.3 34.76662 14
54.4 34.79908 14
54.5 34.83146 14
54.6 34.79346 14
54.7 34.82555 14
54.8 34.85757 14
54.9 34.88953 14
55.0 34.92142 14
55.1 34.95326 14
55.2 34.98502 14
55.3 35.01673 14
55.4 35.04837 14
55.5 35.07995 14
55.6 35.11146 14
55.7 35.14292 14
55.8 35.17431 14
55.9 35.20564 14
56.0 35.23690 14
56.1 35.26811 14
56.2 35.29925 14
56.3 35.33033 14
56.4 35.36135 14
56.5 35.39231 14
56.6 35.42321 14
56.7 35.45405 14
56.8 35.48482 14
56.9 35.51554 14
57.0 35.54620 14
57.1 35.57679 14
57.2 35.53304 14
57.3 35.56335 14
57.4 35.59361 14
57.5 35.62380 14
57.6 35.65393 14
57.7 35.68401 14
57.8 35.71403 14
57.9 35.74398 14
58.0 35.77388 14
58.1 35.80373 14
58.2 35.83351 14
58.3 35.86324 14
58.4 35.89290 14
58.5 35.92252 14
58.6 35.95207 14
58.7 35.98157 14
58.8 36.01101 14
58.9 36.04039 14
59.0 36.06972 14
59.1 36.09899 14
59.2 36.12820 14
59.3 36.15736 14
59.4 36.18646 14
59.5 36.21550 14
59.6 36.24449 14
59.7 36.27343 14
59.8 36.30231 14
59.9 36.25287 14
60.0 36.28148 14
60.1 36.31003 14
60.2 36.33853 14
60.3 36.36698 14
60.4 36.39537 14
60.5 36.42371 14
60.6 36.45199 14
60.7 36.48022 14
60.8 36.50839 14
60.9 36.53652 14
61.0 36.56459 14
61.1 36.59260 14
61.2 36.62057 14
61.3 36.64848 14
61.4 36.67633 14
61.5 36.70414 14
61.6 36.73189 14
61.7 36.75959 14
61.8 36.78724 14
61.9 36.81484 14
62.0 36.84239 14
62.1 36.86988 14
62.2 36.89732 14
62.3 36.92471 14
62.4 36.95205 14
62.5 36.97934 14
62.6 37.00658 14
62.7 36.95152 14
62.8 36.97850 14
62.9 37.00543 14
63.0 37.03231 14
63.1 37.05914 14
63.2 37.08592 14
63.3 37.11265 14
63.4 37.13933 14
63.5 37.16597 14
63.6 37.19255 14
63.7 37.21908 14
63.8 37.24557 14
63.9 37.27200 14
64.0 37.29839 14
64.1 37.32473 14
64.2 37.35102 14
64.3 37.37726 14
64.4 37.40345 14
64.5 37.42960 14
64.6 37.45569 14
64.7 37.48174 14
64.8 37.50774 14
64.9 37.53370 14
65.0 37.55960 14
65.1 37.58546 14
65.2 37.61128 14
65.3 37.63704 14
65.4 37.66276 14
65.5 37.60237 14
65.6 37.62784 14
65.7 37.65327 14
65.8 37.67865 14
65.9 37.70398 14
66.0 37.72927 14
66.1 37.75452 14
66.2 37.77971 14
66.3 37.80487 14
66.4 37.82997 14
66.5 37.85503 14
66.6 37.88005 14
66.7 37.90502 14
66.8 37.92995 14
66.9 37.95483 14
67.0 37.97967 14
67.1 38.00446 14
67.2 38.02920 14
67.3 38.05391 14
67.4 38.07857 14
67.5 38.10318 14
67.6 38.12775 14
67.7 38.15228 14
67.8 38.17676 14
67.9 38.20120 14
68.0 38.22560 14
68.1 38.24995 14
68.2 38.27426 14
68.3 38.29853 14
68.4 38.32275 14
68.5 38.25692 14
68.6 38.28091 14
68.7 38.30486 14
68.8 38.32876 14
68.9 38.35263 14
69.0 38.37645 14
69.1 38.40023 14
69.2 38.42397 14
69.3 38.44766 14
69.4 38.47132 14
69.5 38.49493 14
69.6 38.51850 14
69.7 38.54203 14
69.8 38.56552 14
69.9 38.58897 14
70.0 38.61237 14
70.1 38.63574 14
70.2 38.65906 14
70.3 38.68234 14
70.4 38.70559 14
70.5 38.72879 14
70.6 38.75195 14
70.7 38.77507 14
70.8 38.79815 14
70.9 38.82119 14
71.0 38.84419 14
71.1 38.86716 14
71.2 38.89008 14
71.3 38.91296 14
71.4 38.93580 14
71.5 38.95860 14
71.6 38.98137 14
71.7 38.91003 14
71.8 38.93257 14
71.9 38.95507 14
72.0 38.97754 14
72.1 38.99997 14
72.2 39.02236 14
72.3 39.04471 14
72.4 39.06702 14
72.5 39.08929 14
72.6 39.11153 14
72.7 39.13372 14
72.8 39.15588 14
72.9 39.17800 14
73.0 39.20009 14
73.1 39.22213 14
73.2 39.24414 14
73.3 39.26611 14
73.4 39.28804 14
73.5 39.30994 14
73.6 39.33179 14
73.7 39.35362 14
73.8 39.37540 14
73.9 39.39715 14
74.0 39.41886 14
74.1 39.44053 14
74.2 39.46217 14
74.3 39.48377 14
74.4 39.50533 14
74.5 39.52686 14
74.6 39.54835 14
74.7 39.56980 14
74.8 39.59122 14
74.9 39.61260 14
75.0 39.53590 14
75.1 39.55708 14
75.2 39.57822 14
75.3 39.59932 14
75.4 39.62039 14
75.5 39.64142 14
75.6 39.66242 14
75.7 39.68338 14
75.8 39.70431 14
75.9 39.72520 14
76.0 39.74606 14
76.1 39.76688 14
76.2 39.78767 14
76.3 39.80842 14
76.4 39.82914 14
76.5 39.84983 14
76.6 39.87048 14
76.7 39.89109 14
76.8 39.91167 14
76.9 39.93222 14
77.0 39.95273 14
77.1 39.97321 14
77.2 39.99366 14
77.3 40.01407 14
77.4 40.03445 14
77.5 40.05479 14
77.6 40.07510 14
77.7 40.09538 14
77.8 40.11563 14
77.9 40.13584 14
78.0 40.15601 14
78.1 40.17616 14
78.2 40.19627 14
78.3 40.21635 14
78.4 40.23640 14
78.5 40.25641 14
78.6 40.17417 14
78.7 40.19399 14
78.8 40.21377 14
78.9 40.23352 14
79.0 40.25325 14
79.1 40.27293 14
79.2 40.29259 14
79.3 40.31221 14
79.4 40.33181 14
79.5 40.35137 14
79.6 40.37089 14
79.7 40.39039 14
79.8 40.40986 14
79.9 40.42929 14
80.0 40.44869 14
80.1 40.46806 14
80.2 40.48740 14
80.3 40.50671 14
80.4 40.52599 14
80.5 40.54523 14
80.6 40.56445 14
80.7 40.58363 14
80.8 40.60279 14
80.9 40.62191 14
81.0 40.64100 14
81.1 40.66006 14
81.2 40.67909 14
81.3 40.69809 14
81.4 40.71706 14
81.5 40.73600 14
81.6 40.75491 14
81.7 40.77379 14
81.8 40.79264 14
81.9 40.81146 14
82.0 40.83025 14
82.1 40.84901 14
82.2 40.86774 14
82.3 40.78015 14
82.4 40.79870 14
82.5 40.81721 14
82.6 40.83570 14
82.7 40.85416 14
82.8 40.87258 14
82.9 40.89098 14
83.0 40.90935 14
83.1 40.92769 14
83.2 40.94600 14
83.3 40.96428 14
83.4 40.98254 14
83.5 41.00076 14
83.6 41.01896 14
83.7 41.03712 14
83.8 41.05526 14
83.9 41.07337 14
84.0 41.09145 14
84.1 41.10951 14
84.2 41.12753 14
84.3 41.14553 14
84.4 41.16350 14
84.5 41.18144 14
84.6 41.19935 14
84.7 41.21723 14
84.8 41.23509 14
84.9 41.25292 14
85.0 41.27072 14
85.1 41.28849 14
85.2 41.30624 14
85.3 41.32395 14
85.4 41.34164 14
85.5 41.35931 14
85.6 41.37694 14
85.7 41.39455 14
85.8 41.41213 14
85.9 41.42968 14
86.0 41.44721 14
86.1 41.46471 14
86.2 41.48218 14
86.3 41.38916 14
86.4 41.40646 14
86.5 41.42373 14
86.6 41.44098 14
86.7 41.45820 14
86.8 41.47539 14
86.9 41.49256 14
87.0 41.50970 14
87.1 41.52681 14
87.2 41.54390 14
87.3 41.56096 14
87.4 41.57799 14
87.5 41.59500 14
87.6 41.61198 14
87.7 41.62894 14
87.8 41.64587 14
87.9 41.66278 14
88.0 41.67966 14
88.1 41.69651 14
88.2 41.71334 14
88.3 41.73014 14
88.4 41.74692 14
88.5 41.76367 14
88.6 41.78039 14
88.7 41.79709 14
88.8 41.81377 14
88.9 41.83042 14
89.0 41.84704 14
89.1 41.86364 14
89.2 41.88021 14
89.3 41.89676 14
89.4 41.91329 14
89.5 41.92979 14
89.6 41.94626 14
89.7 41.96271 14
89.8 41.97913 14
89.9 41.99553 14
90.0 42.01191 14
90.1 42.02826 14
90.2 42.04459 14
90.3 42.06089 14
90.4 42.07717 14
90.5 42.09342 14
90.6 41.99492 14
90.7 42.01101 14
90.8 42.02708 14
90.9 42.04312 14
91.0 42.05914 14
91.1 42.07514 14
91.2 42.09111 14
91.3 42.10705 14
91.4 42.12298 14
91.5 42.13888 14
91.6 42.15475 14
91.7 42.17060 14
91.8 42.18643 14
91.9 42.20224 14
92.0 42.21802 14
92.1 42.23378 14
92.2 42.24951 14
92.3 42.26523 14
92.4 42.28091 14
92.5 42.29658 14
92.6 42.31222 14
92.7 42.32784 14
92.8 42.34344 14
92.9 42.35901 14
93.0 42.37456 14
93.1 42.39009 14
93.2 42.40559 14
93.3 42.42107 14
93.4 42.43653 14
93.5 42.45197 14
93.6 42.46738 14
93.7 42.48277 14
93.8 42.49814 14
93.9 42.51349 14
94.0 42.52881 14
94.1 42.54411 14
94.2 42.55939 14
94.3 42.57465 14
94.4 42.58988 14
94.5 42.60509 14
94.6 42.62028 14
94.7 42.63545 14
94.8 42.65060 14
94.9 42.66572 14
95.0 42.68082 14
95.1 42.69590 14
95.2 42.71096 14
95.3 42.60686 14
95.4 42.62177 14
95.5 42.63665 14
95.6 42.65152 14
95.7 42.66636 14
95.8 42.68118 14
95.9 42.69598 14
96.0 42.71076 14
96.1 42.72551 14
96.2 42.74025 14
96.3 42.75496 14
96.4 42.76966 14
96.5 42.78433 14
96.6 42.79898 14
96.7 42.81361 14
96.8 42.82822 14
96.9 42.84280 14
97.0 42.85737 14
97.1 42.87192 14
97.2 42.88644 14
97.3 42.90095 14
97.4 42.91543 14
97.5 42.92989 14
97.6 42.94433 14
97.7 42.95876 14
97.8 42.97316 14
97.9 42.98754 14
98.0 43.00190 14
98.1 43.01624 14
98.2 43.03055 14
98.3 43.04485 14
98.4 43.05913 14
98.5 43.07339 14
98.6 43.08763 14
98.7 43.10185 14
98.8 43.11604 14
98.9 43.13022 14
99.0 43.14438 14
99.1 43.15852 14
99.2 43.17263 14
99.3 43.18673 14
99.4 43.20081 14
99.5 43.21487 14
99.6 43.22891 14
99.7 43.24292 14
99.8 43.25692 14
99.9 43.27090 14
100.0 43.28486 14
100.1 43.29880 14
100.2 43.31272 14
100.3 43.20309 14
100.4 43.21687 14
100.5 43.23063 14
100.6 43.24437 14
100.7 43.25809 14
100.8 43.27179 14
100.9 43.28548 14
101.0 43.29914 14
101.1 43.31279 14
101.2 43.32641 14
101.3 43.34002 14
101.4 43.35361 14
101.5 43.36718 14
101.6 43.38073 14
101.7 43.39426 14
101.8 43.40777 14
101.9 43.42127 14
102.0 43.43474 14
102.1 43.44820 14
102.2 43.46163 14
102.3 43.47505 14
102.4 43.48845 14
102.5 43.50184 14
102.6 43.51520 14
102.7 43.52855 14
102.8 43.54187 14
102.9 43.55518 14
103.0 43.56847 14
103.1 43.58174 14
103.2 43.59500 14
103.3 43.60823 14
103.4 43.62145 14
103.5 43.63465 14
103.6 43.64783 14
103.7 43.66099 14
103.8 43.67414 14
103.9 43.68726 14
104.0 43.70037 14
104.1 43.71346 14
104.2 43.72653 14
104.3 43.73959 14
104.4 43.75263 14
104.5 43.76565 14
104.6 43.77865 14
104.7 43.79163 14
104.8 43.80460 14
104.9 43.81755 14
105.0 43.83048 14
105.1 43.84339 14
105.2 43.85629 14
105.3 43.86917 14
105.4 43.88203 14
105.5 43.89487 14
105.6 43.90770 14
105.7 43.92051 14
105.8 43.93330 14
105.9 43.81790 14
106.0 43.83056 14
106.1 43.84320 14
106.2 43.85583 14
106.3 43.86844 14
106.4 43.88103 14
106.5 43.89361 14
106.6 43.90617 14
106.7 43.91871 14
106.8 43.93123 14
106.9 43.94374 14
107.0 43.95623 14
107.1 43.96871 14
107.2 43.98117 14
107.3 43.99361 14
107.4 44.00603 14
107.5 44.01844 14
107.6 44.03083 14
107.7 44.04321 14
107.8 44.05556 14
107.9 44.06791 14
108.0 44.08023 14
108.1 44.09254 14
108.2 44.10483 14
108.3 44.11711 14
108.4 44.12937 14
108.5 44.14161 14
108.6 44.15384 14
108.7 44.16605 14
108.8 44.17824 14
108.9 44.19042 14
109.0 44.20258 14
109.1 44.21473 14
109.2 44.22686 14
109.3 44.23897 14
109.4 44.25107 14
109.5 44.26315 14
109.6 44.27522 14
109.7 44.28727 14
109.8 44.29930 14
109.9 44.31132 14
110.0 44.32332 14
110.1 44.33531 14
110.2 44.34728 14
110.3 44.35924 14
110.4 44.37117 14
110.5 44.38310 14
110.6 44.39501 14
110.7 44.40690 14
110.8 44.41877 14
110.9 44.43064 14
111.0 44.44248 14
111.1 44.45431 14
111.2 44.46613 14
111.3 44.47792 14
111.4 44.48971 14
111.5 44.50148 14
111.6 44.51323 14
111.7 44.52497 14
111.8 44.53669 14
111.9 44.41560 14
112.0 44.42720 14
112.1 44.43879 14
112.2 44.45036 14
112.3 44.46192 14
112.4 44.47346 14
112.5 44.48499 14
112.6 44.49650 14
112.7 44.50800 14
112.8 44.51948 14
112.9 44.53095 14
113.0 44.54240 14
113.1 44.55384 14
113.2 44.56526 14
113.3 44.57667 14
113.4 44.58806 14
113.5 44.59944 14
113.6 44.61080 14
113.7 44.62215 14
113.8 44.63349 14
113.9 44.64481 14
114.0 44.65611 14
114.1 44.66740 14
114.2 44.67868 14
114.3 44.68994 14
114.4 44.70119 14
114.5 44.71242 14
114.6 44.72364 14
114.7 44.73484 14
114.8 44.74603 14
114.9 44.75721 14
115.0 44.76837 14
115.1 44.77951 14
115.2 44.79065 14
115.3 44.80176 14
115.4 44.81287 14
115.5 44.82396 14
115.6 44.83503 14
115.7 44.84609 14
115.8 44.85714 14
115.9 44.86818 14
116.0 44.87920 14
116.1 44.89020 14
116.2 44.90119 14
116.3 44.91217 14
116.4 44.92313 14
116.5 44.93408 14
116.6 44.94502 14
116.7 44.95594 14
116.8 44.96685 14
116.9 44.97774 14
117.0 44.98862 14
117.1 44.99949 14
117.2 45.01034 14
117.3 45.02118 14
117.4 45.03201 14
117.5 45.04282 14
117.6 45.05362 14
117.7 45.06440 14
117.8 45.07517 14
117.9 45.08593 14
118.0 45.09668 14
118.1 45.10741 14
118.2 45.11812 14
118.3 45.12883 14
118.4 45.13952 14
118.5 45.15019 14
118.6 45.02326 14
118.7 45.03383 14
118.8 45.04438 14
118.9 45.05492 14
119.0 45.06545 14
119.1 45.07596 14
119.2 45.08646 14
119.3 45.09695 14
119.4 45.10743 14
119.5 45.11789 14
119.6 45.12834 14
119.7 45.13877 14
119.8 45.14920 14
119.9 45.15960 14
120.0 45.17000 14
120.1 45.18039 14
120.2 45.19076 14
120.3 45.20111 14
120.4 45.21146 14
120.5 45.22179 14
120.6 45.23211 14
120.7 45.24242 14
120.8 45.25271 14
120.9 45.26299 14
121.0 45.27326 14
121.1 45.28352 14
121.2 45.29376 14
121.3 45.30399 14
121.4 45.31421 14
121.5 45.32441 14
121.6 45.33461 14
121.7 45.34479 14
121.8 45.35495 14
121.9 45.36511 14
122.0 45.37525 14
122.1 45.38538 14
122.2 45.39550 14
122.3 45.40560 14
122.4 45.41570 14
122.5 45.42578 14
122.6 45.43585 14
122.7 45.44590 14
122.8 45.45595 14
122.9 45.46598 14
123.0 45.47600 14
123.1 45.48600 14
123.2 45.49600 14
123.3 45.50598 14
123.4 45.51595 14
123.5 45.52591 14
123.6 45.53585 14
123.7 45.54579 14
123.8 45.55571 14
123.9 45.56562 14
124.0 45.57552 14
124.1 45.58540 14
124.2 45.59528 14
124.3 45.60514 14
124.4 45.61499 14
124.5 45.62483 14
124.6 45.63465 14
124.7 45.64447 14
124.8 45.65427 14
124.9 45.66406 14
125.0 45.67384 14
125.1 45.68360 14
125.2 45.69336 14
125.3 45.70310 14
125.4 45.71283 14
125.5 45.72255 14
125.6 45.73226 14
125.7 45.74196 14
125.8 45.75164 14
125.9 45.76132 14
126.0 45.77098 14
126.1 45.63806 14
126.2 45.64762 14
126.3 45.65717 14
126.4 45.66671 14
126.5 45.67624 14
126.6 45.68575 14
126.7 45.69526 14
126.8 45.70475 14
126.9 45.71423 14
127.0 45.72370 14
127.1 45.73316 14
127.2 45.74261 14
127.3 45.75204 14
127.4 45.76147 14
127.5 45.77088 14
127.6 45.78028 14
127.7 45.78968 14
127.8 45.79906 14
127.9 45.80842 14
128.0 45.81778 14
128.1 45.82713 14
128.2 45.83646 14
128.3 45.84579 14
128.4 45.85510 14
128.5 45.86440 14
128.6 45.87370 14
128.7 45.88298 14
128.8 45.89224 14
128.9 45.90150 14
129.0 45.91075 14
129.1 45.91999 14
129.2 45.92921 14
129.3 45.93843 14
129.4 45.94763 14
129.5 45.95682 14
129.6 45.96601 14
129.7 45.97518 14
129.8 45.98434 14
129.9 45.99349 14
130.0 46.00263 14
130.1 46.01175 14
130.2 46.02087 14
130.3 46.02998 14
130.4 46.03907 14
130.5 46.04816 14
130.6 46.05723 14
130.7 46.06630 14
130.8 46.07535 14
130.9 46.08440 14
131.0 46.09343 14
131.1 46.10245 14
131.2 46.11146 14
131.3 46.12046 14
131.4 46.12945 14
131.5 46.13843 14
131.6 46.14740 14
131.7 46.15636 14
131.8 46.16531 14
131.9 46.17425 14
132.0 46.18317 14
132.1 46.19209 14
132.2 46.20100 14
132.3 46.20990 14
132.4 46.21878 14
132.5 46.22766 14
132.6 46.23652 14
132.7 46.24538 14
132.8 46.25422 14
132.9 46.26306 14
133.0 46.27188 14
133.1 46.28070 14
133.2 46.28950 14
133.3 46.29830 14
133.4 46.30708 14
133.5 46.31586 14
133.6 46.32462 14
133.7 46.33337 14
133.8 46.34212 14
133.9 46.35085 14
134.0 46.35957 14
134.1 46.36829 14
134.2 46.37699 14
134.3 46.38569 14
134.4 46.39437 14
134.5 46.25537 14
134.6 46.26397 14
134.7 46.27255 14
134.8 46.28112 14
134.9 46.28969 14
135.0 46.29824 14
135.1 46.30678 14
135.2 46.31532 14
135.3 46.32384 14
135.4 46.33236 14
135.5 46.34086 14
135.6 46.34936 14
135.7 46.35784 14
135.8 46.36632 14
135.9 46.37478 14
136.0 46.38324 14
136.1 46.39169 14
136.2 46.40012 14
136.3 46.40855 14
136.4 46.41697 14
136.5 46.42538 14
136.6 46.43378 14
136.7 46.44217 14
136.8 46.45055 14
136.9 46.45892 14
137.0 46.46728 14
137.1 46.47563 14
137.2 46.48397 14
137.3 46.49230 14
137.4 46.50063 14
137.5 46.50894 14
137.6 46.51724 14
137.7 46.52554 14
137.8 46.53382 14
137.9 46.54210 14
138.0 46.55037 14
138.1 46.55863 14
138.2 46.56687 14
138.3 46.57511 14
138.4 46.58334 14
138.5 46.59156 14
138.6 46.59977 14
138.7 46.60798 14
138.8 46.61617 14
138.9 46.62435 14
139.0 46.63253 14
139.1 46.64069 14
139.2 46.64885 14
139.3 46.65700 14
139.4 46.66513 14
139.5 46.67326 14
139.6 46.68138 14
139.7 46.68949 14
139.8 46.69760 14
139.9 46.70569 14
140.0 46.71377 14
140.1 46.72185 14
140.2 46.72991 14
140.3 46.73797 14
140.4 46.74602 14
140.5 46.75405 14
140.6 46.76208 14
140.7 46.77011 14
140.8 46.77812 14
140.9 46.78612 14
141.0 46.79412 14
141.1 46.80210 14
141.2 46.81008 14
141.3 46.81804 14
141.4 46.82600 14
141.5 46.83395 14
141.6 46.84190 14
141.7 46.84983 14
141.8 46.85775 14
141.9 46.86567 14
142.0 46.87357 14
142.1 46.88147 14
142.2 46.88936 14
142.3 46.89724 14
142.4 46.90511 14
142.5 46.91297 14
142.6 46.92083 14
142.7 46.92867 14
142.8 46.93651 14
142.9 46.94434 14
143.0 46.95216 14
143.1 46.95997 14
143.2 46.96777 14
143.3 46.97557 14
143.4 46.98335 14
143.5 46.99113 14
143.6 46.99890 14
143.7 47.00666 14
143.8 47.01441 14
143.9 47.02215 14
144.0 47.02989 14
144.1 46.88462 14
144.2 46.89228 14
144.3 46.89992 14
144.4 46.90756 14
144.5 46.91519 14
144.6 46.92281 14
144.7 46.93042 14
144.8 46.93802 14
144.9 46.94562 14
145.0 46.95320 14
145.1 46.96078 14
145.2 46.96835 14
145.3 46.97592 14
145.4 46.98347 14
145.5 46.99101 14
145.6 46.99855 14
145.7 47.00608 14
145.8 47.01360 14
145.9 47.02112 14
146.0 47.02862 14
146.1 47.03612 14
146.2 47.04361 14
146.3 47.05109 14
146.4 47.05856 14
146.5 47.06602 14
146.6 47.07348 14
146.7 47.08093 14
146.8 47.08837 14
146.9 47.09580 14
147.0 47.10323 14
147.1 47.11064 14
147.2 47.11805 14
147.3 47.12545 14
147.4 47.13284 14
147.5 47.14023 14
147.6 47.14761 14
147.7 47.15497 14
147.8 47.16234 14
147.9 47.16969 14
148.0 47.17703 14
148.1 47.18437 14
148.2 47.19170 14
148.3 47.19902 14
148.4 47.20633 14
148.5 47.21364 14
148.6 47.22094 14
148.7 47.22823 14
148.8 47.23551 14
148.9 47.24279 14
149.0 47.25005 14
149.1 47.25731 14
149.2 47.26456 14
149.3 47.27181 14
149.4 47.27904 14
149.5 47.28627 14
149.6 47.29349 14
149.7 47.30071 14
149.8 47.30791 14
149.9 47.31511 14
150.0 47.32230 14
150.1 47.32948 14
150.2 47.33666 14
150.3 47.34382 14
150.4 47.35098 14
150.5 47.35814 14
150.6 47.36528 14
150.7 47.37242 14
150.8 47.37955 14
150.9 47.38667 14
151.0 47.39378 14
151.1 47.40089 14
151.2 47.40799 14
151.3 47.41508 14
151.4 47.42217 14
151.5 47.42924 14
151.6 47.43631 14
151.7 47.44338 14
151.8 47.45043 14
151.9 47.45748 14
152.0 47.46452 14
152.1 47.47155 14
152.2 47.47858 14
152.3 47.48559 14
152.4 47.49261 14
152.5 47.49961 14
152.6 47.50660 14
152.7 47.51359 14
152.8 47.52057 14
152.9 47.52755 14
153.0 47.53452 14
153.1 47.54147 14
153.2 47.54843 14
153.3 47.55537 14
153.4 47.56231 14
153.5 47.56924 14
153.6 47.57616 14
153.7 47.58308 14
153.8 47.58999 14
153.9 47.59689 14
154.0 47.60378 14
154.1 47.61067 14
154.2 47.61755 14
154.3 47.62442 14
154.4 47.63129 14
154.5 47.63815 14
154.6 47.64500 14
154.7 47.65185 14
154.8 47.65868 14
154.9 47.66551 14
155.0 47.67234 14
155.1 47.67915 14
155.2 47.52741 14
155.3 47.53416 14
155.4 47.54090 14
155.5 47.54763 14
155.6 47.55435 14
155.7 47.56107 14
155.8 47.56777 14
155.9 47.57448 14
156.0 47.58117 14
156.1 47.58786 14
156.2 47.59454 14
156.3 47.60122 14
156.4 47.60789 14
156.5 47.61455 14
156.6 47.62120 14
156.7 47.62785 14
156.8 47.63449 14
156.9 47.64112 14
157.0 47.64775 14
157.1 47.65437 14
157.2 47.66098 14
157.3 47.66759 14
157.4 47.67419 14
157.5 47.68078 14
157.6 47.68737 14
157.7 47.69395 14
157.8 47.70052 14
157.9 47.70709 14
158.0 47.71365 14
158.1 47.72020 14
158.2 47.72675 14
158.3 47.73329 14
158.4 47.73982 14
158.5 47.74635 14
158.6 47.75287 14
158.7 47.75938 14
158.8 47.76589 14
158.9 47.77239 14
159.0 47.77888 14
159.1 47.78537 14
159.2 47.79185 14
159.3 47.79832 14
159.4 47.80479 14
159.5 47.81125 14
159.6 47.81770 14
159.7 47.82415 14
159.8 47.83059 14
159.9 47.83702 14
160.0 47.84345 14
160.1 47.84987 14
160.2 47.85629 14
160.3 47.86269 14
160.4 47.86910 14
160.5 47.87549 14
160.6 47.88188 14
160.7 47.88826 14
160.8 47.89464 14
160.9 47.90101 14
161.0 47.90737 14
161.1 47.91373 14
161.2 47.92008 14
161.3 47.92642 14
161.4 47.93276 14
161.5 47.93909 14
161.6 47.94542 14
161.7 47.95173 14
161.8 47.95805 14
161.9 47.96435 14
162.0 47.97065 14
162.1 47.97694 14
162.2 47.98323 14
162.3 47.98951 14
162.4 47.99579 14
162.5 48.00206 14
162.6 48.00832 14
162.7 48.01457 14
162.8 48.02082 14
162.9 48.02707 14
163.0 48.03330 14
163.1 48.03953 14
163.2 48.04576 14
163.3 48.05198 14
163.4 48.05819 14
163.5 48.06439 14
163.6 48.07059 14
163.7 48.07679 14
163.8 48.08298 14
163.9 48.08916 14
164.0 48.09533 14
164.1 48.10150 14
164.2 48.10766 14
164.3 48.11382 14
164.4 48.11997 14
164.5 48.12612 14
164.6 48.13226 14
164.7 48.13839 14
164.8 48.14451 14
164.9 48.15063 14
165.0 48.15675 14
165.1 48.16286 14
165.2 48.16896 14
165.3 48.17506 14
165.4 48.18115 14
165.5 48.18723 14
165.6 48.19331 14
165.7 48.19938 14
165.8 48.20545 14
165.9 48.21151 14
166.0 48.21756 14
166.1 48.22361 14
166.2 48.22965 14
166.3 48.23569 14
166.4 48.24172 14
166.5 48.24775 14
166.6 48.25377 14
166.7 48.25978 14
166.8 48.26579 14
166.9 48.27179 14
167.0 48.27778 14
167.1 48.28377 14
167.2 48.28976 14
167.3 48.29573 14
167.4 48.30171 14
167.5 48.30767 14
167.6 48.31363 14
167.7 48.31959 14
167.8 48.32554 14
167.9 48.33148 14
168.0 48.33742 14
168.1 48.34335 14
168.2 48.18491 14
168.3 48.19078 14
168.4 48.19664 14
168.5 48.20250 14
168.6 48.20835 14
168.7 48.21419 14
168.8 48.22003 14
168.9 48.22587 14
169.0 48.23170 14
169.1 48.23752 14
169.2 48.24334 14
169.3 48.24915 14
169.4 48.25495 14
169.5 48.26075 14
169.6 48.26655 14
169.7 48.27234 14
169.8 48.27812 14
169.9 48.28390 14
170.0 48.28967 14
170.1 48.29544 14
170.2 48.30120 14
170.3 48.30695 14
170.4 48.31270 14
170.5 48.31845 14
170.6 48.32419 14
170.7 48.32992 14
170.8 48.33565 14
170.9 48.34137 14
171.0 48.34709 14
171.1 48.35280 14
171.2 48.35851 14
171.3 48.36421 14
171.4 48.36990 14
171.5 48.37559 14
171.6 48.38127 14
171.7 48.38695 14
171.8 48.39263 14
171.9 48.39829 14
172.0 48.40396 14
172.1 48.40961 14
172.2 48.41526 14
172.3 48.42091 14
172.4 48.42655 14
172.5 48.43219 14
172.6 48.43782 14
172.7 48.44344 14
172.8 48.44906 14
172.9 48.45467 14
173.0 48.46028 14
173.1 48.46589 14
173.2 48.47148 14
173.3 48.47708 14
173.4 48.48266 14
173.5 48.48824 14
173.6 48.49382 14
173.7 48.49939 14
173.8 48.50496 14
173.9 48.51052 14
174.0 48.51607 14
174.1 48.52162 14
174.2 48.52717 14
174.3 48.53271 14
174.4 48.53824 14
174.5 48.54377 14
174.6 48.54930 14
174.7 48.55481 14
174.8 48.56033 14
174.9 48.56584 14
175.0 48.57134 14
175.1 48.57684 14
175.2 48.58233 14
175.3 48.58782 14
175.4 48.59330 14
175.5 48.59878 14
175.6 48.60425 14
175.7 48.60972 14
175.8 48.61518 14
175.9 48.62063 14
176.0 48.62609 14
176.1 48.63153 14
176.2 48.63697 14
176.3 48.64241 14
176.4 48.64784 14
176.5 48.65327 14
176.6 48.65869 14
176.7 48.66410 14
176.8 48.66951 14
176.9 48.67492 14
177.0 48.68032 14
177.1 48.68571 14
177.2 48.69110 14
177.3 48.69649 14
177.4 48.70187 14
177.5 48.70725 14
177.6 48.71262 14
177.7 48.71798 14
177.8 48.72334 14
177.9 48.72870 14
178.0 48.73405 14
178.1 48.76714 14
178.2 48.77257 14
178.3 48.77800 14
178.4 48.78342 14
178.5 48.78884 14
178.6 48.79425 14
178.7 48.79966 14
178.8 48.80506 14
178.9 48.81046 14
179.0 48.81585 14
179.1 48.82124 14
179.2 48.82662 14
179.3 48.85836 14
179.4 48.86382 14
179.5 48.67425 14
179.6 48.67957 14
179.7 48.68488 14
179.8 48.69018 14
179.9 48.69548 14
180.0 48.70078 14
180.1 48.70607 14
180.2 48.71135 14
180.3 48.71664 14
180.4 48.72191 14
180.5 48.72718 14
180.6 48.73245 14
180.7 48.76543 14
180.8 48.77078 14
180.9 48.77634 14
181.0 48.78168 14
181.1 48.78701 14
181.2 48.79234 14
181.3 48.79767 14
181.4 48.80298 14
181.5 48.80830 14
181.6 48.81361 14
181.7 48.81891 14
181.8 48.82421 14
181.9 48.82950 14
182.0 48.86120 14
182.1 48.67161 14
182.2 48.67684 14
182.3 48.68229 14
182.4 48.68751 14
182.5 48.69273 14
182.6 48.69794 14
182.7 48.70315 14
182.8 48.70836 14
182.9 48.71356 14
183.0 48.71875 14
183.1 48.72394 14
183.2 48.72913 14
183.3 48.73431 14
183.4 48.76724 14
183.5 48.77250 14
183.6 48.77797 14
183.7 48.78322 14
183.8 48.78870 14
183.9 48.79394 14
184.0 48.79918 14
184.1 48.80441 14
184.2 48.80963 14
184.3 48.81486 14
184.4 48.82007 14
184.5 48.82529 14
184.6 48.85683 14
184.7 48.86212 14
184.8 48.67242 14
184.9 48.67757 14
185.0 48.68293 14
185.1 48.68807 14
185.2 48.69344 14
185.3 48.69856 14
185.4 48.70369 14
185.5 48.70881 14
185.6 48.71392 14
185.7 48.71904 14
185.8 48.72414 14
185.9 48.72924 14
186.0 48.73434 14
186.1 48.76719 14
186.2 48.77236 14
186.3 48.77776 14
186.4 48.78292 14
186.5 48.78831 14
186.6 48.79347 14
186.7 48.79886 14
186.8 48.80401 14
186.9 48.80915 14
187.0 48.81429 14
187.1 48.81942 14
187.2 48.82455 14
187.3 48.82968 14
187.4 48.86121 14
187.5 48.67145 14
187.6 48.67651 14
187.7 48.68180 14
187.8 48.68685 14
187.9 48.69213 14
188.0 48.69718 14
188.1 48.70246 14
188.2 48.70750 14
188.3 48.71253 14
188.4 48.71756 14
188.5 48.72259 14
188.6 48.72761 14
188.7 48.73262 14
188.8 48.76536 14
188.9 48.77046 14
189.0 48.77577 14
189.1 48.78085 14
189.2 48.78616 14
189.3 48.79124 14
189.4 48.79654 14
189.5 48.80161 14
189.6 48.80691 14
189.7 48.81197 14
189.8 48.81702 14
189.9 48.82207 14
190.0 48.82712 14
190.1 48.85853 14
190.2 48.86365 14
190.3 48.67374 14
190.4 48.67872 14
190.5 48.68392 14
190.6 48.68889 14
190.7 48.69409 14
190.8 48.69905 14
190.9 48.70425 14
191.0 48.70920 14
191.1 48.71440 14
191.2 48.71934 14
191.3 48.72429 14
191.4 48.72922 14
191.5 48.73416 14
191.6 48.76684 14
191.7 48.77185 14
191.8 48.77708 14
191.9 48.78208 14
192.0 48.78731 14
192.1 48.79230 14
192.2 48.79752 14
192.3 48.80251 14
192.4 48.80773 14
192.5 48.81270 14
192.6 48.81792 14
192.7 48.82289 14
192.8 48.82785 14
192.9 48.85919 14
193.0 48.86423 14
193.1 48.67422 14
193.2 48.67912 14
193.3 48.68424 14
193.4 48.68913 14
193.5 48.69425 14
193.6 48.69913 14
193.7 48.70425 14
193.8 48.70912 14
193.9 48.71423 14
194.0 48.71910 14
194.1 48.72421 14
194.2 48.72907 14
194.3 48.73392 14
194.4 48.76652 14
194.5 48.77145 14
194.6 48.77660 14
194.7 48.78152 14
194.8 48.78666 14
194.9 48.79158 14
195.0 48.79672 14
195.1 48.80162 14
195.2 48.80676 14
195.3 48.81166 14
195.4 48.81680 14
195.5 48.82168 14
195.6 48.82682 14
195.7 48.85806 14
195.8 48.86302 14
195.9 48.67295 14
196.0 48.67777 14
196.1 48.68281 14
196.2 48.68762 14
196.3 48.69266 14
196.4 48.69747 14
196.5 48.70250 14
196.6 48.70730 14
196.7 48.71234 14
196.8 48.71712 14
196.9 48.72216 14
197.0 48.72694 14
197.1 48.73171 14
197.2 48.76446 14
197.3 48.76931 14
197.4 48.77438 14
197.5 48.77922 14
197.6 48.78429 14
197.7 48.78912 14
197.8 48.79395 14
197.9 48.79901 14
198.0 48.80384 14
198.1 48.80890 14
198.2 48.81371 14
198.3 48.81877 14
198.4 48.82357 14
198.5 48.82863 14
198.6 48.85984 14
198.7 48.86498 14
198.8 48.67477 14
198.9 48.67951 14
199.0 48.68447 14
199.1 48.68921 14
199.2 48.69417 14
199.3 48.69889 14
199.4 48.70385 14
199.5 48.70857 14
199.6 48.71352 14
199.7 48.71823 14
199.8 48.72319 14
199.9 48.72789 14
200.0 48.73284 14
200.1 48.76527 14
200.2 48.77031 14
200.3 48.77529 14
200.4 48.78006 14
200.5 48.78504 14
200.6 48.78980 14
200.7 48.79478 14
200.8 48.79953 14
200.9 48.80427 14
201.0 48.80925 14
201.1 48.81399 14
201.2 48.81897 14
201.3 48.82369 14
201.4 48.82867 14
201.5 48.85979 14
201.6 48.86485 14
201.7 48.67458 14
201.8 48.67951 14
201.9 48.68439 14
202.0 48.68905 14
202.1 48.69393 14
202.2 48.69858 14
202.3 48.70346 14
202.4 48.70810 14
202.5 48.71298 14
202.6 48.71762 14
202.7 48.72249 14
202.8 48.72712 14
202.9 48.73199 14
203.0 48.76433 14
203.1 48.76903 14
203.2 48.77420 14
203.3 48.77889 14
203.4 48.78407 14
203.5 48.78875 14
203.6 48.79342 14
203.7 48.79833 14
203.8 48.80299 14
203.9 48.80790 14
204.0 48.81256 14
204.1 48.81746 14
204.2 48.82211 14
204.3 48.82701 14
204.4 48.85802 14
204.5 48.86301 14
204.6 48.67271 14
204.7 48.67756 14
204.8 48.68237 14
204.9 48.68696 14
205.0 48.69203 14
205.1 48.69661 14
205.2 48.70141 14
205.3 48.70598 14
205.4 48.71054 14
205.5 48.71535 14
205.6 48.71990 14
205.7 48.72470 14
205.8 48.72925 14
205.9 48.73405 14
206.0 48.76634 14
206.1 48.77122 14
206.2 48.77606 14
206.3 48.78094 14
206.4 48.78577 14
206.5 48.79037 14
206.6 48.79548 14
206.7 48.80007 14
206.8 48.80490 14
206.9 48.80948 14
207.0 48.81406 14
207.1 48.81889 14
207.2 48.82346 14
207.3 48.82829 14
207.4 48.85925 14
207.5 48.86415 14
207.6 48.67374 14
207.7 48.67852 14
207.8 48.68326 14
207.9 48.68803 14
208.0 48.69276 14
208.1 48.69726 14
208.2 48.70227 14
208.3 48.70676 14
208.4 48.71149 14
208.5 48.71598 14
208.6 48.72046 14
208.7 48.72518 14
208.8 48.72965 14
208.9 48.73438 14
209.0 48.76661 14
209.1 48.77141 14
209.2 48.77617 14
209.3 48.78097 14
209.4 48.78573 14
209.5 48.79025 14
209.6 48.79528 14
209.7 48.79980 14
209.8 48.80484 14
209.9 48.80935 14
210.0 48.81385 14
210.1 48.81860 14
210.2 48.82310 14
210.3 48.82785 14
210.4 48.85873 14
210.5 48.86356 14
210.6 48.67309 14
210.7 48.67780 14
210.8 48.68246 14
210.9 48.68689 14
211.0 48.69182 14
211.1 48.69624 14
211.2 48.70118 14
211.3 48.70560 14
211.4 48.71029 14
211.5 48.71495 14
211.6 48.71935 14
211.7 48.72401 14
211.8 48.72841 14
211.9 48.73306 14
212.0 48.76519 14
212.1 48.76992 14
212.2 48.77461 14
212.3 48.77907 14
212.4 48.78402 14
212.5 48.78847 14
212.6 48.79320 14
212.7 48.79788 14
212.8 48.80260 14
212.9 48.80728 14
213.0 48.81200 14
213.1 48.81668 14
213.2 48.82110 14
213.3 48.82578 14
213.4 48.85655 14
213.5 48.86104 14
213.6 48.67083 14
213.7 48.67519 14
213.8 48.67982 14
213.9 48.68441 14
214.0 48.68904 14
214.1 48.69362 14
214.2 48.69825 14
214.3 48.70283 14
214.4 48.70718 14
214.5 48.71204 14
214.6 48.71638 14
214.7 48.72100 14
214.8 48.72558 14
214.9 48.72991 14
215.0 48.73449 14
215.1 48.76657 14
215.2 48.77123 14
215.3 48.77584 14
215.4 48.78049 14
215.5 48.78510 14
215.6 48.78948 14
215.7 48.79436 14
215.8 48.79873 14
215.9 48.80338 14
216.0 48.80799 14
216.1 48.81264 14
216.2 48.81724 14
216.3 48.82189 14
216.4 48.82650 14
216.5 48.85721 14
216.6 48.86189 14
216.7 48.67132 14
216.8 48.67561 14
216.9 48.68017 14
217.0 48.68468 14
217.1 48.68924 14
217.2 48.69375 14
217.3 48.69831 14
217.4 48.70282 14
217.5 48.70709 14
217.6 48.71188 14
217.7 48.71615 14
217.8 48.72070 14
217.9 48.72521 14
218.0 48.72976 14
218.1 48.73427 14
218.2 48.76628 14
218.3 48.77086 14
218.4 48.77540 14
218.5 48.77971 14
218.6 48.78452 14
218.7 48.78883 14
218.8 48.79340 14
218.9 48.79794 14
219.0 48.80252 14
219.1 48.80705 14
219.2 48.81163 14
219.3 48.81616 14
219.4 48.82074 14
219.5 48.82527 14
219.6 48.85589 14
219.7 48.86054 14
219.8 48.86515 14
219.9 48.67442 14
220.0 48.67891 14
220.1 48.68335 14
220.2 48.68784 14
220.3 48.69228 14
220.4 48.69649 14
220.5 48.70121 14
220.6 48.70541 14
220.7 48.70989 14
220.8 48.71433 14
220.9 48.71881 14
221.0 48.72325 14
221.1 48.72773 14
221.2 48.73217 14
221.3 48.76439 14
221.4 48.76864 14
221.5 48.77337 14
221.6 48.77761 14
221.7 48.78212 14
221.8 48.78659 14
221.9 48.79110 14
222.0 48.79556 14
222.1 48.79979 14
222.2 48.80453 14
222.3 48.80875 14
222.4 48.81326 14
222.5 48.81772 14
222.6 48.82223 14
222.7 48.82669 14
222.8 48.85757 14
222.9 48.86210 14
223.0 48.67169 14
223.1 48.67584 14
223.2 48.68048 14
223.3 48.68463 14
223.4 48.68905 14
223.5 48.69342 14
223.6 48.69784 14
223.7 48.70221 14
223.8 48.70634 14
223.9 48.71099 14
224.0 48.71512 14
224.1 48.71953 14
224.2 48.72390 14
224.3 48.72831 14
224.4 48.73268 14
224.5 48.76484 14
224.6 48.76902 14
224.7 48.77399 14
224.8 48.77816 14
224.9 48.78260 14
225.0 48.78700 14
225.1 48.79144 14
225.2 48.79583 14
225.3 48.79999 14
225.4 48.80466 14
225.5 48.80881 14
225.6 48.81325 14
225.7 48.81764 14
225.8 48.82208 14
225.9 48.82647 14
226.0 48.85728 14
226.1 48.86174 14
226.2 48.67126 14
226.3 48.67535 14
226.4 48.67970 14
226.5 48.68432 14
226.6 48.68866 14
226.7 48.69297 14
226.8 48.69704 14
226.9 48.70162 14
227.0 48.70568 14
227.1 48.71003 14
227.2 48.71433 14
227.3 48.71867 14
227.4 48.72297 14
227.5 48.72732 14
227.6 48.73162 14
227.7 48.76338 14
227.8 48.76780 14
227.9 48.77217 14
228.0 48.77681 14
228.1 48.78118 14
228.2 48.78583 14
228.3 48.78992 14
228.4 48.79453 14
228.5 48.79861 14
228.6 48.80298 14
228.7 48.80731 14
228.8 48.81168 14
228.9 48.81600 14
229.0 48.82007 14
229.1 48.82444 14
229.2 48.85509 14
229.3 48.85953 14
229.4 48.86393 14
229.5 48.67332 14
229.6 48.67761 14
229.7 48.68216 14
229.8 48.68617 14
229.9 48.69100 14
230.0 48.69500 14
230.1 48.69928 14
230.2 48.70351 14
230.3 48.70779 14
230.4 48.71203 14
230.5 48.71602 14
230.6 48.72029 14
230.7 48.72453 14
230.8 48.72880 14
230.9 48.73304 14
231.0 48.76506 14
231.1 48.76937 14
231.2 48.77394 14
231.3 48.77798 14
231.4 48.78228 14
231.5 48.78686 14
231.6 48.79116 14
231.7 48.79574 14
231.8 48.79976 14
231.9 48.80430 14
232.0 48.80832 14
232.1 48.81262 14
232.2 48.81687 14
232.3 48.82117 14
232.4 48.82543 14
232.5 48.85578 14
232.6 48.86015 14
232.7 48.86447 14
232.8 48.67379 14
232.9 48.67800 14
233.0 48.68249 14
233.1 48.68643 14
233.2 48.69119 14
233.3 48.69513 14
233.4 48.69967 14
233.5 48.70383 14
233.6 48.70805 14
233.7 48.71222 14
233.8 48.71614 14
233.9 48.72035 14
234.0 48.72452 14
234.1 48.72873 14
234.2 48.73289 14
234.3 48.76485 14
234.4 48.76883 14
234.5 48.77328 14
234.6 48.77757 14
234.7 48.78180 14
234.8 48.78631 14
234.9 48.79055 14
235.0 48.79507 14
235.1 48.79902 14
235.2 48.80359 14
235.3 48.80777 14
235.4 48.81201 14
235.5 48.81620 14
235.6 48.82043 14
235.7 48.82462 14
235.8 48.82855 14
235.9 48.85920 14
236.0 48.86346 14
236.1 48.67273 14
236.2 48.67688 14
236.3 48.68130 14
236.4 48.68517 14
236.5 48.68964 14
236.6 48.69374 14
236.7 48.69822 14
236.8 48.70232 14
236.9 48.70652 14
237.0 48.71091 14
237.1 48.71477 14
237.2 48.71891 14
237.3 48.72301 14
237.4 48.72716 14
237.5 48.73126 14
237.6 48.76282 14
237.7 48.76704 14
237.8 48.77121 14
237.9 48.77565 14
238.0 48.77982 14
238.1 48.78427 14
238.2 48.78816 14
238.3 48.79266 14
238.4 48.79678 14
238.5 48.80129 14
238.6 48.80541 14
238.7 48.80963 14
238.8 48.81380 14
238.9 48.81792 14
239.0 48.82209 14
239.1 48.82621 14
239.2 48.85675 14
239.3 48.86068 14
239.4 48.86487 14
239.5 48.67404 14
239.6 48.67812 14
239.7 48.68248 14
239.8 48.68629 14
239.9 48.69092 14
240.0 48.69473 14
240.1 48.69914 14
240.2 48.70318 14
240.3 48.70759 14
240.4 48.71163 14
240.5 48.71577 14
240.6 48.71985 14
240.7 48.72388 14
240.8 48.72797 14
240.9 48.73200 14
241.0 48.76351 14
241.1 48.76767 14
241.2 48.77177 14
241.3 48.77615 14
241.4 48.78025 14
241.5 48.78463 14
241.6 48.78846 14
241.7 48.79289 14
241.8 48.79695 14
241.9 48.80139 14
242.0 48.80545 14
242.1 48.80960 14
242.2 48.81371 14
242.3 48.81811 14
242.4 48.82221 14
242.5 48.82627 14
242.6 48.85675 14
242.7 48.86061 14
242.8 48.86474 14
242.9 48.67385 14
243.0 48.67787 14
243.1 48.68216 14
243.2 48.68591 14
243.3 48.69048 14
243.4 48.69422 14
243.5 48.69857 14
243.6 48.70254 14
243.7 48.70661 14
243.8 48.71087 14
243.9 48.71494 14
244.0 48.71896 14
244.1 48.72328 14
244.2 48.72730 14
244.3 48.73128 14
244.4 48.76271 14
244.5 48.76680 14
244.6 48.77084 14
244.7 48.77515 14
244.8 48.77893 14
244.9 48.78352 14
245.0 48.78728 14
245.1 48.79165 14
245.2 48.79565 14
245.3 48.79941 14
245.4 48.80402 14
245.5 48.80777 14
245.6 48.81215 14
245.7 48.81649 14
245.8 48.82054 14
245.9 48.82488 14
246.0 48.85497 14
246.1 48.85908 14
246.2 48.86314 14
246.3 48.67222 14
246.4 48.67592 14
246.5 48.68041 14
246.6 48.68410 14
246.7 48.68806 14
246.8 48.69229 14
246.9 48.69598 14
247.0 48.70049 14
247.1 48.70417 14
247.2 48.70846 14
247.3 48.71237 14
247.4 48.71638 14
247.5 48.72034 14
247.6 48.72459 14
247.7 48.72890 14
247.8 48.73281 14
247.9 48.76452 14
248.0 48.76824 14
248.1 48.77222 14
248.2 48.77646 14
248.3 48.78044 14
248.4 48.78470 14
248.5 48.78840 14
248.6 48.79271 14
248.7 48.79664 14
248.8 48.80095 14
248.9 48.80488 14
249.0 48.80891 14
249.1 48.81289 14
249.2 48.81717 14
249.3 48.82115 14
249.4 48.82543 14
249.5 48.85546 14
249.6 48.85987 14
249.7 48.86387 14
249.8 48.67288 14
249.9 48.67677 14
250.0 48.68094 14
