15.0 1.53094 13
15.1 1.53831 13
15.2 1.54567 13
15.3 1.55303 13
15.4 1.56039 13
15.5 1.56774 13
15.6 1.57510 13
15.7 1.58245 13
15.8 1.58980 13
15.9 1.59715 13
16.0 1.60450 13
16.1 1.61184 13
16.2 1.61918 13
16.3 1.62652 13
16.4 1.63386 13
16.5 1.64119 13
16.6 1.64852 13
16.7 1.65585 13
16.8 1.66318 13
16.9 1.67050 13
17.0 1.67782 13
17.1 1.68514 13
17.2 1.69246 13
17.3 1.69977 13
17.4 1.71072 13
17.5 1.72225 13
17.6 1.73386 13
17.7 1.74556 13
17.8 1.75734 13
17.9 1.76922 13
18.0 1.78118 13
18.1 1.79323 13
18.2 1.80537 13
18.3 1.81761 13
18.4 1.82993 13
18.5 1.84234 13
18.6 1.85485 13
18.7 1.86745 13
18.8 1.88014 13
18.9 1.89293 13
19.0 1.90581 13
19.1 1.91878 13
19.2 1.93185 13
19.3 1.94502 13
19.4 1.95828 13
19.5 1.97164 13
19.6 1.98510 13
19.7 1.99865 13
19.8 19.01696 14
19.9 19.11317 14
20.0 19.20935 14
20.1 19.30550 14
20.2 19.40151 14
20.3 19.49747 14
20.4 19.59346 14
20.5 19.68951 14
20.6 19.78553 14
20.7 19.88137 14
20.8 19.97718 14
20.9 20.07290 14
21.0 20.16854 14
21.1 20.26409 14
21.2 20.35958 14
21.3 20.45503 14
21.4 20.55044 14
21.5 20.64581 14
21.6 20.74116 14
21.7 20.83646 14
21.8 20.93173 14
21.9 21.02697 14
22.0 21.12217 14
22.1 21.21733 14
22.2 21.31246 14
22.3 5.76611 14
22.4 5.89342 14
22.5 6.02254 14
22.6 6.15346 14
22.7 6.28621 14
22.8 6.42078 14
22.9 6.55719 14
23.0 6.69543 14
23.1 6.83551 14
23.2 6.97744 14
23.3 7.12123 14
23.4 7.26687 14
23.5 7.41439 14
23.6 7.56377 14
23.7 7.71504 14
23.8 7.86819 14
23.9 8.02323 14
24.0 8.18017 14
24.1 8.33901 14
24.2 8.49976 14
24.3 8.66243 14
24.4 8.82702 14
24.5 8.99354 14
24.6 9.16199 14
24.7 9.33238 14
24.8 9.50473 14
24.9 9.67902 14
25.0 9.85528 14
25.1 10.03350 14
25.2 10.21369 14
25.3 10.39586 14
25.4 10.58002 14
25.5 10.76618 14
25.6 10.95433 14
25.7 11.14448 14
25.8 11.33665 14
25.9 11.53084 14
26.0 11.72705 14
26.1 11.92530 14
26.2 12.12558 14
26.3 12.32791 14
26.4 12.53229 14
26.5 12.73873 14
26.6 12.94724 14
26.7 13.15782 14
26.8 13.37047 14
26.9 13.58522 14
27.0 13.80206 14
27.1 14.02099 14
27.2 14.24204 14
27.3 14.46520 14
27.4 14.69048 14
27.5 14.91789 14
27.6 15.14743 14
27.7 15.37911 14
27.8 15.61295 14
27.9 15.84894 14
28.0 16.08709 14
28.1 16.32741 14
28.2 16.56991 14
28.3 16.81460 14
28.4 17.06078 14
28.5 17.30751 14
28.6 17.55627 14
28.7 17.80706 14
28.8 18.05988 14
28.9 18.31473 14
29.0 18.56660 14
29.1 18.82531 14
29.2 19.08626 14
29.3 19.34968 14
29.4 19.61517 14
29.5 19.88271 14
29.6 20.15230 14
29.7 20.42395 14
29.8 20.69764 14
29.9 20.97337 14
30.0 21.24498 14
30.1 21.52540 14
30.2 21.80790 14
30.3 22.09249 14
30.4 22.37914 14
30.5 22.66788 14
30.6 22.95869 14
30.7 23.25156 14
30.8 23.54650 14
30.9 23.84432 14
31.0 24.13657 14
31.1 24.43849 14
31.2 24.74251 14
31.3 25.04864 14
31.4 25.35686 14
31.5 25.66717 14
31.6 25.97956 14
31.7 26.29447 14
31.8 26.61216 14
31.9 26.93198 14
32.0 27.24444 14
32.1 27.56826 14
32.2 27.89418 14
32.3 28.22213 14
32.4 28.55228 14
32.5 28.78865 14
32.6 29.12315 14
32.7 29.46015 14
32.8 29.79913 14
32.9 29.98732 14
33.0 30.31816 14
33.1 30.66214 14
33.2 30.92060 14
33.3 30.84304 14
33.4 30.92539 14
33.5 31.00879 14
33.6 31.09192 14
33.7 31.17485 14
33.8 31.09628 14
33.9 31.17888 14
34.0 31.26144 14
34.1 31.33108 14
34.2 31.24920 14
34.3 31.33085 14
34.4 31.41370 14
34.5 31.49647 14
34.6 31.57884 14
34.7 31.49562 14
34.8 31.57771 14
34.9 31.65967 14
35.0 31.74123 14
35.1 31.64156 14
35.2 31.72254 14
35.3 31.80446 14
35.4 31.88642 14
35.5 31.96825 14
35.6 31.88021 14
35.7 31.96164 14
35.8 32.04283 14
35.9 32.12369 14
36.0 32.20423 14
36.1 32.11288 14
36.2 32.17911 14
36.3 32.26045 14
36.4 32.34141 14
36.5 32.24809 14
36.6 30.82018 14
36.7 27.89378 14
36.8 26.48330 14
36.9 23.58037 14
37.0 20.69022 14
37.1 19.30696 14
37.2 16.42645 14
37.3 15.02099 14
37.4 14.64589 14
37.5 14.55875 14
37.6 14.50324 14
37.7 14.50144 14
37.8 14.44279 14
37.9 14.43560 14
38.0 14.38293 14
38.1 14.37381 14
38.2 14.39636 14
38.3 14.44024 14
38.4 14.36432 14
38.5 14.41144 14
38.6 14.54899 14
38.7 14.58200 14
38.8 14.62699 14
38.9 14.64921 14
39.0 14.68979 14
39.1 14.73391 14
39.2 14.76695 14
39.3 14.81242 14
39.4 14.83403 14
39.5 14.87353 14
39.6 14.92566 14
39.7 14.95121 14
39.8 14.99657 14
39.9 15.01791 14
40.0 15.05788 14
40.1 15.11017 14
40.2 15.15330 14
40.3 15.19083 14
40.4 15.20092 14
40.5 15.24291 14
40.6 15.29512 14
40.7 15.33764 14
40.8 15.37498 14
40.9 15.41156 14
41.0 15.42882 14
41.1 15.48034 14
41.2 15.52172 14
41.3 15.55879 14
41.4 15.59527 14
41.5 15.63165 14
41.6 15.66557 14
41.7 15.70547 14
41.8 15.74223 14
41.9 15.77860 14
42.0 15.81489 14
42.1 15.85143 14
42.2 15.88879 14
42.3 15.92529 14
42.4 15.96154 14
42.5 15.99774 14
42.6 16.03458 14
42.7 16.08115 14
42.8 16.10794 14
42.9 16.14409 14
43.0 16.18020 14
43.1 16.21947 14
43.2 16.26718 14
43.3 16.29020 14
43.4 16.32624 14
43.5 16.36244 14
43.6 16.40589 14
43.7 16.45366 14
43.8 16.47204 14
43.9 16.50799 14
44.0 16.54495 14
44.1 16.59276 14
44.2 16.64060 14
44.3 16.65346 14
44.4 16.68939 14
44.5 16.73222 14
44.6 16.78010 14
44.7 16.79867 14
44.8 16.83444 14
44.9 16.87205 14
45.0 16.91999 14
45.1 16.94361 14
45.2 16.97931 14
45.3 17.01542 14
45.4 17.05255 14
45.5 17.08828 14
45.6 17.12391 14
45.7 17.16009 14
45.8 17.19696 14
45.9 17.23266 14
46.0 17.26009 14
46.1 17.30383 14
46.2 17.30551 14
46.3 17.35138 14
46.4 17.40183 14
46.5 17.39417 14
46.6 17.28403 14
46.7 17.26482 14
46.8 17.29861 14
46.9 17.35213 14
47.0 17.40027 14
47.1 17.43525 14
47.2 17.45659 14
47.3 17.49143 14
47.4 17.54418 14
47.5 17.59101 14
47.6 17.62784 14
47.7 17.66221 14
47.8 17.69580 14
47.9 17.72962 14
48.0 17.76401 14
48.1 17.81155 14
48.2 17.98589 14
48.3 18.01747 14
48.4 18.07300 14
48.5 18.12002 14
48.6 18.16018 14
48.7 18.17904 14
48.8 18.21161 14
48.9 18.26504 14
49.0 18.31441 14
49.1 18.35261 14
49.2 18.38733 14
49.3 18.42107 14
49.4 18.45502 14
49.5 18.48912 14
49.6 18.53252 14
49.7 18.58102 14
49.8 18.62952 14
49.9 18.78556 14
50.0 18.84288 14
50.1 18.88586 14
50.2 18.93487 14
50.3 18.95242 14
50.4 18.98095 14
50.5 19.03473 14
50.6 19.08725 14
50.7 19.12708 14
50.8 19.16226 14
50.9 19.19650 14
51.0 19.23059 14
51.1 19.26465 14
51.2 19.30344 14
51.3 19.35208 14
51.4 19.40073 14
51.5 19.44939 14
51.6 19.49805 14
51.7 19.54673 14
51.8 19.71068 14
51.9 19.76187 14
52.0 19.78203 14
52.1 19.80225 14
52.2 19.85284 14
52.3 19.91023 14
52.4 19.95318 14
52.5 19.98939 14
52.6 20.02393 14
52.7 20.05815 14
52.8 20.09231 14
52.9 20.12768 14
53.0 20.17383 14
53.1 20.22260 14
53.2 20.27139 14
53.3 20.32018 14
53.4 20.36897 14
53.5 20.41778 14
53.6 20.46658 14
53.7 20.62320 14
53.8 20.67400 14
53.9 20.68384 14
54.0 20.71784 14
54.1 20.77970 14
54.2 20.83147 14
54.3 20.87025 14
54.4 20.90531 14
54.5 20.94000 14
54.6 20.97424 14
54.7 21.00870 14
54.8 21.04626 14
54.9 21.09513 14
55.0 21.14402 14
55.1 21.19290 14
55.2 21.24180 14
55.3 21.29070 14
55.4 21.33961 14
55.5 21.38852 14
55.6 21.43743 14
55.7 21.58824 14
55.8 21.63306 14
55.9 21.64510 14
56.0 21.69499 14
56.1 21.75860 14
56.2 21.80568 14
56.3 21.84312 14
56.4 21.87792 14
56.5 21.91256 14
56.6 21.94705 14
56.7 21.98148 14
56.8 22.01816 14
56.9 22.06713 14
57.0 22.11610 14
57.1 22.16508 14
57.2 22.21406 14
57.3 22.26303 14
57.4 22.31201 14
57.5 22.36100 14
57.6 22.40999 14
57.7 22.45898 14
57.8 22.63742 14
57.9 22.65578 14
58.0 22.66899 14
58.1 22.72059 14
58.2 22.78603 14
58.3 22.83586 14
58.4 22.87449 14
58.5 22.90982 14
58.6 22.94447 14
58.7 22.97888 14
58.8 23.01293 14
58.9 23.04722 14
59.0 23.08953 14
59.1 23.13855 14
59.2 23.18758 14
59.3 23.23661 14
59.4 23.28564 14
59.5 23.33467 14
59.6 23.38370 14
59.7 23.43273 14
59.8 23.48177 14
59.9 23.53080 14
60.0 23.70401 14
60.1 23.76064 14
60.2 23.76596 14
60.3 23.79017 14
60.4 23.85155 14
60.5 23.91650 14
60.6 23.96493 14
60.7 24.00331 14
60.8 24.03851 14
60.9 24.07294 14
61.0 24.10718 14
61.1 24.14157 14
61.2 24.17561 14
61.3 24.21211 14
61.4 24.25999 14
61.5 24.30904 14
61.6 24.35809 14
61.7 24.40715 14
61.8 24.45620 14
61.9 24.50524 14
62.0 24.55429 14
62.1 24.60333 14
62.2 24.65239 14
62.3 24.70143 14
62.4 24.75047 14
62.5 24.93977 14
62.6 24.97264 14
62.7 24.97726 14
62.8 25.01538 14
62.9 25.08336 14
63.0 25.14778 14
63.1 25.19558 14
63.2 25.23382 14
63.3 25.26916 14
63.4 25.30327 14
63.5 25.33709 14
63.6 25.37112 14
63.7 25.40472 14
63.8 25.43826 14
63.9 25.47984 14
64.0 25.52887 14
64.1 25.57790 14
64.2 25.62694 14
64.3 25.67597 14
64.4 25.72500 14
64.5 25.77391 14
64.6 25.81961 14
64.7 25.86533 14
64.8 25.91106 14
64.9 25.95681 14
65.0 26.00256 14
65.1 26.04833 14
65.2 26.09412 14
65.3 26.13991 14
65.4 26.18572 14
65.5 26.36408 14
65.6 26.43650 14
65.7 26.45979 14
65.8 26.47138 14
65.9 26.49320 14
66.0 26.53207 14
66.1 26.58724 14
66.2 26.64981 14
66.3 26.70928 14
66.4 26.76150 14
66.5 26.80659 14
66.6 26.84687 14
66.7 26.88480 14
66.8 26.92126 14
66.9 26.95745 14
67.0 26.99310 14
67.1 27.02898 14
67.2 27.06475 14
67.3 27.10024 14
67.4 27.13595 14
67.5 27.17136 14
67.6 27.20700 14
67.7 27.24260 14
67.8 27.28244 14
67.9 27.32816 14
68.0 27.37427 14
68.1 27.42040 14
68.2 27.46654 14
68.3 27.51270 14
68.4 27.55887 14
68.5 27.60505 14
68.6 27.65125 14
68.7 27.69745 14
68.8 27.74367 14
68.9 27.78991 14
69.0 27.83615 14
69.1 27.88241 14
69.2 27.92869 14
69.3 27.97496 14
69.4 28.02127 14
69.5 28.06758 14
69.6 28.11389 14
69.7 28.16023 14
69.8 28.20659 14
69.9 28.40534 14
70.0 28.47449 14
70.1 28.49185 14
70.2 28.49956 14
70.3 28.51809 14
70.4 28.55475 14
70.5 28.60972 14
70.6 28.67542 14
70.7 28.74014 14
70.8 28.79781 14
70.9 28.84724 14
71.0 28.89038 14
71.1 28.92982 14
71.2 28.96731 14
71.3 29.00359 14
71.4 29.03975 14
71.5 29.07565 14
71.6 29.11146 14
71.7 29.14721 14
71.8 29.18270 14
71.9 29.21839 14
72.0 29.25408 14
72.1 29.28975 14
72.2 29.32512 14
72.3 29.36443 14
72.4 29.40800 14
72.5 29.45467 14
72.6 29.50136 14
72.7 29.54804 14
72.8 29.59475 14
72.9 29.64148 14
73.0 29.68821 14
73.1 29.73496 14
73.2 29.78172 14
73.3 29.82849 14
73.4 29.87527 14
73.5 29.92208 14
73.6 29.96889 14
73.7 30.01572 14
73.8 30.06256 14
73.9 30.10941 14
74.0 30.15626 14
74.1 30.20314 14
74.2 30.25003 14
74.3 30.29693 14
74.4 30.34385 14
74.5 30.39078 14
74.6 30.62532 14
74.7 30.66935 14
74.8 30.67560 14
74.9 30.68042 14
75.0 30.69952 14
75.1 30.73925 14
75.2 30.79851 14
75.3 30.86832 14
75.4 30.93759 14
75.5 30.99933 14
75.6 31.05192 14
75.7 31.09726 14
75.8 31.13800 14
75.9 31.17618 14
76.0 31.21307 14
76.1 31.24940 14
76.2 31.28509 14
76.3 31.32091 14
76.4 31.35666 14
76.5 31.39237 14
76.6 31.42810 14
76.7 31.46376 14
76.8 31.49941 14
76.9 31.53504 14
77.0 31.57066 14
77.1 31.61031 14
77.2 31.65312 14
77.3 31.70038 14
77.4 31.74765 14
77.5 31.79494 14
77.6 31.84224 14
77.7 31.88955 14
77.8 31.93688 14
77.9 31.98422 14
78.0 32.03157 14
78.1 32.07894 14
78.2 32.12631 14
78.3 32.17371 14
78.4 32.22111 14
78.5 32.26853 14
78.6 32.31596 14
78.7 32.36340 14
78.8 32.41085 14
78.9 32.45832 14
79.0 32.50580 14
79.1 32.55331 14
79.2 32.60082 14
79.3 32.64834 14
79.4 32.69587 14
79.5 32.74342 14
79.6 33.00516 14
79.7 33.01433 14
79.8 33.01259 14
79.9 33.01885 14
80.0 33.04384 14
80.1 33.09228 14
80.2 33.15990 14
80.3 33.23587 14
80.4 33.30902 14
80.5 33.37310 14
80.6 33.42716 14
80.7 33.47360 14
80.8 33.51501 14
80.9 33.55358 14
81.0 33.59067 14
81.1 33.62709 14
81.2 33.66308 14
81.3 33.69890 14
81.4 33.73462 14
81.5 33.77056 14
81.6 33.80626 14
81.7 33.84187 14
81.8 33.87747 14
81.9 33.91305 14
82.0 33.94862 14
82.1 33.98420 14
82.2 34.02544 14
82.3 34.06877 14
82.4 34.11667 14
82.5 34.16457 14
82.6 34.21249 14
82.7 34.26042 14
82.8 34.30836 14
82.9 34.35632 14
83.0 34.40431 14
83.1 34.45229 14
83.2 34.50029 14
83.3 34.54829 14
83.4 34.59632 14
83.5 34.64435 14
83.6 34.69242 14
83.7 34.74048 14
83.8 34.78855 14
83.9 34.83664 14
84.0 34.88474 14
84.1 34.93285 14
84.2 34.98099 14
84.3 35.02913 14
84.4 35.07729 14
84.5 35.12545 14
84.6 35.17363 14
84.7 35.22184 14
84.8 35.27004 14
84.9 35.52092 14
85.0 35.51326 14
85.1 35.50993 14
85.2 35.52474 14
85.3 35.56747 14
85.4 35.62357 14
85.5 35.70208 14
85.6 35.78437 14
85.7 35.85972 14
85.8 35.92475 14
85.9 35.97912 14
86.0 36.02557 14
86.1 36.06721 14
86.2 36.10586 14
86.3 36.14300 14
86.4 36.17943 14
86.5 36.21567 14
86.6 36.25144 14
86.7 36.28712 14
86.8 36.32273 14
86.9 36.35858 14
87.0 36.39421 14
87.1 36.42974 14
87.2 36.46526 14
87.3 36.50104 14
87.4 36.53654 14
87.5 36.57425 14
87.6 36.61603 14
87.7 36.66066 14
87.8 36.70923 14
87.9 36.75780 14
88.0 36.80640 14
88.1 36.85502 14
88.2 36.90363 14
88.3 36.95227 14
88.4 37.00093 14
88.5 37.04958 14
88.6 37.09825 14
88.7 37.14694 14
88.8 37.19565 14
88.9 37.24436 14
89.0 37.29309 14
89.1 37.34184 14
89.2 37.39059 14
89.3 37.43935 14
89.4 37.48813 14
89.5 37.53693 14
89.6 37.58574 14
89.7 37.63455 14
89.8 37.68340 14
89.9 37.73224 14
90.0 37.78110 14
90.1 37.82998 14
90.2 37.87887 14
90.3 37.92776 14
90.4 37.97669 14
90.5 38.19043 14
90.6 38.17806 14
90.7 38.18637 14
90.8 38.22461 14
90.9 38.27723 14
91.0 38.34245 14
91.1 38.43098 14
91.2 38.51829 14
91.3 38.59551 14
91.4 38.65995 14
91.5 38.71380 14
91.6 38.76001 14
91.7 38.80134 14
91.8 38.83990 14
91.9 38.87722 14
92.0 38.91355 14
92.1 38.94955 14
92.2 38.98553 14
92.3 39.02114 14
92.4 39.05669 14
92.5 39.09246 14
92.6 39.12802 14
92.7 39.16348 14
92.8 39.19919 14
92.9 39.23463 14
93.0 39.27005 14
93.1 39.30573 14
93.2 39.34643 14
93.3 39.38893 14
93.4 39.43499 14
93.5 39.48427 14
93.6 39.53359 14
93.7 39.58290 14
93.8 39.63222 14
93.9 39.68158 14
94.0 39.73093 14
94.1 39.78031 14
94.2 39.82969 14
94.3 39.87908 14
94.4 39.92851 14
94.5 39.97792 14
94.6 40.02737 14
94.7 40.07682 14
94.8 40.12628 14
94.9 40.17577 14
95.0 40.22525 14
95.1 40.27477 14
95.2 40.32428 14
95.3 40.37381 14
95.4 40.42337 14
95.5 40.47292 14
95.6 40.52250 14
95.7 40.57208 14
95.8 40.62167 14
95.9 40.67130 14
96.0 40.72092 14
96.1 40.77057 14
96.2 40.82022 14
96.3 40.86988 14
96.4 41.03236 14
96.5 41.03406 14
96.6 41.06704 14
96.7 41.11522 14
96.8 41.17758 14
96.9 41.25288 14
97.0 41.33599 14
97.1 41.40348 14
97.2 41.46482 14
97.3 41.51933 14
97.4 41.56853 14
97.5 41.61407 14
97.6 41.65743 14
97.7 41.69931 14
97.8 41.74055 14
97.9 41.78131 14
98.0 41.82200 14
98.1 41.86247 14
98.2 41.90301 14
98.3 41.94340 14
98.4 41.98390 14
98.5 42.02426 14
98.6 42.06462 14
98.7 42.10509 14
98.8 42.14543 14
98.9 42.18588 14
99.0 42.22621 14
99.1 42.26528 14
99.2 42.33521 14
99.3 42.43581 14
99.4 42.52680 14
99.5 42.58095 14
99.6 42.62481 14
99.7 42.66388 14
99.8 42.71966 14
99.9 42.76383 14
100.0 42.80459 14
100.1 42.86044 14
100.2 42.90491 14
100.3 42.94860 14
100.4 42.98676 14
100.5 43.05275 14
100.6 43.09885 14
100.7 43.14461 14
100.8 43.20584 14
100.9 43.30662 14
101.0 43.40762 14
101.1 43.50825 14
101.2 43.60916 14
101.3 43.70976 14
101.4 43.81064 14
101.5 43.91110 14
101.6 44.01190 14
101.7 44.11233 14
101.8 44.21292 14
101.9 44.31326 14
102.0 44.41383 14
102.1 44.51414 14
102.2 44.61462 14
102.3 44.71480 14
102.4 44.81519 14
102.5 44.91528 14
102.6 45.01559 14
102.7 45.11560 14
102.8 45.21577 14
102.9 45.31575 14
103.0 45.41583 14
103.1 45.51567 14
103.2 45.61573 14
103.3 45.71549 14
103.4 45.81547 14
103.5 45.91515 14
103.6 46.01504 14
103.7 46.11464 14
103.8 46.21451 14
103.9 46.31397 14
104.0 46.41370 14
104.1 44.50000 14
104.2 44.50000 14
104.3 44.50000 14
104.4 44.50000 14
104.5 44.50000 14
104.6 44.50000 14
104.7 44.50000 14
104.8 44.50000 14
104.9 44.50000 14
105.0 44.50000 14
105.1 44.50000 14
105.2 44.50000 14
105.3 44.50000 14
105.4 44.50000 14
105.5 44.50000 14
105.6 44.50000 14
105.7 44.50000 14
105.8 44.50000 14
105.9 44.50000 14
106.0 44.50000 14
106.1 44.50000 14
106.2 44.50000 14
106.3 44.50000 14
106.4 44.50000 14
106.5 44.50000 14
106.6 44.50000 14
106.7 44.50000 14
106.8 44.50000 14
106.9 44.50000 14
107.0 44.50000 14
107.1 44.50000 14
107.2 44.50000 14
107.3 44.50000 14
107.4 44.50000 14
107.5 44.50000 14
107.6 44.50000 14
107.7 44.50000 14
107.8 44.50000 14
107.9 44.50000 14
108.0 44.50000 14
108.1 44.50000 14
108.2 44.50000 14
108.3 44.50000 14
108.4 44.50000 14
108.5 44.50000 14
108.6 44.50000 14
108.7 44.50000 14
108.8 44.50000 14
108.9 44.50000 14
109.0 44.50000 14
109.1 44.50000 14
109.2 44.50000 14
109.3 44.50000 14
109.4 44.50000 14
109.5 44.50000 14
109.6 44.50000 14
109.7 44.50000 14
109.8 44.50000 14
109.9 44.50000 14
110.0 44.50000 14
110.1 44.50000 14
110.2 44.50000 14
110.3 44.50000 14
110.4 44.50000 14
110.5 44.50000 14
110.6 44.50000 14
110.7 44.50000 14
110.8 44.50000 14
110.9 44.50000 14
111.0 44.50000 14
111.1 44.50000 14
111.2 44.50000 14
111.3 44.50000 14
111.4 44.50000 14
111.5 44.50000 14
111.6 44.50000 14
111.7 44.50000 14
111.8 44.50000 14
111.9 44.50000 14
112.0 44.50000 14
112.1 44.50000 14
112.2 44.50000 14
112.3 44.50000 14
112.4 44.50000 14
112.5 44.50000 14
112.6 44.50000 14
112.7 44.50000 14
112.8 44.50000 14
112.9 44.50000 14
113.0 44.50000 14
113.1 44.50000 14
113.2 44.50000 14
113.3 44.50000 14
113.4 44.50000 14
113.5 44.50000 14
113.6 44.50000 14
113.7 44.50000 14
113.8 44.50000 14
113.9 44.50000 14
114.0 44.50000 14
114.1 44.50000 14
114.2 44.50000 14
114.3 44.50000 14
114.4 44.50000 14
114.5 44.50000 14
114.6 44.50000 14
114.7 44.50000 14
114.8 44.50000 14
114.9 44.50000 14
115.0 44.50000 14
115.1 44.50000 14
115.2 44.50000 14
115.3 44.50000 14
115.4 44.50000 14
115.5 44.50000 14
115.6 44.50000 14
115.7 44.50000 14
115.8 44.50000 14
115.9 44.50000 14
116.0 44.50000 14
116.1 44.50000 14
116.2 44.50000 14
116.3 44.50000 14
116.4 44.50000 14
116.5 44.50000 14
116.6 44.50000 14
116.7 44.50000 14
116.8 44.50000 14
116.9 44.50000 14
117.0 44.50000 14
117.1 44.50000 14
117.2 44.50000 14
117.3 44.50000 14
117.4 44.50000 14
117.5 44.50000 14
117.6 44.50000 14
117.7 44.50000 14
117.8 44.50000 14
117.9 44.50000 14
118.0 44.50000 14
118.1 44.50000 14
118.2 44.50000 14
118.3 44.50000 14
118.4 44.50000 14
118.5 44.50000 14
118.6 44.50000 14
118.7 44.50000 14
118.8 44.50000 14
118.9 44.50000 14
119.0 44.50000 14
119.1 44.50000 14
119.2 44.50000 14
119.3 44.50000 14
119.4 44.50000 14
119.5 44.50000 14
119.6 44.50000 14
119.7 44.50000 14
119.8 44.50000 14
119.9 44.50000 14
120.0 44.50000 14
120.1 44.50000 14
120.2 44.50000 14
120.3 44.50000 14
120.4 44.50000 14
120.5 44.50000 14
120.6 44.50000 14
120.7 44.50000 14
120.8 44.50000 14
120.9 44.50000 14
121.0 44.50000 14
121.1 44.50000 14
121.2 44.50000 14
121.3 44.50000 14
121.4 44.50000 14
121.5 44.50000 14
121.6 44.50000 14
121.7 44.50000 14
121.8 44.50000 14
121.9 44.50000 14
122.0 44.50000 14
122.1 44.50000 14
122.2 44.50000 14
122.3 44.50000 14
122.4 44.50000 14
122.5 44.50000 14
122.6 44.50000 14
122.7 44.50000 14
122.8 44.50000 14
122.9 44.50000 14
123.0 44.50000 14
123.1 44.50000 14
123.2 44.50000 14
123.3 44.50000 14
123.4 44.50000 14
123.5 44.50000 14
123.6 44.50000 14
123.7 44.50000 14
123.8 44.50000 14
123.9 44.50000 14
124.0 44.50000 14
124.1 44.50000 14
124.2 44.50000 14
124.3 44.50000 14
124.4 44.50000 14
124.5 44.50000 14
124.6 44.50000 14
124.7 44.50000 14
124.8 44.50000 14
124.9 44.50000 14
125.0 44.50000 14
125.1 44.50000 14
125.2 44.50000 14
125.3 44.50000 14
125.4 44.50000 14
125.5 44.50000 14
125.6 44.50000 14
125.7 44.50000 14
125.8 44.50000 14
125.9 44.50000 14
126.0 44.50000 14
126.1 44.50000 14
126.2 44.50000 14
126.3 44.50000 14
126.4 44.50000 14
126.5 44.50000 14
126.6 44.50000 14
126.7 44.50000 14
126.8 44.50000 14
126.9 44.50000 14
127.0 44.50000 14
127.1 44.50000 14
127.2 44.50000 14
127.3 44.50000 14
127.4 44.50000 14
127.5 44.50000 14
127.6 44.50000 14
127.7 44.50000 14
127.8 44.50000 14
127.9 44.50000 14
128.0 44.50000 14
128.1 44.50000 14
128.2 44.50000 14
128.3 44.50000 14
128.4 44.50000 14
128.5 44.50000 14
128.6 44.50000 14
128.7 44.50000 14
128.8 44.50000 14
128.9 44.50000 14
129.0 44.50000 14
129.1 44.50000 14
129.2 44.50000 14
129.3 44.50000 14
129.4 44.50000 14
129.5 44.50000 14
129.6 44.50000 14
129.7 44.50000 14
129.8 44.50000 14
129.9 44.50000 14
130.0 44.50000 14
130.1 44.50000 14
130.2 44.50000 14
130.3 44.50000 14
130.4 44.50000 14
130.5 44.50000 14
130.6 44.50000 14
130.7 44.50000 14
130.8 44.50000 14
130.9 44.50000 14
131.0 44.50000 14
131.1 44.50000 14
131.2 44.50000 14
131.3 44.50000 14
131.4 44.50000 14
131.5 44.50000 14
131.6 44.50000 14
131.7 44.50000 14
131.8 44.50000 14
131.9 44.50000 14
132.0 44.50000 14
132.1 44.50000 14
132.2 44.50000 14
132.3 44.50000 14
132.4 44.50000 14
132.5 44.50000 14
132.6 44.50000 14
132.7 44.50000 14
132.8 44.50000 14
132.9 44.50000 14
133.0 44.50000 14
133.1 44.50000 14
133.2 44.50000 14
133.3 44.50000 14
133.4 44.50000 14
133.5 44.50000 14
133.6 44.50000 14
133.7 44.50000 14
133.8 44.50000 14
133.9 44.50000 14
134.0 44.50000 14
134.1 44.50000 14
134.2 44.50000 14
134.3 44.50000 14
134.4 44.50000 14
134.5 44.50000 14
134.6 44.50000 14
134.7 44.50000 14
134.8 44.50000 14
134.9 44.50000 14
135.0 44.50000 14
135.1 44.50000 14
135.2 44.50000 14
135.3 44.50000 14
135.4 44.50000 14
135.5 44.50000 14
135.6 44.50000 14
135.7 44.50000 14
135.8 44.50000 14
135.9 44.50000 14
136.0 44.50000 14
136.1 44.50000 14
136.2 44.50000 14
136.3 44.50000 14
136.4 44.50000 14
136.5 44.50000 14
136.6 44.50000 14
136.7 44.50000 14
136.8 44.50000 14
136.9 44.50000 14
137.0 44.50000 14
137.1 44.50000 14
137.2 44.50000 14
137.3 44.50000 14
137.4 44.50000 14
137.5 44.50000 14
137.6 44.50000 14
137.7 44.50000 14
137.8 44.50000 14
137.9 44.50000 14
138.0 44.50000 14
138.1 44.50000 14
138.2 44.50000 14
138.3 44.50000 14
138.4 44.50000 14
138.5 44.50000 14
138.6 44.50000 14
138.7 44.50000 14
138.8 44.50000 14
138.9 44.50000 14
139.0 44.50000 14
139.1 44.50000 14
139.2 44.50000 14
139.3 44.50000 14
139.4 44.50000 14
139.5 44.50000 14
139.6 44.50000 14
139.7 44.50000 14
139.8 44.50000 14
139.9 44.50000 14
140.0 44.50000 14
140.1 44.50000 14
140.2 44.50000 14
140.3 44.50000 14
140.4 44.50000 14
140.5 44.50000 14
140.6 44.50000 14
140.7 44.50000 14
140.8 44.50000 14
140.9 44.50000 14
141.0 44.50000 14
141.1 44.50000 14
141.2 44.50000 14
141.3 44.50000 14
141.4 44.50000 14
141.5 44.50000 14
141.6 44.50000 14
141.7 44.50000 14
141.8 44.50000 14
141.9 44.50000 14
142.0 44.50000 14
142.1 44.50000 14
142.2 44.50000 14
142.3 44.50000 14
142.4 44.50000 14
142.5 44.50000 14
142.6 44.50000 14
142.7 44.50000 14
142.8 44.50000 14
142.9 44.50000 14
143.0 44.50000 14
143.1 44.50000 14
143.2 44.50000 14
143.3 44.50000 14
143.4 44.50000 14
143.5 44.50000 14
143.6 44.50000 14
143.7 44.50000 14
143.8 44.50000 14
143.9 44.50000 14
144.0 44.50000 14
144.1 44.50000 14
144.2 44.50000 14
144.3 44.50000 14
144.4 44.50000 14
144.5 44.50000 14
144.6 44.50000 14
144.7 44.50000 14
144.8 44.50000 14
144.9 44.50000 14
145.0 44.50000 14
145.1 44.50000 14
145.2 44.50000 14
145.3 44.50000 14
145.4 44.50000 14
145.5 44.50000 14
145.6 44.50000 14
145.7 44.50000 14
145.8 44.50000 14
145.9 44.50000 14
146.0 44.50000 14
146.1 44.50000 14
146.2 44.50000 14
146.3 44.50000 14
146.4 44.50000 14
146.5 44.50000 14
146.6 44.50000 14
146.7 44.50000 14
146.8 44.50000 14
146.9 44.50000 14
147.0 44.50000 14
147.1 44.50000 14
147.2 44.50000 14
147.3 44.50000 14
147.4 44.50000 14
147.5 44.50000 14
147.6 44.50000 14
147.7 44.50000 14
147.8 44.50000 14
147.9 44.50000 14
148.0 44.50000 14
148.1 44.50000 14
148.2 44.50000 14
148.3 44.50000 14
148.4 44.50000 14
148.5 44.50000 14
148.6 44.50000 14
148.7 44.50000 14
148.8 44.50000 14
148.9 44.50000 14
149.0 44.50000 14
149.1 44.50000 14
149.2 44.50000 14
149.3 44.50000 14
149.4 44.50000 14
149.5 44.50000 14
149.6 44.50000 14
149.7 44.50000 14
149.8 44.50000 14
149.9 44.50000 14
150.0 44.50000 14
150.1 44.50000 14
150.2 44.50000 14
150.3 44.50000 14
150.4 44.50000 14
150.5 44.50000 14
150.6 44.50000 14
150.7 44.50000 14
150.8 44.50000 14
150.9 44.50000 14
151.0 44.50000 14
151.1 44.50000 14
151.2 44.50000 14
151.3 44.50000 14
151.4 44.50000 14
151.5 44.50000 14
151.6 44.50000 14
151.7 44.50000 14
151.8 44.50000 14
151.9 44.50000 14
152.0 44.50000 14
152.1 44.50000 14
152.2 44.50000 14
152.3 44.50000 14
152.4 44.50000 14
152.5 44.50000 14
152.6 44.50000 14
152.7 44.50000 14
152.8 44.50000 14
152.9 44.50000 14
153.0 44.50000 14
153.1 44.50000 14
153.2 44.50000 14
153.3 44.50000 14
153.4 44.50000 14
153.5 44.50000 14
153.6 44.50000 14
153.7 44.50000 14
153.8 44.50000 14
153.9 44.50000 14
154.0 44.50000 14
154.1 44.50000 14
154.2 44.50000 14
154.3 44.50000 14
154.4 44.50000 14
154.5 44.50000 14
154.6 44.50000 14
154.7 44.50000 14
154.8 44.50000 14
154.9 44.50000 14
155.0 44.50000 14
155.1 44.50000 14
155.2 44.50000 14
155.3 44.50000 14
155.4 44.50000 14
155.5 44.50000 14
155.6 44.50000 14
155.7 44.50000 14
155.8 44.50000 14
155.9 44.50000 14
156.0 44.50000 14
156.1 44.50000 14
156.2 44.50000 14
156.3 44.50000 14
156.4 44.50000 14
156.5 44.50000 14
156.6 44.50000 14
156.7 44.50000 14
156.8 44.50000 14
156.9 44.50000 14
157.0 44.50000 14
157.1 44.50000 14
157.2 44.50000 14
157.3 44.50000 14
157.4 44.50000 14
157.5 44.50000 14
157.6 44.50000 14
157.7 44.50000 14
157.8 44.50000 14
157.9 44.50000 14
158.0 44.50000 14
158.1 44.50000 14
158.2 44.50000 14
158.3 44.50000 14
158.4 44.50000 14
158.5 44.50000 14
158.6 44.50000 14
158.7 44.50000 14
158.8 44.50000 14
158.9 44.50000 14
159.0 44.50000 14
159.1 44.50000 14
159.2 44.50000 14
159.3 44.50000 14
159.4 44.50000 14
159.5 44.50000 14
159.6 44.50000 14
159.7 44.50000 14
159.8 44.50000 14
159.9 44.50000 14
160.0 44.50000 14
160.1 44.50000 14
160.2 44.50000 14
160.3 44.50000 14
160.4 44.50000 14
160.5 44.50000 14
160.6 44.50000 14
160.7 44.50000 14
160.8 44.50000 14
160.9 44.50000 14
161.0 44.50000 14
161.1 44.50000 14
161.2 44.50000 14
161.3 44.50000 14
161.4 44.50000 14
161.5 44.50000 14
161.6 44.50000 14
161.7 44.50000 14
161.8 44.50000 14
161.9 44.50000 14
162.0 44.50000 14
162.1 44.50000 14
162.2 44.50000 14
162.3 44.50000 14
162.4 44.50000 14
162.5 44.50000 14
162.6 44.50000 14
162.7 44.50000 14
162.8 44.50000 14
162.9 44.50000 14
163.0 44.50000 14
163.1 44.50000 14
163.2 44.50000 14
163.3 44.50000 14
163.4 44.50000 14
163.5 44.50000 14
163.6 44.50000 14
163.7 44.50000 14
163.8 44.50000 14
163.9 44.50000 14
164.0 44.50000 14
164.1 44.50000 14
164.2 44.50000 14
164.3 44.50000 14
164.4 44.50000 14
164.5 44.50000 14
164.6 44.50000 14
164.7 44.50000 14
164.8 44.50000 14
164.9 44.50000 14
165.0 44.50000 14
165.1 44.50000 14
165.2 44.50000 14
165.3 44.50000 14
165.4 44.50000 14
165.5 44.50000 14
165.6 44.50000 14
165.7 44.50000 14
165.8 44.50000 14
165.9 44.50000 14
166.0 44.50000 14
166.1 44.50000 14
166.2 44.50000 14
166.3 44.50000 14
166.4 44.50000 14
166.5 44.50000 14
166.6 44.50000 14
166.7 44.50000 14
166.8 44.50000 14
166.9 44.50000 14
167.0 44.50000 14
167.1 44.50000 14
167.2 44.50000 14
167.3 44.50000 14
167.4 44.50000 14
167.5 44.50000 14
167.6 44.50000 14
167.7 44.50000 14
167.8 44.50000 14
167.9 44.50000 14
168.0 44.50000 14
168.1 44.50000 14
168.2 44.50000 14
168.3 44.50000 14
168.4 44.50000 14
168.5 44.50000 14
168.6 44.50000 14
168.7 44.50000 14
168.8 44.50000 14
168.9 44.50000 14
169.0 44.50000 14
169.1 44.50000 14
169.2 44.50000 14
169.3 44.50000 14
169.4 44.50000 14
169.5 44.50000 14
169.6 44.50000 14
169.7 44.50000 14
169.8 44.50000 14
169.9 44.50000 14
170.0 44.50000 14
170.1 44.50000 14
170.2 44.50000 14
170.3 44.50000 14
170.4 44.50000 14
170.5 44.50000 14
170.6 44.50000 14
170.7 44.50000 14
170.8 44.50000 14
170.9 0.00000 15
171.0 0.00000 15
171.1 44.50000 14
171.2 44.50000 14
171.3 44.50000 14
171.4 0.00000 15
171.5 0.00000 15
171.6 0.00000 15
171.7 44.50000 14
171.8 44.50000 14
171.9 0.00000 15
172.0 0.00000 15
172.1 0.00000 15
172.2 0.00000 15
172.3 0.00000 15
172.4 0.00000 15
172.5 0.00000 15
172.6 0.00000 15
172.7 0.00000 15
172.8 0.00000 15
172.9 0.00000 15
173.0 0.00000 15
173.1 0.00000 15
173.2 0.00000 15
173.3 0.00000 15
173.4 0.00000 15
173.5 0.00000 15
173.6 0.00000 15
173.7 0.00000 15
173.8 0.00000 15
173.9 0.00000 15
174.0 0.00000 15
174.1 0.00000 15
174.2 0.00000 15
174.3 0.00000 15
174.4 0.00000 15
174.5 0.00000 15
174.6 0.00000 15
174.7 0.00000 15
174.8 0.00000 15
174.9 0.00000 15
175.0 0.00000 15
175.1 0.00000 15
175.2 0.00000 15
175.3 0.00000 15
175.4 0.00000 15
175.5 0.00000 15
175.6 0.00000 15
175.7 0.00000 15
175.8 0.00000 15
175.9 0.00000 15
176.0 0.00000 15
176.1 0.00000 15
176.2 0.00000 15
176.3 0.00000 15
176.4 0.00000 15
176.5 0.00000 15
176.6 0.00000 15
176.7 0.00000 15
176.8 0.00000 15
176.9 0.00000 15
177.0 0.00000 15
177.1 0.00000 15
177.2 0.00000 15
177.3 0.00000 15
177.4 0.00000 15
177.5 0.00000 15
177.6 0.00000 15
177.7 0.00000 15
177.8 0.00000 15
177.9 0.00000 15
178.0 0.00000 15
178.1 0.00000 15
178.2 0.00000 15
178.3 0.00000 15
178.4 0.00000 15
178.5 0.00000 15
178.6 0.00000 15
178.7 0.00000 15
178.8 0.00000 15
178.9 0.00000 15
179.0 0.00000 15
179.1 0.00000 15
179.2 0.00000 15
179.3 0.00000 15
179.4 0.00000 15
179.5 0.00000 15
179.6 0.00000 15
179.7 0.00000 15
179.8 0.00000 15
179.9 0.00000 15
180.0 0.00000 15
180.1 0.00000 15
180.2 0.00000 15
180.3 0.00000 15
180.4 0.00000 15
180.5 0.00000 15
180.6 0.00000 15
180.7 0.00000 15
180.8 0.00000 15
180.9 0.00000 15
181.0 0.00000 15
181.1 0.00000 15
181.2 0.00000 15
181.3 0.00000 15
181.4 0.00000 15
181.5 0.00000 15
181.6 0.00000 15
181.7 0.00000 15
181.8 0.00000 15
181.9 0.00000 15
182.0 0.00000 15
182.1 0.00000 15
182.2 0.00000 15
182.3 0.00000 15
182.4 0.00000 15
182.5 0.00000 15
182.6 0.00000 15
182.7 0.00000 15
182.8 0.00000 15
182.9 0.00000 15
183.0 0.00000 15
183.1 0.00000 15
183.2 0.00000 15
183.3 0.00000 15
183.4 0.00000 15
183.5 0.00000 15
183.6 0.00000 15
183.7 0.00000 15
183.8 0.00000 15
183.9 0.00000 15
184.0 0.00000 15
184.1 0.00000 15
184.2 0.00000 15
184.3 0.00000 15
184.4 0.00000 15
184.5 0.00000 15
184.6 0.00000 15
184.7 0.00000 15
184.8 0.00000 15
184.9 0.00000 15
185.0 0.00000 15
185.1 0.00000 15
185.2 0.00000 15
185.3 0.00000 15
185.4 0.00000 15
185.5 0.00000 15
185.6 0.00000 15
185.7 0.00000 15
185.8 0.00000 15
185.9 0.00000 15
186.0 0.00000 15
186.1 0.00000 15
186.2 0.00000 15
186.3 0.00000 15
186.4 0.00000 15
186.5 0.00000 15
186.6 0.00000 15
186.7 0.00000 15
186.8 0.00000 15
186.9 0.00000 15
187.0 0.00000 15
187.1 0.00000 15
187.2 0.00000 15
187.3 0.00000 15
187.4 0.00000 15
187.5 0.00000 15
187.6 0.00000 15
187.7 0.00000 15
187.8 0.00000 15
187.9 0.00000 15
188.0 0.00000 15
188.1 0.00000 15
188.2 0.00000 15
188.3 0.00000 15
188.4 0.00000 15
188.5 0.00000 15
188.6 0.00000 15
188.7 0.00000 15
188.8 0.00000 15
188.9 0.00000 15
189.0 0.00000 15
189.1 0.00000 15
189.2 0.00000 15
189.3 0.00000 15
189.4 0.00000 15
189.5 0.00000 15
189.6 0.00000 15
189.7 0.00000 15
189.8 0.00000 15
189.9 0.00000 15
190.0 0.00000 15
190.1 0.00000 15
190.2 0.00000 15
190.3 0.00000 15
190.4 0.00000 15
190.5 0.00000 15
190.6 0.00000 15
190.7 0.00000 15
190.8 0.00000 15
190.9 0.00000 15
191.0 0.00000 15
191.1 0.00000 15
191.2 0.00000 15
191.3 0.00000 15
191.4 0.00000 15
191.5 0.00000 15
191.6 0.00000 15
191.7 0.00000 15
191.8 0.00000 15
191.9 0.00000 15
192.0 0.00000 15
192.1 0.00000 15
192.2 0.00000 15
192.3 0.00000 15
192.4 0.00000 15
192.5 0.00000 15
192.6 0.00000 15
192.7 0.00000 15
192.8 0.00000 15
192.9 0.00000 15
193.0 0.00000 15
193.1 0.00000 15
193.2 0.00000 15
193.3 0.00000 15
193.4 0.00000 15
193.5 0.00000 15
193.6 0.00000 15
193.7 0.00000 15
193.8 0.00000 15
193.9 0.00000 15
194.0 0.00000 15
194.1 0.00000 15
194.2 0.00000 15
194.3 0.00000 15
194.4 0.00000 15
194.5 0.00000 15
194.6 0.00000 15
194.7 0.00000 15
194.8 0.00000 15
194.9 0.00000 15
195.0 0.00000 15
195.1 0.00000 15
195.2 0.00000 15
195.3 0.00000 15
195.4 0.00000 15
195.5 0.00000 15
195.6 0.00000 15
195.7 0.00000 15
195.8 0.00000 15
195.9 0.00000 15
196.0 0.00000 15
196.1 0.00000 15
196.2 0.00000 15
196.3 0.00000 15
196.4 0.00000 15
196.5 0.00000 15
196.6 0.00000 15
196.7 0.00000 15
196.8 0.00000 15
196.9 0.00000 15
197.0 0.00000 15
197.1 0.00000 15
197.2 0.00000 15
197.3 0.00000 15
197.4 0.00000 15
197.5 0.00000 15
197.6 0.00000 15
197.7 0.00000 15
197.8 0.00000 15
197.9 0.00000 15
198.0 0.00000 15
198.1 0.00000 15
198.2 0.00000 15
198.3 0.00000 15
198.4 0.00000 15
198.5 0.00000 15
198.6 0.00000 15
198.7 0.00000 15
198.8 0.00000 15
198.9 0.00000 15
199.0 0.00000 15
199.1 0.00000 15
199.2 0.00000 15
199.3 0.00000 15
199.4 0.00000 15
199.5 0.00000 15
199.6 0.00000 15
199.7 0.00000 15
199.8 0.00000 15
199.9 0.00000 15
200.0 0.00000 15
200.1 0.00000 15
200.2 0.00000 15
200.3 0.00000 15
200.4 0.00000 15
200.5 0.00000 15
200.6 0.00000 15
200.7 0.00000 15
200.8 0.00000 15
200.9 0.00000 15
201.0 0.00000 15
201.1 0.00000 15
201.2 0.00000 15
201.3 0.00000 15
201.4 0.00000 15
201.5 0.00000 15
201.6 0.00000 15
201.7 0.00000 15
201.8 0.00000 15
201.9 0.00000 15
202.0 0.00000 15
202.1 0.00000 15
202.2 0.00000 15
202.3 0.00000 15
202.4 0.00000 15
202.5 0.00000 15
202.6 0.00000 15
202.7 0.00000 15
202.8 0.00000 15
202.9 0.00000 15
203.0 0.00000 15
203.1 0.00000 15
203.2 0.00000 15
203.3 0.00000 15
203.4 0.00000 15
203.5 0.00000 15
203.6 0.00000 15
203.7 0.00000 15
203.8 0.00000 15
203.9 0.00000 15
204.0 0.00000 15
204.1 0.00000 15
204.2 0.00000 15
204.3 0.00000 15
204.4 0.00000 15
204.5 0.00000 15
204.6 0.00000 15
204.7 0.00000 15
204.8 0.00000 15
204.9 0.00000 15
205.0 0.00000 15
205.1 0.00000 15
205.2 0.00000 15
205.3 0.00000 15
205.4 0.00000 15
205.5 0.00000 15
205.6 0.00000 15
205.7 0.00000 15
205.8 0.00000 15
205.9 0.00000 15
206.0 0.00000 15
206.1 0.00000 15
206.2 0.00000 15
206.3 0.00000 15
206.4 0.00000 15
206.5 0.00000 15
206.6 0.00000 15
206.7 0.00000 15
206.8 0.00000 15
206.9 0.00000 15
207.0 0.00000 15
207.1 0.00000 15
207.2 0.00000 15
207.3 0.00000 15
207.4 0.00000 15
207.5 0.00000 15
207.6 0.00000 15
207.7 0.00000 15
207.8 0.00000 15
207.9 0.00000 15
208.0 0.00000 15
208.1 0.00000 15
208.2 0.00000 15
208.3 0.00000 15
208.4 0.00000 15
208.5 0.00000 15
208.6 0.00000 15
208.7 0.00000 15
208.8 0.00000 15
208.9 0.00000 15
209.0 0.00000 15
209.1 0.00000 15
209.2 0.00000 15
209.3 0.00000 15
209.4 0.00000 15
209.5 0.00000 15
209.6 0.00000 15
209.7 0.00000 15
209.8 0.00000 15
209.9 0.00000 15
210.0 0.00000 15
210.1 0.00000 15
210.2 0.00000 15
210.3 0.00000 15
210.4 0.00000 15
210.5 0.00000 15
210.6 0.00000 15
210.7 0.00000 15
210.8 0.00000 15
210.9 0.00000 15
211.0 0.00000 15
211.1 0.00000 15
211.2 0.00000 15
211.3 0.00000 15
211.4 0.00000 15
211.5 0.00000 15
211.6 0.00000 15
211.7 0.00000 15
211.8 0.00000 15
211.9 0.00000 15
212.0 0.00000 15
212.1 0.00000 15
212.2 0.00000 15
212.3 0.00000 15
212.4 0.00000 15
212.5 0.00000 15
212.6 0.00000 15
212.7 0.00000 15
212.8 0.00000 15
212.9 0.00000 15
213.0 0.00000 15
213.1 0.00000 15
213.2 0.00000 15
213.3 0.00000 15
213.4 0.00000 15
213.5 0.00000 15
213.6 0.00000 15
213.7 0.00000 15
213.8 0.00000 15
213.9 0.00000 15
214.0 0.00000 15
214.1 0.00000 15
214.2 0.00000 15
214.3 0.00000 15
214.4 0.00000 15
214.5 0.00000 15
214.6 0.00000 15
214.7 0.00000 15
214.8 0.00000 15
214.9 0.00000 15
215.0 0.00000 15
215.1 0.00000 15
215.2 0.00000 15
215.3 0.00000 15
215.4 0.00000 15
215.5 0.00000 15
215.6 0.00000 15
215.7 0.00000 15
215.8 0.00000 15
215.9 0.00000 15
216.0 0.00000 15
216.1 0.00000 15
216.2 0.00000 15
216.3 0.00000 15
216.4 0.00000 15
216.5 0.00000 15
216.6 0.00000 15
216.7 0.00000 15
216.8 0.00000 15
216.9 0.00000 15
217.0 0.00000 15
217.1 0.00000 15
217.2 0.00000 15
217.3 0.00000 15
217.4 0.00000 15
217.5 0.00000 15
217.6 0.00000 15
217.7 0.00000 15
217.8 0.00000 15
217.9 0.00000 15
218.0 0.00000 15
218.1 0.00000 15
218.2 0.00000 15
218.3 0.00000 15
218.4 0.00000 15
218.5 0.00000 15
218.6 0.00000 15
218.7 0.00000 15
218.8 0.00000 15
218.9 0.00000 15
219.0 0.00000 15
219.1 0.00000 15
219.2 0.00000 15
219.3 0.00000 15
219.4 0.00000 15
219.5 0.00000 15
219.6 0.00000 15
219.7 0.00000 15
219.8 0.00000 15
219.9 0.00000 15
220.0 0.00000 15
220.1 0.00000 15
220.2 0.00000 15
220.3 0.00000 15
220.4 0.00000 15
220.5 0.00000 15
220.6 0.00000 15
220.7 0.00000 15
220.8 0.00000 15
220.9 0.00000 15
221.0 0.00000 15
221.1 0.00000 15
221.2 0.00000 15
221.3 0.00000 15
221.4 0.00000 15
221.5 0.00000 15
221.6 0.00000 15
221.7 0.00000 15
221.8 0.00000 15
221.9 0.00000 15
222.0 0.00000 15
222.1 0.00000 15
222.2 0.00000 15
222.3 0.00000 15
222.4 0.00000 15
222.5 0.00000 15
222.6 0.00000 15
222.7 0.00000 15
222.8 0.00000 15
222.9 0.00000 15
223.0 0.00000 15
223.1 0.00000 15
223.2 0.00000 15
223.3 0.00000 15
223.4 0.00000 15
223.5 0.00000 15
223.6 0.00000 15
223.7 0.00000 15
223.8 0.00000 15
223.9 0.00000 15
224.0 0.00000 15
224.1 0.00000 15
224.2 0.00000 15
224.3 0.00000 15
224.4 0.00000 15
224.5 0.00000 15
224.6 0.00000 15
224.7 0.00000 15
224.8 0.00000 15
224.9 0.00000 15
225.0 0.00000 15
225.1 0.00000 15
225.2 0.00000 15
225.3 0.00000 15
225.4 0.00000 15
225.5 0.00000 15
225.6 0.00000 15
225.7 0.00000 15
225.8 0.00000 15
225.9 0.00000 15
226.0 0.00000 15
226.1 0.00000 15
226.2 0.00000 15
226.3 0.00000 15
226.4 0.00000 15
226.5 0.00000 15
226.6 0.00000 15
226.7 0.00000 15
226.8 0.00000 15
226.9 0.00000 15
227.0 0.00000 15
227.1 0.00000 15
227.2 0.00000 15
227.3 0.00000 15
227.4 0.00000 15
227.5 0.00000 15
227.6 0.00000 15
227.7 0.00000 15
227.8 0.00000 15
227.9 0.00000 15
228.0 0.00000 15
228.1 0.00000 15
228.2 0.00000 15
228.3 0.00000 15
228.4 0.00000 15
228.5 0.00000 15
228.6 0.00000 15
228.7 0.00000 15
228.8 0.00000 15
228.9 0.00000 15
229.0 0.00000 15
229.1 0.00000 15
229.2 0.00000 15
229.3 0.00000 15
229.4 0.00000 15
229.5 0.00000 15
229.6 0.00000 15
229.7 0.00000 15
229.8 0.00000 15
229.9 0.00000 15
230.0 0.00000 15
230.1 0.00000 15
230.2 0.00000 15
230.3 0.00000 15
230.4 0.00000 15
230.5 0.00000 15
230.6 0.00000 15
230.7 0.00000 15
230.8 0.00000 15
230.9 0.00000 15
231.0 0.00000 15
231.1 0.00000 15
231.2 0.00000 15
231.3 0.00000 15
231.4 0.00000 15
231.5 0.00000 15
231.6 0.00000 15
231.7 0.00000 15
231.8 0.00000 15
231.9 0.00000 15
232.0 0.00000 15
232.1 0.00000 15
232.2 0.00000 15
232.3 0.00000 15
232.4 0.00000 15
232.5 0.00000 15
232.6 0.00000 15
232.7 0.00000 15
232.8 0.00000 15
232.9 0.00000 15
233.0 0.00000 15
233.1 0.00000 15
233.2 0.00000 15
233.3 0.00000 15
233.4 0.00000 15
233.5 0.00000 15
233.6 0.00000 15
233.7 0.00000 15
233.8 0.00000 15
233.9 0.00000 15
234.0 0.00000 15
234.1 0.00000 15
234.2 0.00000 15
234.3 0.00000 15
234.4 0.00000 15
234.5 0.00000 15
234.6 0.00000 15
234.7 0.00000 15
234.8 0.00000 15
234.9 0.00000 15
235.0 0.00000 15
235.1 0.00000 15
235.2 0.00000 15
235.3 0.00000 15
235.4 0.00000 15
235.5 0.00000 15
235.6 0.00000 15
235.7 0.00000 15
235.8 0.00000 15
235.9 0.00000 15
236.0 0.00000 15
236.1 0.00000 15
236.2 0.00000 15
236.3 0.00000 15
236.4 0.00000 15
236.5 0.00000 15
236.6 0.00000 15
236.7 0.00000 15
236.8 0.00000 15
236.9 0.00000 15
237.0 0.00000 15
237.1 0.00000 15
237.2 0.00000 15
237.3 0.00000 15
237.4 0.00000 15
237.5 0.00000 15
237.6 0.00000 15
237.7 0.00000 15
237.8 0.00000 15
237.9 0.00000 15
238.0 0.00000 15
238.1 0.00000 15
238.2 0.00000 15
238.3 0.00000 15
238.4 0.00000 15
238.5 0.00000 15
238.6 0.00000 15
238.7 0.00000 15
238.8 0.00000 15
238.9 0.00000 15
239.0 0.00000 15
239.1 0.00000 15
239.2 0.00000 15
239.3 0.00000 15
239.4 0.00000 15
239.5 0.00000 15
239.6 0.00000 15
239.7 0.00000 15
239.8 0.00000 15
239.9 0.00000 15
240.0 0.00000 15
240.1 0.00000 15
240.2 0.00000 15
240.3 0.00000 15
240.4 0.00000 15
240.5 0.00000 15
240.6 0.00000 15
240.7 0.00000 15
240.8 0.00000 15
240.9 0.00000 15
241.0 0.00000 15
241.1 0.00000 15
241.2 0.00000 15
241.3 0.00000 15
241.4 0.00000 15
241.5 0.00000 15
241.6 0.00000 15
241.7 0.00000 15
241.8 0.00000 15
241.9 0.00000 15
242.0 0.00000 15
242.1 0.00000 15
242.2 0.00000 15
242.3 0.00000 15
242.4 0.00000 15
242.5 0.00000 15
242.6 0.00000 15
242.7 0.00000 15
242.8 0.00000 15
242.9 0.00000 15
243.0 0.00000 15
243.1 0.00000 15
243.2 0.00000 15
243.3 0.00000 15
243.4 0.00000 15
243.5 0.00000 15
243.6 0.00000 15
243.7 0.00000 15
243.8 0.00000 15
243.9 0.00000 15
244.0 0.00000 15
244.1 0.00000 15
244.2 0.00000 15
244.3 0.00000 15
244.4 0.00000 15
244.5 0.00000 15
244.6 0.00000 15
244.7 0.00000 15
244.8 0.00000 15
244.9 0.00000 15
245.0 0.00000 15
245.1 0.00000 15
245.2 0.00000 15
245.3 0.00000 15
245.4 0.00000 15
245.5 0.00000 15
245.6 0.00000 15
245.7 0.00000 15
245.8 0.00000 15
245.9 0.00000 15
246.0 0.00000 15
246.1 0.00000 15
246.2 0.00000 15
246.3 0.00000 15
246.4 0.00000 15
246.5 0.00000 15
246.6 0.00000 15
246.7 0.00000 15
246.8 0.00000 15
246.9 0.00000 15
247.0 0.00000 15
247.1 0.00000 15
247.2 0.00000 15
247.3 0.00000 15
247.4 0.00000 15
247.5 0.00000 15
247.6 0.00000 15
247.7 0.00000 15
247.8 0.00000 15
247.9 0.00000 15
248.0 0.00000 15
248.1 0.00000 15
248.2 0.00000 15
248.3 0.00000 15
248.4 0.00000 15
248.5 0.00000 15
248.6 0.00000 15
248.7 0.00000 15
248.8 0.00000 15
248.9 0.00000 15
249.0 0.00000 15
249.1 0.00000 15
249.2 0.00000 15
249.3 0.00000 15
249.4 0.00000 15
249.5 0.00000 15
249.6 0.00000 15
249.7 0.00000 15
249.8 0.00000 15
249.9 0.00000 15
250.0 0.00000 15
