15.0 1.48199 13
15.1 1.48958 13
15.2 1.49718 13
15.3 1.50465 13
15.4 1.51212 13
15.5 1.51959 13
15.6 1.52706 13
15.7 1.53452 13
15.8 1.54199 13
15.9 1.54945 13
16.0 1.55691 13
16.1 1.56437 13
16.2 1.57182 13
16.3 1.57928 13
16.4 1.58673 13
16.5 1.59418 13
16.6 1.60163 13
16.7 1.60907 13
16.8 1.61652 13
16.9 1.62396 13
17.0 1.63140 13
17.1 1.63883 13
17.2 1.64627 13
17.3 1.65370 13
17.4 1.66113 13
17.5 1.66856 13
17.6 1.67598 13
17.7 1.68340 13
17.8 1.69082 13
17.9 1.69823 13
18.0 1.70565 13
18.1 1.71306 13
18.2 1.72046 13
18.3 1.72787 13
18.4 1.73527 13
18.5 1.74345 13
18.6 1.75473 13
18.7 1.76609 13
18.8 1.77752 13
18.9 1.78903 13
19.0 1.80061 13
19.1 1.81228 13
19.2 1.82402 13
19.3 1.83583 13
19.4 1.84773 13
19.5 1.85971 13
19.6 1.87176 13
19.7 1.88389 13
19.8 1.89611 13
19.9 1.90840 13
20.0 1.92077 13
20.1 1.93323 13
20.2 1.94577 13
20.3 1.95839 13
20.4 1.97109 13
20.5 1.98387 13
20.6 1.99673 13
20.7 17.26076 14
20.8 17.31019 14
20.9 17.35063 14
21.0 17.40061 14
21.1 17.44962 14
21.2 17.49756 14
21.3 17.54515 14
21.4 17.58264 14
21.5 17.62770 14
21.6 17.67153 14
21.7 17.71728 14
21.8 17.76230 14
21.9 17.79652 14
22.0 17.83890 14
22.1 17.88001 14
22.2 17.91985 14
22.3 17.94838 14
22.4 17.98916 14
22.5 18.02873 14
22.6 18.06702 14
22.7 18.09343 14
22.8 18.12865 14
22.9 18.16239 14
23.0 18.18605 14
23.1 18.22105 14
23.2 18.25466 14
23.3 18.27572 14
23.4 18.30605 14
23.5 5.73130 14
23.6 5.82521 14
23.7 5.91976 14
23.8 6.01458 14
23.9 6.10974 14
24.0 6.20567 14
24.1 6.30147 14
24.2 6.39753 14
24.3 6.49034 14
24.4 6.58734 14
24.5 6.68468 14
24.6 6.78230 14
24.7 6.88017 14
24.8 6.97838 14
24.9 7.07726 14
25.0 7.17636 14
25.1 7.27563 14
25.2 7.37501 14
25.3 7.47446 14
25.4 7.57438 14
25.5 7.67483 14
25.6 7.77534 14
25.7 7.87582 14
25.8 7.97624 14
25.9 8.07650 14
26.0 8.17770 14
26.1 8.27901 14
26.2 8.38019 14
26.3 8.48115 14
26.4 8.58180 14
26.5 8.68251 14
26.6 8.78423 14
26.7 8.88567 14
26.8 8.98673 14
26.9 9.08736 14
27.0 9.18740 14
27.1 9.28848 14
27.2 9.38971 14
27.3 9.49041 14
27.4 9.59052 14
27.5 9.68990 14
27.6 9.78915 14
27.7 9.88978 14
27.8 9.98973 14
27.9 10.08888 14
28.0 10.18711 14
28.1 10.28437 14
28.2 10.38323 14
28.3 10.48195 14
28.4 10.57974 14
28.5 10.67648 14
28.6 10.77196 14
28.7 10.86752 14
28.8 10.96458 14
28.9 11.06055 14
29.0 11.15530 14
29.1 11.24863 14
29.2 11.34040 14
29.3 11.43492 14
29.4 11.52866 14
29.5 11.62103 14
29.6 11.71179 14
29.7 11.80081 14
29.8 11.89033 14
29.9 11.98147 14
30.0 12.07105 14
30.1 12.15883 14
30.2 12.24476 14
30.3 12.32861 14
30.4 12.41626 14
30.5 12.50265 14
30.6 12.58719 14
30.7 12.66970 14
30.8 12.74994 14
30.9 12.83025 14
31.0 12.91324 14
31.1 12.99429 14
31.2 13.07300 14
31.3 13.14936 14
31.4 13.22310 14
31.5 13.30011 14
31.6 13.37724 14
31.7 13.45211 14
31.8 13.52442 14
31.9 13.59392 14
32.0 13.66042 14
32.1 13.73354 14
32.2 13.80426 14
32.3 13.87241 14
32.4 13.93765 14
32.5 13.99976 14
32.6 14.06027 14
32.7 14.12673 14
32.8 14.19062 14
32.9 14.25163 14
33.0 14.30942 14
33.1 14.36383 14
33.2 14.41668 14
33.3 14.47623 14
33.4 14.53294 14
33.5 14.58652 14
33.6 14.63676 14
33.7 14.68323 14
33.8 14.72627 14
33.9 14.77875 14
34.0 14.82813 14
34.1 14.87446 14
34.2 14.85605 14
34.3 14.88514 14
34.4 14.88694 14
34.5 14.86290 14
34.6 14.78407 14
34.7 14.59673 14
34.8 14.09061 14
34.9 13.25536 14
35.0 12.93062 14
35.1 13.01740 14
35.2 12.19144 14
35.3 13.23708 14
35.4 12.39361 14
35.5 13.46301 14
35.6 12.59865 14
35.7 12.70223 14
35.8 12.80652 14
35.9 12.91153 14
36.0 13.01725 14
36.1 13.12368 14
36.2 13.81504 14
36.3 13.33868 14
36.4 13.44724 14
36.5 13.55651 14
36.6 13.99889 14
36.7 13.77719 14
36.8 13.88860 14
36.9 14.12314 14
37.0 14.19416 14
37.1 14.19971 14
37.2 14.26812 14
37.3 14.32393 14
37.4 14.36679 14
37.5 14.39584 14
37.6 14.41490 14
37.7 14.45793 14
37.8 14.53756 14
37.9 14.57267 14
38.0 14.60097 14
38.1 14.57697 14
38.2 14.58443 14
38.3 14.59023 14
38.4 14.59451 14
38.5 14.60740 14
38.6 14.62337 14
38.7 14.64071 14
38.8 14.66742 14
38.9 14.69367 14
39.0 14.71604 14
39.1 14.74359 14
39.2 14.73048 14
39.3 14.63453 14
39.4 14.63581 14
39.5 14.56267 14
39.6 14.51717 14
39.7 14.42406 14
39.8 14.34995 14
39.9 14.34125 14
40.0 14.34668 14
40.1 14.24728 14
40.2 14.16623 14
40.3 14.13905 14
40.4 14.07097 14
40.5 14.03320 14
40.6 13.99281 14
40.7 13.71098 14
40.8 13.54859 14
40.9 13.46233 14
41.0 13.46118 14
41.1 13.42011 14
41.2 13.26394 14
41.3 13.08896 14
41.4 12.99509 14
41.5 12.99270 14
41.6 12.89840 14
41.7 12.90163 14
41.8 12.69813 14
41.9 12.59316 14
42.0 12.53627 14
42.1 12.55896 14
42.2 12.43744 14
42.3 12.25550 14
42.4 12.23696 14
42.5 12.11212 14
42.6 12.13560 14
42.7 12.17194 14
42.8 11.98913 14
42.9 11.91774 14
43.0 11.79154 14
43.1 11.80102 14
43.2 11.70512 14
43.3 11.63265 14
43.4 11.71134 14
43.5 11.84773 14
43.6 11.93250 14
43.7 12.07126 14
43.8 12.08715 14
43.9 12.10212 14
44.0 12.18240 14
44.1 12.26417 14
44.2 12.41244 14
44.3 12.50649 14
44.4 12.64474 14
44.5 12.66508 14
44.6 12.67471 14
44.7 12.75572 14
44.8 12.84383 14
44.9 12.93248 14
45.0 13.02175 14
45.1 13.11147 14
45.2 13.26680 14
45.3 13.48953 14
45.4 13.45417 14
45.5 13.59976 14
45.6 13.71111 14
45.7 13.76546 14
45.8 13.81358 14
45.9 13.86139 14
46.0 13.93020 14
46.1 14.02519 14
46.2 14.12072 14
46.3 14.16199 14
46.4 14.19869 14
46.5 14.23544 14
46.6 14.29884 14
46.7 14.38817 14
46.8 14.37543 14
46.9 14.43337 14
47.0 14.48059 14
47.1 14.50185 14
47.2 14.52031 14
47.3 14.53899 14
47.4 14.56180 14
47.5 14.59794 14
47.6 14.63476 14
47.7 14.67163 14
47.8 14.70848 14
47.9 14.74538 14
48.0 14.78226 14
48.1 14.84072 14
48.2 14.90910 14
48.3 14.92508 14
48.4 14.99504 14
48.5 15.02843 14
48.6 15.04811 14
48.7 15.06606 14
48.8 15.08430 14
48.9 15.10917 14
49.0 15.14618 14
49.1 15.18316 14
49.2 15.22020 14
49.3 15.25725 14
49.4 15.29428 14
49.5 15.33136 14
49.6 15.39330 14
49.7 15.47594 14
49.8 15.47506 14
49.9 15.54210 14
50.0 15.58727 14
50.1 15.60831 14
50.2 15.62598 14
50.3 15.64382 14
50.4 15.66373 14
50.5 15.69667 14
50.6 15.73385 14
50.7 15.77108 14
50.8 15.80830 14
50.9 15.84550 14
51.0 15.88275 14
51.1 15.92001 14
51.2 15.98088 14
51.3 16.05752 14
51.4 16.06658 14
51.5 16.13804 14
51.6 16.18182 14
51.7 16.20234 14
51.8 16.22003 14
51.9 16.23740 14
52.0 16.25537 14
52.1 16.28678 14
52.2 16.32419 14
52.3 16.36160 14
52.4 16.39903 14
52.5 16.43648 14
52.6 16.47389 14
52.7 16.51136 14
52.8 16.58076 14
52.9 16.69047 14
53.0 16.66673 14
53.1 16.70628 14
53.2 16.78177 14
53.3 16.81299 14
53.4 16.83149 14
53.5 16.84851 14
53.6 16.86534 14
53.7 16.88468 14
53.8 16.91727 14
53.9 16.95487 14
54.0 16.99250 14
54.1 17.03013 14
54.2 17.06777 14
54.3 17.10544 14
54.4 17.14312 14
54.5 17.18081 14
54.6 17.24127 14
54.7 17.31522 14
54.8 17.33386 14
54.9 17.41205 14
55.0 17.45851 14
55.1 17.47923 14
55.2 17.49606 14
55.3 17.51241 14
55.4 17.52866 14
55.5 17.55281 14
55.6 17.58884 14
55.7 17.62667 14
55.8 17.66451 14
55.9 17.70237 14
56.0 17.74024 14
56.1 17.77808 14
56.2 17.81598 14
56.3 17.85394 14
56.4 17.91597 14
56.5 17.99645 14
56.6 18.00883 14
56.7 18.08264 14
56.8 18.14230 14
56.9 18.16610 14
57.0 18.18280 14
57.1 18.19886 14
57.2 18.21427 14
57.3 18.23175 14
57.4 18.26295 14
57.5 18.30035 14
57.6 18.33777 14
57.7 18.37524 14
57.8 18.41267 14
57.9 18.45012 14
58.0 18.48762 14
58.1 18.52509 14
58.2 18.56257 14
58.3 18.62464 14
58.4 18.70844 14
58.5 18.71756 14
58.6 18.78760 14
58.7 18.85567 14
58.8 18.88160 14
58.9 18.89795 14
59.0 18.91296 14
59.1 18.92824 14
59.2 18.94294 14
59.3 18.96924 14
59.4 19.00540 14
59.5 19.04301 14
59.6 19.08068 14
59.7 19.11832 14
59.8 19.15601 14
59.9 19.19367 14
60.0 19.23134 14
60.1 19.26907 14
60.2 19.30676 14
60.3 19.48943 14
60.4 19.44960 14
60.5 19.46502 14
60.6 19.53885 14
60.7 19.61017 14
60.8 19.63629 14
60.9 19.65272 14
61.0 19.66710 14
61.1 19.68171 14
61.2 19.69572 14
61.3 19.71786 14
61.4 19.75172 14
61.5 19.78954 14
61.6 19.82743 14
61.7 19.86528 14
61.8 19.90314 14
61.9 19.94107 14
62.0 19.97895 14
62.1 20.01690 14
62.2 20.05481 14
62.3 20.12755 14
62.4 20.26084 14
62.5 20.22970 14
62.6 20.25537 14
62.7 20.33684 14
62.8 20.40777 14
62.9 20.43330 14
63.0 20.44865 14
63.1 20.46284 14
63.2 20.47621 14
63.3 20.49000 14
63.4 20.50833 14
63.5 20.54000 14
63.6 20.57811 14
63.7 20.61618 14
63.8 20.65432 14
63.9 20.69241 14
64.0 20.73057 14
64.1 20.76869 14
64.2 20.80682 14
64.3 20.84501 14
64.4 20.88317 14
64.5 20.95392 14
64.6 21.08185 14
64.7 21.05602 14
64.8 21.08952 14
64.9 21.17748 14
65.0 21.24722 14
65.1 21.27409 14
65.2 21.28932 14
65.3 21.30225 14
65.4 21.31536 14
65.5 21.32783 14
65.6 21.34160 14
65.7 21.37191 14
65.8 21.40946 14
65.9 21.44783 14
66.0 21.48616 14
66.1 21.52456 14
66.2 21.56292 14
66.3 21.60134 14
66.4 21.63972 14
66.5 21.67811 14
66.6 21.71657 14
66.7 21.75499 14
66.8 21.82452 14
66.9 21.95035 14
67.0 21.92877 14
67.1 21.96639 14
67.2 22.05704 14
67.3 22.12945 14
67.4 22.16172 14
67.5 22.17665 14
67.6 22.18885 14
67.7 22.20115 14
67.8 22.21276 14
67.9 22.22486 14
68.0 22.25005 14
68.1 22.28456 14
68.2 22.32314 14
68.3 22.36180 14
68.4 22.40041 14
68.5 22.43909 14
68.6 22.47772 14
68.7 22.51637 14
68.8 22.55508 14
68.9 22.59375 14
69.0 22.63249 14
69.1 22.67119 14
69.2 22.74155 14
69.3 22.87515 14
69.4 22.85041 14
69.5 22.88448 14
69.6 22.97200 14
69.7 23.05352 14
69.8 23.09946 14
69.9 23.11477 14
70.0 23.12698 14
70.1 23.13789 14
70.2 23.14854 14
70.3 23.15980 14
70.4 23.17420 14
70.5 23.20536 14
70.6 23.24309 14
70.7 23.28203 14
70.8 23.32092 14
70.9 23.35988 14
71.0 23.39880 14
71.1 23.43779 14
71.2 23.47673 14
71.3 23.51575 14
71.4 23.55472 14
71.5 23.59376 14
71.6 23.63275 14
71.7 23.70727 14
71.8 23.86438 14
71.9 23.82806 14
72.0 23.84649 14
72.1 23.91124 14
72.2 24.01318 14
72.3 24.07499 14
72.4 24.10739 14
72.5 24.12000 14
72.6 24.13022 14
72.7 24.14060 14
72.8 24.15025 14
72.9 24.16041 14
73.0 24.17766 14
73.1 24.20929 14
73.2 24.24790 14
73.3 24.28709 14
73.4 24.32636 14
73.5 24.36558 14
73.6 24.40487 14
73.7 24.44411 14
73.8 24.48343 14
73.9 24.52270 14
74.0 24.56205 14
74.1 24.60134 14
74.2 24.64071 14
74.3 24.68003 14
74.4 24.74949 14
74.5 24.88947 14
74.6 24.86632 14
74.7 24.90066 14
74.8 24.98192 14
74.9 25.08051 14
75.0 25.13823 14
75.1 25.17271 14
75.2 25.18353 14
75.3 25.19324 14
75.4 25.20192 14
75.5 25.21107 14
75.6 25.21946 14
75.7 25.23144 14
75.8 25.26335 14
75.9 25.30004 14
76.0 25.33957 14
76.1 25.37917 14
76.2 25.41872 14
76.3 25.45835 14
76.4 25.49793 14
76.5 25.53758 14
76.6 25.57719 14
76.7 25.61687 14
76.8 25.65650 14
76.9 25.69620 14
77.0 25.73586 14
77.1 25.77559 14
77.2 25.84600 14
77.3 26.00054 14
77.4 25.96964 14
77.5 25.99829 14
77.6 26.06908 14
77.7 26.17831 14
77.8 26.24639 14
77.9 26.29151 14
78.0 26.31266 14
78.1 26.32169 14
78.2 26.32930 14
78.3 26.33731 14
78.4 26.34521 14
78.5 26.35242 14
78.6 26.36986 14
78.7 26.40234 14
78.8 26.44059 14
78.9 26.48048 14
79.0 26.52045 14
79.1 26.56037 14
79.2 26.60036 14
79.3 26.64031 14
79.4 26.68033 14
79.5 26.72030 14
79.6 26.76035 14
79.7 26.80034 14
79.8 26.84042 14
79.9 26.88044 14
80.0 26.92054 14
80.1 26.96065 14
80.2 27.21796 14
80.3 27.16161 14
80.4 27.15161 14
80.5 27.19060 14
80.6 27.27262 14
80.7 27.38282 14
80.8 27.44949 14
80.9 27.49656 14
81.0 27.52386 14
81.1 27.53172 14
81.2 27.53806 14
81.3 27.54476 14
81.4 27.55135 14
81.5 27.55722 14
81.6 27.56368 14
81.7 27.59659 14
81.8 27.63169 14
81.9 27.67197 14
82.0 27.71232 14
82.1 27.75262 14
82.2 27.79301 14
82.3 27.83334 14
82.4 27.87375 14
82.5 27.91417 14
82.6 27.95453 14
82.7 27.99498 14
82.8 28.03537 14
82.9 28.07585 14
83.0 28.11627 14
83.1 28.15678 14
83.2 28.19723 14
83.3 28.56693 14
83.4 28.44508 14
83.5 28.40690 14
83.6 28.42766 14
83.7 28.48530 14
83.8 28.59574 14
83.9 28.68956 14
84.0 28.75529 14
84.1 28.79989 14
84.2 28.82364 14
84.3 28.82922 14
84.4 28.83472 14
84.5 28.83995 14
84.6 28.84439 14
84.7 28.84943 14
84.8 28.85374 14
84.9 28.88206 14
85.0 28.91575 14
85.1 28.95620 14
85.2 28.99690 14
85.3 29.03770 14
85.4 29.07850 14
85.5 29.11925 14
85.6 29.16009 14
85.7 29.20086 14
85.8 29.24172 14
85.9 29.28252 14
86.0 29.32341 14
86.1 29.36432 14
86.2 29.40516 14
86.3 29.44609 14
86.4 29.48696 14
86.5 29.52792 14
86.6 29.56881 14
86.7 29.81125 14
86.8 29.76170 14
86.9 29.76556 14
87.0 29.80891 14
87.1 29.89092 14
87.2 30.01452 14
87.3 30.09148 14
87.4 30.16634 14
87.5 30.20047 14
87.6 30.21941 14
87.7 30.22385 14
87.8 30.22696 14
87.9 30.23055 14
88.0 30.23331 14
88.1 30.23672 14
88.2 30.24006 14
88.3 30.26264 14
88.4 30.29722 14
88.5 30.33597 14
88.6 30.37721 14
88.7 30.41839 14
88.8 30.45965 14
88.9 30.50093 14
89.0 30.54215 14
89.1 30.58346 14
89.2 30.62471 14
89.3 30.66604 14
89.4 30.70731 14
89.5 30.74867 14
89.6 30.79005 14
89.7 30.83136 14
89.8 30.87277 14
89.9 30.91411 14
90.0 30.95554 14
90.1 30.99691 14
90.2 31.28504 14
90.3 31.22936 14
90.4 31.20831 14
90.5 31.23627 14
90.6 31.29646 14
90.7 31.40234 14
90.8 31.51825 14
90.9 31.60138 14
91.0 31.67625 14
91.1 31.70530 14
91.2 31.71735 14
91.3 31.72479 14
91.4 31.72678 14
91.5 31.72855 14
91.6 31.72946 14
91.7 31.73092 14
91.8 31.73169 14
91.9 31.74295 14
92.0 31.77827 14
92.1 31.81449 14
92.2 31.85623 14
92.3 31.89789 14
92.4 31.93965 14
92.5 31.98143 14
92.6 32.02313 14
92.7 32.06494 14
92.8 32.10667 14
92.9 32.14851 14
93.0 32.19035 14
93.1 32.23213 14
93.2 32.27401 14
93.3 32.31580 14
93.4 32.35771 14
93.5 32.39963 14
93.6 32.44147 14
93.7 32.48342 14
93.8 32.52529 14
93.9 32.56727 14
94.0 32.83456 14
94.1 32.77787 14
94.2 32.77632 14
94.3 32.81221 14
94.4 32.87859 14
94.5 32.99343 14
94.6 33.11144 14
94.7 33.20546 14
94.8 33.29187 14
94.9 33.32608 14
95.0 33.33836 14
95.1 33.34731 14
95.2 33.34740 14
95.3 33.34627 14
95.4 33.34588 14
95.5 33.34451 14
95.6 33.34397 14
95.7 33.34337 14
95.8 33.36323 14
95.9 33.39936 14
96.0 33.43734 14
96.1 33.47953 14
96.2 33.52184 14
96.3 33.56406 14
96.4 33.60639 14
96.5 33.64874 14
96.6 33.69100 14
96.7 33.73338 14
96.8 33.77567 14
96.9 33.81808 14
97.0 33.86050 14
97.1 33.90283 14
97.2 33.94528 14
97.3 33.98764 14
97.4 34.03012 14
97.5 34.07261 14
97.6 34.11502 14
97.7 34.15754 14
97.8 34.19998 14
97.9 34.24253 14
98.0 34.28509 14
98.1 34.47524 14
98.2 34.46273 14
98.3 34.49059 14
98.4 34.54652 14
98.5 34.63703 14
98.6 34.78277 14
98.7 34.87088 14
98.8 34.99769 14
98.9 35.06617 14
99.0 35.09290 14
99.1 35.10142 14
99.2 35.10440 14
99.3 35.10587 14
99.4 35.10232 14
99.5 35.09959 14
99.6 35.09675 14
99.7 35.09289 14
99.8 35.08993 14
99.9 35.09454 14
100.0 35.13155 14
100.1 35.16858 14
100.2 35.21006 14
100.3 35.25297 14
100.4 35.29578 14
100.5 35.33871 14
100.6 35.38166 14
100.7 35.42451 14
100.8 35.46749 14
100.9 35.51048 14
101.0 35.55338 14
101.1 35.59640 14
101.2 35.63933 14
101.3 35.68238 14
101.4 35.72544 14
101.5 35.76842 14
101.6 35.81151 14
101.7 35.85462 14
101.8 35.89764 14
101.9 35.94078 14
102.0 35.98383 14
102.1 36.02700 14
102.2 36.07018 14
102.3 36.11327 14
102.4 36.31119 14
102.5 36.29744 14
102.6 36.32265 14
102.7 36.37458 14
102.8 36.45657 14
102.9 36.58853 14
103.0 36.71073 14
103.1 36.83973 14
103.2 36.95241 14
103.3 37.00111 14
103.4 37.01852 14
103.5 37.02320 14
103.6 37.02130 14
103.7 37.02092 14
103.8 37.01561 14
103.9 37.00912 14
104.0 37.00357 14
104.1 36.99795 14
104.2 36.99123 14
104.3 36.98550 14
104.4 37.01829 14
104.5 37.05606 14
104.6 37.09575 14
104.7 37.13920 14
104.8 37.18278 14
104.9 37.22637 14
105.0 37.26987 14
105.1 37.31349 14
105.2 37.35713 14
105.3 37.40067 14
105.4 37.44434 14
105.5 37.48803 14
105.6 37.53161 14
105.7 37.57533 14
105.8 37.61895 14
105.9 37.66269 14
106.0 37.70645 14
106.1 37.75012 14
106.2 37.79391 14
106.3 37.83772 14
106.4 37.88143 14
106.5 37.92527 14
106.6 37.96912 14
106.7 38.01287 14
106.8 38.05676 14
106.9 38.10054 14
107.0 38.31834 14
107.1 37.81723 14
107.2 37.86089 14
107.3 37.90471 14
107.4 37.94851 14
107.5 37.99222 14
107.6 38.03605 14
107.7 38.08008 14
107.8 38.35318 14
107.9 38.29996 14
108.0 37.84036 14
108.1 37.88401 14
108.2 37.92805 14
108.3 37.97182 14
108.4 38.01548 14
108.5 38.05928 14
108.6 38.10316 14
108.7 38.31507 14
108.8 37.81998 14
108.9 37.86355 14
109.0 37.90728 14
109.1 37.95128 14
109.2 37.99521 14
109.3 38.03896 14
109.4 38.08290 14
109.5 38.34729 14
109.6 38.29882 14
109.7 37.84354 14
109.8 37.88710 14
109.9 37.93105 14
110.0 37.97462 14
110.1 38.01862 14
110.2 38.06252 14
110.3 38.10645 14
110.4 38.31176 14
110.5 37.82308 14
110.6 37.86688 14
110.7 37.91081 14
110.8 37.95476 14
110.9 37.99861 14
111.0 38.04227 14
111.1 38.08645 14
111.2 38.34044 14
111.3 38.29772 14
111.4 37.84714 14
111.5 37.89062 14
111.6 37.93480 14
111.7 37.97828 14
111.8 38.02254 14
111.9 38.06635 14
112.0 38.11019 14
112.1 38.30816 14
112.2 37.82696 14
112.3 37.87102 14
112.4 37.91486 14
112.5 37.95872 14
112.6 38.00248 14
112.7 38.04639 14
112.8 38.09083 14
112.9 38.33283 14
113.0 38.29688 14
113.1 37.85124 14
113.2 37.89497 14
113.3 37.93907 14
113.4 37.98281 14
113.5 38.02698 14
113.6 38.07102 14
113.7 38.11481 14
113.8 38.30474 14
113.9 37.83174 14
114.0 37.87570 14
114.1 37.91946 14
114.2 37.96359 14
114.3 38.00759 14
114.4 38.05144 14
114.5 38.09567 14
114.6 38.32485 14
114.7 37.81258 14
114.8 37.85615 14
114.9 37.90028 14
115.0 37.94429 14
115.1 37.98794 14
115.2 38.03238 14
115.3 38.07634 14
115.4 38.12040 14
115.5 38.30146 14
115.6 37.83714 14
115.7 37.88102 14
115.8 37.92537 14
115.9 37.96909 14
116.0 38.01338 14
116.1 38.05714 14
116.2 38.10129 14
116.3 38.31722 14
116.4 37.81836 14
116.5 37.86257 14
116.6 37.90627 14
116.7 37.95054 14
116.8 37.99445 14
116.9 38.03849 14
117.0 38.08274 14
117.1 38.34698 14
117.2 38.29879 14
117.3 37.84363 14
117.4 37.88746 14
117.5 37.93208 14
117.6 37.97560 14
117.7 38.01991 14
117.8 38.06377 14
117.9 38.10803 14
118.0 38.30999 14
118.1 37.82530 14
118.2 37.86942 14
118.3 37.91303 14
118.4 37.95760 14
118.5 38.00142 14
118.6 38.04577 14
118.7 38.09029 14
118.8 38.33364 14
118.9 38.29689 14
119.0 37.85125 14
119.1 37.89544 14
119.2 37.93961 14
119.3 37.98342 14
119.4 38.02767 14
119.5 38.07215 14
119.6 38.11562 14
119.7 38.30389 14
119.8 37.83309 14
119.9 37.87713 14
120.0 37.92134 14
120.1 37.96555 14
120.2 38.01002 14
120.3 38.05396 14
120.4 38.09827 14
120.5 38.32070 14
120.6 37.81571 14
120.7 37.85977 14
120.8 37.90399 14
120.9 37.94842 14
121.0 37.99252 14
121.1 38.03674 14
121.2 38.08119 14
121.3 38.34986 14
121.4 38.29922 14
121.5 37.84263 14
121.6 37.88661 14
121.7 37.93105 14
121.8 37.97477 14
121.9 38.01928 14
122.0 38.06313 14
122.1 38.10777 14
122.2 38.31035 14
122.3 37.82544 14
122.4 37.86975 14
122.5 37.91355 14
122.6 37.95833 14
122.7 38.00234 14
122.8 38.04691 14
122.9 38.09162 14
123.0 38.33112 14
123.1 38.29666 14
123.2 37.85307 14
123.3 37.89716 14
123.4 37.94197 14
123.5 37.98597 14
123.6 38.03001 14
123.7 38.07471 14
123.8 38.11879 14
123.9 38.30190 14
124.0 37.83628 14
124.1 37.88052 14
124.2 37.92495 14
124.3 37.96937 14
124.4 38.01408 14
124.5 38.05823 14
124.6 38.10275 14
124.7 38.31509 14
124.8 37.82062 14
124.9 37.86481 14
125.0 37.90936 14
125.1 37.95401 14
125.2 37.99790 14
125.3 38.04278 14
125.4 38.08702 14
125.5 38.33784 14
125.6 38.29728 14
125.7 37.84945 14
125.8 37.89375 14
125.9 37.93802 14
126.0 37.98277 14
126.1 38.02713 14
126.2 38.07100 14
126.3 38.11571 14
126.4 38.30377 14
126.5 37.83337 14
126.6 37.87839 14
126.7 37.92270 14
126.8 37.96700 14
126.9 38.01204 14
127.0 38.05607 14
127.1 38.10093 14
127.2 38.31677 14
127.3 37.81901 14
127.4 37.86319 14
127.5 37.90796 14
127.6 37.95296 14
127.7 37.99718 14
127.8 38.04195 14
127.9 38.08653 14
128.0 38.33895 14
128.1 38.29753 14
128.2 37.84954 14
128.3 37.89372 14
128.4 37.93787 14
128.5 37.98297 14
128.6 38.02721 14
128.7 38.07143 14
128.8 38.11649 14
128.9 38.30336 14
129.0 37.83438 14
129.1 37.87928 14
129.2 37.92348 14
129.3 37.96860 14
129.4 38.01353 14
129.5 38.05744 14
129.6 38.10266 14
129.7 38.31496 14
129.8 37.82146 14
129.9 37.86553 14
130.0 37.91019 14
130.1 37.95555 14
130.2 37.99965 14
130.3 38.04479 14
130.4 38.08974 14
130.5 38.33350 14
130.6 38.29677 14
130.7 37.85276 14
130.8 37.89694 14
130.9 37.94195 14
131.0 37.98694 14
131.1 38.03107 14
131.2 38.07637 14
131.3 38.12102 14
131.4 38.30070 14
131.5 37.83925 14
131.6 37.88403 14
131.7 37.92861 14
131.8 37.97363 14
131.9 38.01844 14
132.0 38.06371 14
132.1 38.10835 14
132.2 38.30902 14
132.3 37.82740 14
132.4 37.87170 14
132.5 37.91690 14
132.6 37.96216 14
132.7 38.00616 14
132.8 38.05169 14
132.9 38.09676 14
133.0 38.32261 14
133.1 37.81581 14
133.2 37.86021 14
133.3 37.90479 14
133.4 37.95011 14
133.5 37.99457 14
133.6 38.03997 14
133.7 38.08569 14
133.8 38.34101 14
133.9 38.29750 14
134.0 37.84909 14
134.1 37.89348 14
134.2 37.93921 14
134.3 37.98406 14
134.4 38.02905 14
134.5 38.07351 14
134.6 38.11832 14
134.7 38.30160 14
134.8 37.83770 14
134.9 37.88234 14
135.0 37.92780 14
135.1 37.97268 14
135.2 38.01838 14
135.3 38.06351 14
135.4 38.10801 14
135.5 38.30855 14
135.6 37.82781 14
135.7 37.87197 14
135.8 37.91808 14
135.9 37.96321 14
136.0 38.00759 14
136.1 38.05349 14
136.2 38.09843 14
136.3 38.31889 14
136.4 37.81825 14
136.5 37.86251 14
136.6 37.90843 14
136.7 37.95354 14
136.8 37.99836 14
136.9 38.04476 14
137.0 38.08943 14
137.1 38.33272 14
137.2 38.29666 14
137.3 37.85367 14
137.4 37.89966 14
137.5 37.94439 14
137.6 37.98911 14
137.7 38.03503 14
137.8 38.08007 14
137.9 38.34949 14
138.0 38.29860 14
138.1 37.84459 14
138.2 37.89075 14
138.3 37.93632 14
138.4 37.98022 14
138.5 38.02704 14
138.6 38.07173 14
138.7 38.11637 14
138.8 38.30215 14
138.9 37.83651 14
139.0 37.88260 14
139.1 37.92790 14
139.2 37.97262 14
139.3 38.01925 14
139.4 38.06422 14
139.5 38.10856 14
139.6 38.30691 14
139.7 37.82966 14
139.8 37.87476 14
139.9 37.92099 14
140.0 37.96568 14
140.1 38.01198 14
140.2 38.05729 14
140.3 38.10208 14
140.4 38.31322 14
140.5 37.82268 14
140.6 37.86679 14
140.7 37.91469 14
140.8 37.95963 14
140.9 38.00546 14
141.0 38.05118 14
141.1 38.09571 14
141.2 38.32055 14
141.3 37.81706 14
141.4 37.86114 14
141.5 37.90808 14
141.6 37.95310 14
141.7 37.99919 14
141.8 38.04597 14
141.9 38.09047 14
142.0 38.32869 14
142.1 37.81178 14
142.2 37.85583 14
142.3 37.90332 14
142.4 37.94830 14
142.5 37.99243 14
142.6 38.04021 14
142.7 38.08513 14
142.8 38.33683 14
142.9 38.29700 14
143.0 37.85125 14
143.1 37.89892 14
143.2 37.94345 14
143.3 37.98797 14
143.4 38.03593 14
143.5 38.08077 14
143.6 38.34611 14
143.7 38.29800 14
143.8 37.84638 14
143.9 37.89402 14
144.0 37.93997 14
144.1 37.98368 14
144.2 38.03240 14
144.3 38.07689 14
144.4 38.12205 14
144.5 38.29895 14
144.6 37.84296 14
144.7 37.89051 14
144.8 37.93649 14
144.9 37.98011 14
145.0 38.02983 14
145.1 38.07392 14
145.2 38.11834 14
145.3 38.30016 14
145.4 37.84031 14
145.5 37.88783 14
145.6 37.93438 14
145.7 37.97797 14
145.8 38.02619 14
145.9 38.07173 14
146.0 38.11613 14
146.1 38.30092 14
146.2 37.83865 14
146.3 37.88563 14
146.4 37.93186 14
146.5 37.97624 14
146.6 38.02444 14
146.7 38.07036 14
146.8 38.11447 14
146.9 38.30153 14
147.0 37.83740 14
147.1 37.88380 14
147.2 37.93116 14
147.3 37.97552 14
147.4 38.02370 14
147.5 38.06959 14
147.6 38.11369 14
147.7 38.30196 14
147.8 37.83717 14
147.9 37.88355 14
148.0 37.93090 14
148.1 37.97523 14
148.2 38.02339 14
148.3 38.06986 14
148.4 38.11394 14
148.5 38.30183 14
148.6 37.83738 14
148.7 37.88374 14
148.8 37.93107 14
148.9 37.97598 14
149.0 38.02412 14
149.1 38.07058 14
149.2 38.11464 14
149.3 38.30148 14
149.4 37.83864 14
149.5 37.88555 14
149.6 37.93229 14
149.7 37.97719 14
149.8 38.02531 14
149.9 38.07175 14
150.0 38.11685 14
150.1 38.30062 14
150.2 37.84036 14
150.3 37.88726 14
150.4 37.93479 14
150.5 37.97947 14
150.6 38.02758 14
150.7 38.07419 14
150.8 38.11909 14
150.9 38.29966 14
151.0 37.84256 14
151.1 37.89056 14
151.2 37.93756 14
151.3 37.98223 14
151.4 38.03180 14
151.5 38.07692 14
151.6 38.12350 14
151.7 38.29834 14
151.8 37.84584 14
151.9 37.89427 14
152.0 37.94120 14
152.1 37.98592 14
152.2 38.03564 14
152.3 38.08145 14
152.4 38.34274 14
152.5 38.29725 14
152.6 37.84999 14
152.7 37.89922 14
152.8 37.94557 14
152.9 37.99106 14
153.0 38.03999 14
153.1 38.08620 14
153.2 38.33330 14
153.3 38.29655 14
153.4 37.85596 14
153.5 37.90498 14
153.6 37.95147 14
153.7 37.99592 14
153.8 38.04690 14
153.9 38.09274 14
154.0 38.32405 14
154.1 37.81702 14
154.2 37.86199 14
154.3 37.91038 14
154.4 37.95784 14
154.5 38.00449 14
154.6 38.05333 14
154.7 38.09862 14
154.8 38.31589 14
154.9 37.82359 14
155.0 37.86856 14
155.1 37.91845 14
155.2 37.96486 14
155.3 38.01212 14
155.4 38.05987 14
155.5 38.10612 14
155.6 38.30722 14
155.7 37.83117 14
155.8 37.87708 14
155.9 37.92583 14
156.0 37.97258 14
156.1 38.02170 14
156.2 38.06865 14
156.3 38.11382 14
156.4 38.30163 14
156.5 37.83944 14
156.6 37.88746 14
156.7 37.93613 14
156.8 37.98135 14
156.9 38.03105 14
157.0 38.07774 14
157.1 38.35087 14
157.2 38.29780 14
157.3 37.84828 14
157.4 37.89846 14
157.5 37.94536 14
157.6 37.99142 14
157.7 38.04154 14
157.8 38.08832 14
157.9 38.32896 14
158.0 37.81386 14
158.1 37.85978 14
158.2 37.90938 14
158.3 37.95643 14
158.4 38.00341 14
158.5 38.05346 14
158.6 38.09932 14
158.7 38.31446 14
158.8 37.82548 14
158.9 37.87103 14
159.0 37.92152 14
159.1 37.96852 14
159.2 38.01716 14
159.3 38.06473 14
159.4 38.11094 14
159.5 38.30310 14
159.6 37.83778 14
159.7 37.88522 14
159.8 37.93426 14
159.9 37.98089 14
160.0 38.03062 14
160.1 38.07850 14
160.2 38.34927 14
160.3 38.29747 14
160.4 37.85063 14
160.5 37.90041 14
160.6 37.94793 14
160.7 37.99460 14
160.8 38.04507 14
160.9 38.09318 14
161.0 38.32180 14
161.1 37.81986 14
161.2 37.86604 14
161.3 37.91602 14
161.4 37.96351 14
161.5 38.01263 14
161.6 38.06097 14
161.7 38.10781 14
161.8 38.30549 14
161.9 37.83404 14
162.0 37.88218 14
162.1 37.93238 14
162.2 37.97900 14
162.3 38.02887 14
162.4 38.07662 14
162.5 38.35300 14
162.6 38.29746 14
162.7 37.85065 14
162.8 37.90107 14
162.9 37.94858 14
163.0 37.99525 14
163.1 38.04635 14
163.2 38.09512 14
163.3 38.31933 14
163.4 37.82242 14
163.5 37.86860 14
163.6 37.91972 14
163.7 37.96800 14
163.8 38.01694 14
163.9 38.06548 14
164.0 38.11232 14
164.1 38.30176 14
164.2 37.83978 14
164.3 37.88907 14
164.4 37.93899 14
164.5 37.98546 14
164.6 38.03681 14
164.7 38.08507 14
164.8 38.33228 14
164.9 37.81255 14
165.0 37.86076 14
165.1 37.91099 14
165.2 37.95967 14
165.3 38.00754 14
165.4 38.05825 14
165.5 38.10510 14
165.6 38.30653 14
165.7 37.83329 14
165.8 37.88164 14
165.9 37.93295 14
166.0 37.98023 14
166.1 38.03076 14
166.2 38.07979 14
166.3 38.34314 14
166.4 38.29679 14
166.5 37.85593 14
166.6 37.90711 14
166.7 37.95610 14
166.8 38.00231 14
166.9 38.05440 14
167.0 38.10256 14
167.1 38.30911 14
167.2 37.83142 14
167.3 37.87922 14
167.4 37.93051 14
167.5 37.97839 14
167.6 38.02959 14
167.7 38.07863 14
167.8 38.34492 14
167.9 38.29694 14
168.0 37.85546 14
168.1 37.90731 14
168.2 37.95631 14
168.3 38.00351 14
168.4 38.05530 14
168.5 38.10347 14
168.6 38.30781 14
168.7 37.83301 14
168.8 37.88083 14
168.9 37.93338 14
169.0 37.98068 14
169.1 38.03239 14
169.2 38.08200 14
169.3 38.33643 14
169.4 38.29647 14
169.5 37.86009 14
169.6 37.91100 14
169.7 37.96104 14
169.8 38.00960 14
169.9 38.06166 14
170.0 38.10921 14
170.1 38.30364 14
170.2 37.83873 14
170.3 37.88881 14
170.4 37.94000 14
170.5 37.98829 14
170.6 38.03989 14
170.7 38.08993 14
170.8 38.32289 14
170.9 37.82106 14
171.0 37.86860 14
171.1 37.92110 14
171.2 37.97009 14
171.3 38.02182 14
171.4 38.07141 14
171.5 38.11854 14
171.6 38.29814 14
171.7 37.84874 14
171.8 37.90157 14
171.9 37.95111 14
172.0 37.99918 14
172.1 38.05319 14
172.2 38.10172 14
172.3 38.30891 14
172.4 37.83238 14
172.5 37.88157 14
172.6 37.93417 14
172.7 37.98285 14
172.8 38.03560 14
172.9 38.08526 14
173.0 38.32867 14
173.1 37.81758 14
173.2 37.86645 14
173.3 37.91848 14
173.4 37.96804 14
173.5 38.01836 14
173.6 38.07072 14
173.7 38.11726 14
173.8 38.29813 14
173.9 37.84950 14
174.0 37.90237 14
174.1 37.95304 14
174.2 38.00073 14
174.3 38.05544 14
174.4 38.10437 14
174.5 38.30600 14
174.6 37.83542 14
174.7 37.88750 14
174.8 37.93943 14
174.9 37.98846 14
175.0 38.04147 14
175.1 38.09160 14
175.2 38.31892 14
175.3 37.82420 14
175.4 37.87316 14
175.5 37.92574 14
175.6 37.97603 14
175.7 38.02863 14
175.8 38.07979 14
175.9 38.33812 14
176.0 38.29645 14
176.1 37.86259 14
176.2 37.91363 14
176.3 37.96624 14
176.4 38.01619 14
176.5 38.06865 14
176.6 38.11699 14
176.7 38.29818 14
176.8 37.85069 14
176.9 37.90363 14
177.0 37.95563 14
177.1 38.00398 14
177.2 38.05824 14
177.3 38.10723 14
177.4 38.30274 14
177.5 37.84101 14
177.6 37.89365 14
177.7 37.94628 14
177.8 37.99512 14
177.9 38.04974 14
178.0 38.09991 14
178.1 38.30913 14
178.2 37.83283 14
178.3 37.88403 14
178.4 37.93755 14
178.5 37.98768 14
178.6 38.04257 14
178.7 38.09279 14
178.8 38.31659 14
178.9 37.82625 14
179.0 37.87696 14
179.1 37.92959 14
179.2 37.98163 14
179.3 38.03653 14
179.4 38.08636 14
179.5 38.32319 14
179.6 37.82161 14
179.7 37.87200 14
179.8 37.92471 14
179.9 37.97644 14
180.0 38.02916 14
180.1 38.08178 14
180.2 38.33173 14
180.3 37.81513 14
180.4 37.86821 14
180.5 37.92044 14
180.6 37.97346 14
180.7 38.02543 14
180.8 38.07809 14
180.9 38.34031 14
181.0 37.81214 14
181.1 37.86462 14
181.2 37.91749 14
181.3 37.97120 14
181.4 38.02318 14
181.5 38.07568 14
181.6 38.34680 14
181.7 38.29651 14
181.8 37.86248 14
181.9 37.91502 14
182.0 37.96913 14
182.1 38.01970 14
182.2 38.07430 14
182.3 38.34825 14
182.4 38.29662 14
182.5 37.86184 14
182.6 37.91440 14
182.7 37.96855 14
182.8 38.01980 14
182.9 38.07442 14
183.0 38.34793 14
183.1 38.29660 14
183.2 37.86204 14
183.3 37.91529 14
183.4 37.96946 14
183.5 38.02225 14
183.6 38.07540 14
183.7 38.34585 14
183.8 38.29647 14
183.9 37.86442 14
184.0 37.91805 14
184.1 37.97187 14
184.2 38.02462 14
184.3 38.07808 14
184.4 38.33812 14
184.5 37.81371 14
184.6 37.86760 14
184.7 37.92131 14
184.8 37.97450 14
184.9 38.02729 14
185.0 38.08207 14
185.1 38.32990 14
185.2 37.81712 14
185.3 37.87104 14
185.4 37.92527 14
185.5 37.97854 14
185.6 38.03346 14
185.7 38.08699 14
185.8 38.32113 14
185.9 37.82405 14
186.0 37.87600 14
186.1 37.93055 14
186.2 37.98418 14
186.3 38.04067 14
186.4 38.09317 14
186.5 38.31437 14
186.6 37.83051 14
186.7 37.88392 14
186.8 37.93897 14
186.9 37.99187 14
187.0 38.04827 14
187.1 38.10077 14
187.2 38.30659 14
187.3 37.83766 14
187.4 37.89340 14
187.5 37.94825 14
187.6 38.00010 14
187.7 38.05793 14
187.8 38.10864 14
187.9 38.29979 14
188.0 37.84781 14
188.1 37.90382 14
188.2 37.95887 14
188.3 38.01165 14
188.4 38.06827 14
188.5 38.11903 14
188.6 38.29693 14
188.7 37.86099 14
188.8 37.91514 14
188.9 37.97150 14
189.0 38.02514 14
189.1 38.08013 14
189.2 38.33320 14
189.3 37.81751 14
189.4 37.87293 14
189.5 37.92802 14
189.6 37.98211 14
189.7 38.03942 14
189.8 38.09338 14
189.9 38.31328 14
190.0 37.83171 14
190.1 37.88814 14
190.2 37.94263 14
190.3 37.99632 14
190.4 38.05494 14
190.5 38.10644 14
190.6 38.30086 14
190.7 37.84720 14
190.8 37.90278 14
190.9 37.95920 14
191.0 38.01276 14
191.1 38.07017 14
191.2 38.12173 14
191.3 38.29657 14
191.4 37.86528 14
191.5 37.92124 14
191.6 37.97597 14
191.7 38.03250 14
191.8 38.08765 14
191.9 38.31761 14
192.0 37.82793 14
192.1 37.88292 14
192.2 37.93955 14
192.3 37.99338 14
192.4 38.05073 14
192.5 38.10481 14
192.6 38.30171 14
192.7 37.84743 14
192.8 37.90313 14
192.9 37.96032 14
193.0 38.01571 14
193.1 38.07263 14
193.2 38.34660 14
193.3 37.81324 14
193.4 37.86953 14
193.5 37.92612 14
193.6 37.97983 14
193.7 38.03927 14
193.8 38.09411 14
193.9 38.31119 14
194.0 37.83403 14
194.1 37.89149 14
194.2 37.94921 14
194.3 38.00272 14
194.4 38.06094 14
194.5 38.11464 14
194.6 38.29727 14
194.7 37.86020 14
194.8 37.91631 14
194.9 37.97366 14
195.0 38.02894 14
195.1 38.08754 14
195.2 38.31749 14
195.3 37.82888 14
195.4 37.88471 14
195.5 37.94299 14
195.6 37.99765 14
195.7 38.05723 14
195.8 38.11033 14
195.9 38.29796 14
196.0 37.85586 14
196.1 37.91358 14
196.2 37.97101 14
196.3 38.02763 14
196.4 38.08633 14
196.5 38.31954 14
196.6 37.82785 14
196.7 37.88439 14
196.8 37.94339 14
196.9 37.99814 14
197.0 38.05781 14
197.1 38.11100 14
197.2 38.29776 14
197.3 37.85774 14
197.4 37.91577 14
197.5 37.97393 14
197.6 38.03001 14
197.7 38.08880 14
197.8 38.31513 14
197.9 37.83174 14
198.0 37.89057 14
198.1 37.94919 14
198.2 38.00297 14
198.3 38.06595 14
198.4 38.11793 14
198.5 38.29665 14
198.6 37.86627 14
198.7 37.92511 14
198.8 37.97982 14
198.9 38.04086 14
199.0 38.09827 14
199.1 38.30599 14
199.2 37.84046 14
199.3 37.90043 14
199.4 37.95994 14
199.5 38.01768 14
199.6 38.07628 14
199.7 38.33480 14
199.8 37.82171 14
199.9 37.87930 14
200.0 37.93748 14
200.1 37.99583 14
200.2 38.05637 14
200.3 38.10981 14
200.4 38.29769 14
200.5 37.85826 14
200.6 37.91714 14
200.7 37.97605 14
200.8 38.03509 14
200.9 38.09385 14
201.0 38.30926 14
201.1 37.83851 14
201.2 37.89823 14
201.3 37.95890 14
201.4 38.01680 14
201.5 38.07615 14
201.6 38.33371 14
201.7 37.82311 14
201.8 37.88085 14
201.9 37.94051 14
202.0 37.99830 14
202.1 38.05959 14
202.2 38.11572 14
202.3 38.29681 14
202.4 37.86524 14
202.5 37.92565 14
202.6 37.98127 14
202.7 38.04322 14
202.8 38.10155 14
202.9 38.30206 14
203.0 37.84941 14
203.1 37.90978 14
203.2 37.97027 14
203.3 38.02866 14
203.4 38.08913 14
203.5 38.31364 14
203.6 37.83526 14
203.7 37.89586 14
203.8 37.95730 14
203.9 38.01598 14
204.0 38.07619 14
204.1 38.33144 14
204.2 37.82538 14
204.3 37.88439 14
204.4 37.94522 14
204.5 38.00245 14
204.6 38.06655 14
204.7 38.12026 14
204.8 37.81429 14
204.9 37.87390 14
205.0 37.93350 14
205.1 37.99267 14
205.2 38.05517 14
205.3 38.11133 14
205.4 38.29714 14
205.5 37.86451 14
205.6 37.92580 14
205.7 37.98227 14
205.8 38.04575 14
205.9 38.10429 14
206.0 38.29963 14
206.1 37.85443 14
206.2 37.91642 14
206.3 37.97700 14
206.4 38.03881 14
206.5 38.09913 14
206.6 38.30371 14
206.7 37.84821 14
206.8 37.91014 14
206.9 37.97213 14
207.0 38.03211 14
207.1 38.09393 14
207.2 38.30820 14
207.3 37.84147 14
207.4 37.90458 14
207.5 37.96746 14
207.6 38.02808 14
207.7 38.08954 14
207.8 38.31104 14
207.9 37.83885 14
208.0 37.90137 14
208.1 37.96349 14
208.2 38.02390 14
208.3 38.08684 14
208.4 38.31340 14
208.5 37.83652 14
208.6 37.89873 14
208.7 37.96127 14
208.8 38.02103 14
208.9 38.08557 14
209.0 38.31427 14
209.1 37.83576 14
209.2 37.89803 14
209.3 37.96063 14
209.4 38.02101 14
209.5 38.08562 14
209.6 38.31415 14
209.7 37.83594 14
209.8 37.89826 14
209.9 37.96148 14
210.0 38.02296 14
210.1 38.08698 14
210.2 38.31306 14
210.3 37.83705 14
210.4 37.89999 14
210.5 37.96393 14
210.6 38.02689 14
210.7 38.08979 14
210.8 38.31051 14
210.9 37.83973 14
211.0 37.90432 14
211.1 37.96814 14
211.2 38.02969 14
211.3 38.09332 14
211.4 38.30729 14
211.5 37.84386 14
211.6 37.90886 14
211.7 37.97305 14
211.8 38.03541 14
211.9 38.09743 14
212.0 38.30306 14
212.1 37.85224 14
212.2 37.91584 14
212.3 37.97818 14
212.4 38.04280 14
212.5 38.10379 14
212.6 38.29912 14
212.7 37.85953 14
212.8 37.92421 14
212.9 37.98435 14
213.0 38.05068 14
213.1 38.11099 14
213.2 38.29687 14
213.3 37.87042 14
213.4 37.93327 14
213.5 37.99567 14
213.6 38.06112 14
213.7 38.12010 14
213.8 37.81730 14
213.9 37.87959 14
214.0 37.94353 14
214.1 38.00509 14
214.2 38.07242 14
214.3 38.33219 14
214.4 37.82874 14
214.5 37.89213 14
214.6 37.95748 14
214.7 38.02013 14
214.8 38.08587 14
214.9 38.31217 14
215.0 37.83964 14
215.1 37.90522 14
215.2 37.97070 14
215.3 38.03380 14
215.4 38.09862 14
215.5 38.30144 14
215.6 37.85468 14
215.7 37.92152 14
215.8 37.98311 14
215.9 38.05093 14
216.0 38.11158 14
216.1 38.29669 14
216.2 37.87339 14
216.3 37.93709 14
216.4 38.00105 14
216.5 38.06930 14
216.6 38.34092 14
216.7 37.82670 14
216.8 37.89141 14
216.9 37.95650 14
217.0 38.02049 14
217.1 38.08651 14
217.2 38.31020 14
217.3 37.84239 14
217.4 37.91086 14
217.5 37.97564 14
217.6 38.04195 14
217.7 38.10411 14
217.8 38.29825 14
217.9 37.86582 14
218.0 37.93124 14
218.1 37.99614 14
218.2 38.06215 14
218.3 38.12338 14
218.4 37.82411 14
218.5 37.88748 14
218.6 37.95497 14
218.7 38.01918 14
218.8 38.08642 14
218.9 38.30963 14
219.0 37.84324 14
219.1 37.91193 14
219.2 37.97693 14
219.3 38.04396 14
219.4 38.10785 14
219.5 38.29693 14
219.6 37.87186 14
219.7 37.93602 14
219.8 38.00153 14
219.9 38.07122 14
220.0 38.33133 14
220.1 37.83166 14
220.2 37.89673 14
220.3 37.96402 14
220.4 38.03071 14
220.5 38.09732 14
220.6 38.30098 14
220.7 37.85765 14
220.8 37.92718 14
220.9 37.99326 14
221.0 38.06129 14
221.1 38.12289 14
221.2 37.82400 14
221.3 37.88774 14
221.4 37.95657 14
221.5 38.02264 14
221.6 38.09153 14
221.7 38.30557 14
221.8 37.85166 14
221.9 37.91972 14
222.0 37.98535 14
222.1 38.05596 14
222.2 38.11927 14
222.3 37.81917 14
222.4 37.88448 14
222.5 37.95503 14
222.6 38.02125 14
222.7 38.09029 14
222.8 38.30638 14
222.9 37.85121 14
223.0 37.91989 14
223.1 37.98567 14
223.2 38.05704 14
223.3 38.11990 14
223.4 37.81996 14
223.5 37.88745 14
223.6 37.95707 14
223.7 38.02447 14
223.8 38.09331 14
223.9 38.30391 14
224.0 37.85590 14
224.1 37.92770 14
224.2 37.99424 14
224.3 38.06274 14
224.4 38.34962 14
224.5 37.82793 14
224.6 37.89559 14
224.7 37.96587 14
224.8 38.03235 14
224.9 38.10118 14
225.0 38.29879 14
225.1 37.86777 14
225.2 37.93593 14
225.3 38.00384 14
225.4 38.07366 14
225.5 38.31834 14
225.6 37.83893 14
225.7 37.90910 14
225.8 37.97799 14
225.9 38.04710 14
226.0 38.11221 14
226.1 37.81573 14
226.2 37.88368 14
226.3 37.95413 14
226.4 38.02156 14
226.5 38.09116 14
226.6 38.30345 14
226.7 37.85785 14
226.8 37.92967 14
226.9 37.99768 14
227.0 38.06876 14
227.1 38.33142 14
227.2 37.83538 14
227.3 37.90451 14
227.4 37.97487 14
227.5 38.04408 14
227.6 38.11143 14
227.7 37.81470 14
227.8 37.88338 14
227.9 37.95408 14
228.0 38.02175 14
228.1 38.09357 14
228.2 38.30169 14
228.3 37.86115 14
228.4 37.93216 14
228.5 38.00079 14
228.6 38.07261 14
228.7 38.31690 14
228.8 37.84127 14
228.9 37.91279 14
229.0 37.98120 14
229.1 38.05236 14
229.2 38.12088 14
229.3 37.82568 14
229.4 37.89470 14
229.5 37.96488 14
229.6 38.03293 14
229.7 38.10554 14
229.8 38.29671 14
229.9 37.87801 14
230.0 37.94933 14
230.1 38.01590 14
230.2 38.09140 14
230.3 38.30234 14
230.4 37.86034 14
230.5 37.93210 14
230.6 38.00106 14
230.7 38.07490 14
230.8 38.31226 14
230.9 37.84422 14
231.0 37.91786 14
231.1 37.98544 14
231.2 38.06175 14
231.3 38.33738 14
231.4 37.83374 14
231.5 37.90405 14
231.6 37.97508 14
231.7 38.04661 14
231.8 38.11871 14
231.9 37.82192 14
232.0 37.89338 14
232.1 37.96333 14
232.2 38.03246 14
232.3 38.10806 14
232.4 38.29643 14
232.5 37.88148 14
232.6 37.95394 14
232.7 38.02237 14
232.8 38.09898 14
232.9 38.29797 14
233.0 37.87329 14
233.1 37.94347 14
233.2 38.01111 14
233.3 38.09188 14
233.4 38.30155 14
233.5 37.86338 14
233.6 37.93500 14
233.7 38.00425 14
233.8 38.08444 14
233.9 38.30586 14
234.0 37.85557 14
234.1 37.92950 14
234.2 37.99907 14
234.3 38.07676 14
234.4 38.31035 14
234.5 37.84920 14
234.6 37.92165 14
234.7 37.99226 14
234.8 38.07303 14
234.9 38.31392 14
235.0 37.84375 14
235.1 37.91808 14
235.2 37.98636 14
235.3 38.06073 14
235.4 38.32091 14
235.5 37.84149 14
235.6 37.91413 14
235.7 37.98366 14
235.8 38.05705 14
235.9 38.32366 14
236.0 37.83940 14
236.1 37.91277 14
236.2 37.98239 14
236.3 38.05537 14
236.4 38.32862 14
236.5 37.83876 14
236.6 37.91108 14
236.7 37.98193 14
236.8 38.05500 14
236.9 38.32850 14
237.0 37.83893 14
237.1 37.91248 14
237.2 37.98228 14
237.3 38.05544 14
237.4 38.32332 14
237.5 37.83991 14
237.6 37.91355 14
237.7 37.98344 14
237.8 38.05719 14
237.9 38.32039 14
238.0 37.84234 14
238.1 37.91657 14
238.2 37.98541 14
238.3 38.06093 14
238.4 38.31334 14
238.5 37.84493 14
238.6 37.92047 14
238.7 37.98941 14
238.8 38.06435 14
238.9 38.33591 14
239.0 37.85265 14
239.1 37.92562 14
239.2 37.99770 14
239.3 38.07127 14
239.4 38.32269 14
239.5 37.85795 14
239.6 37.93232 14
239.7 38.00288 14
239.8 38.07576 14
239.9 38.31248 14
240.0 37.86708 14
240.1 37.93894 14
240.2 38.00873 14
240.3 38.08472 14
240.4 38.30670 14
240.5 37.87638 14
240.6 37.95015 14
240.7 38.02134 14
240.8 38.09338 14
240.9 38.30147 14
241.0 37.88521 14
241.1 37.95991 14
241.2 38.03126 14
241.3 38.10287 14
241.4 38.29742 14
241.5 37.89638 14
241.6 37.97066 14
241.7 38.04290 14
241.8 38.11205 14
241.9 37.81435 14
242.0 37.88525 14
242.1 37.98074 14
242.2 38.05536 14
242.3 38.12251 14
242.4 37.82778 14
242.5 37.89722 14
242.6 37.99566 14
242.7 38.07053 14
242.8 38.32281 14
242.9 37.83945 14
243.0 37.91154 14
243.1 38.00767 14
243.2 38.08292 14
243.3 38.30666 14
243.4 37.85402 14
243.5 37.92716 14
243.6 38.02543 14
243.7 38.09855 14
243.8 38.29836 14
243.9 37.87159 14
244.0 37.94212 14
244.1 38.04430 14
244.2 38.11326 14
244.3 37.81766 14
244.4 37.88847 14
244.5 37.96130 14
244.6 38.06270 14
244.7 38.33804 14
244.8 37.83463 14
244.9 37.90596 14
245.0 37.97850 14
245.1 38.05000 14
245.2 38.30849 14
245.3 37.85339 14
245.4 37.92614 14
245.5 37.99731 14
245.6 38.07176 14
245.7 38.29764 14
245.8 37.87571 14
245.9 37.94750 14
246.0 38.01755 14
246.1 38.09131 14
246.2 37.82523 14
246.3 37.89608 14
246.4 37.96871 14
246.5 38.04000 14
246.6 38.10968 14
246.7 37.84436 14
246.8 37.91901 14
246.9 37.98915 14
247.0 38.06419 14
247.1 38.33516 14
247.2 37.87101 14
247.3 37.94221 14
247.4 38.01396 14
247.5 38.08855 14
247.6 38.30436 14
247.7 37.85796 14
247.8 37.96835 14
247.9 38.03993 14
248.0 38.10990 14
248.1 37.81335 14
248.2 37.88445 14
248.3 37.99169 14
248.4 38.06638 14
248.5 38.32774 14
248.6 37.83829 14
248.7 37.91011 14
248.8 38.02109 14
248.9 38.09429 14
249.0 38.30073 14
249.1 37.86648 14
249.2 37.93767 14
249.3 38.04973 14
249.4 38.11950 14
249.5 37.82316 14
249.6 37.89503 14
249.7 37.96694 14
249.8 38.07938 14
249.9 38.30962 14
250.0 37.85009 14
