15.0 1.35002 13
15.1 1.35709 13
15.2 1.36421 13
15.3 1.37136 13
15.4 1.37829 13
15.5 1.38525 13
15.6 1.39252 13
15.7 1.39955 13
15.8 1.40660 13
15.9 1.41338 13
16.0 1.42048 13
16.1 1.42763 13
16.2 1.43446 13
16.3 1.44166 13
16.4 1.44889 13
16.5 1.45579 13
16.6 1.46309 13
16.7 1.47003 13
16.8 1.47700 13
16.9 1.48399 13
17.0 1.49099 13
17.1 1.49802 13
17.2 1.50507 13
17.3 1.51215 13
17.4 1.51924 13
17.5 1.52637 13
17.6 1.53303 13
17.7 1.54019 13
17.8 1.54738 13
17.9 1.55408 13
18.0 1.56132 13
18.1 1.56803 13
18.2 1.57532 13
18.3 1.58206 13
18.4 1.58881 13
18.5 1.59615 13
18.6 1.60293 13
18.7 1.60971 13
18.8 1.61650 13
18.9 1.62330 13
19.0 1.63076 13
19.1 1.63759 13
19.2 1.64442 13
19.3 1.65127 13
19.4 1.65813 13
19.5 1.66499 13
19.6 1.67187 13
19.7 1.67876 13
19.8 1.68489 13
19.9 1.69179 13
20.0 1.69870 13
20.1 1.70561 13
20.2 1.71254 13
20.3 1.71948 13
20.4 1.72560 13
20.5 1.73255 13
20.6 1.73952 13
20.7 1.74650 13
20.8 1.75259 13
20.9 1.75958 13
21.0 1.76659 13
21.1 1.77267 13
21.2 1.77969 13
21.3 1.78575 13
21.4 1.79279 13
21.5 1.79983 13
21.6 1.80589 13
21.7 1.81295 13
21.8 1.81899 13
21.9 1.82607 13
22.0 1.83209 13
22.1 1.83919 13
22.2 1.84520 13
22.3 1.85379 13
22.4 1.86267 13
22.5 1.87329 13
22.6 1.88225 13
22.7 1.89124 13
22.8 1.90204 13
22.9 1.91110 13
23.0 1.92205 13
23.1 1.93119 13
23.2 1.94035 13
23.3 1.95150 13
23.4 1.96073 13
23.5 1.97000 13
23.6 1.98135 13
23.7 1.99069 13
23.8 2.00006 13
23.9 20.75092 14
24.0 20.81908 14
24.1 20.88706 14
24.2 20.97113 14
24.3 21.03895 14
24.4 21.10661 14
24.5 21.17409 14
24.6 21.25833 14
24.7 21.32563 14
24.8 21.39277 14
24.9 21.45973 14
25.0 21.54416 14
25.1 21.61095 14
25.2 21.67758 14
25.3 21.74403 14
25.4 21.82868 14
25.5 21.89497 14
25.6 21.96109 14
25.7 22.02706 14
25.8 22.09286 14
25.9 22.17774 14
26.0 22.24338 14
26.1 22.30886 14
26.2 22.37419 14
26.3 22.43935 14
26.4 22.50435 14
26.5 22.58952 14
26.6 22.65437 14
26.7 22.71907 14
26.8 22.78361 14
26.9 22.84799 14
27.0 22.91222 14
27.1 22.97630 14
27.2 23.06180 14
27.3 23.12574 14
27.4 23.18952 14
27.5 23.25315 14
27.6 23.31663 14
27.7 23.37995 14
27.8 23.44312 14
27.9 23.50615 14
28.0 23.59207 14
28.1 23.65497 14
28.2 5.77758 14
28.3 5.86778 14
28.4 5.95852 14
28.5 6.04980 14
28.6 6.14162 14
28.7 6.23396 14
28.8 6.32684 14
28.9 6.42024 14
29.0 6.51630 14
29.1 6.68564 14
29.2 6.80700 14
29.3 6.92896 14
29.4 7.05150 14
29.5 7.17463 14
29.6 7.29835 14
29.7 7.42264 14
29.8 7.54750 14
29.9 7.67293 14
30.0 7.79892 14
30.1 7.92547 14
30.2 8.05258 14
30.3 8.18024 14
30.4 8.30845 14
30.5 8.43720 14
30.6 8.56649 14
30.7 8.69631 14
30.8 8.88913 14
30.9 9.02081 14
31.0 9.15302 14
31.1 9.28575 14
31.2 9.41901 14
31.3 9.55278 14
31.4 9.68706 14
31.5 9.82185 14
31.6 9.95715 14
31.7 10.09295 14
31.8 10.22924 14
31.9 10.36603 14
32.0 10.50330 14
32.1 10.64106 14
32.2 10.77931 14
32.3 10.91803 14
32.4 11.05723 14
32.5 11.19689 14
32.6 11.33703 14
32.7 11.47763 14
32.8 11.61869 14
32.9 11.76020 14
33.0 11.90217 14
33.1 12.04459 14
33.2 12.18745 14
33.3 12.33076 14
33.4 12.47451 14
33.5 12.61869 14
33.6 12.76330 14
33.7 12.90835 14
33.8 13.05382 14
33.9 13.19971 14
34.0 13.34602 14
34.1 13.49275 14
34.2 13.63988 14
34.3 13.78743 14
34.4 13.93539 14
34.5 14.08374 14
34.6 14.23250 14
34.7 14.38166 14
34.8 14.53120 14
34.9 14.68114 14
35.0 14.83146 14
35.1 14.98217 14
35.2 15.13326 14
35.3 15.28473 14
35.4 15.43657 14
35.5 15.58878 14
35.6 15.74137 14
35.7 15.89431 14
35.8 16.04763 14
35.9 16.20130 14
36.0 16.35533 14
36.1 16.50971 14
36.2 16.66444 14
36.3 16.81952 14
36.4 16.97495 14
36.5 17.13072 14
36.6 17.28683 14
36.7 17.44328 14
36.8 17.60006 14
36.9 17.75718 14
37.0 17.91462 14
37.1 18.07239 14
37.2 18.23048 14
37.3 18.38890 14
37.4 18.54763 14
37.5 18.70667 14
37.6 18.86603 14
37.7 19.02570 14
37.8 19.05572 14
37.9 19.21488 14
38.0 19.37434 14
38.1 19.53409 14
38.2 19.69414 14
38.3 19.85447 14
38.4 20.01510 14
38.5 20.17601 14
38.6 20.33721 14
38.7 20.49868 14
38.8 20.66043 14
38.9 20.82246 14
39.0 20.98477 14
39.1 21.14734 14
39.2 21.31019 14
39.3 21.47329 14
39.4 21.63667 14
39.5 21.80031 14
39.6 21.96420 14
39.7 22.12835 14
39.8 22.29276 14
39.9 22.45742 14
40.0 22.62233 14
40.1 22.78749 14
40.2 22.95290 14
40.3 23.11855 14
40.4 23.28444 14
40.5 23.45057 14
40.6 23.61694 14
40.7 23.78354 14
40.8 23.95038 14
40.9 23.95204 14
41.0 24.11810 14
41.1 24.28438 14
41.2 24.45088 14
41.3 24.61760 14
41.4 24.78454 14
41.5 24.95169 14
41.6 25.11906 14
41.7 25.28663 14
41.8 25.45442 14
41.9 25.62241 14
42.0 25.79060 14
42.1 25.95900 14
42.2 26.12760 14
42.3 26.29640 14
42.4 26.46540 14
42.5 26.63459 14
42.6 26.80397 14
42.7 26.97355 14
42.8 27.14331 14
42.9 27.31327 14
43.0 27.48341 14
43.1 27.65373 14
43.2 27.82423 14
43.3 27.99492 14
43.4 27.96992 14
43.5 28.13964 14
43.6 28.30954 14
43.7 28.47960 14
43.8 28.64984 14
43.9 28.82024 14
44.0 28.99080 14
44.1 29.16153 14
44.2 29.33242 14
44.3 29.50347 14
44.4 29.67468 14
44.5 29.84604 14
44.6 30.01756 14
44.7 30.18923 14
44.8 30.36105 14
44.9 30.53302 14
45.0 30.70515 14
45.1 30.87741 14
45.2 31.04982 14
45.3 31.22238 14
45.4 31.39508 14
45.5 31.56792 14
45.6 31.74089 14
45.7 31.68887 14
45.8 31.86074 14
45.9 32.03274 14
46.0 32.20487 14
46.1 32.37713 14
46.2 32.54952 14
46.3 32.72203 14
46.4 32.89466 14
46.5 33.01804 14
46.6 33.05988 14
46.7 33.10164 14
46.8 33.14331 14
46.9 33.18490 14
47.0 33.22642 14
47.1 33.26785 14
47.2 33.30920 14
47.3 33.35047 14
47.4 33.39166 14
47.5 33.43277 14
47.6 33.47381 14
47.7 33.51476 14
47.8 33.55563 14
47.9 33.53695 14
48.0 33.57748 14
48.1 33.61793 14
48.2 33.65831 14
48.3 33.69860 14
48.4 33.73882 14
48.5 33.77897 14
48.6 33.81903 14
48.7 33.85902 14
48.8 33.89894 14
48.9 33.93877 14
49.0 33.97853 14
49.1 34.01822 14
49.2 34.05783 14
49.3 34.09736 14
49.4 34.13682 14
49.5 34.17621 14
49.6 34.21552 14
49.7 34.25475 14
49.8 34.29391 14
49.9 34.33300 14
50.0 34.30894 14
50.1 34.34770 14
50.2 34.38638 14
50.3 34.42499 14
50.4 34.46353 14
50.5 34.50199 14
50.6 34.54038 14
50.7 34.57870 14
50.8 34.61695 14
50.9 34.65513 14
51.0 34.69323 14
51.1 34.73126 14
51.2 34.76922 14
51.3 34.80711 14
51.4 34.84493 14
51.5 34.88268 14
51.6 34.92036 14
51.7 34.95797 14
51.8 34.99551 14
51.9 35.03298 14
52.0 35.07038 14
52.1 35.10771 14
52.2 35.07821 14
52.3 35.11522 14
52.4 35.15217 14
52.5 35.18904 14
52.6 35.22585 14
52.7 35.26258 14
52.8 35.29926 14
52.9 35.33586 14
53.0 35.37239 14
53.1 35.40886 14
53.2 35.44526 14
53.3 35.48160 14
53.4 35.51786 14
53.5 35.55407 14
53.6 35.59020 14
53.7 35.62627 14
53.8 35.66227 14
53.9 35.69821 14
54.0 35.73408 14
54.1 35.76989 14
54.2 35.80563 14
54.3 35.77111 14
54.4 35.80655 14
54.5 35.84192 14
54.6 35.87722 14
54.7 35.91246 14
54.8 35.94764 14
54.9 35.98275 14
55.0 36.01780 14
55.1 36.05278 14
55.2 36.08771 14
55.3 36.12257 14
55.4 36.15736 14
55.5 36.19209 14
55.6 36.22677 14
55.7 36.26137 14
55.8 36.29592 14
55.9 36.33041 14
56.0 36.36483 14
56.1 36.39919 14
56.2 36.43349 14
56.3 36.46773 14
56.4 36.50190 14
56.5 36.46231 14
56.6 36.49619 14
56.7 36.53001 14
56.8 36.56377 14
56.9 36.59747 14
57.0 36.63111 14
57.1 36.66469 14
57.2 36.69821 14
57.3 36.73167 14
57.4 36.76507 14
57.5 36.79841 14
57.6 36.83169 14
57.7 36.86491 14
57.8 36.89808 14
57.9 36.93118 14
58.0 36.96423 14
58.1 36.99722 14
58.2 37.03015 14
58.3 37.06303 14
58.4 37.09584 14
58.5 37.12860 14
58.6 37.16130 14
58.7 37.19395 14
58.8 37.14922 14
58.9 37.18158 14
59.0 37.21388 14
59.1 37.24612 14
59.2 37.27831 14
59.3 37.31044 14
59.4 37.34252 14
59.5 37.37454 14
59.6 37.40650 14
59.7 37.43841 14
59.8 37.47026 14
59.9 37.50206 14
60.0 37.53380 14
60.1 37.56549 14
60.2 37.59712 14
60.3 37.62870 14
60.4 37.66022 14
60.5 37.69169 14
60.6 37.72310 14
60.7 37.75446 14
60.8 37.78577 14
60.9 37.81702 14
61.0 37.84822 14
61.1 37.79856 14
61.2 37.82948 14
61.3 37.86035 14
61.4 37.89117 14
61.5 37.92193 14
61.6 37.95264 14
61.7 37.98330 14
61.8 38.01391 14
61.9 38.04446 14
62.0 38.07496 14
62.1 38.10541 14
62.2 38.13581 14
62.3 38.16615 14
62.4 38.19645 14
62.5 38.22669 14
62.6 38.25688 14
62.7 38.28702 14
62.8 38.31711 14
62.9 38.34714 14
63.0 38.37713 14
63.1 38.40707 14
63.2 38.43695 14
63.3 38.46679 14
63.4 38.41237 14
63.5 38.44194 14
63.6 38.47146 14
63.7 38.50093 14
63.8 38.53035 14
63.9 38.55972 14
64.0 38.58904 14
64.1 38.61831 14
64.2 38.64754 14
64.3 38.67671 14
64.4 38.70583 14
64.5 38.73491 14
64.6 38.76394 14
64.7 38.79291 14
64.8 38.82184 14
64.9 38.85073 14
65.0 38.87956 14
65.1 38.90835 14
65.2 38.93708 14
65.3 38.96577 14
65.4 38.99442 14
65.5 39.02301 14
65.6 39.05156 14
65.7 39.08006 14
65.8 39.10851 14
65.9 39.04911 14
66.0 39.07731 14
66.1 39.10546 14
66.2 39.13356 14
66.3 39.16162 14
66.4 39.18963 14
66.5 39.21760 14
66.6 39.24552 14
66.7 39.27339 14
66.8 39.30122 14
66.9 39.32900 14
67.0 39.35673 14
67.1 39.38442 14
67.2 39.41207 14
67.3 39.43967 14
67.4 39.46722 14
67.5 39.49473 14
67.6 39.52219 14
67.7 39.54961 14
67.8 39.57699 14
67.9 39.60432 14
68.0 39.63160 14
68.1 39.65884 14
68.2 39.68604 14
68.3 39.71319 14
68.4 39.64902 14
68.5 39.67592 14
68.6 39.70279 14
68.7 39.72960 14
68.8 39.75638 14
68.9 39.78311 14
69.0 39.80980 14
69.1 39.83645 14
69.2 39.86305 14
69.3 39.88961 14
69.4 39.91613 14
69.5 39.94260 14
69.6 39.96904 14
69.7 39.99543 14
69.8 40.02177 14
69.9 40.04808 14
70.0 40.07434 14
70.1 40.10056 14
70.2 40.12674 14
70.3 40.15287 14
70.4 40.17897 14
70.5 40.20502 14
70.6 40.23103 14
70.7 40.25700 14
70.8 40.28293 14
70.9 40.30881 14
71.0 40.33466 14
71.1 40.26551 14
71.2 40.29112 14
71.3 40.31669 14
71.4 40.34222 14
71.5 40.36771 14
71.6 40.39316 14
71.7 40.41856 14
71.8 40.44393 14
71.9 40.46926 14
72.0 40.49454 14
72.1 40.51979 14
72.2 40.54500 14
72.3 40.57016 14
72.4 40.59529 14
72.5 40.62038 14
72.6 40.64542 14
72.7 40.67043 14
72.8 40.69540 14
72.9 40.72033 14
73.0 40.74522 14
73.1 40.77007 14
73.2 40.79488 14
73.3 40.81966 14
73.4 40.84439 14
73.5 40.86909 14
73.6 40.89375 14
73.7 40.91836 14
73.8 40.84447 14
73.9 40.86887 14
74.0 40.89322 14
74.1 40.91754 14
74.2 40.94182 14
74.3 40.96606 14
74.4 40.99026 14
74.5 41.01443 14
74.6 41.03855 14
74.7 41.06264 14
74.8 41.08670 14
74.9 41.11071 14
75.0 41.13469 14
75.1 41.15863 14
75.2 41.18254 14
75.3 41.20640 14
75.4 41.23023 14
75.5 41.25403 14
75.6 41.27779 14
75.7 41.30151 14
75.8 41.32519 14
75.9 41.34884 14
76.0 41.37245 14
76.1 41.39602 14
76.2 41.41956 14
76.3 41.44306 14
76.4 41.46653 14
76.5 41.48996 14
76.6 41.51336 14
76.7 41.43457 14
76.8 41.45775 14
76.9 41.48089 14
77.0 41.50400 14
77.1 41.52707 14
77.2 41.55011 14
77.3 41.57311 14
77.4 41.59608 14
77.5 41.61901 14
77.6 41.64191 14
77.7 41.66477 14
77.8 41.68760 14
77.9 41.71039 14
78.0 41.73315 14
78.1 41.75587 14
78.2 41.77856 14
78.3 41.80121 14
78.4 41.82383 14
78.5 41.84642 14
78.6 41.86897 14
78.7 41.89149 14
78.8 41.91397 14
78.9 41.93642 14
79.0 41.95884 14
79.1 41.98122 14
79.2 42.00357 14
79.3 42.02589 14
79.4 42.04817 14
79.5 42.07042 14
79.6 42.09263 14
79.7 42.00902 14
79.8 42.03103 14
79.9 42.05300 14
80.0 42.07494 14
80.1 42.09685 14
80.2 42.11873 14
80.3 42.14057 14
80.4 42.16238 14
80.5 42.18416 14
80.6 42.20591 14
80.7 42.22762 14
80.8 42.24930 14
80.9 42.27095 14
81.0 42.29257 14
81.1 42.31415 14
81.2 42.33570 14
81.3 42.35723 14
81.4 42.37871 14
81.5 42.40017 14
81.6 42.42160 14
81.7 42.44299 14
81.8 42.46435 14
81.9 42.48568 14
82.0 42.50698 14
82.1 42.52825 14
82.2 42.54948 14
82.3 42.57069 14
82.4 42.59186 14
82.5 42.61300 14
82.6 42.63411 14
82.7 42.65519 14
82.8 42.67624 14
82.9 42.58771 14
83.0 42.60856 14
83.1 42.62938 14
83.2 42.65017 14
83.3 42.67093 14
83.4 42.69166 14
83.5 42.71236 14
83.6 42.73303 14
83.7 42.75367 14
83.8 42.77428 14
83.9 42.79486 14
84.0 42.81541 14
84.1 42.83592 14
84.2 42.85641 14
84.3 42.87687 14
84.4 42.89730 14
84.5 42.91770 14
84.6 42.93807 14
84.7 42.95841 14
84.8 42.97872 14
84.9 42.99900 14
85.0 43.01926 14
85.1 43.03948 14
85.2 43.05967 14
85.3 43.07984 14
85.4 43.09997 14
85.5 43.12008 14
85.6 43.14015 14
85.7 43.16020 14
85.8 43.18022 14
85.9 43.20021 14
86.0 43.22018 14
86.1 43.24011 14
86.2 43.26001 14
86.3 43.16650 14
86.4 43.18621 14
86.5 43.20590 14
86.6 43.22556 14
86.7 43.24519 14
86.8 43.26480 14
86.9 43.28437 14
87.0 43.30392 14
87.1 43.32344 14
87.2 43.34293 14
87.3 43.36239 14
87.4 43.38183 14
87.5 43.40124 14
87.6 43.42062 14
87.7 43.43997 14
87.8 43.45930 14
87.9 43.47860 14
88.0 43.49787 14
88.1 43.51711 14
88.2 43.53633 14
88.3 43.55552 14
88.4 43.57468 14
88.5 43.59381 14
88.6 43.61292 14
88.7 43.63200 14
88.8 43.65105 14
88.9 43.67008 14
89.0 43.68908 14
89.1 43.70805 14
89.2 43.72700 14
89.3 43.74592 14
89.4 43.76481 14
89.5 43.78368 14
89.6 43.80252 14
89.7 43.82133 14
89.8 43.72295 14
89.9 43.74159 14
90.0 43.76020 14
90.1 43.77878 14
90.2 43.79733 14
90.3 43.81586 14
90.4 43.83437 14
90.5 43.85285 14
90.6 43.87130 14
90.7 43.88972 14
90.8 43.90813 14
90.9 43.92650 14
91.0 43.94485 14
91.1 43.96317 14
91.2 43.98147 14
91.3 43.99975 14
91.4 44.01799 14
91.5 44.03622 14
91.6 44.05441 14
91.7 44.07258 14
91.8 44.09073 14
91.9 44.10885 14
92.0 44.12695 14
92.1 44.14502 14
92.2 44.16307 14
92.3 44.18109 14
92.4 44.19908 14
92.5 44.21705 14
92.6 44.23500 14
92.7 44.25292 14
92.8 44.27082 14
92.9 44.28869 14
93.0 44.30654 14
93.1 44.32437 14
93.2 44.34216 14
93.3 44.35994 14
93.4 44.37769 14
93.5 44.39542 14
93.6 44.29201 14
93.7 44.30957 14
93.8 44.32710 14
93.9 44.34461 14
94.0 44.36209 14
94.1 44.37955 14
94.2 44.39699 14
94.3 44.41440 14
94.4 44.43179 14
94.5 44.44915 14
94.6 44.46650 14
94.7 44.48381 14
94.8 44.50111 14
94.9 44.51838 14
95.0 44.53562 14
95.1 44.55285 14
95.2 44.57005 14
95.3 44.58722 14
95.4 44.60438 14
95.5 44.62151 14
95.6 44.63861 14
95.7 44.65570 14
95.8 44.67276 14
95.9 44.68979 14
96.0 44.70681 14
96.1 44.72380 14
96.2 44.74077 14
96.3 44.75771 14
96.4 44.77464 14
96.5 44.79154 14
96.6 44.80841 14
96.7 44.82527 14
96.8 44.84210 14
96.9 44.85891 14
97.0 44.87570 14
97.1 44.89246 14
97.2 44.90920 14
97.3 44.92592 14
97.4 44.94262 14
97.5 44.95929 14
97.6 44.85090 14
97.7 44.86741 14
97.8 44.88390 14
97.9 44.90037 14
98.0 44.91682 14
98.1 44.93324 14
98.2 44.94965 14
98.3 44.96603 14
98.4 44.98239 14
98.5 44.99872 14
98.6 45.01504 14
98.7 45.03133 14
98.8 45.04761 14
98.9 45.06386 14
99.0 45.08009 14
99.1 45.09630 14
99.2 45.11248 14
99.3 45.12865 14
99.4 45.14479 14
99.5 45.16091 14
99.6 45.17701 14
99.7 45.19309 14
99.8 45.20915 14
99.9 45.22519 14
100.0 45.24120 14
100.1 45.25720 14
100.2 45.27317 14
100.3 45.28912 14
100.4 45.30506 14
100.5 45.32097 14
100.6 45.33686 14
100.7 45.35273 14
100.8 45.36857 14
100.9 45.38440 14
101.0 45.40021 14
101.1 45.41599 14
101.2 45.43176 14
101.3 45.44750 14
101.4 45.46323 14
101.5 45.47893 14
101.6 45.49461 14
101.7 45.51028 14
101.8 45.52592 14
101.9 45.41244 14
102.0 45.42793 14
102.1 45.44340 14
102.2 45.45885 14
102.3 45.47428 14
102.4 45.48969 14
102.5 45.50508 14
102.6 45.52045 14
102.7 45.53580 14
102.8 45.55113 14
102.9 45.56644 14
103.0 45.58173 14
103.1 45.59700 14
103.2 45.61225 14
103.3 45.62748 14
103.4 45.64269 14
103.5 45.65788 14
103.6 45.67305 14
103.7 45.68820 14
103.8 45.70333 14
103.9 45.71844 14
104.0 45.73354 14
104.1 45.74861 14
104.2 45.76366 14
104.3 45.77870 14
104.4 45.79371 14
104.5 45.80871 14
104.6 45.82368 14
104.7 45.83864 14
104.8 45.85358 14
104.9 45.86850 14
105.0 45.88340 14
105.1 45.89828 14
105.2 45.91314 14
105.3 45.92798 14
105.4 45.94281 14
105.5 45.95761 14
105.6 45.97240 14
105.7 45.98717 14
105.8 46.00191 14
105.9 46.01664 14
106.0 46.03135 14
106.1 46.04605 14
106.2 46.06072 14
106.3 46.07537 14
106.4 46.09001 14
106.5 45.97142 14
106.6 45.98592 14
106.7 46.00039 14
106.8 46.01485 14
106.9 46.02928 14
107.0 46.04370 14
107.1 46.05810 14
107.2 46.07249 14
107.3 46.08685 14
107.4 46.10120 14
107.5 46.11552 14
107.6 46.12983 14
107.7 46.14413 14
107.8 46.15840 14
107.9 46.17266 14
108.0 46.18689 14
108.1 46.20111 14
108.2 46.21532 14
108.3 46.22950 14
108.4 46.24367 14
108.5 46.25781 14
108.6 46.27194 14
108.7 46.28606 14
108.8 46.30015 14
108.9 46.31423 14
109.0 46.32829 14
109.1 46.34233 14
109.2 46.35636 14
109.3 46.37036 14
109.4 46.38435 14
109.5 46.39832 14
109.6 46.41228 14
109.7 46.42622 14
109.8 46.44014 14
109.9 46.45404 14
110.0 46.46792 14
110.1 46.48179 14
110.2 46.49564 14
110.3 46.50948 14
110.4 46.52329 14
110.5 46.53709 14
110.6 46.55087 14
110.7 46.56464 14
110.8 46.57838 14
110.9 46.59212 14
111.0 46.60583 14
111.1 46.61953 14
111.2 46.63321 14
111.3 46.64687 14
111.4 46.66051 14
111.5 46.53670 14
111.6 46.55022 14
111.7 46.56371 14
111.8 46.57719 14
111.9 46.59065 14
112.0 46.60409 14
112.1 46.61752 14
112.2 46.63093 14
112.3 46.64433 14
112.4 46.65771 14
112.5 46.67107 14
112.6 46.68441 14
112.7 46.69774 14
112.8 46.71106 14
112.9 46.72435 14
113.0 46.73763 14
113.1 46.75090 14
113.2 46.76414 14
113.3 46.77738 14
113.4 46.79059 14
113.5 46.80379 14
113.6 46.81697 14
113.7 46.83014 14
113.8 46.84329 14
113.9 46.85642 14
114.0 46.86954 14
114.1 46.88265 14
114.2 46.89573 14
114.3 46.90880 14
114.4 46.92186 14
114.5 46.93490 14
114.6 46.94792 14
114.7 46.96093 14
114.8 46.97392 14
114.9 46.98690 14
115.0 46.99986 14
115.1 47.01280 14
115.2 47.02573 14
115.3 47.03864 14
115.4 47.05154 14
115.5 47.06442 14
115.6 47.07729 14
115.7 47.09014 14
115.8 47.10297 14
115.9 47.11579 14
116.0 47.12860 14
116.1 47.14139 14
116.2 47.15416 14
116.3 47.16692 14
116.4 47.17966 14
116.5 47.19239 14
116.6 47.20510 14
116.7 47.21780 14
116.8 47.08882 14
116.9 47.10139 14
117.0 47.11395 14
117.1 47.12649 14
117.2 47.13901 14
117.3 47.15152 14
117.4 47.16402 14
117.5 47.17650 14
117.6 47.18896 14
117.7 47.20141 14
117.8 47.21385 14
117.9 47.22627 14
118.0 47.23868 14
118.1 47.25107 14
118.2 47.26344 14
118.3 47.27581 14
118.4 47.28815 14
118.5 47.30048 14
118.6 47.31280 14
118.7 47.32510 14
118.8 47.33739 14
118.9 47.34967 14
119.0 47.36193 14
119.1 47.37417 14
119.2 47.38640 14
119.3 47.39862 14
119.4 47.41082 14
119.5 47.42300 14
119.6 47.43518 14
119.7 47.44733 14
119.8 47.45948 14
119.9 47.47161 14
120.0 47.48372 14
120.1 47.49582 14
120.2 47.50791 14
120.3 47.51998 14
120.4 47.53204 14
120.5 47.54408 14
120.6 47.55611 14
120.7 47.56812 14
120.8 47.58013 14
120.9 47.59211 14
121.0 47.60408 14
121.1 47.61604 14
121.2 47.62799 14
121.3 47.63992 14
121.4 47.65184 14
121.5 47.66374 14
121.6 47.67563 14
121.7 47.68750 14
121.8 47.69936 14
121.9 47.71121 14
122.0 47.72304 14
122.1 47.73486 14
122.2 47.74667 14
122.3 47.75846 14
122.4 47.77024 14
122.5 47.78200 14
122.6 47.79376 14
122.7 47.65939 14
122.8 47.67102 14
122.9 47.68264 14
123.0 47.69425 14
123.1 47.70584 14
123.2 47.71742 14
123.3 47.72899 14
123.4 47.74054 14
123.5 47.75208 14
123.6 47.76361 14
123.7 47.77512 14
123.8 47.78662 14
123.9 47.79810 14
124.0 47.80957 14
124.1 47.82103 14
124.2 47.83248 14
124.3 47.84391 14
124.4 47.85533 14
124.5 47.86674 14
124.6 47.87813 14
124.7 47.88951 14
124.8 47.90088 14
124.9 47.91223 14
125.0 47.92357 14
125.1 47.93490 14
125.2 47.94621 14
125.3 47.95751 14
125.4 47.96880 14
125.5 47.98008 14
125.6 47.99134 14
125.7 48.00259 14
125.8 48.01383 14
125.9 48.02505 14
126.0 48.03626 14
126.1 48.04746 14
126.2 48.05865 14
126.3 48.06982 14
126.4 48.08098 14
126.5 48.09213 14
126.6 48.10326 14
126.7 48.11438 14
126.8 48.12549 14
126.9 48.13659 14
127.0 48.14767 14
127.1 48.15874 14
127.2 48.16980 14
127.3 48.18085 14
127.4 48.19188 14
127.5 48.20290 14
127.6 48.21391 14
127.7 48.22491 14
127.8 48.23589 14
127.9 48.24686 14
128.0 48.25782 14
128.1 48.26876 14
128.2 48.27970 14
128.3 48.29062 14
128.4 48.30153 14
128.5 48.31243 14
128.6 48.32331 14
128.7 48.33418 14
128.8 48.34504 14
128.9 48.35589 14
129.0 48.21620 14
129.1 48.22694 14
129.2 48.23767 14
129.3 48.24838 14
129.4 48.25908 14
129.5 48.26977 14
129.6 48.28045 14
129.7 48.29112 14
129.8 48.30177 14
129.9 48.31241 14
130.0 48.32304 14
130.1 48.33366 14
130.2 48.34427 14
130.3 48.35486 14
130.4 48.36544 14
130.5 48.37601 14
130.6 48.38657 14
130.7 48.39712 14
130.8 48.40766 14
130.9 48.41818 14
131.0 48.42869 14
131.1 48.43919 14
131.2 48.44968 14
131.3 48.46016 14
131.4 48.47062 14
131.5 48.48107 14
131.6 48.49152 14
131.7 48.50195 14
131.8 48.51236 14
131.9 48.52277 14
132.0 48.53317 14
132.1 48.54355 14
132.2 48.55392 14
132.3 48.56428 14
132.4 48.57463 14
132.5 48.58497 14
132.6 48.59530 14
132.7 48.60561 14
132.8 48.61591 14
132.9 48.62621 14
133.0 48.63649 14
133.1 48.64676 14
133.2 48.65701 14
133.3 48.66726 14
133.4 48.67750 14
133.5 48.68772 14
133.6 48.69793 14
133.7 48.70813 14
133.8 48.71833 14
133.9 48.72850 14
134.0 48.73867 14
134.1 48.74883 14
134.2 48.75897 14
134.3 48.76911 14
134.4 48.77923 14
134.5 48.78934 14
134.6 48.79945 14
134.7 48.80954 14
134.8 48.81962 14
134.9 48.82968 14
135.0 48.83974 14
135.1 48.84979 14
135.2 48.85982 14
135.3 48.86985 14
135.4 48.87986 14
135.5 48.88986 14
135.6 48.89985 14
135.7 48.90983 14
135.8 48.91980 14
135.9 48.92976 14
136.0 48.78459 14
136.1 48.79444 14
136.2 48.80429 14
136.3 48.81413 14
136.4 48.82395 14
136.5 48.83377 14
136.6 48.84357 14
136.7 48.85336 14
136.8 48.86315 14
136.9 48.87292 14
137.0 48.88268 14
137.1 48.89243 14
137.2 48.90217 14
137.3 48.91190 14
137.4 48.92162 14
137.5 48.93133 14
137.6 48.94103 14
137.7 48.95072 14
137.8 48.96040 14
137.9 48.97006 14
138.0 48.97972 14
138.1 48.98937 14
138.2 48.99900 14
138.3 49.00863 14
138.4 49.01824 14
138.5 49.02785 14
138.6 49.03744 14
138.7 49.04702 14
138.8 49.05660 14
138.9 49.06616 14
139.0 49.07571 14
139.1 49.08526 14
139.2 49.09479 14
139.3 49.10431 14
139.4 49.11383 14
139.5 49.12333 14
139.6 49.13282 14
139.7 49.14230 14
139.8 49.15177 14
139.9 49.16123 14
140.0 49.17069 14
140.1 49.18013 14
140.2 49.18956 14
140.3 49.19898 14
140.4 49.20839 14
140.5 49.21779 14
140.6 49.22718 14
140.7 49.23656 14
140.8 49.24593 14
140.9 49.25530 14
141.0 49.26465 14
141.1 49.27399 14
141.2 49.28332 14
141.3 49.29264 14
141.4 49.30195 14
141.5 49.31125 14
141.6 49.32055 14
141.7 49.32983 14
141.8 49.33910 14
141.9 49.34836 14
142.0 49.35762 14
142.1 49.36686 14
142.2 49.37609 14
142.3 49.38531 14
142.4 49.39453 14
142.5 49.40373 14
142.6 49.41293 14
142.7 49.42211 14
142.8 49.43128 14
142.9 49.44045 14
143.0 49.44961 14
143.1 49.45875 14
143.2 49.46789 14
143.3 49.47701 14
143.4 49.48613 14
143.5 49.49524 14
143.6 49.50434 14
143.7 49.51342 14
143.8 49.36261 14
143.9 49.37161 14
144.0 49.38060 14
144.1 49.38957 14
144.2 49.39854 14
144.3 49.40750 14
144.4 49.41645 14
144.5 49.42538 14
144.6 49.43431 14
144.7 49.44323 14
144.8 49.45215 14
144.9 49.46105 14
145.0 49.46994 14
145.1 49.47882 14
145.2 49.48770 14
145.3 49.49656 14
145.4 49.50542 14
145.5 49.51426 14
145.6 49.52310 14
145.7 49.53193 14
145.8 49.54075 14
145.9 49.54956 14
146.0 49.55836 14
146.1 49.56715 14
146.2 49.57593 14
146.3 49.58470 14
146.4 49.59347 14
146.5 49.60222 14
146.6 49.61097 14
146.7 49.61970 14
146.8 49.62843 14
146.9 49.63715 14
147.0 49.64586 14
147.1 49.65456 14
147.2 49.66325 14
147.3 49.67193 14
147.4 49.68061 14
147.5 49.68927 14
147.6 49.69793 14
147.7 49.70658 14
147.8 49.71521 14
147.9 49.72384 14
148.0 49.73246 14
148.1 49.74107 14
148.2 49.74968 14
148.3 49.75827 14
148.4 49.76685 14
148.5 49.77543 14
148.6 49.78400 14
148.7 49.79256 14
148.8 49.80111 14
148.9 49.80965 14
149.0 49.81818 14
149.1 49.82670 14
149.2 49.83522 14
149.3 49.84372 14
149.4 49.85222 14
149.5 49.86071 14
149.6 49.86919 14
149.7 49.87766 14
149.8 49.88612 14
149.9 49.89458 14
150.0 49.90302 14
150.1 49.91146 14
150.2 49.91989 14
150.3 49.92831 14
150.4 49.93672 14
150.5 49.94512 14
150.6 49.95351 14
150.7 49.96190 14
150.8 49.97028 14
150.9 49.97865 14
151.0 49.98701 14
151.1 49.99536 14
151.2 50.00370 14
151.3 50.01204 14
151.4 50.02036 14
151.5 50.02868 14
151.6 50.03699 14
151.7 50.04529 14
151.8 50.05358 14
151.9 50.06187 14
152.0 50.07014 14
152.1 50.07841 14
152.2 50.08667 14
152.3 50.09492 14
152.4 50.10316 14
152.5 49.94660 14
152.6 49.95476 14
152.7 49.96291 14
152.8 49.97105 14
152.9 49.97918 14
153.0 49.98731 14
153.1 49.99542 14
153.2 50.00353 14
153.3 50.01163 14
153.4 50.01972 14
153.5 50.02781 14
153.6 50.03588 14
153.7 50.04395 14
153.8 50.05201 14
153.9 50.06006 14
154.0 50.06811 14
154.1 50.07614 14
154.2 50.08417 14
154.3 50.09219 14
154.4 50.10020 14
154.5 50.10821 14
154.6 50.11620 14
154.7 50.12419 14
154.8 50.13217 14
154.9 50.14014 14
155.0 50.14810 14
155.1 50.15606 14
155.2 50.16401 14
155.3 50.17195 14
155.4 50.17988 14
155.5 50.18780 14
155.6 50.19572 14
155.7 50.20363 14
155.8 50.21153 14
155.9 50.21942 14
156.0 50.22731 14
156.1 50.23518 14
156.2 50.24305 14
156.3 50.25091 14
156.4 50.25877 14
156.5 50.26661 14
156.6 50.27445 14
156.7 50.28228 14
156.8 50.29011 14
156.9 50.29792 14
157.0 50.30573 14
157.1 50.31353 14
157.2 50.32132 14
157.3 50.32910 14
157.4 50.33688 14
157.5 50.34465 14
157.6 50.35241 14
157.7 50.36016 14
157.8 50.36791 14
157.9 50.37565 14
158.0 50.38338 14
158.1 50.39110 14
158.2 50.39882 14
158.3 50.40652 14
158.4 50.41422 14
158.5 50.42192 14
158.6 50.42960 14
158.7 50.43728 14
158.8 50.44495 14
158.9 50.45261 14
159.0 50.46027 14
159.1 50.46791 14
159.2 50.47555 14
159.3 50.48319 14
159.4 50.49081 14
159.5 50.49843 14
159.6 50.50604 14
159.7 50.51364 14
159.8 50.52124 14
159.9 50.52883 14
160.0 50.53641 14
160.1 50.54398 14
160.2 50.55155 14
160.3 50.55910 14
160.4 50.56666 14
160.5 50.57420 14
160.6 50.58174 14
160.7 50.58927 14
160.8 50.59679 14
160.9 50.60430 14
161.0 50.61181 14
161.1 50.61931 14
161.2 50.62680 14
161.3 50.63429 14
161.4 50.64177 14
161.5 50.64924 14
161.6 50.65670 14
161.7 50.66416 14
161.8 50.67161 14
161.9 50.67905 14
162.0 50.68648 14
162.1 50.69391 14
162.2 50.53153 14
162.3 50.53888 14
162.4 50.54622 14
162.5 50.55356 14
162.6 50.56089 14
162.7 50.56821 14
162.8 50.57553 14
162.9 50.58284 14
163.0 50.59014 14
163.1 50.59743 14
163.2 50.60472 14
163.3 50.61200 14
163.4 50.61927 14
163.5 50.62654 14
163.6 50.63380 14
163.7 50.64105 14
163.8 50.64830 14
163.9 50.65554 14
164.0 50.66277 14
164.1 50.66999 14
164.2 50.67721 14
164.3 50.68442 14
164.4 50.69163 14
164.5 50.69882 14
164.6 50.70601 14
164.7 50.71320 14
164.8 50.72037 14
164.9 50.72754 14
165.0 50.73471 14
165.1 50.74186 14
165.2 50.74901 14
165.3 50.75615 14
165.4 50.77642 14
165.5 50.78366 14
165.6 50.79090 14
165.7 50.79813 14
165.8 50.80536 14
165.9 50.81258 14
166.0 50.81979 14
166.1 50.82700 14
166.2 50.83419 14
166.3 50.84139 14
166.4 50.86008 14
166.5 50.68486 14
166.6 50.69197 14
166.7 50.69907 14
166.8 50.70617 14
166.9 50.71326 14
167.0 50.72034 14
167.1 50.72742 14
167.2 50.73449 14
167.3 50.74155 14
167.4 50.74861 14
167.5 50.75566 14
167.6 50.77582 14
167.7 50.78321 14
167.8 50.79035 14
167.9 50.79749 14
168.0 50.80462 14
168.1 50.81175 14
168.2 50.81887 14
168.3 50.82598 14
168.4 50.83309 14
168.5 50.84019 14
168.6 50.84728 14
168.7 50.86597 14
168.8 50.69051 14
168.9 50.69775 14
169.0 50.70476 14
169.1 50.71175 14
169.2 50.71875 14
169.3 50.72573 14
169.4 50.73271 14
169.5 50.73969 14
169.6 50.74665 14
169.7 50.75361 14
169.8 50.77365 14
169.9 50.78094 14
170.0 50.78824 14
170.1 50.79528 14
170.2 50.80233 14
170.3 50.80936 14
170.4 50.81639 14
170.5 50.82341 14
170.6 50.83043 14
170.7 50.83744 14
170.8 50.84444 14
170.9 50.86300 14
171.0 50.68751 14
171.1 50.69467 14
171.2 50.70182 14
171.3 50.70873 14
171.4 50.71564 14
171.5 50.72253 14
171.6 50.72943 14
171.7 50.73631 14
171.8 50.74319 14
171.9 50.75006 14
172.0 50.75693 14
172.1 50.77693 14
172.2 50.78413 14
172.3 50.79132 14
172.4 50.79852 14
172.5 50.80546 14
172.6 50.81241 14
172.7 50.81934 14
172.8 50.82627 14
172.9 50.83319 14
173.0 50.84010 14
173.1 50.84701 14
173.2 50.86552 14
173.3 50.68988 14
173.4 50.69694 14
173.5 50.70400 14
173.6 50.71106 14
173.7 50.71787 14
173.8 50.72468 14
173.9 50.73148 14
174.0 50.73827 14
174.1 50.74506 14
174.2 50.75184 14
174.3 50.75862 14
174.4 50.77856 14
174.5 50.78566 14
174.6 50.79276 14
174.7 50.79987 14
174.8 50.80697 14
174.9 50.81382 14
175.0 50.82066 14
175.1 50.82750 14
175.2 50.83433 14
175.3 50.84115 14
175.4 50.85948 14
175.5 50.86641 14
175.6 50.69065 14
175.7 50.69762 14
175.8 50.70459 14
175.9 50.71156 14
176.0 50.71853 14
176.1 50.72525 14
176.2 50.73196 14
176.3 50.73866 14
176.4 50.74536 14
176.5 50.75205 14
176.6 50.75874 14
176.7 50.77859 14
176.8 50.78561 14
176.9 50.79262 14
177.0 50.79963 14
177.1 50.80665 14
177.2 50.81366 14
177.3 50.82041 14
177.4 50.82716 14
177.5 50.83390 14
177.6 50.84064 14
177.7 50.84737 14
177.8 50.86570 14
177.9 50.68987 14
178.0 50.69676 14
178.1 50.70364 14
178.2 50.71052 14
178.3 50.71741 14
178.4 50.72429 14
178.5 50.73092 14
178.6 50.73753 14
178.7 50.74414 14
178.8 50.75075 14
178.9 50.75735 14
179.0 50.77710 14
179.1 50.78402 14
179.2 50.79095 14
179.3 50.79787 14
179.4 50.80480 14
179.5 50.81173 14
179.6 50.81866 14
179.7 50.82532 14
179.8 50.83197 14
179.9 50.83862 14
180.0 50.84526 14
180.1 50.86348 14
180.2 50.68761 14
180.3 50.69441 14
180.4 50.70121 14
180.5 50.70801 14
180.6 50.71481 14
180.7 50.72135 14
180.8 50.72815 14
180.9 50.73494 14
181.0 50.74147 14
181.1 50.74799 14
181.2 50.75451 14
181.3 50.77412 14
181.4 50.78096 14
181.5 50.78780 14
181.6 50.79440 14
181.7 50.80124 14
181.8 50.80807 14
181.9 50.81491 14
182.0 50.82175 14
182.1 50.82859 14
182.2 50.83515 14
182.3 50.84171 14
182.4 50.85979 14
182.5 50.86644 14
182.6 50.69041 14
182.7 50.69712 14
182.8 50.70383 14
182.9 50.71054 14
183.0 50.71725 14
183.1 50.72396 14
183.2 50.73068 14
183.3 50.73739 14
183.4 50.74383 14
183.5 50.75026 14
183.6 50.75669 14
183.7 50.77626 14
183.8 50.78301 14
183.9 50.78976 14
184.0 50.79651 14
184.1 50.80327 14
184.2 50.80977 14
184.3 50.81651 14
184.4 50.82326 14
184.5 50.83001 14
184.6 50.83677 14
184.7 50.84324 14
184.8 50.86125 14
184.9 50.68527 14
185.0 50.69190 14
185.1 50.69829 14
185.2 50.70491 14
185.3 50.71154 14
185.4 50.71816 14
185.5 50.72479 14
185.6 50.73142 14
185.7 50.73804 14
185.8 50.74467 14
185.9 50.75102 14
186.0 50.75736 14
186.1 50.77686 14
186.2 50.78352 14
186.3 50.79019 14
186.4 50.79685 14
186.5 50.80352 14
186.6 50.81019 14
186.7 50.81660 14
186.8 50.82326 14
186.9 50.82993 14
187.0 50.83659 14
187.1 50.84326 14
187.2 50.86119 14
187.3 50.68512 14
187.4 50.69167 14
187.5 50.69798 14
187.6 50.70452 14
187.7 50.71106 14
187.8 50.71760 14
187.9 50.72414 14
188.0 50.73068 14
188.1 50.73723 14
188.2 50.74350 14
188.3 50.75004 14
188.4 50.75658 14
188.5 50.77598 14
188.6 50.78256 14
188.7 50.78914 14
188.8 50.79573 14
188.9 50.80231 14
189.0 50.80864 14
189.1 50.81522 14
189.2 50.82180 14
189.3 50.82838 14
189.4 50.83497 14
189.5 50.84155 14
189.6 50.85967 14
189.7 50.86606 14
189.8 50.68978 14
189.9 50.69624 14
190.0 50.70270 14
190.1 50.70916 14
190.2 50.71562 14
190.3 50.72208 14
190.4 50.72828 14
190.5 50.73474 14
190.6 50.74120 14
190.7 50.74765 14
190.8 50.75411 14
190.9 50.77369 14
191.0 50.78019 14
191.1 50.78645 14
191.2 50.79295 14
191.3 50.79944 14
191.4 50.80594 14
191.5 50.81244 14
191.6 50.81894 14
191.7 50.82544 14
191.8 50.83167 14
191.9 50.83816 14
192.0 50.84466 14
192.1 50.86275 14
192.2 50.68676 14
192.3 50.69314 14
192.4 50.69951 14
192.5 50.70565 14
192.6 50.71203 14
192.7 50.71840 14
192.8 50.72478 14
192.9 50.73116 14
193.0 50.73754 14
193.1 50.74364 14
193.2 50.75002 14
193.3 50.75640 14
193.4 50.77592 14
193.5 50.78264 14
193.6 50.78905 14
193.7 50.79547 14
193.8 50.80164 14
193.9 50.80805 14
194.0 50.81447 14
194.1 50.82089 14
194.2 50.82730 14
194.3 50.83372 14
194.4 50.84014 14
194.5 50.84627 14
194.6 50.86430 14
194.7 50.68819 14
194.8 50.69478 14
194.9 50.70108 14
195.0 50.70738 14
195.1 50.71343 14
195.2 50.71972 14
195.3 50.72602 14
195.4 50.73232 14
195.5 50.73861 14
195.6 50.74491 14
195.7 50.75093 14
195.8 50.75723 14
195.9 50.77669 14
196.0 50.78332 14
196.1 50.78996 14
196.2 50.79629 14
196.3 50.80263 14
196.4 50.80871 14
196.5 50.81505 14
196.6 50.82138 14
196.7 50.82772 14
196.8 50.83405 14
196.9 50.84039 14
197.0 50.84644 14
197.1 50.86439 14
197.2 50.68820 14
197.3 50.69471 14
197.4 50.70123 14
197.5 50.70745 14
197.6 50.71342 14
197.7 50.71964 14
197.8 50.72585 14
197.9 50.73207 14
198.0 50.73829 14
198.1 50.74451 14
198.2 50.75045 14
198.3 50.75667 14
198.4 50.77604 14
198.5 50.78259 14
198.6 50.78915 14
198.7 50.79572 14
198.8 50.80173 14
198.9 50.80798 14
199.0 50.81423 14
199.1 50.82049 14
199.2 50.82674 14
199.3 50.83300 14
199.4 50.83898 14
199.5 50.84523 14
199.6 50.86309 14
199.7 50.68684 14
199.8 50.69328 14
199.9 50.69972 14
200.0 50.70593 14
200.1 50.71207 14
200.2 50.71820 14
200.3 50.72434 14
200.4 50.73048 14
200.5 50.73662 14
200.6 50.74249 14
200.7 50.74863 14
200.8 50.75477 14
200.9 50.77404 14
201.0 50.78051 14
201.1 50.78699 14
201.2 50.79324 14
201.3 50.79973 14
201.4 50.80590 14
201.5 50.81208 14
201.6 50.81826 14
201.7 50.82417 14
201.8 50.83035 14
201.9 50.83652 14
202.0 50.84270 14
202.1 50.86043 14
202.2 50.68418 14
202.3 50.69031 14
202.4 50.69636 14
202.5 50.70273 14
202.6 50.70910 14
202.7 50.71548 14
202.8 50.72154 14
202.9 50.72734 14
203.0 50.73341 14
203.1 50.73947 14
203.2 50.74553 14
203.3 50.75160 14
203.4 50.75738 14
203.5 50.77661 14
203.6 50.78300 14
203.7 50.78940 14
203.8 50.79581 14
203.9 50.80223 14
204.0 50.80840 14
204.1 50.81449 14
204.2 50.82059 14
204.3 50.82669 14
204.4 50.83279 14
204.5 50.83861 14
204.6 50.84471 14
204.7 50.86240 14
204.8 50.68602 14
204.9 50.69230 14
205.0 50.69859 14
205.1 50.70464 14
205.2 50.71094 14
205.3 50.71725 14
205.4 50.72324 14
205.5 50.72922 14
205.6 50.73494 14
205.7 50.74093 14
205.8 50.74692 14
205.9 50.75290 14
206.0 50.77199 14
206.1 50.77778 14
206.2 50.78409 14
206.3 50.79042 14
206.4 50.79675 14
206.5 50.80309 14
206.6 50.80918 14
206.7 50.81553 14
206.8 50.82155 14
206.9 50.82757 14
207.0 50.83360 14
207.1 50.83934 14
207.2 50.84536 14
207.3 50.86299 14
207.4 50.68649 14
207.5 50.69270 14
207.6 50.69891 14
207.7 50.70489 14
207.8 50.71111 14
207.9 50.71735 14
208.0 50.72360 14
208.1 50.72951 14
208.2 50.73516 14
208.3 50.74107 14
208.4 50.74698 14
208.5 50.75289 14
208.6 50.77190 14
208.7 50.77762 14
208.8 50.78386 14
208.9 50.79011 14
209.0 50.79636 14
209.1 50.80262 14
209.2 50.80864 14
209.3 50.81491 14
209.4 50.82120 14
209.5 50.82714 14
209.6 50.83309 14
209.7 50.83876 14
209.8 50.84471 14
209.9 50.86225 14
210.0 50.68569 14
210.1 50.69183 14
210.2 50.69773 14
210.3 50.70387 14
210.4 50.71002 14
210.5 50.71618 14
210.6 50.72234 14
210.7 50.72826 14
210.8 50.73409 14
210.9 50.73993 14
211.0 50.74577 14
211.1 50.75161 14
211.2 50.75716 14
211.3 50.77616 14
211.4 50.78233 14
211.5 50.78850 14
211.6 50.79469 14
211.7 50.80063 14
211.8 50.80682 14
211.9 50.81302 14
212.0 50.81923 14
212.1 50.82544 14
212.2 50.83104 14
212.3 50.83692 14
212.4 50.84279 14
212.5 50.86024 14
212.6 50.68366 14
212.7 50.68920 14
212.8 50.69525 14
212.9 50.70132 14
213.0 50.70739 14
213.1 50.71322 14
213.2 50.71930 14
213.3 50.72539 14
213.4 50.73183 14
213.5 50.73759 14
213.6 50.74309 14
213.7 50.74885 14
213.8 50.75461 14
213.9 50.77351 14
214.0 50.77960 14
214.1 50.78547 14
214.2 50.79126 14
214.3 50.79736 14
214.4 50.80348 14
214.5 50.80960 14
214.6 50.81581 14
214.7 50.82195 14
214.8 50.82809 14
214.9 50.83389 14
215.0 50.83970 14
215.1 50.84521 14
215.2 50.86261 14
215.3 50.68592 14
215.4 50.69190 14
215.5 50.69766 14
215.6 50.70366 14
215.7 50.70966 14
215.8 50.71567 14
215.9 50.72169 14
216.0 50.72746 14
216.1 50.73349 14
216.2 50.73953 14
216.3 50.74522 14
216.4 50.75092 14
216.5 50.75633 14
216.6 50.77518 14
216.7 50.78120 14
216.8 50.78723 14
216.9 50.79302 14
217.0 50.79906 14
217.1 50.80511 14
217.2 50.81116 14
217.3 50.81722 14
217.4 50.82303 14
217.5 50.82910 14
217.6 50.83518 14
217.7 50.84091 14
217.8 50.84636 14
217.9 50.86370 14
218.0 50.68691 14
218.1 50.69282 14
218.2 50.69874 14
218.3 50.70443 14
218.4 50.71036 14
218.5 50.71630 14
218.6 50.72225 14
218.7 50.72795 14
218.8 50.73391 14
218.9 50.74023 14
219.0 50.74585 14
219.1 50.75147 14
219.2 50.75681 14
219.3 50.77560 14
219.4 50.78155 14
219.5 50.78750 14
219.6 50.79322 14
219.7 50.79919 14
219.8 50.80517 14
219.9 50.81115 14
220.0 50.81714 14
220.1 50.82287 14
220.2 50.82888 14
220.3 50.83525 14
220.4 50.84091 14
220.5 50.84628 14
220.6 50.86356 14
220.7 50.68669 14
220.8 50.69253 14
220.9 50.69839 14
221.0 50.70400 14
221.1 50.70987 14
221.2 50.71574 14
221.3 50.72162 14
221.4 50.72724 14
221.5 50.73313 14
221.6 50.73938 14
221.7 50.74529 14
221.8 50.75085 14
221.9 50.75612 14
222.0 50.77483 14
222.1 50.78070 14
222.2 50.78659 14
222.3 50.79224 14
222.4 50.79814 14
222.5 50.80372 14
222.6 50.80963 14
222.7 50.81562 14
222.8 50.82154 14
222.9 50.82748 14
223.0 50.83378 14
223.1 50.83973 14
223.2 50.84504 14
223.3 50.86222 14
223.4 50.68532 14
223.5 50.69110 14
223.6 50.69665 14
223.7 50.70212 14
223.8 50.70791 14
223.9 50.71371 14
224.0 50.71926 14
224.1 50.72506 14
224.2 50.73122 14
224.3 50.73705 14
224.4 50.74297 14
224.5 50.74882 14
224.6 50.75430 14
224.7 50.77291 14
224.8 50.77872 14
224.9 50.78400 14
225.0 50.78981 14
225.1 50.79564 14
225.2 50.80147 14
225.3 50.80705 14
225.4 50.81290 14
225.5 50.81875 14
225.6 50.82461 14
225.7 50.83055 14
225.8 50.83680 14
225.9 50.84268 14
226.0 50.85977 14
226.1 50.86538 14
226.2 50.68804 14
226.3 50.69374 14
226.4 50.69946 14
226.5 50.70494 14
226.6 50.71066 14
226.7 50.71640 14
226.8 50.72214 14
226.9 50.72763 14
227.0 50.73338 14
227.1 50.73949 14
227.2 50.74563 14
227.3 50.75142 14
227.4 50.75655 14
227.5 50.77513 14
227.6 50.78087 14
227.7 50.78662 14
227.8 50.79213 14
227.9 50.79758 14
228.0 50.80334 14
228.1 50.80911 14
228.2 50.81463 14
228.3 50.82075 14
228.4 50.82655 14
228.5 50.83235 14
228.6 50.83825 14
228.7 50.84445 14
228.8 50.86149 14
228.9 50.68447 14
229.0 50.68988 14
229.1 50.69522 14
229.2 50.70086 14
229.3 50.70652 14
229.4 50.71193 14
229.5 50.71760 14
229.6 50.72327 14
229.7 50.72895 14
229.8 50.73438 14
229.9 50.74042 14
230.0 50.74649 14
230.1 50.75259 14
230.2 50.77104 14
230.3 50.77619 14
230.4 50.78186 14
230.5 50.78754 14
230.6 50.79299 14
230.7 50.79868 14
230.8 50.80438 14
230.9 50.81009 14
231.0 50.81554 14
231.1 50.82126 14
231.2 50.82699 14
231.3 50.83273 14
231.4 50.83893 14
231.5 50.84507 14
231.6 50.86206 14
231.7 50.68495 14
231.8 50.69053 14
231.9 50.69557 14
232.0 50.70115 14
232.1 50.70674 14
232.2 50.71209 14
232.3 50.71769 14
232.4 50.72330 14
232.5 50.72891 14
232.6 50.73427 14
232.7 50.74025 14
232.8 50.74626 14
232.9 50.75267 14
233.0 50.77105 14
233.1 50.77614 14
233.2 50.78174 14
233.3 50.78735 14
233.4 50.79273 14
233.5 50.79836 14
233.6 50.80367 14
233.7 50.80931 14
233.8 50.81469 14
233.9 50.82068 14
234.0 50.82635 14
234.1 50.83202 14
234.2 50.83778 14
234.3 50.84462 14
234.4 50.86153 14
234.5 50.68438 14
234.6 50.68966 14
234.7 50.69486 14
234.8 50.70038 14
234.9 50.70590 14
235.0 50.71119 14
235.1 50.71672 14
235.2 50.72227 14
235.3 50.72756 14
235.4 50.73312 14
235.5 50.73903 14
235.6 50.74461 14
235.7 50.75171 14
235.8 50.75664 14
235.9 50.77503 14
236.0 50.78057 14
236.1 50.78612 14
236.2 50.79144 14
236.3 50.79668 14
236.4 50.80225 14
236.5 50.80756 14
236.6 50.81314 14
236.7 50.81873 14
236.8 50.82432 14
236.9 50.83000 14
237.0 50.83561 14
237.1 50.84198 14
237.2 50.85997 14
237.3 50.86531 14
237.4 50.68770 14
237.5 50.69315 14
237.6 50.69860 14
237.7 50.70382 14
237.8 50.70928 14
237.9 50.71444 14
238.0 50.71966 14
238.1 50.72514 14
238.2 50.73096 14
238.3 50.73647 14
238.4 50.74170 14
238.5 50.74795 14
238.6 50.75464 14
238.7 50.77293 14
238.8 50.77841 14
238.9 50.78335 14
239.0 50.78884 14
239.1 50.79433 14
239.2 50.79958 14
239.3 50.80509 14
239.4 50.81060 14
239.5 50.81586 14
239.6 50.82139 14
239.7 50.82692 14
239.8 50.83247 14
239.9 50.83810 14
240.0 50.84560 14
240.1 50.86240 14
240.2 50.68509 14
240.3 50.69047 14
240.4 50.69533 14
240.5 50.70071 14
240.6 50.70611 14
240.7 50.71127 14
240.8 50.71668 14
240.9 50.72210 14
241.0 50.72726 14
241.1 50.73269 14
241.2 50.73813 14
241.3 50.74394 14
241.4 50.75169 14
241.5 50.75651 14
241.6 50.77477 14
241.7 50.78018 14
241.8 50.78537 14
241.9 50.79048 14
242.0 50.79591 14
242.1 50.80135 14
242.2 50.80654 14
242.3 50.81199 14
242.4 50.81745 14
242.5 50.82265 14
242.6 50.82812 14
242.7 50.83396 14
242.8 50.83983 14
242.9 50.85885 14
243.0 50.86377 14
243.1 50.68636 14
243.2 50.69169 14
243.3 50.69678 14
243.4 50.70180 14
243.5 50.70714 14
243.6 50.71223 14
243.7 50.71758 14
243.8 50.72294 14
243.9 50.72830 14
244.0 50.73341 14
244.1 50.73914 14
244.2 50.74453 14
244.3 50.75262 14
244.4 50.77076 14
244.5 50.77559 14
244.6 50.78094 14
244.7 50.78630 14
244.8 50.79143 14
244.9 50.79648 14
245.0 50.80186 14
245.1 50.80699 14
245.2 50.81238 14
245.3 50.81777 14
245.4 50.82291 14
245.5 50.82832 14
245.6 50.83410 14
245.7 50.84109 14
245.8 50.85928 14
245.9 50.86414 14
246.0 50.68666 14
246.1 50.69192 14
246.2 50.69695 14
246.3 50.70191 14
246.4 50.70719 14
246.5 50.71222 14
246.6 50.71751 14
246.7 50.72281 14
246.8 50.72785 14
246.9 50.73316 14
247.0 50.73883 14
247.1 50.74456 14
247.2 50.75260 14
247.3 50.77067 14
247.4 50.77544 14
247.5 50.78073 14
247.6 50.78603 14
247.7 50.79079 14
247.8 50.79609 14
247.9 50.80141 14
248.0 50.80648 14
248.1 50.81181 14
248.2 50.81714 14
248.3 50.82222 14
248.4 50.82757 14
248.5 50.83329 14
248.6 50.83985 14
248.7 50.85876 14
248.8 50.86355 14
248.9 50.68603 14
249.0 50.69123 14
249.1 50.69620 14
249.2 50.70111 14
249.3 50.70632 14
249.4 50.71130 14
249.5 50.71653 14
249.6 50.72177 14
249.7 50.72675 14
249.8 50.73200 14
249.9 50.73726 14
250.0 50.74329 14
