15.0 1.53104 13
15.1 1.53843 13
15.2 1.54581 13
15.3 1.55319 13
15.4 1.56057 13
15.5 1.56795 13
15.6 1.57532 13
15.7 1.58269 13
15.8 1.59007 13
15.9 1.59743 13
16.0 1.60480 13
16.1 1.61216 13
16.2 1.61952 13
16.3 1.62688 13
16.4 1.63424 13
16.5 1.64159 13
16.6 1.64895 13
16.7 1.65630 13
16.8 1.66364 13
16.9 1.67099 13
17.0 1.67833 13
17.1 1.68567 13
17.2 1.69300 13
17.3 1.70034 13
17.4 1.70767 13
17.5 1.71499 13
17.6 1.72446 13
17.7 1.73602 13
17.8 1.74766 13
17.9 1.75940 13
18.0 1.77121 13
18.1 1.78312 13
18.2 1.79511 13
18.3 1.80720 13
18.4 1.81937 13
18.5 1.83163 13
18.6 1.84398 13
18.7 1.85642 13
18.8 1.86896 13
18.9 1.88158 13
19.0 1.89430 13
19.1 1.90711 13
19.2 1.92001 13
19.3 1.93301 13
19.4 1.94610 13
19.5 1.95929 13
19.6 1.97257 13
19.7 1.98595 13
19.8 1.99943 13
19.9 19.03608 14
20.0 19.13070 14
20.1 19.22527 14
20.2 19.31979 14
20.3 19.41427 14
20.4 19.50869 14
20.5 19.60315 14
20.6 19.69768 14
20.7 19.79216 14
20.8 19.88660 14
20.9 19.98100 14
21.0 20.07535 14
21.1 20.16966 14
21.2 20.26393 14
21.3 20.35815 14
21.4 20.45232 14
21.5 20.54646 14
21.6 20.64054 14
21.7 20.73458 14
21.8 20.82858 14
21.9 20.92254 14
22.0 21.01644 14
22.1 21.11031 14
22.2 21.20413 14
22.3 21.29790 14
22.4 5.74590 14
22.5 5.87162 14
22.6 5.99910 14
22.7 6.12834 14
22.8 6.25936 14
22.9 6.39215 14
23.0 6.52673 14
23.1 6.66309 14
23.2 6.80125 14
23.3 6.94121 14
23.4 7.08297 14
23.5 7.22654 14
23.6 7.37193 14
23.7 7.51914 14
23.8 7.66817 14
23.9 7.81903 14
24.0 7.97174 14
24.1 8.12628 14
24.2 8.28268 14
24.3 8.44093 14
24.4 8.60104 14
24.5 8.76301 14
24.6 8.92686 14
24.7 9.09258 14
24.8 9.26019 14
24.9 9.42968 14
25.0 9.60108 14
25.1 9.77437 14
25.2 9.94956 14
25.3 10.12667 14
25.4 10.30570 14
25.5 10.48630 14
25.6 10.66774 14
25.7 10.85094 14
25.8 11.03592 14
25.9 11.22266 14
26.0 11.41117 14
26.1 11.60143 14
26.2 11.79359 14
26.3 11.98532 14
26.4 12.18121 14
26.5 12.37888 14
26.6 12.57833 14
26.7 12.77955 14
26.8 12.98253 14
26.9 13.18737 14
27.0 13.39444 14
27.1 13.60330 14
27.2 13.81395 14
27.3 14.02289 14
27.4 14.23695 14
27.5 14.45278 14
27.6 14.67037 14
27.7 14.89036 14
27.8 15.11220 14
27.9 15.33585 14
28.0 15.56128 14
28.1 15.78850 14
28.2 16.01300 14
28.3 16.24359 14
28.4 16.47631 14
28.5 16.71128 14
28.6 16.94806 14
28.7 17.18663 14
28.8 17.42700 14
28.9 17.66914 14
29.0 17.91306 14
29.1 18.15875 14
29.2 18.40117 14
29.3 18.65122 14
29.4 18.90308 14
29.5 19.15673 14
29.6 19.41217 14
29.7 19.66939 14
29.8 19.92837 14
29.9 20.18911 14
30.0 20.45276 14
30.1 20.71117 14
30.2 20.97825 14
30.3 21.24712 14
30.4 21.51778 14
30.5 21.79021 14
30.6 22.06440 14
30.7 22.34034 14
30.8 22.61932 14
30.9 22.90023 14
31.0 23.18295 14
31.1 23.45865 14
31.2 23.74467 14
31.3 24.03247 14
31.4 24.32200 14
31.5 24.61328 14
31.6 24.90738 14
31.7 25.20383 14
31.8 25.50209 14
31.9 25.80215 14
32.0 26.10399 14
32.1 26.39685 14
32.2 26.70188 14
32.3 27.00863 14
32.4 27.31749 14
32.5 27.62962 14
32.6 27.85153 14
32.7 28.16652 14
32.8 28.48319 14
32.9 28.80175 14
33.0 29.12210 14
33.1 29.28293 14
33.2 29.60505 14
33.3 29.93014 14
33.4 30.25812 14
33.5 30.18387 14
33.6 30.25794 14
33.7 30.33155 14
33.8 30.40501 14
33.9 30.32069 14
34.0 30.39351 14
34.1 30.46591 14
34.2 30.52465 14
34.3 30.59818 14
34.4 30.51249 14
34.5 30.58557 14
34.6 30.65831 14
34.7 30.73041 14
34.8 30.80221 14
34.9 30.71278 14
35.0 30.78394 14
35.1 30.85584 14
35.2 30.91306 14
35.3 30.82217 14
35.4 30.89421 14
35.5 30.96581 14
35.6 31.03667 14
35.7 31.10731 14
35.8 31.01252 14
35.9 31.08255 14
36.0 31.15238 14
36.1 31.22402 14
36.2 31.29515 14
36.3 31.18207 14
36.4 31.25238 14
36.5 31.32230 14
36.6 31.39156 14
36.7 31.46039 14
36.8 29.87678 14
36.9 28.46993 14
37.0 25.59492 14
37.1 24.20817 14
37.2 21.35755 14
37.3 18.51957 14
37.4 17.14204 14
37.5 14.67898 14
37.6 14.74502 14
37.7 14.72141 14
37.8 14.64519 14
37.9 14.58026 14
38.0 14.50534 14
38.1 14.54835 14
38.2 14.44987 14
38.3 14.47162 14
38.4 14.38890 14
38.5 14.40307 14
38.6 14.30262 14
38.7 14.32085 14
38.8 14.34914 14
38.9 14.39040 14
39.0 14.41908 14
39.1 14.47311 14
39.2 14.51773 14
39.3 14.55432 14
39.4 14.56677 14
39.5 14.59890 14
39.6 14.65366 14
39.7 14.69693 14
39.8 14.73323 14
39.9 14.76868 14
40.0 14.77973 14
40.1 14.83444 14
40.2 14.87578 14
40.3 14.91173 14
40.4 14.94705 14
40.5 14.98229 14
40.6 15.01493 14
40.7 15.05419 14
40.8 15.08979 14
40.9 15.12499 14
41.0 15.16012 14
41.1 15.19741 14
41.2 15.23209 14
41.3 15.26739 14
41.4 15.30246 14
41.5 15.33749 14
41.6 15.37767 14
41.7 15.42486 14
41.8 15.44452 14
41.9 15.47948 14
42.0 15.51468 14
42.1 15.55823 14
42.2 15.60548 14
42.3 15.65274 14
42.4 15.65603 14
42.5 15.69183 14
42.6 15.73910 14
42.7 15.78641 14
42.8 15.83372 14
42.9 15.83211 14
43.0 15.87297 14
43.1 15.92030 14
43.2 15.96765 14
43.3 15.97308 14
43.4 16.00847 14
43.5 16.05445 14
43.6 16.10184 14
43.7 16.11374 14
43.8 16.14827 14
43.9 16.18886 14
44.0 16.23629 14
44.1 16.25410 14
44.2 16.28854 14
44.3 16.32398 14
44.4 16.35965 14
44.5 16.39414 14
44.6 16.41534 14
44.7 16.46274 14
44.8 16.47027 14
44.9 16.49575 14
45.0 16.54041 14
45.1 16.41011 14
45.2 16.38040 14
45.3 16.43134 14
45.4 16.47878 14
45.5 16.52989 14
45.6 16.55424 14
45.7 16.57042 14
45.8 16.61167 14
45.9 16.66741 14
46.0 16.70891 14
46.1 16.74269 14
46.2 16.77509 14
46.3 16.80737 14
46.4 16.84066 14
46.5 16.88611 14
46.6 16.93374 14
46.7 17.09105 14
46.8 17.14123 14
46.9 17.17035 14
47.0 17.21970 14
47.1 17.23252 14
47.2 17.27158 14
47.3 17.32956 14
47.4 17.37331 14
47.5 17.40773 14
47.6 17.44067 14
47.7 17.47312 14
47.8 17.50595 14
47.9 17.54826 14
48.0 17.59606 14
48.1 17.64390 14
48.2 17.69175 14
48.3 17.85288 14
48.4 17.88102 14
48.5 17.93247 14
48.6 17.94209 14
48.7 17.98223 14
48.8 18.04218 14
48.9 18.08669 14
49.0 18.12137 14
49.1 18.15446 14
49.2 18.18734 14
49.3 18.22011 14
49.4 18.26045 14
49.5 18.30833 14
49.6 18.35621 14
49.7 18.40411 14
49.8 18.45200 14
49.9 18.61380 14
50.0 18.64053 14
50.1 18.69304 14
50.2 18.69961 14
50.3 18.74200 14
50.4 18.80391 14
50.5 18.84818 14
50.6 18.88336 14
50.7 18.91647 14
50.8 18.94937 14
50.9 18.98222 14
51.0 19.02131 14
51.1 19.06934 14
51.2 19.11738 14
51.3 19.16544 14
51.4 19.21351 14
51.5 19.26158 14
51.6 19.30966 14
51.7 19.45212 14
51.8 19.50822 14
51.9 19.50928 14
52.0 19.55040 14
52.1 19.61506 14
52.2 19.66078 14
52.3 19.69598 14
52.4 19.72915 14
52.5 19.76239 14
52.6 19.79528 14
52.7 19.83256 14
52.8 19.88075 14
52.9 19.92893 14
53.0 19.97714 14
53.1 20.02534 14
53.2 20.07355 14
53.3 20.12178 14
53.4 20.17001 14
53.5 20.31108 14
53.6 20.36494 14
53.7 20.36635 14
53.8 20.41489 14
53.9 20.48120 14
54.0 20.52618 14
54.1 20.56152 14
54.2 20.59515 14
54.3 20.62810 14
54.4 20.66128 14
54.5 20.69593 14
54.6 20.74260 14
54.7 20.79093 14
54.8 20.83925 14
54.9 20.88759 14
55.0 20.93593 14
55.1 20.98428 14
55.2 21.03264 14
55.3 21.08101 14
55.4 21.22353 14
55.5 21.27992 14
55.6 21.27959 14
55.7 21.32710 14
55.8 21.39677 14
55.9 21.44553 14
56.0 21.48203 14
56.1 21.51587 14
56.2 21.54881 14
56.3 21.58193 14
56.4 21.61501 14
56.5 21.65492 14
56.6 21.70336 14
56.7 21.75179 14
56.8 21.80024 14
56.9 21.84869 14
57.0 21.89715 14
57.1 21.94562 14
57.2 21.99409 14
57.3 22.04256 14
57.4 22.19877 14
57.5 22.26427 14
57.6 22.25949 14
57.7 22.28573 14
57.8 22.35500 14
57.9 22.41677 14
58.0 22.45869 14
58.1 22.49357 14
58.2 22.52704 14
58.3 22.56008 14
58.4 22.59304 14
58.5 22.62594 14
58.6 22.66612 14
58.7 22.71466 14
58.8 22.76321 14
58.9 22.81175 14
59.0 22.86030 14
59.1 22.90885 14
59.2 22.95740 14
59.3 23.00595 14
59.4 23.05451 14
59.5 23.10307 14
59.6 23.25862 14
59.7 23.32578 14
59.8 23.31922 14
59.9 23.34805 14
60.0 23.42021 14
60.1 23.48560 14
60.2 23.52999 14
60.3 23.56555 14
60.4 23.59924 14
60.5 23.63218 14
60.6 23.66489 14
60.7 23.69753 14
60.8 23.73173 14
60.9 23.77631 14
61.0 23.82491 14
61.1 23.87352 14
61.2 23.92213 14
61.3 23.97076 14
61.4 24.01938 14
61.5 24.06799 14
61.6 24.11661 14
61.7 24.16525 14
61.8 24.21387 14
61.9 24.26250 14
62.0 24.46186 14
62.1 24.47318 14
62.2 24.46886 14
62.3 24.51375 14
62.4 24.59177 14
62.5 24.65598 14
62.6 24.70015 14
62.7 24.73567 14
62.8 24.76880 14
62.9 24.80164 14
63.0 24.83401 14
63.1 24.86654 14
63.2 24.89868 14
63.3 24.93657 14
63.4 24.98524 14
63.5 25.03389 14
63.6 25.08256 14
63.7 25.13121 14
63.8 25.17988 14
63.9 25.22854 14
64.0 25.27719 14
64.1 25.32586 14
64.2 25.37452 14
64.3 25.42319 14
64.4 25.47184 14
64.5 25.64890 14
64.6 25.73043 14
64.7 25.72098 14
64.8 25.72375 14
64.9 25.78016 14
65.0 25.86217 14
65.1 25.92750 14
65.2 25.97280 14
65.3 26.00898 14
65.4 26.04184 14
65.5 26.07416 14
65.6 26.10627 14
65.7 26.13783 14
65.8 26.16962 14
65.9 26.20135 14
66.0 26.24381 14
66.1 26.29247 14
66.2 26.34115 14
66.3 26.38983 14
66.4 26.43849 14
66.5 26.48717 14
66.6 26.53583 14
66.7 26.58450 14
66.8 26.63318 14
66.9 26.68183 14
67.0 26.73050 14
67.1 26.77752 14
67.2 26.82313 14
67.3 26.86875 14
67.4 26.91438 14
67.5 27.12338 14
67.6 27.18018 14
67.7 27.18124 14
67.8 27.18256 14
67.9 27.20178 14
68.0 27.24737 14
68.1 27.31346 14
68.2 27.38493 14
68.3 27.44997 14
68.4 27.50345 14
68.5 27.54805 14
68.6 27.58717 14
68.7 27.62326 14
68.8 27.65836 14
68.9 27.69274 14
69.0 27.72662 14
69.1 27.76061 14
69.2 27.79464 14
69.3 27.82866 14
69.4 27.86219 14
69.5 27.89613 14
69.6 27.93001 14
69.7 27.96567 14
69.8 28.00633 14
69.9 28.05227 14
70.0 28.09823 14
70.1 28.14420 14
70.2 28.19019 14
70.3 28.23617 14
70.4 28.28218 14
70.5 28.32820 14
70.6 28.37424 14
70.7 28.42029 14
70.8 28.46634 14
70.9 28.51242 14
71.0 28.55851 14
71.1 28.60461 14
71.2 28.65073 14
71.3 28.69686 14
71.4 28.74299 14
71.5 28.78915 14
71.6 28.83532 14
71.7 28.88150 14
71.8 28.92770 14
71.9 28.97391 14
72.0 29.21396 14
72.1 29.25149 14
72.2 29.24582 14
72.3 29.24247 14
72.4 29.25958 14
72.5 29.30532 14
72.6 29.37228 14
72.7 29.44948 14
72.8 29.52120 14
72.9 29.58143 14
73.0 29.63036 14
73.1 29.67203 14
73.2 29.70965 14
73.3 29.74525 14
73.4 29.77998 14
73.5 29.81419 14
73.6 29.84818 14
73.7 29.88207 14
73.8 29.91591 14
73.9 29.94980 14
74.0 29.98357 14
74.1 30.01733 14
74.2 30.05108 14
74.3 30.08573 14
74.4 30.12587 14
74.5 30.17157 14
74.6 30.21812 14
74.7 30.26468 14
74.8 30.31125 14
74.9 30.35784 14
75.0 30.40444 14
75.1 30.45106 14
75.2 30.49769 14
75.3 30.54433 14
75.4 30.59099 14
75.5 30.63766 14
75.6 30.68434 14
75.7 30.73103 14
75.8 30.77774 14
75.9 30.82447 14
76.0 30.87120 14
76.1 30.91796 14
76.2 30.96472 14
76.3 31.01150 14
76.4 31.05829 14
76.5 31.10509 14
76.6 31.15191 14
76.7 31.19874 14
76.8 31.46907 14
76.9 31.47240 14
77.0 31.45819 14
77.1 31.45366 14
77.2 31.48454 14
77.3 31.53432 14
77.4 31.60304 14
77.5 31.68673 14
77.6 31.76355 14
77.7 31.82744 14
77.8 31.87920 14
77.9 31.92260 14
78.0 31.96114 14
78.1 31.99716 14
78.2 32.03206 14
78.3 32.06626 14
78.4 32.10050 14
78.5 32.13428 14
78.6 32.16800 14
78.7 32.20176 14
78.8 32.23539 14
78.9 32.26900 14
79.0 32.30260 14
79.1 32.33619 14
79.2 32.37198 14
79.3 32.41281 14
79.4 32.45847 14
79.5 32.50565 14
79.6 32.55285 14
79.7 32.60007 14
79.8 32.64729 14
79.9 32.69453 14
80.0 32.74179 14
80.1 32.78907 14
80.2 32.83636 14
80.3 32.88365 14
80.4 32.93096 14
80.5 32.97828 14
80.6 33.02562 14
80.7 33.07297 14
80.8 33.12035 14
80.9 33.16773 14
81.0 33.21512 14
81.1 33.26253 14
81.2 33.30995 14
81.3 33.35738 14
81.4 33.40485 14
81.5 33.45231 14
81.6 33.49979 14
81.7 33.54727 14
81.8 33.59478 14
81.9 33.85977 14
82.0 33.83922 14
82.1 33.82102 14
82.2 33.83860 14
82.3 33.88058 14
82.4 33.93780 14
82.5 34.01388 14
82.6 34.10422 14
82.7 34.18409 14
82.8 34.24928 14
82.9 34.30174 14
83.0 34.34567 14
83.1 34.38451 14
83.2 34.42065 14
83.3 34.45555 14
83.4 34.48999 14
83.5 34.52379 14
83.6 34.55744 14
83.7 34.59099 14
83.8 34.62482 14
83.9 34.65839 14
84.0 34.69184 14
84.1 34.72526 14
84.2 34.75900 14
84.3 34.79240 14
84.4 34.83069 14
84.5 34.87193 14
84.6 34.91900 14
84.7 34.96688 14
84.8 35.01477 14
84.9 35.06267 14
85.0 35.11061 14
85.1 35.15854 14
85.2 35.20648 14
85.3 35.25444 14
85.4 35.30243 14
85.5 35.35042 14
85.6 35.39842 14
85.7 35.44646 14
85.8 35.49449 14
85.9 35.54253 14
86.0 35.59059 14
86.1 35.63868 14
86.2 35.68677 14
86.3 35.73487 14
86.4 35.78300 14
86.5 35.83113 14
86.6 35.87927 14
86.7 35.92743 14
86.8 35.97561 14
86.9 36.02380 14
87.0 36.07200 14
87.1 36.12023 14
87.2 36.16846 14
87.3 36.39048 14
87.4 36.36237 14
87.5 36.37007 14
87.6 36.40540 14
87.7 36.45800 14
87.8 36.52425 14
87.9 36.61268 14
88.0 36.70796 14
88.1 36.78807 14
88.2 36.85286 14
88.3 36.90477 14
88.4 36.94843 14
88.5 36.98708 14
88.6 37.02309 14
88.7 37.05806 14
88.8 37.09217 14
88.9 37.12613 14
89.0 37.15961 14
89.1 37.19299 14
89.2 37.22663 14
89.3 37.26004 14
89.4 37.29330 14
89.5 37.32685 14
89.6 37.36008 14
89.7 37.39330 14
89.8 37.42721 14
89.9 37.46907 14
90.0 37.51125 14
90.1 37.55987 14
90.2 37.60849 14
90.3 37.65713 14
90.4 37.70580 14
90.5 37.75446 14
90.6 37.80316 14
90.7 37.85185 14
90.8 37.90055 14
90.9 37.94929 14
91.0 37.99803 14
91.1 38.04678 14
91.2 38.09556 14
91.3 38.14434 14
91.4 38.19315 14
91.5 38.24196 14
91.6 38.29078 14
91.7 38.33963 14
91.8 38.38848 14
91.9 38.43737 14
92.0 38.48624 14
92.1 38.53514 14
92.2 38.58406 14
92.3 38.63299 14
92.4 38.68194 14
92.5 38.73089 14
92.6 38.77986 14
92.7 38.82886 14
92.8 38.87785 14
92.9 38.92688 14
93.0 39.08473 14
93.1 39.08488 14
93.2 39.11603 14
93.3 39.16485 14
93.4 39.22568 14
93.5 39.29995 14
93.6 39.40190 14
93.7 39.50038 14
93.8 39.58105 14
93.9 39.64457 14
94.0 39.69574 14
94.1 39.73896 14
94.2 39.77735 14
94.3 39.81347 14
94.4 39.84799 14
94.5 39.88194 14
94.6 39.91573 14
94.7 39.94902 14
94.8 39.98253 14
94.9 40.01566 14
95.0 40.04920 14
95.1 40.08226 14
95.2 40.11561 14
95.3 40.14864 14
95.4 40.18166 14
95.5 40.21498 14
95.6 40.25254 14
95.7 40.29523 14
95.8 40.33903 14
95.9 40.38846 14
96.0 40.43788 14
96.1 40.48734 14
96.2 40.53679 14
96.3 40.58628 14
96.4 40.63577 14
96.5 40.68526 14
96.6 40.73480 14
96.7 40.78432 14
96.8 40.83388 14
96.9 40.88344 14
97.0 40.93303 14
97.1 40.98262 14
97.2 41.03224 14
97.3 41.08185 14
97.4 41.13151 14
97.5 41.18115 14
97.6 41.23083 14
97.7 41.28050 14
97.8 41.33021 14
97.9 41.37992 14
98.0 41.42966 14
98.1 41.47939 14
98.2 41.52916 14
98.3 41.57892 14
98.4 41.62872 14
98.5 41.67851 14
98.6 41.72834 14
98.7 41.77816 14
98.8 41.82800 14
98.9 41.87787 14
99.0 41.99416 14
99.1 42.02290 14
99.2 42.07011 14
99.3 42.12285 14
99.4 42.18898 14
99.5 42.26903 14
99.6 42.37249 14
99.7 42.44057 14
99.8 42.50041 14
99.9 42.55312 14
100.0 42.60052 14
100.1 42.64457 14
100.2 42.68675 14
100.3 42.72776 14
100.4 42.76837 14
100.5 42.80853 14
100.6 42.84864 14
100.7 42.88854 14
100.8 42.92853 14
100.9 42.96835 14
101.0 43.00829 14
101.1 43.04808 14
101.2 43.08799 14
101.3 43.12777 14
101.4 43.16770 14
101.5 43.20050 14
101.6 43.23360 14
101.7 43.27462 14
101.8 43.31806 14
101.9 43.36259 14
102.0 43.41289 14
102.1 43.48046 14
102.2 43.57347 14
102.3 43.67035 14
102.4 43.74242 14
102.5 43.77830 14
102.6 43.83541 14
102.7 43.87851 14
102.8 43.92896 14
102.9 43.97273 14
103.0 44.01589 14
103.1 44.05126 14
103.2 44.11171 14
103.3 44.15600 14
103.4 44.19562 14
103.5 44.25658 14
103.6 44.30239 14
103.7 44.34804 14
103.8 44.40704 14
103.9 44.50489 14
104.0 44.60297 14
104.1 44.70069 14
104.2 44.79869 14
104.3 44.89670 14
104.4 44.50000 14
104.5 44.50000 14
104.6 44.50000 14
104.7 44.50000 14
104.8 44.50000 14
104.9 44.50000 14
105.0 44.50000 14
105.1 44.50000 14
105.2 44.50000 14
105.3 44.50000 14
105.4 44.50000 14
105.5 44.50000 14
105.6 44.50000 14
105.7 44.50000 14
105.8 44.50000 14
105.9 44.50000 14
106.0 44.50000 14
106.1 44.50000 14
106.2 44.50000 14
106.3 44.50000 14
106.4 44.50000 14
106.5 44.50000 14
106.6 44.50000 14
106.7 44.50000 14
106.8 44.50000 14
106.9 44.50000 14
107.0 44.50000 14
107.1 44.50000 14
107.2 44.50000 14
107.3 44.50000 14
107.4 44.50000 14
107.5 44.50000 14
107.6 44.50000 14
107.7 44.50000 14
107.8 44.50000 14
107.9 44.50000 14
108.0 44.50000 14
108.1 44.50000 14
108.2 44.50000 14
108.3 44.50000 14
108.4 44.50000 14
108.5 44.50000 14
108.6 44.50000 14
108.7 44.50000 14
108.8 44.50000 14
108.9 44.50000 14
109.0 44.50000 14
109.1 44.50000 14
109.2 44.50000 14
109.3 44.50000 14
109.4 44.50000 14
109.5 44.50000 14
109.6 44.50000 14
109.7 44.50000 14
109.8 44.50000 14
109.9 44.50000 14
110.0 44.50000 14
110.1 44.50000 14
110.2 44.50000 14
110.3 44.50000 14
110.4 44.50000 14
110.5 44.50000 14
110.6 44.50000 14
110.7 44.50000 14
110.8 44.50000 14
110.9 44.50000 14
111.0 44.50000 14
111.1 44.50000 14
111.2 44.50000 14
111.3 44.50000 14
111.4 44.50000 14
111.5 44.50000 14
111.6 44.50000 14
111.7 44.50000 14
111.8 44.50000 14
111.9 44.50000 14
112.0 44.50000 14
112.1 44.50000 14
112.2 44.50000 14
112.3 44.50000 14
112.4 44.50000 14
112.5 44.50000 14
112.6 44.50000 14
112.7 44.50000 14
112.8 44.50000 14
112.9 44.50000 14
113.0 44.50000 14
113.1 44.50000 14
113.2 44.50000 14
113.3 44.50000 14
113.4 44.50000 14
113.5 44.50000 14
113.6 44.50000 14
113.7 44.50000 14
113.8 44.50000 14
113.9 44.50000 14
114.0 44.50000 14
114.1 44.50000 14
114.2 44.50000 14
114.3 44.50000 14
114.4 44.50000 14
114.5 44.50000 14
114.6 44.50000 14
114.7 44.50000 14
114.8 44.50000 14
114.9 44.50000 14
115.0 44.50000 14
115.1 44.50000 14
115.2 44.50000 14
115.3 44.50000 14
115.4 44.50000 14
115.5 44.50000 14
115.6 44.50000 14
115.7 44.50000 14
115.8 44.50000 14
115.9 44.50000 14
116.0 44.50000 14
116.1 44.50000 14
116.2 44.50000 14
116.3 44.50000 14
116.4 44.50000 14
116.5 44.50000 14
116.6 44.50000 14
116.7 44.50000 14
116.8 44.50000 14
116.9 44.50000 14
117.0 44.50000 14
117.1 44.50000 14
117.2 44.50000 14
117.3 44.50000 14
117.4 44.50000 14
117.5 44.50000 14
117.6 44.50000 14
117.7 44.50000 14
117.8 44.50000 14
117.9 44.50000 14
118.0 44.50000 14
118.1 44.50000 14
118.2 44.50000 14
118.3 44.50000 14
118.4 44.50000 14
118.5 44.50000 14
118.6 44.50000 14
118.7 44.50000 14
118.8 44.50000 14
118.9 44.50000 14
119.0 44.50000 14
119.1 44.50000 14
119.2 44.50000 14
119.3 44.50000 14
119.4 44.50000 14
119.5 44.50000 14
119.6 44.50000 14
119.7 44.50000 14
119.8 44.50000 14
119.9 44.50000 14
120.0 44.50000 14
120.1 44.50000 14
120.2 44.50000 14
120.3 44.50000 14
120.4 44.50000 14
120.5 44.50000 14
120.6 44.50000 14
120.7 44.50000 14
120.8 44.50000 14
120.9 44.50000 14
121.0 44.50000 14
121.1 44.50000 14
121.2 44.50000 14
121.3 44.50000 14
121.4 44.50000 14
121.5 44.50000 14
121.6 44.50000 14
121.7 44.50000 14
121.8 44.50000 14
121.9 44.50000 14
122.0 44.50000 14
122.1 44.50000 14
122.2 44.50000 14
122.3 44.50000 14
122.4 44.50000 14
122.5 44.50000 14
122.6 44.50000 14
122.7 44.50000 14
122.8 44.50000 14
122.9 44.50000 14
123.0 44.50000 14
123.1 44.50000 14
123.2 44.50000 14
123.3 44.50000 14
123.4 44.50000 14
123.5 44.50000 14
123.6 44.50000 14
123.7 44.50000 14
123.8 44.50000 14
123.9 44.50000 14
124.0 44.50000 14
124.1 44.50000 14
124.2 44.50000 14
124.3 44.50000 14
124.4 44.50000 14
124.5 44.50000 14
124.6 44.50000 14
124.7 44.50000 14
124.8 44.50000 14
124.9 44.50000 14
125.0 44.50000 14
125.1 44.50000 14
125.2 44.50000 14
125.3 44.50000 14
125.4 44.50000 14
125.5 44.50000 14
125.6 44.50000 14
125.7 44.50000 14
125.8 44.50000 14
125.9 44.50000 14
126.0 44.50000 14
126.1 44.50000 14
126.2 44.50000 14
126.3 44.50000 14
126.4 44.50000 14
126.5 44.50000 14
126.6 44.50000 14
126.7 44.50000 14
126.8 44.50000 14
126.9 44.50000 14
127.0 44.50000 14
127.1 44.50000 14
127.2 44.50000 14
127.3 44.50000 14
127.4 44.50000 14
127.5 44.50000 14
127.6 44.50000 14
127.7 44.50000 14
127.8 44.50000 14
127.9 44.50000 14
128.0 44.50000 14
128.1 44.50000 14
128.2 44.50000 14
128.3 44.50000 14
128.4 44.50000 14
128.5 44.50000 14
128.6 44.50000 14
128.7 44.50000 14
128.8 44.50000 14
128.9 44.50000 14
129.0 44.50000 14
129.1 44.50000 14
129.2 44.50000 14
129.3 44.50000 14
129.4 44.50000 14
129.5 44.50000 14
129.6 44.50000 14
129.7 44.50000 14
129.8 44.50000 14
129.9 44.50000 14
130.0 44.50000 14
130.1 44.50000 14
130.2 44.50000 14
130.3 44.50000 14
130.4 44.50000 14
130.5 44.50000 14
130.6 44.50000 14
130.7 44.50000 14
130.8 44.50000 14
130.9 44.50000 14
131.0 44.50000 14
131.1 44.50000 14
131.2 44.50000 14
131.3 44.50000 14
131.4 44.50000 14
131.5 44.50000 14
131.6 44.50000 14
131.7 44.50000 14
131.8 44.50000 14
131.9 44.50000 14
132.0 44.50000 14
132.1 44.50000 14
132.2 44.50000 14
132.3 44.50000 14
132.4 44.50000 14
132.5 44.50000 14
132.6 44.50000 14
132.7 44.50000 14
132.8 44.50000 14
132.9 44.50000 14
133.0 44.50000 14
133.1 44.50000 14
133.2 44.50000 14
133.3 44.50000 14
133.4 44.50000 14
133.5 44.50000 14
133.6 44.50000 14
133.7 44.50000 14
133.8 44.50000 14
133.9 44.50000 14
134.0 44.50000 14
134.1 44.50000 14
134.2 44.50000 14
134.3 44.50000 14
134.4 44.50000 14
134.5 44.50000 14
134.6 44.50000 14
134.7 44.50000 14
134.8 44.50000 14
134.9 44.50000 14
135.0 44.50000 14
135.1 44.50000 14
135.2 44.50000 14
135.3 44.50000 14
135.4 44.50000 14
135.5 44.50000 14
135.6 44.50000 14
135.7 44.50000 14
135.8 44.50000 14
135.9 44.50000 14
136.0 44.50000 14
136.1 44.50000 14
136.2 44.50000 14
136.3 44.50000 14
136.4 44.50000 14
136.5 44.50000 14
136.6 44.50000 14
136.7 44.50000 14
136.8 44.50000 14
136.9 44.50000 14
137.0 44.50000 14
137.1 44.50000 14
137.2 44.50000 14
137.3 44.50000 14
137.4 44.50000 14
137.5 44.50000 14
137.6 44.50000 14
137.7 44.50000 14
137.8 44.50000 14
137.9 44.50000 14
138.0 44.50000 14
138.1 44.50000 14
138.2 44.50000 14
138.3 44.50000 14
138.4 44.50000 14
138.5 44.50000 14
138.6 44.50000 14
138.7 44.50000 14
138.8 44.50000 14
138.9 44.50000 14
139.0 44.50000 14
139.1 44.50000 14
139.2 44.50000 14
139.3 44.50000 14
139.4 44.50000 14
139.5 44.50000 14
139.6 44.50000 14
139.7 44.50000 14
139.8 44.50000 14
139.9 44.50000 14
140.0 44.50000 14
140.1 44.50000 14
140.2 44.50000 14
140.3 44.50000 14
140.4 44.50000 14
140.5 44.50000 14
140.6 44.50000 14
140.7 44.50000 14
140.8 44.50000 14
140.9 44.50000 14
141.0 44.50000 14
141.1 44.50000 14
141.2 44.50000 14
141.3 44.50000 14
141.4 44.50000 14
141.5 44.50000 14
141.6 44.50000 14
141.7 44.50000 14
141.8 44.50000 14
141.9 44.50000 14
142.0 44.50000 14
142.1 44.50000 14
142.2 44.50000 14
142.3 44.50000 14
142.4 44.50000 14
142.5 44.50000 14
142.6 44.50000 14
142.7 44.50000 14
142.8 44.50000 14
142.9 44.50000 14
143.0 44.50000 14
143.1 44.50000 14
143.2 44.50000 14
143.3 44.50000 14
143.4 44.50000 14
143.5 44.50000 14
143.6 44.50000 14
143.7 44.50000 14
143.8 44.50000 14
143.9 44.50000 14
144.0 44.50000 14
144.1 44.50000 14
144.2 44.50000 14
144.3 44.50000 14
144.4 44.50000 14
144.5 44.50000 14
144.6 44.50000 14
144.7 44.50000 14
144.8 44.50000 14
144.9 44.50000 14
145.0 44.50000 14
145.1 44.50000 14
145.2 44.50000 14
145.3 44.50000 14
145.4 44.50000 14
145.5 44.50000 14
145.6 44.50000 14
145.7 44.50000 14
145.8 44.50000 14
145.9 44.50000 14
146.0 44.50000 14
146.1 44.50000 14
146.2 44.50000 14
146.3 44.50000 14
146.4 44.50000 14
146.5 44.50000 14
146.6 44.50000 14
146.7 44.50000 14
146.8 44.50000 14
146.9 44.50000 14
147.0 44.50000 14
147.1 44.50000 14
147.2 44.50000 14
147.3 44.50000 14
147.4 44.50000 14
147.5 44.50000 14
147.6 44.50000 14
147.7 44.50000 14
147.8 44.50000 14
147.9 44.50000 14
148.0 44.50000 14
148.1 44.50000 14
148.2 44.50000 14
148.3 44.50000 14
148.4 44.50000 14
148.5 44.50000 14
148.6 44.50000 14
148.7 44.50000 14
148.8 44.50000 14
148.9 44.50000 14
149.0 44.50000 14
149.1 44.50000 14
149.2 44.50000 14
149.3 44.50000 14
149.4 44.50000 14
149.5 44.50000 14
149.6 44.50000 14
149.7 44.50000 14
149.8 44.50000 14
149.9 44.50000 14
150.0 44.50000 14
150.1 44.50000 14
150.2 44.50000 14
150.3 44.50000 14
150.4 44.50000 14
150.5 44.50000 14
150.6 44.50000 14
150.7 44.50000 14
150.8 44.50000 14
150.9 44.50000 14
151.0 44.50000 14
151.1 44.50000 14
151.2 44.50000 14
151.3 44.50000 14
151.4 44.50000 14
151.5 44.50000 14
151.6 44.50000 14
151.7 44.50000 14
151.8 44.50000 14
151.9 44.50000 14
152.0 44.50000 14
152.1 44.50000 14
152.2 44.50000 14
152.3 44.50000 14
152.4 44.50000 14
152.5 44.50000 14
152.6 44.50000 14
152.7 44.50000 14
152.8 44.50000 14
152.9 44.50000 14
153.0 44.50000 14
153.1 44.50000 14
153.2 44.50000 14
153.3 44.50000 14
153.4 44.50000 14
153.5 44.50000 14
153.6 44.50000 14
153.7 44.50000 14
153.8 44.50000 14
153.9 44.50000 14
154.0 44.50000 14
154.1 44.50000 14
154.2 44.50000 14
154.3 44.50000 14
154.4 44.50000 14
154.5 44.50000 14
154.6 44.50000 14
154.7 44.50000 14
154.8 44.50000 14
154.9 44.50000 14
155.0 44.50000 14
155.1 44.50000 14
155.2 44.50000 14
155.3 44.50000 14
155.4 44.50000 14
155.5 44.50000 14
155.6 44.50000 14
155.7 44.50000 14
155.8 44.50000 14
155.9 44.50000 14
156.0 44.50000 14
156.1 44.50000 14
156.2 44.50000 14
156.3 44.50000 14
156.4 44.50000 14
156.5 44.50000 14
156.6 44.50000 14
156.7 44.50000 14
156.8 44.50000 14
156.9 44.50000 14
157.0 44.50000 14
157.1 44.50000 14
157.2 44.50000 14
157.3 44.50000 14
157.4 44.50000 14
157.5 44.50000 14
157.6 44.50000 14
157.7 44.50000 14
157.8 44.50000 14
157.9 44.50000 14
158.0 44.50000 14
158.1 44.50000 14
158.2 44.50000 14
158.3 44.50000 14
158.4 44.50000 14
158.5 44.50000 14
158.6 44.50000 14
158.7 44.50000 14
158.8 44.50000 14
158.9 44.50000 14
159.0 44.50000 14
159.1 44.50000 14
159.2 44.50000 14
159.3 44.50000 14
159.4 44.50000 14
159.5 44.50000 14
159.6 44.50000 14
159.7 44.50000 14
159.8 44.50000 14
159.9 44.50000 14
160.0 44.50000 14
160.1 44.50000 14
160.2 44.50000 14
160.3 44.50000 14
160.4 44.50000 14
160.5 44.50000 14
160.6 44.50000 14
160.7 44.50000 14
160.8 44.50000 14
160.9 44.50000 14
161.0 44.50000 14
161.1 44.50000 14
161.2 44.50000 14
161.3 44.50000 14
161.4 44.50000 14
161.5 44.50000 14
161.6 44.50000 14
161.7 44.50000 14
161.8 44.50000 14
161.9 44.50000 14
162.0 44.50000 14
162.1 44.50000 14
162.2 44.50000 14
162.3 44.50000 14
162.4 44.50000 14
162.5 44.50000 14
162.6 44.50000 14
162.7 44.50000 14
162.8 44.50000 14
162.9 44.50000 14
163.0 44.50000 14
163.1 44.50000 14
163.2 44.50000 14
163.3 44.50000 14
163.4 44.50000 14
163.5 44.50000 14
163.6 44.50000 14
163.7 44.50000 14
163.8 44.50000 14
163.9 44.50000 14
164.0 44.50000 14
164.1 44.50000 14
164.2 44.50000 14
164.3 44.50000 14
164.4 44.50000 14
164.5 44.50000 14
164.6 44.50000 14
164.7 44.50000 14
164.8 44.50000 14
164.9 44.50000 14
165.0 44.50000 14
165.1 44.50000 14
165.2 44.50000 14
165.3 44.50000 14
165.4 44.50000 14
165.5 44.50000 14
165.6 44.50000 14
165.7 44.50000 14
165.8 44.50000 14
165.9 44.50000 14
166.0 44.50000 14
166.1 44.50000 14
166.2 44.50000 14
166.3 44.50000 14
166.4 44.50000 14
166.5 44.50000 14
166.6 44.50000 14
166.7 44.50000 14
166.8 44.50000 14
166.9 44.50000 14
167.0 44.50000 14
167.1 44.50000 14
167.2 44.50000 14
167.3 44.50000 14
167.4 44.50000 14
167.5 44.50000 14
167.6 44.50000 14
167.7 44.50000 14
167.8 44.50000 14
167.9 44.50000 14
168.0 44.50000 14
168.1 44.50000 14
168.2 44.50000 14
168.3 44.50000 14
168.4 44.50000 14
168.5 44.50000 14
168.6 44.50000 14
168.7 44.50000 14
168.8 44.50000 14
168.9 0.00000 15
169.0 44.50000 14
169.1 44.50000 14
169.2 44.50000 14
169.3 44.50000 14
169.4 0.00000 15
169.5 0.00000 15
169.6 0.00000 15
169.7 44.50000 14
169.8 44.50000 14
169.9 0.00000 15
170.0 0.00000 15
170.1 0.00000 15
170.2 0.00000 15
170.3 0.00000 15
170.4 0.00000 15
170.5 0.00000 15
170.6 0.00000 15
170.7 0.00000 15
170.8 0.00000 15
170.9 0.00000 15
171.0 0.00000 15
171.1 0.00000 15
171.2 0.00000 15
171.3 0.00000 15
171.4 0.00000 15
171.5 0.00000 15
171.6 0.00000 15
171.7 0.00000 15
171.8 0.00000 15
171.9 0.00000 15
172.0 0.00000 15
172.1 0.00000 15
172.2 0.00000 15
172.3 0.00000 15
172.4 0.00000 15
172.5 0.00000 15
172.6 0.00000 15
172.7 0.00000 15
172.8 0.00000 15
172.9 0.00000 15
173.0 0.00000 15
173.1 0.00000 15
173.2 0.00000 15
173.3 0.00000 15
173.4 0.00000 15
173.5 0.00000 15
173.6 0.00000 15
173.7 0.00000 15
173.8 0.00000 15
173.9 0.00000 15
174.0 0.00000 15
174.1 0.00000 15
174.2 0.00000 15
174.3 0.00000 15
174.4 0.00000 15
174.5 0.00000 15
174.6 0.00000 15
174.7 0.00000 15
174.8 0.00000 15
174.9 0.00000 15
175.0 0.00000 15
175.1 0.00000 15
175.2 0.00000 15
175.3 0.00000 15
175.4 0.00000 15
175.5 0.00000 15
175.6 0.00000 15
175.7 0.00000 15
175.8 0.00000 15
175.9 0.00000 15
176.0 0.00000 15
176.1 0.00000 15
176.2 0.00000 15
176.3 0.00000 15
176.4 0.00000 15
176.5 0.00000 15
176.6 0.00000 15
176.7 0.00000 15
176.8 0.00000 15
176.9 0.00000 15
177.0 0.00000 15
177.1 0.00000 15
177.2 0.00000 15
177.3 0.00000 15
177.4 0.00000 15
177.5 0.00000 15
177.6 0.00000 15
177.7 0.00000 15
177.8 0.00000 15
177.9 0.00000 15
178.0 0.00000 15
178.1 0.00000 15
178.2 0.00000 15
178.3 0.00000 15
178.4 0.00000 15
178.5 0.00000 15
178.6 0.00000 15
178.7 0.00000 15
178.8 0.00000 15
178.9 0.00000 15
179.0 0.00000 15
179.1 0.00000 15
179.2 0.00000 15
179.3 0.00000 15
179.4 0.00000 15
179.5 0.00000 15
179.6 0.00000 15
179.7 0.00000 15
179.8 0.00000 15
179.9 0.00000 15
180.0 0.00000 15
180.1 0.00000 15
180.2 0.00000 15
180.3 0.00000 15
180.4 0.00000 15
180.5 0.00000 15
180.6 0.00000 15
180.7 0.00000 15
180.8 0.00000 15
180.9 0.00000 15
181.0 0.00000 15
181.1 0.00000 15
181.2 0.00000 15
181.3 0.00000 15
181.4 0.00000 15
181.5 0.00000 15
181.6 0.00000 15
181.7 0.00000 15
181.8 0.00000 15
181.9 0.00000 15
182.0 0.00000 15
182.1 0.00000 15
182.2 0.00000 15
182.3 0.00000 15
182.4 0.00000 15
182.5 0.00000 15
182.6 0.00000 15
182.7 0.00000 15
182.8 0.00000 15
182.9 0.00000 15
183.0 0.00000 15
183.1 0.00000 15
183.2 0.00000 15
183.3 0.00000 15
183.4 0.00000 15
183.5 0.00000 15
183.6 0.00000 15
183.7 0.00000 15
183.8 0.00000 15
183.9 0.00000 15
184.0 0.00000 15
184.1 0.00000 15
184.2 0.00000 15
184.3 0.00000 15
184.4 0.00000 15
184.5 0.00000 15
184.6 0.00000 15
184.7 0.00000 15
184.8 0.00000 15
184.9 0.00000 15
185.0 0.00000 15
185.1 0.00000 15
185.2 0.00000 15
185.3 0.00000 15
185.4 0.00000 15
185.5 0.00000 15
185.6 0.00000 15
185.7 0.00000 15
185.8 0.00000 15
185.9 0.00000 15
186.0 0.00000 15
186.1 0.00000 15
186.2 0.00000 15
186.3 0.00000 15
186.4 0.00000 15
186.5 0.00000 15
186.6 0.00000 15
186.7 0.00000 15
186.8 0.00000 15
186.9 0.00000 15
187.0 0.00000 15
187.1 0.00000 15
187.2 0.00000 15
187.3 0.00000 15
187.4 0.00000 15
187.5 0.00000 15
187.6 0.00000 15
187.7 0.00000 15
187.8 0.00000 15
187.9 0.00000 15
188.0 0.00000 15
188.1 0.00000 15
188.2 0.00000 15
188.3 0.00000 15
188.4 0.00000 15
188.5 0.00000 15
188.6 0.00000 15
188.7 0.00000 15
188.8 0.00000 15
188.9 0.00000 15
189.0 0.00000 15
189.1 0.00000 15
189.2 0.00000 15
189.3 0.00000 15
189.4 0.00000 15
189.5 0.00000 15
189.6 0.00000 15
189.7 0.00000 15
189.8 0.00000 15
189.9 0.00000 15
190.0 0.00000 15
190.1 0.00000 15
190.2 0.00000 15
190.3 0.00000 15
190.4 0.00000 15
190.5 0.00000 15
190.6 0.00000 15
190.7 0.00000 15
190.8 0.00000 15
190.9 0.00000 15
191.0 0.00000 15
191.1 0.00000 15
191.2 0.00000 15
191.3 0.00000 15
191.4 0.00000 15
191.5 0.00000 15
191.6 0.00000 15
191.7 0.00000 15
191.8 0.00000 15
191.9 0.00000 15
192.0 0.00000 15
192.1 0.00000 15
192.2 0.00000 15
192.3 0.00000 15
192.4 0.00000 15
192.5 0.00000 15
192.6 0.00000 15
192.7 0.00000 15
192.8 0.00000 15
192.9 0.00000 15
193.0 0.00000 15
193.1 0.00000 15
193.2 0.00000 15
193.3 0.00000 15
193.4 0.00000 15
193.5 0.00000 15
193.6 0.00000 15
193.7 0.00000 15
193.8 0.00000 15
193.9 0.00000 15
194.0 0.00000 15
194.1 0.00000 15
194.2 0.00000 15
194.3 0.00000 15
194.4 0.00000 15
194.5 0.00000 15
194.6 0.00000 15
194.7 0.00000 15
194.8 0.00000 15
194.9 0.00000 15
195.0 0.00000 15
195.1 0.00000 15
195.2 0.00000 15
195.3 0.00000 15
195.4 0.00000 15
195.5 0.00000 15
195.6 0.00000 15
195.7 0.00000 15
195.8 0.00000 15
195.9 0.00000 15
196.0 0.00000 15
196.1 0.00000 15
196.2 0.00000 15
196.3 0.00000 15
196.4 0.00000 15
196.5 0.00000 15
196.6 0.00000 15
196.7 0.00000 15
196.8 0.00000 15
196.9 0.00000 15
197.0 0.00000 15
197.1 0.00000 15
197.2 0.00000 15
197.3 0.00000 15
197.4 0.00000 15
197.5 0.00000 15
197.6 0.00000 15
197.7 0.00000 15
197.8 0.00000 15
197.9 0.00000 15
198.0 0.00000 15
198.1 0.00000 15
198.2 0.00000 15
198.3 0.00000 15
198.4 0.00000 15
198.5 0.00000 15
198.6 0.00000 15
198.7 0.00000 15
198.8 0.00000 15
198.9 0.00000 15
199.0 0.00000 15
199.1 0.00000 15
199.2 0.00000 15
199.3 0.00000 15
199.4 0.00000 15
199.5 0.00000 15
199.6 0.00000 15
199.7 0.00000 15
199.8 0.00000 15
199.9 0.00000 15
200.0 0.00000 15
200.1 0.00000 15
200.2 0.00000 15
200.3 0.00000 15
200.4 0.00000 15
200.5 0.00000 15
200.6 0.00000 15
200.7 0.00000 15
200.8 0.00000 15
200.9 0.00000 15
201.0 0.00000 15
201.1 0.00000 15
201.2 0.00000 15
201.3 0.00000 15
201.4 0.00000 15
201.5 0.00000 15
201.6 0.00000 15
201.7 0.00000 15
201.8 0.00000 15
201.9 0.00000 15
202.0 0.00000 15
202.1 0.00000 15
202.2 0.00000 15
202.3 0.00000 15
202.4 0.00000 15
202.5 0.00000 15
202.6 0.00000 15
202.7 0.00000 15
202.8 0.00000 15
202.9 0.00000 15
203.0 0.00000 15
203.1 0.00000 15
203.2 0.00000 15
203.3 0.00000 15
203.4 0.00000 15
203.5 0.00000 15
203.6 0.00000 15
203.7 0.00000 15
203.8 0.00000 15
203.9 0.00000 15
204.0 0.00000 15
204.1 0.00000 15
204.2 0.00000 15
204.3 0.00000 15
204.4 0.00000 15
204.5 0.00000 15
204.6 0.00000 15
204.7 0.00000 15
204.8 0.00000 15
204.9 0.00000 15
205.0 0.00000 15
205.1 0.00000 15
205.2 0.00000 15
205.3 0.00000 15
205.4 0.00000 15
205.5 0.00000 15
205.6 0.00000 15
205.7 0.00000 15
205.8 0.00000 15
205.9 0.00000 15
206.0 0.00000 15
206.1 0.00000 15
206.2 0.00000 15
206.3 0.00000 15
206.4 0.00000 15
206.5 0.00000 15
206.6 0.00000 15
206.7 0.00000 15
206.8 0.00000 15
206.9 0.00000 15
207.0 0.00000 15
207.1 0.00000 15
207.2 0.00000 15
207.3 0.00000 15
207.4 0.00000 15
207.5 0.00000 15
207.6 0.00000 15
207.7 0.00000 15
207.8 0.00000 15
207.9 0.00000 15
208.0 0.00000 15
208.1 0.00000 15
208.2 0.00000 15
208.3 0.00000 15
208.4 0.00000 15
208.5 0.00000 15
208.6 0.00000 15
208.7 0.00000 15
208.8 0.00000 15
208.9 0.00000 15
209.0 0.00000 15
209.1 0.00000 15
209.2 0.00000 15
209.3 0.00000 15
209.4 0.00000 15
209.5 0.00000 15
209.6 0.00000 15
209.7 0.00000 15
209.8 0.00000 15
209.9 0.00000 15
210.0 0.00000 15
210.1 0.00000 15
210.2 0.00000 15
210.3 0.00000 15
210.4 0.00000 15
210.5 0.00000 15
210.6 0.00000 15
210.7 0.00000 15
210.8 0.00000 15
210.9 0.00000 15
211.0 0.00000 15
211.1 0.00000 15
211.2 0.00000 15
211.3 0.00000 15
211.4 0.00000 15
211.5 0.00000 15
211.6 0.00000 15
211.7 0.00000 15
211.8 0.00000 15
211.9 0.00000 15
212.0 0.00000 15
212.1 0.00000 15
212.2 0.00000 15
212.3 0.00000 15
212.4 0.00000 15
212.5 0.00000 15
212.6 0.00000 15
212.7 0.00000 15
212.8 0.00000 15
212.9 0.00000 15
213.0 0.00000 15
213.1 0.00000 15
213.2 0.00000 15
213.3 0.00000 15
213.4 0.00000 15
213.5 0.00000 15
213.6 0.00000 15
213.7 0.00000 15
213.8 0.00000 15
213.9 0.00000 15
214.0 0.00000 15
214.1 0.00000 15
214.2 0.00000 15
214.3 0.00000 15
214.4 0.00000 15
214.5 0.00000 15
214.6 0.00000 15
214.7 0.00000 15
214.8 0.00000 15
214.9 0.00000 15
215.0 0.00000 15
215.1 0.00000 15
215.2 0.00000 15
215.3 0.00000 15
215.4 0.00000 15
215.5 0.00000 15
215.6 0.00000 15
215.7 0.00000 15
215.8 0.00000 15
215.9 0.00000 15
216.0 0.00000 15
216.1 0.00000 15
216.2 0.00000 15
216.3 0.00000 15
216.4 0.00000 15
216.5 0.00000 15
216.6 0.00000 15
216.7 0.00000 15
216.8 0.00000 15
216.9 0.00000 15
217.0 0.00000 15
217.1 0.00000 15
217.2 0.00000 15
217.3 0.00000 15
217.4 0.00000 15
217.5 0.00000 15
217.6 0.00000 15
217.7 0.00000 15
217.8 0.00000 15
217.9 0.00000 15
218.0 0.00000 15
218.1 0.00000 15
218.2 0.00000 15
218.3 0.00000 15
218.4 0.00000 15
218.5 0.00000 15
218.6 0.00000 15
218.7 0.00000 15
218.8 0.00000 15
218.9 0.00000 15
219.0 0.00000 15
219.1 0.00000 15
219.2 0.00000 15
219.3 0.00000 15
219.4 0.00000 15
219.5 0.00000 15
219.6 0.00000 15
219.7 0.00000 15
219.8 0.00000 15
219.9 0.00000 15
220.0 0.00000 15
220.1 0.00000 15
220.2 0.00000 15
220.3 0.00000 15
220.4 0.00000 15
220.5 0.00000 15
220.6 0.00000 15
220.7 0.00000 15
220.8 0.00000 15
220.9 0.00000 15
221.0 0.00000 15
221.1 0.00000 15
221.2 0.00000 15
221.3 0.00000 15
221.4 0.00000 15
221.5 0.00000 15
221.6 0.00000 15
221.7 0.00000 15
221.8 0.00000 15
221.9 0.00000 15
222.0 0.00000 15
222.1 0.00000 15
222.2 0.00000 15
222.3 0.00000 15
222.4 0.00000 15
222.5 0.00000 15
222.6 0.00000 15
222.7 0.00000 15
222.8 0.00000 15
222.9 0.00000 15
223.0 0.00000 15
223.1 0.00000 15
223.2 0.00000 15
223.3 0.00000 15
223.4 0.00000 15
223.5 0.00000 15
223.6 0.00000 15
223.7 0.00000 15
223.8 0.00000 15
223.9 0.00000 15
224.0 0.00000 15
224.1 0.00000 15
224.2 0.00000 15
224.3 0.00000 15
224.4 0.00000 15
224.5 0.00000 15
224.6 0.00000 15
224.7 0.00000 15
224.8 0.00000 15
224.9 0.00000 15
225.0 0.00000 15
225.1 0.00000 15
225.2 0.00000 15
225.3 0.00000 15
225.4 0.00000 15
225.5 0.00000 15
225.6 0.00000 15
225.7 0.00000 15
225.8 0.00000 15
225.9 0.00000 15
226.0 0.00000 15
226.1 0.00000 15
226.2 0.00000 15
226.3 0.00000 15
226.4 0.00000 15
226.5 0.00000 15
226.6 0.00000 15
226.7 0.00000 15
226.8 0.00000 15
226.9 0.00000 15
227.0 0.00000 15
227.1 0.00000 15
227.2 0.00000 15
227.3 0.00000 15
227.4 0.00000 15
227.5 0.00000 15
227.6 0.00000 15
227.7 0.00000 15
227.8 0.00000 15
227.9 0.00000 15
228.0 0.00000 15
228.1 0.00000 15
228.2 0.00000 15
228.3 0.00000 15
228.4 0.00000 15
228.5 0.00000 15
228.6 0.00000 15
228.7 0.00000 15
228.8 0.00000 15
228.9 0.00000 15
229.0 0.00000 15
229.1 0.00000 15
229.2 0.00000 15
229.3 0.00000 15
229.4 0.00000 15
229.5 0.00000 15
229.6 0.00000 15
229.7 0.00000 15
229.8 0.00000 15
229.9 0.00000 15
230.0 0.00000 15
230.1 0.00000 15
230.2 0.00000 15
230.3 0.00000 15
230.4 0.00000 15
230.5 0.00000 15
230.6 0.00000 15
230.7 0.00000 15
230.8 0.00000 15
230.9 0.00000 15
231.0 0.00000 15
231.1 0.00000 15
231.2 0.00000 15
231.3 0.00000 15
231.4 0.00000 15
231.5 0.00000 15
231.6 0.00000 15
231.7 0.00000 15
231.8 0.00000 15
231.9 0.00000 15
232.0 0.00000 15
232.1 0.00000 15
232.2 0.00000 15
232.3 0.00000 15
232.4 0.00000 15
232.5 0.00000 15
232.6 0.00000 15
232.7 0.00000 15
232.8 0.00000 15
232.9 0.00000 15
233.0 0.00000 15
233.1 0.00000 15
233.2 0.00000 15
233.3 0.00000 15
233.4 0.00000 15
233.5 0.00000 15
233.6 0.00000 15
233.7 0.00000 15
233.8 0.00000 15
233.9 0.00000 15
234.0 0.00000 15
234.1 0.00000 15
234.2 0.00000 15
234.3 0.00000 15
234.4 0.00000 15
234.5 0.00000 15
234.6 0.00000 15
234.7 0.00000 15
234.8 0.00000 15
234.9 0.00000 15
235.0 0.00000 15
235.1 0.00000 15
235.2 0.00000 15
235.3 0.00000 15
235.4 0.00000 15
235.5 0.00000 15
235.6 0.00000 15
235.7 0.00000 15
235.8 0.00000 15
235.9 0.00000 15
236.0 0.00000 15
236.1 0.00000 15
236.2 0.00000 15
236.3 0.00000 15
236.4 0.00000 15
236.5 0.00000 15
236.6 0.00000 15
236.7 0.00000 15
236.8 0.00000 15
236.9 0.00000 15
237.0 0.00000 15
237.1 0.00000 15
237.2 0.00000 15
237.3 0.00000 15
237.4 0.00000 15
237.5 0.00000 15
237.6 0.00000 15
237.7 0.00000 15
237.8 0.00000 15
237.9 0.00000 15
238.0 0.00000 15
238.1 0.00000 15
238.2 0.00000 15
238.3 0.00000 15
238.4 0.00000 15
238.5 0.00000 15
238.6 0.00000 15
238.7 0.00000 15
238.8 0.00000 15
238.9 0.00000 15
239.0 0.00000 15
239.1 0.00000 15
239.2 0.00000 15
239.3 0.00000 15
239.4 0.00000 15
239.5 0.00000 15
239.6 0.00000 15
239.7 0.00000 15
239.8 0.00000 15
239.9 0.00000 15
240.0 0.00000 15
240.1 0.00000 15
240.2 0.00000 15
240.3 0.00000 15
240.4 0.00000 15
240.5 0.00000 15
240.6 0.00000 15
240.7 0.00000 15
240.8 0.00000 15
240.9 0.00000 15
241.0 0.00000 15
241.1 0.00000 15
241.2 0.00000 15
241.3 0.00000 15
241.4 0.00000 15
241.5 0.00000 15
241.6 0.00000 15
241.7 0.00000 15
241.8 0.00000 15
241.9 0.00000 15
242.0 0.00000 15
242.1 0.00000 15
242.2 0.00000 15
242.3 0.00000 15
242.4 0.00000 15
242.5 0.00000 15
242.6 0.00000 15
242.7 0.00000 15
242.8 0.00000 15
242.9 0.00000 15
243.0 0.00000 15
243.1 0.00000 15
243.2 0.00000 15
243.3 0.00000 15
243.4 0.00000 15
243.5 0.00000 15
243.6 0.00000 15
243.7 0.00000 15
243.8 0.00000 15
243.9 0.00000 15
244.0 0.00000 15
244.1 0.00000 15
244.2 0.00000 15
244.3 0.00000 15
244.4 0.00000 15
244.5 0.00000 15
244.6 0.00000 15
244.7 0.00000 15
244.8 0.00000 15
244.9 0.00000 15
245.0 0.00000 15
245.1 0.00000 15
245.2 0.00000 15
245.3 0.00000 15
245.4 0.00000 15
245.5 0.00000 15
245.6 0.00000 15
245.7 0.00000 15
245.8 0.00000 15
245.9 0.00000 15
246.0 0.00000 15
246.1 0.00000 15
246.2 0.00000 15
246.3 0.00000 15
246.4 0.00000 15
246.5 0.00000 15
246.6 0.00000 15
246.7 0.00000 15
246.8 0.00000 15
246.9 0.00000 15
247.0 0.00000 15
247.1 0.00000 15
247.2 0.00000 15
247.3 0.00000 15
247.4 0.00000 15
247.5 0.00000 15
247.6 0.00000 15
247.7 0.00000 15
247.8 0.00000 15
247.9 0.00000 15
248.0 0.00000 15
248.1 0.00000 15
248.2 0.00000 15
248.3 0.00000 15
248.4 0.00000 15
248.5 0.00000 15
248.6 0.00000 15
248.7 0.00000 15
248.8 0.00000 15
248.9 0.00000 15
249.0 0.00000 15
249.1 0.00000 15
249.2 0.00000 15
249.3 0.00000 15
249.4 0.00000 15
249.5 0.00000 15
249.6 0.00000 15
249.7 0.00000 15
249.8 0.00000 15
249.9 0.00000 15
250.0 0.00000 15
