15.0 1.34201 13
15.1 1.34915 13
15.2 1.35608 13
15.3 1.36306 13
15.4 1.37007 13
15.5 1.37685 13
15.6 1.38395 13
15.7 1.39079 13
15.8 1.39796 13
15.9 1.40487 13
16.0 1.41181 13
16.1 1.41879 13
16.2 1.42545 13
16.3 1.43247 13
16.4 1.43953 13
16.5 1.44663 13
16.6 1.45376 13
16.7 1.46053 13
16.8 1.46733 13
16.9 1.47455 13
17.0 1.48140 13
17.1 1.48826 13
17.2 1.49514 13
17.3 1.50250 13
17.4 1.50944 13
17.5 1.51592 13
17.6 1.52289 13
17.7 1.52990 13
17.8 1.53692 13
17.9 1.54398 13
18.0 1.55051 13
18.1 1.55761 13
18.2 1.56417 13
18.3 1.57131 13
18.4 1.57789 13
18.5 1.58508 13
18.6 1.59169 13
18.7 1.59829 13
18.8 1.60556 13
18.9 1.61219 13
19.0 1.61884 13
19.1 1.62549 13
19.2 1.63285 13
19.3 1.63953 13
19.4 1.64622 13
19.5 1.65292 13
19.6 1.65963 13
19.7 1.66635 13
19.8 1.67307 13
19.9 1.67981 13
20.0 1.68656 13
20.1 1.69332 13
20.2 1.70010 13
20.3 1.70603 13
20.4 1.71281 13
20.5 1.71960 13
20.6 1.72641 13
20.7 1.73323 13
20.8 1.73914 13
20.9 1.74596 13
21.0 1.75281 13
21.1 1.75870 13
21.2 1.76555 13
21.3 1.77242 13
21.4 1.77829 13
21.5 1.78517 13
21.6 1.79207 13
21.7 1.79793 13
21.8 1.80484 13
21.9 1.81068 13
22.0 1.81760 13
22.1 1.82455 13
22.2 1.83037 13
22.3 1.83733 13
22.4 1.84314 13
22.5 1.85011 13
22.6 1.85591 13
22.7 1.86169 13
22.8 1.86868 13
22.9 1.87445 13
23.0 1.88146 13
23.1 1.88722 13
23.2 1.89425 13
23.3 1.90012 13
23.4 1.90868 13
23.5 1.91927 13
23.6 1.92789 13
23.7 1.93862 13
23.8 1.94732 13
23.9 1.95603 13
24.0 1.96694 13
24.1 1.97572 13
24.2 1.98452 13
24.3 1.99563 13
24.4 20.75198 14
24.5 20.81639 14
24.6 20.88063 14
24.7 20.96215 14
24.8 21.02620 14
24.9 21.09009 14
25.0 21.17181 14
25.1 21.23550 14
25.2 21.29901 14
25.3 21.36235 14
25.4 21.44425 14
25.5 21.50741 14
25.6 21.57040 14
25.7 21.63321 14
25.8 21.69585 14
25.9 21.77795 14
26.0 21.84042 14
26.1 21.90272 14
26.2 21.96484 14
26.3 22.02680 14
26.4 22.10914 14
26.5 22.17093 14
26.6 22.23256 14
26.7 22.29402 14
26.8 22.35532 14
26.9 22.43792 14
27.0 22.49905 14
27.1 22.56003 14
27.2 22.62084 14
27.3 22.68148 14
27.4 22.74197 14
27.5 22.80229 14
27.6 22.88521 14
27.7 22.94539 14
27.8 23.00541 14
27.9 23.06526 14
28.0 23.12496 14
28.1 23.18450 14
28.2 23.24388 14
28.3 23.30310 14
28.4 23.38641 14
28.5 23.44549 14
28.6 23.50442 14
28.7 23.56320 14
28.8 5.75554 14
28.9 5.86475 14
29.0 5.97448 14
29.1 6.08472 14
29.2 6.19546 14
29.3 6.35681 14
29.4 6.46925 14
29.5 6.58219 14
29.6 6.69561 14
29.7 6.80953 14
29.8 6.92393 14
29.9 7.03881 14
30.0 7.15416 14
30.1 7.26998 14
30.2 7.38627 14
30.3 7.50302 14
30.4 7.62023 14
30.5 7.73789 14
30.6 7.85600 14
30.7 8.03531 14
30.8 8.15507 14
30.9 8.27528 14
31.0 8.39592 14
31.1 8.51700 14
31.2 8.63850 14
31.3 8.76043 14
31.4 8.88278 14
31.5 9.00554 14
31.6 9.12872 14
31.7 9.25231 14
31.8 9.37631 14
31.9 9.50070 14
32.0 9.62549 14
32.1 9.75068 14
32.2 9.87626 14
32.3 10.00222 14
32.4 10.12856 14
32.5 10.25529 14
32.6 10.38239 14
32.7 10.50986 14
32.8 10.63770 14
32.9 10.76590 14
33.0 10.89446 14
33.1 11.02338 14
33.2 11.15266 14
33.3 11.28228 14
33.4 11.41225 14
33.5 11.54257 14
33.6 11.75870 14
33.7 11.89059 14
33.8 12.02282 14
33.9 12.15538 14
34.0 12.28827 14
34.1 12.42149 14
34.2 12.55504 14
34.3 12.68890 14
34.4 12.82308 14
34.5 12.95758 14
34.6 13.09238 14
34.7 13.22750 14
34.8 13.36292 14
34.9 13.49864 14
35.0 13.63466 14
35.1 13.77097 14
35.2 13.90758 14
35.3 14.04447 14
35.4 14.18165 14
35.5 14.31911 14
35.6 14.45686 14
35.7 14.59488 14
35.8 14.73317 14
35.9 14.87174 14
36.0 15.01057 14
36.1 15.14967 14
36.2 15.28903 14
36.3 15.42865 14
36.4 15.56853 14
36.5 15.70867 14
36.6 15.84905 14
36.7 15.98968 14
36.8 16.13056 14
36.9 16.27168 14
37.0 16.41304 14
37.1 16.55464 14
37.2 16.69648 14
37.3 16.83854 14
37.4 16.85832 14
37.5 16.99980 14
37.6 17.14149 14
37.7 17.28341 14
37.8 17.42554 14
37.9 17.56788 14
38.0 17.71044 14
38.1 17.85320 14
38.2 17.99617 14
38.3 18.13934 14
38.4 18.28271 14
38.5 18.42628 14
38.6 18.57005 14
38.7 18.71401 14
38.8 18.85817 14
38.9 19.00251 14
39.0 19.14704 14
39.1 19.29175 14
39.2 19.43665 14
39.3 19.58173 14
39.4 19.72698 14
39.5 19.87241 14
39.6 20.01802 14
39.7 20.16379 14
39.8 20.30974 14
39.9 20.45585 14
40.0 20.60212 14
40.1 20.74856 14
40.2 20.89516 14
40.3 21.04191 14
40.4 21.18883 14
40.5 21.33590 14
40.6 21.48312 14
40.7 21.63048 14
40.8 21.77800 14
40.9 21.92567 14
41.0 22.07347 14
41.1 22.22142 14
41.2 22.36951 14
41.3 22.51774 14
41.4 22.66611 14
41.5 22.81461 14
41.6 22.96324 14
41.7 23.11200 14
41.8 23.09045 14
41.9 23.23829 14
42.0 23.38624 14
42.1 23.53432 14
42.2 23.68252 14
42.3 23.83083 14
42.4 23.97926 14
42.5 24.12780 14
42.6 24.27645 14
42.7 24.42521 14
42.8 24.57408 14
42.9 24.72306 14
43.0 24.87214 14
43.1 25.02132 14
43.2 25.17061 14
43.3 25.31999 14
43.4 25.46947 14
43.5 25.61905 14
43.6 25.76872 14
43.7 25.91849 14
43.8 26.06835 14
43.9 26.21829 14
44.0 26.36833 14
44.1 26.51845 14
44.2 26.66866 14
44.3 26.81895 14
44.4 26.96932 14
44.5 27.11977 14
44.6 27.27031 14
44.7 27.42092 14
44.8 27.57160 14
44.9 27.72236 14
45.0 27.66535 14
45.1 27.81500 14
45.2 27.96472 14
45.3 28.11450 14
45.4 28.26435 14
45.5 28.41426 14
45.6 28.56424 14
45.7 28.71427 14
45.8 28.86437 14
45.9 29.01452 14
46.0 29.16473 14
46.1 29.31500 14
46.2 29.46532 14
46.3 29.61569 14
46.4 29.76611 14
46.5 29.91659 14
46.6 30.06711 14
46.7 30.21768 14
46.8 30.36830 14
46.9 30.51897 14
47.0 30.66967 14
47.1 30.82042 14
47.2 30.97122 14
47.3 31.12205 14
47.4 31.27292 14
47.5 31.42383 14
47.6 31.57478 14
47.7 31.72576 14
47.8 31.63504 14
47.9 31.78479 14
48.0 31.93456 14
48.1 32.08437 14
48.2 32.23420 14
48.3 32.38406 14
48.4 32.53394 14
48.5 32.67444 14
48.6 32.71065 14
48.7 32.74679 14
48.8 32.78284 14
48.9 32.81882 14
49.0 32.85472 14
49.1 32.89054 14
49.2 32.92629 14
49.3 32.96196 14
49.4 32.99755 14
49.5 33.03306 14
49.6 33.06850 14
49.7 33.10386 14
49.8 33.13915 14
49.9 33.17436 14
50.0 33.20949 14
50.1 33.24455 14
50.2 33.27954 14
50.3 33.31445 14
50.4 33.34928 14
50.5 33.32029 14
50.6 33.35481 14
50.7 33.38925 14
50.8 33.42362 14
50.9 33.45791 14
51.0 33.49213 14
51.1 33.52628 14
51.2 33.56035 14
51.3 33.59436 14
51.4 33.62829 14
51.5 33.66215 14
51.6 33.69594 14
51.7 33.72965 14
51.8 33.76330 14
51.9 33.79687 14
52.0 33.83038 14
52.1 33.86381 14
52.2 33.89718 14
52.3 33.93047 14
52.4 33.96369 14
52.5 33.99685 14
52.6 34.02993 14
52.7 34.06295 14
52.8 34.09590 14
52.9 34.12878 14
53.0 34.16159 14
53.1 34.12646 14
53.2 34.15897 14
53.3 34.19140 14
53.4 34.22377 14
53.5 34.25607 14
53.6 34.28831 14
53.7 34.32048 14
53.8 34.35258 14
53.9 34.38462 14
54.0 34.41659 14
54.1 34.44849 14
54.2 34.48033 14
54.3 34.51210 14
54.4 34.54381 14
54.5 34.57545 14
54.6 34.60703 14
54.7 34.63854 14
54.8 34.66999 14
54.9 34.70137 14
55.0 34.73269 14
55.1 34.76395 14
55.2 34.79514 14
55.3 34.82627 14
55.4 34.85733 14
55.5 34.88833 14
55.6 34.91927 14
55.7 34.95015 14
55.8 34.90894 14
55.9 34.93953 14
56.0 34.97005 14
56.1 35.00052 14
56.2 35.03092 14
56.3 35.06125 14
56.4 35.09153 14
56.5 35.12175 14
56.6 35.15190 14
56.7 35.18200 14
56.8 35.21203 14
56.9 35.24201 14
57.0 35.27192 14
57.1 35.30178 14
57.2 35.33157 14
57.3 35.36130 14
57.4 35.39098 14
57.5 35.42060 14
57.6 35.45015 14
57.7 35.47965 14
57.8 35.50909 14
57.9 35.53847 14
58.0 35.56779 14
58.1 35.59706 14
58.2 35.62626 14
58.3 35.65541 14
58.4 35.68450 14
58.5 35.71354 14
58.6 35.66634 14
58.7 35.69510 14
58.8 35.72380 14
58.9 35.75244 14
59.0 35.78103 14
59.1 35.80956 14
59.2 35.83804 14
59.3 35.86646 14
59.4 35.89482 14
59.5 35.92313 14
59.6 35.95138 14
59.7 35.97958 14
59.8 36.00772 14
59.9 36.03581 14
60.0 36.06384 14
60.1 36.09182 14
60.2 36.11974 14
60.3 36.14761 14
60.4 36.17543 14
60.5 36.20319 14
60.6 36.23090 14
60.7 36.25855 14
60.8 36.28615 14
60.9 36.31370 14
61.0 36.34119 14
61.1 36.36863 14
61.2 36.39602 14
61.3 36.42335 14
61.4 36.37047 14
61.5 36.39754 14
61.6 36.42456 14
61.7 36.45153 14
61.8 36.47845 14
61.9 36.50532 14
62.0 36.53213 14
62.1 36.55889 14
62.2 36.58561 14
62.3 36.61227 14
62.4 36.63888 14
62.5 36.66544 14
62.6 36.69194 14
62.7 36.71840 14
62.8 36.74481 14
62.9 36.77117 14
63.0 36.79747 14
63.1 36.82373 14
63.2 36.84994 14
63.3 36.87610 14
63.4 36.90220 14
63.5 36.92826 14
63.6 36.95427 14
63.7 36.98023 14
63.8 37.00615 14
63.9 37.03201 14
64.0 37.05782 14
64.1 37.08359 14
64.2 37.10931 14
64.3 37.13498 14
64.4 37.07631 14
64.5 37.10173 14
64.6 37.12710 14
64.7 37.15243 14
64.8 37.17771 14
64.9 37.20294 14
65.0 37.22813 14
65.1 37.25327 14
65.2 37.27836 14
65.3 37.30340 14
65.4 37.32840 14
65.5 37.35336 14
65.6 37.37826 14
65.7 37.40312 14
65.8 37.42793 14
65.9 37.45270 14
66.0 37.47742 14
66.1 37.50210 14
66.2 37.52673 14
66.3 37.55131 14
66.4 37.57585 14
66.5 37.60035 14
66.6 37.62480 14
66.7 37.64920 14
66.8 37.67356 14
66.9 37.69788 14
67.0 37.72215 14
67.1 37.74637 14
67.2 37.77056 14
67.3 37.79469 14
67.4 37.81879 14
67.5 37.75446 14
67.6 37.77832 14
67.7 37.80214 14
67.8 37.82591 14
67.9 37.84964 14
68.0 37.87333 14
68.1 37.89697 14
68.2 37.92057 14
68.3 37.94413 14
68.4 37.96764 14
68.5 37.99112 14
68.6 38.01455 14
68.7 38.03794 14
68.8 38.06128 14
68.9 38.08459 14
69.0 38.10785 14
69.1 38.13107 14
69.2 38.15424 14
69.3 38.17738 14
69.4 38.20048 14
69.5 38.22353 14
69.6 38.24654 14
69.7 38.26951 14
69.8 38.29244 14
69.9 38.31533 14
70.0 38.33818 14
70.1 38.36098 14
70.2 38.38375 14
70.3 38.40648 14
70.4 38.42916 14
70.5 38.45181 14
70.6 38.47441 14
70.7 38.40457 14
70.8 38.42695 14
70.9 38.44930 14
71.0 38.47160 14
71.1 38.49387 14
71.2 38.51610 14
71.3 38.53828 14
71.4 38.56043 14
71.5 38.58254 14
71.6 38.60461 14
71.7 38.62664 14
71.8 38.64863 14
71.9 38.67058 14
72.0 38.69250 14
72.1 38.71437 14
72.2 38.73621 14
72.3 38.75801 14
72.4 38.77977 14
72.5 38.80150 14
72.6 38.82318 14
72.7 38.84483 14
72.8 38.86644 14
72.9 38.88801 14
73.0 38.90954 14
73.1 38.93104 14
73.2 38.95250 14
73.3 38.97392 14
73.4 38.99531 14
73.5 39.01665 14
73.6 39.03796 14
73.7 39.05924 14
73.8 39.08048 14
73.9 39.10168 14
74.0 39.12284 14
74.1 39.04746 14
74.2 39.06842 14
74.3 39.08934 14
74.4 39.11022 14
74.5 39.13107 14
74.6 39.15188 14
74.7 39.17266 14
74.8 39.19340 14
74.9 39.21410 14
75.0 39.23477 14
75.1 39.25541 14
75.2 39.27601 14
75.3 39.29657 14
75.4 39.31710 14
75.5 39.33759 14
75.6 39.35805 14
75.7 39.37847 14
75.8 39.39886 14
75.9 39.41922 14
76.0 39.43953 14
76.1 39.45982 14
76.2 39.48007 14
76.3 39.50029 14
76.4 39.52047 14
76.5 39.54061 14
76.6 39.56073 14
76.7 39.58081 14
76.8 39.60085 14
76.9 39.62086 14
77.0 39.64084 14
77.1 39.66079 14
77.2 39.68070 14
77.3 39.70058 14
77.4 39.72042 14
77.5 39.74023 14
77.6 39.76001 14
77.7 39.77975 14
77.8 39.69869 14
77.9 39.71824 14
78.0 39.73776 14
78.1 39.75724 14
78.2 39.77670 14
78.3 39.79611 14
78.4 39.81550 14
78.5 39.83485 14
78.6 39.85418 14
78.7 39.87347 14
78.8 39.89272 14
78.9 39.91195 14
79.0 39.93114 14
79.1 39.95030 14
79.2 39.96943 14
79.3 39.98853 14
79.4 40.00760 14
79.5 40.02663 14
79.6 40.04564 14
79.7 40.06461 14
79.8 40.08355 14
79.9 40.10246 14
80.0 40.12134 14
80.1 40.14018 14
80.2 40.15900 14
80.3 40.17779 14
80.4 40.19654 14
80.5 40.21526 14
80.6 40.23396 14
80.7 40.25262 14
80.8 40.27125 14
80.9 40.28985 14
81.0 40.30843 14
81.1 40.32697 14
81.2 40.34548 14
81.3 40.36396 14
81.4 40.38241 14
81.5 40.40083 14
81.6 40.41922 14
81.7 40.33255 14
81.8 40.35076 14
81.9 40.36894 14
82.0 40.38708 14
82.1 40.40520 14
82.2 40.42329 14
82.3 40.44135 14
82.4 40.45939 14
82.5 40.47739 14
82.6 40.49536 14
82.7 40.51330 14
82.8 40.53122 14
82.9 40.54911 14
83.0 40.56696 14
83.1 40.58479 14
83.2 40.60259 14
83.3 40.62036 14
83.4 40.63811 14
83.5 40.65582 14
83.6 40.67351 14
83.7 40.69116 14
83.8 40.70879 14
83.9 40.72639 14
84.0 40.74397 14
84.1 40.76151 14
84.2 40.77903 14
84.3 40.79652 14
84.4 40.81398 14
84.5 40.83141 14
84.6 40.84882 14
84.7 40.86620 14
84.8 40.88355 14
84.9 40.90087 14
85.0 40.91817 14
85.1 40.93544 14
85.2 40.95268 14
85.3 40.96989 14
85.4 40.98708 14
85.5 41.00424 14
85.6 41.02137 14
85.7 41.03848 14
85.8 40.94629 14
85.9 40.96322 14
86.0 40.98013 14
86.1 40.99701 14
86.2 41.01387 14
86.3 41.03070 14
86.4 41.04750 14
86.5 41.06427 14
86.6 41.08102 14
86.7 41.09774 14
86.8 41.11444 14
86.9 41.13111 14
87.0 41.14776 14
87.1 41.16437 14
87.2 41.18097 14
87.3 41.19753 14
87.4 41.21407 14
87.5 41.23059 14
87.6 41.24708 14
87.7 41.26354 14
87.8 41.27998 14
87.9 41.29639 14
88.0 41.31278 14
88.1 41.32914 14
88.2 41.34548 14
88.3 41.36179 14
88.4 41.37807 14
88.5 41.39434 14
88.6 41.41057 14
88.7 41.42678 14
88.8 41.44297 14
88.9 41.45913 14
89.0 41.47526 14
89.1 41.49138 14
89.2 41.50746 14
89.3 41.52352 14
89.4 41.53956 14
89.5 41.55557 14
89.6 41.57156 14
89.7 41.58752 14
89.8 41.60346 14
89.9 41.61938 14
90.0 41.63527 14
90.1 41.65113 14
90.2 41.66698 14
90.3 41.56913 14
90.4 41.58481 14
90.5 41.60047 14
90.6 41.61610 14
90.7 41.63171 14
90.8 41.64730 14
90.9 41.66286 14
91.0 41.67840 14
91.1 41.69392 14
91.2 41.70941 14
91.3 41.72488 14
91.4 41.74033 14
91.5 41.75575 14
91.6 41.77115 14
91.7 41.78653 14
91.8 41.80188 14
91.9 41.81721 14
92.0 41.83251 14
92.1 41.84780 14
92.2 41.86306 14
92.3 41.87830 14
92.4 41.89351 14
92.5 41.90870 14
92.6 41.92387 14
92.7 41.93902 14
92.8 41.95414 14
92.9 41.96924 14
93.0 41.98432 14
93.1 41.99938 14
93.2 42.01441 14
93.3 42.02942 14
93.4 42.04441 14
93.5 42.05938 14
93.6 42.07432 14
93.7 42.08924 14
93.8 42.10414 14
93.9 42.11902 14
94.0 42.13387 14
94.1 42.14871 14
94.2 42.16352 14
94.3 42.17831 14
94.4 42.19308 14
94.5 42.20782 14
94.6 42.22255 14
94.7 42.23725 14
94.8 42.25193 14
94.9 42.26659 14
95.0 42.28123 14
95.1 42.29584 14
95.2 42.19225 14
95.3 42.20672 14
95.4 42.22116 14
95.5 42.23559 14
95.6 42.24999 14
95.7 42.26437 14
95.8 42.27874 14
95.9 42.29308 14
96.0 42.30740 14
96.1 42.32169 14
96.2 42.33597 14
96.3 42.35023 14
96.4 42.36446 14
96.5 42.37868 14
96.6 42.39287 14
96.7 42.40705 14
96.8 42.42120 14
96.9 42.43533 14
97.0 42.44944 14
97.1 42.46354 14
97.2 42.47761 14
97.3 42.49166 14
97.4 42.50569 14
97.5 42.51970 14
97.6 42.53369 14
97.7 42.54766 14
97.8 42.56160 14
97.9 42.57553 14
98.0 42.58944 14
98.1 42.60333 14
98.2 42.61720 14
98.3 42.63105 14
98.4 42.64488 14
98.5 42.65868 14
98.6 42.67247 14
98.7 42.68624 14
98.8 42.69999 14
98.9 42.71372 14
99.0 42.72743 14
99.1 42.74112 14
99.2 42.75479 14
99.3 42.76844 14
99.4 42.78207 14
99.5 42.79569 14
99.6 42.80928 14
99.7 42.82285 14
99.8 42.83641 14
99.9 42.84994 14
100.0 42.86346 14
100.1 42.87695 14
100.2 42.89043 14
100.3 42.90389 14
100.4 42.91733 14
100.5 42.80798 14
100.6 42.82128 14
100.7 42.83457 14
100.8 42.84783 14
100.9 42.86107 14
101.0 42.87430 14
101.1 42.88751 14
101.2 42.90070 14
101.3 42.91387 14
101.4 42.92702 14
101.5 42.94015 14
101.6 42.95327 14
101.7 42.96636 14
101.8 42.97944 14
101.9 42.99250 14
102.0 43.00554 14
102.1 43.01856 14
102.2 43.03157 14
102.3 43.04455 14
102.4 43.05752 14
102.5 43.07047 14
102.6 43.08340 14
102.7 43.09631 14
102.8 43.10921 14
102.9 43.12209 14
103.0 43.13495 14
103.1 43.14779 14
103.2 43.16061 14
103.3 43.17341 14
103.4 43.18620 14
103.5 43.19897 14
103.6 43.21172 14
103.7 43.22446 14
103.8 43.23717 14
103.9 43.24987 14
104.0 43.26255 14
104.1 43.27522 14
104.2 43.28786 14
104.3 43.30049 14
104.4 43.31310 14
104.5 43.32570 14
104.6 43.33827 14
104.7 43.35083 14
104.8 43.36337 14
104.9 43.37590 14
105.0 43.38841 14
105.1 43.40090 14
105.2 43.41337 14
105.3 43.42582 14
105.4 43.43826 14
105.5 43.45068 14
105.6 43.46309 14
105.7 43.47548 14
105.8 43.48785 14
105.9 43.50020 14
106.0 43.51254 14
106.1 43.52486 14
106.2 43.53716 14
106.3 43.42201 14
106.4 43.43418 14
106.5 43.44634 14
106.6 43.45849 14
106.7 43.47061 14
106.8 43.48272 14
106.9 43.49482 14
107.0 43.50689 14
107.1 43.51895 14
107.2 43.53100 14
107.3 43.54303 14
107.4 43.55504 14
107.5 43.56703 14
107.6 43.57901 14
107.7 43.59097 14
107.8 43.60292 14
107.9 43.61485 14
108.0 43.62676 14
108.1 43.63866 14
108.2 43.65054 14
108.3 43.66241 14
108.4 43.67426 14
108.5 43.68609 14
108.6 43.69791 14
108.7 43.70971 14
108.8 43.72150 14
108.9 43.73327 14
109.0 43.74502 14
109.1 43.75676 14
109.2 43.76849 14
109.3 43.78019 14
109.4 43.79188 14
109.5 43.80356 14
109.6 43.81522 14
109.7 43.82687 14
109.8 43.83849 14
109.9 43.85011 14
110.0 43.86171 14
110.1 43.87329 14
110.2 43.88486 14
110.3 43.89641 14
110.4 43.90794 14
110.5 43.91946 14
110.6 43.93097 14
110.7 43.94246 14
110.8 43.95394 14
110.9 43.96540 14
111.0 43.97684 14
111.1 43.98827 14
111.2 43.99968 14
111.3 44.01108 14
111.4 44.02247 14
111.5 44.03384 14
111.6 44.04519 14
111.7 44.05653 14
111.8 44.06785 14
111.9 44.07916 14
112.0 44.09046 14
112.1 44.10174 14
112.2 44.11300 14
112.3 44.12425 14
112.4 44.13548 14
112.5 44.14670 14
112.6 44.15791 14
112.7 44.16910 14
112.8 44.04796 14
112.9 44.05903 14
113.0 44.07009 14
113.1 44.08114 14
113.2 44.09217 14
113.3 44.10319 14
113.4 44.11419 14
113.5 44.12518 14
113.6 44.13615 14
113.7 44.14711 14
113.8 44.15806 14
113.9 44.16899 14
114.0 44.17991 14
114.1 44.19081 14
114.2 44.20170 14
114.3 44.21257 14
114.4 44.22343 14
114.5 44.23428 14
114.6 44.24511 14
114.7 44.25593 14
114.8 44.26673 14
114.9 44.27752 14
115.0 44.28830 14
115.1 44.29906 14
115.2 44.30981 14
115.3 44.32054 14
115.4 44.33126 14
115.5 44.34197 14
115.6 44.35266 14
115.7 44.36334 14
115.8 44.37400 14
115.9 44.38465 14
116.0 44.39529 14
116.1 44.40592 14
116.2 44.41653 14
116.3 44.42712 14
116.4 44.43771 14
116.5 44.44827 14
116.6 44.45883 14
116.7 44.46937 14
116.8 44.47990 14
116.9 44.49042 14
117.0 44.50092 14
117.1 44.51141 14
117.2 44.52188 14
117.3 44.53234 14
117.4 44.54279 14
117.5 44.55323 14
117.6 44.56365 14
117.7 44.57406 14
117.8 44.58445 14
117.9 44.59483 14
118.0 44.60520 14
118.1 44.61556 14
118.2 44.62590 14
118.3 44.63623 14
118.4 44.64655 14
118.5 44.65685 14
118.6 44.66714 14
118.7 44.67742 14
118.8 44.68768 14
118.9 44.69793 14
119.0 44.70817 14
119.1 44.71839 14
119.2 44.72861 14
119.3 44.73881 14
119.4 44.74899 14
119.5 44.75917 14
119.6 44.76933 14
119.7 44.77947 14
119.8 44.78961 14
119.9 44.66251 14
120.0 44.67254 14
120.1 44.68255 14
120.2 44.69256 14
120.3 44.70255 14
120.4 44.71253 14
120.5 44.72250 14
120.6 44.73245 14
120.7 44.74240 14
120.8 44.75233 14
120.9 44.76224 14
121.0 44.77215 14
121.1 44.78204 14
121.2 44.79192 14
121.3 44.80179 14
121.4 44.81164 14
121.5 44.82149 14
121.6 44.83132 14
121.7 44.84114 14
121.8 44.85094 14
121.9 44.86074 14
122.0 44.87052 14
122.1 44.88029 14
122.2 44.89005 14
122.3 44.89979 14
122.4 44.90953 14
122.5 44.91925 14
122.6 44.92896 14
122.7 44.93866 14
122.8 44.94834 14
122.9 44.95801 14
123.0 44.96768 14
123.1 44.97733 14
123.2 44.98696 14
123.3 44.99659 14
123.4 45.00620 14
123.5 45.01581 14
123.6 45.02540 14
123.7 45.03498 14
123.8 45.04454 14
123.9 45.05410 14
124.0 45.06364 14
124.1 45.07317 14
124.2 45.08269 14
124.3 45.09220 14
124.4 45.10170 14
124.5 45.11118 14
124.6 45.12066 14
124.7 45.13012 14
124.8 45.13957 14
124.9 45.14901 14
125.0 45.15843 14
125.1 45.16785 14
125.2 45.17725 14
125.3 45.18665 14
125.4 45.19603 14
125.5 45.20540 14
125.6 45.21476 14
125.7 45.22410 14
125.8 45.23344 14
125.9 45.24276 14
126.0 45.25208 14
126.1 45.26138 14
126.2 45.27067 14
126.3 45.27995 14
126.4 45.28922 14
126.5 45.29847 14
126.6 45.30772 14
126.7 45.31695 14
126.8 45.32618 14
126.9 45.33539 14
127.0 45.34459 14
127.1 45.35378 14
127.2 45.36296 14
127.3 45.37213 14
127.4 45.38128 14
127.5 45.39043 14
127.6 45.39956 14
127.7 45.40869 14
127.8 45.41780 14
127.9 45.42690 14
128.0 45.29361 14
128.1 45.30262 14
128.2 45.31161 14
128.3 45.32060 14
128.4 45.32957 14
128.5 45.33854 14
128.6 45.34749 14
128.7 45.35643 14
128.8 45.36536 14
128.9 45.37428 14
129.0 45.38319 14
129.1 45.39209 14
129.2 45.40098 14
129.3 45.40986 14
129.4 45.41873 14
129.5 45.42759 14
129.6 45.43643 14
129.7 45.44527 14
129.8 45.45409 14
129.9 45.46291 14
130.0 45.47171 14
130.1 45.48051 14
130.2 45.48929 14
130.3 45.49806 14
130.4 45.50683 14
130.5 45.51558 14
130.6 45.52432 14
130.7 45.53305 14
130.8 45.54178 14
130.9 45.55049 14
131.0 45.55919 14
131.1 45.56788 14
131.2 45.57656 14
131.3 45.58523 14
131.4 45.59389 14
131.5 45.60254 14
131.6 45.61118 14
131.7 45.61981 14
131.8 45.62843 14
131.9 45.63704 14
132.0 45.64564 14
132.1 45.65422 14
132.2 45.66280 14
132.3 45.67137 14
132.4 45.67993 14
132.5 45.68848 14
132.6 45.69702 14
132.7 45.70555 14
132.8 45.71407 14
132.9 45.72257 14
133.0 45.73107 14
133.1 45.73956 14
133.2 45.74804 14
133.3 45.75651 14
133.4 45.76497 14
133.5 45.77342 14
133.6 45.78186 14
133.7 45.79029 14
133.8 45.79871 14
133.9 45.80712 14
134.0 45.81552 14
134.1 45.82391 14
134.2 45.83229 14
134.3 45.84066 14
134.4 45.84902 14
134.5 45.85738 14
134.6 45.86572 14
134.7 45.87405 14
134.8 45.88237 14
134.9 45.89069 14
135.0 45.89899 14
135.1 45.90729 14
135.2 45.91557 14
135.3 45.92385 14
135.4 45.93211 14
135.5 45.94037 14
135.6 45.94861 14
135.7 45.95685 14
135.8 45.96508 14
135.9 45.97330 14
136.0 45.98150 14
136.1 45.98970 14
136.2 45.99789 14
136.3 46.00607 14
136.4 46.01425 14
136.5 46.02241 14
136.6 46.03056 14
136.7 46.03870 14
136.8 46.04684 14
136.9 46.05496 14
137.0 46.06308 14
137.1 46.07118 14
137.2 45.93156 14
137.3 45.93958 14
137.4 45.94759 14
137.5 45.95559 14
137.6 45.96359 14
137.7 45.97157 14
137.8 45.97954 14
137.9 45.98751 14
138.0 45.99547 14
138.1 46.00341 14
138.2 46.01135 14
138.3 46.01928 14
138.4 46.02720 14
138.5 46.03512 14
138.6 46.04302 14
138.7 46.05091 14
138.8 46.05880 14
138.9 46.06667 14
139.0 46.07454 14
139.1 46.08240 14
139.2 46.09025 14
139.3 46.09809 14
139.4 46.10592 14
139.5 46.11374 14
139.6 46.12156 14
139.7 46.12936 14
139.8 46.13716 14
139.9 46.14495 14
140.0 46.15272 14
140.1 46.16049 14
140.2 46.16826 14
140.3 46.17601 14
140.4 46.18375 14
140.5 46.19149 14
140.6 46.19921 14
140.7 46.20693 14
140.8 46.21464 14
140.9 46.22234 14
141.0 46.23003 14
141.1 46.23772 14
141.2 46.24539 14
141.3 46.25306 14
141.4 46.26071 14
141.5 46.26836 14
141.6 46.27600 14
141.7 46.28364 14
141.8 46.29126 14
141.9 46.29887 14
142.0 46.30648 14
142.1 46.31408 14
142.2 46.32167 14
142.3 46.32925 14
142.4 46.33682 14
142.5 46.34439 14
142.6 46.35194 14
142.7 46.35949 14
142.8 46.36703 14
142.9 46.37456 14
143.0 46.38208 14
143.1 46.38960 14
143.2 46.39710 14
143.3 46.40460 14
143.4 46.41209 14
143.5 46.41957 14
143.6 46.42704 14
143.7 46.43451 14
143.8 46.44196 14
143.9 46.44941 14
144.0 46.45685 14
144.1 46.46428 14
144.2 46.47171 14
144.3 46.47912 14
144.4 46.48653 14
144.5 46.49393 14
144.6 46.50132 14
144.7 46.50870 14
144.8 46.51608 14
144.9 46.52345 14
145.0 46.53080 14
145.1 46.53815 14
145.2 46.54550 14
145.3 46.55283 14
145.4 46.56016 14
145.5 46.56748 14
145.6 46.57479 14
145.7 46.58209 14
145.8 46.58938 14
145.9 46.59667 14
146.0 46.60395 14
146.1 46.61122 14
146.2 46.61848 14
146.3 46.62574 14
146.4 46.63298 14
146.5 46.64022 14
146.6 46.64745 14
146.7 46.65468 14
146.8 46.66189 14
146.9 46.66910 14
147.0 46.67630 14
147.1 46.68349 14
147.2 46.69068 14
147.3 46.69785 14
147.4 46.70502 14
147.5 46.71218 14
147.6 46.71934 14
147.7 46.72648 14
147.8 46.58034 14
147.9 46.58741 14
148.0 46.59447 14
148.1 46.60153 14
148.2 46.60858 14
148.3 46.61561 14
148.4 46.62265 14
148.5 46.62967 14
148.6 46.63669 14
148.7 46.64370 14
148.8 46.65070 14
148.9 46.65769 14
149.0 46.66468 14
149.1 46.67166 14
149.2 46.67863 14
149.3 46.68559 14
149.4 46.69255 14
149.5 46.69950 14
149.6 46.70644 14
149.7 46.71337 14
149.8 46.72030 14
149.9 46.72722 14
150.0 46.73413 14
150.1 46.74104 14
150.2 46.74793 14
150.3 46.75482 14
150.4 46.76171 14
150.5 46.76858 14
150.6 46.77545 14
150.7 46.78231 14
150.8 46.78916 14
150.9 46.79601 14
151.0 46.80285 14
151.1 46.80968 14
151.2 46.81650 14
151.3 46.82332 14
151.4 46.83013 14
151.5 46.83693 14
151.6 46.84373 14
151.7 46.85051 14
151.8 46.85729 14
151.9 46.86407 14
152.0 46.87083 14
152.1 46.87759 14
152.2 46.88435 14
152.3 46.89109 14
152.4 46.89783 14
152.5 46.90456 14
152.6 46.91128 14
152.7 46.91800 14
152.8 46.92471 14
152.9 46.93141 14
153.0 46.93811 14
153.1 46.94480 14
153.2 46.95148 14
153.3 46.95815 14
153.4 46.96482 14
153.5 46.97148 14
153.6 46.97813 14
153.7 46.98478 14
153.8 46.99142 14
153.9 46.99805 14
154.0 47.00467 14
154.1 47.01129 14
154.2 47.01790 14
154.3 47.02451 14
154.4 47.03111 14
154.5 47.03770 14
154.6 47.04428 14
154.7 47.05086 14
154.8 47.05743 14
154.9 47.06399 14
155.0 47.07055 14
155.1 47.07710 14
155.2 47.08364 14
155.3 47.09018 14
155.4 47.09671 14
155.5 47.10323 14
155.6 47.10974 14
155.7 47.11625 14
155.8 47.12275 14
155.9 47.12925 14
156.0 47.13574 14
156.1 47.14222 14
156.2 47.14870 14
156.3 47.15516 14
156.4 47.16163 14
156.5 47.16808 14
156.6 47.17453 14
156.7 47.18097 14
156.8 47.18741 14
156.9 47.19383 14
157.0 47.20026 14
157.1 47.20667 14
157.2 47.21308 14
157.3 47.21948 14
157.4 47.22588 14
157.5 47.23227 14
157.6 47.23865 14
157.7 47.24502 14
157.8 47.25139 14
157.9 47.25776 14
158.0 47.26411 14
158.1 47.27046 14
158.2 47.27680 14
158.3 47.28314 14
158.4 47.28947 14
158.5 47.29579 14
158.6 47.30211 14
158.7 47.30842 14
158.8 47.31473 14
158.9 47.32102 14
159.0 47.32731 14
159.1 47.33360 14
159.2 47.33988 14
159.3 47.34615 14
159.4 47.35242 14
159.5 47.35867 14
159.6 47.36493 14
159.7 47.37117 14
159.8 47.37741 14
159.9 47.38365 14
160.0 47.38987 14
160.1 47.39610 14
160.2 47.24322 14
160.3 47.24937 14
160.4 47.25552 14
160.5 47.26166 14
160.6 47.26780 14
160.7 47.27393 14
160.8 47.28005 14
160.9 47.28617 14
161.0 47.29228 14
161.1 47.29839 14
161.2 47.30448 14
161.3 47.31058 14
161.4 47.31666 14
161.5 47.32274 14
161.6 47.32882 14
161.7 47.33488 14
161.8 47.34095 14
161.9 47.34700 14
162.0 47.35305 14
162.1 47.35909 14
162.2 47.36513 14
162.3 47.37116 14
162.4 47.37719 14
162.5 47.38321 14
162.6 47.38922 14
162.7 47.39523 14
162.8 47.40123 14
162.9 47.40722 14
163.0 47.41321 14
163.1 47.41920 14
163.2 47.42517 14
163.3 47.43114 14
163.4 47.43711 14
163.5 47.44307 14
163.6 47.44902 14
163.7 47.45497 14
163.8 47.46091 14
163.9 47.46684 14
164.0 47.47277 14
164.1 47.47870 14
164.2 47.48461 14
164.3 47.49052 14
164.4 47.49643 14
164.5 47.50233 14
164.6 47.50822 14
164.7 47.51411 14
164.8 47.51999 14
164.9 47.52587 14
165.0 47.53174 14
165.1 47.53760 14
165.2 47.54346 14
165.3 47.54932 14
165.4 47.55516 14
165.5 47.56100 14
165.6 47.56684 14
165.7 47.57267 14
165.8 47.57849 14
165.9 47.58431 14
166.0 47.59012 14
166.1 47.59593 14
166.2 47.60173 14
166.3 47.60753 14
166.4 47.61332 14
166.5 47.61910 14
166.6 47.62488 14
166.7 47.63065 14
166.8 47.63642 14
166.9 47.64218 14
167.0 47.64793 14
167.1 47.65368 14
167.2 47.65943 14
167.3 47.66517 14
167.4 47.67090 14
167.5 47.67663 14
167.6 47.68235 14
167.7 47.68806 14
167.8 47.69377 14
167.9 47.69948 14
168.0 47.70518 14
168.1 47.71087 14
168.2 47.71656 14
168.3 47.72224 14
168.4 47.72792 14
168.5 47.73359 14
168.6 47.73925 14
168.7 47.74491 14
168.8 47.75057 14
168.9 47.75622 14
169.0 47.76186 14
169.1 47.76750 14
169.2 47.77313 14
169.3 47.77876 14
169.4 47.78438 14
169.5 47.78999 14
169.6 47.79561 14
169.7 47.80121 14
169.8 47.80681 14
169.9 47.81240 14
170.0 47.81799 14
170.1 47.82358 14
170.2 47.82915 14
170.3 47.83473 14
170.4 47.84029 14
170.5 47.84586 14
170.6 47.85141 14
170.7 47.85696 14
170.8 47.86251 14
170.9 47.86805 14
171.0 47.87358 14
171.1 47.87911 14
171.2 47.88464 14
171.3 47.89016 14
171.4 47.89567 14
171.5 47.90118 14
171.6 47.90668 14
171.7 47.91218 14
171.8 47.91767 14
171.9 47.92316 14
172.0 47.92864 14
172.1 47.93412 14
172.2 47.93959 14
172.3 47.94505 14
172.4 47.95051 14
172.5 47.95597 14
172.6 47.96142 14
172.7 47.96686 14
172.8 47.97230 14
172.9 47.97774 14
173.0 47.98317 14
173.1 47.98859 14
173.2 47.99401 14
173.3 47.99943 14
173.4 48.00483 14
173.5 48.01024 14
173.6 48.01564 14
173.7 48.02103 14
173.8 48.02642 14
173.9 48.03180 14
174.0 48.03718 14
174.1 48.04255 14
174.2 48.04792 14
174.3 48.05328 14
174.4 48.05864 14
174.5 48.06399 14
174.6 48.06934 14
174.7 48.07468 14
174.8 48.08001 14
174.9 48.08535 14
175.0 47.92545 14
175.1 47.93073 14
175.2 47.93600 14
175.3 47.94126 14
175.4 47.94652 14
175.5 47.95178 14
175.6 47.95703 14
175.7 47.96227 14
175.8 47.96751 14
175.9 47.97274 14
176.0 47.97797 14
176.1 47.98320 14
176.2 47.98842 14
176.3 47.99363 14
176.4 47.99884 14
176.5 48.00405 14
176.6 48.00925 14
176.7 48.01444 14
176.8 48.01963 14
176.9 48.02482 14
177.0 48.03000 14
177.1 48.03518 14
177.2 48.04035 14
177.3 48.04551 14
177.4 48.05067 14
177.5 48.05583 14
177.6 48.06098 14
177.7 48.06613 14
177.8 48.07127 14
177.9 48.07641 14
178.0 48.08154 14
178.1 48.08666 14
178.2 48.09179 14
178.3 48.09690 14
178.4 48.10202 14
178.5 48.10713 14
178.6 48.11223 14
178.7 48.11733 14
178.8 48.12242 14
178.9 48.12751 14
179.0 48.13259 14
179.1 48.13767 14
179.2 48.14275 14
179.3 48.14782 14
179.4 48.15288 14
179.5 48.15794 14
179.6 48.16300 14
179.7 48.16805 14
179.8 48.17310 14
179.9 48.17814 14
180.0 48.18318 14
180.1 48.18821 14
180.2 48.19324 14
180.3 48.19826 14
180.4 48.20328 14
180.5 48.20829 14
180.6 48.21330 14
180.7 48.21830 14
180.8 48.22330 14
180.9 48.22830 14
181.0 48.23329 14
181.1 48.23827 14
181.2 48.24326 14
181.3 48.24823 14
181.4 48.25320 14
181.5 48.25817 14
181.6 48.26313 14
181.7 48.26809 14
181.8 48.27305 14
181.9 48.27800 14
182.0 48.28294 14
182.1 48.28788 14
182.2 48.29282 14
182.3 48.29775 14
182.4 48.33365 14
182.5 48.33866 14
182.6 48.34366 14
182.7 48.34866 14
182.8 48.35366 14
182.9 48.35865 14
183.0 48.36363 14
183.1 48.36861 14
183.2 48.37359 14
183.3 48.37856 14
183.4 48.38353 14
183.5 48.38849 14
183.6 48.39345 14
183.7 48.42806 14
183.8 48.43310 14
183.9 48.24046 14
184.0 48.24535 14
184.1 48.25024 14
184.2 48.25513 14
184.3 48.26001 14
184.4 48.26489 14
184.5 48.26976 14
184.6 48.27463 14
184.7 48.27950 14
184.8 48.28436 14
184.9 48.28921 14
185.0 48.29406 14
185.1 48.29891 14
185.2 48.33475 14
185.3 48.33967 14
185.4 48.34481 14
185.5 48.34973 14
185.6 48.35464 14
185.7 48.35954 14
185.8 48.36444 14
185.9 48.36934 14
186.0 48.37423 14
186.1 48.37912 14
186.2 48.38400 14
186.3 48.38888 14
186.4 48.39375 14
186.5 48.42829 14
186.6 48.43324 14
186.7 48.24051 14
186.8 48.24532 14
186.9 48.25035 14
187.0 48.25516 14
187.1 48.25996 14
187.2 48.26475 14
187.3 48.26954 14
187.4 48.27433 14
187.5 48.27911 14
187.6 48.28389 14
187.7 48.28866 14
187.8 48.29343 14
187.9 48.29820 14
188.0 48.33395 14
188.1 48.33879 14
188.2 48.34384 14
188.3 48.34867 14
188.4 48.35373 14
188.5 48.35855 14
188.6 48.36337 14
188.7 48.36818 14
188.8 48.37299 14
188.9 48.37780 14
189.0 48.38260 14
189.1 48.38739 14
189.2 48.39219 14
189.3 48.42662 14
189.4 48.43149 14
189.5 48.23872 14
189.6 48.24345 14
189.7 48.24840 14
189.8 48.25313 14
189.9 48.25807 14
190.0 48.26279 14
190.1 48.26750 14
190.2 48.27221 14
190.3 48.27691 14
190.4 48.28161 14
190.5 48.28630 14
190.6 48.29099 14
190.7 48.29568 14
190.8 48.33131 14
190.9 48.33607 14
191.0 48.34104 14
191.1 48.34580 14
191.2 48.35054 14
191.3 48.35551 14
191.4 48.36025 14
191.5 48.36522 14
191.6 48.36995 14
191.7 48.37468 14
191.8 48.37940 14
191.9 48.38412 14
192.0 48.38883 14
192.1 48.39354 14
192.2 48.42792 14
192.3 48.43270 14
192.4 48.23980 14
192.5 48.24445 14
192.6 48.24932 14
192.7 48.25396 14
192.8 48.25883 14
192.9 48.26346 14
193.0 48.26833 14
193.1 48.27295 14
193.2 48.27758 14
193.3 48.28219 14
193.4 48.28681 14
193.5 48.29142 14
193.6 48.29602 14
193.7 48.33158 14
193.8 48.33626 14
193.9 48.34115 14
194.0 48.34582 14
194.1 48.35049 14
194.2 48.35538 14
194.3 48.36004 14
194.4 48.36492 14
194.5 48.36957 14
194.6 48.37446 14
194.7 48.37910 14
194.8 48.38374 14
194.9 48.38837 14
195.0 48.39300 14
195.1 48.42731 14
195.2 48.43201 14
195.3 48.23904 14
195.4 48.24362 14
195.5 48.24841 14
195.6 48.25297 14
195.7 48.25776 14
195.8 48.26231 14
195.9 48.26687 14
196.0 48.27165 14
196.1 48.27619 14
196.2 48.28097 14
196.3 48.28551 14
196.4 48.29004 14
196.5 48.29457 14
196.6 48.29910 14
196.7 48.33462 14
196.8 48.33922 14
196.9 48.34403 14
197.0 48.34862 14
197.1 48.35343 14
197.2 48.35801 14
197.3 48.36282 14
197.4 48.36739 14
197.5 48.37196 14
197.6 48.37677 14
197.7 48.38133 14
197.8 48.38613 14
197.9 48.39068 14
198.0 48.42485 14
198.1 48.42947 14
198.2 48.23651 14
198.3 48.24101 14
198.4 48.24550 14
198.5 48.25021 14
198.6 48.25470 14
198.7 48.25940 14
198.8 48.26388 14
198.9 48.26859 14
199.0 48.27306 14
199.1 48.27752 14
199.2 48.28222 14
199.3 48.28668 14
199.4 48.29138 14
199.5 48.29583 14
199.6 48.33123 14
199.7 48.33575 14
199.8 48.34026 14
199.9 48.34500 14
200.0 48.34950 14
200.1 48.35424 14
200.2 48.35874 14
200.3 48.36347 14
200.4 48.36796 14
200.5 48.37245 14
200.6 48.37717 14
200.7 48.38166 14
200.8 48.38638 14
200.9 48.39085 14
201.0 48.42521 14
201.1 48.42975 14
201.2 48.23670 14
201.3 48.24112 14
201.4 48.24554 14
201.5 48.25017 14
201.6 48.25458 14
201.7 48.25921 14
201.8 48.26361 14
201.9 48.26824 14
202.0 48.27263 14
202.1 48.27702 14
202.2 48.28164 14
202.3 48.28602 14
202.4 48.29065 14
202.5 48.29502 14
202.6 48.33033 14
202.7 48.33503 14
202.8 48.33947 14
202.9 48.34412 14
203.0 48.34856 14
203.1 48.35321 14
203.2 48.35763 14
203.3 48.36229 14
203.4 48.36670 14
203.5 48.37112 14
203.6 48.37577 14
203.7 48.38017 14
203.8 48.38482 14
203.9 48.38922 14
204.0 48.39361 14
204.1 48.42793 14
204.2 48.43240 14
204.3 48.23946 14
204.4 48.24380 14
204.5 48.24836 14
204.6 48.25269 14
204.7 48.25702 14
204.8 48.26157 14
204.9 48.26589 14
205.0 48.27044 14
205.1 48.27476 14
205.2 48.27931 14
205.3 48.28362 14
205.4 48.28792 14
205.5 48.29247 14
205.6 48.29676 14
205.7 48.33228 14
205.8 48.33665 14
205.9 48.34123 14
206.0 48.34585 14
206.1 48.35020 14
206.2 48.35478 14
206.3 48.35913 14
206.4 48.36370 14
206.5 48.36804 14
206.6 48.37238 14
206.7 48.37695 14
206.8 48.38128 14
206.9 48.38585 14
207.0 48.39017 14
207.1 48.42436 14
207.2 48.42875 14
207.3 48.43313 14
207.4 48.24010 14
207.5 48.24436 14
207.6 48.24911 14
207.7 48.25337 14
207.8 48.25785 14
207.9 48.26210 14
208.0 48.26634 14
208.1 48.27082 14
208.2 48.27506 14
208.3 48.27954 14
208.4 48.28377 14
208.5 48.28800 14
208.6 48.29247 14
208.7 48.29669 14
208.8 48.33214 14
208.9 48.33642 14
209.0 48.34093 14
209.1 48.34548 14
209.2 48.34975 14
209.3 48.35453 14
209.4 48.35880 14
209.5 48.36330 14
209.6 48.36756 14
209.7 48.37182 14
209.8 48.37632 14
209.9 48.38057 14
210.0 48.38507 14
210.1 48.38932 14
210.2 48.39356 14
210.3 48.42773 14
210.4 48.43204 14
210.5 48.23896 14
210.6 48.24315 14
210.7 48.24782 14
210.8 48.25201 14
210.9 48.25619 14
211.0 48.26086 14
211.1 48.26504 14
211.2 48.26944 14
211.3 48.27361 14
211.4 48.27777 14
211.5 48.28217 14
211.6 48.28633 14
211.7 48.29073 14
211.8 48.29488 14
211.9 48.32996 14
212.0 48.33444 14
212.1 48.33865 14
212.2 48.34334 14
212.3 48.34755 14
212.4 48.35198 14
212.5 48.35645 14
212.6 48.36064 14
212.7 48.36535 14
212.8 48.36953 14
212.9 48.37396 14
213.0 48.37814 14
213.1 48.38232 14
213.2 48.38674 14
213.3 48.39091 14
213.4 48.42497 14
213.5 48.42920 14
213.6 48.43344 14
213.7 48.24024 14
213.8 48.24436 14
213.9 48.24896 14
214.0 48.25307 14
214.1 48.25740 14
214.2 48.26178 14
214.3 48.26588 14
214.4 48.27049 14
214.5 48.27458 14
214.6 48.27891 14
214.7 48.28300 14
214.8 48.28708 14
214.9 48.29141 14
215.0 48.29549 14
215.1 48.33077 14
215.2 48.33491 14
215.3 48.33905 14
215.4 48.34367 14
215.5 48.34780 14
215.6 48.35242 14
215.7 48.35655 14
215.8 48.36067 14
215.9 48.36530 14
216.0 48.36942 14
216.1 48.37405 14
216.2 48.37816 14
216.3 48.38227 14
216.4 48.38661 14
216.5 48.39071 14
216.6 48.42469 14
216.7 48.42886 14
216.8 48.43302 14
216.9 48.23976 14
217.0 48.24380 14
217.1 48.24833 14
217.2 48.25237 14
217.3 48.25641 14
217.4 48.26094 14
217.5 48.26497 14
217.6 48.26950 14
217.7 48.27353 14
217.8 48.27755 14
217.9 48.28209 14
218.0 48.28610 14
218.1 48.29036 14
218.2 48.29436 14
218.3 48.29837 14
218.4 48.33362 14
218.5 48.33769 14
218.6 48.34224 14
218.7 48.34630 14
218.8 48.35036 14
218.9 48.35491 14
219.0 48.35896 14
219.1 48.36352 14
219.2 48.36757 14
219.3 48.37161 14
219.4 48.37617 14
219.5 48.38020 14
219.6 48.38477 14
219.7 48.38880 14
219.8 48.39283 14
219.9 48.42677 14
220.0 48.43086 14
220.1 48.23759 14
220.2 48.24156 14
220.3 48.24554 14
220.4 48.24999 14
220.5 48.25396 14
220.6 48.25842 14
220.7 48.26238 14
220.8 48.26634 14
220.9 48.27081 14
221.0 48.27476 14
221.1 48.27923 14
221.2 48.28317 14
221.3 48.28712 14
221.4 48.29159 14
221.5 48.29553 14
221.6 48.33067 14
221.7 48.33467 14
221.8 48.33866 14
221.9 48.34314 14
222.0 48.34713 14
222.1 48.35134 14
222.2 48.35559 14
222.3 48.35957 14
222.4 48.36406 14
222.5 48.36803 14
222.6 48.37200 14
222.7 48.37650 14
222.8 48.38046 14
222.9 48.38496 14
223.0 48.38892 14
223.1 48.39287 14
223.2 48.42705 14
223.3 48.43106 14
223.4 48.23771 14
223.5 48.24162 14
223.6 48.24552 14
223.7 48.24991 14
223.8 48.25381 14
223.9 48.25820 14
224.0 48.26209 14
224.1 48.26598 14
224.2 48.27038 14
224.3 48.27426 14
224.4 48.27838 14
224.5 48.28254 14
224.6 48.28641 14
224.7 48.29082 14
224.8 48.29469 14
224.9 48.29855 14
225.0 48.33397 14
225.1 48.33790 14
225.2 48.34231 14
225.3 48.34623 14
225.4 48.35014 14
225.5 48.35456 14
225.6 48.35847 14
225.7 48.36288 14
225.8 48.36679 14
225.9 48.37069 14
226.0 48.37511 14
226.1 48.37901 14
226.2 48.38315 14
226.3 48.38733 14
226.4 48.39121 14
226.5 48.42529 14
226.6 48.42924 14
226.7 48.43319 14
226.8 48.24001 14
226.9 48.24385 14
227.0 48.24816 14
227.1 48.25200 14
227.2 48.25582 14
227.3 48.26015 14
227.4 48.26397 14
227.5 48.26802 14
227.6 48.27211 14
227.7 48.27593 14
227.8 48.28026 14
227.9 48.28407 14
228.0 48.28787 14
228.1 48.29221 14
228.2 48.29601 14
228.3 48.33132 14
228.4 48.33518 14
228.5 48.33903 14
228.6 48.34368 14
228.7 48.34753 14
228.8 48.35160 14
228.9 48.35572 14
229.0 48.35956 14
229.1 48.36391 14
229.2 48.36774 14
229.3 48.37157 14
229.4 48.37593 14
229.5 48.37975 14
229.6 48.38411 14
229.7 48.38793 14
229.8 48.39175 14
229.9 48.42577 14
230.0 48.42965 14
230.1 48.23624 14
230.2 48.24027 14
230.3 48.24404 14
230.4 48.24860 14
230.5 48.25236 14
230.6 48.25612 14
230.7 48.26038 14
230.8 48.26413 14
230.9 48.26812 14
231.0 48.27214 14
231.1 48.27589 14
231.2 48.28015 14
231.3 48.28389 14
231.4 48.28763 14
231.5 48.29190 14
231.6 48.29563 14
231.7 48.33087 14
231.8 48.33466 14
231.9 48.33845 14
232.0 48.34303 14
232.1 48.34681 14
232.2 48.35113 14
232.3 48.35518 14
232.4 48.35896 14
232.5 48.36324 14
232.6 48.36701 14
232.7 48.37077 14
232.8 48.37506 14
232.9 48.37882 14
233.0 48.38257 14
233.1 48.38686 14
233.2 48.39061 14
233.3 48.42455 14
233.4 48.42836 14
233.5 48.43217 14
233.6 48.23888 14
233.7 48.24258 14
233.8 48.24681 14
233.9 48.25077 14
234.0 48.25447 14
234.1 48.25897 14
234.2 48.26266 14
234.3 48.26635 14
234.4 48.27054 14
234.5 48.27422 14
234.6 48.27814 14
234.7 48.28210 14
234.8 48.28577 14
234.9 48.28998 14
235.0 48.29365 14
235.1 48.29731 14
235.2 48.33251 14
235.3 48.33624 14
235.4 48.34049 14
235.5 48.34447 14
235.6 48.34818 14
235.7 48.35271 14
235.8 48.35641 14
235.9 48.36044 14
236.0 48.36466 14
236.1 48.36836 14
236.2 48.37229 14
236.3 48.37627 14
236.4 48.37996 14
236.5 48.38419 14
236.6 48.38788 14
236.7 48.39156 14
236.8 48.42545 14
236.9 48.42919 14
237.0 48.43293 14
237.1 48.23956 14
237.2 48.24319 14
237.3 48.24762 14
237.4 48.25125 14
237.5 48.25488 14
237.6 48.25932 14
237.7 48.26294 14
237.8 48.26688 14
237.9 48.27101 14
238.0 48.27463 14
238.1 48.27848 14
238.2 48.28237 14
238.3 48.28598 14
238.4 48.29012 14
238.5 48.29372 14
238.6 48.29732 14
238.7 48.33246 14
238.8 48.33612 14
238.9 48.34030 14
239.0 48.34422 14
239.1 48.34787 14
239.2 48.35233 14
239.3 48.35597 14
239.4 48.35993 14
239.5 48.36408 14
239.6 48.36772 14
239.7 48.37168 14
239.8 48.37583 14
239.9 48.37946 14
240.0 48.38333 14
240.1 48.38724 14
240.2 48.39086 14
240.3 48.42467 14
240.4 48.42835 14
240.5 48.43202 14
240.6 48.23860 14
240.7 48.24218 14
240.8 48.24628 14
240.9 48.25011 14
241.0 48.25368 14
241.1 48.25805 14
241.2 48.26161 14
241.3 48.26549 14
241.4 48.26955 14
241.5 48.27311 14
241.6 48.27698 14
241.7 48.28105 14
241.8 48.28460 14
241.9 48.28814 14
242.0 48.29222 14
242.1 48.29575 14
242.2 48.33080 14
242.3 48.33440 14
242.4 48.33799 14
242.5 48.34237 14
242.6 48.34596 14
242.7 48.34985 14
242.8 48.35393 14
242.9 48.35751 14
243.0 48.36164 14
243.1 48.36549 14
243.2 48.36938 14
243.3 48.37348 14
243.4 48.37704 14
243.5 48.38094 14
243.6 48.38503 14
243.7 48.38859 14
243.8 48.39214 14
243.9 48.42591 14
244.0 48.42952 14
244.1 48.43313 14
244.2 48.23962 14
244.3 48.24313 14
244.4 48.24743 14
244.5 48.25093 14
244.6 48.25444 14
244.7 48.25875 14
244.8 48.26224 14
244.9 48.26606 14
245.0 48.27006 14
245.1 48.27355 14
245.2 48.27736 14
245.3 48.28137 14
245.4 48.28518 14
245.5 48.28920 14
245.6 48.29267 14
245.7 48.29615 14
245.8 48.33114 14
245.9 48.33467 14
246.0 48.33820 14
246.1 48.34252 14
246.2 48.34604 14
246.3 48.34987 14
246.4 48.35389 14
246.5 48.35740 14
246.6 48.36147 14
246.7 48.36526 14
246.8 48.36909 14
246.9 48.37312 14
247.0 48.37662 14
247.1 48.38045 14
247.2 48.38449 14
247.3 48.38832 14
247.4 48.39181 14
247.5 48.42551 14
247.6 48.42906 14
247.7 48.43261 14
247.8 48.23904 14
247.9 48.24249 14
248.0 48.24646 14
248.1 48.25017 14
248.2 48.25361 14
248.3 48.25786 14
248.4 48.26130 14
248.5 48.26505 14
248.6 48.26899 14
248.7 48.27242 14
248.8 48.27617 14
248.9 48.28012 14
249.0 48.28387 14
249.1 48.28729 14
249.2 48.29158 14
249.3 48.29499 14
249.4 48.32935 14
249.5 48.33337 14
249.6 48.33684 14
249.7 48.34110 14
249.8 48.34456 14
249.9 48.34802 14
250.0 48.35228 14
