15.0 1.44006 13
15.1 1.44761 13
15.2 1.45506 13
15.3 1.46263 13
15.4 1.47008 13
15.5 1.47755 13
15.6 1.48514 13
15.7 1.49261 13
15.8 1.50009 13
15.9 1.50757 13
16.0 1.51520 13
16.1 1.52287 13
16.2 1.53037 13
16.3 1.53787 13
16.4 1.54538 13
16.5 1.55288 13
16.6 1.56040 13
16.7 1.56791 13
16.8 1.57543 13
16.9 1.58295 13
17.0 1.59048 13
17.1 1.59801 13
17.2 1.60577 13
17.3 1.61331 13
17.4 1.62086 13
17.5 1.62822 13
17.6 1.63578 13
17.7 1.64334 13
17.8 1.65090 13
17.9 1.65826 13
18.0 1.66583 13
18.1 1.67365 13
18.2 1.68124 13
18.3 1.68859 13
18.4 1.69618 13
18.5 1.70378 13
18.6 1.71114 13
18.7 1.72198 13
18.8 1.73329 13
18.9 1.74466 13
19.0 1.75612 13
19.1 1.76726 13
19.2 1.77931 13
19.3 1.79061 13
19.4 1.80286 13
19.5 1.81432 13
19.6 1.82585 13
19.7 1.83745 13
19.8 1.84913 13
19.9 1.86087 13
20.0 1.87269 13
20.1 1.88458 13
20.2 1.89654 13
20.3 1.90857 13
20.4 1.92068 13
20.5 1.93286 13
20.6 1.94512 13
20.7 1.95744 13
20.8 1.96985 13
20.9 1.98232 13
21.0 1.99488 13
21.1 14.27865 14
21.2 14.27894 14
21.3 14.27700 14
21.4 14.27502 14
21.5 14.27429 14
21.6 14.27197 14
21.7 14.26786 14
21.8 14.26138 14
21.9 14.25228 14
22.0 14.24695 14
22.1 14.23985 14
22.2 14.23028 14
22.3 14.21794 14
22.4 14.20272 14
22.5 14.19173 14
22.6 14.17903 14
22.7 14.16366 14
22.8 14.14517 14
22.9 14.12495 14
23.0 14.10914 14
23.1 14.09062 14
23.2 14.06897 14
23.3 14.04401 14
23.4 14.02179 14
23.5 14.00024 14
23.6 13.97551 14
23.7 13.94737 14
23.8 13.91808 14
23.9 13.89364 14
24.0 13.86594 14
24.1 5.71596 14
24.2 5.77382 14
24.3 5.83135 14
24.4 5.88851 14
24.5 5.94519 14
24.6 6.00131 14
24.7 6.05712 14
24.8 6.11259 14
24.9 6.16746 14
25.0 6.22161 14
25.1 6.27523 14
25.2 6.32882 14
25.3 6.38169 14
25.4 6.43370 14
25.5 6.48473 14
25.6 6.53619 14
25.7 6.58692 14
25.8 6.63671 14
25.9 6.68538 14
26.0 6.73373 14
26.1 6.78228 14
26.2 6.82982 14
26.3 6.87617 14
26.4 6.92114 14
26.5 6.96689 14
26.6 7.01222 14
26.7 7.05636 14
26.8 7.09912 14
26.9 7.14027 14
27.0 7.18082 14
27.1 7.21557 14
27.2 7.23866 14
27.3 7.21909 14
27.4 7.22376 14
27.5 7.18854 14
27.6 7.16481 14
27.7 7.15997 14
27.8 7.12745 14
27.9 7.08145 14
28.0 7.05075 14
28.1 7.04976 14
28.2 7.09669 14
28.3 7.13729 14
28.4 7.18860 14
28.5 7.23435 14
28.6 7.28339 14
28.7 7.32727 14
28.8 7.37584 14
28.9 7.42879 14
29.0 7.48540 14
29.1 7.53705 14
29.2 7.59188 14
29.3 7.64503 14
29.4 7.69876 14
29.5 7.75750 14
29.6 7.81467 14
29.7 7.86786 14
29.8 7.92849 14
29.9 7.99299 14
30.0 8.04661 14
30.1 8.11199 14
30.2 8.17543 14
30.3 8.21191 14
30.4 8.25663 14
30.5 8.30818 14
30.6 8.36156 14
30.7 8.42166 14
30.8 8.48436 14
30.9 8.54873 14
31.0 8.60127 14
31.1 8.12229 14
31.2 8.15009 14
31.3 8.17809 14
31.4 8.20769 14
31.5 8.23765 14
31.6 8.26782 14
31.7 8.29755 14
31.8 8.32749 14
31.9 8.35766 14
32.0 8.38809 14
32.1 8.41879 14
32.2 8.44979 14
32.3 8.48109 14
32.4 8.51275 14
32.5 8.54477 14
32.6 8.57722 14
32.7 8.61013 14
32.8 8.64355 14
32.9 8.67755 14
33.0 8.71222 14
33.1 8.74766 14
33.2 8.78395 14
33.3 8.82127 14
33.4 8.85976 14
33.5 8.89894 14
33.6 8.93825 14
33.7 8.97753 14
33.8 9.01674 14
33.9 8.96310 14
34.0 8.98515 14
34.1 9.00768 14
34.2 9.03077 14
34.3 9.05451 14
34.4 9.07893 14
34.5 9.10404 14
34.6 9.30836 14
34.7 9.30836 14
34.8 9.31317 14
34.9 9.32254 14
35.0 9.33612 14
35.1 9.35446 14
35.2 9.37668 14
35.3 9.40212 14
35.4 9.43056 14
35.5 9.46191 14
35.6 9.49634 14
35.7 9.53425 14
35.8 9.57646 14
35.9 9.62427 14
36.0 9.67595 14
36.1 9.71855 14
36.2 9.75856 14
36.3 9.79459 14
36.4 9.83032 14
36.5 9.86321 14
36.6 9.89386 14
36.7 9.92288 14
36.8 9.95077 14
36.9 9.97789 14
37.0 10.00449 14
37.1 10.03073 14
37.2 10.05672 14
37.3 10.08253 14
37.4 10.10818 14
37.5 10.13372 14
37.6 10.15914 14
37.7 10.18446 14
37.8 10.20968 14
37.9 10.23481 14
38.0 10.25985 14
38.1 10.28480 14
38.2 10.30966 14
38.3 10.34210 14
38.4 10.37528 14
38.5 10.40861 14
38.6 10.44210 14
38.7 10.47576 14
38.8 10.50961 14
38.9 10.54367 14
39.0 10.57795 14
39.1 10.61248 14
39.2 10.64729 14
39.3 10.68442 14
39.4 10.72232 14
39.5 10.76051 14
39.6 10.79903 14
39.7 10.83790 14
39.8 10.87715 14
39.9 10.91682 14
40.0 10.95698 14
40.1 10.99767 14
40.2 11.03897 14
40.3 11.08097 14
40.4 11.12375 14
40.5 11.16744 14
40.6 11.21218 14
40.7 11.25813 14
40.8 11.30551 14
40.9 11.35457 14
41.0 11.40562 14
41.1 11.45906 14
41.2 11.51165 14
41.3 11.44753 14
41.4 11.47298 14
41.5 11.49923 14
41.6 11.52635 14
41.7 11.55436 14
41.8 11.58332 14
41.9 11.61323 14
42.0 11.89593 14
42.1 11.89318 14
42.2 11.64701 14
42.3 11.41389 14
42.4 11.33805 14
42.5 11.29273 14
42.6 11.31181 14
42.7 11.21760 14
42.8 11.24042 14
42.9 10.93331 14
43.0 10.85503 14
43.1 10.77502 14
43.2 10.70790 14
43.3 10.72683 14
43.4 10.73483 14
43.5 10.61778 14
43.6 10.48384 14
43.7 10.39477 14
43.8 10.34738 14
43.9 10.25207 14
44.0 10.21325 14
44.1 10.23046 14
44.2 10.24245 14
44.3 10.12284 14
44.4 10.02472 14
44.5 9.93991 14
44.6 9.88209 14
44.7 9.87576 14
44.8 9.81594 14
44.9 9.79396 14
45.0 9.80825 14
45.1 9.81743 14
45.2 9.69939 14
45.3 9.77408 14
45.4 9.54906 14
45.5 9.53864 14
45.6 9.46906 14
45.7 9.45759 14
45.8 9.42315 14
45.9 9.43767 14
46.0 9.40767 14
46.1 9.35213 14
46.2 9.42047 14
46.3 9.38175 14
46.4 9.41562 14
46.5 9.45912 14
46.6 9.62962 14
46.7 9.66145 14
46.8 9.60939 14
46.9 9.62898 14
47.0 9.67937 14
47.1 9.73004 14
47.2 9.78102 14
47.3 9.83229 14
47.4 9.93419 14
47.5 9.96501 14
47.6 10.10724 14
47.7 10.10191 14
47.8 10.22011 14
47.9 10.27165 14
48.0 10.29117 14
48.1 10.30856 14
48.2 10.32461 14
48.3 10.35418 14
48.4 10.40721 14
48.5 10.46191 14
48.6 10.51691 14
48.7 10.57230 14
48.8 10.62789 14
48.9 10.68378 14
49.0 10.77523 14
49.1 10.95873 14
49.2 10.92290 14
49.3 11.04350 14
49.4 11.12087 14
49.5 11.14473 14
49.6 11.16151 14
49.7 11.17761 14
49.8 11.19841 14
49.9 11.24950 14
50.0 11.30855 14
50.1 11.36790 14
50.2 11.42755 14
50.3 11.48762 14
50.4 11.54788 14
50.5 11.66563 14
50.6 11.70254 14
50.7 11.86399 14
50.8 11.87249 14
50.9 12.02225 14
51.0 12.08897 14
51.1 12.11100 14
51.2 12.12871 14
51.3 12.14460 14
51.4 12.16505 14
51.5 12.21981 14
51.6 12.28356 14
51.7 12.34775 14
51.8 12.41210 14
51.9 12.47677 14
52.0 12.54174 14
52.1 12.60701 14
52.2 12.71754 14
52.3 12.96601 14
52.4 12.89726 14
52.5 13.00946 14
52.6 13.14868 14
52.7 13.18397 14
52.8 13.20159 14
52.9 13.21730 14
53.0 13.23406 14
53.1 13.26892 14
53.2 13.33320 14
53.3 13.40202 14
53.4 13.47129 14
53.5 13.54072 14
53.6 13.61047 14
53.7 13.68052 14
53.8 13.75103 14
53.9 13.87029 14
54.0 14.09710 14
54.1 14.06606 14
54.2 14.10894 14
54.3 14.17426 14
54.4 14.19032 14
54.5 14.19719 14
54.6 14.20353 14
54.7 14.20916 14
54.8 14.21874 14
54.9 14.24286 14
55.0 14.27081 14
55.1 14.29870 14
55.2 14.32661 14
55.3 14.35459 14
55.4 14.38251 14
55.5 14.41042 14
55.6 14.46533 14
55.7 14.48242 14
55.8 14.56947 14
55.9 14.56346 14
56.0 14.62776 14
56.1 14.67832 14
56.2 14.69062 14
56.3 14.69648 14
56.4 14.70211 14
56.5 14.70699 14
56.6 14.71650 14
56.7 14.74056 14
56.8 14.76863 14
56.9 14.79666 14
57.0 14.82471 14
57.1 14.85282 14
57.2 14.88088 14
57.3 14.90895 14
57.4 14.93702 14
57.5 14.98547 14
57.6 15.11058 14
57.7 15.06942 14
57.8 15.10230 14
57.9 15.18403 14
58.0 15.20790 14
58.1 15.21565 14
58.2 15.22030 14
58.3 15.22458 14
58.4 15.22937 14
58.5 15.24332 14
58.6 15.26883 14
58.7 15.29700 14
58.8 15.32524 14
58.9 15.35343 14
59.0 15.38163 14
59.1 15.40991 14
59.2 15.43813 14
59.3 15.46636 14
59.4 15.51686 14
59.5 15.65771 14
59.6 15.60783 14
59.7 15.62881 14
59.8 15.71664 14
59.9 15.75141 14
60.0 15.76120 14
60.1 15.76555 14
60.2 15.76918 14
60.3 15.77326 14
60.4 15.77761 14
60.5 15.80006 14
60.6 15.82836 14
60.7 15.85669 14
60.8 15.88503 14
60.9 15.91347 14
61.0 15.94184 14
61.1 15.97023 14
61.2 15.99869 14
61.3 16.02710 14
61.4 16.07730 14
61.5 16.22539 14
61.6 16.17232 14
61.7 16.19222 14
61.8 16.28035 14
61.9 16.32412 14
62.0 16.33449 14
62.1 16.33900 14
62.2 16.34194 14
62.3 16.34470 14
62.4 16.34799 14
62.5 16.36505 14
62.6 16.39113 14
62.7 16.41975 14
62.8 16.44833 14
62.9 16.47690 14
63.0 16.50556 14
63.1 16.53412 14
63.2 16.56277 14
63.3 16.59136 14
63.4 16.61995 14
63.5 16.66864 14
63.6 16.81509 14
63.7 16.76359 14
63.8 16.79044 14
63.9 16.88963 14
64.0 16.92849 14
64.1 16.93880 14
64.2 16.94208 14
64.3 16.94486 14
64.4 16.94683 14
64.5 16.94875 14
64.6 16.96167 14
64.7 16.98628 14
64.8 17.01504 14
64.9 17.04389 14
65.0 17.07267 14
65.1 17.10154 14
65.2 17.13035 14
65.3 17.15917 14
65.4 17.18808 14
65.5 17.21691 14
65.6 17.24578 14
65.7 17.29193 14
65.8 17.41848 14
65.9 17.38826 14
66.0 17.42552 14
66.1 17.53270 14
66.2 17.56651 14
66.3 17.57493 14
66.4 17.57794 14
66.5 17.57929 14
66.6 17.58045 14
66.7 17.58216 14
66.8 17.59108 14
66.9 17.61466 14
67.0 17.64373 14
67.1 17.67272 14
67.2 17.70179 14
67.3 17.73081 14
67.4 17.75984 14
67.5 17.78896 14
67.6 17.81802 14
67.7 17.84716 14
67.8 17.87623 14
67.9 17.92993 14
68.0 18.12041 14
68.1 18.05615 14
68.2 18.04857 14
68.3 18.09779 14
68.4 18.20886 14
68.5 18.23694 14
68.6 18.24341 14
68.7 18.24550 14
68.8 18.24598 14
68.9 18.24620 14
69.0 18.24711 14
69.1 18.25199 14
69.2 18.27512 14
69.3 18.30205 14
69.4 18.33029 14
69.5 18.35847 14
69.6 18.38664 14
69.7 18.41491 14
69.8 18.44311 14
69.9 18.44083 14
70.0 18.46901 14
70.1 18.46625 14
70.2 18.49427 14
70.3 18.52237 14
70.4 18.55040 14
70.5 18.60120 14
70.6 18.79423 14
70.7 18.72783 14
70.8 18.73389 14
70.9 18.71715 14
71.0 18.75539 14
71.1 18.86294 14
71.2 18.91344 14
71.3 18.92355 14
71.4 18.92584 14
71.5 18.92562 14
71.6 18.92580 14
71.7 18.92518 14
71.8 18.92516 14
71.9 18.93734 14
72.0 18.93310 14
72.1 18.95623 14
72.2 18.98313 14
72.3 18.97868 14
72.4 19.00661 14
72.5 19.03446 14
72.6 19.06231 14
72.7 19.09026 14
72.8 19.11815 14
72.9 19.14611 14
73.0 19.17401 14
73.1 19.20199 14
73.2 19.22990 14
73.3 19.25790 14
73.4 19.30424 14
73.5 19.49063 14
73.6 19.42059 14
73.7 19.42791 14
73.8 19.48241 14
73.9 19.46593 14
74.0 19.58318 14
74.1 19.63220 14
74.2 19.64253 14
74.3 19.64432 14
74.4 19.64342 14
74.5 19.64270 14
74.6 19.64121 14
74.7 19.64033 14
74.8 19.64227 14
74.9 19.66539 14
75.0 19.69077 14
75.1 19.71870 14
75.2 19.74670 14
75.3 19.77464 14
75.4 19.80268 14
75.5 19.83063 14
75.6 19.82275 14
75.7 19.85069 14
75.8 19.87855 14
75.9 19.90651 14
76.0 19.93438 14
76.1 19.96236 14
76.2 19.95204 14
76.3 19.97981 14
76.4 20.00768 14
76.5 20.25499 14
76.6 20.19176 14
76.7 20.15801 14
76.8 20.18327 14
76.9 20.25713 14
77.0 20.37489 14
77.1 20.39837 14
77.2 20.40356 14
77.3 20.40268 14
77.4 20.40312 14
77.5 20.40203 14
77.6 20.39979 14
77.7 20.39800 14
77.8 20.39567 14
77.9 20.39389 14
78.0 20.41178 14
78.1 20.43513 14
78.2 20.46262 14
78.3 20.49050 14
78.4 20.51829 14
78.5 20.54618 14
78.6 20.57399 14
78.7 20.60190 14
78.8 20.62972 14
78.9 20.65764 14
79.0 20.64608 14
79.1 20.67381 14
79.2 20.70163 14
79.3 20.72936 14
79.4 20.75718 14
79.5 20.78493 14
79.6 21.04760 14
79.7 20.98165 14
79.8 20.94161 14
79.9 20.96063 14
80.0 21.02201 14
80.1 21.16034 14
80.2 21.19825 14
80.3 21.20670 14
80.4 21.20708 14
80.5 21.20453 14
80.6 21.20207 14
80.7 21.19865 14
80.8 21.19994 14
80.9 21.19729 14
81.0 21.19396 14
81.1 21.19127 14
81.2 21.21246 14
81.3 21.23601 14
81.4 21.26330 14
81.5 21.29114 14
81.6 21.31899 14
81.7 21.34675 14
81.8 21.37462 14
81.9 21.40239 14
82.0 21.43025 14
82.1 21.45804 14
82.2 21.48593 14
82.3 21.51374 14
82.4 21.54164 14
82.5 21.56946 14
82.6 21.55377 14
82.7 21.58156 14
82.8 21.60927 14
82.9 21.88506 14
83.0 21.81440 14
83.1 21.77103 14
83.2 21.78618 14
83.3 21.84026 14
83.4 21.79738 14
83.5 21.86472 14
83.6 22.00870 14
83.7 22.05025 14
83.8 22.05888 14
83.9 22.05891 14
84.0 22.05565 14
84.1 22.05234 14
84.2 22.04883 14
84.3 22.04457 14
84.4 22.04686 14
84.5 22.04329 14
84.6 22.03902 14
84.7 22.04167 14
84.8 22.06511 14
84.9 22.08877 14
85.0 22.11632 14
85.1 22.14399 14
85.2 22.17167 14
85.3 22.19926 14
85.4 22.22695 14
85.5 22.25455 14
85.6 22.28225 14
85.7 22.30987 14
85.8 22.33758 14
85.9 22.36521 14
86.0 22.39293 14
86.1 22.42057 14
86.2 22.40074 14
86.3 22.42826 14
86.4 22.45585 14
86.5 22.48338 14
86.6 22.77346 14
86.7 22.69866 14
86.8 22.65093 14
86.9 22.66132 14
87.0 22.70774 14
87.1 22.80601 14
87.2 22.93435 14
87.3 22.96079 14
87.4 22.96470 14
87.5 22.96284 14
87.6 22.95841 14
87.7 22.95393 14
87.8 22.94877 14
87.9 22.94423 14
88.0 22.93899 14
88.1 22.94334 14
88.2 22.93811 14
88.3 22.93357 14
88.4 22.95457 14
88.5 22.97835 14
88.6 23.00398 14
88.7 23.03150 14
88.8 23.05911 14
88.9 23.08663 14
89.0 23.11425 14
89.1 23.14177 14
89.2 23.16940 14
89.3 23.19694 14
89.4 23.22459 14
89.5 23.25225 14
89.6 23.27980 14
89.7 23.30747 14
89.8 23.33504 14
89.9 23.36272 14
90.0 23.33804 14
90.1 23.36559 14
90.2 23.39304 14
90.3 23.42060 14
90.4 23.70715 14
90.5 23.61194 14
90.6 23.58295 14
90.7 23.60119 14
90.8 23.65243 14
90.9 23.75777 14
91.0 23.88948 14
91.1 23.92298 14
91.2 23.92777 14
91.3 23.92493 14
91.4 23.92045 14
91.5 23.91526 14
91.6 23.90914 14
91.7 23.90364 14
91.8 23.89723 14
91.9 23.89170 14
92.0 23.89715 14
92.1 23.89165 14
92.2 23.88874 14
92.3 23.91268 14
92.4 23.93663 14
92.5 23.96205 14
92.6 23.98959 14
92.7 24.01702 14
92.8 24.04457 14
92.9 24.07201 14
93.0 24.09957 14
93.1 24.12713 14
93.2 24.15459 14
93.3 24.18213 14
93.4 24.20960 14
93.5 24.23718 14
93.6 24.26466 14
93.7 24.29225 14
93.8 24.31984 14
93.9 24.34734 14
94.0 24.31753 14
94.1 24.34490 14
94.2 24.37236 14
94.3 24.39974 14
94.4 24.72154 14
94.5 24.63569 14
94.6 24.58048 14
94.7 24.58259 14
94.8 24.61724 14
94.9 24.68757 14
95.0 24.60140 14
95.1 24.65682 14
95.2 24.76332 14
95.3 24.90434 14
95.4 24.94828 14
95.5 24.95369 14
95.6 24.95154 14
95.7 24.94582 14
95.8 24.93983 14
95.9 24.93351 14
96.0 24.94097 14
96.1 24.93472 14
96.2 24.92762 14
96.3 24.92119 14
96.4 24.91402 14
96.5 24.90757 14
96.6 24.90376 14
96.7 24.92755 14
96.8 24.95153 14
96.9 24.97597 14
97.0 25.00325 14
97.1 25.03054 14
97.2 25.05774 14
97.3 25.08504 14
97.4 25.11224 14
97.5 25.13955 14
97.6 25.16687 14
97.7 25.19408 14
97.8 25.22140 14
97.9 25.24859 14
98.0 25.27592 14
98.1 25.24075 14
98.2 25.26783 14
98.3 25.29502 14
98.4 25.32211 14
98.5 25.34931 14
98.6 25.37652 14
98.7 25.40362 14
98.8 25.43084 14
98.9 25.45795 14
99.0 25.78644 14
99.1 25.68457 14
99.2 25.63758 14
99.3 25.64170 14
99.4 25.67546 14
99.5 25.74111 14
99.6 25.86322 14
99.7 25.99727 14
99.8 26.04483 14
99.9 26.04934 14
100.0 26.04651 14
100.1 26.04071 14
100.2 26.04818 14
100.3 26.04327 14
100.4 26.03601 14
100.5 26.02889 14
100.6 26.02156 14
100.7 26.01341 14
100.8 26.00597 14
100.9 25.99780 14
101.0 25.99011 14
101.1 25.98943 14
101.2 26.01337 14
101.3 26.03749 14
101.4 26.06150 14
101.5 26.08867 14
101.6 26.11584 14
101.7 26.14290 14
101.8 26.17009 14
101.9 26.19727 14
102.0 26.22435 14
102.1 26.01575 14
102.2 26.03989 14
102.3 26.06540 14
102.4 26.02734 14
102.5 26.05239 14
102.6 26.07816 14
102.7 26.10522 14
102.8 26.13216 14
102.9 26.16066 14
103.0 26.18772 14
103.1 26.21467 14
103.2 26.00843 14
103.3 26.03245 14
103.4 26.05753 14
103.5 26.08552 14
103.6 26.11260 14
103.7 26.14102 14
103.8 26.16966 14
103.9 26.19675 14
104.0 26.22528 14
104.1 26.01788 14
104.2 26.04194 14
104.3 26.06917 14
104.4 26.09784 14
104.5 26.12495 14
104.6 26.07890 14
104.7 26.10742 14
104.8 26.13572 14
104.9 26.16424 14
105.0 26.19278 14
105.1 26.21966 14
105.2 26.01415 14
105.3 26.03950 14
105.4 26.06476 14
105.5 26.09487 14
105.6 26.12344 14
105.7 26.15333 14
105.8 26.18191 14
105.9 26.21040 14
106.0 26.00597 14
106.1 26.03275 14
106.2 26.05780 14
106.3 26.08736 14
106.4 26.11755 14
106.5 26.14594 14
106.6 26.17612 14
106.7 26.20623 14
106.8 26.00094 14
106.9 26.18388 14
107.0 26.21226 14
107.1 26.00754 14
107.2 26.03422 14
107.3 26.06042 14
107.4 26.09039 14
107.5 26.12208 14
107.6 26.15036 14
107.7 26.18043 14
107.8 26.21204 14
107.9 26.00738 14
108.0 26.03411 14
108.1 26.06189 14
108.2 26.09198 14
108.3 26.12372 14
108.4 26.15522 14
108.5 26.18537 14
108.6 26.21707 14
108.7 26.01190 14
108.8 26.03869 14
108.9 26.06863 14
109.0 26.09725 14
109.1 26.13054 14
109.2 26.07281 14
109.3 26.10284 14
109.4 26.13441 14
109.5 26.16432 14
109.6 26.19437 14
109.7 26.22772 14
109.8 26.02128 14
109.9 26.04943 14
110.0 26.07745 14
110.1 26.10754 14
110.2 26.14061 14
110.3 26.08149 14
110.4 26.11300 14
110.5 26.14434 14
110.6 26.17427 14
110.7 26.20414 14
110.8 26.00189 14
110.9 26.02865 14
111.0 26.05777 14
111.1 26.08712 14
111.2 26.11714 14
111.3 26.06084 14
111.4 26.09103 14
111.5 26.12089 14
111.6 26.15213 14
111.7 26.18197 14
111.8 26.21494 14
111.9 26.01010 14
112.0 26.03682 14
112.1 26.06469 14
112.2 26.09455 14
112.3 26.12606 14
112.4 26.06975 14
112.5 26.09833 14
112.6 26.13118 14
112.7 26.16079 14
112.8 26.19055 14
112.9 26.22186 14
113.0 26.01615 14
113.1 26.04439 14
113.2 26.07308 14
113.3 26.10287 14
113.4 26.13420 14
113.5 26.07625 14
113.6 26.10631 14
113.7 26.13916 14
113.8 26.16723 14
113.9 26.19848 14
114.0 26.22985 14
114.1 26.02318 14
114.2 26.05138 14
114.3 26.07926 14
114.4 26.10895 14
114.5 26.14163 14
114.6 26.08231 14
114.7 26.11387 14
114.8 26.14504 14
114.9 26.17458 14
115.0 26.20405 14
115.1 26.00146 14
115.2 26.02806 14
115.3 26.05722 14
115.4 26.08479 14
115.5 26.11596 14
115.6 26.05946 14
115.7 26.08908 14
115.8 26.11897 14
115.9 26.15029 14
116.0 26.17973 14
116.1 26.21070 14
116.2 26.00741 14
116.3 26.03396 14
116.4 26.06132 14
116.5 26.09125 14
116.6 26.12077 14
116.7 26.06393 14
116.8 26.09365 14
116.9 26.12504 14
117.0 26.15468 14
117.1 26.18426 14
117.2 26.21674 14
117.3 26.01125 14
117.4 26.03773 14
117.5 26.06568 14
117.6 26.09529 14
117.7 26.12654 14
117.8 26.06820 14
117.9 26.09783 14
118.0 26.12880 14
118.1 26.15999 14
118.2 26.18975 14
118.3 26.22057 14
118.4 26.01456 14
118.5 26.04095 14
118.6 26.07076 14
118.7 26.09872 14
118.8 26.13003 14
118.9 26.07321 14
119.0 26.10277 14
119.1 26.13391 14
119.2 26.16317 14
119.3 26.19283 14
119.4 26.22535 14
119.5 26.01735 14
119.6 26.04506 14
119.7 26.07370 14
119.8 26.10338 14
119.9 26.13437 14
120.0 26.07610 14
120.1 26.10557 14
120.2 26.13660 14
120.3 26.16577 14
120.4 26.19533 14
120.5 26.22775 14
120.6 26.01982 14
120.7 26.04725 14
120.8 26.07607 14
120.9 26.10566 14
121.0 26.13655 14
121.1 26.07816 14
121.2 26.10780 14
121.3 26.14019 14
121.4 26.16781 14
121.5 26.19727 14
121.6 26.22979 14
121.7 26.02300 14
121.8 26.04916 14
121.9 26.07790 14
122.0 26.10738 14
122.1 26.13963 14
122.2 26.07995 14
122.3 26.10950 14
122.4 26.14179 14
122.5 26.16955 14
122.6 26.20015 14
122.7 26.23110 14
122.8 26.02407 14
122.9 26.05181 14
123.0 26.07919 14
123.1 26.10858 14
123.2 26.14072 14
123.3 26.08094 14
123.4 26.11039 14
123.5 26.14286 14
123.6 26.17053 14
123.7 26.20103 14
123.8 26.23188 14
123.9 26.02467 14
124.0 26.05233 14
124.1 26.07996 14
124.2 26.10925 14
124.3 26.14130 14
124.4 26.08142 14
124.5 26.11077 14
124.6 26.14315 14
124.7 26.17101 14
124.8 26.20141 14
124.9 26.23216 14
125.0 26.02484 14
125.1 26.05241 14
125.2 26.07995 14
125.3 26.10944 14
125.4 26.14139 14
125.5 26.08141 14
125.6 26.11066 14
125.7 26.14294 14
125.8 26.17071 14
125.9 26.20131 14
126.0 26.23196 14
126.1 26.02457 14
126.2 26.05064 14
126.3 26.07945 14
126.4 26.10885 14
126.5 26.14100 14
126.6 26.08092 14
126.7 26.11008 14
126.8 26.14227 14
126.9 26.16993 14
127.0 26.19896 14
127.1 26.23130 14
127.2 26.02390 14
127.3 26.04987 14
127.4 26.07850 14
127.5 26.10779 14
127.6 26.13840 14
127.7 26.07972 14
127.8 26.10905 14
127.9 26.14114 14
128.0 26.16846 14
128.1 26.19764 14
128.2 26.22988 14
128.3 26.02144 14
128.4 26.04852 14
128.5 26.07710 14
128.6 26.10630 14
128.7 26.13681 14
128.8 26.07805 14
128.9 26.10760 14
129.0 26.13813 14
129.1 26.16681 14
129.2 26.19589 14
129.3 26.22784 14
129.4 26.01928 14
129.5 26.04699 14
129.6 26.07529 14
129.7 26.10257 14
129.8 26.13319 14
129.9 26.07595 14
130.0 26.10540 14
130.1 26.13617 14
130.2 26.16475 14
130.3 26.19373 14
130.4 26.22404 14
130.5 26.01719 14
130.6 26.04341 14
130.7 26.07153 14
130.8 26.10025 14
130.9 26.13078 14
131.0 26.07346 14
131.1 26.10097 14
131.2 26.13165 14
131.3 26.16230 14
131.4 26.19094 14
131.5 26.22140 14
131.6 26.01477 14
131.7 26.04064 14
131.8 26.06860 14
131.9 26.09757 14
132.0 26.12811 14
132.1 26.06885 14
132.2 26.09779 14
132.3 26.12842 14
132.4 26.15760 14
132.5 26.18646 14
132.6 26.21839 14
132.7 26.01201 14
132.8 26.03780 14
132.9 26.06507 14
133.0 26.09417 14
133.1 26.12312 14
133.2 26.06564 14
133.3 26.09448 14
133.4 26.12342 14
133.5 26.15410 14
133.6 26.18285 14
133.7 26.21343 14
133.8 26.00739 14
133.9 26.03305 14
134.0 26.06114 14
134.1 26.08888 14
134.2 26.11929 14
134.3 26.06209 14
134.4 26.09084 14
134.5 26.11968 14
134.6 26.14972 14
134.7 26.17862 14
134.8 26.20755 14
134.9 26.00405 14
135.0 26.02962 14
135.1 26.05778 14
135.2 26.08428 14
135.3 26.11325 14
135.4 26.14530 14
135.5 26.08511 14
135.6 26.11383 14
135.7 26.14558 14
135.8 26.17282 14
135.9 26.20291 14
136.0 25.99886 14
136.1 26.02593 14
136.2 26.05152 14
136.3 26.07993 14
136.4 26.10880 14
136.5 26.13899 14
136.6 26.07955 14
136.7 26.10880 14
136.8 26.13936 14
136.9 26.16771 14
137.0 26.19646 14
137.1 26.22655 14
137.2 26.01923 14
137.3 26.04667 14
137.4 26.07496 14
137.5 26.10191 14
137.6 26.13222 14
137.7 26.07467 14
137.8 26.10197 14
137.9 26.13246 14
138.0 26.16292 14
138.1 26.19133 14
138.2 26.22157 14
138.3 26.01472 14
138.4 26.04042 14
138.5 26.06816 14
138.6 26.09694 14
138.7 26.12541 14
138.8 26.06779 14
138.9 26.09653 14
139.0 26.12537 14
139.1 26.15595 14
139.2 26.18462 14
139.3 26.21473 14
139.4 26.00845 14
139.5 26.03401 14
139.6 26.06213 14
139.7 26.08948 14
139.8 26.12010 14
139.9 26.06243 14
140.0 26.08952 14
140.1 26.11982 14
140.2 26.14977 14
140.3 26.17859 14
140.4 26.20705 14
140.5 26.00354 14
140.6 26.02902 14
140.7 26.05603 14
140.8 26.08304 14
140.9 26.11192 14
141.0 26.14359 14
141.1 26.08364 14
141.2 26.11226 14
141.3 26.14355 14
141.4 26.17046 14
141.5 26.19923 14
141.6 26.23053 14
141.7 26.02142 14
141.8 26.04853 14
141.9 26.07670 14
142.0 26.10366 14
142.1 26.13398 14
142.2 26.07645 14
142.3 26.10378 14
142.4 26.13390 14
142.5 26.16399 14
142.6 26.19241 14
142.7 26.22268 14
142.8 26.01574 14
142.9 26.04146 14
143.0 26.06897 14
143.1 26.09738 14
143.2 26.12587 14
143.3 26.06828 14
143.4 26.09706 14
143.5 26.12553 14
143.6 26.15616 14
143.7 26.18446 14
143.8 26.21434 14
143.9 26.00800 14
144.0 26.03360 14
144.1 26.06170 14
144.2 26.08910 14
144.3 26.11777 14
144.4 26.14879 14
144.5 26.08844 14
144.6 26.11698 14
144.7 26.14878 14
144.8 26.17570 14
144.9 26.20544 14
145.0 26.00182 14
145.1 26.02757 14
145.2 26.05287 14
145.3 26.08150 14
145.4 26.11044 14
145.5 26.14029 14
145.6 26.08050 14
145.7 26.10941 14
145.8 26.13966 14
145.9 26.16807 14
146.0 26.19647 14
146.1 26.22664 14
146.2 26.01901 14
146.3 26.04475 14
146.4 26.07254 14
146.5 26.10068 14
146.6 26.13107 14
146.7 26.07187 14
146.8 26.10038 14
146.9 26.12859 14
147.0 26.15895 14
147.1 26.18740 14
147.2 26.21769 14
147.3 26.01280 14
147.4 26.03626 14
147.5 26.06443 14
147.6 26.09342 14
147.7 26.12197 14
147.8 26.06448 14
147.9 26.09292 14
148.0 26.12144 14
148.1 26.15118 14
148.2 26.17978 14
148.3 26.20804 14
148.4 26.00423 14
148.5 26.02951 14
148.6 26.05672 14
148.7 26.08360 14
148.8 26.11228 14
148.9 26.14228 14
149.0 26.08258 14
149.1 26.11131 14
149.2 26.14206 14
149.3 26.16987 14
149.4 26.19802 14
149.5 26.22793 14
149.6 26.02030 14
149.7 26.04620 14
149.8 26.07434 14
149.9 26.10223 14
150.0 26.13235 14
150.1 26.07289 14
150.2 26.10156 14
150.3 26.13212 14
150.4 26.16050 14
150.5 26.18869 14
150.6 26.21872 14
150.7 26.01349 14
150.8 26.03729 14
150.9 26.06512 14
151.0 26.09429 14
151.1 26.12303 14
151.2 26.06527 14
151.3 26.09346 14
151.4 26.12172 14
151.5 26.15164 14
151.6 26.18043 14
151.7 26.20888 14
151.8 26.00475 14
151.9 26.02980 14
152.0 26.05678 14
152.1 26.08386 14
152.2 26.11272 14
152.3 26.14293 14
152.4 26.08297 14
152.5 26.11144 14
152.6 26.14160 14
152.7 26.16994 14
152.8 26.19828 14
152.9 26.22793 14
153.0 26.02048 14
153.1 26.04615 14
153.2 26.07404 14
153.3 26.10212 14
153.4 26.13199 14
153.5 26.07272 14
153.6 26.10161 14
153.7 26.13163 14
153.8 26.15959 14
153.9 26.18798 14
154.0 26.21821 14
154.1 26.01183 14
154.2 26.03701 14
154.3 26.06476 14
154.4 26.09213 14
154.5 26.12217 14
154.6 26.06423 14
154.7 26.09146 14
154.8 26.11945 14
154.9 26.15116 14
155.0 26.17970 14
155.1 26.20760 14
155.2 26.00383 14
155.3 26.02890 14
155.4 26.05431 14
155.5 26.08327 14
155.6 26.11189 14
155.7 26.14142 14
155.8 26.08128 14
155.9 26.11032 14
156.0 26.14070 14
156.1 26.16926 14
156.2 26.19736 14
156.3 26.22677 14
156.4 26.01922 14
156.5 26.04484 14
156.6 26.07306 14
156.7 26.10045 14
156.8 26.12940 14
156.9 26.07149 14
157.0 26.10013 14
157.1 26.12848 14
157.2 26.15809 14
157.3 26.18670 14
157.4 26.21716 14
157.5 26.01050 14
157.6 26.03564 14
157.7 26.06298 14
157.8 26.09027 14
157.9 26.11927 14
158.0 26.15063 14
158.1 26.09014 14
158.2 26.11766 14
158.3 26.14936 14
158.4 26.17618 14
158.5 26.20625 14
158.6 26.00101 14
158.7 26.02603 14
158.8 26.05270 14
158.9 26.08144 14
159.0 26.10995 14
159.1 26.13717 14
159.2 26.07970 14
159.3 26.10741 14
159.4 26.13729 14
159.5 26.16744 14
159.6 26.19460 14
159.7 26.22494 14
159.8 26.01782 14
159.9 26.04365 14
160.0 26.07085 14
160.1 26.09864 14
160.2 26.12720 14
160.3 26.06970 14
160.4 26.09858 14
160.5 26.12719 14
160.6 26.15603 14
160.7 26.18493 14
160.8 26.21330 14
160.9 26.00859 14
161.0 26.03348 14
161.1 26.06124 14
161.2 26.08855 14
161.3 26.11686 14
161.4 26.14867 14
161.5 26.08686 14
161.6 26.11573 14
161.7 26.14731 14
161.8 26.17452 14
161.9 26.20302 14
162.0 26.23292 14
162.1 26.02339 14
162.2 26.05075 14
162.3 26.07950 14
162.4 26.10679 14
162.5 26.13560 14
162.6 26.07637 14
162.7 26.10511 14
162.8 26.13552 14
162.9 26.16504 14
163.0 26.19129 14
163.1 26.22348 14
163.2 26.01632 14
163.3 26.04195 14
163.4 26.06841 14
163.5 26.09675 14
163.6 26.12558 14
163.7 26.06836 14
163.8 26.09662 14
163.9 26.12400 14
164.0 26.15401 14
164.1 26.18288 14
164.2 26.21143 14
164.3 26.00752 14
164.4 26.03180 14
164.5 26.05884 14
164.6 26.08627 14
164.7 26.11524 14
164.8 26.14505 14
164.9 26.08471 14
165.0 26.11377 14
165.1 26.14435 14
165.2 26.17280 14
165.3 26.20030 14
165.4 26.22970 14
165.5 26.02216 14
165.6 26.04836 14
165.7 26.07663 14
165.8 26.10432 14
165.9 26.13382 14
166.0 26.07467 14
166.1 26.10369 14
166.2 26.13461 14
166.3 26.16235 14
166.4 26.18993 14
166.5 26.22029 14
166.6 26.01516 14
166.7 26.04069 14
166.8 26.06626 14
166.9 26.09581 14
167.0 26.12442 14
167.1 26.06699 14
167.2 26.09346 14
167.3 26.12269 14
167.4 26.15298 14
167.5 26.18216 14
167.6 26.21050 14
167.7 26.00604 14
167.8 26.03057 14
167.9 26.05646 14
168.0 26.08549 14
168.1 26.11476 14
168.2 26.14435 14
168.3 26.08344 14
168.4 26.11264 14
168.5 26.14318 14
168.6 26.17192 14
168.7 26.19955 14
168.8 26.22926 14
168.9 26.02157 14
169.0 26.04758 14
169.1 26.07605 14
169.2 26.10260 14
169.3 26.13334 14
169.4 26.07450 14
169.5 26.10330 14
169.6 26.13121 14
169.7 26.16062 14
169.8 26.18942 14
169.9 26.22009 14
170.0 26.01389 14
170.1 26.03855 14
170.2 26.06595 14
170.3 26.09343 14
170.4 26.12420 14
170.5 26.06669 14
170.6 26.09335 14
170.7 26.12131 14
170.8 26.15298 14
170.9 26.18194 14
171.0 26.21059 14
171.1 26.00570 14
171.2 26.03075 14
171.3 26.05834 14
171.4 26.08580 14
171.5 26.11486 14
171.6 26.14382 14
171.7 26.08365 14
171.8 26.11316 14
171.9 26.14404 14
172.0 26.17257 14
172.1 26.19999 14
172.2 26.22949 14
172.3 26.02206 14
172.4 26.04836 14
172.5 26.07672 14
172.6 26.10452 14
172.7 26.13413 14
172.8 26.07508 14
172.9 26.10421 14
173.0 26.13471 14
173.1 26.16165 14
173.2 26.19078 14
173.3 26.22125 14
173.4 26.01611 14
173.5 26.04126 14
173.6 26.06702 14
173.7 26.09669 14
173.8 26.12595 14
173.9 26.06862 14
174.0 26.09624 14
174.1 26.12403 14
174.2 26.15445 14
174.3 26.18374 14
174.4 26.21273 14
174.5 26.00811 14
174.6 26.03229 14
174.7 26.05954 14
174.8 26.08768 14
174.9 26.11653 14
175.0 26.14772 14
175.1 26.08635 14
175.2 26.11564 14
175.3 26.14778 14
175.4 26.17466 14
175.5 26.20250 14
175.6 26.23192 14
175.7 26.02452 14
175.8 26.05206 14
175.9 26.08065 14
176.0 26.10671 14
176.1 26.13666 14
176.2 26.07969 14
176.3 26.10764 14
176.4 26.13772 14
176.5 26.16693 14
176.6 26.19341 14
176.7 26.22583 14
176.8 26.01906 14
176.9 26.04440 14
177.0 26.07221 14
177.1 26.09999 14
177.2 26.12905 14
177.3 26.07205 14
177.4 26.10038 14
177.5 26.12901 14
177.6 26.15840 14
177.7 26.18780 14
177.8 26.21828 14
177.9 26.01110 14
178.0 26.03684 14
178.1 26.06465 14
178.2 26.09276 14
178.3 26.12203 14
178.4 26.15314 14
178.5 26.09238 14
178.6 26.12022 14
178.7 26.15273 14
178.8 26.18233 14
178.9 26.21021 14
179.0 26.00571 14
179.1 26.03084 14
179.2 26.05677 14
179.3 26.08663 14
179.4 26.11524 14
179.5 26.14527 14
179.6 26.08476 14
179.7 26.11437 14
179.8 26.14568 14
179.9 26.17343 14
180.0 26.20149 14
180.1 26.23164 14
180.2 26.02405 14
180.3 26.05186 14
180.4 26.08017 14
180.5 26.10653 14
180.6 26.13679 14
180.7 26.08013 14
180.8 26.10783 14
180.9 26.13767 14
181.0 26.16718 14
181.1 26.19396 14
181.2 26.22670 14
181.3 26.02011 14
181.4 26.04571 14
181.5 26.07290 14
181.6 26.10098 14
181.7 26.13025 14
181.8 26.07366 14
181.9 26.10229 14
182.0 26.13059 14
182.1 26.16038 14
182.2 26.18956 14
182.3 26.22063 14
182.4 26.01373 14
182.5 26.03875 14
182.6 26.06713 14
182.7 26.09529 14
182.8 26.12617 14
182.9 26.06794 14
183.0 26.09500 14
183.1 26.12496 14
183.2 26.15600 14
183.3 26.18536 14
183.4 26.21480 14
183.5 26.00916 14
183.6 26.03389 14
183.7 26.06298 14
183.8 26.09112 14
183.9 26.12020 14
184.0 26.15117 14
184.1 26.09009 14
184.2 26.11931 14
184.3 26.15209 14
184.4 26.18002 14
184.5 26.20903 14
184.6 26.00351 14
184.7 26.03072 14
184.8 26.05689 14
184.9 26.08705 14
185.0 26.11536 14
185.1 26.14524 14
185.2 26.08542 14
185.3 26.11530 14
185.4 26.14688 14
185.5 26.17525 14
185.6 26.20267 14
185.7 26.23311 14
185.8 26.02559 14
185.9 26.05364 14
186.0 26.08300 14
186.1 26.10946 14
186.2 26.13908 14
186.3 26.08269 14
186.4 26.11251 14
186.5 26.14370 14
186.6 26.17092 14
186.7 26.19890 14
186.8 26.23009 14
186.9 26.02338 14
187.0 26.04997 14
187.1 26.07774 14
187.2 26.10588 14
187.3 26.13636 14
187.4 26.07839 14
187.5 26.10843 14
187.6 26.13792 14
187.7 26.16766 14
187.8 26.19467 14
187.9 26.22764 14
188.0 26.02115 14
188.1 26.04746 14
188.2 26.07477 14
188.3 26.10286 14
188.4 26.13262 14
188.5 26.07599 14
188.6 26.10596 14
188.7 26.13620 14
188.8 26.16342 14
188.9 26.19284 14
189.0 26.22575 14
189.1 26.01943 14
189.2 26.04471 14
189.3 26.07170 14
189.4 26.10133 14
189.5 26.13078 14
189.6 26.07437 14
189.7 26.10318 14
189.8 26.13168 14
189.9 26.16164 14
190.0 26.19159 14
190.1 26.22284 14
190.2 26.01823 14
190.3 26.04311 14
190.4 26.06933 14
190.5 26.09982 14
190.6 26.12980 14
190.7 26.07335 14
190.8 26.10157 14
190.9 26.12948 14
191.0 26.16017 14
191.1 26.19036 14
191.2 26.22214 14
191.3 26.01756 14
191.4 26.04034 14
191.5 26.06847 14
191.6 26.09891 14
191.7 26.12895 14
191.8 26.07292 14
191.9 26.10070 14
192.0 26.12906 14
192.1 26.15935 14
192.2 26.18973 14
192.3 26.22146 14
192.4 26.01743 14
192.5 26.03965 14
192.6 26.06823 14
192.7 26.09862 14
192.8 26.12860 14
192.9 26.07253 14
193.0 26.10084 14
193.1 26.12915 14
193.2 26.15940 14
193.3 26.18972 14
193.4 26.22140 14
193.5 26.01497 14
193.6 26.04055 14
193.7 26.06862 14
193.8 26.09895 14
193.9 26.12889 14
194.0 26.07277 14
194.1 26.10103 14
194.2 26.12977 14
194.3 26.16031 14
194.4 26.19035 14
194.5 26.22199 14
194.6 26.01781 14
194.7 26.04303 14
194.8 26.06964 14
194.9 26.09993 14
195.0 26.12971 14
195.1 26.07365 14
195.2 26.10226 14
195.3 26.13105 14
195.4 26.16193 14
195.5 26.19163 14
195.6 26.22322 14
195.7 26.01886 14
195.8 26.04404 14
195.9 26.07164 14
196.0 26.10157 14
196.1 26.13130 14
196.2 26.07518 14
196.3 26.10539 14
196.4 26.13306 14
196.5 26.16332 14
196.6 26.19357 14
196.7 26.22672 14
196.8 26.02050 14
196.9 26.04600 14
197.0 26.07500 14
197.1 26.10328 14
197.2 26.13541 14
197.3 26.07738 14
197.4 26.10776 14
197.5 26.13797 14
197.6 26.16843 14
197.7 26.19559 14
197.8 26.22928 14
197.9 26.02274 14
198.0 26.04992 14
198.1 26.07784 14
198.2 26.10717 14
198.3 26.13776 14
198.4 26.08200 14
198.5 26.11059 14
198.6 26.14425 14
198.7 26.17209 14
198.8 26.20104 14
198.9 26.23195 14
199.0 26.02559 14
199.1 26.05414 14
199.2 26.08414 14
199.3 26.11118 14
199.4 26.14138 14
199.5 26.08498 14
199.6 26.11596 14
199.7 26.14806 14
199.8 26.17696 14
199.9 26.20619 14
200.0 26.00275 14
200.1 26.03148 14
200.2 26.05807 14
200.3 26.08887 14
200.4 26.11822 14
200.5 26.14991 14
200.6 26.09019 14
200.7 26.12088 14
200.8 26.15469 14
200.9 26.18440 14
201.0 26.21329 14
201.1 26.00903 14
201.2 26.03506 14
201.3 26.06527 14
201.4 26.09462 14
201.5 26.12669 14
201.6 26.06936 14
201.7 26.09676 14
201.8 26.12763 14
201.9 26.15959 14
202.0 26.19015 14
202.1 26.22206 14
202.2 26.01813 14
202.3 26.04361 14
202.4 26.07148 14
202.5 26.10174 14
202.6 26.13181 14
202.7 26.07601 14
202.8 26.10655 14
202.9 26.13736 14
203.0 26.16608 14
203.1 26.19575 14
203.2 26.22923 14
203.3 26.02303 14
203.4 26.05055 14
203.5 26.07946 14
203.6 26.10866 14
203.7 26.13963 14
203.8 26.08365 14
203.9 26.11447 14
204.0 26.14667 14
204.1 26.17542 14
204.2 26.20549 14
204.3 26.00263 14
204.4 26.02986 14
204.5 26.05799 14
204.6 26.08920 14
204.7 26.11899 14
204.8 26.15162 14
204.9 26.09228 14
205.0 26.12235 14
205.1 26.15600 14
205.2 26.18673 14
205.3 26.21975 14
205.4 26.01383 14
205.5 26.03953 14
205.6 26.06876 14
205.7 26.09981 14
205.8 26.13036 14
205.9 26.07505 14
206.0 26.10606 14
206.1 26.13396 14
206.2 26.16445 14
206.3 26.19491 14
206.4 26.22888 14
206.5 26.02314 14
206.6 26.05109 14
206.7 26.07995 14
206.8 26.10903 14
206.9 26.13989 14
207.0 26.08439 14
207.1 26.11570 14
207.2 26.14871 14
207.3 26.17846 14
207.4 26.20747 14
207.5 26.00551 14
207.6 26.03372 14
207.7 26.06412 14
207.8 26.09300 14
207.9 26.12350 14
208.0 26.06931 14
208.1 26.09707 14
208.2 26.12877 14
208.3 26.16064 14
208.4 26.19156 14
208.5 26.22385 14
208.6 26.02004 14
208.7 26.04620 14
208.8 26.07597 14
208.9 26.10500 14
209.0 26.13730 14
209.1 26.08020 14
209.2 26.11113 14
209.3 26.14558 14
209.4 26.17533 14
209.5 26.20445 14
209.6 26.00224 14
209.7 26.02899 14
209.8 26.05886 14
209.9 26.09060 14
210.0 26.12190 14
210.1 26.15357 14
210.2 26.09544 14
210.3 26.12661 14
210.4 26.15946 14
210.5 26.19091 14
210.6 26.22372 14
210.7 26.01986 14
210.8 26.04597 14
210.9 26.07565 14
211.0 26.10461 14
211.1 26.13802 14
211.2 26.08240 14
211.3 26.11172 14
211.4 26.14611 14
211.5 26.17580 14
211.6 26.20671 14
211.7 26.00390 14
211.8 26.03280 14
211.9 26.06235 14
212.0 26.09289 14
212.1 26.12445 14
212.2 26.07012 14
212.3 26.10098 14
212.4 26.13023 14
212.5 26.16188 14
212.6 26.19303 14
212.7 26.22797 14
212.8 26.02268 14
212.9 26.05045 14
213.0 26.07963 14
213.1 26.10970 14
213.2 26.14154 14
213.3 26.08584 14
213.4 26.11754 14
213.5 26.15241 14
213.6 26.18190 14
213.7 26.21319 14
213.8 26.01041 14
213.9 26.03940 14
214.0 26.06894 14
214.1 26.10032 14
214.2 26.13119 14
214.3 26.07679 14
214.4 26.10814 14
214.5 26.13975 14
214.6 26.17131 14
214.7 26.20146 14
214.8 26.23346 14
214.9 26.02750 14
215.0 26.05870 14
215.1 26.09027 14
215.2 26.12087 14
215.3 26.15353 14
215.4 26.09702 14
215.5 26.12862 14
215.6 26.16132 14
215.7 26.19262 14
215.8 26.22748 14
215.9 26.02217 14
216.0 26.05038 14
216.1 26.08064 14
216.2 26.11155 14
216.3 26.14238 14
216.4 26.08719 14
216.5 26.11912 14
216.6 26.15513 14
216.7 26.18669 14
216.8 26.21834 14
216.9 26.01374 14
217.0 26.04118 14
217.1 26.07192 14
217.2 26.10393 14
217.3 26.13716 14
217.4 26.08042 14
217.5 26.11169 14
217.6 26.14708 14
217.7 26.17810 14
217.8 26.20852 14
217.9 26.00712 14
218.0 26.03568 14
218.1 26.06662 14
218.2 26.09721 14
218.3 26.13100 14
218.4 26.07650 14
218.5 26.10773 14
218.6 26.13924 14
218.7 26.17186 14
218.8 26.20342 14
218.9 26.00076 14
219.0 26.02918 14
219.1 26.06209 14
219.2 26.09243 14
219.3 26.12773 14
219.4 26.07310 14
219.5 26.10287 14
219.6 26.13301 14
219.7 26.16544 14
219.8 26.19670 14
219.9 26.23262 14
220.0 26.02664 14
220.1 26.05670 14
220.2 26.08963 14
220.3 26.12183 14
220.4 26.15556 14
220.5 26.09988 14
220.6 26.13059 14
220.7 26.16261 14
220.8 26.19472 14
220.9 26.23062 14
221.0 26.02535 14
221.1 26.05487 14
221.2 26.08813 14
221.3 26.11805 14
221.4 26.15253 14
221.5 26.09675 14
221.6 26.12880 14
221.7 26.16135 14
221.8 26.19367 14
221.9 26.22896 14
222.0 26.02438 14
222.1 26.05440 14
222.2 26.08758 14
222.3 26.11694 14
222.4 26.15142 14
222.5 26.09555 14
222.6 26.12873 14
222.7 26.16126 14
222.8 26.19356 14
222.9 26.22883 14
223.0 26.02425 14
223.1 26.05476 14
223.2 26.08796 14
223.3 26.11783 14
223.4 26.15227 14
223.5 26.09586 14
223.6 26.12996 14
223.7 26.16235 14
223.8 26.19439 14
223.9 26.23023 14
224.0 26.02495 14
224.1 26.05544 14
224.2 26.08929 14
224.3 26.11971 14
224.4 26.15388 14
224.5 26.09986 14
224.6 26.13164 14
224.7 26.16503 14
224.8 26.19617 14
224.9 26.23199 14
225.0 26.02650 14
225.1 26.05779 14
225.2 26.09157 14
225.3 26.12435 14
225.4 26.07087 14
225.5 26.10315 14
225.6 26.13490 14
225.7 26.17082 14
225.8 26.20179 14
225.9 26.23470 14
226.0 26.02983 14
226.1 26.06504 14
226.2 26.09601 14
226.3 26.13022 14
226.4 26.07671 14
226.5 26.10835 14
226.6 26.14084 14
226.7 26.17597 14
226.8 26.20825 14
226.9 26.00680 14
227.0 26.03665 14
227.1 26.06926 14
227.2 26.10266 14
227.3 26.13465 14
227.4 26.08104 14
227.5 26.11511 14
227.6 26.15198 14
227.7 26.18287 14
227.8 26.21856 14
227.9 26.01610 14
228.0 26.04507 14
228.1 26.07506 14
228.2 26.10932 14
228.3 26.14315 14
228.4 26.08827 14
228.5 26.12264 14
228.6 26.15801 14
228.7 26.19193 14
228.8 26.22823 14
228.9 26.02361 14
229.0 26.05261 14
229.1 26.08817 14
229.2 26.11965 14
229.3 26.15604 14
229.4 26.10184 14
229.5 26.13294 14
229.6 26.16724 14
229.7 26.20058 14
229.8 26.00113 14
229.9 26.03123 14
230.0 26.06559 14
230.1 26.09709 14
230.2 26.13178 14
230.3 26.07932 14
230.4 26.11112 14
230.5 26.14740 14
230.6 26.18121 14
230.7 26.21443 14
230.8 26.01517 14
230.9 26.04311 14
231.0 26.07490 14
231.1 26.10705 14
231.2 26.14347 14
231.3 26.09002 14
231.4 26.12399 14
231.5 26.15991 14
231.6 26.19320 14
231.7 26.23001 14
231.8 26.02615 14
231.9 26.05705 14
232.0 26.09095 14
232.1 26.12751 14
232.2 26.07436 14
232.3 26.10819 14
232.4 26.14059 14
232.5 26.17451 14
232.6 26.20896 14
232.7 26.00943 14
232.8 26.04086 14
232.9 26.07194 14
233.0 26.10526 14
233.1 26.14048 14
233.2 26.08839 14
233.3 26.12325 14
233.4 26.15855 14
233.5 26.19240 14
233.6 26.22919 14
233.7 26.02589 14
233.8 26.05726 14
233.9 26.09117 14
234.0 26.12770 14
234.1 26.07452 14
234.2 26.10889 14
234.3 26.14181 14
234.4 26.17683 14
234.5 26.21172 14
234.6 26.01217 14
234.7 26.04542 14
234.8 26.07536 14
234.9 26.10953 14
235.0 26.14543 14
235.1 26.09089 14
235.2 26.12886 14
235.3 26.16234 14
235.4 26.19615 14
235.5 26.23293 14
235.6 26.03012 14
235.7 26.06632 14
235.8 26.09775 14
235.9 26.13237 14
236.0 26.08039 14
236.1 26.11620 14
236.2 26.15406 14
236.3 26.18677 14
236.4 26.22257 14
236.5 26.02218 14
236.6 26.05305 14
236.7 26.08912 14
236.8 26.12050 14
236.9 26.07093 14
237.0 26.10565 14
237.1 26.14129 14
237.2 26.17628 14
237.3 26.20956 14
237.4 26.00992 14
237.5 26.04280 14
237.6 26.07764 14
237.7 26.11107 14
237.8 26.14681 14
237.9 26.09399 14
238.0 26.13163 14
238.1 26.16649 14
238.2 26.20064 14
238.3 26.00159 14
238.4 26.03529 14
238.5 26.07091 14
238.6 26.10416 14
238.7 26.13933 14
238.8 26.08604 14
238.9 26.12309 14
239.0 26.16109 14
239.1 26.19486 14
239.2 26.23161 14
239.3 26.02748 14
239.4 26.06370 14
239.5 26.09850 14
239.6 26.13309 14
239.7 26.08127 14
239.8 26.11685 14
239.9 26.15779 14
240.0 26.19158 14
240.1 26.22611 14
240.2 26.02506 14
240.3 26.05783 14
240.4 26.09512 14
240.5 26.13087 14
240.6 26.07886 14
240.7 26.11279 14
240.8 26.15407 14
240.9 26.18840 14
241.0 26.22384 14
241.1 26.02304 14
241.2 26.05530 14
241.3 26.09309 14
241.4 26.12967 14
241.5 26.07652 14
241.6 26.11100 14
241.7 26.15231 14
241.8 26.18713 14
241.9 26.22288 14
242.0 26.02242 14
242.1 26.05326 14
242.2 26.09253 14
242.3 26.12948 14
242.4 26.07574 14
242.5 26.11080 14
242.6 26.15005 14
242.7 26.18803 14
242.8 26.22346 14
242.9 26.02270 14
243.0 26.05353 14
243.1 26.09374 14
243.2 26.13030 14
243.3 26.07772 14
243.4 26.11162 14
243.5 26.15347 14
243.6 26.19084 14
243.7 26.22535 14
243.8 26.02437 14
243.9 26.05660 14
244.0 26.09698 14
244.1 26.13214 14
244.2 26.08011 14
244.3 26.11587 14
244.4 26.15567 14
244.5 26.19318 14
244.6 26.22989 14
244.7 26.02644 14
244.8 26.06006 14
244.9 26.10287 14
245.0 26.13526 14
245.1 26.08469 14
245.2 26.11925 14
245.3 26.15962 14
245.4 26.19710 14
245.5 26.23382 14
245.6 26.03138 14
245.7 26.06818 14
245.8 26.10674 14
245.9 26.14305 14
246.0 26.08968 14
246.1 26.12633 14
246.2 26.16825 14
246.3 26.20528 14
246.4 26.00714 14
246.5 26.03872 14
246.6 26.07459 14
246.7 26.11738 14
246.8 26.15272 14
246.9 26.10261 14
247.0 26.13633 14
247.1 26.18266 14
247.2 26.21607 14
247.3 26.01779 14
247.4 26.04973 14
247.5 26.08942 14
247.6 26.12998 14
247.7 26.07682 14
247.8 26.11128 14
247.9 26.15258 14
248.0 26.19305 14
248.1 26.22975 14
248.2 26.02632 14
248.3 26.05994 14
248.4 26.10477 14
248.5 26.13991 14
248.6 26.08658 14
248.7 26.12359 14
248.8 26.16263 14
248.9 26.20483 14
249.0 26.00539 14
249.1 26.03791 14
249.2 26.07414 14
249.3 26.11845 14
249.4 26.15518 14
249.5 26.10368 14
249.6 26.14020 14
249.7 26.18718 14
249.8 26.22292 14
249.9 26.02245 14
250.0 26.05327 14
