15.0 1.47619 13
15.1 1.48371 13
15.2 1.49124 13
15.3 1.49884 13
15.4 1.50637 13
15.5 1.51391 13
15.6 1.52160 13
15.7 1.52914 13
15.8 1.53661 13
15.9 1.54407 13
16.0 1.55154 13
16.1 1.55899 13
16.2 1.56645 13
16.3 1.57390 13
16.4 1.58136 13
16.5 1.58881 13
16.6 1.59626 13
16.7 1.60370 13
16.8 1.61115 13
16.9 1.61859 13
17.0 1.62603 13
17.1 1.63346 13
17.2 1.64090 13
17.3 1.64833 13
17.4 1.65576 13
17.5 1.66319 13
17.6 1.67061 13
17.7 1.67803 13
17.8 1.68545 13
17.9 1.69287 13
18.0 1.70028 13
18.1 1.70769 13
18.2 1.71510 13
18.3 1.72250 13
18.4 1.72990 13
18.5 1.73731 13
18.6 1.74852 13
18.7 1.75981 13
18.8 1.77117 13
18.9 1.78261 13
19.0 1.79412 13
19.1 1.80571 13
19.2 1.81737 13
19.3 1.82911 13
19.4 1.84093 13
19.5 1.85283 13
19.6 1.86480 13
19.7 1.87686 13
19.8 1.88899 13
19.9 1.90120 13
20.0 1.91348 13
20.1 1.92585 13
20.2 1.93830 13
20.3 1.95083 13
20.4 1.96344 13
20.5 1.97613 13
20.6 1.98891 13
20.7 17.27920 14
20.8 17.32891 14
20.9 17.37742 14
21.0 17.42645 14
21.1 17.46675 14
21.2 17.51451 14
21.3 17.56138 14
21.4 17.59826 14
21.5 17.64263 14
21.6 17.68746 14
21.7 17.72329 14
21.8 17.76698 14
21.9 17.80933 14
22.0 17.84049 14
22.1 17.87962 14
22.2 17.91072 14
22.3 17.95065 14
22.4 17.97899 14
22.5 18.01566 14
22.6 18.04031 14
22.7 18.06504 14
22.8 18.09013 14
22.9 18.06096 14
23.0 18.09119 14
23.1 18.11965 14
23.2 18.14777 14
23.3 18.17747 14
23.4 18.20548 14
23.5 18.23169 14
23.6 5.74302 14
23.7 5.83598 14
23.8 5.92948 14
23.9 6.02345 14
24.0 6.11787 14
24.1 6.21267 14
24.2 6.30795 14
24.3 6.40374 14
24.4 6.49989 14
24.5 6.59633 14
24.6 6.69302 14
24.7 6.79030 14
24.8 6.88796 14
24.9 6.98583 14
25.0 7.08385 14
25.1 7.18201 14
25.2 7.28097 14
25.3 7.38005 14
25.4 7.47918 14
25.5 7.57828 14
25.6 7.67782 14
25.7 7.77789 14
25.8 7.87791 14
25.9 7.97780 14
26.0 8.07747 14
26.1 8.17824 14
26.2 8.27895 14
26.3 8.37941 14
26.4 8.47955 14
26.5 8.58000 14
26.6 8.68117 14
26.7 8.78201 14
26.8 8.88241 14
26.9 8.98225 14
27.0 9.08350 14
27.1 9.18452 14
27.2 9.28499 14
27.3 9.38480 14
27.4 9.48484 14
27.5 9.58588 14
27.6 9.68625 14
27.7 9.78588 14
27.8 9.88459 14
27.9 9.98504 14
28.0 10.08519 14
28.1 10.18448 14
28.2 10.28275 14
28.3 10.38089 14
28.4 10.48063 14
28.5 10.57944 14
28.6 10.67714 14
28.7 10.77357 14
28.8 10.87156 14
28.9 10.96983 14
29.0 11.06693 14
29.1 11.16267 14
29.2 11.25689 14
29.3 11.35448 14
29.4 11.45087 14
29.5 11.54588 14
29.6 11.63930 14
29.7 11.73235 14
29.8 11.82803 14
29.9 11.92225 14
30.0 12.01490 14
30.1 12.10571 14
30.2 12.19701 14
30.3 12.29056 14
30.4 12.38249 14
30.5 12.47258 14
30.6 12.56068 14
30.7 12.64938 14
30.8 12.74068 14
30.9 12.83019 14
31.0 12.91773 14
31.1 13.00306 14
31.2 13.08791 14
31.3 13.17694 14
31.4 13.26402 14
31.5 13.34906 14
31.6 13.43181 14
31.7 13.51192 14
31.8 13.59773 14
31.9 13.68258 14
32.0 13.76537 14
32.1 13.84581 14
32.2 13.92347 14
32.3 14.00134 14
32.4 14.08420 14
32.5 14.16502 14
32.6 14.24341 14
32.7 14.31918 14
32.8 14.39206 14
32.9 14.46665 14
33.0 14.54567 14
33.1 14.62254 14
33.2 14.69705 14
33.3 14.76872 14
33.4 14.83729 14
33.5 14.90455 14
33.6 14.98020 14
33.7 15.05371 14
33.8 15.12485 14
33.9 15.19330 14
34.0 15.25866 14
34.1 15.32057 14
34.2 15.38484 14
34.3 15.45559 14
34.4 15.45946 14
34.5 15.52542 14
34.6 15.58839 14
34.7 15.64851 14
34.8 15.70498 14
34.9 15.65336 14
35.0 15.71933 14
35.1 15.78323 14
35.2 15.84492 14
35.3 15.90414 14
35.4 15.84963 14
35.5 15.90246 14
35.6 15.95162 14
35.7 15.99641 14
35.8 16.00523 14
35.9 15.85366 14
36.0 15.81764 14
36.1 15.77989 14
36.2 15.74029 14
36.3 15.69864 14
36.4 15.53622 14
36.5 15.49005 14
36.6 15.44090 14
36.7 15.38796 14
36.8 15.35322 14
36.9 15.19724 14
37.0 15.16129 14
37.1 15.12415 14
37.2 15.08574 14
37.3 15.04587 14
37.4 15.00428 14
37.5 14.83833 14
37.6 14.79313 14
37.7 14.74563 14
37.8 14.69500 14
37.9 14.64095 14
38.0 14.53891 14
38.1 14.61707 14
38.2 14.62458 14
38.3 14.70104 14
38.4 14.71024 14
38.5 14.78368 14
38.6 14.79681 14
38.7 14.88232 14
38.8 14.88150 14
38.9 14.96497 14
39.0 14.96710 14
39.1 15.04941 14
39.2 15.07434 14
39.3 14.91643 14
39.4 14.81399 14
39.5 14.74142 14
39.6 14.70541 14
39.7 14.71574 14
39.8 14.59508 14
39.9 14.52216 14
40.0 14.44800 14
40.1 14.45339 14
40.2 14.39625 14
40.3 14.29061 14
40.4 14.24626 14
40.5 14.20775 14
40.6 14.17621 14
40.7 14.10238 14
40.8 13.87215 14
40.9 13.75562 14
41.0 13.79631 14
41.1 13.75487 14
41.2 13.57780 14
41.3 13.32907 14
41.4 13.26582 14
41.5 13.15362 14
41.6 13.27035 14
41.7 12.88770 14
41.8 12.77781 14
41.9 12.82086 14
42.0 12.76855 14
42.1 12.63055 14
42.2 12.38149 14
42.3 12.37054 14
42.4 12.41083 14
42.5 12.20349 14
42.6 12.11773 14
42.7 12.07653 14
42.8 11.99422 14
42.9 12.01689 14
43.0 11.92801 14
43.1 11.67317 14
43.2 11.62777 14
43.3 11.64642 14
43.4 11.66998 14
43.5 11.59347 14
43.6 11.45003 14
43.7 11.44248 14
43.8 11.54551 14
43.9 11.65122 14
44.0 11.67611 14
44.1 11.67909 14
44.2 11.74563 14
44.3 11.82185 14
44.4 11.96668 14
44.5 12.07251 14
44.6 12.18417 14
44.7 12.20719 14
44.8 12.20804 14
44.9 12.27684 14
45.0 12.35684 14
45.1 12.43968 14
45.2 12.52302 14
45.3 12.65547 14
45.4 12.82502 14
45.5 12.84525 14
45.6 13.00277 14
45.7 13.07924 14
45.8 13.12521 14
45.9 13.16771 14
46.0 13.21118 14
46.1 13.28363 14
46.2 13.37188 14
46.3 13.46071 14
46.4 13.54995 14
46.5 13.63978 14
46.6 13.73002 14
46.7 13.87617 14
46.8 14.07096 14
46.9 14.08172 14
47.0 14.17150 14
47.1 14.20751 14
47.2 14.22603 14
47.3 14.24338 14
47.4 14.26057 14
47.5 14.28413 14
47.6 14.31973 14
47.7 14.35530 14
47.8 14.39092 14
47.9 14.42651 14
48.0 14.46215 14
48.1 14.52865 14
48.2 14.55132 14
48.3 14.61141 14
48.4 14.64164 14
48.5 14.70917 14
48.6 14.73713 14
48.7 14.75445 14
48.8 14.77129 14
48.9 14.78800 14
49.0 14.81337 14
49.1 14.84916 14
49.2 14.88492 14
49.3 14.92069 14
49.4 14.95648 14
49.5 14.99228 14
49.6 15.02814 14
49.7 15.08667 14
49.8 15.16799 14
49.9 15.16910 14
50.0 15.23405 14
50.1 15.28048 14
50.2 15.30060 14
50.3 15.31723 14
50.4 15.33350 14
50.5 15.35062 14
50.6 15.38093 14
50.7 15.41684 14
50.8 15.45278 14
50.9 15.48877 14
51.0 15.52473 14
51.1 15.56070 14
51.2 15.59669 14
51.3 15.65692 14
51.4 15.74518 14
51.5 15.74042 14
51.6 15.80308 14
51.7 15.85691 14
51.8 15.87893 14
51.9 15.89529 14
52.0 15.91106 14
52.1 15.92674 14
52.2 15.95119 14
52.3 15.98707 14
52.4 16.02317 14
52.5 16.05934 14
52.6 16.09548 14
52.7 16.13162 14
52.8 16.16778 14
52.9 16.23892 14
53.0 16.26162 14
53.1 16.33618 14
53.2 16.35105 14
53.3 16.42435 14
53.4 16.47040 14
53.5 16.49006 14
53.6 16.50574 14
53.7 16.52145 14
53.8 16.53656 14
53.9 16.56055 14
54.0 16.59622 14
54.1 16.63252 14
54.2 16.66884 14
54.3 16.70517 14
54.4 16.74156 14
54.5 16.77792 14
54.6 16.81429 14
54.7 16.87802 14
54.8 16.98135 14
54.9 16.96549 14
55.0 17.01448 14
55.1 17.08966 14
55.2 17.11867 14
55.3 17.13510 14
55.4 17.15042 14
55.5 17.16499 14
55.6 17.17949 14
55.7 17.20834 14
55.8 17.24491 14
55.9 17.28146 14
56.0 17.31801 14
56.1 17.35461 14
56.2 17.39117 14
56.3 17.42774 14
56.4 17.46437 14
56.5 17.53106 14
56.6 17.64713 14
56.7 17.62325 14
56.8 17.65953 14
56.9 17.74375 14
57.0 17.78229 14
57.1 17.80049 14
57.2 17.81495 14
57.3 17.82895 14
57.4 17.84336 14
57.5 17.86398 14
57.6 17.89713 14
57.7 17.93394 14
57.8 17.97071 14
57.9 18.00750 14
58.0 18.04436 14
58.1 18.08118 14
58.2 18.11801 14
58.3 18.15491 14
58.4 18.22115 14
58.5 18.33786 14
58.6 18.31425 14
58.7 18.34984 14
58.8 18.43527 14
58.9 18.47868 14
59.0 18.49679 14
59.1 18.51053 14
59.2 18.52415 14
59.3 18.53713 14
59.4 18.55243 14
59.5 18.58218 14
59.6 18.61843 14
59.7 18.65470 14
59.8 18.69102 14
59.9 18.72731 14
60.0 18.76366 14
60.1 18.79997 14
60.2 18.83629 14
60.3 18.87268 14
60.4 18.93671 14
60.5 19.04804 14
60.6 19.03115 14
60.7 19.07416 14
60.8 19.16290 14
60.9 19.20610 14
61.0 19.22361 14
61.1 19.23671 14
61.2 19.24965 14
61.3 19.26191 14
61.4 19.27464 14
61.5 19.30212 14
61.6 19.33792 14
61.7 19.37445 14
61.8 19.41094 14
61.9 19.44743 14
62.0 19.48399 14
62.1 19.52051 14
62.2 19.55704 14
62.3 19.59364 14
62.4 19.63019 14
62.5 19.69163 14
62.6 19.79075 14
62.7 19.78879 14
62.8 19.84368 14
62.9 19.93395 14
63.0 19.97355 14
63.1 19.99010 14
63.2 20.00241 14
63.3 20.01460 14
63.4 20.02610 14
63.5 20.03754 14
63.6 20.06353 14
63.7 20.09793 14
63.8 20.13469 14
63.9 20.17140 14
64.0 20.20812 14
64.1 20.24491 14
64.2 20.28165 14
64.3 20.31841 14
64.4 20.35523 14
64.5 20.39201 14
64.6 20.46300 14
64.7 20.60850 14
64.8 20.57343 14
64.9 20.59056 14
65.0 20.66002 14
65.1 20.74654 14
65.2 20.78331 14
65.3 20.79808 14
65.4 20.81006 14
65.5 20.82090 14
65.6 20.83215 14
65.7 20.84273 14
65.8 20.86609 14
65.9 20.89927 14
66.0 20.93621 14
66.1 20.97322 14
66.2 21.01018 14
66.3 21.04721 14
66.4 21.08420 14
66.5 21.12120 14
66.6 21.15827 14
66.7 21.19530 14
66.8 21.23239 14
66.9 21.30018 14
67.0 21.43819 14
67.1 21.40834 14
67.2 21.43641 14
67.3 21.51727 14
67.4 21.60036 14
67.5 21.63699 14
67.6 21.65132 14
67.7 21.66194 14
67.8 21.67249 14
67.9 21.68231 14
68.0 21.69263 14
68.1 21.71162 14
68.2 21.74274 14
68.3 21.78000 14
68.4 21.81720 14
68.5 21.85449 14
68.6 21.89172 14
68.7 21.92903 14
68.8 21.96629 14
68.9 22.00357 14
69.0 22.04091 14
69.1 22.07821 14
69.2 22.11558 14
69.3 22.18195 14
69.4 22.31938 14
69.5 22.29207 14
69.6 22.32450 14
69.7 22.40894 14
69.8 22.49464 14
69.9 22.53826 14
70.0 22.55213 14
70.1 22.56269 14
70.2 22.57181 14
70.3 22.58130 14
70.4 22.59013 14
70.5 22.60120 14
70.6 22.63132 14
70.7 22.66685 14
70.8 22.70441 14
70.9 22.74191 14
71.0 22.77948 14
71.1 22.81701 14
71.2 22.85461 14
71.3 22.89217 14
71.4 22.92973 14
71.5 22.96737 14
71.6 23.00496 14
71.7 23.04262 14
71.8 23.11010 14
71.9 23.25938 14
72.0 23.22644 14
72.1 23.25337 14
72.2 23.32700 14
72.3 23.42688 14
72.4 23.48337 14
72.5 23.50505 14
72.6 23.51539 14
72.7 23.52371 14
72.8 23.53227 14
72.9 23.54012 14
73.0 23.54850 14
73.1 23.56715 14
73.2 23.59790 14
73.3 23.63568 14
73.4 23.67355 14
73.5 23.71136 14
73.6 23.74919 14
73.7 23.78709 14
73.8 23.82494 14
73.9 23.86287 14
74.0 23.90074 14
74.1 23.93869 14
74.2 23.97659 14
74.3 24.01457 14
74.4 24.05250 14
74.5 24.26640 14
74.6 24.22288 14
74.7 24.22884 14
74.8 24.27948 14
74.9 24.38561 14
75.0 24.46218 14
75.1 24.51020 14
75.2 24.52528 14
75.3 24.53333 14
75.4 24.54098 14
75.5 24.54782 14
75.6 24.55518 14
75.7 24.56186 14
75.8 24.58153 14
75.9 24.61241 14
76.0 24.65035 14
76.1 24.68848 14
76.2 24.72669 14
76.3 24.76484 14
76.4 24.80308 14
76.5 24.84125 14
76.6 24.87952 14
76.7 24.91772 14
76.8 24.95600 14
76.9 24.99423 14
77.0 25.03255 14
77.1 25.07080 14
77.2 25.14036 14
77.3 25.31549 14
77.4 25.27367 14
77.5 25.28849 14
77.6 25.34465 14
77.7 25.45723 14
77.8 25.53420 14
77.9 25.58349 14
78.0 25.60593 14
78.1 25.61372 14
78.2 25.61974 14
78.3 25.62607 14
78.4 25.63164 14
78.5 25.63778 14
78.6 25.64593 14
78.7 25.67752 14
78.8 25.71197 14
78.9 25.75052 14
79.0 25.78901 14
79.1 25.82758 14
79.2 25.86609 14
79.3 25.90469 14
79.4 25.94323 14
79.5 25.98186 14
79.6 26.02042 14
79.7 26.05906 14
79.8 26.09766 14
79.9 26.13633 14
80.0 26.17495 14
80.1 26.21366 14
80.2 26.45072 14
80.3 26.40349 14
80.4 26.40004 14
80.5 26.44138 14
80.6 26.52767 14
80.7 26.63810 14
80.8 26.70191 14
80.9 26.74557 14
81.0 26.76272 14
81.1 26.76878 14
81.2 26.77339 14
81.3 26.77842 14
81.4 26.78334 14
81.5 26.78753 14
81.6 26.79470 14
81.7 26.82665 14
81.8 26.86086 14
81.9 26.89971 14
82.0 26.93865 14
82.1 26.97754 14
82.2 27.01651 14
82.3 27.05541 14
82.4 27.09441 14
82.5 27.13334 14
82.6 27.17237 14
82.7 27.21133 14
82.8 27.25038 14
82.9 27.28937 14
83.0 27.32844 14
83.1 27.36746 14
83.2 27.40656 14
83.3 27.65112 14
83.4 27.60063 14
83.5 27.59751 14
83.6 27.63738 14
83.7 27.71811 14
83.8 27.83894 14
83.9 27.91034 14
84.0 27.95867 14
84.1 27.99470 14
84.2 28.00011 14
84.3 28.00424 14
84.4 28.00728 14
84.5 28.01086 14
84.6 28.01367 14
84.7 28.01711 14
84.8 28.03094 14
84.9 28.06372 14
85.0 28.09935 14
85.1 28.13870 14
85.2 28.17798 14
85.3 28.21736 14
85.4 28.25667 14
85.5 28.29607 14
85.6 28.33540 14
85.7 28.37483 14
85.8 28.41419 14
85.9 28.45365 14
86.0 28.49312 14
86.1 28.53252 14
86.2 28.57202 14
86.3 28.61145 14
86.4 28.65098 14
86.5 28.69044 14
86.6 28.92804 14
86.7 28.87538 14
86.8 28.88341 14
86.9 28.92834 14
87.0 29.01301 14
87.1 29.14016 14
87.2 29.21362 14
87.3 29.27300 14
87.4 29.30445 14
87.5 29.32203 14
87.6 29.32416 14
87.7 29.32644 14
87.8 29.32782 14
87.9 29.32981 14
88.0 29.33103 14
88.1 29.33291 14
88.2 29.35901 14
88.3 29.39246 14
88.4 29.43040 14
88.5 29.47021 14
88.6 29.51002 14
88.7 29.54977 14
88.8 29.58962 14
88.9 29.62939 14
89.0 29.66926 14
89.1 29.70906 14
89.2 29.74896 14
89.3 29.78878 14
89.4 29.82870 14
89.5 29.86856 14
89.6 29.90852 14
89.7 29.94848 14
89.8 29.98838 14
89.9 30.02838 14
90.0 30.36646 14
90.1 30.28724 14
90.2 30.24641 14
90.3 30.26380 14
90.4 30.31425 14
90.5 30.40441 14
90.6 30.53641 14
90.7 30.61291 14
90.8 30.68485 14
90.9 30.72213 14
91.0 30.74349 14
91.1 30.74421 14
91.2 30.74482 14
91.3 30.74453 14
91.4 30.74487 14
91.5 30.74512 14
91.6 30.74460 14
91.7 30.74919 14
91.8 30.78317 14
91.9 30.81735 14
92.0 30.85711 14
92.1 30.89740 14
92.2 30.93763 14
92.3 30.97795 14
92.4 31.01829 14
92.5 31.05855 14
92.6 31.09891 14
92.7 31.13921 14
92.8 31.17960 14
92.9 31.21992 14
93.0 31.26032 14
93.1 31.30076 14
93.2 31.34112 14
93.3 31.38158 14
93.4 31.42197 14
93.5 31.46246 14
93.6 31.50287 14
93.7 31.80948 14
93.8 31.75571 14
93.9 31.72323 14
94.0 31.74271 14
94.1 31.79319 14
94.2 31.88004 14
94.3 32.02343 14
94.4 32.10650 14
94.5 32.19163 14
94.6 32.24473 14
94.7 32.26428 14
94.8 32.27576 14
94.9 32.27489 14
95.0 32.27268 14
95.1 32.27120 14
95.2 32.26962 14
95.3 32.26707 14
95.4 32.26538 14
95.5 32.27271 14
95.6 32.30766 14
95.7 32.34241 14
95.8 32.38272 14
95.9 32.42355 14
96.0 32.46428 14
96.1 32.50513 14
96.2 32.54589 14
96.3 32.58678 14
96.4 32.62757 14
96.5 32.66847 14
96.6 32.70940 14
96.7 32.75023 14
96.8 32.79118 14
96.9 32.83204 14
97.0 32.87302 14
97.1 32.91391 14
97.2 32.95492 14
97.3 32.99595 14
97.4 33.03688 14
97.5 33.07793 14
97.6 33.11889 14
97.7 33.36342 14
97.8 33.31605 14
97.9 33.32490 14
98.0 33.36607 14
98.1 33.43742 14
98.2 33.55663 14
98.3 33.68688 14
98.4 33.76481 14
98.5 33.86629 14
98.6 33.90743 14
98.7 33.92196 14
98.8 33.93078 14
98.9 33.92777 14
99.0 33.92437 14
99.1 33.91982 14
99.2 33.91614 14
99.3 33.91144 14
99.4 33.90765 14
99.5 33.90383 14
99.6 33.93702 14
99.7 33.97283 14
99.8 34.01085 14
99.9 34.05224 14
100.0 34.09354 14
100.1 34.13497 14
100.2 34.17641 14
100.3 34.21775 14
100.4 34.25921 14
100.5 34.30059 14
100.6 34.34209 14
100.7 34.38360 14
100.8 34.42501 14
100.9 34.46655 14
101.0 34.50799 14
101.1 34.54956 14
101.2 34.59115 14
101.3 34.63263 14
101.4 34.67425 14
101.5 34.71576 14
101.6 34.75740 14
101.7 34.79906 14
101.8 34.84062 14
101.9 35.06889 14
102.0 35.03458 14
102.1 35.04936 14
102.2 35.09248 14
102.3 35.16386 14
102.4 35.27836 14
102.5 35.42625 14
102.6 35.50675 14
102.7 35.63293 14
102.8 35.69305 14
102.9 35.71548 14
103.0 35.72077 14
103.1 35.72528 14
103.2 35.71972 14
103.3 35.71285 14
103.4 35.70687 14
103.5 35.69977 14
103.6 35.69366 14
103.7 35.68749 14
103.8 35.68026 14
103.9 35.71337 14
104.0 35.74988 14
104.1 35.78773 14
104.2 35.82976 14
104.3 35.87168 14
104.4 35.91373 14
104.5 35.95569 14
104.6 35.99777 14
104.7 36.03987 14
104.8 36.08187 14
104.9 36.12400 14
105.0 36.16602 14
105.1 36.20818 14
105.2 36.25036 14
105.3 36.29242 14
105.4 35.96637 14
105.5 36.00841 14
105.6 36.05048 14
105.7 36.09243 14
105.8 36.13450 14
105.9 36.17648 14
106.0 36.21875 14
106.1 36.26088 14
106.2 36.30290 14
106.3 35.97675 14
106.4 36.01874 14
106.5 36.06089 14
106.6 36.10291 14
106.7 36.14494 14
106.8 36.18686 14
106.9 36.22909 14
107.0 36.27132 14
107.1 36.31342 14
107.2 35.98717 14
107.3 36.02910 14
107.4 36.07121 14
107.5 36.11346 14
107.6 36.15544 14
107.7 36.19731 14
107.8 36.23949 14
107.9 36.28167 14
108.0 36.32371 14
108.1 35.99766 14
108.2 36.03957 14
108.3 36.08161 14
108.4 36.12380 14
108.5 36.16561 14
108.6 36.20802 14
108.7 36.24998 14
108.8 36.29211 14
108.9 35.96613 14
109.0 36.00795 14
109.1 36.05010 14
109.2 36.09209 14
109.3 36.13424 14
109.4 36.17599 14
109.5 36.21834 14
109.6 36.26056 14
109.7 36.30264 14
109.8 35.97656 14
109.9 36.01833 14
110.0 36.06057 14
110.1 36.10268 14
110.2 36.14477 14
110.3 36.18677 14
110.4 36.22878 14
110.5 36.27110 14
110.6 36.31328 14
110.7 35.98711 14
110.8 36.02912 14
110.9 36.07102 14
111.0 36.11307 14
111.1 36.15511 14
111.2 36.19738 14
111.3 36.23933 14
111.4 36.28160 14
111.5 36.32373 14
111.6 35.99746 14
111.7 36.03977 14
111.8 36.08159 14
111.9 36.12387 14
112.0 36.16578 14
112.1 36.20779 14
112.2 36.25033 14
112.3 36.29224 14
112.4 35.96635 14
112.5 36.00795 14
112.6 36.05021 14
112.7 36.09230 14
112.8 36.13454 14
112.9 36.17639 14
113.0 36.21852 14
113.1 36.26084 14
113.2 36.30304 14
113.3 35.97705 14
113.4 36.01892 14
113.5 36.06094 14
113.6 36.10315 14
113.7 36.14503 14
113.8 36.18746 14
113.9 36.22925 14
114.0 36.27167 14
114.1 36.31397 14
114.2 35.98757 14
114.3 36.03003 14
114.4 36.07170 14
114.5 36.11386 14
114.6 36.15603 14
114.7 36.19807 14
114.8 36.24048 14
114.9 36.28252 14
115.0 36.32477 14
115.1 35.99827 14
115.2 36.04071 14
115.3 36.08298 14
115.4 36.12505 14
115.5 36.16707 14
115.6 36.20886 14
115.7 36.25153 14
115.8 36.29322 14
115.9 35.96780 14
116.0 36.00952 14
116.1 36.05156 14
116.2 36.09378 14
116.3 36.13579 14
116.4 36.17813 14
116.5 36.22004 14
116.6 36.26248 14
116.7 36.30482 14
116.8 35.97860 14
116.9 36.02096 14
117.0 36.06276 14
117.1 36.10510 14
117.2 36.14676 14
117.3 36.18934 14
117.4 36.23125 14
117.5 36.27382 14
117.6 36.31626 14
117.7 35.98963 14
117.8 36.03223 14
117.9 36.07369 14
118.0 36.11664 14
118.1 36.15866 14
118.2 36.20048 14
118.3 36.24305 14
118.4 36.28487 14
118.5 36.32764 14
118.6 36.00091 14
118.7 36.04349 14
118.8 36.08554 14
118.9 36.12776 14
119.0 36.16993 14
119.1 36.21206 14
119.2 36.25471 14
119.3 36.29617 14
119.4 35.97090 14
119.5 36.01277 14
119.6 36.05511 14
119.7 36.09767 14
119.8 36.13915 14
119.9 36.18195 14
120.0 36.22335 14
120.1 36.26634 14
120.2 36.30845 14
120.3 35.98238 14
120.4 36.02452 14
120.5 36.06649 14
120.6 36.10900 14
120.7 36.15083 14
120.8 36.19357 14
120.9 36.23560 14
121.0 36.27802 14
121.1 36.32062 14
121.2 35.99416 14
121.3 36.03693 14
121.4 36.07817 14
121.5 36.12131 14
121.6 36.16299 14
121.7 36.20551 14
121.8 36.24816 14
121.9 36.28985 14
122.0 35.96415 14
122.1 36.00584 14
122.2 36.04859 14
122.3 36.09085 14
122.4 36.13325 14
122.5 36.17559 14
122.6 36.21752 14
122.7 36.26035 14
122.8 36.30202 14
122.9 35.97690 14
123.0 36.01888 14
123.1 36.06110 14
123.2 36.10344 14
123.3 36.14553 14
123.4 36.18811 14
123.5 36.22971 14
123.6 36.27264 14
123.7 36.31511 14
123.8 35.98889 14
123.9 36.03193 14
124.0 36.07341 14
124.1 36.11610 14
124.2 36.15809 14
124.3 36.20068 14
124.4 36.24330 14
124.5 36.28555 14
124.6 36.32794 14
124.7 36.00166 14
124.8 36.04425 14
124.9 36.08678 14
125.0 36.12902 14
125.1 36.17123 14
125.2 36.21339 14
125.3 36.25649 14
125.4 36.29800 14
125.5 35.97318 14
125.6 36.01510 14
125.7 36.05748 14
125.8 36.10010 14
125.9 36.14202 14
126.0 36.18489 14
126.1 36.22675 14
126.2 36.26925 14
126.3 36.31153 14
126.4 35.98591 14
126.5 36.02810 14
126.6 36.07057 14
126.7 36.11353 14
126.8 36.15502 14
126.9 36.19824 14
127.0 36.24070 14
127.1 36.28325 14
127.2 36.32591 14
127.3 35.99948 14
127.4 36.04237 14
127.5 36.08362 14
127.6 36.12682 14
127.7 36.16933 14
127.8 36.21161 14
127.9 36.25433 14
128.0 36.29652 14
128.1 35.97156 14
128.2 36.01341 14
128.3 36.05620 14
128.4 36.09892 14
128.5 36.14115 14
128.6 36.18386 14
128.7 36.22560 14
128.8 36.26882 14
128.9 36.31095 14
129.0 35.98518 14
129.1 36.02768 14
129.2 36.06999 14
129.3 36.11327 14
129.4 36.15506 14
129.5 36.19813 14
129.6 36.24090 14
129.7 36.28329 14
129.8 36.32628 14
129.9 36.00016 14
130.0 36.04289 14
130.1 36.08399 14
130.2 36.12752 14
130.3 36.16987 14
130.4 36.21247 14
130.5 36.25590 14
130.6 36.29756 14
130.7 35.97291 14
130.8 36.01461 14
130.9 36.05773 14
131.0 36.10077 14
131.1 36.14285 14
131.2 36.18589 14
131.3 36.22791 14
131.4 36.27056 14
131.5 36.31302 14
131.6 35.98756 14
131.7 36.02992 14
131.8 36.07256 14
131.9 36.11569 14
132.0 36.15783 14
132.1 36.20123 14
132.2 36.24385 14
132.3 36.28659 14
132.4 36.32943 14
132.5 36.00315 14
132.6 36.04671 14
132.7 36.08925 14
132.8 36.13150 14
132.9 36.17374 14
133.0 36.21637 14
133.1 36.25998 14
133.2 36.30198 14
133.3 35.97717 14
133.4 36.01991 14
133.5 36.06245 14
133.6 36.10509 14
133.7 36.14802 14
133.8 36.19092 14
133.9 36.23280 14
134.0 36.27609 14
134.1 36.31973 14
134.2 35.99347 14
134.3 36.03640 14
134.4 36.07822 14
134.5 36.12200 14
134.6 36.16429 14
134.7 36.20697 14
134.8 36.25046 14
134.9 36.29306 14
135.0 35.96750 14
135.1 36.01031 14
135.2 36.05312 14
135.3 36.09654 14
135.4 36.13877 14
135.5 36.18171 14
135.6 36.22435 14
135.7 36.26723 14
135.8 36.30991 14
135.9 35.98525 14
136.0 36.02786 14
136.1 36.07028 14
136.2 36.11379 14
136.3 36.15609 14
136.4 36.19977 14
136.5 36.24268 14
136.6 36.28568 14
136.7 36.32881 14
136.8 36.00280 14
136.9 36.04565 14
137.0 36.08948 14
137.1 36.13200 14
137.2 36.17402 14
137.3 36.21745 14
137.4 36.26083 14
137.5 36.30313 14
137.6 35.97910 14
137.7 36.02162 14
137.8 36.06446 14
137.9 36.10739 14
138.0 36.15009 14
138.1 36.19382 14
138.2 36.23634 14
138.3 36.27905 14
138.4 36.32352 14
138.5 35.99702 14
138.6 36.04071 14
138.7 36.08290 14
138.8 36.12646 14
138.9 36.16937 14
139.0 36.21254 14
139.1 36.25561 14
139.2 36.29876 14
139.3 35.97416 14
139.4 36.01641 14
139.5 36.06013 14
139.6 36.10323 14
139.7 36.14639 14
139.8 36.19003 14
139.9 36.23211 14
140.0 36.27534 14
140.1 36.31884 14
140.2 35.99298 14
140.3 36.03715 14
140.4 36.07970 14
140.5 36.12317 14
140.6 36.16623 14
140.7 36.20912 14
140.8 36.25317 14
140.9 36.29623 14
141.0 35.97116 14
141.1 36.01393 14
141.2 36.05791 14
141.3 36.10062 14
141.4 36.14407 14
141.5 36.18811 14
141.6 36.23012 14
141.7 36.27381 14
141.8 36.31679 14
141.9 35.99185 14
142.0 36.03594 14
142.1 36.07790 14
142.2 36.12207 14
142.3 36.16533 14
142.4 36.20815 14
142.5 36.25237 14
142.6 36.29565 14
142.7 35.97022 14
142.8 36.01375 14
142.9 36.05766 14
143.0 36.10085 14
143.1 36.14422 14
143.2 36.18819 14
143.3 36.23067 14
143.4 36.27430 14
143.5 36.31720 14
143.6 35.99274 14
143.7 36.03675 14
143.8 36.07863 14
143.9 36.12329 14
144.0 36.16648 14
144.1 36.20922 14
144.2 36.25424 14
144.3 36.29716 14
144.4 35.97249 14
144.5 36.01600 14
144.6 36.05949 14
144.7 36.10349 14
144.8 36.14697 14
144.9 36.19037 14
145.0 36.23335 14
145.1 36.27718 14
145.2 36.32017 14
145.3 35.99623 14
145.4 36.03971 14
145.5 36.08203 14
145.6 36.12696 14
145.7 36.16979 14
145.8 36.21412 14
145.9 36.25799 14
146.0 36.30083 14
146.1 35.97706 14
146.2 36.02047 14
146.3 36.06378 14
146.4 36.10803 14
146.5 36.15144 14
146.6 36.19477 14
146.7 36.23862 14
146.8 36.28203 14
146.9 36.32728 14
147.0 36.00151 14
147.1 36.04540 14
147.2 36.08832 14
147.3 36.13262 14
147.4 36.17570 14
147.5 36.22041 14
147.6 36.26497 14
147.7 36.30681 14
147.8 35.98403 14
147.9 36.02773 14
148.0 36.07071 14
148.1 36.11595 14
148.2 36.15878 14
148.3 36.20309 14
148.4 36.24763 14
148.5 36.29067 14
148.6 35.96676 14
148.7 36.01012 14
148.8 36.05386 14
148.9 36.09858 14
149.0 36.14166 14
149.1 36.18503 14
149.2 36.22996 14
149.3 36.27376 14
149.4 36.31760 14
149.5 35.99348 14
149.6 36.03695 14
149.7 36.08118 14
149.8 36.12595 14
149.9 36.16862 14
150.0 36.21397 14
150.1 36.25768 14
150.2 36.30035 14
150.3 35.97819 14
150.4 36.02144 14
150.5 36.06519 14
150.6 36.10987 14
150.7 36.15313 14
150.8 36.19809 14
150.9 36.24211 14
151.0 36.28552 14
151.1 36.33133 14
151.2 36.00635 14
151.3 36.04911 14
151.4 36.09527 14
151.5 36.13882 14
151.6 36.18114 14
151.7 36.22708 14
151.8 36.27081 14
151.9 36.31512 14
152.0 35.99202 14
152.1 36.03501 14
152.2 36.07964 14
152.3 36.12454 14
152.4 36.16741 14
152.5 36.21338 14
152.6 36.25751 14
152.7 36.30010 14
152.8 35.97847 14
152.9 36.02126 14
153.0 36.06590 14
153.1 36.11112 14
153.2 36.15429 14
153.3 36.19978 14
153.4 36.24371 14
153.5 36.28746 14
153.6 35.96574 14
153.7 36.00893 14
153.8 36.05209 14
153.9 36.09831 14
154.0 36.14178 14
154.1 36.18446 14
154.2 36.23157 14
154.3 36.27521 14
154.4 36.32072 14
154.5 35.99642 14
154.6 36.04002 14
154.7 36.08620 14
154.8 36.13024 14
154.9 36.17306 14
155.0 36.21994 14
155.1 36.26371 14
155.2 36.30582 14
155.3 35.98584 14
155.4 36.02928 14
155.5 36.07446 14
155.6 36.11984 14
155.7 36.16190 14
155.8 36.20915 14
155.9 36.25344 14
156.0 36.29623 14
156.1 35.97535 14
156.2 36.01845 14
156.3 36.06152 14
156.4 36.10936 14
156.5 36.15243 14
156.6 36.19845 14
156.7 36.24291 14
156.8 36.28614 14
156.9 35.96537 14
157.0 36.00909 14
157.1 36.05168 14
157.2 36.10010 14
157.3 36.14291 14
157.4 36.18550 14
157.5 36.23421 14
157.6 36.27733 14
157.7 36.32350 14
157.8 36.00006 14
157.9 36.04312 14
158.0 36.08984 14
158.1 36.13442 14
158.2 36.17715 14
158.3 36.22521 14
158.4 36.26931 14
158.5 36.31273 14
158.6 35.99265 14
158.7 36.03546 14
158.8 36.08113 14
158.9 36.12740 14
159.0 36.16979 14
159.1 36.21797 14
159.2 36.26205 14
159.3 36.30445 14
159.4 35.98564 14
159.5 36.02844 14
159.6 36.07342 14
159.7 36.12123 14
159.8 36.16318 14
159.9 36.21033 14
160.0 36.25580 14
160.1 36.29848 14
160.2 35.97853 14
160.3 36.02241 14
160.4 36.06685 14
160.5 36.11375 14
160.6 36.15737 14
160.7 36.20428 14
160.8 36.25035 14
160.9 36.29366 14
161.0 35.97302 14
161.1 36.01723 14
161.2 36.06011 14
161.3 36.10888 14
161.4 36.15312 14
161.5 36.19902 14
161.6 36.24465 14
161.7 36.28883 14
161.8 35.96815 14
161.9 36.01241 14
162.0 36.05643 14
162.1 36.10486 14
162.2 36.14891 14
162.3 36.19407 14
162.4 36.24056 14
162.5 36.28481 14
162.6 35.96440 14
162.7 36.00927 14
162.8 36.05239 14
162.9 36.10131 14
163.0 36.14530 14
163.1 36.19061 14
163.2 36.23765 14
163.3 36.28222 14
163.4 36.32947 14
163.5 36.00570 14
163.6 36.05042 14
163.7 36.09813 14
163.8 36.14330 14
163.9 36.18640 14
164.0 36.23562 14
164.1 36.27990 14
164.2 36.32808 14
164.3 36.00430 14
164.4 36.04901 14
164.5 36.09671 14
164.6 36.14186 14
164.7 36.18561 14
164.8 36.23481 14
164.9 36.27908 14
165.0 36.32725 14
165.1 36.00346 14
165.2 36.04815 14
165.3 36.09650 14
165.4 36.14164 14
165.5 36.18538 14
165.6 36.23414 14
165.7 36.27883 14
165.8 36.32698 14
165.9 36.00384 14
166.0 36.04853 14
166.1 36.09686 14
166.2 36.14200 14
166.3 36.18572 14
166.4 36.23557 14
166.5 36.27982 14
166.6 36.32796 14
166.7 36.00481 14
166.8 36.04948 14
166.9 36.09781 14
167.0 36.14360 14
167.1 36.18731 14
167.2 36.23715 14
167.3 36.28168 14
167.4 36.32953 14
167.5 36.00745 14
167.6 36.05169 14
167.7 36.10065 14
167.8 36.14580 14
167.9 36.19261 14
168.0 36.23934 14
168.1 36.28452 14
168.2 35.96535 14
168.3 36.01081 14
168.4 36.05486 14
168.5 36.10439 14
168.6 36.14968 14
168.7 36.19666 14
168.8 36.24314 14
168.9 36.28846 14
169.0 35.96941 14
169.1 36.01424 14
169.2 36.05947 14
169.3 36.10945 14
169.4 36.15425 14
169.5 36.20136 14
169.6 36.24847 14
169.7 36.29414 14
169.8 35.97469 14
169.9 36.01944 14
170.0 36.06460 14
170.1 36.11416 14
170.2 36.15961 14
170.3 36.20835 14
170.4 36.25565 14
170.5 36.30017 14
170.6 35.98073 14
170.7 36.02647 14
170.8 36.07395 14
170.9 36.12227 14
171.0 36.16603 14
171.1 36.21436 14
171.2 36.26196 14
171.3 36.30618 14
171.4 35.98853 14
171.5 36.03432 14
171.6 36.08181 14
171.7 36.12921 14
171.8 36.17339 14
171.9 36.22357 14
172.0 36.27011 14
172.1 36.31533 14
172.2 35.99705 14
172.3 36.04232 14
172.4 36.09083 14
172.5 36.13784 14
172.6 36.18236 14
172.7 36.23326 14
172.8 36.27920 14
172.9 36.32798 14
173.0 36.00612 14
173.1 36.05210 14
173.2 36.10169 14
173.3 36.14815 14
173.4 36.19561 14
173.5 36.24334 14
173.6 36.29039 14
173.7 35.97158 14
173.8 36.01755 14
173.9 36.06229 14
174.0 36.11292 14
174.1 36.15838 14
174.2 36.20844 14
174.3 36.25641 14
174.4 36.30160 14
174.5 35.98282 14
174.6 36.02922 14
174.7 36.07799 14
174.8 36.12636 14
174.9 36.17150 14
175.0 36.22151 14
175.1 36.26780 14
175.2 36.31352 14
175.3 35.99652 14
175.4 36.04246 14
175.5 36.09165 14
175.6 36.13866 14
175.7 36.18425 14
175.8 36.23652 14
175.9 36.28207 14
176.0 35.96451 14
176.1 36.01130 14
176.2 36.05601 14
176.3 36.10687 14
176.4 36.15399 14
176.5 36.20243 14
176.6 36.25089 14
176.7 36.29724 14
176.8 35.97941 14
176.9 36.02690 14
177.0 36.07506 14
177.1 36.12473 14
177.2 36.16952 14
177.3 36.22057 14
177.4 36.26688 14
177.5 36.31207 14
177.6 35.99564 14
177.7 36.04293 14
177.8 36.09213 14
177.9 36.14083 14
178.0 36.18722 14
178.1 36.23840 14
178.2 36.28493 14
178.3 35.96777 14
178.4 36.01458 14
178.5 36.06050 14
178.6 36.11183 14
178.7 36.15800 14
178.8 36.20875 14
178.9 36.25742 14
179.0 36.30332 14
179.1 35.98705 14
179.2 36.03422 14
179.3 36.08308 14
179.4 36.13187 14
179.5 36.17775 14
179.6 36.22900 14
179.7 36.27758 14
179.8 36.32528 14
179.9 36.00638 14
180.0 36.05307 14
180.1 36.10500 14
180.2 36.15234 14
180.3 36.20198 14
180.4 36.25115 14
180.5 36.29822 14
180.6 35.98150 14
180.7 36.02863 14
180.8 36.07817 14
180.9 36.12789 14
181.0 36.17444 14
181.1 36.22535 14
181.2 36.27329 14
181.3 36.32124 14
181.4 36.00414 14
181.5 36.05153 14
181.6 36.10190 14
181.7 36.15084 14
181.8 36.20118 14
181.9 36.25037 14
182.0 36.29746 14
182.1 35.98143 14
182.2 36.02859 14
182.3 36.07816 14
182.4 36.12857 14
182.5 36.17515 14
182.6 36.22743 14
182.7 36.27540 14
182.8 36.32448 14
182.9 36.00629 14
183.0 36.05359 14
183.1 36.10636 14
183.2 36.15423 14
183.3 36.20411 14
183.4 36.25383 14
183.5 36.30245 14
183.6 35.98625 14
183.7 36.03484 14
183.8 36.08377 14
183.9 36.13398 14
184.0 36.18128 14
184.1 36.23363 14
184.2 36.28239 14
184.3 35.96561 14
184.4 36.01453 14
184.5 36.06122 14
184.6 36.11399 14
184.7 36.16146 14
184.8 36.21313 14
184.9 36.26289 14
185.0 36.30993 14
185.1 35.99496 14
185.2 36.04372 14
185.3 36.09439 14
185.4 36.14523 14
185.5 36.19334 14
185.6 36.24474 14
185.7 36.29397 14
185.8 35.97787 14
185.9 36.02645 14
186.0 36.07678 14
186.1 36.12794 14
186.2 36.17594 14
186.3 36.22830 14
186.4 36.27836 14
186.5 36.32761 14
186.6 36.00942 14
186.7 36.05727 14
186.8 36.11197 14
186.9 36.15962 14
187.0 36.21188 14
187.1 36.26236 14
187.2 36.30946 14
187.3 35.99521 14
187.4 36.04402 14
187.5 36.09542 14
187.6 36.14631 14
187.7 36.19666 14
187.8 36.24761 14
187.9 36.29710 14
188.0 35.98255 14
188.1 36.03051 14
188.2 36.08277 14
188.3 36.13240 14
188.4 36.18183 14
188.5 36.23429 14
188.6 36.28479 14
188.7 35.96916 14
188.8 36.01820 14
188.9 36.06675 14
189.0 36.12227 14
189.1 36.16936 14
189.2 36.22300 14
189.3 36.27265 14
189.4 36.32146 14
189.5 36.00722 14
189.6 36.05535 14
189.7 36.11060 14
189.8 36.15901 14
189.9 36.21136 14
190.0 36.26325 14
190.1 36.31044 14
190.2 35.99695 14
190.3 36.04584 14
190.4 36.09958 14
190.5 36.15031 14
190.6 36.20264 14
190.7 36.25455 14
190.8 36.30338 14
190.9 35.98937 14
191.0 36.03816 14
191.1 36.09168 14
191.2 36.14102 14
191.3 36.19189 14
191.4 36.24588 14
191.5 36.29528 14
191.6 35.98204 14
191.7 36.03078 14
191.8 36.08449 14
191.9 36.13491 14
192.0 36.18445 14
192.1 36.23945 14
192.2 36.28898 14
192.3 35.97609 14
192.4 36.02543 14
192.5 36.07797 14
192.6 36.12933 14
192.7 36.17985 14
192.8 36.23210 14
192.9 36.28509 14
193.0 35.97162 14
193.1 36.02062 14
193.2 36.07230 14
193.3 36.12622 14
193.4 36.17644 14
193.5 36.22904 14
193.6 36.28177 14
193.7 35.96538 14
193.8 36.01781 14
193.9 36.06786 14
194.0 36.12356 14
194.1 36.17353 14
194.2 36.22616 14
194.3 36.28025 14
194.4 36.33147 14
194.5 36.01635 14
194.6 36.06643 14
194.7 36.12161 14
194.8 36.17177 14
194.9 36.22547 14
195.0 36.27914 14
195.1 36.32869 14
195.2 36.01575 14
195.3 36.06545 14
195.4 36.12172 14
195.5 36.17192 14
195.6 36.22564 14
195.7 36.27934 14
195.8 36.32959 14
195.9 36.01667 14
196.0 36.06680 14
196.1 36.12325 14
196.2 36.17396 14
196.3 36.22668 14
196.4 36.28152 14
196.5 35.96458 14
196.6 36.01845 14
196.7 36.06930 14
196.8 36.12550 14
196.9 36.17652 14
197.0 36.22992 14
197.1 36.28412 14
197.2 35.97044 14
197.3 36.02160 14
197.4 36.07346 14
197.5 36.12887 14
197.6 36.18025 14
197.7 36.23393 14
197.8 36.28789 14
197.9 35.97525 14
198.0 36.02678 14
198.1 36.08210 14
198.2 36.13342 14
198.3 36.18522 14
198.4 36.24114 14
198.5 36.29383 14
198.6 35.98180 14
198.7 36.03254 14
198.8 36.08787 14
198.9 36.13925 14
199.0 36.19190 14
199.1 36.24903 14
199.2 36.30028 14
199.3 35.98994 14
199.4 36.04038 14
199.5 36.09559 14
199.6 36.14958 14
199.7 36.20427 14
199.8 36.25986 14
199.9 36.30842 14
200.0 35.99732 14
200.1 36.04794 14
200.2 36.10697 14
200.3 36.15941 14
200.4 36.21352 14
200.5 36.26784 14
200.6 36.31859 14
200.7 36.00877 14
200.8 36.05917 14
200.9 36.11771 14
201.0 36.17030 14
201.1 36.22511 14
201.2 36.28165 14
201.3 35.96626 14
201.4 36.02035 14
201.5 36.07421 14
201.6 36.12983 14
201.7 36.18207 14
201.8 36.23903 14
201.9 36.29255 14
202.0 35.98178 14
202.1 36.03335 14
202.2 36.09001 14
202.3 36.14281 14
202.4 36.19958 14
202.5 36.25406 14
202.6 36.30655 14
202.7 35.99625 14
202.8 36.04765 14
202.9 36.10589 14
203.0 36.16006 14
203.1 36.21496 14
203.2 36.26971 14
203.3 36.32168 14
203.4 36.01236 14
203.5 36.06629 14
203.6 36.12483 14
203.7 36.17726 14
203.8 36.23231 14
203.9 36.28843 14
204.0 35.97740 14
204.1 36.03061 14
204.2 36.08750 14
204.3 36.13983 14
204.4 36.19844 14
204.5 36.25368 14
204.6 36.30629 14
204.7 35.99674 14
204.8 36.04826 14
204.9 36.10819 14
205.0 36.16143 14
205.1 36.21720 14
205.2 36.27270 14
205.3 36.32784 14
205.4 36.01750 14
205.5 36.07284 14
205.6 36.12997 14
205.7 36.18375 14
205.8 36.24138 14
205.9 36.29577 14
206.0 35.98648 14
206.1 36.04035 14
206.2 36.09659 14
206.3 36.15225 14
206.4 36.20959 14
206.5 36.26615 14
206.6 36.31794 14
206.7 36.00971 14
206.8 36.06360 14
206.9 36.12427 14
207.0 36.17816 14
207.1 36.23342 14
207.2 36.29038 14
207.3 35.98169 14
207.4 36.03489 14
207.5 36.09306 14
207.6 36.14874 14
207.7 36.20646 14
207.8 36.26410 14
207.9 36.31414 14
208.0 36.00785 14
208.1 36.06057 14
208.2 36.12325 14
208.3 36.17779 14
208.4 36.23315 14
208.5 36.29020 14
208.6 35.98221 14
208.7 36.03731 14
208.8 36.09437 14
208.9 36.15082 14
209.0 36.20797 14
209.1 36.26630 14
209.2 36.31828 14
209.3 36.01084 14
209.4 36.06682 14
209.5 36.12739 14
209.6 36.18139 14
209.7 36.23884 14
209.8 36.29646 14
209.9 35.98805 14
210.0 36.04281 14
210.1 36.10049 14
210.2 36.15806 14
210.3 36.21596 14
210.4 36.27305 14
210.5 36.33054 14
210.6 36.01981 14
210.7 36.07927 14
210.8 36.13574 14
210.9 36.19231 14
211.0 36.25147 14
211.1 36.30671 14
211.2 36.00008 14
211.3 36.05559 14
211.4 36.11588 14
211.5 36.17108 14
211.6 36.22926 14
211.7 36.28907 14
211.8 35.98133 14
211.9 36.03727 14
212.0 36.09517 14
212.1 36.15247 14
212.2 36.21146 14
212.3 36.26992 14
212.4 36.32498 14
212.5 36.01817 14
212.6 36.07525 14
212.7 36.13440 14
212.8 36.19172 14
212.9 36.25162 14
213.0 36.30760 14
213.1 36.00179 14
213.2 36.05679 14
213.3 36.11912 14
213.4 36.17705 14
213.5 36.23401 14
213.6 36.29314 14
213.7 35.98614 14
213.8 36.04237 14
213.9 36.10320 14
214.0 36.16067 14
214.1 36.21822 14
214.2 36.27942 14
214.3 35.97230 14
214.4 36.02867 14
214.5 36.08824 14
214.6 36.14540 14
214.7 36.20684 14
214.8 36.26622 14
214.9 36.32043 14
215.0 36.01634 14
215.1 36.07421 14
215.2 36.13416 14
215.3 36.19168 14
215.4 36.25237 14
215.5 36.30915 14
215.6 36.00412 14
215.7 36.06041 14
215.8 36.12544 14
215.9 36.18152 14
216.0 36.24239 14
216.1 36.30050 14
216.2 35.99502 14
216.3 36.05110 14
216.4 36.11461 14
216.5 36.17140 14
216.6 36.23249 14
216.7 36.29199 14
216.8 35.98632 14
216.9 36.04339 14
217.0 36.10574 14
217.1 36.16327 14
217.2 36.22543 14
217.3 36.28560 14
217.4 35.97885 14
217.5 36.03794 14
217.6 36.09748 14
217.7 36.15800 14
217.8 36.21712 14
217.9 36.27856 14
218.0 35.97300 14
218.1 36.03214 14
218.2 36.09240 14
218.3 36.15202 14
218.4 36.21273 14
218.5 36.27288 14
218.6 35.96669 14
218.7 36.02442 14
218.8 36.08777 14
218.9 36.14590 14
219.0 36.20886 14
219.1 36.27005 14
219.2 36.32927 14
219.3 36.02180 14
219.4 36.08505 14
219.5 36.14343 14
219.6 36.20745 14
219.7 36.26831 14
219.8 36.32557 14
219.9 36.02057 14
220.0 36.08443 14
220.1 36.14222 14
220.2 36.20695 14
220.3 36.26799 14
220.4 36.32459 14
220.5 36.02079 14
220.6 36.08471 14
220.7 36.14321 14
220.8 36.20735 14
220.9 36.26833 14
221.0 36.32737 14
221.1 36.02192 14
221.2 36.08590 14
221.3 36.14547 14
221.4 36.20867 14
221.5 36.26971 14
221.6 36.33140 14
221.7 36.02444 14
221.8 36.08865 14
221.9 36.15017 14
222.0 36.21246 14
222.1 36.27404 14
222.2 35.97064 14
222.3 36.03208 14
222.4 36.09452 14
222.5 36.15391 14
222.6 36.21675 14
222.7 36.28163 14
222.8 35.97763 14
222.9 36.03661 14
223.0 36.09844 14
223.1 36.16113 14
223.2 36.22421 14
223.3 36.28882 14
223.4 35.98385 14
223.5 36.04321 14
223.6 36.10793 14
223.7 36.16722 14
223.8 36.23306 14
223.9 36.29487 14
224.0 35.99290 14
224.1 36.05074 14
224.2 36.11676 14
224.3 36.17979 14
224.4 36.24292 14
224.5 36.30298 14
224.6 36.00116 14
224.7 36.06119 14
224.8 36.12969 14
224.9 36.18903 14
225.0 36.25288 14
225.1 36.31288 14
225.2 36.01210 14
225.3 36.07547 14
225.4 36.13877 14
225.5 36.20330 14
225.6 36.26725 14
225.7 36.32713 14
225.8 36.02379 14
225.9 36.08949 14
226.0 36.15266 14
226.1 36.21640 14
226.2 36.28217 14
226.3 35.97908 14
226.4 36.04131 14
226.5 36.10505 14
226.6 36.16598 14
226.7 36.23316 14
226.8 36.29690 14
226.9 35.99520 14
227.0 36.05434 14
227.1 36.12158 14
227.2 36.18441 14
227.3 36.25036 14
227.4 36.31082 14
227.5 36.01096 14
227.6 36.07287 14
227.7 36.13916 14
227.8 36.20446 14
227.9 36.26906 14
228.0 36.33199 14
228.1 36.02898 14
228.2 36.09609 14
228.3 36.15933 14
228.4 36.22338 14
228.5 36.29028 14
228.6 35.98860 14
228.7 36.04908 14
228.8 36.11678 14
228.9 36.18166 14
229.0 36.24552 14
229.1 36.30849 14
229.2 36.00879 14
229.3 36.07148 14
229.4 36.13891 14
229.5 36.20442 14
229.6 36.26924 14
229.7 35.96732 14
229.8 36.03352 14
229.9 36.09834 14
230.0 36.16235 14
230.1 36.22928 14
230.2 36.29414 14
230.3 35.99491 14
230.4 36.05545 14
230.5 36.12709 14
230.6 36.18752 14
230.7 36.25403 14
230.8 36.31619 14
230.9 36.01937 14
231.0 36.08602 14
231.1 36.14882 14
231.2 36.21679 14
231.3 36.28526 14
231.4 35.98467 14
231.5 36.04638 14
231.6 36.11391 14
231.7 36.18061 14
231.8 36.24675 14
231.9 36.31037 14
232.0 36.01204 14
232.1 36.07673 14
232.2 36.14233 14
232.3 36.21043 14
232.4 36.27930 14
232.5 35.97927 14
232.6 36.04276 14
232.7 36.11097 14
232.8 36.17729 14
232.9 36.24421 14
233.0 36.30863 14
233.1 36.00944 14
233.2 36.07575 14
233.3 36.14195 14
233.4 36.21020 14
233.5 36.27921 14
233.6 35.97934 14
233.7 36.04342 14
233.8 36.11224 14
233.9 36.18000 14
234.0 36.24577 14
234.1 36.31035 14
234.2 36.01277 14
234.3 36.08054 14
234.4 36.14666 14
234.5 36.21611 14
234.6 36.28436 14
234.7 35.98531 14
234.8 36.04915 14
234.9 36.11911 14
235.0 36.18518 14
235.1 36.25341 14
235.2 36.31661 14
235.3 36.02127 14
235.4 36.09056 14
235.5 36.15804 14
235.6 36.22695 14
235.7 36.29327 14
235.8 35.99658 14
235.9 36.06008 14
236.0 36.13341 14
236.1 36.20111 14
236.2 36.26834 14
236.3 35.96862 14
236.4 36.03704 14
236.5 36.10649 14
236.6 36.17358 14
236.7 36.24128 14
236.8 36.30928 14
236.9 36.01296 14
237.0 36.08177 14
237.1 36.14761 14
237.2 36.21744 14
237.3 36.28886 14
237.4 35.99300 14
237.5 36.05541 14
237.6 36.12933 14
237.7 36.19382 14
237.8 36.26660 14
237.9 35.96475 14
238.0 36.03568 14
238.1 36.10580 14
238.2 36.17247 14
238.3 36.24406 14
238.4 36.31055 14
238.5 36.01446 14
238.6 36.08418 14
238.7 36.15280 14
238.8 36.22303 14
238.9 36.29316 14
239.0 35.99694 14
239.1 36.06193 14
239.2 36.13470 14
239.3 36.20511 14
239.4 36.27503 14
239.5 35.97939 14
239.6 36.04522 14
239.7 36.11586 14
239.8 36.18546 14
239.9 36.25722 14
240.0 36.32410 14
240.1 36.02680 14
240.2 36.09911 14
240.3 36.16776 14
240.4 36.24003 14
240.5 36.30925 14
240.6 36.01348 14
240.7 36.08284 14
240.8 36.15407 14
240.9 36.22580 14
241.0 36.29599 14
241.1 35.99971 14
241.2 36.06679 14
241.3 36.14012 14
241.4 36.21120 14
241.5 36.28445 14
241.6 35.98836 14
241.7 36.05344 14
241.8 36.13030 14
241.9 36.20107 14
242.0 36.27089 14
242.1 35.97530 14
242.2 36.04339 14
242.3 36.11704 14
242.4 36.18707 14
242.5 36.25974 14
242.6 36.32648 14
242.7 36.03215 14
242.8 36.10643 14
242.9 36.17811 14
243.0 36.24989 14
243.1 36.31564 14
243.2 36.02193 14
243.3 36.09759 14
243.4 36.16654 14
243.5 36.23995 14
243.6 36.30966 14
243.7 36.01437 14
243.8 36.08840 14
243.9 36.16040 14
244.0 36.23429 14
244.1 36.30376 14
244.2 36.00667 14
244.3 36.08251 14
244.4 36.15431 14
244.5 36.22791 14
244.6 36.29847 14
244.7 36.00167 14
244.8 36.07462 14
244.9 36.14794 14
245.0 36.22023 14
245.1 36.29345 14
245.2 35.99876 14
245.3 36.07121 14
245.4 36.14390 14
245.5 36.21793 14
245.6 36.29123 14
245.7 35.99607 14
245.8 36.06781 14
245.9 36.14229 14
246.0 36.21589 14
246.1 36.28919 14
246.2 35.99471 14
246.3 36.06688 14
246.4 36.14104 14
246.5 36.21450 14
246.6 36.28823 14
246.7 35.99412 14
246.8 36.06673 14
246.9 36.14097 14
247.0 36.21452 14
247.1 36.28833 14
247.2 35.99465 14
247.3 36.06735 14
247.4 36.14167 14
247.5 36.21593 14
247.6 36.28949 14
247.7 35.99630 14
247.8 36.07003 14
247.9 36.14355 14
248.0 36.21800 14
248.1 36.29172 14
248.2 35.99927 14
248.3 36.07259 14
248.4 36.14744 14
248.5 36.22032 14
248.6 36.29414 14
248.7 36.00347 14
248.8 36.07857 14
248.9 36.15366 14
249.0 36.22802 14
249.1 36.29934 14
249.2 36.01032 14
249.3 36.08666 14
249.4 36.15910 14
249.5 36.23309 14
249.6 36.30482 14
249.7 36.01649 14
249.8 36.09334 14
249.9 36.16555 14
250.0 36.24006 14
