15.0 1.41439 13
15.1 1.42184 13
15.2 1.42940 13
15.3 1.43687 13
15.4 1.44436 13
15.5 1.45185 13
15.6 1.45919 13
15.7 1.46671 13
15.8 1.47406 13
15.9 1.48159 13
16.0 1.48896 13
16.1 1.49652 13
16.2 1.50389 13
16.3 1.51148 13
16.4 1.51887 13
16.5 1.52626 13
16.6 1.53388 13
16.7 1.54128 13
16.8 1.54870 13
16.9 1.55612 13
17.0 1.56388 13
17.1 1.57156 13
17.2 1.57901 13
17.3 1.58646 13
17.4 1.59392 13
17.5 1.60139 13
17.6 1.60886 13
17.7 1.61634 13
17.8 1.62353 13
17.9 1.63102 13
18.0 1.63851 13
18.1 1.64601 13
18.2 1.65351 13
18.3 1.66102 13
18.4 1.66822 13
18.5 1.67573 13
18.6 1.68326 13
18.7 1.69079 13
18.8 1.69798 13
18.9 1.70688 13
19.0 1.71787 13
19.1 1.72840 13
19.2 1.73955 13
19.3 1.75078 13
19.4 1.76151 13
19.5 1.77291 13
19.6 1.78377 13
19.7 1.79533 13
19.8 1.80634 13
19.9 1.81806 13
20.0 1.82987 13
20.1 1.84109 13
20.2 1.85307 13
20.3 1.86443 13
20.4 1.87659 13
20.5 1.88809 13
20.6 1.89965 13
20.7 1.91206 13
20.8 1.92377 13
20.9 1.93636 13
21.0 1.94920 13
21.1 1.96199 13
21.2 1.97401 13
21.3 1.98610 13
21.4 1.99917 13
21.5 11.58247 14
21.6 11.55326 14
21.7 11.52440 14
21.8 11.49548 14
21.9 11.46487 14
22.0 11.42987 14
22.1 11.39455 14
22.2 11.35611 14
22.3 11.32269 14
22.4 11.29075 14
22.5 11.25650 14
22.6 11.21639 14
22.7 11.17643 14
22.8 11.13315 14
22.9 11.09393 14
23.0 11.05504 14
23.1 11.01722 14
23.2 10.97245 14
23.3 10.92542 14
23.4 10.83934 14
23.5 10.69467 14
23.6 10.43617 14
23.7 10.26915 14
23.8 9.95419 14
23.9 9.70738 14
24.0 9.42743 14
24.1 9.12746 14
24.2 8.93698 14
24.3 8.63882 14
24.4 8.51173 14
24.5 8.52680 14
24.6 5.71453 14
24.7 5.73449 14
24.8 5.75488 14
24.9 5.77658 14
25.0 5.80066 14
25.1 5.82297 14
25.2 5.84585 14
25.3 5.86927 14
25.4 5.89786 14
25.5 5.92272 14
25.6 5.94789 14
25.7 5.97700 14
25.8 6.00442 14
25.9 6.03231 14
26.0 6.06068 14
26.1 6.08942 14
26.2 6.11870 14
26.3 6.14861 14
26.4 6.17917 14
26.5 6.21108 14
26.6 6.24772 14
26.7 6.27792 14
26.8 6.30684 14
26.9 6.33859 14
27.0 6.37249 14
27.1 6.40676 14
27.2 6.44152 14
27.3 6.48009 14
27.4 6.18339 14
27.5 6.16802 14
27.6 6.17861 14
27.7 6.18941 14
27.8 6.19789 14
27.9 6.20596 14
28.0 6.21377 14
28.1 6.22273 14
28.2 6.23028 14
28.3 6.23773 14
28.4 6.24513 14
28.5 6.25249 14
28.6 6.25980 14
28.7 6.26705 14
28.8 6.27816 14
28.9 6.29054 14
29.0 6.30306 14
29.1 6.31572 14
29.2 6.32854 14
29.3 6.34154 14
29.4 6.35478 14
29.5 6.36854 14
29.6 6.38356 14
29.7 6.39849 14
29.8 6.41255 14
29.9 6.42674 14
30.0 6.44107 14
30.1 6.45556 14
30.2 6.47020 14
30.3 6.48502 14
30.4 6.50002 14
30.5 6.51524 14
30.6 6.53068 14
30.7 6.54584 14
30.8 6.56273 14
30.9 6.57998 14
31.0 6.59762 14
31.1 6.61585 14
31.2 6.63465 14
31.3 6.65412 14
31.4 6.67435 14
31.5 6.69548 14
31.6 6.71659 14
31.7 6.73692 14
31.8 6.69505 14
31.9 6.70592 14
32.0 6.71705 14
32.1 6.72845 14
32.2 6.74015 14
32.3 6.75216 14
32.4 6.76451 14
32.5 6.77720 14
32.6 6.90287 14
32.7 6.90078 14
32.8 6.88568 14
32.9 6.88013 14
33.0 6.88675 14
33.1 6.90132 14
33.2 6.92318 14
33.3 6.95456 14
33.4 6.98876 14
33.5 7.01037 14
33.6 7.02690 14
33.7 7.03977 14
33.8 7.05049 14
33.9 7.06007 14
34.0 7.06908 14
34.1 7.07779 14
34.2 7.08633 14
34.3 7.09476 14
34.4 7.10310 14
34.5 7.11137 14
34.6 7.11958 14
34.7 7.12773 14
34.8 7.14071 14
34.9 7.15600 14
35.0 7.17144 14
35.1 7.18704 14
35.2 7.20283 14
35.3 7.21884 14
35.4 7.23510 14
35.5 7.25266 14
35.6 7.27090 14
35.7 7.28941 14
35.8 7.30209 14
35.9 7.32111 14
36.0 7.34051 14
36.1 7.36037 14
36.2 7.38077 14
36.3 7.40182 14
36.4 7.42362 14
36.5 7.44636 14
36.6 7.47025 14
36.7 7.49553 14
36.8 7.50352 14
36.9 7.53104 14
37.0 7.56088 14
37.1 7.51047 14
37.2 7.52048 14
37.3 7.53112 14
37.4 7.54243 14
37.5 7.55443 14
37.6 7.56713 14
37.7 7.72258 14
37.8 7.70393 14
37.9 7.67501 14
38.0 7.67553 14
38.1 7.69205 14
38.2 7.72309 14
38.3 7.77591 14
38.4 7.80380 14
38.5 7.82185 14
38.6 7.83343 14
38.7 7.83875 14
38.8 7.84610 14
38.9 7.85264 14
39.0 7.85883 14
39.1 7.86486 14
39.2 7.87079 14
39.3 7.87664 14
39.4 7.88244 14
39.5 7.88887 14
39.6 7.90504 14
39.7 7.92141 14
39.8 7.93076 14
39.9 7.94747 14
40.0 7.96447 14
40.1 7.98203 14
40.2 8.00167 14
40.3 8.02163 14
40.4 8.04197 14
40.5 8.06275 14
40.6 8.07465 14
40.7 8.09623 14
40.8 8.11851 14
40.9 8.14161 14
41.0 8.16575 14
41.1 8.19114 14
41.2 8.21812 14
41.3 8.24710 14
41.4 8.27858 14
41.5 8.31334 14
41.6 8.24796 14
41.7 8.25756 14
41.8 8.26807 14
41.9 8.27951 14
42.0 8.29191 14
42.1 8.47399 14
42.2 8.44017 14
42.3 8.41645 14
42.4 8.40442 14
42.5 8.41695 14
42.6 8.44828 14
42.7 8.50676 14
42.8 8.54597 14
42.9 8.56494 14
43.0 8.57535 14
43.1 8.58174 14
43.2 8.58653 14
43.3 8.59071 14
43.4 8.59464 14
43.5 8.59845 14
43.6 8.60220 14
43.7 8.60589 14
43.8 8.60949 14
43.9 8.61578 14
44.0 8.63250 14
44.1 8.64947 14
44.2 8.66676 14
44.3 8.67420 14
44.4 8.69196 14
44.5 8.71223 14
44.6 8.73305 14
44.7 8.75428 14
44.8 8.77599 14
44.9 8.74206 14
45.0 8.64626 14
45.1 8.64937 14
45.2 8.65209 14
45.3 8.65220 14
45.4 8.63845 14
45.5 8.54637 14
45.6 8.51533 14
45.7 8.60143 14
45.8 8.40997 14
45.9 8.34463 14
46.0 8.31061 14
46.1 8.29480 14
46.2 8.25909 14
46.3 8.24225 14
46.4 8.20453 14
46.5 8.18666 14
46.6 8.17535 14
46.7 8.17829 14
46.8 8.18114 14
46.9 8.18195 14
47.0 8.18224 14
47.1 8.16767 14
47.2 8.09337 14
47.3 8.06854 14
47.4 8.13803 14
47.5 7.98531 14
47.6 7.93646 14
47.7 7.93664 14
47.8 7.91010 14
47.9 7.88267 14
48.0 7.88213 14
48.1 7.85344 14
48.2 7.82378 14
48.3 7.82240 14
48.4 7.80237 14
48.5 7.80170 14
48.6 7.79481 14
48.7 7.79762 14
48.8 7.80040 14
48.9 7.80281 14
49.0 7.73740 14
49.1 7.81344 14
49.2 7.83187 14
49.3 7.83719 14
49.4 7.84189 14
49.5 7.84569 14
49.6 7.85968 14
49.7 7.88801 14
49.8 7.91762 14
49.9 7.92607 14
50.0 7.95579 14
50.1 7.98574 14
50.2 8.01577 14
50.3 8.04597 14
50.4 8.09746 14
50.5 8.25073 14
50.6 8.24181 14
50.7 8.19244 14
50.8 8.25179 14
50.9 8.31642 14
51.0 8.32768 14
51.1 8.33169 14
51.2 8.33502 14
51.3 8.33598 14
51.4 8.33919 14
51.5 8.36404 14
51.6 8.39579 14
51.7 8.42769 14
51.8 8.45974 14
51.9 8.49205 14
52.0 8.52442 14
52.1 8.55695 14
52.2 8.61720 14
52.3 8.63804 14
52.4 8.73734 14
52.5 8.74632 14
52.6 8.84676 14
52.7 8.87939 14
52.8 8.88155 14
52.9 8.88778 14
53.0 8.89066 14
53.1 8.89321 14
53.2 8.89671 14
53.3 8.92518 14
53.4 8.95947 14
53.5 8.99391 14
53.6 9.02849 14
53.7 9.06333 14
53.8 9.09824 14
53.9 9.13330 14
54.0 9.20361 14
54.1 9.22467 14
54.2 9.22739 14
54.3 9.36344 14
54.4 9.34212 14
54.5 9.43001 14
54.6 9.50179 14
54.7 9.51377 14
54.8 9.51663 14
54.9 9.51848 14
55.0 9.52113 14
55.1 9.53105 14
55.2 9.56324 14
55.3 9.60019 14
55.4 9.63740 14
55.5 9.67466 14
55.6 9.67766 14
55.7 9.71495 14
55.8 9.75250 14
55.9 9.79010 14
56.0 9.86783 14
56.1 9.88939 14
56.2 10.09782 14
56.3 10.01695 14
56.4 10.07381 14
56.5 10.19360 14
56.6 10.21812 14
56.7 10.22229 14
56.8 10.22343 14
56.9 10.22521 14
57.0 10.22586 14
57.1 10.22590 14
57.2 10.24839 14
57.3 10.28579 14
57.4 10.32534 14
57.5 10.36505 14
57.6 10.40503 14
57.7 10.44505 14
57.8 10.48522 14
57.9 10.52554 14
58.0 10.56615 14
58.1 10.63504 14
58.2 10.89166 14
58.3 10.78373 14
58.4 10.81880 14
58.5 10.96598 14
58.6 10.96307 14
58.7 11.00756 14
58.8 11.01558 14
58.9 11.01629 14
59.0 11.01710 14
59.1 11.01658 14
59.2 11.01862 14
59.3 11.05270 14
59.4 11.09482 14
59.5 11.13719 14
59.6 11.12817 14
59.7 11.17047 14
59.8 11.21293 14
59.9 11.25570 14
60.0 11.25163 14
60.1 11.29421 14
60.2 11.33694 14
60.3 11.37995 14
60.4 11.46267 14
60.5 11.48886 14
60.6 11.68915 14
60.7 11.64413 14
60.8 11.72174 14
60.9 11.87343 14
61.0 11.90308 14
61.1 11.90681 14
61.2 11.90705 14
61.3 11.90528 14
61.4 11.90337 14
61.5 11.90474 14
61.6 11.90281 14
61.7 11.93619 14
61.8 11.97901 14
61.9 12.02386 14
62.0 12.06885 14
62.1 12.11412 14
62.2 12.15942 14
62.3 12.20503 14
62.4 12.25062 14
62.5 12.29637 14
62.6 12.34242 14
62.7 12.41958 14
62.8 12.74945 14
62.9 12.60683 14
63.0 12.61851 14
63.1 12.61787 14
63.2 12.72900 14
63.3 12.88004 14
63.4 12.90374 14
63.5 12.90667 14
63.6 12.90409 14
63.7 12.90213 14
63.8 12.89866 14
63.9 12.89516 14
64.0 12.93237 14
64.1 12.97709 14
64.2 13.02493 14
64.3 13.07310 14
64.4 13.12121 14
64.5 13.16969 14
64.6 13.15538 14
64.7 13.20355 14
64.8 13.25206 14
64.9 13.30050 14
65.0 13.34910 14
65.1 13.39801 14
65.2 13.47782 14
65.3 13.84706 14
65.4 13.68355 14
65.5 13.71170 14
65.6 13.85997 14
65.7 14.00336 14
65.8 14.01182 14
65.9 14.01180 14
66.0 14.01011 14
66.1 14.01116 14
66.2 14.00924 14
66.3 14.00721 14
66.4 14.00574 14
66.5 14.01059 14
66.6 14.02690 14
66.7 14.04652 14
66.8 14.06631 14
66.9 14.08603 14
67.0 14.10575 14
67.1 14.12555 14
67.2 14.14528 14
67.3 14.16508 14
67.4 14.18483 14
67.5 14.20457 14
67.6 14.22438 14
67.7 14.21567 14
67.8 14.25077 14
67.9 14.42395 14
68.0 14.35610 14
68.1 14.34223 14
68.2 14.37349 14
68.3 14.46167 14
68.4 14.48326 14
68.5 14.48737 14
68.6 14.48602 14
68.7 14.48356 14
68.8 14.48161 14
68.9 14.47896 14
69.0 14.47689 14
69.1 14.48849 14
69.2 14.50562 14
69.3 14.49637 14
69.4 14.51497 14
69.5 14.53458 14
69.6 14.55413 14
69.7 14.57376 14
69.8 14.59331 14
69.9 14.61294 14
70.0 14.63250 14
70.1 14.65212 14
70.2 14.67169 14
70.3 14.69124 14
70.4 14.72951 14
70.5 14.74114 14
70.6 14.89172 14
70.7 14.83037 14
70.8 14.83919 14
70.9 14.82917 14
71.0 14.85340 14
71.1 14.92666 14
71.2 14.97882 14
71.3 14.98617 14
71.4 14.98538 14
71.5 14.98323 14
71.6 14.98008 14
71.7 14.97728 14
71.8 14.97408 14
71.9 14.97266 14
72.0 14.98888 14
72.1 15.00652 14
72.2 15.02599 14
72.3 15.04545 14
72.4 15.06499 14
72.5 15.08446 14
72.6 15.07117 14
72.7 15.09052 14
72.8 15.10998 14
72.9 15.12935 14
73.0 15.14879 14
73.1 15.12954 14
73.2 15.14887 14
73.3 15.16813 14
73.4 15.18747 14
73.5 15.20674 14
73.6 15.24150 14
73.7 15.44295 14
73.8 15.37840 14
73.9 15.34216 14
74.0 15.35680 14
74.1 15.41032 14
74.2 15.36514 14
74.3 15.43107 14
74.4 15.50069 14
74.5 15.51068 14
74.6 15.51047 14
74.7 15.50809 14
74.8 15.50446 14
74.9 15.50128 14
75.0 15.49746 14
75.1 15.49424 14
75.2 15.49870 14
75.3 15.51497 14
75.4 15.53285 14
75.5 15.55213 14
75.6 15.57131 14
75.7 15.59058 14
75.8 15.60979 14
75.9 15.62908 14
76.0 15.61238 14
76.1 15.63156 14
76.2 15.65066 14
76.3 15.66984 14
76.4 15.68895 14
76.5 15.70812 14
76.6 15.72719 14
76.7 15.74634 14
76.8 15.77857 14
76.9 15.98838 14
77.0 15.91176 14
77.1 15.88226 14
77.2 15.89767 14
77.3 15.94915 14
77.4 16.04551 14
77.5 16.06224 14
77.6 16.06431 14
77.7 16.06252 14
77.8 16.06428 14
77.9 16.06207 14
78.0 16.05807 14
78.1 16.05438 14
78.2 16.04978 14
78.3 16.04599 14
78.4 16.04159 14
78.5 16.05044 14
78.6 16.06653 14
78.7 16.08450 14
78.8 16.10349 14
78.9 16.12256 14
79.0 16.14155 14
79.1 16.16064 14
79.2 16.17964 14
79.3 16.19873 14
79.4 16.21769 14
79.5 16.19752 14
79.6 16.21639 14
79.7 16.23537 14
79.8 16.25435 14
79.9 16.27324 14
80.0 16.29223 14
80.1 16.31113 14
80.2 16.34240 14
80.3 16.56667 14
80.4 16.49026 14
80.5 16.45199 14
80.6 16.46215 14
80.7 16.50477 14
80.8 16.60387 14
80.9 16.64245 14
81.0 16.64844 14
81.1 16.64656 14
81.2 16.64302 14
81.3 16.64760 14
81.4 16.64370 14
81.5 16.63963 14
81.6 16.63472 14
81.7 16.63038 14
81.8 16.62540 14
81.9 16.62105 14
82.0 16.62757 14
82.1 16.64373 14
82.2 16.66070 14
82.3 16.67956 14
82.4 16.69833 14
82.5 16.71721 14
82.6 16.73608 14
82.7 16.75485 14
82.8 16.77372 14
82.9 16.79250 14
83.0 16.81138 14
83.1 16.83016 14
83.2 16.80603 14
83.3 16.82470 14
83.4 16.84346 14
83.5 16.86218 14
83.6 16.88087 14
83.7 16.89963 14
83.8 16.91830 14
83.9 16.94423 14
84.0 17.14804 14
84.1 17.06452 14
84.2 17.05297 14
84.3 17.07492 14
84.4 17.12950 14
84.5 17.24264 14
84.6 17.26208 14
84.7 17.26558 14
84.8 17.26342 14
84.9 17.25865 14
85.0 17.25393 14
85.1 17.26106 14
85.2 17.25590 14
85.3 17.25109 14
85.4 17.24555 14
85.5 17.24065 14
85.6 17.23510 14
85.7 17.23019 14
85.8 17.24482 14
85.9 17.26102 14
86.0 17.27839 14
86.1 17.29691 14
86.2 17.31556 14
86.3 17.33409 14
86.4 17.35274 14
86.5 17.37126 14
86.6 17.38992 14
86.7 17.40856 14
86.8 17.42709 14
86.9 17.44573 14
87.0 17.41738 14
87.1 17.43590 14
87.2 17.45441 14
87.3 17.47284 14
87.4 17.49138 14
87.5 17.50981 14
87.6 17.52831 14
87.7 17.54674 14
87.8 17.57169 14
87.9 17.81264 14
88.0 17.70970 14
88.1 17.68750 14
88.2 17.70034 14
88.3 17.74072 14
88.4 17.82771 14
88.5 17.90744 14
88.6 17.91827 14
88.7 17.91818 14
88.8 17.91442 14
88.9 17.90886 14
89.0 17.91719 14
89.1 17.91282 14
89.2 17.90712 14
89.3 17.90178 14
89.4 17.89570 14
89.5 17.89025 14
89.6 17.88477 14
89.7 17.87868 14
89.8 17.88402 14
89.9 17.90000 14
90.0 17.91613 14
90.1 17.93403 14
90.2 17.95236 14
90.3 17.97077 14
90.4 17.98909 14
90.5 18.00752 14
90.6 18.02583 14
90.7 18.04427 14
90.8 18.06270 14
90.9 18.08103 14
91.0 18.04822 14
91.1 18.06652 14
91.2 18.08472 14
91.3 18.10303 14
91.4 18.12123 14
91.5 18.13952 14
91.6 18.15785 14
91.7 18.17605 14
91.8 18.19361 14
91.9 18.21081 14
92.0 18.23321 14
92.1 18.48355 14
92.2 18.38536 14
92.3 18.35225 14
92.4 18.35588 14
92.5 18.38352 14
92.6 18.44046 14
92.7 18.55956 14
92.8 18.58304 14
92.9 18.58789 14
93.0 18.58623 14
93.1 18.58378 14
93.2 18.58793 14
93.3 18.58604 14
93.4 18.58150 14
93.5 18.57566 14
93.6 18.57015 14
93.7 18.56392 14
93.8 18.55827 14
93.9 18.55262 14
94.0 18.54636 14
94.1 18.54073 14
94.2 18.55372 14
94.3 18.56874 14
94.4 18.58389 14
94.5 18.60069 14
94.6 18.61782 14
94.7 18.63491 14
94.8 18.58931 14
94.9 18.60621 14
95.0 18.62316 14
95.1 18.64005 14
95.2 18.65703 14
95.3 18.62170 14
95.4 18.63857 14
95.5 18.65533 14
95.6 18.67219 14
95.7 18.68896 14
95.8 18.70581 14
95.9 18.72266 14
96.0 18.73942 14
96.1 18.75627 14
96.2 18.77301 14
96.3 18.78987 14
96.4 18.80671 14
96.5 18.82344 14
96.6 18.84025 14
96.7 18.85709 14
96.8 18.87382 14
96.9 18.89572 14
97.0 19.17610 14
97.1 19.09859 14
97.2 19.03617 14
97.3 19.02308 14
97.4 19.03628 14
97.5 19.04525 14
97.6 19.02323 14
97.7 19.03090 14
97.8 19.05895 14
97.9 19.11420 14
98.0 19.21891 14
98.1 19.27307 14
98.2 19.28053 14
98.3 19.28000 14
98.4 19.27612 14
98.5 19.27025 14
98.6 19.26447 14
98.7 19.25788 14
98.8 19.25185 14
98.9 19.24579 14
99.0 19.23912 14
99.1 19.23307 14
99.2 19.22703 14
99.3 19.23516 14
99.4 19.25004 14
99.5 19.26493 14
99.6 19.28020 14
99.7 19.24395 14
99.8 19.25871 14
99.9 19.27330 14
100.0 19.28966 14
100.1 19.30619 14
100.2 19.32261 14
100.3 19.33913 14
100.4 19.35565 14
100.5 19.37206 14
100.6 19.38857 14
100.7 19.40508 14
100.8 19.42149 14
100.9 19.43800 14
101.0 19.45439 14
101.1 19.47090 14
101.2 19.48740 14
101.3 19.50375 14
101.4 19.52025 14
101.5 19.53674 14
101.6 19.55312 14
101.7 19.56961 14
101.8 19.58609 14
101.9 19.60348 14
102.0 19.89522 14
102.1 19.57631 14
102.2 19.59266 14
102.3 19.60789 14
102.4 19.87190 14
102.5 19.76988 14
102.6 19.73818 14
102.7 19.73769 14
102.8 19.75696 14
102.9 19.79629 14
103.0 19.86736 14
103.1 19.99347 14
103.2 20.01044 14
103.3 20.01538 14
103.4 20.01331 14
103.5 20.00881 14
103.6 20.00310 14
103.7 19.99628 14
103.8 19.98990 14
103.9 19.98344 14
104.0 19.97633 14
104.1 19.96985 14
104.2 19.96336 14
104.3 19.95627 14
104.4 19.95082 14
104.5 19.96844 14
104.6 19.96201 14
104.7 19.95497 14
104.8 19.95366 14
104.9 19.96825 14
105.0 19.98272 14
105.1 19.99732 14
105.2 20.01262 14
105.3 20.02867 14
105.4 20.04482 14
105.5 20.06097 14
105.6 20.07702 14
105.7 20.09316 14
105.8 20.10930 14
105.9 20.12534 14
106.0 20.14148 14
106.1 20.15761 14
106.2 20.17360 14
106.3 20.18973 14
106.4 20.20585 14
106.5 20.22188 14
106.6 20.23800 14
106.7 20.25411 14
106.8 20.27012 14
106.9 20.22225 14
107.0 20.23824 14
107.1 20.25422 14
107.2 20.27010 14
107.3 20.28609 14
107.4 20.30206 14
107.5 20.13486 14
107.6 20.15084 14
107.7 20.16785 14
107.8 20.18382 14
107.9 20.19980 14
108.0 20.21708 14
108.1 20.23306 14
108.2 20.24903 14
108.3 20.26639 14
108.4 20.28236 14
108.5 20.29832 14
108.6 20.13260 14
108.7 20.14857 14
108.8 20.16556 14
108.9 20.18303 14
109.0 20.19899 14
109.1 20.21626 14
109.2 20.23374 14
109.3 20.24969 14
109.4 20.26704 14
109.5 20.21318 14
109.6 20.22901 14
109.7 20.24635 14
109.8 20.26356 14
109.9 20.27939 14
110.0 20.29672 14
110.1 20.13086 14
110.2 20.14668 14
110.3 20.16505 14
110.4 20.18238 14
110.5 20.19971 14
110.6 20.21684 14
110.7 20.23418 14
110.8 20.25152 14
110.9 20.26873 14
111.0 20.28607 14
111.1 20.30340 14
111.2 20.13754 14
111.3 20.15488 14
111.4 20.17325 14
111.5 20.19058 14
111.6 20.20792 14
111.7 20.22659 14
111.8 20.24392 14
111.9 20.26419 14
112.0 20.28001 14
112.1 20.22002 14
112.2 20.23722 14
112.3 20.25442 14
112.4 20.27303 14
112.5 20.29023 14
112.6 20.12578 14
112.7 20.14297 14
112.8 20.16130 14
112.9 20.17996 14
113.0 20.19716 14
113.1 20.21876 14
113.2 20.23596 14
113.3 20.25317 14
113.4 20.27333 14
113.5 20.29054 14
113.6 20.12764 14
113.7 20.14485 14
113.8 20.16462 14
113.9 20.18491 14
114.0 20.20213 14
114.1 20.22378 14
114.2 20.24099 14
114.3 20.26119 14
114.4 20.27995 14
114.5 20.29869 14
114.6 20.13735 14
114.7 20.15458 14
114.8 20.26969 14
114.9 20.28678 14
115.0 20.30695 14
115.1 20.14239 14
115.2 20.16065 14
115.3 20.18377 14
115.4 20.20087 14
115.5 20.22395 14
115.6 20.24104 14
115.7 20.26572 14
115.8 20.28132 14
115.9 20.30305 14
116.0 20.14005 14
116.1 20.15872 14
116.2 20.18303 14
116.3 20.20171 14
116.4 20.22482 14
116.5 20.24350 14
116.6 20.26821 14
116.7 20.28691 14
116.8 20.12861 14
116.9 20.14575 14
117.0 20.17321 14
117.1 20.19192 14
117.2 20.21504 14
117.3 20.23686 14
117.4 20.25714 14
117.5 20.17483 14
117.6 20.19339 14
117.7 20.21947 14
117.8 20.23805 14
117.9 20.26116 14
118.0 20.28436 14
118.1 20.30450 14
118.2 20.14454 14
118.3 20.17346 14
118.4 20.19207 14
118.5 20.21974 14
118.6 20.24147 14
118.7 20.26767 14
118.8 20.28788 14
118.9 20.13413 14
119.0 20.15434 14
119.1 20.18329 14
119.2 20.20817 14
119.3 20.23435 14
119.4 20.25459 14
119.5 20.28090 14
119.6 20.30422 14
119.7 20.14592 14
119.8 20.17495 14
119.9 20.25427 14
120.0 20.28043 14
120.1 20.30206 14
120.2 20.14515 14
120.3 20.17404 14
120.4 20.19416 14
120.5 20.22351 14
120.6 20.24521 14
120.7 20.27296 14
120.8 20.29312 14
120.9 20.13779 14
121.0 20.15797 14
121.1 20.24468 14
121.2 20.27071 14
121.3 20.29230 14
121.4 20.13683 14
121.5 20.15686 14
121.6 20.18565 14
121.7 20.21353 14
121.8 20.23669 14
121.9 20.25676 14
122.0 20.28290 14
122.1 20.30758 14
122.2 20.14912 14
122.3 20.17797 14
122.4 20.25589 14
122.5 20.28189 14
122.6 20.30489 14
122.7 20.14626 14
122.8 20.17498 14
122.9 20.19493 14
123.0 20.22445 14
123.1 20.24597 14
123.2 20.27355 14
123.3 20.29354 14
123.4 20.13804 14
123.5 20.15804 14
123.6 20.24492 14
123.7 20.27078 14
123.8 20.29220 14
123.9 20.13655 14
124.0 20.15642 14
124.1 20.18503 14
124.2 20.20989 14
124.3 20.23608 14
124.4 20.25598 14
124.5 20.28195 14
124.6 20.30492 14
124.7 20.14626 14
124.8 20.17495 14
124.9 20.25461 14
125.0 20.28044 14
125.1 20.30172 14
125.2 20.14292 14
125.3 20.16993 14
125.4 20.19279 14
125.5 20.22249 14
125.6 20.24385 14
125.7 20.26969 14
125.8 20.28952 14
125.9 20.13539 14
126.0 20.15523 14
126.1 20.24179 14
126.2 20.26802 14
126.3 20.28771 14
126.4 20.13344 14
126.5 20.15313 14
126.6 20.18007 14
126.7 20.19977 14
126.8 20.22803 14
126.9 20.25237 14
127.0 20.27662 14
127.1 20.29790 14
127.2 20.14059 14
127.3 20.16757 14
127.4 20.24730 14
127.5 20.27466 14
127.6 20.29426 14
127.7 20.13836 14
127.8 20.15797 14
127.9 20.18633 14
128.0 20.21093 14
128.1 20.23742 14
128.2 20.25707 14
128.3 20.28278 14
128.4 20.30550 14
128.5 20.14658 14
128.6 20.17501 14
128.7 20.25479 14
128.8 20.28056 14
128.9 20.30159 14
129.0 20.14253 14
129.1 20.16928 14
129.2 20.19034 14
129.3 20.22116 14
129.4 20.24302 14
129.5 20.26859 14
129.6 20.28817 14
129.7 20.13379 14
129.8 20.15336 14
129.9 20.23782 14
130.0 20.25848 14
130.1 20.28417 14
130.2 20.30667 14
130.3 20.14753 14
130.4 20.17574 14
130.5 20.19518 14
130.6 20.22473 14
130.7 20.24634 14
130.8 20.27184 14
130.9 20.29132 14
131.0 20.13686 14
131.1 20.15635 14
131.2 20.24257 14
131.3 20.26904 14
131.4 20.28860 14
131.5 20.13093 14
131.6 20.15335 14
131.7 20.17994 14
131.8 20.19931 14
131.9 20.22742 14
132.0 20.25203 14
132.1 20.27594 14
132.2 20.29688 14
132.3 20.13923 14
132.4 20.15864 14
132.5 20.24492 14
132.6 20.27134 14
132.7 20.29082 14
132.8 20.13613 14
132.9 20.15540 14
133.0 20.18192 14
133.1 20.20428 14
133.2 20.22923 14
133.3 20.25397 14
133.4 20.27935 14
133.5 20.29865 14
133.6 20.14092 14
133.7 20.16025 14
133.8 20.24661 14
133.9 20.27278 14
134.0 20.29393 14
134.1 20.13761 14
134.2 20.15679 14
134.3 20.18323 14
134.4 20.20704 14
134.5 20.23037 14
134.6 20.25503 14
134.7 20.28054 14
134.8 20.30129 14
134.9 20.14195 14
135.0 20.16842 14
135.1 20.24746 14
135.2 20.27510 14
135.3 20.29484 14
135.4 20.13843 14
135.5 20.15754 14
135.6 20.18389 14
135.7 20.20933 14
135.8 20.23106 14
135.9 20.25566 14
136.0 20.28110 14
136.1 20.30176 14
136.2 20.14234 14
136.3 20.16872 14
136.4 20.24768 14
136.5 20.27524 14
136.6 20.29512 14
136.7 20.13863 14
136.8 20.15765 14
136.9 20.18392 14
137.0 20.20912 14
137.1 20.23073 14
137.2 20.25523 14
137.3 20.28103 14
137.4 20.30161 14
137.5 20.14210 14
137.6 20.16117 14
137.7 20.24728 14
137.8 20.27320 14
137.9 20.29455 14
138.0 20.13821 14
138.1 20.15715 14
138.2 20.18334 14
138.3 20.20537 14
138.4 20.22999 14
138.5 20.25440 14
138.6 20.28035 14
138.7 20.29932 14
138.8 20.14126 14
138.9 20.16025 14
139.0 20.24629 14
139.1 20.27213 14
139.2 20.29162 14
139.3 20.13721 14
139.4 20.15607 14
139.5 20.18217 14
139.6 20.20104 14
139.7 20.22866 14
139.8 20.25299 14
139.9 20.27706 14
140.0 20.29798 14
140.1 20.13984 14
140.2 20.15875 14
140.3 20.24454 14
140.4 20.27026 14
140.5 20.28989 14
140.6 20.13539 14
140.7 20.15441 14
140.8 20.18043 14
140.9 20.19767 14
141.0 20.22656 14
141.1 20.24771 14
141.2 20.27344 14
141.3 20.29453 14
141.4 20.13785 14
141.5 20.15668 14
141.6 20.24052 14
141.7 20.26028 14
141.8 20.28738 14
141.9 20.30852 14
142.0 20.14913 14
142.1 20.17660 14
142.2 20.19530 14
142.3 20.22392 14
142.4 20.24518 14
142.5 20.27059 14
142.6 20.29004 14
142.7 20.13225 14
142.8 20.15406 14
142.9 20.17851 14
143.0 20.25735 14
143.1 20.28282 14
143.2 20.30383 14
143.3 20.14459 14
143.4 20.17069 14
143.5 20.19084 14
143.6 20.21750 14
143.7 20.24035 14
143.8 20.25965 14
143.9 20.28529 14
144.0 20.30777 14
144.1 20.14785 14
144.2 20.17221 14
144.3 20.25390 14
144.4 20.27793 14
144.5 20.29866 14
144.6 20.14084 14
144.7 20.16013 14
144.8 20.18743 14
144.9 20.21080 14
145.0 20.23176 14
145.1 20.25577 14
145.2 20.28132 14
145.3 20.30215 14
145.4 20.14267 14
145.5 20.16125 14
145.6 20.24688 14
145.7 20.27212 14
145.8 20.29141 14
145.9 20.13660 14
146.0 20.15579 14
146.1 20.18202 14
146.2 20.20048 14
146.3 20.22751 14
146.4 20.24834 14
146.5 20.27375 14
146.6 20.29297 14
146.7 20.13828 14
146.8 20.15705 14
146.9 20.24058 14
147.0 20.26003 14
147.1 20.28528 14
147.2 20.30740 14
147.3 20.14791 14
147.4 20.17275 14
147.5 20.19293 14
147.6 20.22261 14
147.7 20.24197 14
147.8 20.26114 14
147.9 20.28643 14
148.0 20.30867 14
148.1 20.14931 14
148.2 20.17343 14
148.3 20.25488 14
148.4 20.27867 14
148.5 20.29916 14
148.6 20.14111 14
148.7 20.16016 14
148.8 20.18803 14
148.9 20.21116 14
149.0 20.23189 14
149.1 20.25566 14
149.2 20.27942 14
149.3 20.30004 14
149.4 20.14211 14
149.5 20.16101 14
149.6 20.24623 14
149.7 20.27140 14
149.8 20.29047 14
149.9 20.13236 14
150.0 20.15286 14
150.1 20.17909 14
150.2 20.19787 14
150.3 20.22602 14
150.4 20.24681 14
150.5 20.27175 14
150.6 20.29072 14
150.7 20.13271 14
150.8 20.15484 14
150.9 20.17938 14
151.0 20.25774 14
151.1 20.28274 14
151.2 20.30328 14
151.3 20.14357 14
151.4 20.16244 14
151.5 20.19021 14
151.6 20.21370 14
151.7 20.23886 14
151.8 20.25789 14
151.9 20.28282 14
152.0 20.30326 14
152.1 20.14365 14
152.2 20.16263 14
152.3 20.24819 14
152.4 20.27325 14
152.5 20.29195 14
152.6 20.13674 14
152.7 20.15555 14
152.8 20.18166 14
152.9 20.20056 14
153.0 20.22749 14
153.1 20.24794 14
153.2 20.27273 14
153.3 20.29154 14
153.4 20.13493 14
153.5 20.15536 14
153.6 20.18157 14
153.7 20.25852 14
153.8 20.28337 14
153.9 20.30376 14
154.0 20.14389 14
154.1 20.16261 14
154.2 20.19023 14
154.3 20.21415 14
154.4 20.23916 14
154.5 20.25803 14
154.6 20.28282 14
154.7 20.30310 14
154.8 20.14334 14
154.9 20.16217 14
155.0 20.24816 14
155.1 20.27286 14
155.2 20.29162 14
155.3 20.13320 14
155.4 20.15339 14
155.5 20.17933 14
155.6 20.19808 14
155.7 20.22699 14
155.8 20.24729 14
155.9 20.27193 14
156.0 20.29059 14
156.1 20.12917 14
156.2 20.15103 14
156.3 20.17862 14
156.4 20.25756 14
156.5 20.28227 14
156.6 20.30075 14
156.7 20.14224 14
156.8 20.16084 14
156.9 20.18825 14
157.0 20.21167 14
157.1 20.23294 14
157.2 20.25626 14
157.3 20.27932 14
157.4 20.29947 14
157.5 20.14107 14
157.6 20.15977 14
157.7 20.24524 14
157.8 20.26642 14
157.9 20.28942 14
158.0 20.30954 14
158.1 20.14931 14
158.2 20.17354 14
158.3 20.19366 14
158.4 20.22206 14
158.5 20.24481 14
158.6 20.26160 14
158.7 20.28651 14
158.8 20.30633 14
158.9 20.14634 14
159.0 20.17223 14
159.1 20.25087 14
159.2 20.27784 14
159.3 20.29639 14
159.4 20.13927 14
159.5 20.15747 14
159.6 20.18321 14
159.7 20.20174 14
159.8 20.22919 14
159.9 20.24988 14
160.0 20.27453 14
160.1 20.29299 14
160.2 20.13576 14
160.3 20.15581 14
160.4 20.18011 14
160.5 20.25912 14
160.6 20.28422 14
160.7 20.30425 14
160.8 20.14400 14
160.9 20.16209 14
161.0 20.18933 14
161.1 20.21253 14
161.2 20.23719 14
161.3 20.25761 14
161.4 20.28225 14
161.5 20.30064 14
161.6 20.14176 14
161.7 20.16025 14
161.8 20.24549 14
161.9 20.26677 14
162.0 20.29017 14
162.1 20.31008 14
162.2 20.14963 14
162.3 20.17365 14
162.4 20.19355 14
162.5 20.22018 14
162.6 20.24302 14
162.7 20.26178 14
162.8 20.28623 14
162.9 20.30608 14
163.0 20.14587 14
163.1 20.17154 14
163.2 20.24979 14
163.3 20.27548 14
163.4 20.29423 14
163.5 20.13843 14
163.6 20.15666 14
163.7 20.18063 14
163.8 20.19895 14
163.9 20.22724 14
164.0 20.24852 14
164.1 20.27337 14
164.2 20.29159 14
164.3 20.12974 14
164.4 20.15115 14
164.5 20.17831 14
164.6 20.25683 14
164.7 20.28078 14
164.8 20.30103 14
164.9 20.14208 14
165.0 20.16025 14
165.1 20.18572 14
165.2 20.20399 14
165.3 20.23105 14
165.4 20.25211 14
165.5 20.27847 14
165.6 20.29664 14
165.7 20.13934 14
165.8 20.15762 14
165.9 20.24080 14
166.0 20.26026 14
166.1 20.28574 14
166.2 20.30592 14
166.3 20.14540 14
166.4 20.16336 14
166.5 20.19016 14
166.6 20.21324 14
166.7 20.23745 14
166.8 20.25845 14
166.9 20.28325 14
167.0 20.30136 14
167.1 20.14220 14
167.2 20.16040 14
167.3 20.24536 14
167.4 20.26277 14
167.5 20.29013 14
167.6 20.31041 14
167.7 20.14969 14
167.8 20.17342 14
167.9 20.19305 14
168.0 20.21922 14
168.1 20.24144 14
168.2 20.26076 14
168.3 20.28592 14
168.4 20.30549 14
168.5 20.14500 14
168.6 20.16301 14
168.7 20.24821 14
168.8 20.27327 14
168.9 20.29259 14
169.0 20.13445 14
169.1 20.15238 14
169.2 20.17915 14
169.3 20.19691 14
169.4 20.22473 14
169.5 20.24568 14
169.6 20.26650 14
169.7 20.28854 14
169.8 20.30961 14
169.9 20.14725 14
170.0 20.17257 14
170.1 20.25047 14
170.2 20.27581 14
170.3 20.29487 14
170.4 20.13998 14
170.5 20.15762 14
170.6 20.18280 14
170.7 20.19922 14
170.8 20.22717 14
170.9 20.24779 14
171.0 20.27326 14
171.1 20.29217 14
171.2 20.12997 14
171.3 20.15104 14
171.4 20.17477 14
171.5 20.25585 14
171.6 20.27912 14
171.7 20.29867 14
171.8 20.14194 14
171.9 20.15977 14
172.0 20.18463 14
172.1 20.20254 14
172.2 20.22906 14
172.3 20.24974 14
172.4 20.27540 14
172.5 20.29426 14
172.6 20.13641 14
172.7 20.15276 14
172.8 20.17951 14
172.9 20.25760 14
173.0 20.28115 14
173.1 20.30199 14
173.2 20.14367 14
173.3 20.16143 14
173.4 20.18649 14
173.5 20.20435 14
173.6 20.23082 14
173.7 20.25113 14
173.8 20.27863 14
173.9 20.29743 14
174.0 20.13973 14
174.1 20.15732 14
174.2 20.18093 14
174.3 20.25894 14
174.4 20.28398 14
174.5 20.30530 14
174.6 20.14541 14
174.7 20.16282 14
174.8 20.18786 14
174.9 20.21027 14
175.0 20.23225 14
175.1 20.25284 14
175.2 20.27974 14
175.3 20.29883 14
175.4 20.14107 14
175.5 20.15887 14
175.6 20.24157 14
175.7 20.26057 14
175.8 20.28504 14
175.9 20.30630 14
176.0 20.14670 14
176.1 20.16421 14
176.2 20.19054 14
176.3 20.21299 14
176.4 20.23329 14
176.5 20.25689 14
176.6 20.28099 14
176.7 20.30183 14
176.8 20.14221 14
176.9 20.15994 14
177.0 20.24273 14
177.1 20.26140 14
177.2 20.28645 14
177.3 20.30745 14
177.4 20.14781 14
177.5 20.17263 14
177.6 20.19179 14
177.7 20.21407 14
177.8 20.23414 14
177.9 20.25768 14
178.0 20.28385 14
178.1 20.30286 14
178.2 20.14317 14
178.3 20.16084 14
178.4 20.24356 14
178.5 20.26216 14
178.6 20.28715 14
178.7 20.31155 14
178.8 20.15029 14
178.9 20.17351 14
179.0 20.19261 14
179.1 20.21511 14
179.2 20.23844 14
179.3 20.25830 14
179.4 20.28621 14
179.5 20.30525 14
179.6 20.14424 14
179.7 20.16158 14
179.8 20.24439 14
179.9 20.26277 14
180.0 20.28770 14
180.1 20.13081 14
180.2 20.15108 14
180.3 20.17424 14
180.4 20.19327 14
180.5 20.21588 14
180.6 20.23898 14
180.7 20.25932 14
180.8 20.28699 14
180.9 20.30598 14
181.0 20.14490 14
181.1 20.16218 14
181.2 20.24648 14
181.3 20.26324 14
181.4 20.28811 14
181.5 20.13153 14
181.6 20.15199 14
181.7 20.17483 14
181.8 20.19380 14
181.9 20.21635 14
182.0 20.24090 14
182.1 20.25967 14
182.2 20.28789 14
182.3 20.30657 14
182.4 20.14544 14
182.5 20.16261 14
182.6 20.24689 14
182.7 20.26359 14
182.8 20.28840 14
182.9 20.13523 14
183.0 20.15253 14
183.1 20.17531 14
183.2 20.19422 14
183.3 20.21671 14
183.4 20.24120 14
183.5 20.25991 14
183.6 20.28845 14
183.7 20.30707 14
183.8 20.14587 14
183.9 20.16316 14
184.0 20.24720 14
184.1 20.26384 14
184.2 20.28858 14
184.3 20.13729 14
184.4 20.15297 14
184.5 20.17569 14
184.6 20.19455 14
184.7 20.21852 14
184.8 20.24141 14
184.9 20.26006 14
185.0 20.28891 14
185.1 20.30747 14
185.2 20.14621 14
185.3 20.16345 14
185.4 20.24759 14
185.5 20.26420 14
185.6 20.28869 14
185.7 20.13922 14
185.8 20.15333 14
185.9 20.17600 14
186.0 20.19479 14
186.1 20.21871 14
186.2 20.24153 14
186.3 20.26050 14
186.4 20.28930 14
186.5 20.30780 14
186.6 20.14648 14
186.7 20.16367 14
186.8 20.24775 14
186.9 20.26430 14
187.0 20.28910 14
187.1 20.13958 14
187.2 20.15363 14
187.3 20.17624 14
187.4 20.19498 14
187.5 20.21883 14
187.6 20.24160 14
187.7 20.26079 14
187.8 20.28963 14
187.9 20.30808 14
188.0 20.14670 14
188.1 20.16383 14
188.2 20.24785 14
188.3 20.26414 14
188.4 20.29169 14
188.5 20.13989 14
188.6 20.15544 14
188.7 20.17670 14
188.8 20.19511 14
188.9 20.21891 14
189.0 20.24162 14
189.1 20.26114 14
189.2 20.29144 14
189.3 20.30831 14
189.4 20.14688 14
189.5 20.16395 14
189.6 20.24791 14
189.7 20.26415 14
189.8 20.29224 14
189.9 20.14016 14
190.0 20.15566 14
190.1 20.17995 14
190.2 20.19522 14
190.3 20.21897 14
190.4 20.24201 14
190.5 20.26147 14
190.6 20.29172 14
190.7 20.30853 14
190.8 20.14704 14
190.9 20.16405 14
191.0 20.24796 14
191.1 20.26811 14
191.2 20.29256 14
191.3 20.14043 14
191.4 20.15587 14
191.5 20.18011 14
191.6 20.19532 14
191.7 20.21901 14
191.8 20.24238 14
191.9 20.26179 14
192.0 20.29198 14
192.1 20.30899 14
192.2 20.14719 14
192.3 20.16415 14
192.4 20.24800 14
192.5 20.26887 14
192.6 20.29288 14
192.7 20.14069 14
192.8 20.15608 14
192.9 20.18026 14
193.0 20.19542 14
193.1 20.22088 14
193.2 20.24276 14
193.3 20.26212 14
193.4 20.29225 14
193.5 20.30921 14
193.6 20.14735 14
193.7 20.16426 14
193.8 20.24844 14
193.9 20.27386 14
194.0 20.29322 14
194.1 20.14121 14
194.2 20.15630 14
194.3 20.18043 14
194.4 20.19554 14
194.5 20.22151 14
194.6 20.24317 14
194.7 20.26317 14
194.8 20.29255 14
194.9 20.31090 14
195.0 20.14754 14
195.1 20.16439 14
195.2 20.24920 14
195.3 20.27428 14
195.4 20.29358 14
195.5 20.14153 14
195.6 20.15808 14
195.7 20.18064 14
195.8 20.19609 14
195.9 20.22201 14
196.0 20.24381 14
196.1 20.26356 14
196.2 20.29288 14
196.3 20.31118 14
196.4 20.14777 14
196.5 20.16497 14
196.6 20.24972 14
196.7 20.27475 14
196.8 20.29399 14
196.9 20.14189 14
197.0 20.15839 14
197.1 20.18089 14
197.2 20.19668 14
197.3 20.22255 14
197.4 20.24462 14
197.5 20.26400 14
197.6 20.29327 14
197.7 20.31152 14
197.8 20.14846 14
197.9 20.17338 14
198.0 20.25047 14
198.1 20.27527 14
198.2 20.29447 14
198.3 20.14231 14
198.4 20.15876 14
198.5 20.18161 14
198.6 20.19918 14
198.7 20.22471 14
198.8 20.24518 14
198.9 20.26474 14
199.0 20.29373 14
199.1 20.31233 14
199.2 20.15076 14
199.3 20.17408 14
199.4 20.25151 14
199.5 20.27587 14
199.6 20.29571 14
199.7 20.14280 14
199.8 20.15960 14
199.9 20.18280 14
200.0 20.19993 14
200.1 20.22743 14
200.2 20.24776 14
200.3 20.26841 14
200.4 20.29427 14
200.5 20.13164 14
200.6 20.15187 14
200.7 20.17488 14
200.8 20.25224 14
200.9 20.27675 14
201.0 20.29635 14
201.1 20.14379 14
201.2 20.16079 14
201.3 20.18523 14
201.4 20.20077 14
201.5 20.22821 14
201.6 20.24850 14
201.7 20.27441 14
201.8 20.29556 14
201.9 20.13263 14
202.0 20.15282 14
202.1 20.17577 14
202.2 20.25326 14
202.3 20.27785 14
202.4 20.29960 14
202.5 20.14488 14
202.6 20.16184 14
202.7 20.18623 14
202.8 20.20171 14
202.9 20.22911 14
203.0 20.24955 14
203.1 20.27562 14
203.2 20.29712 14
203.3 20.13839 14
203.4 20.15387 14
203.5 20.17707 14
203.6 20.25451 14
203.7 20.28109 14
203.8 20.30277 14
203.9 20.14633 14
204.0 20.16295 14
204.1 20.18761 14
204.2 20.20472 14
204.3 20.23071 14
204.4 20.25124 14
204.5 20.27788 14
204.6 20.29995 14
204.7 20.14139 14
204.8 20.15853 14
204.9 20.18129 14
205.0 20.25925 14
205.1 20.28305 14
205.2 20.30696 14
205.3 20.14768 14
205.4 20.16455 14
205.5 20.18886 14
205.6 20.20621 14
205.7 20.23257 14
205.8 20.25335 14
205.9 20.28296 14
206.0 20.30292 14
206.1 20.14277 14
206.2 20.16014 14
206.3 20.18492 14
206.4 20.26146 14
206.5 20.28656 14
206.6 20.31136 14
206.7 20.14916 14
206.8 20.16781 14
206.9 20.19217 14
207.0 20.21248 14
207.1 20.23488 14
207.2 20.25882 14
207.3 20.28791 14
207.4 20.30474 14
207.5 20.14430 14
207.6 20.16203 14
207.7 20.24479 14
207.8 20.26343 14
207.9 20.28883 14
208.0 20.13276 14
208.1 20.15300 14
208.2 20.17565 14
208.3 20.19481 14
208.4 20.21755 14
208.5 20.24074 14
208.6 20.26147 14
208.7 20.28994 14
208.8 20.30801 14
208.9 20.14707 14
209.0 20.16395 14
209.1 20.24867 14
209.2 20.26897 14
209.3 20.29317 14
209.4 20.14119 14
209.5 20.15678 14
209.6 20.18118 14
209.7 20.19694 14
209.8 20.22278 14
209.9 20.24451 14
210.0 20.26417 14
210.1 20.29383 14
210.2 20.31285 14
210.3 20.15131 14
210.4 20.17425 14
210.5 20.25170 14
210.6 20.27608 14
210.7 20.29677 14
210.8 20.14388 14
210.9 20.16096 14
211.0 20.18549 14
211.1 20.20110 14
211.2 20.22863 14
211.3 20.24899 14
211.4 20.27540 14
211.5 20.29663 14
211.6 20.13844 14
211.7 20.15405 14
211.8 20.17738 14
211.9 20.25650 14
212.0 20.28167 14
212.1 20.30382 14
212.2 20.14718 14
212.3 20.16342 14
212.4 20.18832 14
212.5 20.20556 14
212.6 20.23239 14
212.7 20.25315 14
212.8 20.28215 14
212.9 20.30290 14
213.0 20.14293 14
213.1 20.16048 14
213.2 20.24304 14
213.3 20.26177 14
213.4 20.28706 14
213.5 20.31334 14
213.6 20.15158 14
213.7 20.17469 14
213.8 20.19409 14
213.9 20.21579 14
214.0 20.24009 14
214.1 20.26105 14
214.2 20.28975 14
214.3 20.30765 14
214.4 20.14653 14
214.5 20.16366 14
214.6 20.24844 14
214.7 20.26915 14
214.8 20.29296 14
214.9 20.14143 14
215.0 20.15685 14
215.1 20.18149 14
215.2 20.19749 14
215.3 20.22316 14
215.4 20.24544 14
215.5 20.26525 14
215.6 20.29451 14
215.7 20.31378 14
215.8 20.15275 14
215.9 20.17566 14
216.0 20.25351 14
216.1 20.27847 14
216.2 20.30018 14
216.3 20.14542 14
216.4 20.16275 14
216.5 20.18710 14
216.6 20.20490 14
216.7 20.23131 14
216.8 20.25145 14
216.9 20.27852 14
217.0 20.30102 14
217.1 20.14247 14
217.2 20.16031 14
217.3 20.18322 14
217.4 20.26105 14
217.5 20.28693 14
217.6 20.31024 14
217.7 20.15161 14
217.8 20.17502 14
217.9 20.19429 14
218.0 20.21587 14
218.1 20.24046 14
218.2 20.26129 14
218.3 20.29029 14
218.4 20.30848 14
218.5 20.14724 14
218.6 20.16424 14
218.7 20.24948 14
218.8 20.27488 14
218.9 20.29422 14
219.0 20.14300 14
219.1 20.15958 14
219.2 20.18258 14
219.3 20.20071 14
219.4 20.22840 14
219.5 20.24893 14
219.6 20.27550 14
219.7 20.29649 14
219.8 20.13690 14
219.9 20.15465 14
220.0 20.17773 14
220.1 20.25895 14
220.2 20.28329 14
220.3 20.30504 14
220.4 20.14820 14
220.5 20.16610 14
220.6 20.19009 14
220.7 20.21086 14
220.8 20.23470 14
220.9 20.25904 14
221.0 20.28812 14
221.1 20.30730 14
221.2 20.14639 14
221.3 20.16330 14
221.4 20.24832 14
221.5 20.26524 14
221.6 20.29326 14
221.7 20.14195 14
221.8 20.15759 14
221.9 20.18203 14
222.0 20.19980 14
222.1 20.22372 14
222.2 20.24856 14
222.3 20.27008 14
222.4 20.29638 14
222.5 20.13672 14
222.6 20.15439 14
222.7 20.17740 14
222.8 20.25895 14
222.9 20.28290 14
223.0 20.30553 14
223.1 20.14839 14
223.2 20.16621 14
223.3 20.19013 14
223.4 20.21268 14
223.5 20.23500 14
223.6 20.25968 14
223.7 20.28910 14
223.8 20.30779 14
223.9 20.14681 14
224.0 20.16407 14
224.1 20.24958 14
224.2 20.27023 14
224.3 20.29443 14
224.4 20.14306 14
224.5 20.16032 14
224.6 20.18356 14
224.7 20.20156 14
224.8 20.22952 14
224.9 20.24990 14
225.0 20.27632 14
225.1 20.29994 14
225.2 20.14157 14
225.3 20.15974 14
225.4 20.18312 14
225.5 20.26113 14
225.6 20.28641 14
225.7 20.31354 14
225.8 20.15184 14
225.9 20.17585 14
226.0 20.19531 14
226.1 20.21737 14
226.2 20.24378 14
226.3 20.26329 14
226.4 20.29400 14
226.5 20.31256 14
226.6 20.15218 14
226.7 20.17465 14
226.8 20.25367 14
226.9 20.27892 14
227.0 20.30152 14
227.1 20.14610 14
227.2 20.16381 14
227.3 20.18869 14
227.4 20.20703 14
227.5 20.23376 14
227.6 20.25875 14
227.7 20.28694 14
227.8 20.30553 14
227.9 20.14572 14
228.0 20.16353 14
228.1 20.24878 14
228.2 20.26613 14
228.3 20.29441 14
228.4 20.14294 14
228.5 20.16050 14
228.6 20.18364 14
228.7 20.20194 14
228.8 20.22980 14
228.9 20.25070 14
229.0 20.27778 14
229.1 20.30115 14
229.2 20.14268 14
229.3 20.16102 14
229.4 20.24423 14
229.5 20.26283 14
229.6 20.28883 14
229.7 20.13377 14
229.8 20.15462 14
229.9 20.17746 14
230.0 20.19765 14
230.1 20.22332 14
230.2 20.24643 14
230.3 20.26975 14
230.4 20.29659 14
230.5 20.13362 14
230.6 20.15543 14
230.7 20.18214 14
230.8 20.26016 14
230.9 20.28599 14
231.0 20.30954 14
231.1 20.15002 14
231.2 20.17585 14
231.3 20.19559 14
231.4 20.21849 14
231.5 20.24420 14
231.6 20.26470 14
231.7 20.29498 14
231.8 20.31381 14
231.9 20.15358 14
232.0 20.17647 14
232.1 20.25541 14
232.2 20.28240 14
232.3 20.30559 14
232.4 20.14884 14
232.5 20.16881 14
232.6 20.19326 14
232.7 20.21619 14
232.8 20.24138 14
232.9 20.26224 14
233.0 20.29402 14
233.1 20.31241 14
233.2 20.15228 14
233.3 20.17541 14
233.4 20.25444 14
233.5 20.28169 14
233.6 20.30449 14
233.7 20.14808 14
233.8 20.16686 14
233.9 20.19092 14
234.0 20.21574 14
234.1 20.24090 14
234.2 20.26173 14
234.3 20.29195 14
234.4 20.31070 14
234.5 20.15208 14
234.6 20.17518 14
234.7 20.25419 14
234.8 20.27947 14
234.9 20.30457 14
235.0 20.14814 14
235.1 20.16689 14
235.2 20.19092 14
235.3 20.21530 14
235.4 20.24124 14
235.5 20.26204 14
235.6 20.29376 14
235.7 20.31250 14
235.8 20.15231 14
235.9 20.17620 14
236.0 20.25476 14
236.1 20.28195 14
236.2 20.30545 14
236.3 20.14862 14
236.4 20.17513 14
236.5 20.19436 14
236.6 20.21667 14
236.7 20.24353 14
236.8 20.26320 14
236.9 20.29529 14
237.0 20.31400 14
237.1 20.15365 14
237.2 20.17752 14
237.3 20.25913 14
237.4 20.28425 14
237.5 20.30960 14
237.6 20.14993 14
237.7 20.17642 14
237.8 20.19601 14
237.9 20.21917 14
238.0 20.24575 14
238.1 20.26612 14
238.2 20.29708 14
238.3 20.13393 14
238.4 20.15596 14
238.5 20.18331 14
238.6 20.26104 14
238.7 20.28892 14
238.8 20.13365 14
238.9 20.15469 14
239.0 20.17881 14
239.1 20.20008 14
239.2 20.22878 14
239.3 20.25005 14
239.4 20.27694 14
239.5 20.30185 14
239.6 20.14314 14
239.7 20.16206 14
239.8 20.24599 14
239.9 20.26540 14
240.0 20.29482 14
240.1 20.14308 14
240.2 20.16118 14
240.3 20.18641 14
240.4 20.20524 14
240.5 20.23339 14
240.6 20.25425 14
240.7 20.28626 14
240.8 20.30802 14
240.9 20.14744 14
241.0 20.16621 14
241.1 20.25190 14
241.2 20.27811 14
241.3 20.30190 14
241.4 20.14736 14
241.5 20.16702 14
241.6 20.19092 14
241.7 20.21596 14
241.8 20.24367 14
241.9 20.26324 14
242.0 20.29562 14
242.1 20.31462 14
242.2 20.15498 14
242.3 20.18265 14
242.4 20.26070 14
242.5 20.28797 14
242.6 20.13356 14
242.7 20.15452 14
242.8 20.17896 14
242.9 20.20082 14
243.0 20.22957 14
243.1 20.25096 14
243.2 20.27813 14
243.3 20.30460 14
243.4 20.14483 14
243.5 20.16393 14
243.6 20.24922 14
243.7 20.27580 14
243.8 20.29808 14
243.9 20.14555 14
244.0 20.16531 14
244.1 20.18941 14
244.2 20.21165 14
244.3 20.24096 14
244.4 20.26197 14
244.5 20.29511 14
244.6 20.31326 14
244.7 20.15436 14
244.8 20.17889 14
244.9 20.26050 14
245.0 20.28801 14
245.1 20.13394 14
245.2 20.15485 14
245.3 20.18233 14
245.4 20.20145 14
245.5 20.23057 14
245.6 20.25220 14
245.7 20.27938 14
245.8 20.30543 14
245.9 20.14601 14
246.0 20.16574 14
246.1 20.25155 14
246.2 20.27823 14
246.3 20.30193 14
246.4 20.14792 14
246.5 20.17542 14
246.6 20.19416 14
246.7 20.21805 14
246.8 20.24580 14
246.9 20.26678 14
247.0 20.29837 14
247.1 20.14227 14
247.2 20.16104 14
247.3 20.24563 14
247.4 20.26567 14
247.5 20.29494 14
247.6 20.14384 14
247.7 20.16286 14
247.8 20.18806 14
247.9 20.20784 14
248.0 20.23655 14
248.1 20.26188 14
248.2 20.29534 14
248.3 20.31382 14
248.4 20.15445 14
248.5 20.18280 14
248.6 20.26113 14
248.7 20.29000 14
248.8 20.13802 14
248.9 20.15812 14
249.0 20.18435 14
249.1 20.20340 14
249.2 20.23332 14
249.3 20.25502 14
249.4 20.28968 14
249.5 20.30980 14
249.6 20.15028 14
249.7 20.17705 14
249.8 20.25601 14
249.9 20.28670 14
250.0 20.13370 14
