15.0 1.57798 13 0.11345
15.1 1.59045 13 0.12023
15.2 1.60265 13 0.12489
15.3 1.61488 13 0.13099
15.4 1.62713 13 0.13771
15.5 1.63907 13 0.14247
15.6 1.65137 13 0.15110
15.7 1.66371 13 0.15685
15.8 1.67569 13 0.16439
15.9 1.77283 13 0.17868
16.0 1.78322 13 0.18447
16.1 1.79222 13 0.19417
16.2 1.80270 13 0.19458
16.3 1.81274 13 0.19768
16.4 1.82413 13 0.19752
16.5 1.83489 13 0.19982
16.6 1.84568 13 0.20240
16.7 1.85709 13 0.20425
16.8 1.86909 13 0.20569
16.9 1.88125 13 0.20736
17.0 1.89236 13 0.21053
17.1 1.90551 13 0.21118
17.2 1.91854 13 0.21298
17.3 1.93032 13 0.21606
17.4 1.94383 13 0.21741
17.5 1.95657 13 0.22009
17.6 1.97110 13 0.22134
17.7 1.98264 13 0.22452
17.8 1.99799 13 0.22618
17.9 2.01102 13 0.22875
18.0 2.02829 13 0.22943
18.1 2.03916 13 0.23372
18.2 2.05822 13 0.23409
18.3 2.06943 13 0.23783
18.4 2.08411 13 0.24026
18.5 2.09894 13 0.24274
18.6 2.11236 13 0.24577
18.7 2.13239 13 0.24678
18.8 2.14503 13 0.25020
18.9 2.16195 13 0.25242
19.0 2.17870 13 0.25481
19.1 2.19385 13 0.25769
19.2 2.20881 13 0.26068
19.3 2.22826 13 0.26266
19.4 2.25309 13 0.26361
19.5 2.26870 13 0.26670
19.6 2.28536 13 0.26915
19.7 2.30127 13 0.27225
19.8 2.32292 13 0.27435
19.9 2.33885 13 0.27756
20.0 2.35490 13 0.28030
20.1 2.37572 13 0.28278
20.2 2.39443 13 0.28566
20.3 2.41042 13 0.28853
20.4 2.43953 13 0.29002
20.5 2.45563 13 0.29345
20.6 2.47846 13 0.29552
20.7 2.49400 13 0.29907
20.8 2.52729 14 0.30131
20.9 2.54834 14 0.30440
21.0 2.58312 14 0.30686
21.1 2.60723 14 0.30976
21.2 2.63769 14 0.31270
21.3 2.66801 14 0.31520
21.4 2.69738 14 0.31834
21.5 2.73109 14 0.32071
21.6 2.76161 14 0.32388
21.7 2.79809 14 0.32846
21.8 2.84034 14 0.33360
21.9 2.87741 14 0.33833
22.0 2.87378 14 0.33646
22.1 2.90350 14 0.33930
22.2 2.93038 14 0.34232
22.3 2.84773 14 0.34792
22.4 2.84608 14 0.34776
22.5 2.84722 14 0.34787
22.6 2.85363 14 0.34850
22.7 2.85428 14 0.34856
22.8 2.85561 14 0.34870
22.9 2.85995 14 0.34912
23.0 2.86573 14 0.34969
23.1 2.86374 14 0.34949
23.2 2.87115 14 0.35022
23.3 2.87018 14 0.35012
23.4 2.87514 14 0.35061
23.5 2.87981 14 0.35107
23.6 2.88045 14 0.35113
23.7 2.88493 14 0.35157
23.8 2.89199 14 0.35225
23.9 2.89857 14 0.35289
24.0 2.90282 14 0.35331
24.1 2.90226 14 0.35325
24.2 2.90703 14 0.35371
24.3 2.91288 14 0.35428
24.4 2.91449 14 0.35444
24.5 2.92038 14 0.35501
24.6 2.92668 14 0.35561
24.7 2.93151 14 0.35608
24.8 2.93595 14 0.35651
24.9 2.94014 14 0.35691
25.0 2.94531 14 0.35741
25.1 2.94804 14 0.35767
25.2 2.95475 14 0.35832
25.3 2.95879 14 0.35870
25.4 2.96139 14 0.35895
25.5 2.96790 14 0.35958
25.6 2.97339 14 0.36010
25.7 2.97800 14 0.36054
25.8 2.98220 14 0.36094
25.9 2.98538 14 0.36124
26.0 2.98700 14 0.36140
26.1 3.00143 14 0.36277
26.2 3.00524 14 0.36313
26.3 3.00728 14 0.36332
26.4 3.01007 14 0.36359
26.5 3.01294 14 0.36386
26.6 3.02183 14 0.36470
26.7 3.02517 14 0.36501
26.8 3.02949 14 0.36542
26.9 3.03454 14 0.36590
27.0 3.04043 14 0.36645
27.1 3.04326 14 0.36672
27.2 3.05055 14 0.36740
27.3 3.05101 14 0.36744
27.4 3.05642 14 0.36795
27.5 3.06084 14 0.36836
27.6 3.07255 14 0.36946
27.7 3.07549 14 0.36973
27.8 3.08449 14 0.37057
27.9 3.08869 14 0.37096
28.0 3.09771 14 0.37180
28.1 3.09859 14 0.37188
28.2 3.11013 14 0.37295
28.3 3.11231 14 0.37315
28.4 3.11965 14 0.37383
28.5 3.12672 14 0.37448
28.6 3.13292 14 0.37505
28.7 3.13731 14 0.37545
28.8 3.14577 14 0.37623
28.9 3.15182 14 0.37678
29.0 3.15755 14 0.37730
29.1 3.16455 14 0.37794
29.2 3.16765 14 0.37823
29.3 3.17462 14 0.37886
29.4 3.18021 14 0.37937
29.5 3.18777 14 0.38006
29.6 3.19341 14 0.38057
29.7 3.19905 14 0.38108
29.8 3.20462 14 0.38158
29.9 3.20823 14 0.38191
30.0 3.20917 14 0.38200
30.1 3.21249 14 0.38229
30.2 3.21863 14 0.38285
30.3 3.23080 14 0.38394
30.4 3.23408 14 0.38424
30.5 3.23774 14 0.38457
30.6 3.24136 14 0.38489
30.7 3.24940 14 0.38561
30.8 3.24986 14 0.38565
30.9 3.25908 14 0.38648
31.0 3.26168 14 0.38671
31.1 3.27198 14 0.38763
31.2 3.27330 14 0.38775
31.3 3.27916 14 0.38827
31.4 3.28235 14 0.38855
31.5 3.29354 14 0.38955
31.6 3.29401 14 0.38959
31.7 3.30641 14 0.39069
31.8 3.31120 14 0.39111
31.9 3.32281 14 0.39214
32.0 3.31643 14 0.39157
32.1 3.33197 14 0.39294
32.2 3.33533 14 0.39324
32.3 3.34186 14 0.39381
32.4 3.34378 14 0.39398
32.5 3.35454 14 0.39492
32.6 3.36157 14 0.39554
32.7 3.36764 14 0.39607
32.8 3.37359 14 0.39659
32.9 3.37913 14 0.39707
33.0 3.38282 14 0.39739
33.1 3.38633 14 0.39770
33.2 3.39845 14 0.39875
33.3 3.40505 14 0.39932
33.4 3.41089 14 0.39983
33.5 3.41654 14 0.40032
33.6 3.42058 14 0.40067
33.7 3.42597 14 0.40113
33.8 3.42727 14 0.40124
33.9 3.43264 14 0.40171
34.0 3.44229 14 0.40254
34.1 3.44567 14 0.40283
34.2 3.44734 14 0.40297
34.3 3.45865 14 0.40394
34.4 3.45996 14 0.40405
34.5 3.45758 14 0.40385
34.6 3.47215 14 0.40510
34.7 3.47401 14 0.40525
34.8 3.47860 14 0.40565
34.9 3.48482 14 0.40618
35.0 3.56342 14 0.40809
35.1 3.56559 14 0.40828
35.2 3.56911 14 0.40858
35.3 3.57398 14 0.40899
35.4 3.58345 14 0.40980
35.5 3.58681 14 0.41008
35.6 3.59296 14 0.41060
35.7 3.60242 14 0.41140
35.8 3.61137 14 0.41215
35.9 3.60939 14 0.41199
36.0 3.61809 14 0.41272
36.1 3.62686 14 0.41346
36.2 3.63385 14 0.41404
36.3 3.63841 14 0.41443
36.4 3.64404 14 0.41490
36.5 3.65127 14 0.41550
36.6 3.65548 14 0.41585
36.7 3.65709 14 0.41599
36.8 3.66776 14 0.41688
36.9 3.66870 14 0.41696
37.0 3.67094 14 0.41714
37.1 3.67895 14 0.41781
37.2 3.68480 14 0.41830
37.3 3.68859 14 0.41861
37.4 3.68951 14 0.41869
37.5 3.69965 14 0.41953
37.6 3.70802 14 0.42022
37.7 3.71068 14 0.42044
37.8 3.71212 14 0.42056
37.9 3.71767 14 0.42102
38.0 3.72697 14 0.42178
38.1 3.72882 14 0.42193
38.2 3.72557 14 0.42167
38.3 3.73324 14 0.42230
38.4 3.74102 14 0.42294
38.5 3.74025 14 0.42287
38.6 3.75197 14 0.42384
38.7 3.75323 14 0.42394
38.8 3.75387 14 0.42399
38.9 3.76478 14 0.42488
39.0 3.76544 14 0.42494
39.1 3.77059 14 0.42536
39.2 3.77687 14 0.42587
39.3 3.78597 14 0.42661
39.4 3.78820 14 0.42679
39.5 3.79282 14 0.42717
39.6 3.79955 14 0.42772
39.7 3.80791 14 0.42840
39.8 3.81615 14 0.42906
39.9 3.81576 14 0.42903
40.0 3.81779 14 0.42920
40.1 3.82873 14 0.43008
40.2 3.82865 14 0.43008
40.3 3.83905 14 0.43092
40.4 3.84440 14 0.43135
40.5 3.84949 14 0.43176
40.6 3.85166 14 0.43193
40.7 3.85447 14 0.43216
40.8 3.86115 14 0.43269
40.9 3.86118 14 0.43270
41.0 3.86746 14 0.43320
41.1 3.87384 14 0.43371
41.2 3.87894 14 0.43412
41.3 3.88330 14 0.43447
41.4 3.88654 14 0.43473
41.5 3.89649 14 0.43552
41.6 3.89765 14 0.43562
41.7 3.90168 14 0.43594
41.8 3.90559 14 0.43625
41.9 3.90886 14 0.43651
42.0 3.91898 14 0.43731
42.1 3.91365 14 0.43689
42.2 3.92053 14 0.43744
42.3 3.92997 14 0.43819
42.4 3.92849 14 0.43807
42.5 3.93374 14 0.43849
42.6 3.94001 14 0.43898
42.7 3.94263 14 0.43919
42.8 3.94351 14 0.43926
42.9 3.95331 14 0.44003
43.0 3.94965 14 0.43974
43.1 3.95723 14 0.44034
43.2 3.96011 14 0.44057
43.3 3.96335 14 0.44083
43.4 3.96838 14 0.44122
43.5 3.97617 14 0.44184
43.6 3.97607 14 0.44183
43.7 3.98635 14 0.44277
43.8 3.99378 14 0.44347
43.9 3.99356 14 0.44345
44.0 3.99578 14 0.44365
44.1 4.00530 14 0.44454
44.2 4.01107 14 0.44507
44.3 4.00440 14 0.44445
44.4 4.01249 14 0.44520
44.5 4.01789 14 0.44570
44.6 4.02218 14 0.44610
44.7 4.02288 14 0.44617
44.8 4.02674 14 0.44653
44.9 4.03033 14 0.44686
45.0 4.03665 14 0.44744
45.1 4.04221 14 0.44796
45.2 4.04615 14 0.44832
45.3 4.05150 14 0.44881
45.4 4.05258 14 0.44891
45.5 4.05421 14 0.44906
45.6 4.06231 14 0.44981
45.7 4.06571 14 0.45012
45.8 4.06721 14 0.45026
45.9 4.06869 14 0.45040
46.0 4.06979 14 0.45050
46.1 4.07269 14 0.45077
46.2 4.07816 14 0.45127
46.3 4.08166 14 0.45159
46.4 4.08389 14 0.45180
46.5 4.08515 14 0.45191
46.6 4.08508 14 0.45190
46.7 4.09361 14 0.45269
46.8 4.09338 14 0.45267
46.9 4.09449 14 0.45277
47.0 4.10179 14 0.45344
47.1 4.10245 14 0.45350
47.2 4.10129 14 0.45339
47.3 4.10912 14 0.45411
47.4 4.11269 14 0.45443
47.5 4.11369 14 0.45453
47.6 4.11589 14 0.45473
47.7 4.11877 14 0.45499
47.8 4.12035 14 0.45513
47.9 4.12789 14 0.45582
48.0 4.13213 14 0.45621
48.1 4.13855 14 0.45679
48.2 4.13885 14 0.45682
48.3 4.14585 14 0.45746
48.4 4.15143 14 0.45797
48.5 4.15140 14 0.45796
48.6 4.14836 14 0.45769
48.7 4.15578 14 0.45836
48.8 4.16117 14 0.45885
48.9 4.16133 14 0.45887
49.0 4.17022 14 0.45967
49.1 4.17224 14 0.45986
49.2 4.17828 14 0.46040
49.3 4.18234 14 0.46077
49.4 4.18581 14 0.46109
49.5 4.18870 14 0.46135
49.6 4.18870 14 0.46135
49.7 4.19349 14 0.46178
49.8 4.19281 14 0.46172
49.9 4.20171 14 0.46252
50.0 4.20568 14 0.46288
50.1 4.20896 14 0.46318
50.2 4.21215 14 0.46347
50.3 4.21186 14 0.46344
50.4 4.21478 14 0.46370
50.5 4.21604 14 0.46382
50.6 4.21838 14 0.46403
50.7 4.21982 14 0.46416
50.8 4.21888 14 0.46407
50.9 4.23010 14 0.46508
51.0 4.22741 14 0.46484
51.1 4.23210 14 0.46526
51.2 4.23335 14 0.46538
51.3 4.23463 14 0.46549
51.4 4.24055 14 0.46602
51.5 4.24154 14 0.46611
51.6 4.24220 14 0.46617
51.7 4.25029 14 0.46690
51.8 4.25120 14 0.46698
51.9 4.25041 14 0.46691
52.0 4.26020 14 0.46779
52.1 4.25645 14 0.46745
52.2 4.25985 14 0.46775
52.3 4.25670 14 0.46747
52.4 4.25854 14 0.46764
52.5 4.26259 14 0.46800
52.6 4.26644 14 0.46834
52.7 4.26921 14 0.46859
52.8 4.27294 14 0.46893
52.9 4.27372 14 0.46900
53.0 4.28190 14 0.46973
53.1 4.28858 14 0.47032
53.2 4.29345 14 0.47076
53.3 4.28928 14 0.47039
53.4 4.29493 14 0.47089
53.5 4.30213 14 0.47153
53.6 4.30806 14 0.47206
53.7 4.30592 14 0.47187
53.8 4.30819 14 0.47207
53.9 4.31400 14 0.47259
54.0 4.31293 14 0.47249
54.1 4.31155 14 0.47237
54.2 4.31994 14 0.47312
54.3 4.31992 14 0.47312
54.4 4.32456 14 0.47353
54.5 4.32813 14 0.47384
54.6 4.33135 14 0.47413
54.7 4.33312 14 0.47429
54.8 4.33915 14 0.47482
54.9 4.34073 14 0.47496
55.0 4.34284 14 0.47515
55.1 4.34900 14 0.47569
55.2 4.35267 14 0.47602
55.3 4.35565 14 0.47628
55.4 4.35833 14 0.47652
55.5 4.35816 14 0.47651
55.6 4.35811 14 0.47650
55.7 4.36370 14 0.47700
55.8 4.36340 14 0.47697
55.9 4.36171 14 0.47682
56.0 4.36681 14 0.47727
56.1 4.37452 14 0.47795
56.2 4.37119 14 0.47766
56.3 4.37634 14 0.47811
56.4 4.37516 14 0.47801
56.5 4.37599 14 0.47808
56.6 4.38677 14 0.47903
56.7 4.38765 14 0.47911
56.8 4.38476 14 0.47886
56.9 4.38619 14 0.47898
57.0 4.39606 14 0.47985
57.1 4.39106 14 0.47941
57.2 4.39622 14 0.47987
57.3 4.39747 14 0.47998
57.4 4.40483 14 0.48062
57.5 4.40575 14 0.48070
57.6 4.40681 14 0.48080
57.7 4.40157 14 0.48034
57.8 4.40420 14 0.48057
57.9 4.40803 14 0.48091
58.0 4.41090 14 0.48116
58.1 4.41245 14 0.48129
58.2 4.41028 14 0.48110
58.3 4.41617 14 0.48162
58.4 4.42103 14 0.48205
58.5 4.42542 14 0.48243
58.6 4.42975 14 0.48281
58.7 4.43418 14 0.48320
58.8 4.43405 14 0.48319
58.9 4.44303 14 0.48398
59.0 4.44158 14 0.48385
59.1 4.44558 14 0.48420
59.2 4.44894 14 0.48449
59.3 4.45088 14 0.48466
59.4 4.45833 14 0.48531
59.5 4.46198 14 0.48563
59.6 4.45557 14 0.48507
59.7 4.46389 14 0.48580
59.8 4.46034 14 0.48549
59.9 4.46329 14 0.48575
60.0 4.46607 14 0.48599
60.1 4.46759 14 0.48612
60.2 4.46900 14 0.48624
60.3 4.48012 14 0.48721
60.4 4.48474 14 0.48762
60.5 4.48098 14 0.48729
60.6 4.48004 14 0.48721
60.7 4.48723 14 0.48783
60.8 4.49067 14 0.48813
60.9 4.49329 14 0.48836
61.0 4.49147 14 0.48820
61.1 4.49421 14 0.48844
61.2 4.49690 14 0.48867
61.3 4.50312 14 0.48921
61.4 4.50215 14 0.48913
61.5 4.50588 14 0.48945
61.6 4.49974 14 0.48892
61.7 4.50643 14 0.48950
61.8 4.51503 14 0.49025
61.9 4.51553 14 0.49029
62.0 4.51758 14 0.49047
62.1 4.51389 14 0.49015
62.2 4.51531 14 0.49027
62.3 4.51479 14 0.49023
62.4 4.51818 14 0.49052
62.5 4.51094 14 0.48989
62.6 4.52056 14 0.49073
62.7 4.53033 14 0.49157
62.8 4.53660 14 0.49212
62.9 4.53866 14 0.49229
63.0 4.54455 14 0.49280
63.1 4.55114 14 0.49337
63.2 4.55629 14 0.49382
63.3 4.55901 14 0.49405
63.4 4.56230 14 0.49434
63.5 4.55698 14 0.49388
63.6 4.55985 14 0.49412
63.7 4.56364 14 0.49445
63.8 4.56777 14 0.49481
63.9 4.57176 14 0.49515
64.0 4.57583 14 0.49550
64.1 4.58215 14 0.49605
64.2 4.58230 14 0.49606
64.3 4.58483 14 0.49628
64.4 4.59090 14 0.49680
64.5 4.59931 14 0.49752
64.6 4.61217 14 0.49862
64.7 4.61603 14 0.49895
64.8 4.62518 14 0.49973
64.9 4.63280 14 0.50039
65.0 4.63604 14 0.50066
65.1 4.64211 14 0.50118
65.2 4.64517 14 0.50144
65.3 4.65615 14 0.50238
65.4 4.66111 14 0.50280
65.5 4.66816 14 0.50340
65.6 4.66108 14 0.50280
65.7 4.66817 14 0.50340
65.8 4.66699 14 0.50330
65.9 4.66787 14 0.50338
66.0 4.66575 14 0.50320
66.1 4.66978 14 0.50354
66.2 4.66943 14 0.50351
66.3 4.67306 14 0.50382
66.4 4.67377 14 0.50388
66.5 4.68177 14 0.50456
66.6 4.68695 14 0.50500
66.7 4.69074 14 0.50532
66.8 4.70268 14 0.50633
66.9 4.70709 14 0.50671
67.0 4.71735 14 0.50758
67.1 4.72289 14 0.50804
67.2 4.73064 14 0.50870
67.3 4.73588 14 0.50914
67.4 4.74171 14 0.50963
67.5 4.74602 14 0.51000
67.6 4.74083 14 0.50956
67.7 4.74526 14 0.50993
67.8 4.74752 14 0.51012
67.9 4.75396 14 0.51067
68.0 4.75532 14 0.51078
68.1 4.76691 14 0.51176
68.2 4.77766 14 0.51266
68.3 4.77726 14 0.51263
68.4 4.78800 14 0.51353
68.5 4.78935 14 0.51364
68.6 4.79013 14 0.51371
68.7 4.79325 14 0.51397
68.8 4.79693 14 0.51428
68.9 4.80164 14 0.51467
69.0 4.81039 14 0.51540
69.1 4.81571 14 0.51585
69.2 4.82072 14 0.51627
69.3 4.82210 14 0.51638
69.4 4.83150 14 0.51717
69.5 4.83674 14 0.51760
69.6 4.84702 14 0.51846
69.7 4.85629 14 0.51923
69.8 4.84338 14 0.51816
69.9 4.85370 14 0.51902
70.0 4.86150 14 0.51967
70.1 4.86793 14 0.52020
70.2 4.87207 14 0.52054
70.3 4.89197 14 0.52220
70.4 4.90165 14 0.52300
70.5 4.91081 14 0.52376
70.6 4.91882 14 0.52442
70.7 4.92318 14 0.52478
70.8 4.93662 14 0.52589
70.9 4.94464 14 0.52655
71.0 4.94857 14 0.52687
71.1 4.95950 14 0.52777
71.2 4.96682 14 0.52837
71.3 4.97210 14 0.52881
71.4 4.97975 14 0.52944
71.5 4.98456 14 0.52983
71.6 4.99749 14 0.53089
71.7 5.00949 14 0.53187
71.8 5.01172 14 0.53205
71.9 5.01341 14 0.53219
72.0 5.00974 14 0.53189
72.1 5.01393 14 0.53223
72.2 5.02648 14 0.53326
72.3 5.03007 14 0.53355
72.4 5.03409 14 0.53388
72.5 5.03915 14 0.53429
72.6 5.04359 14 0.53466
72.7 5.04852 14 0.53506
72.8 5.05412 14 0.53551
72.9 5.05980 14 0.53598
73.0 5.06566 14 0.53645
73.1 5.06818 14 0.53666
73.2 5.07934 14 0.53756
73.3 5.08816 14 0.53828
73.4 5.09265 14 0.53864
73.5 5.10181 14 0.53938
73.6 5.10898 14 0.53997
73.7 5.11453 14 0.54041
73.8 5.12465 14 0.54123
73.9 5.13753 14 0.54227
74.0 5.14652 14 0.54300
74.1 5.15279 14 0.54350
74.2 5.14354 14 0.54276
74.3 5.15231 14 0.54346
74.4 5.15952 14 0.54404
74.5 5.16712 14 0.54466
74.6 5.17848 14 0.54557
74.7 5.18195 14 0.54585
74.8 5.19392 14 0.54681
74.9 5.20215 14 0.54747
75.0 5.20907 14 0.54802
75.1 5.21380 14 0.54840
75.2 5.22232 14 0.54908
75.3 5.22807 14 0.54954
75.4 5.23452 14 0.55006
75.5 5.23942 14 0.55045
75.6 5.25071 14 0.55135
75.7 5.26010 14 0.55210
75.8 5.26409 14 0.55242
75.9 5.26631 14 0.55260
76.0 5.28231 14 0.55387
76.1 5.28441 14 0.55403
76.2 5.28739 14 0.55427
76.3 5.29270 14 0.55469
76.4 5.29877 14 0.55518
76.5 5.30401 14 0.55559
76.6 5.29128 14 0.55458
76.7 5.29761 14 0.55508
76.8 5.30327 14 0.55553
76.9 5.30965 14 0.55604
77.0 5.31614 14 0.55655
77.1 5.32175 14 0.55700
77.2 5.32854 14 0.55753
77.3 5.33412 14 0.55798
77.4 5.34563 14 0.55889
77.5 5.35334 14 0.55949
77.6 5.35686 14 0.55977
77.7 5.36448 14 0.56037
77.8 5.37143 14 0.56092
77.9 5.38061 14 0.56164
78.0 5.38837 14 0.56225
78.1 5.40261 14 0.56337
78.2 5.41166 14 0.56408
78.3 5.41976 14 0.56472
78.4 5.42508 14 0.56513
78.5 5.43746 14 0.56610
78.6 5.44477 14 0.56668
78.7 5.45403 14 0.56740
78.8 5.45620 14 0.56757
78.9 5.46490 14 0.56825
79.0 5.45377 14 0.56738
79.1 5.45608 14 0.56756
79.2 5.46455 14 0.56822
79.3 5.47068 14 0.56870
79.4 5.48173 14 0.56956
79.5 5.48656 14 0.56994
79.6 5.49325 14 0.57046
79.7 5.49832 14 0.57085
79.8 5.50473 14 0.57135
79.9 5.50837 14 0.57163
80.0 5.51596 14 0.57222
80.1 5.53139 14 0.57342
80.2 5.53195 14 0.57346
80.3 5.53800 14 0.57393
80.4 5.55131 14 0.57496
80.5 5.55363 14 0.57514
80.6 5.55743 14 0.57544
80.7 5.56310 14 0.57587
80.8 5.56910 14 0.57634
80.9 5.57421 14 0.57673
81.0 5.57885 14 0.57709
81.1 5.57870 14 0.57708
81.2 5.58696 14 0.57772
81.3 5.59391 14 0.57825
81.4 5.60247 14 0.57891
81.5 5.58714 14 0.57773
81.6 5.59199 14 0.57810
81.7 5.59885 14 0.57863
81.8 5.60883 14 0.57940
81.9 5.61560 14 0.57992
82.0 5.62483 14 0.58063
82.1 5.63193 14 0.58118
82.2 5.63374 14 0.58131
82.3 5.64126 14 0.58189
82.4 5.64862 14 0.58246
82.5 5.65903 14 0.58325
82.6 5.66523 14 0.58373
82.7 5.67691 14 0.58462
82.8 5.68224 14 0.58503
82.9 5.69547 14 0.58604
83.0 5.70372 14 0.58667
83.1 5.70868 14 0.58705
83.2 5.72097 14 0.58798
83.3 5.72556 14 0.58833
83.4 5.73609 14 0.58913
83.5 5.74365 14 0.58971
83.6 5.75045 14 0.59022
83.7 5.75637 14 0.59067
83.8 5.75999 14 0.59095
83.9 5.76851 14 0.59159
84.0 5.77278 14 0.59192
84.1 5.75875 14 0.59085
84.2 5.76085 14 0.59101
84.3 5.77127 14 0.59180
84.4 5.77228 14 0.59188
84.5 5.78180 14 0.59260
84.6 5.78193 14 0.59261
84.7 5.79187 14 0.59336
84.8 5.79935 14 0.59393
84.9 5.81360 14 0.59500
85.0 5.81299 14 0.59496
85.1 5.81430 14 0.59506
85.2 5.83340 14 0.59650
85.3 5.83117 14 0.59633
85.4 5.83982 14 0.59698
85.5 5.84052 14 0.59703
85.6 5.84521 14 0.59739
85.7 5.85344 14 0.59801
85.8 5.85890 14 0.59842
85.9 5.86327 14 0.59875
86.0 5.86350 14 0.59876
86.1 5.87246 14 0.59944
86.2 5.87885 14 0.59992
86.3 5.88244 14 0.60018
86.4 5.89581 14 0.60119
86.5 5.89891 14 0.60142
86.6 5.91066 14 0.60230
86.7 5.88709 14 0.60053
86.8 5.89791 14 0.60134
86.9 5.90203 14 0.60165
87.0 5.91277 14 0.60246
87.1 5.92002 14 0.60300
87.2 5.92656 14 0.60349
87.3 5.93005 14 0.60375
87.4 5.93822 14 0.60436
87.5 5.94610 14 0.60495
87.6 5.95220 14 0.60540
87.7 5.95707 14 0.60576
87.8 5.97034 14 0.60675
87.9 5.97878 14 0.60738
88.0 5.98534 14 0.60787
88.1 5.99079 14 0.60827
88.2 6.00403 14 0.60926
88.3 6.00908 14 0.60963
88.4 6.01977 14 0.61042
88.5 6.01591 14 0.61014
88.6 6.02259 14 0.61063
88.7 6.02912 14 0.61112
88.8 6.03551 14 0.61159
88.9 6.04159 14 0.61204
89.0 6.05863 14 0.61330
89.1 6.06238 14 0.61357
89.2 6.06889 14 0.61405
89.3 6.07280 14 0.61434
89.4 6.07876 14 0.61478
89.5 6.06239 14 0.61357
89.6 6.06887 14 0.61405
89.7 6.07281 14 0.61434
89.8 6.07863 14 0.61477
89.9 6.08126 14 0.61497
90.0 6.08836 14 0.61549
90.1 6.09492 14 0.61597
90.2 6.10887 14 0.61698
90.3 6.11200 14 0.61720
90.4 6.11455 14 0.61738
90.5 6.11897 14 0.61770
90.6 6.13100 14 0.61855
90.7 6.13659 14 0.61895
90.8 6.14029 14 0.61921
90.9 6.14433 14 0.61950
91.0 6.14527 14 0.61956
91.1 6.15390 14 0.62018
91.2 6.15870 14 0.62052
91.3 6.15877 14 0.62052
91.4 6.16746 14 0.62114
91.5 6.17246 14 0.62149
91.6 6.17898 14 0.62195
91.7 6.18722 14 0.62254
91.8 6.18955 14 0.62270
91.9 6.20337 14 0.62368
92.0 6.20791 14 0.62400
92.1 6.21659 14 0.62461
92.2 6.22553 14 0.62524
92.3 6.23262 14 0.62574
92.4 6.20886 14 0.62407
92.5 6.21304 14 0.62436
92.6 6.22316 14 0.62507
92.7 6.23048 14 0.62559
92.8 6.23705 14 0.62605
92.9 6.24352 14 0.62651
93.0 6.24994 14 0.62696
93.1 6.25624 14 0.62740
93.2 6.26203 14 0.62781
93.3 6.26655 14 0.62813
93.4 6.26812 14 0.62824
93.5 6.28719 14 0.62958
93.6 6.29507 14 0.63013
93.7 6.29929 14 0.63042
93.8 6.31287 14 0.63138
93.9 6.32004 14 0.63188
94.0 6.31597 14 0.63159
94.1 6.32336 14 0.63211
94.2 6.33004 14 0.63258
94.3 6.33656 14 0.63303
94.4 6.34300 14 0.63348
94.5 6.34940 14 0.63393
94.6 6.35567 14 0.63436
94.7 6.36187 14 0.63480
94.8 6.36775 14 0.63521
94.9 6.38657 14 0.63651
95.0 6.38912 14 0.63669
95.1 6.39619 14 0.63718
95.2 6.39897 14 0.63738
95.3 6.40541 14 0.63782
95.4 6.38827 14 0.63663
95.5 6.38872 14 0.63666
95.6 6.39822 14 0.63732
95.7 6.39752 14 0.63727
95.8 6.40687 14 0.63792
95.9 6.40749 14 0.63797
96.0 6.41627 14 0.63858
96.1 6.42347 14 0.63907
96.2 6.43487 14 0.63986
96.3 6.43298 14 0.63973
96.4 6.43576 14 0.63992
96.5 6.44556 14 0.64060
96.6 6.46175 14 0.64172
96.7 6.46433 14 0.64190
96.8 6.46786 14 0.64214
96.9 6.47022 14 0.64230
97.0 6.47437 14 0.64259
97.1 6.48114 14 0.64306
97.2 6.48086 14 0.64304
97.3 6.48956 14 0.64364
97.4 6.49444 14 0.64397
97.5 6.49689 14 0.64414
97.6 6.49916 14 0.64430
97.7 6.51313 14 0.64526
97.8 6.51959 14 0.64570
97.9 6.52880 14 0.64633
98.0 6.53441 14 0.64671
98.1 6.54389 14 0.64736
98.2 6.54781 14 0.64763
98.3 6.55404 14 0.64806
98.4 6.56354 14 0.64871
98.5 6.57096 14 0.64921
98.6 6.54437 14 0.64740
98.7 6.54740 14 0.64760
98.8 6.55454 14 0.64809
98.9 6.56382 14 0.64873
99.0 6.57111 14 0.64923
99.1 6.57771 14 0.64968
99.2 6.58396 14 0.65010
99.3 6.58992 14 0.65051
99.4 6.59520 14 0.65087
99.5 6.59938 14 0.65115
99.6 6.60223 14 0.65135
99.7 6.61284 14 0.65207
99.8 6.62255 14 0.65273
99.9 6.63443 14 0.65354
100.0 6.64349 14 0.65415
100.1 6.64729 14 0.65441
100.2 6.64417 14 0.65420
100.3 6.65249 14 0.65476
100.4 6.65945 14 0.65523
100.5 6.66594 14 0.65567
100.6 6.66929 14 0.65590
100.7 6.67304 14 0.65615
100.8 6.68037 14 0.65665
100.9 6.68596 14 0.65703
101.0 6.69257 14 0.65747
101.1 6.70307 14 0.65818
101.2 6.70901 14 0.65858
101.3 6.71482 14 0.65897
101.4 6.71983 14 0.65931
101.5 6.72358 14 0.65956
101.6 6.74130 14 0.66076
101.7 6.74939 14 0.66130
101.8 6.74988 14 0.66133
101.9 6.71840 14 0.65921
102.0 6.72264 14 0.65950
102.1 6.74208 14 0.66081
102.2 6.74756 14 0.66118
102.3 6.75118 14 0.66142
102.4 6.75599 14 0.66174
102.5 6.75897 14 0.66195
102.6 6.76474 14 0.66233
102.7 6.76625 14 0.66243
102.8 6.77584 14 0.66308
102.9 6.78788 14 0.66389
103.0 6.79009 14 0.66404
103.1 6.79266 14 0.66421
103.2 6.79546 14 0.66440
103.3 6.81439 14 0.66566
103.4 6.81678 14 0.66582
103.5 6.81915 14 0.66598
103.6 6.81930 14 0.66599
103.7 6.82775 14 0.66656
103.8 6.82564 14 0.66642
103.9 6.83662 14 0.66715
104.0 6.83931 14 0.66733
104.1 6.84454 14 0.66768
104.2 6.84965 14 0.66802
104.3 6.85291 14 0.66824
104.4 6.86162 14 0.66882
104.5 6.86854 14 0.66928
104.6 6.87701 14 0.66984
104.7 6.88378 14 0.67029
104.8 6.89192 14 0.67083
104.9 6.89389 14 0.67097
105.0 6.90560 14 0.67174
105.1 6.91298 14 0.67223
105.2 6.91720 14 0.67251
105.3 6.92118 14 0.67278
105.4 6.89381 14 0.67096
105.5 6.89802 14 0.67124
105.6 6.90786 14 0.67189
105.7 6.91467 14 0.67234
105.8 6.91546 14 0.67240
105.9 6.92367 14 0.67294
106.0 6.93235 14 0.67352
106.1 6.93944 14 0.67399
106.2 6.94569 14 0.67440
106.3 6.95113 14 0.67476
106.4 6.95580 14 0.67507
106.5 6.95882 14 0.67527
106.6 6.96390 14 0.67560
106.7 6.97425 14 0.67629
106.8 6.97963 14 0.67664
106.9 6.98322 14 0.67688
107.0 7.00194 14 0.67811
107.1 7.00453 14 0.67828
107.2 6.99909 14 0.67792
107.3 7.00868 14 0.67856
107.4 7.01606 14 0.67904
107.5 7.02273 14 0.67948
107.6 7.02287 14 0.67949
107.7 7.03270 14 0.68013
107.8 7.04115 14 0.68069
107.9 7.04818 14 0.68115
108.0 7.05437 14 0.68155
108.1 7.06011 14 0.68193
108.2 7.06524 14 0.68227
108.3 7.06931 14 0.68253
108.4 7.07132 14 0.68267
108.5 7.08173 14 0.68335
108.6 7.08777 14 0.68374
108.7 7.09286 14 0.68407
108.8 7.09729 14 0.68436
108.9 7.10000 14 0.68454
109.0 7.07123 14 0.68266
109.1 7.07893 14 0.68316
109.2 7.08693 14 0.68369
109.3 7.09202 14 0.68402
109.4 7.09658 14 0.68432
109.5 7.09967 14 0.68452
109.6 7.12169 14 0.68595
109.7 7.12697 14 0.68630
109.8 7.13106 14 0.68656
109.9 7.13311 14 0.68670
110.0 7.13821 14 0.68703
110.1 7.14085 14 0.68720
110.2 7.14706 14 0.68761
110.3 7.15386 14 0.68805
110.4 7.16273 14 0.68862
110.5 7.16628 14 0.68885
110.6 7.16412 14 0.68871
110.7 7.17307 14 0.68930
110.8 7.17171 14 0.68921
110.9 7.19608 14 0.69079
111.0 7.19809 14 0.69092
111.1 7.20082 14 0.69109
111.2 7.20099 14 0.69110
111.3 7.20861 14 0.69160
111.4 7.20720 14 0.69151
111.5 7.21706 14 0.69214
111.6 7.21796 14 0.69220
111.7 7.22566 14 0.69270
111.8 7.22726 14 0.69280
111.9 7.23389 14 0.69323
112.0 7.23397 14 0.69324
112.1 7.24817 14 0.69415
112.2 7.24981 14 0.69426
112.3 7.26294 14 0.69510
112.4 7.26826 14 0.69545
112.5 7.27522 14 0.69589
112.6 7.28407 14 0.69646
112.7 7.28600 14 0.69659
112.8 7.25124 14 0.69435
112.9 7.25583 14 0.69465
113.0 7.26568 14 0.69528
113.1 7.26665 14 0.69534
113.2 7.27891 14 0.69613
113.3 7.28628 14 0.69661
113.4 7.28614 14 0.69660
113.5 7.29910 14 0.69743
113.6 7.30667 14 0.69792
113.7 7.31292 14 0.69832
113.8 7.31289 14 0.69832
113.9 7.32308 14 0.69897
114.0 7.33071 14 0.69946
114.1 7.33711 14 0.69987
114.2 7.34277 14 0.70023
114.3 7.34769 14 0.70055
114.4 7.35140 14 0.70079
114.5 7.35384 14 0.70094
114.6 7.36420 14 0.70161
114.7 7.36947 14 0.70194
114.8 7.37396 14 0.70223
114.9 7.37560 14 0.70234
115.0 7.39519 14 0.70359
115.1 7.38044 14 0.70264
115.2 7.38968 14 0.70323
115.3 7.39869 14 0.70381
115.4 7.40618 14 0.70429
115.5 7.41023 14 0.70455
115.6 7.41516 14 0.70486
115.7 7.42504 14 0.70549
115.8 7.43237 14 0.70596
115.9 7.43870 14 0.70636
116.0 7.44461 14 0.70673
116.1 7.45043 14 0.70710
116.2 7.45613 14 0.70747
116.3 7.46173 14 0.70782
116.4 7.46721 14 0.70817
116.5 7.47233 14 0.70849
116.6 7.47715 14 0.70880
116.7 7.48065 14 0.70902
116.8 7.44974 14 0.70706
116.9 7.45539 14 0.70742
117.0 7.46093 14 0.70777
117.1 7.46635 14 0.70811
117.2 7.47145 14 0.70844
117.3 7.47631 14 0.70875
117.4 7.48010 14 0.70899
117.5 7.48170 14 0.70909
117.6 7.48658 14 0.70940
117.7 7.49551 14 0.70996
117.8 7.50004 14 0.71025
117.9 7.50340 14 0.71046
118.0 7.50544 14 0.71059
118.1 7.50905 14 0.71082
118.2 7.53020 14 0.71216
118.3 7.53996 14 0.71277
118.4 7.53845 14 0.71268
118.5 7.54712 14 0.71322
118.6 7.54730 14 0.71323
118.7 7.55449 14 0.71369
118.8 7.55503 14 0.71372
118.9 7.56481 14 0.71434
119.0 7.57498 14 0.71498
119.1 7.57728 14 0.71512
119.2 7.57707 14 0.71511
119.3 7.58112 14 0.71536
119.4 7.58188 14 0.71541
119.5 7.60705 14 0.71699
119.6 7.60886 14 0.71711
119.7 7.60668 14 0.71697
119.8 7.61420 14 0.71744
119.9 7.61321 14 0.71738
120.0 7.62155 14 0.71790
120.1 7.61830 14 0.71770
120.2 7.63000 14 0.71843
120.3 7.63128 14 0.71851
120.4 7.63794 14 0.71893
120.5 7.64138 14 0.71914
120.6 7.63911 14 0.71900
120.7 7.65247 14 0.71984
120.8 7.65962 14 0.72028
120.9 7.66678 14 0.72073
121.0 7.63125 14 0.71851
121.1 7.62959 14 0.71841
121.2 7.63929 14 0.71901
121.3 7.64131 14 0.71914
121.4 7.64095 14 0.71912
121.5 7.65491 14 0.71999
121.6 7.65488 14 0.71999
121.7 7.66885 14 0.72086
121.8 7.67559 14 0.72128
121.9 7.67987 14 0.72155
122.0 7.68935 14 0.72214
122.1 7.69090 14 0.72224
122.2 7.70184 14 0.72292
122.3 7.70981 14 0.72342
122.4 7.71013 14 0.72344
122.5 7.72263 14 0.72421
122.6 7.73035 14 0.72469
122.7 7.73368 14 0.72490
122.8 7.73963 14 0.72527
122.9 7.74869 14 0.72583
123.0 7.75540 14 0.72625
123.1 7.76138 14 0.72662
123.2 7.76702 14 0.72697
123.3 7.77230 14 0.72730
123.4 7.77742 14 0.72761
123.5 7.78217 14 0.72791
123.6 7.78601 14 0.72814
123.7 7.78714 14 0.72821
123.8 7.79424 14 0.72865
123.9 7.80064 14 0.72905
124.0 7.80424 14 0.72927
124.1 7.80353 14 0.72923
124.2 7.81300 14 0.72981
124.3 7.80706 14 0.72945
124.4 7.81739 14 0.73008
124.5 7.82502 14 0.73055
124.6 7.83013 14 0.73087
124.7 7.83376 14 0.73109
124.8 7.84390 14 0.73172
124.9 7.85093 14 0.73215
125.0 7.85702 14 0.73253
125.1 7.86021 14 0.73272
125.2 7.86140 14 0.73280
125.3 7.86994 14 0.73332
125.4 7.87075 14 0.73337
125.5 7.82954 14 0.73083
125.6 7.84107 14 0.73154
125.7 7.84869 14 0.73201
125.8 7.85491 14 0.73240
125.9 7.86070 14 0.73275
126.0 7.85926 14 0.73266
126.1 7.86675 14 0.73313
126.2 7.87422 14 0.73358
126.3 7.87407 14 0.73358
126.4 7.87932 14 0.73390
126.5 7.88425 14 0.73420
126.6 7.89341 14 0.73476
126.7 7.89683 14 0.73497
126.8 7.90765 14 0.73564
126.9 7.91333 14 0.73599
127.0 7.91778 14 0.73626
127.1 7.92176 14 0.73650
127.2 7.92393 14 0.73664
127.3 7.92414 14 0.73665
127.4 7.93504 14 0.73732
127.5 7.93948 14 0.73759
127.6 7.94256 14 0.73778
127.7 7.94367 14 0.73785
127.8 7.94527 14 0.73794
127.9 7.95719 14 0.73867
128.0 7.97575 14 0.73981
128.1 7.98358 14 0.74029
128.2 7.98303 14 0.74025
128.3 7.99019 14 0.74069
128.4 7.99195 14 0.74080
128.5 7.99568 14 0.74103
128.6 8.00044 14 0.74132
128.7 8.00662 14 0.74169
128.8 8.00974 14 0.74188
128.9 8.01854 14 0.74242
129.0 8.01793 14 0.74238
129.1 8.02346 14 0.74272
129.2 8.02204 14 0.74263
129.3 8.03026 14 0.74313
129.4 8.05236 14 0.74448
129.5 8.04676 14 0.74414
129.6 8.05527 14 0.74465
129.7 8.05895 14 0.74488
129.8 8.05963 14 0.74492
129.9 8.06511 14 0.74525
130.0 8.06805 14 0.74543
130.1 8.06487 14 0.74524
130.2 8.03030 14 0.74314
130.3 8.05235 14 0.74448
130.4 8.04697 14 0.74415
130.5 8.05543 14 0.74466
130.6 8.05876 14 0.74487
130.7 8.05995 14 0.74494
130.8 8.06476 14 0.74523
130.9 8.06792 14 0.74542
131.0 8.06430 14 0.74520
131.1 8.07614 14 0.74592
131.2 8.07919 14 0.74611
131.3 8.07692 14 0.74597
131.4 8.08782 14 0.74663
131.5 8.08942 14 0.74673
131.6 8.09806 14 0.74725
131.7 8.09975 14 0.74735
131.8 8.11117 14 0.74804
131.9 8.11744 14 0.74842
132.0 8.12197 14 0.74870
132.1 8.13079 14 0.74923
132.2 8.12998 14 0.74918
132.3 8.14346 14 0.75000
132.4 8.15091 14 0.75044
132.5 8.15392 14 0.75063
132.6 8.16490 14 0.75129
132.7 8.16574 14 0.75134
132.8 8.17731 14 0.75204
132.9 8.18531 14 0.75252
133.0 8.19156 14 0.75289
133.1 8.17817 14 0.75209
133.2 8.18345 14 0.75241
133.3 8.18853 14 0.75271
133.4 8.19200 14 0.75292
133.5 8.19439 14 0.75306
133.6 8.19812 14 0.75329
133.7 8.20273 14 0.75357
133.8 8.20806 14 0.75389
133.9 8.21418 14 0.75425
134.0 8.22144 14 0.75469
134.1 8.22913 14 0.75515
134.2 8.23412 14 0.75545
134.3 8.23907 14 0.75575
134.4 8.24393 14 0.75604
134.5 8.26783 14 0.75747
134.6 8.27160 14 0.75769
134.7 8.27420 14 0.75785
134.8 8.27149 14 0.75769
134.9 8.28263 14 0.75835
135.0 8.27802 14 0.75808
135.1 8.28419 14 0.75845
135.2 8.28512 14 0.75850
135.3 8.24023 14 0.75582
135.4 8.25822 14 0.75689
135.5 8.26871 14 0.75752
135.6 8.27223 14 0.75773
135.7 8.27428 14 0.75785
135.8 8.27180 14 0.75771
135.9 8.28315 14 0.75838
136.0 8.27885 14 0.75813
136.1 8.28481 14 0.75848
136.2 8.28638 14 0.75858
136.3 8.29659 14 0.75919
136.4 8.30358 14 0.75960
136.5 8.29941 14 0.75936
136.6 8.30736 14 0.75983
136.7 8.31426 14 0.76024
136.8 8.32034 14 0.76060
136.9 8.32592 14 0.76094
137.0 8.33135 14 0.76126
137.1 8.33661 14 0.76157
137.2 8.34174 14 0.76188
137.3 8.34678 14 0.76218
137.4 8.35172 14 0.76247
137.5 8.35644 14 0.76275
137.6 8.36118 14 0.76303
137.7 8.36580 14 0.76331
137.8 8.37027 14 0.76357
137.9 8.37452 14 0.76383
138.0 8.37839 14 0.76406
138.1 8.38156 14 0.76424
138.2 8.38361 14 0.76437
138.3 8.39745 14 0.76519
138.4 8.40068 14 0.76538
138.5 8.40201 14 0.76546
138.6 8.40113 14 0.76541
138.7 8.41300 14 0.76611
138.8 8.41695 14 0.76634
138.9 8.41957 14 0.76650
139.0 8.41948 14 0.76649
139.1 8.42190 14 0.76663
139.2 8.43298 14 0.76729
139.3 8.43759 14 0.76756
139.4 8.46216 14 0.76901
139.5 8.46467 14 0.76916
139.6 8.46275 14 0.76905
139.7 8.47114 14 0.76954
139.8 8.47287 14 0.76965
139.9 8.47005 14 0.76948
140.0 8.48041 14 0.77009
140.1 8.48362 14 0.77028
140.2 8.48969 14 0.77064
140.3 8.49085 14 0.77070
140.4 8.49889 14 0.77118
140.5 8.50144 14 0.77133
140.6 8.46493 14 0.76918
140.7 8.46299 14 0.76906
140.8 8.47217 14 0.76960
140.9 8.47205 14 0.76960
141.0 8.47798 14 0.76995
141.1 8.48028 14 0.77008
141.2 8.48752 14 0.77051
141.3 8.49038 14 0.77068
141.4 8.49003 14 0.77066
141.5 8.49812 14 0.77113
141.6 8.50223 14 0.77137
141.7 8.50335 14 0.77144
141.8 8.50242 14 0.77139
141.9 8.51182 14 0.77194
142.0 8.53543 14 0.77333
142.1 8.53060 14 0.77304
142.2 8.53883 14 0.77353
142.3 8.53468 14 0.77328
142.4 8.54351 14 0.77380
142.5 8.54018 14 0.77360
142.6 8.54971 14 0.77416
142.7 8.55171 14 0.77428
142.8 8.54805 14 0.77407
142.9 8.55994 14 0.77476
143.0 8.56318 14 0.77495
143.1 8.56321 14 0.77495
143.2 8.57071 14 0.77539
143.3 8.57461 14 0.77562
143.4 8.57347 14 0.77556
143.5 8.58619 14 0.77630
143.6 8.59325 14 0.77671
143.7 8.59183 14 0.77663
143.8 8.60481 14 0.77739
143.9 8.61182 14 0.77780
144.0 8.61292 14 0.77786
144.1 8.62473 14 0.77855
144.2 8.62819 14 0.77876
144.3 8.63719 14 0.77928
144.4 8.64553 14 0.77977
144.5 8.64790 14 0.77991
144.6 8.65879 14 0.78054
144.7 8.66560 14 0.78094
144.8 8.64950 14 0.78000
144.9 8.65460 14 0.78030
145.0 8.65954 14 0.78059
145.1 8.65767 14 0.78048
145.2 8.66460 14 0.78088
145.3 8.67327 14 0.78139
145.4 8.67990 14 0.78177
145.5 8.68579 14 0.78212
145.6 8.69116 14 0.78243
145.7 8.69632 14 0.78273
145.8 8.70130 14 0.78302
145.9 8.70616 14 0.78330
146.0 8.71090 14 0.78358
146.1 8.71554 14 0.78385
146.2 8.72006 14 0.78411
146.3 8.65904 14 0.78056
146.4 8.66872 14 0.78112
146.5 8.67622 14 0.78156
146.6 8.68238 14 0.78192
146.7 8.68790 14 0.78224
146.8 8.69312 14 0.78254
146.9 8.69812 14 0.78283
147.0 8.70297 14 0.78311
147.1 8.70770 14 0.78339
147.2 8.71233 14 0.78366
147.3 8.71685 14 0.78392
147.4 8.72126 14 0.78418
147.5 8.72536 14 0.78442
147.6 8.72936 14 0.78465
147.7 8.73303 14 0.78486
147.8 8.73618 14 0.78504
147.9 8.73822 14 0.78516
148.0 8.73831 14 0.78517
148.1 8.74536 14 0.78558
148.2 8.75416 14 0.78609
148.3 8.75858 14 0.78634
148.4 8.76288 14 0.78659
148.5 8.76697 14 0.78683
148.6 8.79276 14 0.78832
148.7 8.79500 14 0.78845
148.8 8.77928 14 0.78754
148.9 8.78726 14 0.78800
149.0 8.79530 14 0.78847
149.1 8.80169 14 0.78884
149.2 8.80752 14 0.78917
149.3 8.81296 14 0.78949
149.4 8.81813 14 0.78978
149.5 8.82313 14 0.79007
149.6 8.82801 14 0.79035
149.7 8.83270 14 0.79062
149.8 8.83744 14 0.79090
149.9 8.84214 14 0.79117
150.0 8.84680 14 0.79144
150.1 8.85077 14 0.79167
150.2 8.85510 14 0.79191
150.3 8.86036 14 0.79222
150.4 8.86514 14 0.79249
150.5 8.86953 14 0.79274
150.6 8.87400 14 0.79300
150.7 8.87844 14 0.79326
150.8 8.88282 14 0.79351
150.9 8.88712 14 0.79375
151.0 8.89132 14 0.79400
151.1 8.89538 14 0.79423
151.2 8.89924 14 0.79445
151.3 8.90262 14 0.79464
151.4 8.90579 14 0.79483
151.5 8.90833 14 0.79497
151.6 8.90955 14 0.79504
151.7 8.91189 14 0.79518
151.8 8.91916 14 0.79559
151.9 8.92770 14 0.79608
152.0 8.93233 14 0.79635
152.1 8.93550 14 0.79653
152.2 8.93749 14 0.79664
152.3 8.93686 14 0.79661
152.4 8.89700 14 0.79432
152.5 8.90050 14 0.79452
152.6 8.90386 14 0.79472
152.7 8.90680 14 0.79488
152.8 8.90888 14 0.79500
152.9 8.90966 14 0.79505
153.0 8.92028 14 0.79566
153.1 8.91806 14 0.79553
153.2 8.92976 14 0.79620
153.3 8.93319 14 0.79640
153.4 8.93608 14 0.79656
153.5 8.93769 14 0.79665
153.6 8.93619 14 0.79657
153.7 8.94661 14 0.79716
153.8 8.95096 14 0.79741
153.9 8.95502 14 0.79765
154.0 8.95881 14 0.79786
154.1 8.98517 14 0.79937
154.2 8.98647 14 0.79944
154.3 8.98290 14 0.79924
154.4 8.99323 14 0.79983
154.5 8.99486 14 0.79992
154.6 8.99152 14 0.79973
154.7 9.00113 14 0.80028
154.8 9.00135 14 0.80029
154.9 9.00992 14 0.80078
155.0 9.01259 14 0.80093
155.1 9.01304 14 0.80096
155.2 9.01199 14 0.80090
155.3 9.02266 14 0.80150
155.4 9.02396 14 0.80158
155.5 9.01952 14 0.80132
155.6 9.03058 14 0.80195
155.7 9.03392 14 0.80214
155.8 9.05982 14 0.80361
155.9 9.05514 14 0.80335
156.0 9.06337 14 0.80382
156.1 9.06029 14 0.80364
156.2 9.06719 14 0.80403
156.3 9.06814 14 0.80409
156.4 9.06370 14 0.80384
156.5 9.07487 14 0.80447
156.6 9.07669 14 0.80457
156.7 9.07466 14 0.80446
156.8 9.08422 14 0.80500
156.9 9.08769 14 0.80520
157.0 9.08979 14 0.80532
157.1 9.08883 14 0.80526
157.2 9.09774 14 0.80577
157.3 9.10035 14 0.80591
157.4 9.10921 14 0.80641
157.5 9.11490 14 0.80674
157.6 9.11629 14 0.80682
157.7 9.12621 14 0.80738
157.8 9.13253 14 0.80773
157.9 9.13409 14 0.80782
158.0 9.14480 14 0.80843
158.1 9.15105 14 0.80878
158.2 9.15658 14 0.80909
158.3 9.16516 14 0.80958
158.4 9.16599 14 0.80962
158.5 9.17773 14 0.81028
158.6 9.15999 14 0.80928
158.7 9.16545 14 0.80959
158.8 9.17043 14 0.80987
158.9 9.11332 14 0.80665
159.0 9.11904 14 0.80697
159.1 9.12768 14 0.80746
159.2 9.13352 14 0.80779
159.3 9.13644 14 0.80795
159.4 9.14591 14 0.80849
159.5 9.14719 14 0.80856
159.6 9.15778 14 0.80916
159.7 9.16573 14 0.80961
159.8 9.16719 14 0.80969
159.9 9.17816 14 0.81031
160.0 9.16018 14 0.80929
160.1 9.16552 14 0.80960
160.2 9.17040 14 0.80987
160.3 9.17503 14 0.81013
160.4 9.17217 14 0.80997
160.5 9.18160 14 0.81050
160.6 9.18938 14 0.81094
160.7 9.19571 14 0.81130
160.8 9.20117 14 0.81160
160.9 9.20615 14 0.81188
161.0 9.20564 14 0.81186
161.1 9.21047 14 0.81213
161.2 9.21161 14 0.81219
161.3 9.21673 14 0.81248
161.4 9.22296 14 0.81283
161.5 9.22863 14 0.81315
161.6 9.23379 14 0.81344
161.7 9.23858 14 0.81371
161.8 9.24315 14 0.81396
161.9 9.24752 14 0.81421
162.0 9.25169 14 0.81444
162.1 9.25567 14 0.81466
162.2 9.25926 14 0.81487
162.3 9.26272 14 0.81506
162.4 9.26569 14 0.81523
162.5 9.26821 14 0.81537
162.6 9.27104 14 0.81553
162.7 9.27625 14 0.81582
162.8 9.28544 14 0.81633
162.9 9.29123 14 0.81666
163.0 9.29494 14 0.81686
163.1 9.29817 14 0.81704
163.2 9.30110 14 0.81721
163.3 9.30322 14 0.81733
163.4 9.30417 14 0.81738
163.5 9.30376 14 0.81736
163.6 9.31491 14 0.81798
163.7 9.31879 14 0.81820
163.8 9.32263 14 0.81841
163.9 9.33589 14 0.81915
164.0 9.34120 14 0.81945
164.1 9.34616 14 0.81972
164.2 9.35089 14 0.81999
164.3 9.35549 14 0.82024
164.4 9.35742 14 0.82035
164.5 9.35632 14 0.82029
164.6 9.36160 14 0.82058
164.7 9.36836 14 0.82096
164.8 9.37428 14 0.82129
164.9 9.37961 14 0.82159
165.0 9.38379 14 0.82182
165.1 9.38816 14 0.82206
165.2 9.39248 14 0.82230
165.3 9.39675 14 0.82254
165.4 9.40098 14 0.82278
165.5 9.40517 14 0.82301
165.6 9.40932 14 0.82324
165.7 9.41330 14 0.82346
165.8 9.41737 14 0.82369
165.9 9.42139 14 0.82391
166.0 9.35631 14 0.82029
166.1 9.36073 14 0.82053
166.2 9.36747 14 0.82091
166.3 9.37343 14 0.82124
166.4 9.37868 14 0.82153
166.5 9.38291 14 0.82177
166.6 9.38721 14 0.82201
166.7 9.39145 14 0.82225
166.8 9.39565 14 0.82248
166.9 9.39981 14 0.82271
167.0 9.40393 14 0.82294
167.1 9.40801 14 0.82317
167.2 9.41205 14 0.82339
167.3 9.41592 14 0.82361
167.4 9.41988 14 0.82383
167.5 9.42379 14 0.82404
167.6 9.42756 14 0.82425
167.7 9.43050 14 0.82442
167.8 9.43289 14 0.82455
167.9 9.43462 14 0.82465
168.0 9.43766 14 0.82482
168.1 9.42186 14 0.82394
168.2 9.42604 14 0.82417
168.3 9.42912 14 0.82434
168.4 9.43188 14 0.82449
168.5 9.43390 14 0.82461
168.6 9.43639 14 0.82474
168.7 9.44190 14 0.82505
168.8 9.45186 14 0.82560
168.9 9.45571 14 0.82582
169.0 9.45948 14 0.82603
169.1 9.46314 14 0.82623
169.2 9.40400 14 0.82294
169.3 9.40804 14 0.82317
169.4 9.41203 14 0.82339
169.5 9.41586 14 0.82360
169.6 9.41977 14 0.82382
169.7 9.42363 14 0.82404
169.8 9.42740 14 0.82425
169.9 9.43032 14 0.82441
170.0 9.43274 14 0.82454
170.1 9.43450 14 0.82464
170.2 9.43758 14 0.82481
170.3 9.42154 14 0.82392
170.4 9.42574 14 0.82415
170.5 9.42882 14 0.82432
170.6 9.43162 14 0.82448
170.7 9.43368 14 0.82459
170.8 9.43535 14 0.82469
170.9 9.44065 14 0.82498
171.0 9.45004 14 0.82550
171.1 9.45505 14 0.82578
171.2 9.45879 14 0.82599
171.3 9.46254 14 0.82620
171.4 9.40327 14 0.82290
171.5 9.40727 14 0.82313
171.6 9.41122 14 0.82335
171.7 9.41501 14 0.82356
171.8 9.41889 14 0.82377
171.9 9.42272 14 0.82399
172.0 9.42663 14 0.82420
172.1 9.42958 14 0.82437
172.2 9.43217 14 0.82451
172.3 9.43406 14 0.82462
172.4 9.43708 14 0.82478
172.5 9.44266 14 0.82509
172.6 9.42429 14 0.82407
172.7 9.42792 14 0.82427
172.8 9.43078 14 0.82443
172.9 9.43307 14 0.82456
173.0 9.43472 14 0.82465
173.1 9.43792 14 0.82483
173.2 9.44632 14 0.82530
173.3 9.45364 14 0.82570
173.4 9.45747 14 0.82592
173.5 9.46122 14 0.82612
173.6 9.40176 14 0.82282
173.7 9.40572 14 0.82304
173.8 9.40964 14 0.82326
173.9 9.41340 14 0.82347
174.0 9.41725 14 0.82368
174.1 9.42105 14 0.82389
174.2 9.42524 14 0.82413
174.3 9.42826 14 0.82429
174.4 9.43103 14 0.82445
174.5 9.43327 14 0.82457
174.6 9.43487 14 0.82466
174.7 9.43883 14 0.82488
174.8 9.42242 14 0.82397
174.9 9.42638 14 0.82419
175.0 9.42934 14 0.82435
175.1 9.43197 14 0.82450
175.2 9.43391 14 0.82461
175.3 9.43616 14 0.82473
175.4 9.44135 14 0.82502
175.5 9.45074 14 0.82554
175.6 9.45530 14 0.82579
175.7 9.45906 14 0.82600
175.8 9.46272 14 0.82621
175.9 9.40338 14 0.82291
176.0 9.40728 14 0.82313
176.1 9.41115 14 0.82334
176.2 9.41485 14 0.82355
176.3 9.41864 14 0.82376
176.4 9.42238 14 0.82397
176.5 9.42629 14 0.82418
176.6 9.42920 14 0.82435
176.7 9.43188 14 0.82449
176.8 9.43386 14 0.82460
176.9 9.43599 14 0.82472
177.0 9.44124 14 0.82501
177.1 9.42355 14 0.82403
177.2 9.42726 14 0.82424
177.3 9.43011 14 0.82440
177.4 9.43253 14 0.82453
177.5 9.43431 14 0.82463
177.6 9.43796 14 0.82483
177.7 9.44327 14 0.82513
177.8 9.45240 14 0.82563
177.9 9.45617 14 0.82584
178.0 9.45987 14 0.82605
178.1 9.46346 14 0.82625
178.2 9.40417 14 0.82295
178.3 9.40802 14 0.82317
178.4 9.41184 14 0.82338
178.5 9.41548 14 0.82358
178.6 9.41922 14 0.82379
178.7 9.42291 14 0.82400
178.8 9.42668 14 0.82421
178.9 9.42961 14 0.82437
179.0 9.43217 14 0.82451
179.1 9.43406 14 0.82462
179.2 9.43682 14 0.82477
179.3 9.44207 14 0.82506
179.4 9.42390 14 0.82405
179.5 9.42750 14 0.82425
179.6 9.43030 14 0.82441
179.7 9.43265 14 0.82454
179.8 9.43438 14 0.82463
179.9 9.43821 14 0.82485
180.0 9.44372 14 0.82515
180.1 9.45255 14 0.82564
180.2 9.45628 14 0.82585
180.3 9.45993 14 0.82605
180.4 9.46348 14 0.82625
180.5 9.40415 14 0.82295
180.6 9.40795 14 0.82316
180.7 9.41172 14 0.82337
180.8 9.41532 14 0.82357
180.9 9.41902 14 0.82378
181.0 9.42267 14 0.82398
181.1 9.42655 14 0.82420
181.2 9.42945 14 0.82436
181.3 9.43203 14 0.82450
181.4 9.43393 14 0.82461
181.5 9.43616 14 0.82473
181.6 9.44124 14 0.82501
181.7 9.42347 14 0.82403
181.8 9.42712 14 0.82423
181.9 9.42992 14 0.82439
182.0 9.43234 14 0.82452
182.1 9.43413 14 0.82462
182.2 9.43715 14 0.82479
182.3 9.44242 14 0.82508
182.4 9.45209 14 0.82562
182.5 9.45563 14 0.82581
182.6 9.45926 14 0.82601
182.7 9.46279 14 0.82621
182.8 9.40333 14 0.82291
182.9 9.40710 14 0.82312
183.0 9.41083 14 0.82332
183.1 9.41439 14 0.82352
183.2 9.41806 14 0.82373
183.3 9.42168 14 0.82393
183.4 9.42570 14 0.82415
183.5 9.42873 14 0.82432
183.6 9.43142 14 0.82447
183.7 9.43345 14 0.82458
183.8 9.43493 14 0.82466
183.9 9.43889 14 0.82488
184.0 9.42228 14 0.82396
184.1 9.42612 14 0.82417
184.2 9.42897 14 0.82433
184.3 9.43158 14 0.82448
184.4 9.43353 14 0.82459
184.5 9.43499 14 0.82467
184.6 9.43935 14 0.82491
184.7 9.44789 14 0.82538
184.8 9.45424 14 0.82574
184.9 9.45786 14 0.82594
185.0 9.46139 14 0.82613
185.1 9.40172 14 0.82282
185.2 9.40545 14 0.82303
185.3 9.40915 14 0.82323
185.4 9.41283 14 0.82344
185.5 9.41633 14 0.82363
185.6 9.42004 14 0.82384
185.7 9.42371 14 0.82404
185.8 9.42731 14 0.82424
185.9 9.43009 14 0.82440
186.0 9.43247 14 0.82453
186.1 9.43422 14 0.82462
186.2 9.43734 14 0.82480
186.3 9.44238 14 0.82508
186.4 9.42391 14 0.82405
186.5 9.42741 14 0.82425
186.6 9.43012 14 0.82440
186.7 9.43245 14 0.82453
186.8 9.43422 14 0.82462
186.9 9.43762 14 0.82481
187.0 9.44276 14 0.82510
187.1 9.45201 14 0.82561
187.2 9.45562 14 0.82581
187.3 9.45916 14 0.82601
187.4 9.46262 14 0.82620
187.5 9.40305 14 0.82289
187.6 9.40673 14 0.82310
187.7 9.41038 14 0.82330
187.8 9.41386 14 0.82349
187.9 9.41756 14 0.82370
188.0 9.42121 14 0.82390
188.1 9.42525 14 0.82413
188.2 9.42815 14 0.82429
188.3 9.43091 14 0.82444
188.4 9.43305 14 0.82456
188.5 9.43463 14 0.82465
188.6 9.43759 14 0.82481
188.7 9.42122 14 0.82390
188.8 9.42518 14 0.82412
188.9 9.42803 14 0.82428
189.0 9.43067 14 0.82443
189.1 9.43295 14 0.82455
189.2 9.43457 14 0.82464
189.3 9.43755 14 0.82481
189.4 9.44435 14 0.82519
189.5 9.45265 14 0.82565
189.6 9.45621 14 0.82585
189.7 9.45971 14 0.82604
189.8 9.46310 14 0.82623
189.9 9.40355 14 0.82292
190.0 9.40718 14 0.82312
190.1 9.41079 14 0.82332
190.2 9.41434 14 0.82352
190.3 9.41799 14 0.82372
190.4 9.42160 14 0.82392
190.5 9.42553 14 0.82414
190.6 9.42847 14 0.82431
190.7 9.43110 14 0.82445
190.8 9.43316 14 0.82457
190.9 9.43470 14 0.82465
191.0 9.43762 14 0.82481
191.1 9.42131 14 0.82391
191.2 9.42523 14 0.82413
191.3 9.42804 14 0.82428
191.4 9.43073 14 0.82443
191.5 9.43297 14 0.82456
191.6 9.43457 14 0.82464
191.7 9.43754 14 0.82481
191.8 9.44417 14 0.82518
191.9 9.45253 14 0.82564
192.0 9.45605 14 0.82584
192.1 9.45951 14 0.82603
192.2 9.46288 14 0.82621
192.3 9.40325 14 0.82290
192.4 9.40685 14 0.82310
192.5 9.41053 14 0.82331
192.6 9.41404 14 0.82350
192.7 9.41765 14 0.82370
192.8 9.42122 14 0.82390
192.9 9.42519 14 0.82412
193.0 9.42803 14 0.82428
193.1 9.43067 14 0.82443
193.2 9.43289 14 0.82455
193.3 9.43448 14 0.82464
193.4 9.43843 14 0.82486
193.5 9.42065 14 0.82387
193.6 9.42410 14 0.82406
193.7 9.42755 14 0.82425
193.8 9.43024 14 0.82440
193.9 9.43253 14 0.82453
194.0 9.43423 14 0.82463
194.1 9.43743 14 0.82480
194.2 9.44227 14 0.82507
194.3 9.45131 14 0.82557
194.4 9.45516 14 0.82579
194.5 9.45859 14 0.82598
194.6 9.46195 14 0.82616
194.7 9.40217 14 0.82284
194.8 9.40573 14 0.82304
194.9 9.40937 14 0.82324
195.0 9.41299 14 0.82344
195.1 9.41654 14 0.82364
195.2 9.42009 14 0.82384
195.3 9.42359 14 0.82403
195.4 9.42708 14 0.82423
195.5 9.42976 14 0.82438
195.6 9.43213 14 0.82451
195.7 9.43389 14 0.82461
195.8 9.43553 14 0.82470
195.9 9.44003 14 0.82495
196.0 9.42264 14 0.82398
196.1 9.42634 14 0.82419
196.2 9.42918 14 0.82434
196.3 9.43169 14 0.82448
196.4 9.43357 14 0.82459
196.5 9.43495 14 0.82467
196.6 9.43870 14 0.82487
196.7 9.44652 14 0.82531
196.8 9.45341 14 0.82569
196.9 9.45683 14 0.82588
197.0 9.46020 14 0.82607
197.1 9.46346 14 0.82625
197.2 9.40383 14 0.82294
197.3 9.40757 14 0.82314
197.4 9.41116 14 0.82334
197.5 9.41458 14 0.82353
197.6 9.41810 14 0.82373
197.7 9.42159 14 0.82392
197.8 9.42542 14 0.82414
197.9 9.42819 14 0.82429
198.0 9.43083 14 0.82444
198.1 9.43291 14 0.82455
198.2 9.43447 14 0.82464
198.3 9.43819 14 0.82485
198.4 9.42056 14 0.82387
198.5 9.42404 14 0.82406
198.6 9.42744 14 0.82425
198.7 9.43008 14 0.82439
198.8 9.43236 14 0.82452
198.9 9.43407 14 0.82462
199.0 9.43631 14 0.82474
199.1 9.44110 14 0.82501
199.2 9.44951 14 0.82547
199.3 9.45447 14 0.82575
199.4 9.45784 14 0.82594
199.5 9.46114 14 0.82612
199.6 9.40130 14 0.82279
199.7 9.40490 14 0.82299
199.8 9.40847 14 0.82319
199.9 9.41201 14 0.82339
200.0 9.41539 14 0.82358
200.1 9.41886 14 0.82377
200.2 9.42230 14 0.82396
200.3 9.42607 14 0.82417
200.4 9.42876 14 0.82432
200.5 9.43125 14 0.82446
200.6 9.43319 14 0.82457
200.7 9.43466 14 0.82465
200.8 9.43758 14 0.82481
200.9 9.42111 14 0.82390
201.0 9.42455 14 0.82409
201.1 9.42781 14 0.82427
201.2 9.43040 14 0.82441
201.3 9.43258 14 0.82453
201.4 9.43422 14 0.82462
201.5 9.43713 14 0.82479
201.6 9.44168 14 0.82504
201.7 9.45017 14 0.82551
201.8 9.45466 14 0.82576
201.9 9.45799 14 0.82594
202.0 9.46135 14 0.82613
202.1 9.40150 14 0.82281
202.2 9.40505 14 0.82300
202.3 9.40858 14 0.82320
202.4 9.41208 14 0.82339
202.5 9.41542 14 0.82358
202.6 9.41885 14 0.82377
202.7 9.42225 14 0.82396
202.8 9.42599 14 0.82417
202.9 9.42866 14 0.82432
203.0 9.43113 14 0.82445
203.1 9.43309 14 0.82456
203.2 9.43457 14 0.82464
203.3 9.43753 14 0.82481
203.4 9.42090 14 0.82388
203.5 9.42430 14 0.82407
203.6 9.42758 14 0.82426
203.7 9.43015 14 0.82440
203.8 9.43237 14 0.82452
203.9 9.43405 14 0.82462
204.0 9.43604 14 0.82473
204.1 9.44064 14 0.82498
204.2 9.44870 14 0.82543
204.3 9.45410 14 0.82573
204.4 9.45740 14 0.82591
204.5 9.46075 14 0.82610
204.6 9.40079 14 0.82277
204.7 9.40442 14 0.82297
204.8 9.40792 14 0.82316
204.9 9.41138 14 0.82336
205.0 9.41468 14 0.82354
205.1 9.41809 14 0.82373
205.2 9.42145 14 0.82392
205.3 9.42521 14 0.82412
205.4 9.42791 14 0.82427
205.5 9.43041 14 0.82441
205.6 9.43253 14 0.82453
205.7 9.43419 14 0.82462
205.8 9.43676 14 0.82477
205.9 9.44127 14 0.82502
206.0 9.42319 14 0.82401
206.1 9.42675 14 0.82421
206.2 9.42936 14 0.82435
206.3 9.43174 14 0.82449
206.4 9.43353 14 0.82459
206.5 9.43488 14 0.82466
206.6 9.43792 14 0.82483
206.7 9.44515 14 0.82523
206.8 9.45270 14 0.82565
206.9 9.45610 14 0.82584
207.0 9.45943 14 0.82602
207.1 9.46268 14 0.82620
207.2 9.40290 14 0.82288
207.3 9.40637 14 0.82308
207.4 9.40980 14 0.82327
207.5 9.41333 14 0.82346
207.6 9.41657 14 0.82364
207.7 9.41992 14 0.82383
207.8 9.42322 14 0.82401
207.9 9.42663 14 0.82420
208.0 9.42920 14 0.82435
208.1 9.43157 14 0.82448
208.2 9.43347 14 0.82458
208.3 9.43485 14 0.82466
208.4 9.43784 14 0.82483
208.5 9.42145 14 0.82392
208.6 9.42520 14 0.82412
208.7 9.42789 14 0.82427
208.8 9.43038 14 0.82441
208.9 9.43251 14 0.82453
209.0 9.43412 14 0.82462
209.1 9.43620 14 0.82473
209.2 9.44065 14 0.82498
209.3 9.44850 14 0.82542
209.4 9.45406 14 0.82573
209.5 9.45740 14 0.82591
209.6 9.46067 14 0.82609
209.7 9.40062 14 0.82276
209.8 9.40418 14 0.82295
209.9 9.40759 14 0.82314
210.0 9.41098 14 0.82333
210.1 9.41421 14 0.82351
210.2 9.41754 14 0.82370
210.3 9.42083 14 0.82388
210.4 9.42409 14 0.82406
210.5 9.42730 14 0.82424
210.6 9.42987 14 0.82438
210.7 9.43214 14 0.82451
210.8 9.43385 14 0.82460
210.9 9.43512 14 0.82467
211.0 9.43934 14 0.82491
211.1 9.42218 14 0.82396
211.2 9.42577 14 0.82416
211.3 9.42839 14 0.82430
211.4 9.43082 14 0.82444
211.5 9.43287 14 0.82455
211.6 9.43438 14 0.82463
211.7 9.43740 14 0.82480
211.8 9.44163 14 0.82504
211.9 9.44998 14 0.82550
212.0 9.45455 14 0.82575
212.1 9.45784 14 0.82594
212.2 9.46106 14 0.82611
212.3 9.40113 14 0.82279
212.4 9.40453 14 0.82297
212.5 9.40791 14 0.82316
212.6 9.41125 14 0.82335
212.7 9.41444 14 0.82353
212.8 9.41773 14 0.82371
212.9 9.42099 14 0.82389
213.0 9.42421 14 0.82407
213.1 9.42745 14 0.82425
213.2 9.42998 14 0.82439
213.3 9.43220 14 0.82451
213.4 9.43388 14 0.82461
213.5 9.43519 14 0.82468
213.6 9.43935 14 0.82491
213.7 9.42214 14 0.82395
213.8 9.42571 14 0.82415
213.9 9.42831 14 0.82430
214.0 9.43072 14 0.82443
214.1 9.43271 14 0.82454
214.2 9.43429 14 0.82463
214.3 9.43688 14 0.82477
214.4 9.44123 14 0.82501
214.5 9.44935 14 0.82546
214.6 9.45429 14 0.82574
214.7 9.45755 14 0.82592
214.8 9.46075 14 0.82610
214.9 9.40063 14 0.82276
215.0 9.40411 14 0.82295
215.1 9.40745 14 0.82314
215.2 9.41076 14 0.82332
215.3 9.41391 14 0.82350
215.4 9.41717 14 0.82368
215.5 9.42039 14 0.82386
215.6 9.42369 14 0.82404
215.7 9.42701 14 0.82422
215.8 9.42955 14 0.82437
215.9 9.43184 14 0.82449
216.0 9.43358 14 0.82459
216.1 9.43489 14 0.82466
216.2 9.43789 14 0.82483
216.3 9.42136 14 0.82391
216.4 9.42457 14 0.82409
216.5 9.42764 14 0.82426
216.6 9.43007 14 0.82439
216.7 9.43221 14 0.82451
216.8 9.43383 14 0.82460
216.9 9.43507 14 0.82467
217.0 9.43908 14 0.82489
217.1 9.44650 14 0.82531
217.2 9.45320 14 0.82568
217.3 9.45644 14 0.82586
217.4 9.45963 14 0.82603
217.5 9.46273 14 0.82621
217.6 9.40280 14 0.82288
217.7 9.40611 14 0.82306
217.8 9.40940 14 0.82324
217.9 9.41266 14 0.82343
218.0 9.41576 14 0.82360
218.1 9.41896 14 0.82378
218.2 9.42236 14 0.82397
218.3 9.42589 14 0.82416
218.4 9.42848 14 0.82431
218.5 9.43089 14 0.82444
218.6 9.43285 14 0.82455
218.7 9.43435 14 0.82463
218.8 9.43696 14 0.82478
218.9 9.44110 14 0.82501
219.0 9.42293 14 0.82400
219.1 9.42629 14 0.82418
219.2 9.42888 14 0.82433
219.3 9.43119 14 0.82446
219.4 9.43312 14 0.82456
219.5 9.43452 14 0.82464
219.6 9.43814 14 0.82484
219.7 9.44245 14 0.82508
219.8 9.45074 14 0.82554
219.9 9.45470 14 0.82576
220.0 9.45788 14 0.82594
220.1 9.46099 14 0.82611
220.2 9.40094 14 0.82277
220.3 9.40423 14 0.82296
220.4 9.40749 14 0.82314
220.5 9.41072 14 0.82332
220.6 9.41380 14 0.82349
220.7 9.41718 14 0.82368
220.8 9.42045 14 0.82386
220.9 9.42368 14 0.82404
221.0 9.42694 14 0.82422
221.1 9.42943 14 0.82436
221.2 9.43170 14 0.82448
221.3 9.43343 14 0.82458
221.4 9.43476 14 0.82465
221.5 9.43758 14 0.82481
221.6 9.42082 14 0.82388
221.7 9.42396 14 0.82405
221.8 9.42710 14 0.82423
221.9 9.42951 14 0.82436
222.0 9.43184 14 0.82449
222.1 9.43359 14 0.82459
222.2 9.43488 14 0.82466
222.3 9.43775 14 0.82482
222.4 9.44467 14 0.82520
222.5 9.45239 14 0.82563
222.6 9.45557 14 0.82581
222.7 9.45870 14 0.82598
222.8 9.46176 14 0.82615
222.9 9.40164 14 0.82281
223.0 9.40489 14 0.82299
223.1 9.40810 14 0.82317
223.2 9.41130 14 0.82335
223.3 9.41453 14 0.82353
223.4 9.41786 14 0.82372
223.5 9.42109 14 0.82390
223.6 9.42427 14 0.82407
223.7 9.42739 14 0.82424
223.8 9.42982 14 0.82438
223.9 9.43199 14 0.82450
224.0 9.43365 14 0.82459
224.1 9.43490 14 0.82466
224.2 9.43774 14 0.82482
224.3 9.42118 14 0.82390
224.4 9.42428 14 0.82407
224.5 9.42732 14 0.82424
224.6 9.42984 14 0.82438
224.7 9.43207 14 0.82451
224.8 9.43376 14 0.82460
224.9 9.43499 14 0.82467
225.0 9.43833 14 0.82485
225.1 9.44529 14 0.82524
225.2 9.45261 14 0.82565
225.3 9.45575 14 0.82582
225.4 9.45885 14 0.82599
225.5 9.46187 14 0.82616
225.6 9.40172 14 0.82282
225.7 9.40493 14 0.82300
225.8 9.40831 14 0.82318
225.9 9.41147 14 0.82336
226.0 9.41466 14 0.82354
226.1 9.41796 14 0.82372
226.2 9.42115 14 0.82390
226.3 9.42430 14 0.82407
226.4 9.42737 14 0.82424
226.5 9.42978 14 0.82438
226.6 9.43194 14 0.82450
226.7 9.43359 14 0.82459
226.8 9.43485 14 0.82466
226.9 9.43763 14 0.82481
227.0 9.42095 14 0.82389
227.1 9.42421 14 0.82407
227.2 9.42724 14 0.82424
227.3 9.42974 14 0.82438
227.4 9.43197 14 0.82450
227.5 9.43367 14 0.82459
227.6 9.43491 14 0.82466
227.7 9.43778 14 0.82482
227.8 9.44454 14 0.82520
227.9 9.45227 14 0.82563
228.0 9.45538 14 0.82580
228.1 9.45844 14 0.82597
228.2 9.46144 14 0.82614
228.3 9.40121 14 0.82279
228.4 9.40459 14 0.82298
228.5 9.40794 14 0.82316
228.6 9.41106 14 0.82334
228.7 9.41423 14 0.82351
228.8 9.41749 14 0.82369
228.9 9.42065 14 0.82387
229.0 9.42377 14 0.82404
229.1 9.42693 14 0.82422
229.2 9.42934 14 0.82435
229.3 9.43150 14 0.82447
229.4 9.43322 14 0.82457
229.5 9.43457 14 0.82464
229.6 9.43807 14 0.82484
229.7 9.42037 14 0.82385
229.8 9.42360 14 0.82403
229.9 9.42672 14 0.82421
230.0 9.42923 14 0.82435
230.1 9.43155 14 0.82448
230.2 9.43331 14 0.82457
230.3 9.43465 14 0.82465
230.4 9.43832 14 0.82485
230.5 9.44233 14 0.82507
230.6 9.45017 14 0.82551
230.7 9.45436 14 0.82574
230.8 9.45741 14 0.82591
230.9 9.46040 14 0.82608
231.0 9.46340 14 0.82624
231.1 9.40358 14 0.82292
231.2 9.40670 14 0.82309
231.3 9.41000 14 0.82328
231.4 9.41338 14 0.82347
231.5 9.41648 14 0.82364
231.6 9.41950 14 0.82381
231.7 9.42261 14 0.82398
231.8 9.42595 14 0.82417
231.9 9.42840 14 0.82430
232.0 9.43068 14 0.82443
232.1 9.43254 14 0.82453
232.2 9.43404 14 0.82461
232.3 9.43578 14 0.82471
232.4 9.43987 14 0.82494
232.5 9.42215 14 0.82395
232.6 9.42567 14 0.82415
232.7 9.42823 14 0.82429
232.8 9.43060 14 0.82442
232.9 9.43249 14 0.82453
233.0 9.43404 14 0.82461
233.1 9.43547 14 0.82469
233.2 9.43919 14 0.82490
233.3 9.44610 14 0.82528
233.4 9.45283 14 0.82566
233.5 9.45607 14 0.82584
233.6 9.45905 14 0.82600
233.7 9.46216 14 0.82618
233.8 9.40195 14 0.82283
233.9 9.40525 14 0.82301
234.0 9.40852 14 0.82320
234.1 9.41157 14 0.82337
234.2 9.41466 14 0.82354
234.3 9.41785 14 0.82371
234.4 9.42093 14 0.82389
234.5 9.42398 14 0.82406
234.6 9.42704 14 0.82423
234.7 9.42940 14 0.82436
234.8 9.43169 14 0.82448
234.9 9.43334 14 0.82458
235.0 9.43471 14 0.82465
235.1 9.43749 14 0.82481
235.2 9.42051 14 0.82386
235.3 9.42368 14 0.82404
235.4 9.42673 14 0.82421
235.5 9.42919 14 0.82434
235.6 9.43146 14 0.82447
235.7 9.43321 14 0.82457
235.8 9.43451 14 0.82464
235.9 9.43765 14 0.82482
236.0 9.44146 14 0.82503
236.1 9.44942 14 0.82547
236.2 9.45404 14 0.82572
236.3 9.45722 14 0.82590
236.4 9.46005 14 0.82606
236.5 9.46310 14 0.82623
236.6 9.40317 14 0.82290
236.7 9.40622 14 0.82307
236.8 9.40945 14 0.82325
236.9 9.41266 14 0.82343
237.0 9.41551 14 0.82358
237.1 9.41865 14 0.82376
237.2 9.42170 14 0.82393
237.3 9.42515 14 0.82412
237.4 9.42776 14 0.82427
237.5 9.43004 14 0.82439
237.6 9.43218 14 0.82451
237.7 9.43372 14 0.82460
237.8 9.43496 14 0.82467
237.9 9.43817 14 0.82484
238.0 9.42123 14 0.82390
238.1 9.42435 14 0.82408
238.2 9.42724 14 0.82424
238.3 9.42964 14 0.82437
238.4 9.43181 14 0.82449
238.5 9.43347 14 0.82458
238.6 9.43473 14 0.82465
238.7 9.43756 14 0.82481
238.8 9.44289 14 0.82511
238.9 9.45121 14 0.82557
239.0 9.45461 14 0.82576
239.1 9.45776 14 0.82593
239.2 9.46064 14 0.82609
239.3 9.40040 14 0.82274
239.4 9.40364 14 0.82292
239.5 9.40665 14 0.82309
239.6 9.40985 14 0.82327
239.7 9.41301 14 0.82345
239.8 9.41613 14 0.82362
239.9 9.41894 14 0.82378
240.0 9.42227 14 0.82396
240.1 9.42550 14 0.82414
240.2 9.42806 14 0.82428
240.3 9.43030 14 0.82441
240.4 9.43236 14 0.82452
240.5 9.43385 14 0.82460
240.6 9.43504 14 0.82467
240.7 9.43862 14 0.82487
240.8 9.42143 14 0.82391
240.9 9.42451 14 0.82409
241.0 9.42750 14 0.82425
241.1 9.42971 14 0.82437
241.2 9.43185 14 0.82449
241.3 9.43359 14 0.82459
241.4 9.43480 14 0.82466
241.5 9.43761 14 0.82481
241.6 9.44347 14 0.82514
241.7 9.45190 14 0.82561
241.8 9.45469 14 0.82576
241.9 9.45780 14 0.82593
242.0 9.46066 14 0.82609
242.1 9.40038 14 0.82274
242.2 9.40359 14 0.82292
242.3 9.40657 14 0.82309
242.4 9.40973 14 0.82326
242.5 9.41287 14 0.82344
242.6 9.41617 14 0.82362
242.7 9.41894 14 0.82378
242.8 9.42224 14 0.82396
242.9 9.42545 14 0.82414
243.0 9.42799 14 0.82428
243.1 9.43021 14 0.82440
243.2 9.43227 14 0.82452
243.3 9.43377 14 0.82460
243.4 9.43497 14 0.82467
243.5 9.43812 14 0.82484
243.6 9.42114 14 0.82390
243.7 9.42420 14 0.82407
243.8 9.42707 14 0.82423
243.9 9.42959 14 0.82437
244.0 9.43173 14 0.82449
244.1 9.43348 14 0.82458
244.2 9.43471 14 0.82465
244.3 9.43753 14 0.82481
244.4 9.44248 14 0.82508
244.5 9.45049 14 0.82553
244.6 9.45431 14 0.82574
244.7 9.45739 14 0.82591
244.8 9.46012 14 0.82606
244.9 9.46308 14 0.82623
245.0 9.40305 14 0.82289
245.1 9.40622 14 0.82307
245.2 9.40935 14 0.82324
245.3 9.41246 14 0.82342
245.4 9.41543 14 0.82358
245.5 9.41848 14 0.82375
245.6 9.42164 14 0.82393
245.7 9.42455 14 0.82409
245.8 9.42756 14 0.82425
245.9 9.42978 14 0.82438
246.0 9.43192 14 0.82450
246.1 9.43347 14 0.82458
246.2 9.43475 14 0.82465
246.3 9.43749 14 0.82481
246.4 9.42060 14 0.82387
246.5 9.42364 14 0.82404
246.6 9.42659 14 0.82420
246.7 9.42912 14 0.82434
246.8 9.43131 14 0.82446
246.9 9.43314 14 0.82456
247.0 9.43441 14 0.82464
247.1 9.43729 14 0.82480
247.2 9.44079 14 0.82499
247.3 9.44822 14 0.82540
247.4 9.45337 14 0.82569
247.5 9.45644 14 0.82586
247.6 9.45926 14 0.82601
247.7 9.46241 14 0.82619
247.8 9.40206 14 0.82284
247.9 9.40519 14 0.82301
248.0 9.40852 14 0.82320
248.1 9.41140 14 0.82336
248.2 9.41454 14 0.82353
248.3 9.41757 14 0.82370
248.4 9.42071 14 0.82387
248.5 9.42360 14 0.82403
248.6 9.42651 14 0.82420
248.7 9.42894 14 0.82433
248.8 9.43104 14 0.82445
248.9 9.43287 14 0.82455
249.0 9.43439 14 0.82463
249.1 9.43645 14 0.82475
249.2 9.44019 14 0.82496
249.3 9.42234 14 0.82396
249.4 9.42566 14 0.82415
249.5 9.42823 14 0.82429
249.6 9.43032 14 0.82441
249.7 9.43239 14 0.82452
249.8 9.43388 14 0.82461
249.9 9.43498 14 0.82467
250.0 9.43811 14 0.82484
