15.0 2.32356 13 0.10758
15.1 2.36777 13 0.11128
15.2 2.41310 13 0.11494
15.3 2.45819 13 0.11867
15.4 2.50490 14 0.12240
15.5 2.56627 14 0.12615
15.6 2.62878 14 0.12991
15.7 2.69244 14 0.13368
15.8 2.75725 14 0.13746
15.9 2.82324 14 0.14125
16.0 2.89041 14 0.14505
16.1 2.95877 14 0.14886
16.2 3.02833 14 0.15268
16.3 3.09910 14 0.15651
16.4 3.17109 14 0.16034
16.5 3.24432 14 0.16419
16.6 3.31878 14 0.16805
16.7 3.39449 14 0.17192
16.8 3.47145 14 0.17579
16.9 3.54968 14 0.17968
17.0 3.62921 14 0.18357
17.1 3.71003 14 0.18748
17.2 3.79217 14 0.19139
17.3 3.87909 14 0.19525
17.4 3.96406 14 0.19918
17.5 4.03870 14 0.20312
17.6 4.11212 14 0.20706
17.7 4.18633 14 0.21101
17.8 4.26133 14 0.21497
17.9 4.33712 14 0.21894
18.0 4.41370 14 0.22291
18.1 4.49107 14 0.22689
18.2 4.56924 14 0.23088
18.3 4.64819 14 0.23488
18.4 4.72793 14 0.23888
18.5 4.82163 14 0.24378
18.6 4.94245 14 0.25046
18.7 5.06538 14 0.25720
18.8 5.19045 14 0.26401
18.9 5.31769 14 0.27089
19.0 5.44712 14 0.27784
19.1 5.57876 14 0.28485
19.2 5.71264 14 0.29194
19.3 5.84879 14 0.29910
19.4 5.98722 14 0.30633
19.5 6.12797 14 0.31363
19.6 6.27106 14 0.32100
19.7 6.41651 14 0.32845
19.8 6.56435 14 0.33597
19.9 6.71461 14 0.34356
20.0 6.86732 14 0.35123
20.1 7.02250 14 0.35898
20.2 7.23944 14 0.36694
20.3 7.39889 14 0.37483
20.4 7.56089 14 0.38280
20.5 7.70541 14 0.38964
20.6 7.79910 14 0.39335
20.7 7.89357 14 0.39707
20.8 7.98881 14 0.40080
20.9 8.08484 14 0.40454
21.0 8.18164 14 0.40830
21.1 8.27923 14 0.41206
21.2 8.37760 14 0.41584
21.3 8.47676 14 0.41963
21.4 8.57671 14 0.42343
21.5 8.67746 14 0.42724
21.6 8.77900 14 0.43106
21.7 8.88136 14 0.43489
21.8 8.98450 14 0.43873
21.9 9.08836 14 0.44259
22.0 9.19333 14 0.44646
22.1 9.29886 14 0.45033
22.2 9.40491 14 0.45423
22.3 9.51189 14 0.45813
22.4 9.61967 14 0.46204
22.5 9.71281 14 0.46600
22.6 9.82181 14 0.46994
22.7 9.93140 14 0.47388
22.8 10.04184 14 0.47784
22.9 10.15382 14 0.48181
23.0 10.26611 14 0.48580
23.1 10.37914 14 0.48979
23.2 10.49279 14 0.49380
23.3 10.60698 14 0.49782
23.4 10.70474 14 0.50188
23.5 10.82045 14 0.50592
23.6 10.93697 14 0.50997
23.7 11.05428 14 0.51404
23.8 11.17361 14 0.51811
23.9 11.29232 14 0.52220
24.0 11.41191 14 0.52630
24.1 11.53229 14 0.53042
24.2 11.63407 14 0.53457
24.3 11.75590 14 0.53871
24.4 11.87856 14 0.54286
24.5 12.00180 14 0.54702
24.6 12.12574 14 0.55119
24.7 12.25194 14 0.55538
24.8 12.37768 14 0.55957
24.9 12.50423 14 0.56378
25.0 12.63161 14 0.56801
25.1 12.73786 14 0.57227
25.2 12.86634 14 0.57652
25.3 12.99561 14 0.58078
25.4 13.12568 14 0.58505
25.5 13.25659 14 0.58933
25.6 13.39007 14 0.59363
25.7 13.52280 14 0.59794
25.8 13.65635 14 0.60226
25.9 13.79038 14 0.60659
26.0 13.90048 14 0.61096
26.1 14.03590 14 0.61532
26.2 14.17216 14 0.61970
26.3 14.30924 14 0.62408
26.4 14.44714 14 0.62848
26.5 14.58720 14 0.63289
26.6 14.72734 14 0.63731
26.7 14.86758 14 0.64175
26.8 15.00859 14 0.64620
26.9 15.15042 14 0.65066
27.0 15.26501 14 0.65516
27.1 15.40828 14 0.65965
27.2 15.55237 14 0.66415
27.3 15.69725 14 0.66866
27.4 15.84261 14 0.67319
27.5 15.99122 14 0.67773
27.6 16.13840 14 0.68229
27.7 16.28643 14 0.68685
27.8 16.43525 14 0.69143
27.9 16.55336 14 0.69605
28.0 16.70360 14 0.70066
28.1 16.85466 14 0.70528
28.2 17.00613 14 0.70991
28.3 17.15841 14 0.71456
28.4 17.31433 14 0.71922
28.5 17.46847 14 0.72389
28.6 17.62345 14 0.72858
28.7 17.77929 14 0.73329
28.8 17.90048 14 0.73802
28.9 18.05772 14 0.74275
29.0 18.21566 14 0.74749
29.1 18.37379 14 0.75225
29.2 18.53301 14 0.75702
29.3 18.69292 14 0.76181
29.4 18.85725 14 0.76660
29.5 19.01920 14 0.77142
29.6 19.18201 14 0.77625
29.7 19.30580 14 0.78110
29.8 19.46985 14 0.78596
29.9 19.63465 14 0.79083
30.0 19.79963 14 0.79571
30.1 19.96576 14 0.80061
30.2 20.13261 14 0.80552
30.3 20.30266 14 0.81045
30.4 20.47292 14 0.81539
30.5 20.64264 14 0.82034
30.6 20.81299 14 0.82531
30.7 20.93916 14 0.83031
30.8 21.11081 14 0.83531
30.9 21.28276 14 0.84032
31.0 21.45560 14 0.84535
31.1 21.62930 14 0.85039
31.2 21.80378 14 0.85545
31.3 21.98363 14 0.86052
31.4 22.16004 14 0.86561
31.5 22.33714 14 0.87071
31.6 22.46455 14 0.87583
31.7 22.64287 14 0.88097
31.8 22.82207 14 0.88611
31.9 23.00202 14 0.89127
32.0 23.18196 14 0.89645
32.1 23.36315 14 0.90164
32.2 23.54538 14 0.90685
32.3 23.73301 14 0.91207
32.4 23.91676 14 0.91731
32.5 24.10128 14 0.92256
32.6 24.22957 14 0.92783
32.7 24.41538 14 0.93312
32.8 24.60196 14 0.93842
32.9 24.78944 14 0.94373
33.0 24.97698 14 0.94906
33.1 25.16529 14 0.95441
33.2 25.35622 14 0.95977
33.3 25.55035 14 0.96514
33.4 25.74144 14 0.97054
33.5 25.86916 14 0.97595
33.6 26.06139 14 0.98137
33.7 26.25446 14 0.98681
33.8 26.44836 14 0.99227
33.9 26.64298 14 0.99774
34.0 26.75592 14 1.00000
34.1 26.81103 14 1.00000
34.2 26.86821 14 1.00000
34.3 26.92584 14 1.00000
34.4 26.98011 14 1.00000
34.5 26.96386 14 1.00000
34.6 27.01756 14 1.00000
34.7 27.07126 14 1.00000
34.8 27.12447 14 1.00000
34.9 27.17736 14 1.00000
35.0 27.10005 14 1.00000
35.1 27.15278 14 1.00000
35.2 27.20966 14 1.00000
35.3 27.26494 14 1.00000
35.4 27.31610 14 1.00000
35.5 27.14961 14 1.00000
35.6 27.20129 14 1.00000
35.7 27.25276 14 1.00000
35.8 27.30371 14 1.00000
35.9 27.20962 14 1.00000
36.0 27.26041 14 1.00000
36.1 27.31094 14 1.00000
36.2 27.36326 14 1.00000
36.3 27.41921 14 1.00000
36.4 27.32283 14 1.00000
36.5 25.14002 14 1.00000
36.6 22.51251 14 1.00000
36.7 21.18185 14 1.00000
36.8 18.57860 14 1.00000
36.9 17.27279 14 1.00000
37.0 14.68812 14 1.00000
37.1 13.72675 14 1.00000
37.2 13.74425 14 1.00000
37.3 13.71713 14 1.00000
37.4 13.67100 14 1.00000
37.5 13.60157 14 1.00000
37.6 13.61627 14 1.00000
37.7 13.50111 14 1.00000
37.8 13.46733 14 1.00000
37.9 13.43225 14 1.00000
38.0 13.39328 14 1.00000
38.1 13.38135 14 1.00000
38.2 13.35469 14 1.00000
38.3 13.28402 14 1.00000
38.4 13.28009 14 1.00000
38.5 13.24980 14 1.00000
38.6 13.27521 14 1.00000
38.7 13.20370 14 0.99997
38.8 13.26064 14 1.00000
38.9 13.31102 14 1.00000
39.0 13.35658 14 1.00000
39.1 13.43864 14 1.00000
39.2 13.37948 14 1.00000
39.3 13.43243 14 1.00000
39.4 13.48021 14 1.00000
39.5 13.56617 14 1.00000
39.6 13.60285 14 1.00000
39.7 13.55341 14 1.00000
39.8 13.60329 14 1.00000
39.9 13.69357 14 1.00000
40.0 13.72982 14 1.00000
40.1 13.76438 14 1.00000
40.2 13.72583 14 1.00000
40.3 13.77264 14 1.00000
40.4 13.85675 14 1.00000
40.5 13.89280 14 1.00000
40.6 13.83512 14 1.00000
40.7 13.89015 14 1.00000
40.8 13.98430 14 1.00000
40.9 13.89429 14 1.00000
41.0 13.95288 14 1.00000
41.1 14.01140 14 1.00000
41.2 14.11097 14 1.00000
41.3 14.01816 14 1.00000
41.4 14.07016 14 1.00000
41.5 14.05667 14 1.00000
41.6 14.09802 14 1.00000
41.7 14.11863 14 1.00000
41.8 14.14583 14 1.00000
41.9 14.16976 14 1.00000
42.0 14.04466 14 1.00000
42.1 14.07620 14 1.00000
42.2 14.10798 14 1.00000
42.3 14.13917 14 1.00000
42.4 14.17030 14 1.00000
42.5 14.20075 14 1.00000
42.6 14.23106 14 1.00000
42.7 14.27482 14 1.00000
42.8 14.31900 14 1.00000
42.9 14.46707 14 1.00000
43.0 14.50166 14 1.00000
43.1 14.53599 14 1.00000
43.2 14.56743 14 1.00000
43.3 14.59974 14 1.00000
43.4 14.63179 14 1.00000
43.5 14.66344 14 1.00000
43.6 14.69464 14 1.00000
43.7 14.72515 14 1.00000
43.8 14.75715 14 1.00000
43.9 14.80158 14 1.00000
44.0 14.84606 14 1.00000
44.1 14.89607 14 1.00000
44.2 15.03274 14 1.00000
44.3 15.06904 14 1.00000
44.4 15.10176 14 1.00000
44.5 15.13425 14 1.00000
44.6 15.16655 14 1.00000
44.7 15.19876 14 1.00000
44.8 15.23075 14 1.00000
44.9 15.26213 14 1.00000
45.0 15.29265 14 1.00000
45.1 15.33150 14 1.00000
45.2 15.37622 14 1.00000
45.3 15.42097 14 1.00000
45.4 15.48523 14 1.00000
45.5 15.54372 14 1.00000
45.6 15.64566 14 1.00000
45.7 15.68037 14 1.00000
45.8 15.71284 14 1.00000
45.9 15.74578 14 1.00000
46.0 15.77840 14 1.00000
46.1 15.81082 14 1.00000
46.2 15.84236 14 1.00000
46.3 15.87350 14 1.00000
46.4 15.90928 14 1.00000
46.5 15.95429 14 1.00000
46.6 15.99933 14 1.00000
46.7 16.06247 14 1.00000
46.8 16.13246 14 1.00000
46.9 16.18405 14 1.00000
47.0 16.26937 14 1.00000
47.1 16.30393 14 1.00000
47.2 16.33704 14 1.00000
47.3 16.37037 14 1.00000
47.4 16.40315 14 1.00000
47.5 16.43565 14 1.00000
47.6 16.46781 14 1.00000
47.7 16.49908 14 1.00000
47.8 16.53564 14 1.00000
47.9 16.58094 14 1.00000
48.0 16.65895 14 1.00000
48.1 16.71616 14 1.00000
48.2 16.76820 14 1.00000
48.3 16.81514 14 1.00000
48.4 16.90296 14 1.00000
48.5 16.94074 14 1.00000
48.6 16.97369 14 1.00000
48.7 17.00729 14 1.00000
48.8 17.04073 14 1.00000
48.9 17.07366 14 1.00000
49.0 17.10657 14 1.00000
49.1 17.13849 14 1.00000
49.2 17.16980 14 1.00000
49.3 17.20974 14 1.00000
49.4 17.25763 14 1.00000
49.5 17.33664 14 1.00000
49.6 17.39389 14 1.00000
49.7 17.44549 14 1.00000
49.8 17.49278 14 1.00000
49.9 17.53614 14 1.00000
50.0 17.62349 14 1.00000
50.1 17.65619 14 1.00000
50.2 17.69018 14 1.00000
50.3 17.72395 14 1.00000
50.4 17.75746 14 1.00000
50.5 17.79077 14 1.00000
50.6 17.82326 14 1.00000
50.7 17.85497 14 1.00000
50.8 17.88788 14 1.00000
50.9 17.93224 14 1.00000
51.0 17.98321 14 1.00000
51.1 18.06124 14 1.00000
51.2 18.11322 14 1.00000
51.3 18.16745 14 1.00000
51.4 18.21445 14 1.00000
51.5 18.26417 14 1.00000
51.6 18.30984 14 1.00000
51.7 18.35668 14 1.00000
51.8 18.40231 14 1.00000
51.9 18.44651 14 1.00000
52.0 18.49307 14 1.00000
52.1 18.58473 14 1.00000
52.2 18.58356 14 1.00000
52.3 18.67101 14 1.00000
52.4 18.72256 14 1.00000
52.5 18.72132 14 1.00000
52.6 18.81175 14 1.00000
52.7 18.81228 14 1.00000
52.8 18.89559 14 1.00000
52.9 18.95254 14 1.00000
53.0 18.95097 14 1.00000
53.1 19.04031 14 1.00000
53.2 19.04194 14 1.00000
53.3 19.12160 14 1.00000
53.4 19.18464 14 1.00000
53.5 19.18032 14 1.00000
53.6 19.26886 14 1.00000
53.7 19.27112 14 1.00000
53.8 19.31736 14 1.00000
53.9 19.41125 14 1.00000
54.0 19.40899 14 1.00000
54.1 19.45242 14 1.00000
54.2 19.55280 14 1.00000
54.3 19.54811 14 1.00000
54.4 19.58702 14 1.00000
54.5 19.63710 14 1.00000
54.6 19.68578 14 1.00000
54.7 19.72278 14 1.00000
54.8 19.72337 14 1.00000
54.9 19.82389 14 1.00000
55.0 19.85853 14 1.00000
55.1 19.85965 14 1.00000
55.2 19.96281 14 1.00000
55.3 19.99801 14 1.00000
55.4 19.99956 14 1.00000
55.5 20.03250 14 1.00000
55.6 20.13984 14 1.00000
55.7 20.16323 14 1.00000
55.8 20.17076 14 1.00000
55.9 20.23000 14 1.00000
56.0 20.31270 14 1.00000
56.1 20.31207 14 1.00000
56.2 20.35897 14 1.00000
56.3 20.43144 14 1.00000
56.4 20.46280 14 1.00000
56.5 20.49343 14 1.00000
56.6 20.55339 14 1.00000
56.7 20.62936 14 1.00000
56.8 20.64121 14 1.00000
56.9 20.67800 14 1.00000
57.0 20.74688 14 1.00000
57.1 20.82146 14 1.00000
57.2 20.89356 14 1.00000
57.3 20.86294 14 1.00000
57.4 20.93175 14 1.00000
57.5 21.00568 14 1.00000
57.6 21.07716 14 1.00000
57.7 21.04824 14 1.00000
57.8 21.11182 14 1.00000
57.9 21.18526 14 1.00000
58.0 21.25801 14 1.00000
58.1 21.32722 14 1.00000
58.2 21.28427 14 1.00000
58.3 21.35945 14 1.00000
58.4 21.42945 14 1.00000
58.5 21.50001 14 1.00000
58.6 21.57208 14 1.00000
58.7 21.60959 14 1.00000
58.8 21.59800 14 1.00000
58.9 21.66849 14 1.00000
59.0 21.73918 14 1.00000
59.1 21.80934 14 1.00000
59.2 21.87979 14 1.00000
59.3 21.82705 14 1.00000
59.4 21.89964 14 1.00000
59.5 21.97106 14 1.00000
59.6 22.04100 14 1.00000
59.7 22.11010 14 1.00000
59.8 22.09892 14 1.00000
59.9 22.12166 14 1.00000
60.0 22.19283 14 1.00000
60.1 22.26424 14 1.00000
60.2 22.33382 14 1.00000
60.3 22.33043 14 1.00000
60.4 22.37974 14 1.00000
60.5 22.40733 14 1.00000
60.6 22.47813 14 1.00000
60.7 22.54697 14 1.00000
60.8 22.61540 14 1.00000
60.9 22.61115 14 1.00000
61.0 22.66054 14 1.00000
61.1 22.73067 14 1.00000
61.2 22.75312 14 1.00000
61.3 22.82189 14 1.00000
61.4 22.89008 14 1.00000
61.5 22.96160 14 1.00000
61.6 22.94197 14 1.00000
61.7 22.98538 14 1.00000
61.8 23.01511 14 1.00000
61.9 23.08571 14 1.00000
62.0 23.15474 14 1.00000
62.1 23.22262 14 1.00000
62.2 23.28680 14 1.00000
62.3 23.26905 14 1.00000
62.4 23.31297 14 1.00000
62.5 23.35324 14 1.00000
62.6 23.40741 14 1.00000
62.7 23.47572 14 1.00000
62.8 23.54140 14 1.00000
62.9 23.61013 14 1.00000
63.0 23.59747 14 1.00000
63.1 23.64657 14 1.00000
63.2 23.68277 14 1.00000
63.3 23.74110 14 1.00000
63.4 23.78134 14 1.00000
63.5 23.85233 14 1.00000
63.6 23.91631 14 1.00000
63.7 23.98678 14 1.00000
63.8 23.97238 14 1.00000
63.9 24.02284 14 1.00000
64.0 24.06588 14 1.00000
64.1 24.09651 14 1.00000
64.2 24.14663 14 1.00000
64.3 24.21399 14 1.00000
64.4 24.27902 14 1.00000
64.5 24.34572 14 1.00000
64.6 24.41265 14 1.00000
64.7 24.39444 14 1.00000
64.8 24.44797 14 1.00000
64.9 24.48959 14 1.00000
65.0 24.52449 14 1.00000
65.1 24.55688 14 1.00000
65.2 24.62383 14 1.00000
65.3 24.69123 14 1.00000
65.4 24.75797 14 1.00000
65.5 24.82065 14 1.00000
65.6 24.89134 14 1.00000
65.7 24.95440 14 1.00000
65.8 24.91907 14 1.00000
65.9 24.96337 14 1.00000
66.0 25.01130 14 1.00000
66.1 25.01300 14 1.00000
66.2 25.08207 14 1.00000
66.3 25.15048 14 1.00000
66.4 25.21264 14 1.00000
66.5 25.27765 14 1.00000
66.6 25.34314 14 1.00000
66.7 25.40987 14 1.00000
66.8 25.48059 14 1.00000
66.9 25.43883 14 1.00000
67.0 25.48615 14 1.00000
67.1 25.45381 14 1.00000
67.2 25.50724 14 1.00000
67.3 25.58066 14 1.00000
67.4 25.65037 14 1.00000
67.5 25.71393 14 1.00000
67.6 25.78026 14 1.00000
67.7 25.84497 14 1.00000
67.8 25.91038 14 1.00000
67.9 25.97455 14 1.00000
68.0 26.03830 14 1.00000
68.1 26.10065 14 1.00000
68.2 26.01844 14 1.00000
68.3 26.01913 14 1.00000
68.4 26.06365 14 1.00000
68.5 26.11449 14 1.00000
68.6 26.18939 14 1.00000
68.7 26.25578 14 1.00000
68.8 26.32433 14 1.00000
68.9 26.38973 14 1.00000
69.0 26.45217 14 1.00000
69.1 26.51453 14 1.00000
69.2 26.57284 14 1.00000
69.3 26.64697 14 1.00000
69.4 26.58307 14 1.00000
69.5 26.55980 14 1.00000
69.6 26.60458 14 1.00000
69.7 26.64939 14 1.00000
69.8 26.70024 14 1.00000
69.9 26.77198 14 1.00000
70.0 26.84128 14 1.00000
70.1 26.90524 14 1.00000
70.2 26.97001 14 1.00000
70.3 27.03038 14 1.00000
70.4 27.09417 14 1.00000
70.5 27.14986 14 1.00000
70.6 27.21480 14 1.00000
70.7 27.19370 14 1.00000
70.8 27.17030 14 1.00000
70.9 27.19638 14 1.00000
71.0 27.23931 14 1.00000
71.1 27.28440 14 1.00000
71.2 27.32951 14 1.00000
71.3 27.37713 14 1.00000
71.4 27.44262 14 1.00000
71.5 27.51370 14 1.00000
71.6 27.57092 14 1.00000
71.7 27.64162 14 1.00000
71.8 27.69741 14 1.00000
71.9 27.76163 14 1.00000
72.0 27.82677 14 1.00000
72.1 27.88993 14 1.00000
72.2 27.89242 14 1.00000
72.3 27.92268 14 1.00000
72.4 27.95424 14 1.00000
72.5 27.99021 14 1.00000
72.6 27.99173 14 1.00000
72.7 28.01841 14 1.00000
72.8 28.06067 14 1.00000
72.9 28.10620 14 1.00000
73.0 28.15171 14 1.00000
73.1 28.19725 14 1.00000
73.2 28.25458 14 1.00000
73.3 28.32376 14 1.00000
73.4 28.39132 14 1.00000
73.5 28.45227 14 1.00000
73.6 28.51405 14 1.00000
73.7 28.57826 14 1.00000
73.8 28.60108 14 1.00000
73.9 28.59569 14 1.00000
74.0 28.71507 14 1.00000
74.1 28.76202 14 1.00000
74.2 28.80302 14 1.00000
74.3 28.85507 14 1.00000
74.4 28.89815 14 1.00000
74.5 28.93830 14 1.00000
74.6 28.96670 14 1.00000
74.7 28.98276 14 1.00000
74.8 29.01434 14 1.00000
74.9 29.04010 14 1.00000
75.0 29.07361 14 1.00000
75.1 29.11961 14 1.00000
75.2 29.16565 14 1.00000
75.3 29.21171 14 1.00000
75.4 29.25785 14 1.00000
75.5 29.35877 14 1.00000
75.6 29.44885 14 1.00000
75.7 29.51302 14 1.00000
75.8 29.56812 14 1.00000
75.9 29.63014 14 1.00000
76.0 29.68789 14 1.00000
76.1 29.74368 14 1.00000
76.2 29.79762 14 1.00000
76.3 29.85157 14 1.00000
76.4 29.91328 14 1.00000
76.5 29.87535 14 1.00000
76.6 29.92637 14 1.00000
76.7 29.97960 14 1.00000
76.8 30.03089 14 1.00000
76.9 30.07665 14 1.00000
77.0 30.12403 14 1.00000
77.1 30.16956 14 1.00000
77.2 30.20474 14 1.00000
77.3 30.25581 14 1.00000
77.4 30.28836 14 1.00000
77.5 30.30666 14 1.00000
77.6 30.35061 14 1.00000
77.7 30.44432 14 1.00000
77.8 30.53898 14 1.00000
77.9 30.42502 14 1.00000
78.0 30.47932 14 1.00000
78.1 30.53968 14 1.00000
78.2 30.59982 14 1.00000
78.3 30.65934 14 1.00000
78.4 30.71812 14 1.00000
78.5 30.77507 14 1.00000
78.6 30.82598 14 1.00000
78.7 30.88836 14 1.00000
78.8 30.93178 14 1.00000
78.9 30.99922 14 1.00000
79.0 31.04963 14 1.00000
79.1 31.10417 14 1.00000
79.2 31.16207 14 1.00000
79.3 31.21740 14 1.00000
79.4 31.27138 14 1.00000
79.5 31.32772 14 1.00000
79.6 31.37949 14 1.00000
79.7 31.41234 14 1.00000
79.8 31.43810 14 1.00000
79.9 31.44086 14 1.00000
80.0 31.41209 14 1.00000
80.1 31.57920 14 1.00000
80.2 31.64599 14 1.00000
80.3 31.69366 14 1.00000
80.4 31.74073 14 1.00000
80.5 31.78864 14 1.00000
80.6 31.83745 14 1.00000
80.7 31.88308 14 1.00000
80.8 31.92560 14 1.00000
80.9 31.96144 14 1.00000
81.0 32.01981 14 1.00000
81.1 32.06075 14 1.00000
81.2 32.10411 14 1.00000
81.3 32.12648 14 1.00000
81.4 32.17373 14 1.00000
81.5 32.21597 14 1.00000
81.6 32.25588 14 1.00000
81.7 32.29144 14 1.00000
81.8 32.34367 14 1.00000
81.9 32.38778 14 1.00000
82.0 32.42773 14 1.00000
82.1 32.46600 14 1.00000
82.2 32.50376 14 1.00000
82.3 32.54045 14 1.00000
82.4 32.57664 14 1.00000
82.5 32.61270 14 1.00000
82.6 32.65460 14 1.00000
82.7 32.69783 14 1.00000
82.8 32.74564 14 1.00000
82.9 32.82565 14 1.00000
83.0 32.93405 14 1.00000
83.1 33.03647 14 1.00000
83.2 32.99576 14 1.00000
83.3 33.04875 14 1.00000
83.4 33.10326 14 1.00000
83.5 33.15683 14 1.00000
83.6 33.20792 14 1.00000
83.7 33.25781 14 1.00000
83.8 33.30402 14 1.00000
83.9 33.35764 14 1.00000
84.0 33.41331 14 1.00000
84.1 33.46746 14 1.00000
84.2 33.52036 14 1.00000
84.3 33.57056 14 1.00000
84.4 33.61883 14 1.00000
84.5 33.66355 14 1.00000
84.6 33.70801 14 1.00000
84.7 33.76698 14 1.00000
84.8 33.82086 14 1.00000
84.9 33.85735 14 1.00000
85.0 33.80844 14 1.00000
85.1 34.07873 14 1.00000
85.2 34.06313 14 1.00000
85.3 34.11232 14 1.00000
85.4 34.15955 14 1.00000
85.5 34.20042 14 1.00000
85.6 34.25543 14 1.00000
85.7 34.30717 14 1.00000
85.8 34.35976 14 1.00000
85.9 34.40955 14 1.00000
86.0 34.46334 14 1.00000
86.1 34.50018 14 1.00000
86.2 34.56628 14 1.00000
86.3 34.61503 14 1.00000
86.4 34.66644 14 1.00000
86.5 34.72364 14 1.00000
86.6 34.76496 14 1.00000
86.7 34.82355 14 1.00000
86.8 34.87747 14 1.00000
86.9 34.92360 14 1.00000
87.0 34.97633 14 1.00000
87.1 35.03246 14 1.00000
87.2 35.07948 14 1.00000
87.3 35.11868 14 1.00000
87.4 35.17936 14 1.00000
87.5 35.23439 14 1.00000
87.6 35.28559 14 1.00000
87.7 35.33230 14 1.00000
87.8 35.37287 14 1.00000
87.9 35.43021 14 1.00000
88.0 35.48492 14 1.00000
88.1 35.53827 14 1.00000
88.2 35.59007 14 1.00000
88.3 35.63857 14 1.00000
88.4 35.68642 14 1.00000
88.5 35.73490 14 1.00000
88.6 35.77303 14 1.00000
88.7 35.83423 14 1.00000
88.8 35.87463 14 1.00000
88.9 35.92185 14 1.00000
89.0 35.97569 14 1.00000
89.1 36.02586 14 1.00000
89.2 36.07352 14 1.00000
89.3 36.12164 14 1.00000
89.4 36.18235 14 1.00000
89.5 36.22179 14 1.00000
89.6 36.27673 14 1.00000
89.7 36.33217 14 1.00000
89.8 36.38311 14 1.00000
89.9 36.43435 14 1.00000
90.0 36.48548 14 1.00000
90.1 36.53325 14 1.00000
90.2 36.57983 14 1.00000
90.3 36.62609 14 1.00000
90.4 36.66912 14 1.00000
90.5 36.72375 14 1.00000
90.6 36.77436 14 1.00000
90.7 36.82681 14 1.00000
90.8 36.87722 14 1.00000
90.9 36.92347 14 1.00000
91.0 36.95979 14 1.00000
91.1 36.99211 14 1.00000
91.2 37.00375 14 1.00000
91.3 37.01020 14 1.00000
91.4 37.04482 14 1.00000
91.5 37.23316 14 1.00000
91.6 37.28694 14 1.00000
91.7 37.33179 14 1.00000
91.8 37.37131 14 1.00000
91.9 37.42673 14 1.00000
92.0 37.48011 14 1.00000
92.1 37.52169 14 1.00000
92.2 37.56978 14 1.00000
92.3 37.62290 14 1.00000
92.4 37.67048 14 1.00000
92.5 37.70753 14 1.00000
92.6 37.76516 14 1.00000
92.7 37.81549 14 1.00000
92.8 37.85298 14 1.00000
92.9 37.90828 14 1.00000
93.0 37.95870 14 1.00000
93.1 37.99600 14 1.00000
93.2 38.05257 14 1.00000
93.3 38.10167 14 1.00000
93.4 38.13248 14 1.00000
93.5 38.19771 14 1.00000
93.6 38.23841 14 1.00000
93.7 38.28692 14 1.00000
93.8 38.27213 14 1.00000
93.9 38.40686 14 1.00000
94.0 38.45201 14 1.00000
94.1 38.48626 14 1.00000
94.2 38.54352 14 1.00000
94.3 38.58311 14 1.00000
94.4 38.63330 14 1.00000
94.5 38.68358 14 1.00000
94.6 38.71889 14 1.00000
94.7 38.77540 14 1.00000
94.8 38.82485 14 1.00000
94.9 38.86111 14 1.00000
95.0 38.91578 14 1.00000
95.1 38.96666 14 1.00000
95.2 39.00482 14 1.00000
95.3 39.05360 14 1.00000
95.4 39.10677 14 1.00000
95.5 39.14689 14 1.00000
95.6 39.17862 14 1.00000
95.7 39.22535 14 1.00000
95.8 39.24043 14 1.00000
95.9 39.30196 14 1.00000
96.0 39.45036 14 1.00000
96.1 39.46209 14 1.00000
96.2 39.49228 14 1.00000
96.3 39.53295 14 1.00000
96.4 39.56906 14 1.00000
96.5 39.62194 14 1.00000
96.6 39.67085 14 1.00000
96.7 39.71702 14 1.00000
96.8 39.75857 14 1.00000
96.9 39.79913 14 1.00000
97.0 39.84053 14 1.00000
97.1 39.88255 14 1.00000
97.2 39.92561 14 1.00000
97.3 39.96818 14 1.00000
97.4 40.01087 14 1.00000
97.5 40.05312 14 1.00000
97.6 40.11329 14 1.00000
97.7 40.18355 14 1.00000
97.8 40.25250 14 1.00000
97.9 40.32067 14 1.00000
98.0 40.39898 14 1.00000
98.1 40.44394 14 1.00000
98.2 40.48890 14 1.00000
98.3 40.53386 14 1.00000
98.4 40.58843 14 1.00000
98.5 40.64468 14 1.00000
98.6 40.70047 14 1.00000
98.7 40.75950 14 1.00000
98.8 40.81484 14 1.00000
98.9 40.86558 14 1.00000
99.0 40.89340 14 1.00000
99.1 40.94031 14 1.00000
99.2 40.99056 14 1.00000
99.3 41.04044 14 1.00000
99.4 41.09013 14 1.00000
99.5 41.13974 14 1.00000
99.6 41.18913 14 1.00000
99.7 41.23873 14 1.00000
99.8 41.29192 14 1.00000
99.9 41.32701 14 1.00000
100.0 41.40042 14 1.00000
100.1 41.43490 14 1.00000
100.2 41.47076 14 1.00000
100.3 41.54721 14 1.00000
100.4 41.58291 14 1.00000
100.5 41.61974 14 1.00000
100.6 41.65780 14 1.00000
100.7 41.73740 14 1.00000
100.8 41.77621 14 1.00000
100.9 41.81556 14 1.00000
101.0 41.85616 14 1.00000
101.1 41.89759 14 1.00000
101.2 41.94014 14 1.00000
101.3 42.02623 14 1.00000
101.4 42.07075 14 1.00000
101.5 42.11671 14 1.00000
101.6 42.16342 14 1.00000
101.7 42.21172 14 1.00000
101.8 42.26122 14 1.00000
101.9 42.32776 14 1.00000
102.0 42.41658 14 1.00000
102.1 42.50517 14 1.00000
102.2 42.59396 14 1.00000
102.3 42.68262 14 1.00000
102.4 42.77143 14 1.00000
102.5 42.86036 14 1.00000
102.6 42.94901 14 1.00000
102.7 43.03790 14 1.00000
102.8 43.12651 14 1.00000
102.9 43.21548 14 1.00000
103.0 43.30441 14 1.00000
103.1 43.39305 14 1.00000
103.2 43.48201 14 1.00000
103.3 43.57072 14 1.00000
103.4 43.65974 14 1.00000
103.5 43.74866 14 1.00000
103.6 43.83745 14 1.00000
103.7 43.92645 14 1.00000
103.8 44.01515 14 1.00000
103.9 44.10416 14 1.00000
104.0 44.19318 14 1.00000
104.1 44.28201 14 1.00000
104.2 44.37104 14 1.00000
104.3 44.45984 14 1.00000
104.4 44.54883 14 1.00000
104.5 44.63788 14 1.00000
104.6 44.72675 14 1.00000
104.7 44.81577 14 1.00000
104.8 44.90465 14 1.00000
104.9 44.99373 14 1.00000
105.0 45.08281 14 1.00000
105.1 45.17167 14 1.00000
105.2 45.26076 14 1.00000
105.3 45.34957 14 1.00000
105.4 45.43872 14 1.00000
105.5 45.52784 14 1.00000
105.6 45.61671 14 1.00000
105.7 45.70578 14 1.00000
105.8 45.79491 14 1.00000
105.9 45.88380 14 1.00000
106.0 45.97298 14 1.00000
106.1 46.06183 14 1.00000
106.2 46.15097 14 1.00000
106.3 46.24017 14 1.00000
106.4 46.32903 14 1.00000
106.5 46.41823 14 1.00000
106.6 46.50739 14 1.00000
106.7 46.59631 14 1.00000
106.8 46.68542 14 1.00000
106.9 46.77435 14 1.00000
107.0 46.86356 14 1.00000
107.1 46.95273 14 1.00000
107.2 47.04161 14 1.00000
107.3 47.13079 14 1.00000
107.4 47.22001 14 1.00000
107.5 47.30890 14 1.00000
107.6 47.39813 14 1.00000
107.7 47.48726 14 1.00000
107.8 47.57626 14 1.00000
107.9 47.66544 14 1.00000
108.0 47.75439 14 1.00000
108.1 47.84357 14 1.00000
108.2 47.93271 14 1.00000
108.3 48.02171 14 1.00000
108.4 48.11090 14 1.00000
108.5 48.20004 14 1.00000
108.6 48.28899 14 1.00000
108.7 48.37823 14 1.00000
108.8 48.46741 14 1.00000
108.9 48.55637 14 1.00000
109.0 48.64550 14 1.00000
109.1 48.73474 14 1.00000
109.2 48.82364 14 1.00000
109.3 48.91288 14 1.00000
109.4 49.00183 14 1.00000
109.5 49.09101 14 1.00000
109.6 49.18020 14 1.00000
109.7 49.26915 14 1.00000
109.8 49.35828 14 1.00000
109.9 49.44751 14 1.00000
110.0 49.53645 14 1.00000
110.1 49.62558 14 1.00000
110.2 49.71475 14 1.00000
110.3 49.80370 14 1.00000
110.4 49.89286 14 1.00000
110.5 49.98203 14 1.00000
110.6 50.07097 14 1.00000
110.7 50.16018 14 1.00000
110.8 50.24929 14 1.00000
110.9 50.33822 14 1.00000
111.0 50.42738 14 1.00000
111.1 50.51653 14 1.00000
111.2 50.60545 14 1.00000
111.3 50.69465 14 1.00000
111.4 50.78379 14 1.00000
111.5 50.87266 14 1.00000
111.6 50.96185 14 1.00000
111.7 51.05098 14 1.00000
111.8 51.13984 14 1.00000
111.9 51.22901 14 1.00000
112.0 51.31813 14 1.00000
112.1 51.40703 14 1.00000
112.2 51.49610 14 1.00000
112.3 51.58526 14 1.00000
112.4 51.67414 14 1.00000
112.5 51.76320 14 1.00000
112.6 51.85234 14 1.00000
112.7 51.94122 14 1.00000
112.8 52.03031 14 1.00000
112.9 52.11934 14 1.00000
113.0 52.20825 14 1.00000
113.1 52.29728 14 1.00000
113.2 52.38635 14 1.00000
113.3 52.47525 14 1.00000
113.4 52.56431 14 1.00000
113.5 52.65337 14 1.00000
113.6 52.74215 14 1.00000
113.7 52.83124 14 1.00000
113.8 52.92028 14 1.00000
113.9 53.00905 14 1.00000
114.0 53.09808 14 1.00000
114.1 53.18710 14 1.00000
114.2 53.27612 14 1.00000
114.3 53.36497 14 1.00000
114.4 53.45398 14 1.00000
114.5 53.54298 14 1.00000
114.6 53.63176 14 1.00000
114.7 53.72075 14 1.00000
114.8 53.80973 14 1.00000
114.9 53.89844 14 1.00000
115.0 53.98746 14 1.00000
115.1 54.07643 14 1.00000
115.2 54.16517 14 1.00000
115.3 54.25412 14 1.00000
115.4 54.34307 14 1.00000
115.5 54.43201 14 1.00000
115.6 54.52067 14 1.00000
115.7 54.60965 14 1.00000
115.8 54.69852 14 1.00000
115.9 54.78727 14 1.00000
116.0 54.87612 14 1.00000
116.1 54.96507 14 1.00000
116.2 55.05375 14 1.00000
116.3 55.14258 14 1.00000
116.4 55.23146 14 1.00000
116.5 55.32016 14 1.00000
116.6 55.40897 14 1.00000
116.7 55.49788 14 1.00000
116.8 55.58668 14 1.00000
116.9 55.67530 14 1.00000
117.0 55.76413 14 1.00000
117.1 55.85296 14 1.00000
117.2 55.94161 14 1.00000
117.3 56.03037 14 1.00000
117.4 56.11922 14 1.00000
117.5 56.20775 14 1.00000
117.6 56.29654 14 1.00000
117.7 56.38531 14 1.00000
117.8 56.47414 14 1.00000
117.9 56.56263 14 1.00000
118.0 56.65144 14 1.00000
118.1 56.74018 14 1.00000
118.2 56.82866 14 1.00000
118.3 56.91744 14 1.00000
118.4 57.00616 14 1.00000
118.5 57.09487 14 1.00000
118.6 57.18336 14 1.00000
118.7 57.27201 14 1.00000
118.8 57.36069 14 1.00000
118.9 57.44921 14 1.00000
119.0 57.53783 14 1.00000
119.1 57.62649 14 1.00000
119.2 57.71519 14 1.00000
119.3 57.80357 14 1.00000
119.4 57.89225 14 1.00000
119.5 57.98088 14 1.00000
119.6 58.06928 14 1.00000
119.7 58.15789 14 1.00000
119.8 58.24649 14 1.00000
119.9 58.33503 14 1.00000
120.0 58.42344 14 1.00000
120.1 58.51201 14 1.00000
120.2 58.60052 14 1.00000
120.3 58.68887 14 1.00000
120.4 58.77741 14 1.00000
120.5 58.86599 14 1.00000
120.6 58.95451 14 1.00000
120.7 59.04282 14 1.00000
120.8 59.13132 14 1.00000
120.9 59.21982 14 1.00000
121.0 59.30825 14 1.00000
121.1 59.39652 14 1.00000
121.2 59.48503 14 1.00000
121.3 59.57344 14 1.00000
121.4 59.66168 14 1.00000
121.5 59.75011 14 1.00000
121.6 59.83854 14 1.00000
121.7 59.92701 14 1.00000
121.8 60.01516 14 1.00000
121.9 60.10355 14 1.00000
122.0 60.19199 14 1.00000
122.1 60.28036 14 1.00000
122.2 60.36847 14 1.00000
122.3 60.45688 14 1.00000
122.4 60.54517 14 1.00000
122.5 60.63330 14 1.00000
122.6 60.72163 14 1.00000
122.7 60.80994 14 1.00000
122.8 60.89830 14 1.00000
122.9 60.98639 14 1.00000
123.0 61.07462 14 1.00000
123.1 61.16294 14 1.00000
123.2 61.25121 14 1.00000
123.3 61.33925 14 1.00000
123.4 61.42744 14 1.00000
123.5 61.51572 14 1.00000
123.6 61.60395 14 1.00000
123.7 61.69190 14 1.00000
123.8 61.78010 14 1.00000
123.9 61.86834 14 1.00000
124.0 61.95626 14 1.00000
124.1 62.04443 14 1.00000
124.2 62.13259 14 1.00000
124.3 62.22073 14 1.00000
124.4 62.30866 14 1.00000
124.5 62.39679 14 1.00000
124.6 62.48495 14 1.00000
124.7 62.57300 14 1.00000
124.8 62.66094 14 1.00000
124.9 62.74902 14 1.00000
125.0 62.83709 14 1.00000
125.1 62.92509 14 1.00000
125.2 63.01299 14 1.00000
125.3 63.10102 14 1.00000
125.4 63.18905 14 1.00000
125.5 63.27701 14 1.00000
125.6 63.36481 14 1.00000
125.7 63.45280 14 1.00000
125.8 63.54083 14 1.00000
125.9 63.62875 14 1.00000
126.0 63.71656 14 1.00000
126.1 63.80445 14 1.00000
126.2 63.89244 14 1.00000
126.3 63.98036 14 1.00000
126.4 64.06807 14 1.00000
126.5 64.15598 14 1.00000
126.6 64.24386 14 1.00000
126.7 64.33174 14 1.00000
126.8 64.41940 14 1.00000
126.9 64.50722 14 1.00000
127.0 64.59510 14 1.00000
127.1 64.68293 14 1.00000
127.2 64.77055 14 1.00000
127.3 64.85831 14 1.00000
127.4 64.94611 14 1.00000
127.5 65.03389 14 1.00000
127.6 65.12147 14 1.00000
127.7 65.20927 14 1.00000
127.8 65.29703 14 1.00000
127.9 65.38477 14 1.00000
128.0 65.47224 14 1.00000
128.1 65.55996 14 1.00000
128.2 65.64766 14 1.00000
128.3 65.73535 14 1.00000
128.4 65.82303 14 1.00000
128.5 65.91055 14 1.00000
128.6 65.99815 14 1.00000
128.7 66.08585 14 1.00000
128.8 66.17348 14 1.00000
128.9 66.26085 14 1.00000
129.0 66.34851 14 1.00000
129.1 66.43605 14 1.00000
129.2 66.52364 14 1.00000
129.3 66.61102 14 1.00000
129.4 66.69857 14 1.00000
129.5 66.78617 14 1.00000
129.6 66.87366 14 1.00000
129.7 66.96103 14 1.00000
129.8 67.04855 14 1.00000
129.9 67.13599 14 1.00000
130.0 67.22353 14 1.00000
130.1 67.31100 14 1.00000
130.2 67.39827 14 1.00000
130.3 67.48573 14 1.00000
130.4 67.57316 14 1.00000
130.5 67.66054 14 1.00000
130.6 67.74780 14 1.00000
130.7 67.83516 14 1.00000
130.8 67.92260 14 1.00000
130.9 68.00993 14 1.00000
131.0 68.09715 14 1.00000
131.1 68.18445 14 1.00000
131.2 68.27184 14 1.00000
131.3 68.35917 14 1.00000
131.4 68.44643 14 1.00000
131.5 68.53359 14 1.00000
131.6 68.15427 14 1.00000
131.7 68.24166 14 1.00000
131.8 68.32909 14 1.00000
131.9 68.41646 14 1.00000
132.0 68.50357 14 1.00000
132.1 68.12443 14 1.00000
132.2 68.21191 14 1.00000
132.3 68.29934 14 1.00000
132.4 68.38670 14 1.00000
132.5 68.47392 14 1.00000
132.6 68.56155 14 1.00000
132.7 68.18241 14 1.00000
132.8 68.26989 14 1.00000
132.9 68.35736 14 1.00000
133.0 68.44486 14 1.00000
133.1 68.53207 14 1.00000
133.2 68.15290 14 1.00000
133.3 68.24087 14 1.00000
133.4 68.32838 14 1.00000
133.5 68.41589 14 1.00000
133.6 68.50324 14 1.00000
133.7 68.12409 14 1.00000
133.8 68.21162 14 1.00000
133.9 68.29984 14 1.00000
134.0 68.38734 14 1.00000
134.1 68.47469 14 1.00000
134.2 68.56228 14 1.00000
134.3 68.18324 14 1.00000
134.4 68.27081 14 1.00000
134.5 68.35916 14 1.00000
134.6 68.44675 14 1.00000
134.7 68.53415 14 1.00000
134.8 68.15512 14 1.00000
134.9 68.24284 14 1.00000
135.0 68.33050 14 1.00000
135.1 68.41904 14 1.00000
135.2 68.50643 14 1.00000
135.3 68.12747 14 1.00000
135.4 68.21519 14 1.00000
135.5 68.30289 14 1.00000
135.6 68.39059 14 1.00000
135.7 68.47909 14 1.00000
135.8 68.56676 14 1.00000
135.9 68.18786 14 1.00000
136.0 68.27561 14 1.00000
136.1 68.36336 14 1.00000
136.2 68.45113 14 1.00000
136.3 68.53983 14 1.00000
136.4 68.16094 14 1.00000
136.5 68.24874 14 1.00000
136.6 68.33653 14 1.00000
136.7 68.42431 14 1.00000
136.8 68.51193 14 1.00000
136.9 68.59964 14 1.00000
137.0 68.22229 14 1.00000
137.1 68.31008 14 1.00000
137.2 68.39790 14 1.00000
137.3 68.48557 14 1.00000
137.4 68.57333 14 1.00000
137.5 68.66116 14 1.00000
137.6 68.28398 14 1.00000
137.7 68.37186 14 1.00000
137.8 68.45977 14 1.00000
137.9 68.54737 14 1.00000
138.0 68.63521 14 1.00000
138.1 68.72303 14 1.00000
138.2 68.34617 14 1.00000
138.3 68.43413 14 1.00000
138.4 68.52178 14 1.00000
138.5 68.60971 14 1.00000
138.6 68.69753 14 1.00000
138.7 68.78539 14 1.00000
138.8 68.40884 14 1.00000
138.9 68.49654 14 1.00000
139.0 68.58447 14 1.00000
139.1 68.67244 14 1.00000
139.2 68.76029 14 1.00000
139.3 68.84824 14 1.00000
139.4 68.93592 14 1.00000
139.5 68.55965 14 1.00000
139.6 68.64766 14 1.00000
139.7 68.73560 14 1.00000
139.8 68.82349 14 1.00000
139.9 68.91127 14 1.00000
140.0 68.99918 14 1.00000
140.1 68.62318 14 1.00000
140.2 68.71122 14 1.00000
140.3 68.79916 14 1.00000
140.4 68.88693 14 1.00000
140.5 68.97494 14 1.00000
140.6 68.59686 14 1.00000
140.7 68.68714 14 1.00000
140.8 68.77522 14 1.00000
140.9 68.86304 14 1.00000
141.0 68.95104 14 1.00000
141.1 68.57303 14 1.00000
141.2 68.66112 14 1.00000
141.3 68.75153 14 1.00000
141.4 68.83965 14 1.00000
141.5 68.92750 14 1.00000
141.6 69.01549 14 1.00000
141.7 68.63763 14 1.00000
141.8 68.72571 14 1.00000
141.9 68.81381 14 1.00000
142.0 68.90430 14 1.00000
142.1 68.99239 14 1.00000
142.2 68.61445 14 1.00000
142.3 68.70261 14 1.00000
142.4 68.79077 14 1.00000
142.5 68.87872 14 1.00000
142.6 68.96958 14 1.00000
142.7 68.59166 14 1.00000
142.8 68.67992 14 1.00000
142.9 68.76812 14 1.00000
143.0 68.85606 14 1.00000
143.1 68.94424 14 1.00000
143.2 68.56921 14 1.00000
143.3 68.65747 14 1.00000
143.4 68.74571 14 1.00000
143.5 68.83399 14 1.00000
143.6 68.92197 14 1.00000
143.7 69.01022 14 1.00000
143.8 69.09836 14 1.00000
143.9 68.72370 14 1.00000
144.0 68.81203 14 1.00000
144.1 68.90009 14 1.00000
144.2 68.98834 14 1.00000
144.3 69.07652 14 1.00000
144.4 69.16479 14 1.00000
144.5 68.79035 14 1.00000
144.6 68.87851 14 1.00000
144.7 68.96675 14 1.00000
144.8 69.05508 14 1.00000
144.9 69.14334 14 1.00000
145.0 69.23135 14 1.00000
145.1 69.31963 14 1.00000
145.2 68.94560 14 1.00000
145.3 69.03387 14 1.00000
145.4 69.12218 14 1.00000
145.5 69.21033 14 1.00000
145.6 69.29861 14 1.00000
145.7 69.38687 14 1.00000
145.8 69.01310 14 1.00000
145.9 69.10139 14 1.00000
146.0 69.18954 14 1.00000
146.1 69.27792 14 1.00000
146.2 69.36617 14 1.00000
146.3 69.45447 14 1.00000
146.4 69.08100 14 1.00000
146.5 69.16933 14 1.00000
146.6 69.25755 14 1.00000
146.7 69.34591 14 1.00000
146.8 69.43420 14 1.00000
146.9 69.52257 14 1.00000
147.0 69.61082 14 1.00000
147.1 69.23748 14 1.00000
147.2 69.32592 14 1.00000
147.3 69.41425 14 1.00000
147.4 69.50266 14 1.00000
147.5 69.59097 14 1.00000
147.6 69.67911 14 1.00000
147.7 69.30626 14 1.00000
147.8 69.39464 14 1.00000
147.9 69.48305 14 1.00000
148.0 69.57144 14 1.00000
148.1 69.65963 14 1.00000
148.2 69.74804 14 1.00000
148.3 69.83634 14 1.00000
148.4 69.46380 14 1.00000
148.5 69.55223 14 1.00000
148.6 69.64046 14 1.00000
148.7 69.72892 14 1.00000
148.8 69.81727 14 1.00000
148.9 69.90565 14 1.00000
149.0 69.53340 14 1.00000
149.1 69.62167 14 1.00000
149.2 69.71008 14 1.00000
149.3 69.79856 14 1.00000
149.4 69.88693 14 1.00000
149.5 69.97539 14 1.00000
149.6 70.06354 14 1.00000
149.7 69.69160 14 1.00000
149.8 69.78008 14 1.00000
149.9 69.86859 14 1.00000
150.0 69.95699 14 1.00000
150.1 70.04547 14 1.00000
150.2 70.13364 14 1.00000
150.3 69.76196 14 1.00000
150.4 69.85052 14 1.00000
150.5 69.93900 14 1.00000
150.6 70.02748 14 1.00000
150.7 70.11575 14 1.00000
150.8 69.73985 14 1.00000
150.9 69.82839 14 1.00000
151.0 69.92124 14 1.00000
151.1 70.00975 14 1.00000
151.2 70.09807 14 1.00000
151.3 70.18660 14 1.00000
151.4 69.81082 14 1.00000
151.5 69.89939 14 1.00000
151.6 69.98795 14 1.00000
151.7 70.08080 14 1.00000
151.8 70.16932 14 1.00000
151.9 69.79351 14 1.00000
152.0 69.88217 14 1.00000
152.1 69.97076 14 1.00000
152.2 70.05910 14 1.00000
152.3 70.15231 14 1.00000
152.4 69.77656 14 1.00000
152.5 69.86526 14 1.00000
152.6 69.95390 14 1.00000
152.7 70.04247 14 1.00000
152.8 70.13089 14 1.00000
152.9 70.21948 14 1.00000
153.0 69.84861 14 1.00000
153.1 69.93729 14 1.00000
153.2 70.02600 14 1.00000
153.3 70.11446 14 1.00000
153.4 70.20309 14 1.00000
153.5 70.29166 14 1.00000
153.6 69.92108 14 1.00000
153.7 70.00979 14 1.00000
153.8 70.09824 14 1.00000
153.9 70.18690 14 1.00000
154.0 70.27557 14 1.00000
154.1 70.36420 14 1.00000
154.2 70.45288 14 1.00000
154.3 70.08236 14 1.00000
154.4 70.17107 14 1.00000
154.5 70.25977 14 1.00000
154.6 70.34850 14 1.00000
154.7 70.43717 14 1.00000
154.8 70.52558 14 1.00000
154.9 70.61422 14 1.00000
155.0 70.24433 14 1.00000
155.1 70.33305 14 1.00000
155.2 70.42175 14 1.00000
155.3 70.51021 14 1.00000
155.4 70.59888 14 1.00000
155.5 70.68760 14 1.00000
155.6 70.31785 14 1.00000
155.7 70.40664 14 1.00000
155.8 70.49518 14 1.00000
155.9 70.58389 14 1.00000
156.0 70.67255 14 1.00000
156.1 70.76123 14 1.00000
156.2 70.84995 14 1.00000
156.3 70.48054 14 1.00000
156.4 70.56911 14 1.00000
156.5 70.65784 14 1.00000
156.6 70.74661 14 1.00000
156.7 70.83527 14 1.00000
156.8 70.92397 14 1.00000
156.9 71.01245 14 1.00000
157.0 70.64348 14 1.00000
157.1 70.73219 14 1.00000
157.2 70.82098 14 1.00000
157.3 70.90967 14 1.00000
157.4 70.99819 14 1.00000
157.5 71.08694 14 1.00000
157.6 70.71815 14 1.00000
157.7 70.80688 14 1.00000
157.8 70.89565 14 1.00000
157.9 70.98422 14 1.00000
158.0 71.07301 14 1.00000
158.1 71.16173 14 1.00000
158.2 71.25039 14 1.00000
158.3 70.88198 14 1.00000
158.4 70.97054 14 1.00000
158.5 71.05931 14 1.00000
158.6 71.14812 14 1.00000
158.7 71.23682 14 1.00000
158.8 71.32559 14 1.00000
158.9 71.41407 14 1.00000
159.0 71.04600 14 1.00000
159.1 71.13474 14 1.00000
159.2 71.22353 14 1.00000
159.3 71.31234 14 1.00000
159.4 71.40091 14 1.00000
159.5 71.48959 14 1.00000
159.6 71.57836 14 1.00000
159.7 71.21052 14 1.00000
159.8 71.29937 14 1.00000
159.9 71.38797 14 1.00000
160.0 71.47674 14 1.00000
160.1 71.56544 14 1.00000
160.2 71.65424 14 1.00000
160.3 71.28662 14 1.00000
160.4 71.37545 14 1.00000
160.5 71.46412 14 1.00000
160.6 71.55286 14 1.00000
160.7 71.64169 14 1.00000
160.8 71.73045 14 1.00000
160.9 71.81920 14 1.00000
161.0 71.45172 14 1.00000
161.1 71.54055 14 1.00000
161.2 71.62936 14 1.00000
161.3 71.71822 14 1.00000
161.4 71.80700 14 1.00000
161.5 71.89553 14 1.00000
161.6 71.98433 14 1.00000
161.7 71.61736 14 1.00000
161.8 71.70625 14 1.00000
161.9 71.79506 14 1.00000
162.0 71.88363 14 1.00000
162.1 71.97242 14 1.00000
162.2 72.06119 14 1.00000
162.3 72.14999 14 1.00000
162.4 71.78335 14 1.00000
162.5 71.87206 14 1.00000
162.6 71.96082 14 1.00000
162.7 72.04963 14 1.00000
162.8 72.13847 14 1.00000
162.9 72.22720 14 1.00000
163.0 71.85448 14 1.00000
163.1 71.94949 14 1.00000
163.2 72.03838 14 1.00000
163.3 72.12721 14 1.00000
163.4 72.21598 14 1.00000
163.5 71.84328 14 1.00000
163.6 71.93217 14 1.00000
163.7 72.02100 14 1.00000
163.8 72.11622 14 1.00000
163.9 72.20502 14 1.00000
164.0 71.83234 14 1.00000
164.1 71.92122 14 1.00000
164.2 72.01018 14 1.00000
164.3 72.09903 14 1.00000
164.4 72.19436 14 1.00000
164.5 71.82184 14 1.00000
164.6 71.91057 14 1.00000
164.7 71.99957 14 1.00000
164.8 72.08850 14 1.00000
164.9 72.17737 14 1.00000
165.0 72.26632 14 1.00000
165.1 71.90022 14 1.00000
165.2 71.98921 14 1.00000
165.3 72.07818 14 1.00000
165.4 72.16708 14 1.00000
165.5 72.25601 14 1.00000
165.6 72.34480 14 1.00000
165.7 72.43370 14 1.00000
165.8 72.06811 14 1.00000
165.9 72.15709 14 1.00000
166.0 72.24601 14 1.00000
166.1 72.33478 14 1.00000
166.2 72.42371 14 1.00000
166.3 72.51263 14 1.00000
166.4 72.60154 14 1.00000
166.5 72.23626 14 1.00000
166.6 72.32511 14 1.00000
166.7 72.41409 14 1.00000
166.8 72.50299 14 1.00000
166.9 72.59197 14 1.00000
167.0 72.68089 14 1.00000
167.1 72.76957 14 1.00000
167.2 72.40464 14 1.00000
167.3 72.49363 14 1.00000
167.4 72.58260 14 1.00000
167.5 72.67155 14 1.00000
167.6 72.76026 14 1.00000
167.7 72.84924 14 1.00000
167.8 72.93814 14 1.00000
167.9 72.57347 14 1.00000
168.0 72.66241 14 1.00000
168.1 72.75120 14 1.00000
168.2 72.84020 14 1.00000
168.3 72.92909 14 1.00000
168.4 73.01801 14 1.00000
168.5 73.10697 14 1.00000
168.6 72.74242 14 1.00000
168.7 72.83141 14 1.00000
168.8 72.92033 14 1.00000
168.9 73.00934 14 1.00000
169.0 73.09828 14 1.00000
169.1 73.18702 14 1.00000
169.2 73.27592 14 1.00000
169.3 72.91186 14 1.00000
169.4 73.00085 14 1.00000
169.5 73.08982 14 1.00000
169.6 73.17877 14 1.00000
169.7 73.26753 14 1.00000
169.8 73.35641 14 1.00000
169.9 73.44537 14 1.00000
170.0 73.08154 14 1.00000
170.1 73.17058 14 1.00000
170.2 73.25937 14 1.00000
170.3 73.34832 14 1.00000
170.4 73.43726 14 1.00000
170.5 73.52618 14 1.00000
170.6 73.61509 14 1.00000
170.7 73.25138 14 1.00000
170.8 73.34042 14 1.00000
170.9 73.42939 14 1.00000
171.0 73.51830 14 1.00000
171.1 73.60724 14 1.00000
171.2 73.69598 14 1.00000
171.3 73.78493 14 1.00000
171.4 73.42169 14 1.00000
171.5 73.51073 14 1.00000
171.6 73.59965 14 1.00000
171.7 73.68842 14 1.00000
171.8 73.77735 14 1.00000
171.9 73.86633 14 1.00000
172.0 73.95523 14 1.00000
172.1 74.04407 14 1.00000
172.2 73.68114 14 1.00000
172.3 73.77006 14 1.00000
172.4 73.85901 14 1.00000
172.5 73.94799 14 1.00000
172.6 74.03691 14 1.00000
172.7 74.12558 14 1.00000
172.8 74.21446 14 1.00000
172.9 73.85195 14 1.00000
173.0 73.94096 14 1.00000
173.1 74.02986 14 1.00000
173.2 74.11861 14 1.00000
173.3 74.20753 14 1.00000
173.4 74.29643 14 1.00000
173.5 74.38532 14 1.00000
173.6 74.02313 14 1.00000
173.7 74.11187 14 1.00000
173.8 74.20086 14 1.00000
173.9 74.28974 14 1.00000
174.0 74.37865 14 1.00000
174.1 74.46755 14 1.00000
174.2 74.55630 14 1.00000
174.3 74.19435 14 1.00000
174.4 74.28326 14 1.00000
174.5 74.37221 14 1.00000
174.6 74.46119 14 1.00000
174.7 74.55005 14 1.00000
174.8 74.63881 14 1.00000
174.9 74.72768 14 1.00000
175.0 74.36601 14 1.00000
175.1 74.45497 14 1.00000
175.2 74.54386 14 1.00000
175.3 74.63265 14 1.00000
175.4 74.72156 14 1.00000
175.5 74.81046 14 1.00000
175.6 74.89928 14 1.00000
175.7 74.53788 14 1.00000
175.8 74.62666 14 1.00000
175.9 74.71559 14 1.00000
176.0 74.80451 14 1.00000
176.1 74.89346 14 1.00000
176.2 74.98230 14 1.00000
176.3 75.07098 14 1.00000
176.4 75.15984 14 1.00000
176.5 74.79881 14 1.00000
176.6 74.88779 14 1.00000
176.7 74.97666 14 1.00000
176.8 75.06538 14 1.00000
176.9 75.15427 14 1.00000
177.0 75.24313 14 1.00000
177.1 75.33203 14 1.00000
177.2 74.97127 14 1.00000
177.3 75.05997 14 1.00000
177.4 75.14887 14 1.00000
177.5 75.23782 14 1.00000
177.6 75.32664 14 1.00000
177.7 75.41551 14 1.00000
177.8 75.50422 14 1.00000
177.9 75.14373 14 1.00000
178.0 75.23265 14 1.00000
178.1 75.32156 14 1.00000
178.2 75.41040 14 1.00000
178.3 75.49914 14 1.00000
178.4 75.13124 14 1.00000
178.5 75.22014 14 1.00000
178.6 75.31656 14 1.00000
178.7 75.40547 14 1.00000
178.8 75.49424 14 1.00000
178.9 75.12637 14 1.00000
179.0 75.21529 14 1.00000
179.1 75.30426 14 1.00000
179.2 75.39321 14 1.00000
179.3 75.48219 14 1.00000
179.4 75.12163 14 1.00000
179.5 75.21069 14 1.00000
179.6 75.29962 14 1.00000
179.7 75.38865 14 1.00000
179.8 75.47755 14 1.00000
179.9 75.56637 14 1.00000
180.0 75.65529 14 1.00000
180.1 75.29521 14 1.00000
180.2 75.38422 14 1.00000
180.3 75.47315 14 1.00000
180.4 75.56194 14 1.00000
180.5 75.65089 14 1.00000
180.6 75.73988 14 1.00000
180.7 75.82875 14 1.00000
180.8 75.91765 14 1.00000
180.9 75.55774 14 1.00000
181.0 75.64672 14 1.00000
181.1 75.73568 14 1.00000
181.2 75.82468 14 1.00000
181.3 75.91360 14 1.00000
181.4 76.00233 14 1.00000
181.5 76.09118 14 1.00000
181.6 75.73170 14 1.00000
181.7 75.82068 14 1.00000
181.8 75.90964 14 1.00000
181.9 75.99839 14 1.00000
182.0 76.08731 14 1.00000
182.1 76.17621 14 1.00000
182.2 76.26514 14 1.00000
182.3 75.90588 14 1.00000
182.4 75.99471 14 1.00000
182.5 76.08360 14 1.00000
182.6 76.17258 14 1.00000
182.7 76.26150 14 1.00000
182.8 76.35039 14 1.00000
182.9 76.43909 14 1.00000
183.0 76.52795 14 1.00000
183.1 76.16902 14 1.00000
183.2 76.25796 14 1.00000
183.3 76.34693 14 1.00000
183.4 76.43560 14 1.00000
183.5 76.52454 14 1.00000
183.6 76.61336 14 1.00000
183.7 76.70221 14 1.00000
183.8 76.34363 14 1.00000
183.9 76.43237 14 1.00000
184.0 76.52124 14 1.00000
184.1 76.61018 14 1.00000
184.2 76.69907 14 1.00000
184.3 76.78793 14 1.00000
184.4 76.87677 14 1.00000
184.5 76.96536 14 1.00000
184.6 76.60706 14 1.00000
184.7 76.69596 14 1.00000
184.8 76.78485 14 1.00000
184.9 76.87372 14 1.00000
185.0 76.96244 14 1.00000
185.1 77.05122 14 1.00000
185.2 77.14009 14 1.00000
185.3 76.78198 14 1.00000
185.4 76.87093 14 1.00000
185.5 76.95957 14 1.00000
185.6 77.04848 14 1.00000
185.7 77.13732 14 1.00000
185.8 77.22614 14 1.00000
185.9 77.31495 14 1.00000
186.0 77.40356 14 1.00000
186.1 77.04578 14 1.00000
186.2 77.13469 14 1.00000
186.3 77.22354 14 1.00000
186.4 77.31232 14 1.00000
186.5 77.40101 14 1.00000
186.6 77.48981 14 1.00000
186.7 77.57859 14 1.00000
186.8 77.22104 14 1.00000
186.9 77.30994 14 1.00000
187.0 77.39860 14 1.00000
187.1 77.48742 14 1.00000
187.2 77.57623 14 1.00000
187.3 77.66501 14 1.00000
187.4 77.75378 14 1.00000
187.5 77.84254 14 1.00000
187.6 77.48517 14 1.00000
187.7 77.57400 14 1.00000
187.8 77.66281 14 1.00000
187.9 77.75160 14 1.00000
188.0 77.84033 14 1.00000
188.1 77.92892 14 1.00000
188.2 78.01771 14 1.00000
188.3 77.66074 14 1.00000
188.4 77.74951 14 1.00000
188.5 77.83831 14 1.00000
188.6 77.92691 14 1.00000
188.7 78.01568 14 1.00000
188.8 78.10447 14 1.00000
188.9 78.19320 14 1.00000
189.0 78.28191 14 1.00000
189.1 77.92509 14 1.00000
189.2 78.01383 14 1.00000
189.3 78.10265 14 1.00000
189.4 78.19136 14 1.00000
189.5 78.28014 14 1.00000
189.6 78.36868 14 1.00000
189.7 78.45734 14 1.00000
189.8 78.54607 14 1.00000
189.9 78.18968 14 1.00000
190.0 78.27848 14 1.00000
190.1 78.36700 14 1.00000
190.2 78.45577 14 1.00000
190.3 78.54448 14 1.00000
190.4 78.63312 14 1.00000
190.5 78.72179 14 1.00000
190.6 78.36555 14 1.00000
190.7 78.45424 14 1.00000
190.8 78.54297 14 1.00000
190.9 78.63168 14 1.00000
191.0 78.72042 14 1.00000
191.1 78.80891 14 1.00000
191.2 78.89753 14 1.00000
191.3 78.98618 14 1.00000
191.4 78.63039 14 1.00000
191.5 78.71911 14 1.00000
191.6 78.80763 14 1.00000
191.7 78.89626 14 1.00000
191.8 78.98493 14 1.00000
191.9 79.07362 14 1.00000
192.0 79.16225 14 1.00000
192.1 79.25082 14 1.00000
192.2 78.89523 14 1.00000
192.3 78.98392 14 1.00000
192.4 79.07259 14 1.00000
192.5 79.16125 14 1.00000
192.6 79.24989 14 1.00000
192.7 79.33834 14 1.00000
192.8 79.42690 14 1.00000
192.9 79.07178 14 1.00000
193.0 79.16042 14 1.00000
193.1 79.24913 14 1.00000
193.2 79.33761 14 1.00000
193.3 79.42619 14 1.00000
193.4 79.51485 14 1.00000
193.5 79.60340 14 1.00000
193.6 79.69199 14 1.00000
193.7 79.33704 14 1.00000
193.8 79.42570 14 1.00000
193.9 79.51438 14 1.00000
194.0 79.60301 14 1.00000
194.1 79.69162 14 1.00000
194.2 79.78004 14 1.00000
194.3 79.86856 14 1.00000
194.4 79.95712 14 1.00000
194.5 79.60278 14 1.00000
194.6 79.69141 14 1.00000
194.7 79.77985 14 1.00000
194.8 79.86845 14 1.00000
194.9 79.95699 14 1.00000
195.0 80.04561 14 1.00000
195.1 80.13411 14 1.00000
195.2 80.22264 14 1.00000
195.3 79.86847 14 1.00000
195.4 79.95712 14 1.00000
195.5 80.04567 14 1.00000
195.6 80.13425 14 1.00000
195.7 80.22280 14 1.00000
195.8 80.31117 14 1.00000
195.9 79.94947 14 1.00000
196.0 80.03814 14 1.00000
196.1 80.13459 14 1.00000
196.2 80.22323 14 1.00000
196.3 80.31157 14 1.00000
196.4 79.94994 14 1.00000
196.5 80.03859 14 1.00000
196.6 80.12717 14 1.00000
196.7 80.21578 14 1.00000
196.8 80.31218 14 1.00000
196.9 79.95053 14 1.00000
197.0 80.03920 14 1.00000
197.1 80.12791 14 1.00000
197.2 80.21649 14 1.00000
197.3 80.30494 14 1.00000
197.4 80.39359 14 1.00000
197.5 80.48219 14 1.00000
197.6 80.12875 14 1.00000
197.7 80.21747 14 1.00000
197.8 80.30594 14 1.00000
197.9 80.39452 14 1.00000
198.0 80.48313 14 1.00000
198.1 80.57173 14 1.00000
198.2 80.66031 14 1.00000
198.3 80.74887 14 1.00000
198.4 80.39575 14 1.00000
198.5 80.48439 14 1.00000
198.6 80.57296 14 1.00000
198.7 80.66162 14 1.00000
198.8 80.75021 14 1.00000
198.9 80.83855 14 1.00000
199.0 80.92716 14 1.00000
199.1 81.01565 14 1.00000
199.2 80.66309 14 1.00000
199.3 80.75170 14 1.00000
199.4 80.84007 14 1.00000
199.5 80.92870 14 1.00000
199.6 81.01727 14 1.00000
199.7 81.10577 14 1.00000
199.8 81.19430 14 1.00000
199.9 81.28268 14 1.00000
200.0 80.93046 14 1.00000
200.1 81.01900 14 1.00000
200.2 81.10757 14 1.00000
200.3 81.19617 14 1.00000
200.4 81.28454 14 1.00000
200.5 81.37305 14 1.00000
200.6 81.46156 14 1.00000
200.7 81.55000 14 1.00000
200.8 81.19820 14 1.00000
200.9 81.28660 14 1.00000
201.0 81.37509 14 1.00000
201.1 81.46362 14 1.00000
201.2 81.55214 14 1.00000
201.3 81.64069 14 1.00000
201.4 81.72916 14 1.00000
201.5 81.81741 14 1.00000
201.6 81.46599 14 1.00000
201.7 81.55453 14 1.00000
201.8 81.64305 14 1.00000
201.9 81.73155 14 1.00000
202.0 81.81987 14 1.00000
202.1 81.90829 14 1.00000
202.2 81.99675 14 1.00000
202.3 82.08524 14 1.00000
202.4 81.73415 14 1.00000
202.5 81.82244 14 1.00000
202.6 81.91099 14 1.00000
202.7 81.99947 14 1.00000
202.8 82.08788 14 1.00000
202.9 82.17638 14 1.00000
203.0 82.26464 14 1.00000
203.1 82.35305 14 1.00000
203.2 82.00230 14 1.00000
203.3 82.09084 14 1.00000
203.4 82.17926 14 1.00000
203.5 82.26759 14 1.00000
203.6 82.35598 14 1.00000
203.7 82.44445 14 1.00000
203.8 82.53281 14 1.00000
203.9 82.62125 14 1.00000
204.0 82.27074 14 1.00000
204.1 82.35921 14 1.00000
204.2 82.44765 14 1.00000
204.3 82.53604 14 1.00000
204.4 82.62445 14 1.00000
204.5 82.71290 14 1.00000
204.6 82.80111 14 1.00000
204.7 82.88947 14 1.00000
204.8 82.53947 14 1.00000
204.9 82.62791 14 1.00000
205.0 82.71638 14 1.00000
205.1 82.80461 14 1.00000
205.2 82.89301 14 1.00000
205.3 82.98138 14 1.00000
205.4 83.06968 14 1.00000
205.5 83.15807 14 1.00000
205.6 82.80833 14 1.00000
205.7 82.89674 14 1.00000
205.8 82.98508 14 1.00000
205.9 83.07352 14 1.00000
206.0 83.16188 14 1.00000
206.1 83.25022 14 1.00000
206.2 83.33833 14 1.00000
206.3 83.42665 14 1.00000
206.4 83.07751 14 1.00000
206.5 83.16589 14 1.00000
206.6 83.25404 14 1.00000
206.7 83.34245 14 1.00000
206.8 83.43073 14 1.00000
206.9 83.51906 14 1.00000
207.0 83.60736 14 1.00000
207.1 83.69565 14 1.00000
207.2 83.78375 14 1.00000
207.3 83.43502 14 1.00000
207.4 83.52337 14 1.00000
207.5 83.61175 14 1.00000
207.6 83.70001 14 1.00000
207.7 83.78814 14 1.00000
207.8 83.87646 14 1.00000
207.9 83.96473 14 1.00000
208.0 84.05293 14 1.00000
208.1 83.70462 14 1.00000
208.2 83.79277 14 1.00000
208.3 83.88103 14 1.00000
208.4 83.96931 14 1.00000
208.5 84.05764 14 1.00000
208.6 84.14589 14 1.00000
208.7 84.23413 14 1.00000
208.8 84.32218 14 1.00000
208.9 83.97415 14 1.00000
209.0 84.06245 14 1.00000
209.1 84.15078 14 1.00000
209.2 84.23899 14 1.00000
209.3 84.32712 14 1.00000
209.4 84.41534 14 1.00000
209.5 84.50351 14 1.00000
209.6 84.59171 14 1.00000
209.7 84.24410 14 1.00000
209.8 84.33220 14 1.00000
209.9 84.42050 14 1.00000
210.0 84.50869 14 1.00000
210.1 84.59696 14 1.00000
210.2 84.68512 14 1.00000
210.3 84.77335 14 1.00000
210.4 84.86136 14 1.00000
210.5 84.94952 14 1.00000
210.6 84.60237 14 1.00000
210.7 84.69055 14 1.00000
210.8 84.77881 14 1.00000
210.9 84.86684 14 1.00000
211.0 84.95497 14 1.00000
211.1 85.04318 14 1.00000
211.2 85.13133 14 1.00000
211.3 85.21946 14 1.00000
211.4 84.87251 14 1.00000
211.5 84.96072 14 1.00000
211.6 85.04886 14 1.00000
211.7 85.13708 14 1.00000
211.8 85.22518 14 1.00000
211.9 85.31320 14 1.00000
212.0 85.40132 14 1.00000
212.1 85.48938 14 1.00000
212.2 85.14297 14 1.00000
212.3 85.23120 14 1.00000
212.4 85.31915 14 1.00000
212.5 85.40734 14 1.00000
212.6 85.49547 14 1.00000
212.7 85.58353 14 1.00000
212.8 85.67164 14 1.00000
212.9 85.75972 14 1.00000
213.0 85.84762 14 1.00000
213.1 85.50171 14 1.00000
213.2 85.58985 14 1.00000
213.3 85.67797 14 1.00000
213.4 85.76603 14 1.00000
213.5 85.85395 14 1.00000
213.6 85.94205 14 1.00000
213.7 86.03008 14 1.00000
213.8 86.11817 14 1.00000
213.9 85.77258 14 1.00000
214.0 85.86048 14 1.00000
214.1 85.94862 14 1.00000
214.2 86.03666 14 1.00000
214.3 86.12477 14 1.00000
214.4 86.21277 14 1.00000
214.5 86.30085 14 1.00000
214.6 86.38865 14 1.00000
214.7 86.04348 14 1.00000
214.8 86.13152 14 1.00000
214.9 86.21959 14 1.00000
215.0 86.30769 14 1.00000
215.1 86.39557 14 1.00000
215.2 86.48354 14 1.00000
215.3 86.57155 14 1.00000
215.4 86.65959 14 1.00000
215.5 86.74757 14 1.00000
215.6 86.40259 14 1.00000
215.7 86.49063 14 1.00000
215.8 86.57871 14 1.00000
215.9 86.66668 14 1.00000
216.0 86.75472 14 1.00000
216.1 86.84270 14 1.00000
216.2 86.93051 14 1.00000
216.3 87.01846 14 1.00000
216.4 86.67401 14 1.00000
216.5 86.76203 14 1.00000
216.6 86.85004 14 1.00000
216.7 86.93791 14 1.00000
216.8 87.02589 14 1.00000
216.9 87.11379 14 1.00000
217.0 87.20178 14 1.00000
217.1 87.28971 14 1.00000
217.2 87.37757 14 1.00000
217.3 87.03345 14 1.00000
217.4 87.12144 14 1.00000
217.5 87.20940 14 1.00000
217.6 87.29735 14 1.00000
217.7 86.94382 14 1.00000
217.8 87.03180 14 1.00000
217.9 87.11980 14 1.00000
218.0 87.20785 14 1.00000
218.1 87.30528 14 1.00000
218.2 86.95174 14 1.00000
218.3 87.03979 14 1.00000
218.4 87.12777 14 1.00000
218.5 87.21584 14 1.00000
218.6 87.30379 14 1.00000
218.7 87.39160 14 1.00000
218.8 87.47957 14 1.00000
218.9 87.56757 14 1.00000
219.0 87.22397 14 1.00000
219.1 87.31203 14 1.00000
219.2 87.39983 14 1.00000
219.3 87.48782 14 1.00000
219.4 87.57579 14 1.00000
219.5 87.66380 14 1.00000
219.6 87.75174 14 1.00000
219.7 87.83967 14 1.00000
219.8 87.92737 14 1.00000
219.9 87.58430 14 1.00000
220.0 87.67229 14 1.00000
220.1 87.76025 14 1.00000
220.2 87.84821 14 1.00000
220.3 87.93597 14 1.00000
220.4 88.02390 14 1.00000
220.5 88.11179 14 1.00000
220.6 88.19963 14 1.00000
220.7 87.85693 14 1.00000
220.8 87.94473 14 1.00000
220.9 88.03262 14 1.00000
221.0 88.12054 14 1.00000
221.1 88.20850 14 1.00000
221.2 88.29639 14 1.00000
221.3 88.38422 14 1.00000
221.4 88.47192 14 1.00000
221.5 88.55977 14 1.00000
221.6 88.21747 14 1.00000
221.7 88.30543 14 1.00000
221.8 88.39328 14 1.00000
221.9 88.48100 14 1.00000
222.0 88.56892 14 1.00000
222.1 88.65673 14 1.00000
222.2 88.74457 14 1.00000
222.3 88.83239 14 1.00000
222.4 88.92020 14 1.00000
222.5 88.57822 14 1.00000
222.6 88.66605 14 1.00000
222.7 88.75391 14 1.00000
222.8 88.84175 14 1.00000
222.9 88.92963 14 1.00000
223.0 89.01723 14 1.00000
223.1 89.10508 14 1.00000
223.2 89.19286 14 1.00000
223.3 88.85136 14 1.00000
223.4 88.93916 14 1.00000
223.5 89.02688 14 1.00000
223.6 89.11470 14 1.00000
223.7 89.20246 14 1.00000
223.8 89.29025 14 1.00000
223.9 89.37807 14 1.00000
224.0 89.46583 14 1.00000
224.1 89.55341 14 1.00000
224.2 89.21235 14 1.00000
224.3 89.30011 14 1.00000
224.4 89.38795 14 1.00000
224.5 89.47574 14 1.00000
224.6 89.56329 14 1.00000
224.7 89.65104 14 1.00000
224.8 89.73882 14 1.00000
224.9 89.82655 14 1.00000
225.0 89.91420 14 1.00000
225.1 89.57346 14 1.00000
225.2 89.66118 14 1.00000
225.3 89.74894 14 1.00000
225.4 89.83668 14 1.00000
225.5 89.92441 14 1.00000
225.6 90.01212 14 1.00000
225.7 90.09965 14 1.00000
225.8 90.18738 14 1.00000
225.9 90.27504 14 1.00000
226.0 89.93481 14 1.00000
226.1 90.02254 14 1.00000
226.2 90.11014 14 1.00000
226.3 90.19785 14 1.00000
226.4 90.28553 14 1.00000
226.5 90.37320 14 1.00000
226.6 90.46085 14 1.00000
226.7 90.54850 14 1.00000
226.8 90.20845 14 1.00000
226.9 90.29620 14 1.00000
227.0 90.38390 14 1.00000
227.1 90.47153 14 1.00000
227.2 90.55920 14 1.00000
227.3 90.64673 14 1.00000
227.4 90.73436 14 1.00000
227.5 90.82193 14 1.00000
227.6 90.90958 14 1.00000
227.7 90.57013 14 1.00000
227.8 90.65764 14 1.00000
227.9 90.74534 14 1.00000
228.0 90.83298 14 1.00000
228.1 90.92060 14 1.00000
228.2 91.00816 14 1.00000
228.3 91.09576 14 1.00000
228.4 91.18317 14 1.00000
228.5 91.27074 14 1.00000
228.6 90.93182 14 1.00000
228.7 91.01939 14 1.00000
228.8 91.10701 14 1.00000
228.9 91.19450 14 1.00000
229.0 91.28204 14 1.00000
229.1 91.36965 14 1.00000
229.2 91.45716 14 1.00000
229.3 91.54470 14 1.00000
229.4 91.63227 14 1.00000
229.5 91.29353 14 1.00000
229.6 91.38116 14 1.00000
229.7 91.46874 14 1.00000
229.8 91.55625 14 1.00000
229.9 91.64384 14 1.00000
230.0 91.73117 14 1.00000
230.1 91.81873 14 1.00000
230.2 91.90619 14 1.00000
230.3 91.99368 14 1.00000
230.4 91.65562 14 1.00000
230.5 91.74300 14 1.00000
230.6 91.83054 14 1.00000
230.7 91.91807 14 1.00000
230.8 92.00552 14 1.00000
230.9 92.09302 14 1.00000
231.0 92.18054 14 1.00000
231.1 92.26780 14 1.00000
231.2 92.35529 14 1.00000
231.3 92.01756 14 1.00000
231.4 92.10513 14 1.00000
231.5 92.19258 14 1.00000
231.6 92.27995 14 1.00000
231.7 92.36737 14 1.00000
231.8 92.45487 14 1.00000
231.9 92.54231 14 1.00000
232.0 92.62969 14 1.00000
232.1 92.71715 14 1.00000
232.2 92.37974 14 1.00000
232.3 92.46722 14 1.00000
232.4 92.55467 14 1.00000
232.5 92.64207 14 1.00000
232.6 92.72950 14 1.00000
232.7 92.81681 14 1.00000
232.8 92.90416 14 1.00000
232.9 92.99159 14 1.00000
233.0 93.07896 14 1.00000
233.1 92.74214 14 1.00000
233.2 92.82942 14 1.00000
233.3 92.91679 14 1.00000
233.4 93.00420 14 1.00000
233.5 93.09160 14 1.00000
233.6 93.17897 14 1.00000
233.7 93.26633 14 1.00000
233.8 93.35368 14 1.00000
233.9 93.44086 14 1.00000
234.0 93.10446 14 1.00000
234.1 93.19190 14 1.00000
234.2 93.27924 14 1.00000
234.3 93.36666 14 1.00000
234.4 93.45381 14 1.00000
234.5 93.54115 14 1.00000
234.6 93.62848 14 1.00000
234.7 93.71579 14 1.00000
234.8 93.80309 14 1.00000
234.9 93.46694 14 1.00000
235.0 93.55431 14 1.00000
235.1 93.64165 14 1.00000
235.2 93.72903 14 1.00000
235.3 93.81635 14 1.00000
235.4 93.90361 14 1.00000
235.5 93.99074 14 1.00000
235.6 94.07801 14 1.00000
235.7 94.16532 14 1.00000
235.8 93.82976 14 1.00000
235.9 93.91704 14 1.00000
236.0 94.00419 14 1.00000
236.1 94.09153 14 1.00000
236.2 94.17876 14 1.00000
236.3 94.26603 14 1.00000
236.4 94.35332 14 1.00000
236.5 94.44051 14 1.00000
236.6 94.52763 14 1.00000
236.7 94.61484 14 1.00000
236.8 94.27978 14 1.00000
236.9 94.36700 14 1.00000
237.0 94.45425 14 1.00000
237.1 94.54134 14 1.00000
237.2 94.62857 14 1.00000
237.3 94.71578 14 1.00000
237.4 94.80303 14 1.00000
237.5 94.89022 14 1.00000
237.6 94.97739 14 1.00000
237.7 94.64259 14 1.00000
237.8 94.72983 14 1.00000
237.9 94.81700 14 1.00000
238.0 94.90425 14 1.00000
238.1 94.99139 14 1.00000
238.2 95.07841 14 1.00000
238.3 95.16558 14 1.00000
238.4 95.25272 14 1.00000
238.5 95.33990 14 1.00000
238.6 95.00568 14 1.00000
238.7 95.09272 14 1.00000
238.8 95.17991 14 1.00000
238.9 95.26707 14 1.00000
239.0 95.35423 14 1.00000
239.1 95.44132 14 1.00000
239.2 95.52845 14 1.00000
239.3 95.61561 14 1.00000
239.4 95.70250 14 1.00000
239.5 95.36869 14 1.00000
239.6 95.45590 14 1.00000
239.7 95.54300 14 1.00000
239.8 95.63018 14 1.00000
239.9 95.71709 14 1.00000
240.0 95.80424 14 1.00000
240.1 95.89129 14 1.00000
240.2 95.97836 14 1.00000
240.3 96.06542 14 1.00000
240.4 96.15252 14 1.00000
240.5 95.81905 14 1.00000
240.6 95.90616 14 1.00000
240.7 95.99326 14 1.00000
240.8 96.08028 14 1.00000
240.9 96.16740 14 1.00000
241.0 96.25430 14 1.00000
241.1 96.34129 14 1.00000
241.2 96.42836 14 1.00000
241.3 96.51533 14 1.00000
241.4 96.18242 14 1.00000
241.5 96.26934 14 1.00000
241.6 96.35645 14 1.00000
241.7 96.44349 14 1.00000
241.8 96.53053 14 1.00000
241.9 96.61749 14 1.00000
242.0 96.70454 14 1.00000
242.1 96.79148 14 1.00000
242.2 96.87835 14 1.00000
242.3 96.96526 14 1.00000
242.4 96.63290 14 1.00000
242.5 96.71992 14 1.00000
242.6 96.80677 14 1.00000
242.7 96.89372 14 1.00000
242.8 96.98075 14 1.00000
242.9 97.06772 14 1.00000
243.0 97.15462 14 1.00000
243.1 97.24156 14 1.00000
243.2 97.32848 14 1.00000
243.3 96.99637 14 1.00000
243.4 97.08331 14 1.00000
243.5 97.17028 14 1.00000
243.6 97.25729 14 1.00000
243.7 97.34424 14 1.00000
243.8 97.41125 14 1.00000
243.9 97.49815 14 1.00000
244.0 97.58508 14 1.00000
244.1 97.67204 14 1.00000
244.2 97.36012 14 1.00000
244.3 97.42711 14 1.00000
244.4 97.51402 14 1.00000
244.5 97.60102 14 1.00000
244.6 97.68796 14 1.00000
244.7 97.77483 14 1.00000
244.8 97.86179 14 1.00000
244.9 97.94859 14 1.00000
245.0 98.03532 14 1.00000
245.1 98.12218 14 1.00000
245.2 97.79095 14 1.00000
245.3 97.87788 14 1.00000
245.4 97.96475 14 1.00000
245.5 98.05150 14 1.00000
245.6 98.13838 14 1.00000
245.7 98.22526 14 1.00000
245.8 98.31216 14 1.00000
245.9 98.39901 14 1.00000
246.0 98.48579 14 1.00000
246.1 98.15476 14 1.00000
246.2 98.24171 14 1.00000
246.3 98.32858 14 1.00000
246.4 98.41545 14 1.00000
246.5 98.50230 14 1.00000
246.6 98.58899 14 1.00000
246.7 98.67581 14 1.00000
246.8 98.76257 14 1.00000
246.9 98.84942 14 1.00000
247.0 98.93618 14 1.00000
247.1 98.60561 14 1.00000
247.2 98.69250 14 1.00000
247.3 98.77933 14 1.00000
247.4 98.86614 14 1.00000
247.5 98.95295 14 1.00000
247.6 99.03973 14 1.00000
247.7 99.12646 14 1.00000
247.8 99.21312 14 1.00000
247.9 99.29987 14 1.00000
248.0 99.38655 14 1.00000
248.1 99.05669 14 1.00000
248.2 99.14343 14 1.00000
248.3 99.23006 14 1.00000
248.4 99.31683 14 1.00000
248.5 99.40359 14 1.00000
248.6 99.49038 14 1.00000
248.7 99.57706 14 1.00000
248.8 99.66377 14 1.00000
248.9 99.75031 14 1.00000
249.0 99.42085 14 1.00000
249.1 99.50761 14 1.00000
249.2 99.59436 14 1.00000
249.3 99.68105 14 1.00000
249.4 99.76761 14 1.00000
249.5 99.85436 14 1.00000
249.6 99.94106 14 1.00000
249.7 100.02774 14 1.00000
249.8 100.11440 14 1.00000
249.9 100.20100 14 1.00000
250.0 99.87186 14 1.00000
