15.0 2.00702 13 0.08050
15.1 2.04817 13 0.08423
15.2 2.09005 13 0.08800
15.3 2.13243 13 0.09179
15.4 2.17481 13 0.09556
15.5 2.21758 13 0.09934
15.6 2.26073 13 0.10313
15.7 2.30471 13 0.10698
15.8 2.34861 13 0.11080
15.9 2.39289 13 0.11464
16.0 2.43800 13 0.11853
16.1 2.48348 13 0.12244
16.2 2.53786 14 0.12627
16.3 2.59866 14 0.13011
16.4 2.66038 14 0.13396
16.5 2.72311 14 0.13783
16.6 2.78596 14 0.14174
16.7 2.85066 14 0.14562
16.8 2.91636 14 0.14952
16.9 2.98309 14 0.15343
17.0 3.05084 14 0.15734
17.1 3.11961 14 0.16127
17.2 3.18942 14 0.16520
17.3 3.26027 14 0.16915
17.4 3.33214 14 0.17310
17.5 3.40506 14 0.17706
17.6 3.47918 14 0.18103
17.7 3.55280 14 0.18504
17.8 3.62882 14 0.18903
17.9 3.70587 14 0.19303
18.0 3.78397 14 0.19703
18.1 3.86311 14 0.20105
18.2 3.94331 14 0.20507
18.3 4.01518 14 0.20913
18.4 4.08411 14 0.21317
18.5 4.15413 14 0.21721
18.6 4.22423 14 0.22126
18.7 4.29487 14 0.22532
18.8 4.36605 14 0.22939
18.9 4.43549 14 0.23350
19.0 4.50762 14 0.23758
19.1 4.58088 14 0.24167
19.2 4.65413 14 0.24577
19.3 4.74975 14 0.25169
19.4 4.85744 14 0.25826
19.5 4.96657 14 0.26488
19.6 5.07714 14 0.27156
19.7 5.18690 14 0.27833
19.8 5.30033 14 0.28514
19.9 5.41521 14 0.29201
20.0 5.53156 14 0.29895
20.1 5.64584 14 0.30597
20.2 5.76582 14 0.31303
20.3 5.88648 14 0.32015
20.4 6.00472 14 0.32737
20.5 6.12811 14 0.33462
20.6 6.25293 14 0.34195
20.7 6.37603 14 0.34935
20.8 6.50374 14 0.35681
20.9 6.68811 14 0.36452
21.0 6.81780 14 0.37210
21.1 6.94880 14 0.37976
21.2 7.03119 14 0.38439
21.3 7.09647 14 0.38797
21.4 7.16662 14 0.39154
21.5 7.23183 14 0.39514
21.6 7.29853 14 0.39874
21.7 7.35477 14 0.40240
21.8 7.40595 14 0.40608
21.9 7.47559 14 0.40969
22.0 7.54613 14 0.41331
22.1 7.61687 14 0.41693
22.2 7.68699 14 0.42057
22.3 7.75701 14 0.42421
22.4 7.82703 14 0.42787
22.5 7.89913 14 0.43152
22.6 7.96951 14 0.43520
22.7 8.03980 14 0.43888
22.8 8.11010 14 0.44256
22.9 8.18260 14 0.44625
23.0 8.25309 14 0.44996
23.1 8.32351 14 0.45367
23.2 8.39394 14 0.45740
23.3 8.46663 14 0.46112
23.4 8.53720 14 0.46486
23.5 8.60769 14 0.46861
23.6 8.67800 14 0.47237
23.7 8.75082 14 0.47613
23.8 8.82137 14 0.47991
23.9 8.89168 14 0.48369
24.0 8.96234 14 0.48748
24.1 9.03472 14 0.49128
24.2 9.10479 14 0.49509
24.3 9.17477 14 0.49891
24.4 9.24684 14 0.50273
24.5 9.31700 14 0.50657
24.6 9.38647 14 0.51042
24.7 9.45567 14 0.51427
24.8 9.52744 14 0.51813
24.9 9.59630 14 0.52201
25.0 9.66464 14 0.52589
25.1 9.73273 14 0.52978
25.2 9.80381 14 0.53368
25.3 9.87196 14 0.53759
25.4 9.93981 14 0.54151
25.5 10.00740 14 0.54543
25.6 10.07826 14 0.54936
25.7 10.14582 14 0.55331
25.8 10.21306 14 0.55726
25.9 10.28006 14 0.56123
26.0 10.35069 14 0.56519
26.1 10.41765 14 0.56917
26.2 10.48426 14 0.57316
26.3 10.55056 14 0.57716
26.4 10.62086 14 0.58116
26.5 10.68715 14 0.58518
26.6 10.75316 14 0.58920
26.7 10.81885 14 0.59323
26.8 10.88865 14 0.59727
26.9 10.95421 14 0.60132
27.0 11.01953 14 0.60538
27.1 11.08455 14 0.60945
27.2 11.15392 14 0.61352
27.3 11.21877 14 0.61761
27.4 11.28326 14 0.62171
27.5 11.34763 14 0.62582
27.6 11.41646 14 0.62992
27.7 11.48067 14 0.63405
27.8 11.54458 14 0.63818
27.9 11.60814 14 0.64232
28.0 11.67451 14 0.64647
28.1 11.73980 14 0.65063
28.2 11.80306 14 0.65479
28.3 11.86590 14 0.65897
28.4 11.92828 14 0.66316
28.5 11.99636 14 0.66735
28.6 12.05863 14 0.67155
28.7 12.12072 14 0.67577
28.8 12.18260 14 0.67999
28.9 12.24489 14 0.68423
29.0 12.31177 14 0.68846
29.1 12.37319 14 0.69271
29.2 12.43435 14 0.69697
29.3 12.49484 14 0.70124
29.4 12.56201 14 0.70552
29.5 12.62287 14 0.70980
29.6 12.68340 14 0.71410
29.7 12.74357 14 0.71841
29.8 12.80343 14 0.72273
29.9 12.86719 14 0.72705
30.0 12.92971 14 0.73138
30.1 12.98914 14 0.73572
30.2 13.04834 14 0.74008
30.3 13.10748 14 0.74444
30.4 13.16628 14 0.74881
30.5 13.23291 14 0.75319
30.6 13.29165 14 0.75758
30.7 13.35003 14 0.76198
30.8 13.40799 14 0.76639
30.9 13.46564 14 0.77081
31.0 13.53164 14 0.77523
31.1 13.58944 14 0.77967
31.2 13.64745 14 0.78412
31.3 13.70496 14 0.78858
31.4 13.76229 14 0.79305
31.5 13.81937 14 0.79752
31.6 13.87600 14 0.80201
31.7 13.93847 14 0.80650
31.8 13.99888 14 0.81101
31.9 14.05511 14 0.81552
32.0 14.11098 14 0.82005
32.1 14.16624 14 0.82458
32.2 14.22088 14 0.82913
32.3 14.28772 14 0.83368
32.4 14.34414 14 0.83824
32.5 14.40025 14 0.84282
32.6 14.45602 14 0.84740
32.7 14.51129 14 0.85199
32.8 14.56657 14 0.85660
32.9 14.62173 14 0.86121
33.0 14.67641 14 0.86583
33.1 14.73075 14 0.87047
33.2 14.78408 14 0.87511
33.3 14.84981 14 0.87976
33.4 14.90374 14 0.88442
33.5 14.95709 14 0.88910
33.6 15.00924 14 0.89378
33.7 15.06057 14 0.89847
33.8 15.12247 14 0.90317
33.9 15.17705 14 0.90789
34.0 15.22736 14 0.91261
34.1 15.27528 14 0.91735
34.2 15.33354 14 0.92209
34.3 15.38983 14 0.92684
34.4 15.44488 14 0.93161
34.5 15.49944 14 0.93638
34.6 15.55334 14 0.94116
34.7 15.60675 14 0.94596
34.8 15.65944 14 0.95076
34.9 15.71155 14 0.95558
35.0 15.76218 14 0.96040
35.1 15.81304 14 0.96524
35.2 15.86292 14 0.97009
35.3 15.91260 14 0.97494
35.4 15.96160 14 0.97981
35.5 16.01100 14 0.98469
35.6 16.07507 14 0.98957
35.7 16.12314 14 0.99447
35.8 16.16952 14 0.99938
35.9 16.14927 14 1.00000
36.0 16.12749 14 1.00000
36.1 16.10241 14 1.00000
36.2 16.08050 14 1.00000
36.3 16.06522 14 1.00000
36.4 16.03780 14 1.00000
36.5 16.00821 14 1.00000
36.6 15.87498 14 1.00000
36.7 15.86088 14 1.00000
36.8 15.82821 14 1.00000
36.9 15.80362 14 1.00000
37.0 15.78445 14 1.00000
37.1 15.64857 14 1.00000
37.2 15.61035 14 1.00000
37.3 15.58154 14 1.00000
37.4 15.55522 14 1.00000
37.5 15.54652 14 1.00000
37.6 15.39138 14 1.00000
37.7 15.36643 14 1.00000
37.8 15.33901 14 1.00000
37.9 15.30552 14 1.00000
38.0 15.29042 14 1.00000
38.1 15.25815 14 1.00000
38.2 14.45660 14 1.00000
38.3 14.06164 14 1.00000
38.4 13.97004 14 1.00000
38.5 13.94878 14 1.00000
38.6 13.76381 14 1.00000
38.7 13.70710 14 1.00000
38.8 13.69984 14 1.00000
38.9 13.66665 14 1.00000
39.0 13.58406 14 1.00000
39.1 13.43049 14 1.00000
39.2 13.44081 14 1.00000
39.3 13.41042 14 1.00000
39.4 13.31658 14 1.00000
39.5 13.21989 14 1.00000
39.6 13.20222 14 1.00000
39.7 13.18243 14 1.00000
39.8 13.17175 14 1.00000
39.9 12.87496 14 0.98677
40.0 12.79907 14 0.98315
40.1 12.74473 14 0.98056
40.2 12.73892 14 0.98028
40.3 12.61774 14 0.97446
40.4 12.28251 14 0.95822
40.5 12.20424 14 0.95440
40.6 12.27203 14 0.95771
40.7 12.24031 14 0.95616
40.8 12.00974 14 0.94483
40.9 11.92860 14 0.94082
41.0 11.86896 14 0.93786
41.1 11.76490 14 0.93267
41.2 11.71475 14 0.93017
41.3 11.51482 14 0.92012
41.4 11.48361 14 0.91854
41.5 11.39120 14 0.91386
41.6 11.25098 14 0.90671
41.7 11.21893 14 0.90507
41.8 11.22125 14 0.90519
41.9 11.21452 14 0.90485
42.0 10.99008 14 0.89329
42.1 10.89125 14 0.88816
42.2 10.89946 14 0.88859
42.3 10.89186 14 0.88819
42.4 10.86809 14 0.88696
42.5 10.89711 14 0.88847
42.6 10.92479 14 0.88990
42.7 10.93983 14 0.89069
42.8 11.04976 14 0.89638
42.9 11.15027 14 0.90155
43.0 11.26972 14 0.90767
43.1 11.30766 14 0.90961
43.2 11.33640 14 0.91107
43.3 11.35492 14 0.91201
43.4 11.43103 14 0.91588
43.5 11.54594 14 0.92169
43.6 11.62594 14 0.92571
43.7 11.74924 14 0.93189
43.8 11.81049 14 0.93495
43.9 11.86542 14 0.93768
44.0 11.91871 14 0.94033
44.1 11.96692 14 0.94272
44.2 12.02205 14 0.94544
44.3 12.06894 14 0.94775
44.4 12.11417 14 0.94998
44.5 12.22371 14 0.95535
44.6 12.33526 14 0.96079
44.7 12.42722 14 0.96526
44.8 12.51429 14 0.96948
44.9 12.58600 14 0.97293
45.0 12.72681 14 0.97970
45.1 12.78645 14 0.98255
45.2 12.84036 14 0.98512
45.3 12.89738 14 0.98784
45.4 12.95179 14 0.99042
45.5 13.00654 14 0.99302
45.6 13.05604 14 0.99536
45.7 13.10082 14 0.99747
45.8 13.16433 14 1.00000
45.9 13.23295 14 1.00000
46.0 13.27546 14 1.00000
46.1 13.31590 14 1.00000
46.2 13.35224 14 1.00000
46.3 13.41369 14 1.00000
46.4 13.44544 14 1.00000
46.5 13.46642 14 1.00000
46.6 13.49335 14 1.00000
46.7 13.51905 14 1.00000
46.8 13.54357 14 1.00000
46.9 13.56676 14 1.00000
47.0 13.58682 14 1.00000
47.1 13.61394 14 1.00000
47.2 13.67418 14 1.00000
47.3 13.72307 14 1.00000
47.4 13.76559 14 1.00000
47.5 13.80140 14 1.00000
47.6 13.83630 14 1.00000
47.7 13.89764 14 1.00000
47.8 13.93108 14 1.00000
47.9 13.95420 14 1.00000
48.0 13.98087 14 1.00000
48.1 14.00599 14 1.00000
48.2 14.03037 14 1.00000
48.3 14.05375 14 1.00000
48.4 14.07382 14 1.00000
48.5 14.10602 14 1.00000
48.6 14.14673 14 1.00000
48.7 14.21222 14 1.00000
48.8 14.25562 14 1.00000
48.9 14.29418 14 1.00000
49.0 14.33066 14 1.00000
49.1 14.39513 14 1.00000
49.2 14.42168 14 1.00000
49.3 14.45069 14 1.00000
49.4 14.47608 14 1.00000
49.5 14.50119 14 1.00000
49.6 14.52424 14 1.00000
49.7 14.55071 14 1.00000
49.8 14.57341 14 1.00000
49.9 14.59538 14 1.00000
50.0 14.64180 14 1.00000
50.1 14.69909 14 1.00000
50.2 14.74435 14 1.00000
50.3 14.78798 14 1.00000
50.4 14.82654 14 1.00000
50.5 14.86186 14 1.00000
50.6 14.92280 14 1.00000
50.7 14.95648 14 1.00000
50.8 14.98020 14 1.00000
50.9 15.00582 14 1.00000
51.0 15.03202 14 1.00000
51.1 15.05405 14 1.00000
51.2 15.08281 14 1.00000
51.3 15.10542 14 1.00000
51.4 15.13002 14 1.00000
51.5 15.17798 14 1.00000
51.6 15.21805 14 1.00000
51.7 15.27571 14 1.00000
51.8 15.32240 14 1.00000
51.9 15.35886 14 1.00000
52.0 15.39747 14 1.00000
52.1 15.43167 14 1.00000
52.2 15.49295 14 1.00000
52.3 15.51960 14 1.00000
52.4 15.54910 14 1.00000
52.5 15.57366 14 1.00000
52.6 15.60097 14 1.00000
52.7 15.62028 14 1.00000
52.8 15.64789 14 1.00000
52.9 15.67135 14 1.00000
53.0 15.71246 14 1.00000
53.1 15.75456 14 1.00000
53.2 15.80630 14 1.00000
53.3 15.85489 14 1.00000
53.4 15.89928 14 1.00000
53.5 15.93920 14 1.00000
53.6 15.97587 14 1.00000
53.7 16.01007 14 1.00000
53.8 16.07359 14 1.00000
53.9 16.09754 14 1.00000
54.0 16.12360 14 1.00000
54.1 16.15448 14 1.00000
54.2 16.17850 14 1.00000
54.3 16.20532 14 1.00000
54.4 16.23025 14 1.00000
54.5 16.25340 14 1.00000
54.6 16.29160 14 1.00000
54.7 16.33747 14 1.00000
54.8 16.37385 14 1.00000
54.9 16.43588 14 1.00000
55.0 16.47784 14 1.00000
55.1 16.52124 14 1.00000
55.2 16.56085 14 1.00000
55.3 16.59525 14 1.00000
55.4 16.62711 14 1.00000
55.5 16.68919 14 1.00000
55.6 16.71916 14 1.00000
55.7 16.74745 14 1.00000
55.8 16.77311 14 1.00000
55.9 16.79891 14 1.00000
56.0 16.81883 14 1.00000
56.1 16.84767 14 1.00000
56.2 16.87126 14 1.00000
56.3 16.91695 14 1.00000
56.4 16.96285 14 1.00000
56.5 17.00313 14 1.00000
56.6 17.05743 14 1.00000
56.7 17.09756 14 1.00000
56.8 17.14166 14 1.00000
56.9 17.17589 14 1.00000
57.0 17.21584 14 1.00000
57.1 17.24906 14 1.00000
57.2 17.31032 14 1.00000
57.3 17.34026 14 1.00000
57.4 17.36782 14 1.00000
57.5 17.39400 14 1.00000
57.6 17.41986 14 1.00000
57.7 17.44034 14 1.00000
57.8 17.46637 14 1.00000
57.9 17.49481 14 1.00000
58.0 17.52615 14 1.00000
58.1 17.57653 14 1.00000
58.2 17.62121 14 1.00000
58.3 17.65982 14 1.00000
58.4 17.71622 14 1.00000
58.5 17.75959 14 1.00000
58.6 17.79020 14 1.00000
58.7 17.83480 14 1.00000
58.8 17.87341 14 1.00000
58.9 17.90672 14 1.00000
59.0 17.96256 14 1.00000
59.1 17.99761 14 1.00000
59.2 18.02698 14 1.00000
59.3 18.05389 14 1.00000
59.4 18.07169 14 1.00000
59.5 18.10472 14 1.00000
59.6 18.12996 14 1.00000
59.7 18.15046 14 1.00000
59.8 18.18185 14 1.00000
59.9 18.23508 14 1.00000
60.0 18.27285 14 1.00000
60.1 18.31416 14 1.00000
60.2 18.35953 14 1.00000
60.3 18.41693 14 1.00000
60.4 18.46206 14 1.00000
60.5 18.49811 14 1.00000
60.6 18.53514 14 1.00000
60.7 18.57389 14 1.00000
60.8 18.60619 14 1.00000
60.9 18.66680 14 1.00000
61.0 18.69200 14 1.00000
61.1 18.72105 14 1.00000
61.2 18.75189 14 1.00000
61.3 18.78156 14 1.00000
61.4 18.80469 14 1.00000
61.5 18.83173 14 1.00000
61.6 18.85300 14 1.00000
61.7 18.88758 14 1.00000
61.8 18.92974 14 1.00000
61.9 18.98577 14 1.00000
62.0 19.03013 14 1.00000
62.1 19.05947 14 1.00000
62.2 19.11783 14 1.00000
62.3 19.16892 14 1.00000
62.4 19.20683 14 1.00000
62.5 19.24664 14 1.00000
62.6 19.27642 14 1.00000
62.7 19.31517 14 1.00000
62.8 19.33997 14 1.00000
62.9 19.42352 14 1.00000
63.0 19.44238 14 1.00000
63.1 19.47387 14 1.00000
63.2 19.49650 14 1.00000
63.3 19.52791 14 1.00000
63.4 19.55429 14 1.00000
63.5 19.57340 14 1.00000
63.6 19.59357 14 1.00000
63.7 19.63284 14 1.00000
63.8 19.69304 14 1.00000
63.9 19.73483 14 1.00000
64.0 19.77585 14 1.00000
64.1 19.82708 14 1.00000
64.2 19.87380 14 1.00000
64.3 19.92356 14 1.00000
64.4 19.95848 14 1.00000
64.5 20.00159 14 1.00000
64.6 20.03346 14 1.00000
64.7 20.07626 14 1.00000
64.8 20.10911 14 1.00000
64.9 20.17040 14 1.00000
65.0 20.20547 14 1.00000
65.1 20.23632 14 1.00000
65.2 20.26166 14 1.00000
65.3 20.28155 14 1.00000
65.4 20.30519 14 1.00000
65.5 20.33689 14 1.00000
65.6 20.37146 14 1.00000
65.7 20.39717 14 1.00000
65.8 20.44583 14 1.00000
65.9 20.49126 14 1.00000
66.0 20.54512 14 1.00000
66.1 20.58986 14 1.00000
66.2 20.62482 14 1.00000
66.3 20.68059 14 1.00000
66.4 20.72575 14 1.00000
66.5 20.76111 14 1.00000
66.6 20.80372 14 1.00000
66.7 20.83862 14 1.00000
66.8 20.88201 14 1.00000
66.9 20.91835 14 1.00000
67.0 20.94814 14 1.00000
67.1 21.00644 14 1.00000
67.2 21.03788 14 1.00000
67.3 21.06452 14 1.00000
67.4 21.08570 14 1.00000
67.5 21.13200 14 1.00000
67.6 21.14205 14 1.00000
67.7 21.18239 14 1.00000
67.8 21.20584 14 1.00000
67.9 21.22572 14 1.00000
68.0 21.29507 14 1.00000
68.1 21.34064 14 1.00000
68.2 21.39134 14 1.00000
68.3 21.43446 14 1.00000
68.4 21.48498 14 1.00000
68.5 21.53469 14 1.00000
68.6 21.57726 14 1.00000
68.7 21.60452 14 1.00000
68.8 21.65528 14 1.00000
68.9 21.68285 14 1.00000
69.0 21.73598 14 1.00000
69.1 21.77507 14 1.00000
69.2 21.80848 14 1.00000
69.3 21.88171 14 1.00000
69.4 21.90805 14 1.00000
69.5 21.93387 14 1.00000
69.6 21.96495 14 1.00000
69.7 21.99297 14 1.00000
69.8 22.02064 14 1.00000
69.9 22.03965 14 1.00000
70.0 22.05419 14 1.00000
70.1 22.08584 14 1.00000
70.2 22.14648 14 1.00000
70.3 22.18744 14 1.00000
70.4 22.25314 14 1.00000
70.5 22.30129 14 1.00000
70.6 22.34620 14 1.00000
70.7 22.37813 14 1.00000
70.8 22.43994 14 1.00000
70.9 22.48047 14 1.00000
71.0 22.52761 14 1.00000
71.1 22.54728 14 1.00000
71.2 22.60675 14 1.00000
71.3 22.64041 14 1.00000
71.4 22.67984 14 1.00000
71.5 22.69632 14 1.00000
71.6 22.77596 14 1.00000
71.7 22.81435 14 1.00000
71.8 22.82978 14 1.00000
71.9 22.86803 14 1.00000
72.0 22.90422 14 1.00000
72.1 22.93274 14 1.00000
72.2 22.94954 14 1.00000
72.3 22.98897 14 1.00000
72.4 23.01641 14 1.00000
72.5 23.04169 14 1.00000
72.6 23.08550 14 1.00000
72.7 23.15532 14 1.00000
72.8 23.18765 14 1.00000
72.9 23.24491 14 1.00000
73.0 23.28208 14 1.00000
73.1 23.34138 14 1.00000
73.2 23.38245 14 1.00000
73.3 23.42802 14 1.00000
73.4 23.48248 14 1.00000
73.5 23.52375 14 1.00000
73.6 23.56355 14 1.00000
73.7 23.59983 14 1.00000
73.8 23.63765 14 1.00000
73.9 23.66331 14 1.00000
74.0 23.69966 14 1.00000
74.1 23.78146 14 1.00000
74.2 23.81202 14 1.00000
74.3 23.81968 14 1.00000
74.4 23.86649 14 1.00000
74.5 23.89882 14 1.00000
74.6 23.92053 14 1.00000
74.7 23.95702 14 1.00000
74.8 23.98493 14 1.00000
74.9 24.01270 14 1.00000
75.0 24.02599 14 1.00000
75.1 24.09885 14 1.00000
75.2 24.15897 14 1.00000
75.3 24.20255 14 1.00000
75.4 24.25601 14 1.00000
75.5 24.29102 14 1.00000
75.6 24.34959 14 1.00000
75.7 24.39127 14 1.00000
75.8 24.44616 14 1.00000
75.9 24.48632 14 1.00000
76.0 24.53382 14 1.00000
76.1 24.57478 14 1.00000
76.2 24.61120 14 1.00000
76.3 24.65049 14 1.00000
76.4 24.68525 14 1.00000
76.5 24.72379 14 1.00000
76.6 24.75775 14 1.00000
76.7 24.81788 14 1.00000
76.8 24.86239 14 1.00000
76.9 24.88984 14 1.00000
77.0 24.92210 14 1.00000
77.1 24.95245 14 1.00000
77.2 24.96041 14 1.00000
77.3 25.01185 14 1.00000
77.4 25.04056 14 1.00000
77.5 25.06907 14 1.00000
77.6 25.07827 14 1.00000
77.7 25.14806 14 1.00000
77.8 25.21523 14 1.00000
77.9 25.26360 14 1.00000
78.0 25.30696 14 1.00000
78.1 25.35587 14 1.00000
78.2 25.41164 14 1.00000
78.3 25.45630 14 1.00000
78.4 25.49765 14 1.00000
78.5 25.55432 14 1.00000
78.6 25.58937 14 1.00000
78.7 25.64002 14 1.00000
78.8 25.67890 14 1.00000
78.9 25.70990 14 1.00000
79.0 25.76047 14 1.00000
79.1 25.77444 14 1.00000
79.2 25.83076 14 1.00000
79.3 25.86835 14 1.00000
79.4 25.95399 14 1.00000
79.5 25.97730 14 1.00000
79.6 25.99720 14 1.00000
79.7 26.03731 14 1.00000
79.8 26.06869 14 1.00000
79.9 26.09370 14 1.00000
80.0 26.10839 14 1.00000
80.1 26.15734 14 1.00000
80.2 26.16856 14 1.00000
80.3 26.20979 14 1.00000
80.4 26.26386 14 1.00000
80.5 26.32393 14 1.00000
80.6 26.36955 14 1.00000
80.7 26.43146 14 1.00000
80.8 26.48056 14 1.00000
80.9 26.51481 14 1.00000
81.0 26.57867 14 1.00000
81.1 26.62249 14 1.00000
81.2 26.66463 14 1.00000
81.3 26.72219 14 1.00000
81.4 26.74389 14 1.00000
81.5 26.79912 14 1.00000
81.6 26.84109 14 1.00000
81.7 26.89223 14 1.00000
81.8 26.92994 14 1.00000
81.9 26.94632 14 1.00000
82.0 27.00229 14 1.00000
82.1 27.04294 14 1.00000
82.2 27.07715 14 1.00000
82.3 27.15264 14 1.00000
82.4 27.18704 14 1.00000
82.5 27.21376 14 1.00000
82.6 27.24124 14 1.00000
82.7 27.25950 14 1.00000
82.8 27.31174 14 1.00000
82.9 27.34334 14 1.00000
83.0 27.37369 14 1.00000
83.1 27.40278 14 1.00000
83.2 27.42380 14 1.00000
83.3 27.48260 14 1.00000
83.4 27.54377 14 1.00000
83.5 27.57946 14 1.00000
83.6 27.64219 14 1.00000
83.7 27.68828 14 1.00000
83.8 27.75649 14 1.00000
83.9 27.80195 14 1.00000
84.0 27.85089 14 1.00000
84.1 27.88996 14 1.00000
84.2 27.93674 14 1.00000
84.3 27.99695 14 1.00000
84.4 28.04133 14 1.00000
84.5 28.08518 14 1.00000
84.6 28.12714 14 1.00000
84.7 28.16741 14 1.00000
84.8 28.18977 14 1.00000
84.9 28.24563 14 1.00000
85.0 28.26158 14 1.00000
85.1 28.31868 14 1.00000
85.2 28.35575 14 1.00000
85.3 28.44059 14 1.00000
85.4 28.46693 14 1.00000
85.5 28.49093 14 1.00000
85.6 28.51886 14 1.00000
85.7 28.54320 14 1.00000
85.8 28.57798 14 1.00000
85.9 28.60662 14 1.00000
86.0 28.64001 14 1.00000
86.1 28.68116 14 1.00000
86.2 28.72150 14 1.00000
86.3 28.73000 14 1.00000
86.4 28.79402 14 1.00000
86.5 28.86248 14 1.00000
86.6 28.93097 14 1.00000
86.7 28.98482 14 1.00000
86.8 29.02707 14 1.00000
86.9 29.09272 14 1.00000
87.0 29.13731 14 1.00000
87.1 29.18827 14 1.00000
87.2 29.23318 14 1.00000
87.3 29.27680 14 1.00000
87.4 29.33014 14 1.00000
87.5 29.38183 14 1.00000
87.6 29.42745 14 1.00000
87.7 29.46980 14 1.00000
87.8 29.50405 14 1.00000
87.9 29.53157 14 1.00000
88.0 29.59145 14 1.00000
88.1 29.61576 14 1.00000
88.2 29.66849 14 1.00000
88.3 29.69528 14 1.00000
88.4 29.72524 14 1.00000
88.5 29.81075 14 1.00000
88.6 29.85706 14 1.00000
88.7 29.89030 14 1.00000
88.8 29.92383 14 1.00000
88.9 29.95696 14 1.00000
89.0 29.98945 14 1.00000
89.1 30.01122 14 1.00000
89.2 30.03455 14 1.00000
89.3 30.08095 14 1.00000
89.4 30.11871 14 1.00000
89.5 30.13159 14 1.00000
89.6 30.20680 14 1.00000
89.7 30.26969 14 1.00000
89.8 30.32899 14 1.00000
89.9 30.38609 14 1.00000
90.0 30.44062 14 1.00000
90.1 30.48493 14 1.00000
90.2 30.54294 14 1.00000
90.3 30.58292 14 1.00000
90.4 30.63923 14 1.00000
90.5 30.68600 14 1.00000
90.6 30.73067 14 1.00000
90.7 30.78365 14 1.00000
90.8 30.82377 14 1.00000
90.9 30.87484 14 1.00000
91.0 30.91470 14 1.00000
91.1 30.95099 14 1.00000
91.2 31.01111 14 1.00000
91.3 31.04778 14 1.00000
91.4 31.08965 14 1.00000
91.5 31.12978 14 1.00000
91.6 31.16380 14 1.00000
91.7 31.20242 14 1.00000
91.8 31.30243 14 1.00000
91.9 31.31199 14 1.00000
92.0 31.33685 14 1.00000
92.1 31.37948 14 1.00000
92.2 31.42196 14 1.00000
92.3 31.46157 14 1.00000
92.4 31.49825 14 1.00000
92.5 31.53253 14 1.00000
92.6 31.55101 14 1.00000
92.7 31.59096 14 1.00000
92.8 31.63133 14 1.00000
92.9 31.64999 14 1.00000
93.0 31.71198 14 1.00000
93.1 31.77294 14 1.00000
93.2 31.83443 14 1.00000
93.3 31.88556 14 1.00000
93.4 31.93344 14 1.00000
93.5 32.01101 14 1.00000
93.6 32.06026 14 1.00000
93.7 32.11451 14 1.00000
93.8 32.14420 14 1.00000
93.9 32.20742 14 1.00000
94.0 32.25742 14 1.00000
94.1 31.93972 14 1.00000
94.2 31.99416 14 1.00000
94.3 32.03520 14 1.00000
94.4 32.10028 14 1.00000
94.5 32.12606 14 1.00000
94.6 32.19109 14 1.00000
94.7 32.24343 14 1.00000
94.8 31.92257 14 1.00000
94.9 31.97499 14 1.00000
95.0 32.01068 14 1.00000
95.1 32.08463 14 1.00000
95.2 32.12327 14 1.00000
95.3 32.17337 14 1.00000
95.4 32.22918 14 1.00000
95.5 32.27450 14 1.00000
95.6 31.94251 14 1.00000
95.7 32.01723 14 1.00000
95.8 32.06892 14 1.00000
95.9 32.12047 14 1.00000
96.0 32.15372 14 1.00000
96.1 32.21431 14 1.00000
96.2 32.26358 14 1.00000
96.3 31.94615 14 1.00000
96.4 32.00237 14 1.00000
96.5 32.04776 14 1.00000
96.6 32.10698 14 1.00000
96.7 32.13726 14 1.00000
96.8 32.19888 14 1.00000
96.9 32.25010 14 1.00000
97.0 31.93151 14 1.00000
97.1 31.98574 14 1.00000
97.2 32.02335 14 1.00000
97.3 32.09259 14 1.00000
97.4 32.12159 14 1.00000
97.5 32.18246 14 1.00000
97.6 32.23641 14 1.00000
97.7 32.28123 14 1.00000
97.8 31.96142 14 1.00000
97.9 32.02412 14 1.00000
98.0 32.07619 14 1.00000
98.1 32.12738 14 1.00000
98.2 32.16435 14 1.00000
98.3 32.22230 14 1.00000
98.4 32.26825 14 1.00000
98.5 31.93415 14 1.00000
98.6 32.01067 14 1.00000
98.7 32.05999 14 1.00000
98.8 32.11448 14 1.00000
98.9 32.14422 14 1.00000
99.0 32.20757 14 1.00000
99.1 32.25769 14 1.00000
99.2 31.94016 14 1.00000
99.3 31.99478 14 1.00000
99.4 32.03645 14 1.00000
99.5 32.10104 14 1.00000
99.6 32.12740 14 1.00000
99.7 32.19217 14 1.00000
99.8 32.24448 14 1.00000
99.9 31.92411 14 1.00000
100.0 31.97706 14 1.00000
100.1 32.00945 14 1.00000
100.2 32.08627 14 1.00000
100.3 32.12262 14 1.00000
100.4 32.17554 14 1.00000
100.5 32.23092 14 1.00000
100.6 32.27623 14 1.00000
100.7 31.94791 14 1.00000
100.8 32.01916 14 1.00000
100.9 32.07148 14 1.00000
101.0 32.12248 14 1.00000
101.1 32.15703 14 1.00000
101.2 32.21675 14 1.00000
101.3 32.26333 14 1.00000
101.4 31.94804 14 1.00000
101.5 32.00539 14 1.00000
101.6 32.05228 14 1.00000
101.7 32.10971 14 1.00000
101.8 32.14182 14 1.00000
101.9 32.20219 14 1.00000
102.0 32.25306 14 1.00000
102.1 31.93513 14 1.00000
102.2 31.98998 14 1.00000
102.3 32.02625 14 1.00000
102.4 32.09627 14 1.00000
102.5 32.12170 14 1.00000
102.6 32.18666 14 1.00000
102.7 32.23996 14 1.00000
102.8 32.28461 14 1.00000
102.9 31.96904 14 1.00000
103.0 32.01501 14 1.00000
103.1 32.08123 14 1.00000
103.2 32.12495 14 1.00000
103.3 32.16984 14 1.00000
103.4 32.22662 14 1.00000
103.5 32.27220 14 1.00000
103.6 31.94130 14 1.00000
103.7 32.01525 14 1.00000
103.8 32.06630 14 1.00000
103.9 32.11874 14 1.00000
104.0 32.15154 14 1.00000
104.1 32.21278 14 1.00000
104.2 32.26226 14 1.00000
104.3 31.94505 14 1.00000
104.4 32.00122 14 1.00000
104.5 32.04622 14 1.00000
104.6 32.10635 14 1.00000
104.7 32.13644 14 1.00000
104.8 32.19833 14 1.00000
104.9 32.24997 14 1.00000
105.0 31.93149 14 1.00000
105.1 31.98560 14 1.00000
105.2 32.01872 14 1.00000
105.3 32.09320 14 1.00000
105.4 32.12157 14 1.00000
105.5 32.18332 14 1.00000
105.6 32.23733 14 1.00000
105.7 32.28247 14 1.00000
105.8 31.96412 14 1.00000
105.9 32.02314 14 1.00000
106.0 32.07846 14 1.00000
106.1 32.12701 14 1.00000
106.2 32.16717 14 1.00000
106.3 32.22468 14 1.00000
106.4 32.27021 14 1.00000
106.5 31.93547 14 1.00000
106.6 32.01360 14 1.00000
106.7 32.06377 14 1.00000
106.8 32.11728 14 1.00000
106.9 32.14937 14 1.00000
107.0 32.21134 14 1.00000
107.1 32.26109 14 1.00000
107.2 31.94397 14 1.00000
107.3 32.00002 14 1.00000
107.4 32.04422 14 1.00000
107.5 32.10557 14 1.00000
107.6 32.13536 14 1.00000
107.7 32.19744 14 1.00000
107.8 32.24933 14 1.00000
107.9 31.93110 14 1.00000
108.0 31.98498 14 1.00000
108.1 32.02314 14 1.00000
108.2 32.09296 14 1.00000
108.3 32.12157 14 1.00000
108.4 32.18333 14 1.00000
108.5 32.23745 14 1.00000
108.6 32.28238 14 1.00000
108.7 31.96440 14 1.00000
108.8 32.02176 14 1.00000
108.9 32.07892 14 1.00000
109.0 32.12664 14 1.00000
109.1 32.16796 14 1.00000
109.2 32.22540 14 1.00000
109.3 32.27099 14 1.00000
109.4 31.93844 14 1.00000
109.5 32.01442 14 1.00000
109.6 32.06506 14 1.00000
109.7 32.11849 14 1.00000
109.8 32.15147 14 1.00000
109.9 32.21273 14 1.00000
110.0 32.26244 14 1.00000
110.1 31.94544 14 1.00000
110.2 32.00197 14 1.00000
110.3 32.04738 14 1.00000
110.4 32.10743 14 1.00000
110.5 32.13818 14 1.00000
110.6 32.19986 14 1.00000
110.7 32.25151 14 1.00000
110.8 31.93357 14 1.00000
110.9 31.98806 14 1.00000
111.0 32.02380 14 1.00000
111.1 32.09564 14 1.00000
111.2 32.12166 14 1.00000
111.3 32.18666 14 1.00000
111.4 32.24029 14 1.00000
111.5 32.28522 14 1.00000
111.6 31.97057 14 1.00000
111.7 32.01320 14 1.00000
111.8 32.08276 14 1.00000
111.9 32.12402 14 1.00000
112.0 32.17241 14 1.00000
112.1 32.22896 14 1.00000
112.2 32.27438 14 1.00000
112.3 31.94423 14 1.00000
112.4 32.01828 14 1.00000
112.5 32.07052 14 1.00000
112.6 32.12210 14 1.00000
112.7 32.15730 14 1.00000
112.8 32.21712 14 1.00000
112.9 32.26393 14 1.00000
113.0 31.94372 14 1.00000
113.1 32.00710 14 1.00000
113.2 32.05504 14 1.00000
113.3 32.11205 14 1.00000
113.4 32.14066 14 1.00000
113.5 32.20519 14 1.00000
113.6 32.25623 14 1.00000
113.7 31.93899 14 1.00000
113.8 31.99368 14 1.00000
113.9 32.03561 14 1.00000
114.0 32.10138 14 1.00000
114.1 32.12881 14 1.00000
114.2 32.19339 14 1.00000
114.3 32.24612 14 1.00000
114.4 31.92671 14 1.00000
114.5 31.98046 14 1.00000
114.6 32.01581 14 1.00000
114.7 32.09036 14 1.00000
114.8 32.12176 14 1.00000
114.9 32.18052 14 1.00000
115.0 32.23552 14 1.00000
115.1 32.28084 14 1.00000
115.2 31.96149 14 1.00000
115.3 32.02474 14 1.00000
115.4 32.07747 14 1.00000
115.5 32.12748 14 1.00000
115.6 32.16721 14 1.00000
115.7 32.22532 14 1.00000
115.8 32.27114 14 1.00000
115.9 31.93961 14 1.00000
116.0 32.01504 14 1.00000
116.1 32.06622 14 1.00000
116.2 32.11928 14 1.00000
116.3 32.15307 14 1.00000
116.4 32.21413 14 1.00000
116.5 32.26392 14 1.00000
116.6 31.94739 14 1.00000
116.7 32.00460 14 1.00000
116.8 32.05167 14 1.00000
116.9 32.11014 14 1.00000
117.0 32.13765 14 1.00000
117.1 32.20323 14 1.00000
117.2 32.25465 14 1.00000
117.3 31.93738 14 1.00000
117.4 31.99142 14 1.00000
117.5 32.03341 14 1.00000
117.6 32.10032 14 1.00000
117.7 32.12705 14 1.00000
117.8 32.19258 14 1.00000
117.9 32.24545 14 1.00000
118.0 31.92608 14 1.00000
118.1 31.97991 14 1.00000
118.2 32.01517 14 1.00000
118.3 32.08994 14 1.00000
118.4 32.12172 14 1.00000
118.5 32.18065 14 1.00000
118.6 32.23602 14 1.00000
118.7 32.28115 14 1.00000
118.8 31.96311 14 1.00000
118.9 32.02294 14 1.00000
119.0 32.07872 14 1.00000
119.1 32.12636 14 1.00000
119.2 32.16885 14 1.00000
119.3 32.22669 14 1.00000
119.4 32.27251 14 1.00000
119.5 31.94498 14 1.00000
119.6 32.01670 14 1.00000
119.7 32.06897 14 1.00000
119.8 32.12136 14 1.00000
119.9 32.15649 14 1.00000
120.0 32.21676 14 1.00000
120.1 32.26384 14 1.00000
120.2 31.94236 14 1.00000
120.3 32.00770 14 1.00000
120.4 32.05638 14 1.00000
120.5 32.11311 14 1.00000
120.6 32.14325 14 1.00000
120.7 32.20723 14 1.00000
120.8 32.25826 14 1.00000
120.9 31.94137 14 1.00000
121.0 31.99670 14 1.00000
121.1 32.04175 14 1.00000
121.2 32.10472 14 1.00000
121.3 32.13473 14 1.00000
121.4 32.19780 14 1.00000
121.5 32.25010 14 1.00000
121.6 31.93235 14 1.00000
121.7 31.98702 14 1.00000
121.8 32.02346 14 1.00000
121.9 32.09584 14 1.00000
122.0 32.12175 14 1.00000
122.1 32.18807 14 1.00000
122.2 32.24184 14 1.00000
122.3 32.28710 14 1.00000
122.4 31.97511 14 1.00000
122.5 32.00967 14 1.00000
122.6 32.08658 14 1.00000
122.7 32.12230 14 1.00000
122.8 32.17783 14 1.00000
122.9 32.23418 14 1.00000
123.0 32.27937 14 1.00000
123.1 31.95879 14 1.00000
123.2 32.02412 14 1.00000
123.3 32.07674 14 1.00000
123.4 32.12740 14 1.00000
123.5 32.16750 14 1.00000
123.6 32.22564 14 1.00000
123.7 32.27213 14 1.00000
123.8 31.94349 14 1.00000
123.9 32.01680 14 1.00000
124.0 32.06887 14 1.00000
124.1 32.12166 14 1.00000
124.2 32.15710 14 1.00000
124.3 32.21766 14 1.00000
124.4 32.26476 14 1.00000
124.5 31.93923 14 1.00000
124.6 32.00927 14 1.00000
124.7 32.05832 14 1.00000
124.8 32.11502 14 1.00000
124.9 32.14607 14 1.00000
125.0 32.20967 14 1.00000
125.1 32.26049 14 1.00000
125.2 31.94390 14 1.00000
125.3 32.00105 14 1.00000
125.4 32.04710 14 1.00000
125.5 32.10780 14 1.00000
125.6 32.13982 14 1.00000
125.7 32.20193 14 1.00000
125.8 32.25374 14 1.00000
125.9 31.93692 14 1.00000
126.0 31.99113 14 1.00000
126.1 32.03407 14 1.00000
126.2 32.10088 14 1.00000
126.3 32.12862 14 1.00000
126.4 32.19440 14 1.00000
126.5 32.24719 14 1.00000
126.6 31.92941 14 1.00000
126.7 31.98413 14 1.00000
126.8 32.02269 14 1.00000
126.9 32.09387 14 1.00000
127.0 32.12160 14 1.00000
127.1 32.18676 14 1.00000
127.2 32.24085 14 1.00000
127.3 32.28582 14 1.00000
127.4 31.97423 14 1.00000
127.5 32.01032 14 1.00000
127.6 32.08693 14 1.00000
127.7 32.12228 14 1.00000
127.8 32.17846 14 1.00000
127.9 32.23476 14 1.00000
128.0 32.28030 14 1.00000
128.1 31.96197 14 1.00000
128.2 32.02402 14 1.00000
128.3 32.07919 14 1.00000
128.4 32.12575 14 1.00000
128.5 32.17074 14 1.00000
128.6 32.22834 14 1.00000
128.7 32.27459 14 1.00000
128.8 31.94781 14 1.00000
128.9 32.01951 14 1.00000
129.0 32.07372 14 1.00000
129.1 32.12506 14 1.00000
129.2 32.16330 14 1.00000
129.3 32.22202 14 1.00000
129.4 32.26942 14 1.00000
129.5 31.93587 14 1.00000
129.6 32.01425 14 1.00000
129.7 32.06696 14 1.00000
129.8 32.12006 14 1.00000
129.9 32.15569 14 1.00000
130.0 32.21656 14 1.00000
130.1 32.26396 14 1.00000
130.2 31.93956 14 1.00000
130.3 32.00887 14 1.00000
130.4 32.05933 14 1.00000
130.5 32.11543 14 1.00000
130.6 32.14741 14 1.00000
130.7 32.21100 14 1.00000
130.8 32.26206 14 1.00000
130.9 31.94587 14 1.00000
131.0 32.00314 14 1.00000
131.1 32.05193 14 1.00000
131.2 32.11032 14 1.00000
131.3 32.13989 14 1.00000
131.4 32.20574 14 1.00000
131.5 32.25712 14 1.00000
131.6 31.94130 14 1.00000
131.7 31.99652 14 1.00000
131.8 32.04406 14 1.00000
131.9 32.10599 14 1.00000
132.0 32.13825 14 1.00000
132.1 32.20085 14 1.00000
132.2 32.25254 14 1.00000
132.3 31.93682 14 1.00000
132.4 31.99092 14 1.00000
132.5 32.03476 14 1.00000
132.6 32.10152 14 1.00000
132.7 32.13147 14 1.00000
132.8 32.19641 14 1.00000
132.9 32.24861 14 1.00000
133.0 31.93242 14 1.00000
133.1 31.98724 14 1.00000
133.2 32.02665 14 1.00000
133.3 32.09770 14 1.00000
133.4 32.12418 14 1.00000
133.5 32.19171 14 1.00000
133.6 32.24467 14 1.00000
133.7 31.92782 14 1.00000
133.8 31.98229 14 1.00000
133.9 32.02296 14 1.00000
134.0 32.09365 14 1.00000
134.1 32.12159 14 1.00000
134.2 32.18740 14 1.00000
134.3 32.24142 14 1.00000
134.4 31.92249 14 1.00000
134.5 31.97703 14 1.00000
134.6 32.01543 14 1.00000
134.7 32.09004 14 1.00000
134.8 32.12177 14 1.00000
134.9 32.18322 14 1.00000
135.0 32.23829 14 1.00000
135.1 32.28502 14 1.00000
135.2 31.97187 14 1.00000
135.3 32.01044 14 1.00000
135.4 32.08625 14 1.00000
135.5 32.12257 14 1.00000
135.6 32.17997 14 1.00000
135.7 32.23534 14 1.00000
135.8 32.28238 14 1.00000
135.9 31.96605 14 1.00000
136.0 32.01385 14 1.00000
136.1 32.08341 14 1.00000
136.2 32.12366 14 1.00000
136.3 32.17653 14 1.00000
136.4 32.23256 14 1.00000
136.5 32.28028 14 1.00000
136.6 31.96137 14 1.00000
136.7 32.02148 14 1.00000
136.8 32.08053 14 1.00000
136.9 32.12517 14 1.00000
137.0 32.17403 14 1.00000
137.1 32.23045 14 1.00000
137.2 32.27812 14 1.00000
137.3 31.95666 14 1.00000
137.4 32.02368 14 1.00000
137.5 32.07809 14 1.00000
137.6 32.12673 14 1.00000
137.7 32.17159 14 1.00000
137.8 32.22800 14 1.00000
137.9 32.27641 14 1.00000
138.0 31.95291 14 1.00000
138.1 32.02192 14 1.00000
138.2 32.07581 14 1.00000
138.3 32.12769 14 1.00000
138.4 32.16994 14 1.00000
138.5 32.22669 14 1.00000
138.6 32.27518 14 1.00000
138.7 31.94874 14 1.00000
138.8 32.02063 14 1.00000
138.9 32.07635 14 1.00000
139.0 32.12672 14 1.00000
139.1 32.16850 14 1.00000
139.2 32.22555 14 1.00000
139.3 32.27389 14 1.00000
139.4 31.94574 14 1.00000
139.5 32.01953 14 1.00000
139.6 32.07534 14 1.00000
139.7 32.12590 14 1.00000
139.8 32.16727 14 1.00000
139.9 32.22497 14 1.00000
140.0 32.27333 14 1.00000
140.1 31.94394 14 1.00000
140.2 32.01858 14 1.00000
140.3 32.07453 14 1.00000
140.4 32.12560 14 1.00000
140.5 32.16679 14 1.00000
140.6 32.22457 14 1.00000
140.7 32.27294 14 1.00000
140.8 31.94373 14 1.00000
140.9 32.01838 14 1.00000
141.0 32.07438 14 1.00000
141.1 32.12546 14 1.00000
141.2 32.16612 14 1.00000
141.3 32.22474 14 1.00000
141.4 32.27307 14 1.00000
141.5 31.94407 14 1.00000
141.6 32.01814 14 1.00000
141.7 32.07446 14 1.00000
141.8 32.12584 14 1.00000
141.9 32.16706 14 1.00000
142.0 32.22511 14 1.00000
142.1 32.27338 14 1.00000
142.2 31.94495 14 1.00000
142.3 32.01920 14 1.00000
142.4 32.07521 14 1.00000
142.5 32.12639 14 1.00000
142.6 32.16784 14 1.00000
142.7 32.22567 14 1.00000
142.8 32.27423 14 1.00000
142.9 31.94743 14 1.00000
143.0 32.02033 14 1.00000
143.1 32.07618 14 1.00000
143.2 32.12747 14 1.00000
143.3 32.16937 14 1.00000
143.4 32.22683 14 1.00000
143.5 32.27548 14 1.00000
143.6 31.95108 14 1.00000
143.7 32.02199 14 1.00000
143.8 32.07610 14 1.00000
143.9 32.12720 14 1.00000
144.0 32.17115 14 1.00000
144.1 32.22818 14 1.00000
144.2 32.27705 14 1.00000
144.3 31.95529 14 1.00000
144.4 32.02350 14 1.00000
144.5 32.07817 14 1.00000
144.6 32.12569 14 1.00000
144.7 32.17367 14 1.00000
144.8 32.23012 14 1.00000
144.9 32.27880 14 1.00000
145.0 31.96025 14 1.00000
145.1 32.02294 14 1.00000
145.2 32.08187 14 1.00000
145.3 32.12411 14 1.00000
145.4 32.17654 14 1.00000
145.5 32.23285 14 1.00000
145.6 32.28073 14 1.00000
145.7 31.96555 14 1.00000
145.8 32.01400 14 1.00000
145.9 32.08488 14 1.00000
146.0 32.12289 14 1.00000
146.1 32.17951 14 1.00000
146.2 32.23634 14 1.00000
146.3 32.28350 14 1.00000
146.4 31.97078 14 1.00000
146.5 32.01041 14 1.00000
146.6 32.08835 14 1.00000
146.7 32.12197 14 1.00000
146.8 32.18396 14 1.00000
146.9 32.23955 14 1.00000
147.0 32.28659 14 1.00000
147.1 31.97704 14 1.00000
147.2 32.01578 14 1.00000
147.3 32.09240 14 1.00000
147.4 32.12157 14 1.00000
147.5 32.18825 14 1.00000
147.6 32.24305 14 1.00000
147.7 31.92659 14 1.00000
147.8 31.98265 14 1.00000
147.9 32.02068 14 1.00000
148.0 32.09633 14 1.00000
148.1 32.12230 14 1.00000
148.2 32.19350 14 1.00000
148.3 32.24674 14 1.00000
148.4 31.93196 14 1.00000
148.5 31.98835 14 1.00000
148.6 32.03031 14 1.00000
148.7 32.10054 14 1.00000
148.8 32.13088 14 1.00000
148.9 32.19844 14 1.00000
149.0 32.25063 14 1.00000
149.1 31.93716 14 1.00000
149.2 31.99257 14 1.00000
149.3 32.04099 14 1.00000
149.4 32.10549 14 1.00000
149.5 32.13919 14 1.00000
149.6 32.20366 14 1.00000
149.7 32.25542 14 1.00000
149.8 31.94224 14 1.00000
149.9 31.99855 14 1.00000
150.0 32.05085 14 1.00000
150.1 32.11057 14 1.00000
150.2 32.14343 14 1.00000
150.3 32.20903 14 1.00000
150.4 32.26077 14 1.00000
150.5 31.94748 14 1.00000
150.6 32.00488 14 1.00000
150.7 32.05933 14 1.00000
150.8 32.11589 14 1.00000
150.9 32.15229 14 1.00000
151.0 32.21568 14 1.00000
151.1 32.26506 14 1.00000
151.2 31.93413 14 1.00000
151.3 32.01205 14 1.00000
151.4 32.06737 14 1.00000
151.5 32.12192 14 1.00000
151.6 32.16147 14 1.00000
151.7 32.22171 14 1.00000
151.8 32.27084 14 1.00000
151.9 31.94111 14 1.00000
152.0 32.01869 14 1.00000
152.1 32.07565 14 1.00000
152.2 32.12751 14 1.00000
152.3 32.17056 14 1.00000
152.4 32.22863 14 1.00000
152.5 32.27794 14 1.00000
152.6 31.95968 14 1.00000
152.7 32.02242 14 1.00000
152.8 32.08316 14 1.00000
152.9 32.12323 14 1.00000
153.0 32.17924 14 1.00000
153.1 32.23603 14 1.00000
153.2 32.28434 14 1.00000
153.3 31.97347 14 1.00000
153.4 32.01160 14 1.00000
153.5 32.09140 14 1.00000
153.6 32.12158 14 1.00000
153.7 32.18850 14 1.00000
153.8 32.24382 14 1.00000
153.9 31.92835 14 1.00000
154.0 31.98600 14 1.00000
154.1 32.02688 14 1.00000
154.2 32.09963 14 1.00000
154.3 32.13044 14 1.00000
154.4 32.19808 14 1.00000
154.5 32.25158 14 1.00000
154.6 31.93843 14 1.00000
154.7 31.99505 14 1.00000
154.8 32.04485 14 1.00000
154.9 32.10853 14 1.00000
155.0 32.14033 14 1.00000
155.1 32.20802 14 1.00000
155.2 32.25943 14 1.00000
155.3 31.94710 14 1.00000
155.4 32.00493 14 1.00000
155.5 32.06007 14 1.00000
155.6 32.11699 14 1.00000
155.7 32.15437 14 1.00000
155.8 32.21746 14 1.00000
155.9 32.26763 14 1.00000
156.0 31.93592 14 1.00000
156.1 32.01596 14 1.00000
156.2 32.07224 14 1.00000
156.3 32.12543 14 1.00000
156.4 32.16755 14 1.00000
156.5 32.22731 14 1.00000
156.6 32.27677 14 1.00000
156.7 31.95801 14 1.00000
156.8 32.02375 14 1.00000
156.9 32.08229 14 1.00000
157.0 32.12299 14 1.00000
157.1 32.18028 14 1.00000
157.2 32.23715 14 1.00000
157.3 32.28562 14 1.00000
157.4 31.97703 14 1.00000
157.5 32.01878 14 1.00000
157.6 32.09463 14 1.00000
157.7 32.12169 14 1.00000
157.8 32.19314 14 1.00000
157.9 32.24768 14 1.00000
158.0 31.93409 14 1.00000
158.1 31.99094 14 1.00000
158.2 32.03980 14 1.00000
158.3 32.10583 14 1.00000
158.4 32.14115 14 1.00000
158.5 32.20610 14 1.00000
158.6 32.25845 14 1.00000
158.7 31.94604 14 1.00000
158.8 32.00404 14 1.00000
158.9 32.05994 14 1.00000
159.0 32.11655 14 1.00000
159.1 32.15516 14 1.00000
159.2 32.21795 14 1.00000
159.3 32.26837 14 1.00000
159.4 31.94054 14 1.00000
159.5 32.01733 14 1.00000
159.6 32.07516 14 1.00000
159.7 32.12768 14 1.00000
159.8 32.17117 14 1.00000
159.9 32.23045 14 1.00000
160.0 32.27979 14 1.00000
160.1 31.96664 14 1.00000
160.2 32.01205 14 1.00000
160.3 32.08820 14 1.00000
160.4 32.12173 14 1.00000
160.5 32.18671 14 1.00000
160.6 32.24336 14 1.00000
160.7 31.92808 14 1.00000
160.8 31.98603 14 1.00000
160.9 32.03012 14 1.00000
161.0 32.10173 14 1.00000
161.1 32.13486 14 1.00000
161.2 32.20303 14 1.00000
161.3 32.25524 14 1.00000
161.4 31.94382 14 1.00000
161.5 32.00203 14 1.00000
161.6 32.05628 14 1.00000
161.7 32.11516 14 1.00000
161.8 32.15246 14 1.00000
161.9 32.21712 14 1.00000
162.0 32.26795 14 1.00000
162.1 31.93904 14 1.00000
162.2 32.01719 14 1.00000
162.3 32.07491 14 1.00000
162.4 32.12788 14 1.00000
162.5 32.17274 14 1.00000
162.6 32.23128 14 1.00000
162.7 32.28086 14 1.00000
162.8 31.96961 14 1.00000
162.9 32.00978 14 1.00000
163.0 32.09067 14 1.00000
163.1 32.12157 14 1.00000
163.2 32.19016 14 1.00000
163.3 32.24614 14 1.00000
163.4 31.93296 14 1.00000
163.5 31.99116 14 1.00000
163.6 32.03904 14 1.00000
163.7 32.10660 14 1.00000
163.8 32.13758 14 1.00000
163.9 32.20803 14 1.00000
164.0 32.26040 14 1.00000
164.1 31.94774 14 1.00000
164.2 32.00800 14 1.00000
164.3 32.06564 14 1.00000
164.4 32.12117 14 1.00000
164.5 32.16293 14 1.00000
164.6 32.22396 14 1.00000
164.7 32.27440 14 1.00000
164.8 31.95424 14 1.00000
164.9 32.02439 14 1.00000
165.0 32.08298 14 1.00000
165.1 32.12246 14 1.00000
165.2 32.18279 14 1.00000
165.3 32.24084 14 1.00000
165.4 31.92581 14 1.00000
165.5 31.98471 14 1.00000
165.6 32.02804 14 1.00000
165.7 32.10152 14 1.00000
165.8 32.13502 14 1.00000
165.9 32.20394 14 1.00000
166.0 32.25671 14 1.00000
166.1 31.94521 14 1.00000
166.2 32.00449 14 1.00000
166.3 32.06056 14 1.00000
166.4 32.11845 14 1.00000
166.5 32.15914 14 1.00000
166.6 32.22111 14 1.00000
166.7 32.27224 14 1.00000
166.8 31.95008 14 1.00000
166.9 32.02247 14 1.00000
167.0 32.08144 14 1.00000
167.1 32.12295 14 1.00000
167.2 32.18164 14 1.00000
167.3 32.24000 14 1.00000
167.4 31.92500 14 1.00000
167.5 31.98438 14 1.00000
167.6 32.02744 14 1.00000
167.7 32.10162 14 1.00000
167.8 32.13578 14 1.00000
167.9 32.20443 14 1.00000
168.0 32.25749 14 1.00000
168.1 31.94596 14 1.00000
168.2 32.00577 14 1.00000
168.3 32.06361 14 1.00000
168.4 32.11985 14 1.00000
168.5 32.16215 14 1.00000
168.6 32.22343 14 1.00000
168.7 32.27462 14 1.00000
168.8 31.95661 14 1.00000
168.9 32.02163 14 1.00000
169.0 32.08517 14 1.00000
169.1 32.12202 14 1.00000
169.2 32.18594 14 1.00000
169.3 32.24414 14 1.00000
169.4 31.92988 14 1.00000
169.5 31.99036 14 1.00000
169.6 32.03602 14 1.00000
169.7 32.10658 14 1.00000
169.8 32.13998 14 1.00000
169.9 32.20955 14 1.00000
170.0 32.26316 14 1.00000
170.1 31.93941 14 1.00000
170.2 32.01273 14 1.00000
170.3 32.07162 14 1.00000
170.4 32.12575 14 1.00000
170.5 32.17085 14 1.00000
170.6 32.23038 14 1.00000
170.7 32.28141 14 1.00000
170.8 31.97340 14 1.00000
170.9 32.01382 14 1.00000
171.0 32.09439 14 1.00000
171.1 32.12188 14 1.00000
171.2 32.19652 14 1.00000
171.3 32.25260 14 1.00000
171.4 31.94043 14 1.00000
171.5 32.00106 14 1.00000
171.6 32.05601 14 1.00000
171.7 32.11598 14 1.00000
171.8 32.15686 14 1.00000
171.9 32.21981 14 1.00000
172.0 32.27211 14 1.00000
172.1 31.95059 14 1.00000
172.2 32.02296 14 1.00000
172.3 32.08344 14 1.00000
172.4 32.12237 14 1.00000
172.5 32.18496 14 1.00000
172.6 32.24357 14 1.00000
172.7 31.92961 14 1.00000
172.8 31.99103 14 1.00000
172.9 32.03703 14 1.00000
173.0 32.10820 14 1.00000
173.1 32.14209 14 1.00000
173.2 32.21126 14 1.00000
173.3 32.26347 14 1.00000
173.4 31.93450 14 1.00000
173.5 32.01610 14 1.00000
173.6 32.07566 14 1.00000
173.7 32.12664 14 1.00000
173.8 32.17658 14 1.00000
173.9 32.23533 14 1.00000
174.0 32.28652 14 1.00000
174.1 31.98131 14 1.00000
174.2 32.02249 14 1.00000
174.3 32.10086 14 1.00000
174.4 32.13637 14 1.00000
174.5 32.20564 14 1.00000
174.6 32.25933 14 1.00000
174.7 31.94818 14 1.00000
174.8 32.00948 14 1.00000
174.9 32.06937 14 1.00000
175.0 32.12479 14 1.00000
175.1 32.16994 14 1.00000
175.2 32.23005 14 1.00000
175.3 32.28179 14 1.00000
175.4 31.97475 14 1.00000
175.5 32.01777 14 1.00000
175.6 32.09649 14 1.00000
175.7 32.12576 14 1.00000
175.8 32.20030 14 1.00000
175.9 32.25603 14 1.00000
176.0 31.94518 14 1.00000
176.1 32.00610 14 1.00000
176.2 32.06499 14 1.00000
176.3 32.12167 14 1.00000
176.4 32.16618 14 1.00000
176.5 32.22781 14 1.00000
176.6 32.27952 14 1.00000
176.7 31.97001 14 1.00000
176.8 32.01032 14 1.00000
176.9 32.09441 14 1.00000
177.0 32.12318 14 1.00000
177.1 32.19836 14 1.00000
177.2 32.25438 14 1.00000
177.3 31.94300 14 1.00000
177.4 32.00488 14 1.00000
177.5 32.06257 14 1.00000
177.6 32.12078 14 1.00000
177.7 32.16518 14 1.00000
177.8 32.22652 14 1.00000
177.9 32.27919 14 1.00000
178.0 31.97005 14 1.00000
178.1 32.01037 14 1.00000
178.2 32.09443 14 1.00000
178.3 32.12248 14 1.00000
178.4 32.19880 14 1.00000
178.5 32.25512 14 1.00000
178.6 31.94375 14 1.00000
178.7 32.00572 14 1.00000
178.8 32.06504 14 1.00000
178.9 32.12205 14 1.00000
179.0 32.16723 14 1.00000
179.1 32.22859 14 1.00000
179.2 32.28059 14 1.00000
179.3 31.97282 14 1.00000
179.4 32.01693 14 1.00000
179.5 32.09654 14 1.00000
179.6 32.12714 14 1.00000
179.7 32.20162 14 1.00000
179.8 32.25751 14 1.00000
179.9 31.94700 14 1.00000
180.0 32.00856 14 1.00000
180.1 32.06948 14 1.00000
180.2 32.12521 14 1.00000
180.3 32.17152 14 1.00000
180.4 32.23203 14 1.00000
180.5 32.28392 14 1.00000
180.6 31.97978 14 1.00000
180.7 32.02099 14 1.00000
180.8 32.10137 14 1.00000
180.9 32.13832 14 1.00000
181.0 32.20739 14 1.00000
181.1 32.26231 14 1.00000
181.2 31.93789 14 1.00000
181.3 32.01445 14 1.00000
181.4 32.07549 14 1.00000
181.5 32.12579 14 1.00000
181.6 32.17916 14 1.00000
181.7 32.23909 14 1.00000
181.8 31.92537 14 1.00000
181.9 31.98780 14 1.00000
182.0 32.03600 14 1.00000
182.1 32.10879 14 1.00000
182.2 32.14481 14 1.00000
182.3 32.21434 14 1.00000
182.4 32.26798 14 1.00000
182.5 31.94197 14 1.00000
182.6 32.02259 14 1.00000
182.7 32.08384 14 1.00000
182.8 32.12199 14 1.00000
182.9 32.18839 14 1.00000
183.0 32.24718 14 1.00000
183.1 31.93696 14 1.00000
183.2 31.99840 14 1.00000
183.3 32.05403 14 1.00000
183.4 32.11712 14 1.00000
183.5 32.16014 14 1.00000
183.6 32.22414 14 1.00000
183.7 32.27737 14 1.00000
183.8 31.96775 14 1.00000
183.9 32.00982 14 1.00000
184.0 32.09502 14 1.00000
184.1 32.12617 14 1.00000
184.2 32.20099 14 1.00000
184.3 32.25771 14 1.00000
184.4 31.94755 14 1.00000
184.5 32.00996 14 1.00000
184.6 32.07164 14 1.00000
184.7 32.12714 14 1.00000
184.8 32.17523 14 1.00000
184.9 32.23568 14 1.00000
185.0 31.92346 14 1.00000
185.1 31.98659 14 1.00000
185.2 32.03414 14 1.00000
185.3 32.10829 14 1.00000
185.4 32.14461 14 1.00000
185.5 32.21501 14 1.00000
185.6 32.26886 14 1.00000
185.7 31.94497 14 1.00000
185.8 32.02390 14 1.00000
185.9 32.08593 14 1.00000
186.0 32.12163 14 1.00000
186.1 32.19185 14 1.00000
186.2 32.25080 14 1.00000
186.3 31.94051 14 1.00000
186.4 32.00371 14 1.00000
186.5 32.06214 14 1.00000
186.6 32.12158 14 1.00000
186.7 32.16839 14 1.00000
186.8 32.23063 14 1.00000
186.9 32.28336 14 1.00000
187.0 31.97883 14 1.00000
187.1 32.02231 14 1.00000
187.2 32.10305 14 1.00000
187.3 32.13783 14 1.00000
187.4 32.21087 14 1.00000
187.5 32.26319 14 1.00000
187.6 31.93572 14 1.00000
187.7 32.02137 14 1.00000
187.8 32.08271 14 1.00000
187.9 32.12194 14 1.00000
188.0 32.18867 14 1.00000
188.1 32.24854 14 1.00000
188.2 31.93892 14 1.00000
188.3 32.00191 14 1.00000
188.4 32.05994 14 1.00000
188.5 32.12023 14 1.00000
188.6 32.16683 14 1.00000
188.7 32.23022 14 1.00000
188.8 32.28333 14 1.00000
188.9 31.97881 14 1.00000
189.0 32.02230 14 1.00000
189.1 32.10343 14 1.00000
189.2 32.13904 14 1.00000
189.3 32.21209 14 1.00000
189.4 32.26532 14 1.00000
189.5 31.94173 14 1.00000
189.6 32.02280 14 1.00000
189.7 32.08545 14 1.00000
189.8 32.12166 14 1.00000
189.9 32.19184 14 1.00000
190.0 32.25117 14 1.00000
190.1 31.94235 14 1.00000
190.2 32.00542 14 1.00000
190.3 32.06533 14 1.00000
190.4 32.12394 14 1.00000
190.5 32.17224 14 1.00000
190.6 32.23374 14 1.00000
190.7 32.28685 14 1.00000
190.8 31.98606 14 1.00000
190.9 32.03493 14 1.00000
191.0 32.10941 14 1.00000
191.1 32.14789 14 1.00000
191.2 32.21784 14 1.00000
191.3 32.27276 14 1.00000
191.4 31.95708 14 1.00000
191.5 32.01188 14 1.00000
191.6 32.09337 14 1.00000
191.7 32.12268 14 1.00000
191.8 32.20141 14 1.00000
191.9 32.25880 14 1.00000
192.0 31.94247 14 1.00000
192.1 32.01330 14 1.00000
192.2 32.07672 14 1.00000
192.3 32.12440 14 1.00000
192.4 32.18379 14 1.00000
192.5 32.24464 14 1.00000
192.6 31.93437 14 1.00000
192.7 31.99841 14 1.00000
192.8 32.05527 14 1.00000
192.9 32.11929 14 1.00000
193.0 32.16587 14 1.00000
193.1 32.22926 14 1.00000
193.2 32.28350 14 1.00000
193.3 31.98029 14 1.00000
193.4 32.02719 14 1.00000
193.5 32.10556 14 1.00000
193.6 32.14244 14 1.00000
193.7 32.21518 14 1.00000
193.8 32.26978 14 1.00000
193.9 31.95185 14 1.00000
194.0 32.01870 14 1.00000
194.1 32.09221 14 1.00000
194.2 32.12177 14 1.00000
194.3 32.19997 14 1.00000
194.4 32.25863 14 1.00000
194.5 31.94184 14 1.00000
194.6 32.01388 14 1.00000
194.7 32.07567 14 1.00000
194.8 32.12379 14 1.00000
194.9 32.18555 14 1.00000
195.0 32.24663 14 1.00000
195.1 31.93799 14 1.00000
195.2 32.00101 14 1.00000
195.3 32.06105 14 1.00000
195.4 32.12228 14 1.00000
195.5 32.17121 14 1.00000
195.6 32.23335 14 1.00000
195.7 32.28687 14 1.00000
195.8 31.98712 14 1.00000
195.9 32.03806 14 1.00000
196.0 32.11166 14 1.00000
196.1 32.15306 14 1.00000
196.2 32.22178 14 1.00000
196.3 32.27637 14 1.00000
196.4 31.96877 14 1.00000
196.5 32.01709 14 1.00000
196.6 32.09988 14 1.00000
196.7 32.13939 14 1.00000
196.8 32.20990 14 1.00000
196.9 32.26378 14 1.00000
197.0 31.94233 14 1.00000
197.1 32.02409 14 1.00000
197.2 32.08795 14 1.00000
197.3 32.12158 14 1.00000
197.4 32.19704 14 1.00000
197.5 32.25695 14 1.00000
197.6 31.94676 14 1.00000
197.7 32.01313 14 1.00000
197.8 32.07520 14 1.00000
197.9 32.12378 14 1.00000
198.0 32.18605 14 1.00000
198.1 32.24741 14 1.00000
198.2 31.93933 14 1.00000
198.3 32.00330 14 1.00000
198.4 32.06430 14 1.00000
198.5 32.12466 14 1.00000
198.6 32.17473 14 1.00000
198.7 32.23721 14 1.00000
198.8 31.92713 14 1.00000
198.9 31.99128 14 1.00000
199.0 32.04678 14 1.00000
199.1 32.11702 14 1.00000
199.2 32.16233 14 1.00000
199.3 32.22814 14 1.00000
199.4 32.28298 14 1.00000
199.5 31.98145 14 1.00000
199.6 32.03066 14 1.00000
199.7 32.10783 14 1.00000
199.8 32.14876 14 1.00000
199.9 32.21930 14 1.00000
200.0 32.27513 14 1.00000
200.1 31.96532 14 1.00000
200.2 32.01568 14 1.00000
200.3 32.09941 14 1.00000
200.4 32.13925 14 1.00000
200.5 32.21094 14 1.00000
200.6 32.26541 14 1.00000
200.7 31.94505 14 1.00000
200.8 32.02125 14 1.00000
200.9 32.09207 14 1.00000
201.0 32.12278 14 1.00000
201.1 32.20275 14 1.00000
201.2 32.26104 14 1.00000
201.3 31.93421 14 1.00000
201.4 32.01957 14 1.00000
201.5 32.08387 14 1.00000
201.6 32.12162 14 1.00000
201.7 32.19431 14 1.00000
201.8 32.25507 14 1.00000
201.9 31.94773 14 1.00000
202.0 32.01217 14 1.00000
202.1 32.07699 14 1.00000
202.2 32.12341 14 1.00000
202.3 32.18738 14 1.00000
202.4 32.24888 14 1.00000
202.5 31.94128 14 1.00000
202.6 32.00668 14 1.00000
202.7 32.07019 14 1.00000
202.8 32.12785 14 1.00000
202.9 32.18088 14 1.00000
203.0 32.24323 14 1.00000
203.1 31.93516 14 1.00000
203.2 32.00069 14 1.00000
203.3 32.06179 14 1.00000
203.4 32.12350 14 1.00000
203.5 32.17396 14 1.00000
203.6 32.23767 14 1.00000
203.7 31.92880 14 1.00000
203.8 31.99506 14 1.00000
203.9 32.05170 14 1.00000
204.0 32.11942 14 1.00000
204.1 32.16766 14 1.00000
204.2 32.23285 14 1.00000
204.3 32.28775 14 1.00000
204.4 31.98993 14 1.00000
204.5 32.04305 14 1.00000
204.6 32.11559 14 1.00000
204.7 32.16120 14 1.00000
204.8 32.22873 14 1.00000
204.9 32.28442 14 1.00000
205.0 31.98456 14 1.00000
205.1 32.03593 14 1.00000
205.2 32.11167 14 1.00000
205.3 32.15591 14 1.00000
205.4 32.22497 14 1.00000
205.5 32.28116 14 1.00000
205.6 31.97849 14 1.00000
205.7 32.02811 14 1.00000
205.8 32.10815 14 1.00000
205.9 32.15040 14 1.00000
206.0 32.22160 14 1.00000
206.1 32.27756 14 1.00000
206.2 31.97383 14 1.00000
206.3 32.02206 14 1.00000
206.4 32.10559 14 1.00000
206.5 32.14608 14 1.00000
206.6 32.21896 14 1.00000
206.7 32.27554 14 1.00000
206.8 31.96776 14 1.00000
206.9 32.02217 14 1.00000
207.0 32.10283 14 1.00000
207.1 32.14271 14 1.00000
207.2 32.21665 14 1.00000
207.3 32.27320 14 1.00000
207.4 31.96479 14 1.00000
207.5 32.01782 14 1.00000
207.6 32.10138 14 1.00000
207.7 32.13896 14 1.00000
207.8 32.21548 14 1.00000
207.9 32.27152 14 1.00000
208.0 31.96166 14 1.00000
208.1 32.01389 14 1.00000
208.2 32.10001 14 1.00000
208.3 32.13665 14 1.00000
208.4 32.21435 14 1.00000
208.5 32.27058 14 1.00000
208.6 31.95926 14 1.00000
208.7 32.01205 14 1.00000
208.8 32.09933 14 1.00000
208.9 32.13977 14 1.00000
209.0 32.21360 14 1.00000
209.1 32.27028 14 1.00000
209.2 31.95856 14 1.00000
209.3 32.01125 14 1.00000
209.4 32.09935 14 1.00000
209.5 32.13984 14 1.00000
209.6 32.21367 14 1.00000
209.7 32.27035 14 1.00000
209.8 31.95876 14 1.00000
209.9 32.01154 14 1.00000
210.0 32.09977 14 1.00000
210.1 32.13683 14 1.00000
210.2 32.21452 14 1.00000
210.3 32.27077 14 1.00000
210.4 31.95983 14 1.00000
210.5 32.01364 14 1.00000
210.6 32.10058 14 1.00000
210.7 32.13878 14 1.00000
210.8 32.21576 14 1.00000
210.9 32.27184 14 1.00000
211.0 31.96318 14 1.00000
211.1 32.01859 14 1.00000
211.2 32.10209 14 1.00000
211.3 32.14155 14 1.00000
211.4 32.21704 14 1.00000
211.5 32.27425 14 1.00000
211.6 31.96716 14 1.00000
211.7 32.02234 14 1.00000
211.8 32.10459 14 1.00000
211.9 32.14464 14 1.00000
212.0 32.21912 14 1.00000
212.1 32.27664 14 1.00000
212.2 31.97154 14 1.00000
212.3 32.02324 14 1.00000
212.4 32.10690 14 1.00000
212.5 32.14885 14 1.00000
212.6 32.22184 14 1.00000
212.7 32.27909 14 1.00000
212.8 31.97768 14 1.00000
212.9 32.02940 14 1.00000
213.0 32.10917 14 1.00000
213.1 32.15364 14 1.00000
213.2 32.22489 14 1.00000
213.3 32.28243 14 1.00000
213.4 31.98293 14 1.00000
213.5 32.03725 14 1.00000
213.6 32.11277 14 1.00000
213.7 32.16006 14 1.00000
213.8 32.22909 14 1.00000
213.9 32.28575 14 1.00000
214.0 31.98810 14 1.00000
214.1 32.04379 14 1.00000
214.2 32.11703 14 1.00000
214.3 32.16567 14 1.00000
214.4 32.23326 14 1.00000
214.5 31.92488 14 1.00000
214.6 31.99254 14 1.00000
214.7 32.05181 14 1.00000
214.8 32.12090 14 1.00000
214.9 32.17220 14 1.00000
215.0 32.23805 14 1.00000
215.1 31.93076 14 1.00000
215.2 31.99899 14 1.00000
215.3 32.06133 14 1.00000
215.4 32.12576 14 1.00000
215.5 32.17909 14 1.00000
215.6 32.24397 14 1.00000
215.7 31.93728 14 1.00000
215.8 32.00510 14 1.00000
215.9 32.06973 14 1.00000
216.0 32.12537 14 1.00000
216.1 32.18549 14 1.00000
216.2 32.24931 14 1.00000
216.3 31.94353 14 1.00000
216.4 32.01068 14 1.00000
216.5 32.07522 14 1.00000
216.6 32.12226 14 1.00000
216.7 32.19220 14 1.00000
216.8 32.25512 14 1.00000
216.9 31.94173 14 1.00000
217.0 32.01735 14 1.00000
217.1 32.08420 14 1.00000
217.2 32.12159 14 1.00000
217.3 32.19947 14 1.00000
217.4 32.26139 14 1.00000
217.5 31.93542 14 1.00000
217.6 32.02488 14 1.00000
217.7 32.09234 14 1.00000
217.8 32.12718 14 1.00000
217.9 32.20760 14 1.00000
218.0 32.26495 14 1.00000
218.1 31.95359 14 1.00000
218.2 32.01011 14 1.00000
218.3 32.10025 14 1.00000
218.4 32.13844 14 1.00000
218.5 32.21734 14 1.00000
218.6 32.27547 14 1.00000
218.7 31.97111 14 1.00000
218.8 32.02472 14 1.00000
218.9 32.10823 14 1.00000
219.0 32.15326 14 1.00000
219.1 32.22534 14 1.00000
219.2 32.28381 14 1.00000
219.3 31.98652 14 1.00000
219.4 32.04292 14 1.00000
219.5 32.11673 14 1.00000
219.6 32.16616 14 1.00000
219.7 32.23459 14 1.00000
219.8 31.92810 14 1.00000
219.9 31.99728 14 1.00000
220.0 32.05750 14 1.00000
220.1 32.12473 14 1.00000
220.2 32.17921 14 1.00000
220.3 32.24472 14 1.00000
220.4 31.94007 14 1.00000
220.5 32.00727 14 1.00000
220.6 32.07320 14 1.00000
220.7 32.12344 14 1.00000
220.8 32.19004 14 1.00000
220.9 32.25356 14 1.00000
221.0 31.94748 14 1.00000
221.1 32.01607 14 1.00000
221.2 32.08338 14 1.00000
221.3 32.12162 14 1.00000
221.4 32.20131 14 1.00000
221.5 32.26296 14 1.00000
221.6 31.94094 14 1.00000
221.7 32.01905 14 1.00000
221.8 32.09675 14 1.00000
221.9 32.13701 14 1.00000
222.0 32.21391 14 1.00000
222.1 32.27254 14 1.00000
222.2 31.96601 14 1.00000
222.3 32.02148 14 1.00000
222.4 32.10737 14 1.00000
222.5 32.15254 14 1.00000
222.6 32.22535 14 1.00000
222.7 32.28391 14 1.00000
222.8 31.98749 14 1.00000
222.9 32.04535 14 1.00000
223.0 32.11883 14 1.00000
223.1 32.17030 14 1.00000
223.2 32.23710 14 1.00000
223.3 31.93133 14 1.00000
223.4 32.00111 14 1.00000
223.5 32.06670 14 1.00000
223.6 32.12688 14 1.00000
223.7 32.18527 14 1.00000
223.8 32.24989 14 1.00000
223.9 31.94573 14 1.00000
224.0 32.01392 14 1.00000
224.1 32.08075 14 1.00000
224.2 32.12157 14 1.00000
224.3 32.19899 14 1.00000
224.4 32.26167 14 1.00000
224.5 31.93934 14 1.00000
224.6 32.01951 14 1.00000
224.7 32.09665 14 1.00000
224.8 32.13646 14 1.00000
224.9 32.21400 14 1.00000
225.0 32.27370 14 1.00000
225.1 31.97022 14 1.00000
225.2 32.02585 14 1.00000
225.3 32.10939 14 1.00000
225.4 32.15569 14 1.00000
225.5 32.22814 14 1.00000
225.6 32.28680 14 1.00000
225.7 31.99057 14 1.00000
225.8 32.05200 14 1.00000
225.9 32.12241 14 1.00000
226.0 32.17621 14 1.00000
226.1 32.24390 14 1.00000
226.2 31.93950 14 1.00000
226.3 32.00835 14 1.00000
226.4 32.07538 14 1.00000
226.5 32.12256 14 1.00000
226.6 32.19305 14 1.00000
226.7 32.25768 14 1.00000
226.8 31.93376 14 1.00000
226.9 32.02254 14 1.00000
227.0 32.09167 14 1.00000
227.1 32.12836 14 1.00000
227.2 32.21119 14 1.00000
227.3 32.26944 14 1.00000
227.4 31.96481 14 1.00000
227.5 32.01963 14 1.00000
227.6 32.10715 14 1.00000
227.7 32.15347 14 1.00000
227.8 32.22729 14 1.00000
227.9 32.28612 14 1.00000
228.0 31.99124 14 1.00000
228.1 32.05018 14 1.00000
228.2 32.12214 14 1.00000
228.3 32.17721 14 1.00000
228.4 32.24445 14 1.00000
228.5 31.94079 14 1.00000
228.6 32.00911 14 1.00000
228.7 32.07632 14 1.00000
228.8 32.12202 14 1.00000
228.9 32.19597 14 1.00000
229.0 32.25991 14 1.00000
229.1 31.93475 14 1.00000
229.2 32.02301 14 1.00000
229.3 32.09557 14 1.00000
229.4 32.13615 14 1.00000
229.5 32.21508 14 1.00000
229.6 32.27514 14 1.00000
229.7 31.97268 14 1.00000
229.8 32.02929 14 1.00000
229.9 32.11187 14 1.00000
230.0 32.16257 14 1.00000
230.1 32.23303 14 1.00000
230.2 31.92743 14 1.00000
230.3 31.99858 14 1.00000
230.4 32.06248 14 1.00000
230.5 32.12744 14 1.00000
230.6 32.18603 14 1.00000
230.7 32.25142 14 1.00000
230.8 31.94745 14 1.00000
230.9 32.01614 14 1.00000
231.0 32.08566 14 1.00000
231.1 32.12187 14 1.00000
231.2 32.20640 14 1.00000
231.3 32.26527 14 1.00000
231.4 31.95673 14 1.00000
231.5 32.01831 14 1.00000
231.6 32.10532 14 1.00000
231.7 32.15201 14 1.00000
231.8 32.22649 14 1.00000
231.9 32.28566 14 1.00000
232.0 31.99109 14 1.00000
232.1 32.05164 14 1.00000
232.2 32.12370 14 1.00000
232.3 32.17992 14 1.00000
232.4 32.24637 14 1.00000
232.5 31.94300 14 1.00000
232.6 32.01187 14 1.00000
232.7 32.07964 14 1.00000
232.8 32.12158 14 1.00000
232.9 32.20117 14 1.00000
233.0 32.26424 14 1.00000
233.1 31.94334 14 1.00000
233.2 32.01028 14 1.00000
233.3 32.10281 14 1.00000
233.4 32.14760 14 1.00000
233.5 32.22380 14 1.00000
233.6 32.28350 14 1.00000
233.7 31.98873 14 1.00000
233.8 32.04950 14 1.00000
233.9 32.12257 14 1.00000
234.0 32.17806 14 1.00000
234.1 32.24531 14 1.00000
234.2 31.94188 14 1.00000
234.3 32.01151 14 1.00000
234.4 32.07880 14 1.00000
234.5 32.12157 14 1.00000
234.6 32.20099 14 1.00000
234.7 32.26415 14 1.00000
234.8 31.94381 14 1.00000
234.9 32.00973 14 1.00000
235.0 32.10381 14 1.00000
235.1 32.14874 14 1.00000
235.2 32.22463 14 1.00000
235.3 32.28463 14 1.00000
235.4 31.99069 14 1.00000
235.5 32.05215 14 1.00000
235.6 32.12411 14 1.00000
235.7 32.18091 14 1.00000
235.8 32.24728 14 1.00000
235.9 31.94381 14 1.00000
236.0 32.01464 14 1.00000
236.1 32.08381 14 1.00000
236.2 32.12177 14 1.00000
236.3 32.20514 14 1.00000
236.4 32.26495 14 1.00000
236.5 31.95867 14 1.00000
236.6 32.01937 14 1.00000
236.7 32.10822 14 1.00000
236.8 32.15643 14 1.00000
236.9 32.22932 14 1.00000
237.0 32.28824 14 1.00000
237.1 31.99644 14 1.00000
237.2 32.06323 14 1.00000
237.3 32.12661 14 1.00000
237.4 32.18730 14 1.00000
237.5 32.25268 14 1.00000
237.6 31.94248 14 1.00000
237.7 32.02127 14 1.00000
237.8 32.09245 14 1.00000
237.9 32.13268 14 1.00000
238.0 32.21395 14 1.00000
238.1 32.27380 14 1.00000
238.2 31.97717 14 1.00000
238.3 32.03649 14 1.00000
238.4 32.11662 14 1.00000
238.5 32.16829 14 1.00000
238.6 32.23788 14 1.00000
238.7 31.93467 14 1.00000
238.8 32.00729 14 1.00000
238.9 32.07676 14 1.00000
239.0 32.12183 14 1.00000
239.1 32.19753 14 1.00000
239.2 32.26180 14 1.00000
239.3 31.94102 14 1.00000
239.4 32.01064 14 1.00000
239.5 32.10302 14 1.00000
239.6 32.14829 14 1.00000
239.7 32.22451 14 1.00000
239.8 32.28434 14 1.00000
239.9 31.99183 14 1.00000
240.0 32.05706 14 1.00000
240.1 32.12653 14 1.00000
240.2 32.18448 14 1.00000
240.3 32.25053 14 1.00000
240.4 31.94834 14 1.00000
240.5 32.01997 14 1.00000
240.6 32.09083 14 1.00000
240.7 32.12926 14 1.00000
240.8 32.21270 14 1.00000
240.9 32.27289 14 1.00000
241.0 31.97767 14 1.00000
241.1 32.03804 14 1.00000
241.2 32.11711 14 1.00000
241.3 32.16912 14 1.00000
241.4 32.23861 14 1.00000
241.5 31.93750 14 1.00000
241.6 32.00991 14 1.00000
241.7 32.07745 14 1.00000
241.8 32.12157 14 1.00000
241.9 32.20044 14 1.00000
242.0 32.26395 14 1.00000
242.1 31.95264 14 1.00000
242.2 32.02092 14 1.00000
242.3 32.10769 14 1.00000
242.4 32.15542 14 1.00000
242.5 32.22922 14 1.00000
242.6 32.28835 14 1.00000
242.7 32.00045 14 1.00000
242.8 32.06808 14 1.00000
242.9 32.12412 14 1.00000
243.0 32.19114 14 1.00000
243.1 32.25631 14 1.00000
243.2 31.93645 14 1.00000
243.3 32.01467 14 1.00000
243.4 32.09951 14 1.00000
243.5 32.14116 14 1.00000
243.6 32.22115 14 1.00000
243.7 32.28099 14 1.00000
243.8 31.99155 14 1.00000
243.9 32.05459 14 1.00000
244.0 32.12535 14 1.00000
244.1 32.18343 14 1.00000
244.2 32.24987 14 1.00000
244.3 31.94605 14 1.00000
244.4 32.02124 14 1.00000
244.5 32.09269 14 1.00000
244.6 32.13282 14 1.00000
244.7 32.21476 14 1.00000
244.8 32.27506 14 1.00000
244.9 31.98317 14 1.00000
245.0 32.04606 14 1.00000
245.1 32.12079 14 1.00000
245.2 32.17577 14 1.00000
245.3 32.24416 14 1.00000
245.4 31.94101 14 1.00000
245.5 32.01602 14 1.00000
245.6 32.08566 14 1.00000
245.7 32.12394 14 1.00000
245.8 32.20835 14 1.00000
245.9 32.26751 14 1.00000
246.0 31.96491 14 1.00000
246.1 32.03587 14 1.00000
246.2 32.11660 14 1.00000
246.3 32.16918 14 1.00000
246.4 32.23885 14 1.00000
246.5 31.93529 14 1.00000
246.6 32.01223 14 1.00000
246.7 32.08077 14 1.00000
246.8 32.12167 14 1.00000
246.9 32.20443 14 1.00000
247.0 32.26424 14 1.00000
247.1 31.95539 14 1.00000
247.2 32.02999 14 1.00000
247.3 32.11303 14 1.00000
247.4 32.16514 14 1.00000
247.5 32.23597 14 1.00000
247.6 31.93236 14 1.00000
247.7 32.00320 14 1.00000
247.8 32.07796 14 1.00000
247.9 32.12156 14 1.00000
248.0 32.20144 14 1.00000
248.1 32.26503 14 1.00000
248.2 31.94741 14 1.00000
248.3 32.02691 14 1.00000
248.4 32.11152 14 1.00000
248.5 32.16286 14 1.00000
248.6 32.23436 14 1.00000
248.7 31.93085 14 1.00000
248.8 32.00190 14 1.00000
248.9 32.07693 14 1.00000
249.0 32.12157 14 1.00000
249.1 32.20063 14 1.00000
249.2 32.26440 14 1.00000
249.3 31.94566 14 1.00000
249.4 32.01003 14 1.00000
249.5 32.11127 14 1.00000
249.6 32.16257 14 1.00000
249.7 32.23420 14 1.00000
249.8 31.92983 14 1.00000
249.9 32.00181 14 1.00000
250.0 32.07724 14 1.00000
