15.0 1.58782 13 0.15755
15.1 1.60012 13 0.16500
15.2 1.61245 13 0.17068
15.3 1.62480 13 0.17241
15.4 1.63686 13 0.17632
15.5 1.64926 13 0.17715
15.6 1.66170 13 0.18056
15.7 1.67380 13 0.18283
15.8 1.68593 13 0.18501
15.9 1.78082 13 0.19333
16.0 1.79062 13 0.19582
16.1 1.80109 13 0.19598
16.2 1.81138 13 0.19823
16.3 1.82178 13 0.20066
16.4 1.83300 13 0.20162
16.5 1.84384 13 0.20403
16.6 1.85544 13 0.20551
16.7 1.86844 13 0.20555
16.8 1.87953 13 0.20810
16.9 1.89195 13 0.20989
17.0 1.90368 13 0.21268
17.1 1.91574 13 0.21477
17.2 1.92769 13 0.21767
17.3 1.94173 13 0.21860
17.4 1.95475 13 0.22109
17.5 1.96826 13 0.22294
17.6 1.98056 13 0.22620
17.7 1.99781 13 0.22632
17.8 2.00896 13 0.22996
17.9 2.02597 13 0.23078
18.0 2.03925 13 0.23402
18.1 2.05321 13 0.23659
18.2 2.07030 13 0.23802
18.3 2.08349 13 0.24110
18.4 2.10050 13 0.24289
18.5 2.11355 13 0.24615
18.6 2.12999 13 0.24837
18.7 2.14788 13 0.25028
18.8 2.16644 13 0.25216
18.9 2.18127 13 0.25518
19.0 2.19946 13 0.25740
19.1 2.21696 13 0.25990
19.2 2.23348 13 0.26272
19.3 2.24995 13 0.26561
19.4 2.27142 13 0.26708
19.5 2.28776 13 0.27014
19.6 2.30706 13 0.27269
19.7 2.32425 13 0.27570
19.8 2.34187 13 0.27824
19.9 2.36798 13 0.27987
20.0 2.38821 13 0.28259
20.1 2.40226 13 0.28586
20.2 2.42548 13 0.28825
20.3 2.44723 13 0.29094
20.4 2.46383 13 0.29393
20.5 2.48330 13 0.29702
20.6 2.50677 14 0.29987
20.7 2.53872 14 0.30206
20.8 2.56797 14 0.30504
20.9 2.58999 14 0.30819
21.0 2.62044 14 0.31117
21.1 2.65464 14 0.31345
21.2 2.68436 14 0.31661
21.3 2.72078 14 0.32164
21.4 2.73946 14 0.32362
21.5 2.75997 14 0.32702
21.6 2.70397 14 0.33242
21.7 2.70848 14 0.33288
21.8 2.71125 14 0.33316
21.9 2.71822 14 0.33387
22.0 2.72239 14 0.33429
22.1 2.72716 14 0.33478
22.2 2.72790 14 0.33485
22.3 2.73095 14 0.33516
22.4 2.73771 14 0.33585
22.5 2.74310 14 0.33639
22.6 2.74669 14 0.33675
22.7 2.75353 14 0.33744
22.8 2.75908 14 0.33800
22.9 2.76333 14 0.33843
23.0 2.76782 14 0.33888
23.1 2.77395 14 0.33950
23.2 2.78068 14 0.34017
23.3 2.78610 14 0.34071
23.4 2.79123 14 0.34122
23.5 2.79663 14 0.34176
23.6 2.80120 14 0.34222
23.7 2.80434 14 0.34253
23.8 2.81344 14 0.34343
23.9 2.81912 14 0.34399
24.0 2.82206 14 0.34429
24.1 2.82977 14 0.34505
24.2 2.83472 14 0.34554
24.3 2.83840 14 0.34590
24.4 2.84597 14 0.34664
24.5 2.85384 14 0.34742
24.6 2.85957 14 0.34798
24.7 2.86568 14 0.34858
24.8 2.87098 14 0.34910
24.9 2.87470 14 0.34946
25.0 2.88521 14 0.35048
25.1 2.89026 14 0.35098
25.2 2.89567 14 0.35150
25.3 2.90043 14 0.35196
25.4 2.90917 14 0.35281
25.5 2.91258 14 0.35314
25.6 2.91810 14 0.35367
25.7 2.92524 14 0.35436
25.8 2.92975 14 0.35480
25.9 2.94014 14 0.35580
26.0 2.94332 14 0.35610
26.1 2.95311 14 0.35704
26.2 2.95487 14 0.35721
26.3 2.96616 14 0.35829
26.4 2.96889 14 0.35855
26.5 2.97992 14 0.35960
26.6 2.98459 14 0.36005
26.7 2.99452 14 0.36099
26.8 2.99711 14 0.36124
26.9 3.01152 14 0.36260
27.0 3.01515 14 0.36294
27.1 3.02364 14 0.36374
27.2 3.03223 14 0.36455
27.3 3.03593 14 0.36490
27.4 3.04956 14 0.36618
27.5 3.05302 14 0.36650
27.6 3.06054 14 0.36720
27.7 3.06695 14 0.36780
27.8 3.07794 14 0.36883
27.9 3.08461 14 0.36944
28.0 3.08799 14 0.36976
28.1 3.09426 14 0.37034
28.2 3.09728 14 0.37062
28.3 3.10487 14 0.37132
28.4 3.11068 14 0.37186
28.5 3.12733 14 0.37339
28.6 3.13421 14 0.37402
28.7 3.13826 14 0.37439
28.8 3.14223 14 0.37476
28.9 3.14862 14 0.37534
29.0 3.15808 14 0.37621
29.1 3.16556 14 0.37689
29.2 3.16794 14 0.37711
29.3 3.18014 14 0.37822
29.4 3.18424 14 0.37859
29.5 3.19218 14 0.37931
29.6 3.19584 14 0.37964
29.7 3.20326 14 0.38031
29.8 3.20726 14 0.38067
29.9 3.21650 14 0.38150
30.0 3.22101 14 0.38191
30.1 3.23072 14 0.38278
30.2 3.24450 14 0.38402
30.3 3.24736 14 0.38427
30.4 3.25540 14 0.38499
30.5 3.26494 14 0.38584
30.6 3.27539 14 0.38677
30.7 3.27863 14 0.38706
30.8 3.28960 14 0.38803
30.9 3.29549 14 0.38856
31.0 3.30854 14 0.38971
31.1 3.31611 14 0.39038
31.2 3.32361 14 0.39104
31.3 3.33012 14 0.39161
31.4 3.33452 14 0.39200
31.5 3.34623 14 0.39302
31.6 3.35515 14 0.39381
31.7 3.35828 14 0.39408
31.8 3.36976 14 0.39508
31.9 3.37710 14 0.39572
32.0 3.38238 14 0.39618
32.1 3.38767 14 0.39664
32.2 3.39127 14 0.39695
32.3 3.40132 14 0.39782
32.4 3.40814 14 0.39841
32.5 3.41294 14 0.39883
32.6 3.41954 14 0.39940
32.7 3.42632 14 0.39998
32.8 3.43953 14 0.40112
32.9 3.44068 14 0.40121
33.0 3.45125 14 0.40212
33.1 3.45567 14 0.40250
33.2 3.46360 14 0.40318
33.3 3.46489 14 0.40329
33.4 3.47470 14 0.40412
33.5 3.48601 14 0.40509
33.6 3.48944 14 0.40538
33.7 3.56924 14 0.40738
33.8 3.58016 14 0.40831
33.9 3.58186 14 0.40845
34.0 3.59264 14 0.40936
34.1 3.60540 14 0.41044
34.2 3.60971 14 0.41080
34.3 3.62268 14 0.41189
34.4 3.62120 14 0.41177
34.5 3.62273 14 0.41190
34.6 3.63108 14 0.41260
34.7 3.63851 14 0.41322
34.8 3.65050 14 0.41422
34.9 3.65927 14 0.41495
35.0 3.66231 14 0.41521
35.1 3.67283 14 0.41608
35.2 3.68050 14 0.41672
35.3 3.68568 14 0.41715
35.4 3.69427 14 0.41786
35.5 3.69606 14 0.41801
35.6 3.71184 14 0.41931
35.7 3.71341 14 0.41944
35.8 3.71727 14 0.41976
35.9 3.71945 14 0.41994
36.0 3.73525 14 0.42124
36.1 3.73307 14 0.42106
36.2 3.74327 14 0.42189
36.3 3.75196 14 0.42261
36.4 3.76189 14 0.42342
36.5 3.76108 14 0.42335
36.6 3.77503 14 0.42449
36.7 3.77783 14 0.42472
36.8 3.78244 14 0.42509
36.9 3.78776 14 0.42552
37.0 3.79797 14 0.42635
37.1 3.80403 14 0.42684
37.2 3.80939 14 0.42728
37.3 3.81653 14 0.42786
37.4 3.83034 14 0.42897
37.5 3.83446 14 0.42930
37.6 3.83933 14 0.42970
37.7 3.84630 14 0.43026
37.8 3.85901 14 0.43128
37.9 3.85678 14 0.43110
38.0 3.86970 14 0.43213
38.1 3.87170 14 0.43229
38.2 3.88407 14 0.43328
38.3 3.88804 14 0.43360
38.4 3.89413 14 0.43409
38.5 3.90078 14 0.43462
38.6 3.90325 14 0.43481
38.7 3.91139 14 0.43546
38.8 3.91696 14 0.43590
38.9 3.92294 14 0.43638
39.0 3.93312 14 0.43718
39.1 3.94366 14 0.43802
39.2 3.94747 14 0.43832
39.3 3.95146 14 0.43863
39.4 3.95589 14 0.43898
39.5 3.96460 14 0.43967
39.6 3.96900 14 0.44001
39.7 3.97358 14 0.44037
39.8 3.98138 14 0.44105
39.9 3.98359 14 0.44126
40.0 3.99129 14 0.44197
40.1 3.99363 14 0.44219
40.2 4.00119 14 0.44289
40.3 4.00319 14 0.44308
40.4 4.00640 14 0.44337
40.5 4.01031 14 0.44374
40.6 4.01228 14 0.44392
40.7 4.01684 14 0.44434
40.8 4.02528 14 0.44512
40.9 4.03301 14 0.44584
41.0 4.03673 14 0.44618
41.1 4.04542 14 0.44698
41.2 4.04851 14 0.44727
41.3 4.05603 14 0.44796
41.4 4.06289 14 0.44859
41.5 4.06424 14 0.44871
41.6 4.06994 14 0.44924
41.7 4.07180 14 0.44941
41.8 4.07968 14 0.45013
41.9 4.08548 14 0.45066
42.0 4.09001 14 0.45108
42.1 4.10104 14 0.45209
42.2 4.10365 14 0.45233
42.3 4.11009 14 0.45292
42.4 4.11482 14 0.45335
42.5 4.11356 14 0.45323
42.6 4.11861 14 0.45369
42.7 4.13015 14 0.45475
42.8 4.13211 14 0.45492
42.9 4.13138 14 0.45486
43.0 4.13939 14 0.45559
43.1 4.14052 14 0.45569
43.2 4.14578 14 0.45617
43.3 4.15544 14 0.45704
43.4 4.15390 14 0.45690
43.5 4.16000 14 0.45746
43.6 4.16878 14 0.45825
43.7 4.17015 14 0.45838
43.8 4.17603 14 0.45891
43.9 4.17484 14 0.45880
44.0 4.18183 14 0.45944
44.1 4.18802 14 0.45999
44.2 4.19039 14 0.46021
44.3 4.19315 14 0.46046
44.4 4.19678 14 0.46079
44.5 4.20026 14 0.46110
44.6 4.20523 14 0.46155
44.7 4.21065 14 0.46204
44.8 4.21839 14 0.46273
44.9 4.22146 14 0.46301
45.0 4.23042 14 0.46381
45.1 4.23890 14 0.46457
45.2 4.23970 14 0.46465
45.3 4.24637 14 0.46524
45.4 4.25283 14 0.46582
45.5 4.25935 14 0.46641
45.6 4.26079 14 0.46653
45.7 4.26331 14 0.46676
45.8 4.26893 14 0.46726
45.9 4.27094 14 0.46744
46.0 4.27544 14 0.46784
46.1 4.27912 14 0.46817
46.2 4.28907 14 0.46906
46.3 4.29346 14 0.46945
46.4 4.30087 14 0.47011
46.5 4.30551 14 0.47052
46.6 4.30901 14 0.47083
46.7 4.31464 14 0.47133
46.8 4.31593 14 0.47145
46.9 4.32003 14 0.47181
47.0 4.32235 14 0.47202
47.1 4.32566 14 0.47231
47.2 4.33038 14 0.47273
47.3 4.33299 14 0.47296
47.4 4.33926 14 0.47352
47.5 4.34139 14 0.47370
47.6 4.35068 14 0.47453
47.7 4.35099 14 0.47455
47.8 4.35156 14 0.47460
47.9 4.35212 14 0.47465
48.0 4.36104 14 0.47544
48.1 4.36219 14 0.47554
48.2 4.37120 14 0.47634
48.3 4.36734 14 0.47600
48.4 4.37522 14 0.47669
48.5 4.37808 14 0.47694
48.6 4.38123 14 0.47722
48.7 4.38418 14 0.47748
48.8 4.38502 14 0.47756
48.9 4.39660 14 0.47857
49.0 4.40066 14 0.47893
49.1 4.40530 14 0.47934
49.2 4.41119 14 0.47986
49.3 4.41863 14 0.48051
49.4 4.41876 14 0.48052
49.5 4.42379 14 0.48096
49.6 4.42298 14 0.48089
49.7 4.43163 14 0.48165
49.8 4.43688 14 0.48211
49.9 4.43863 14 0.48226
50.0 4.44784 14 0.48306
50.1 4.44971 14 0.48323
50.2 4.45527 14 0.48371
50.3 4.45912 14 0.48405
50.4 4.46229 14 0.48432
50.5 4.46903 14 0.48491
50.6 4.46986 14 0.48498
50.7 4.47990 14 0.48586
50.8 4.48500 14 0.48630
50.9 4.48921 14 0.48666
51.0 4.49305 14 0.48700
51.1 4.49285 14 0.48698
51.2 4.49423 14 0.48710
51.3 4.49773 14 0.48740
51.4 4.50042 14 0.48764
51.5 4.49917 14 0.48753
51.6 4.51004 14 0.48847
51.7 4.51456 14 0.48886
51.8 4.51635 14 0.48902
51.9 4.51759 14 0.48913
52.0 4.52665 14 0.48991
52.1 4.52545 14 0.48981
52.2 4.52916 14 0.49013
52.3 4.53772 14 0.49087
52.4 4.53794 14 0.49088
52.5 4.53956 14 0.49102
52.6 4.54846 14 0.49179
52.7 4.54954 14 0.49188
52.8 4.55197 14 0.49209
52.9 4.55143 14 0.49205
53.0 4.55399 14 0.49227
53.1 4.55659 14 0.49249
53.2 4.55913 14 0.49271
53.3 4.55833 14 0.49264
53.4 4.56585 14 0.49329
53.5 4.57152 14 0.49378
53.6 4.57879 14 0.49440
53.7 4.58457 14 0.49490
53.8 4.59095 14 0.49544
53.9 4.59818 14 0.49606
54.0 4.59720 14 0.49598
54.1 4.60328 14 0.49650
54.2 4.60944 14 0.49703
54.3 4.61529 14 0.49753
54.4 4.61243 14 0.49728
54.5 4.61592 14 0.49758
54.6 4.61473 14 0.49748
54.7 4.62118 14 0.49803
54.8 4.62614 14 0.49846
54.9 4.63043 14 0.49882
55.0 4.64013 14 0.49965
55.1 4.63495 14 0.49921
55.2 4.64339 14 0.49993
55.3 4.64481 14 0.50005
55.4 4.65299 14 0.50074
55.5 4.65711 14 0.50109
55.6 4.66054 14 0.50139
55.7 4.66435 14 0.50171
55.8 4.66822 14 0.50204
55.9 4.66487 14 0.50175
56.0 4.67211 14 0.50237
56.1 4.67156 14 0.50232
56.2 4.68398 14 0.50338
56.3 4.68356 14 0.50334
56.4 4.68709 14 0.50364
56.5 4.68564 14 0.50352
56.6 4.68922 14 0.50382
56.7 4.69002 14 0.50389
56.8 4.69971 14 0.50471
56.9 4.69652 14 0.50444
57.0 4.70271 14 0.50496
57.1 4.70118 14 0.50483
57.2 4.70934 14 0.50552
57.3 4.71190 14 0.50574
57.4 4.71107 14 0.50567
57.5 4.72176 14 0.50657
57.6 4.72016 14 0.50644
57.7 4.72473 14 0.50682
57.8 4.72681 14 0.50700
57.9 4.72644 14 0.50697
58.0 4.72845 14 0.50714
58.1 4.73065 14 0.50732
58.2 4.73319 14 0.50753
58.3 4.73531 14 0.50771
58.4 4.73252 14 0.50748
58.5 4.74235 14 0.50831
58.6 4.74830 14 0.50881
58.7 4.73776 14 0.50792
58.8 4.73802 14 0.50794
58.9 4.74331 14 0.50839
59.0 4.74769 14 0.50876
59.1 4.74743 14 0.50873
59.2 4.75601 14 0.50945
59.3 4.76444 14 0.51016
59.4 4.77178 14 0.51078
59.5 4.77997 14 0.51147
59.6 4.79644 14 0.51284
59.7 4.81090 14 0.51405
59.8 4.81900 14 0.51473
59.9 4.81617 14 0.51449
60.0 4.82635 14 0.51534
60.1 4.83754 14 0.51627
60.2 4.84617 14 0.51699
60.3 4.85557 14 0.51777
60.4 4.86045 14 0.51818
60.5 4.87212 14 0.51915
60.6 4.88048 14 0.51984
60.7 4.88599 14 0.52030
60.8 4.89529 14 0.52107
60.9 4.90273 14 0.52168
61.0 4.90292 14 0.52170
61.1 4.90623 14 0.52197
61.2 4.90449 14 0.52183
61.3 4.90986 14 0.52227
61.4 4.91041 14 0.52232
61.5 4.91885 14 0.52301
61.6 4.93851 14 0.52463
61.7 4.91936 14 0.52305
61.8 4.94363 14 0.52505
61.9 4.94928 14 0.52552
62.0 4.96440 14 0.52676
62.1 4.96957 14 0.52718
62.2 4.97739 14 0.52782
62.3 4.98579 14 0.52851
62.4 4.99086 14 0.52893
62.5 5.00505 14 0.53009
62.6 5.01338 14 0.53077
62.7 5.01226 14 0.53067
62.8 5.01378 14 0.53080
62.9 5.01893 14 0.53122
63.0 5.02502 14 0.53171
63.1 5.02515 14 0.53172
63.2 5.02869 14 0.53201
63.3 5.03921 14 0.53287
63.4 5.04871 14 0.53364
63.5 5.05624 14 0.53425
63.6 5.05088 14 0.53382
63.7 5.05801 14 0.53440
63.8 5.07053 14 0.53541
63.9 5.08197 14 0.53634
64.0 5.09306 14 0.53724
64.1 5.10310 14 0.53805
64.2 5.11287 14 0.53884
64.3 5.12034 14 0.53944
64.4 5.13389 14 0.54053
64.5 5.14378 14 0.54133
64.6 5.15279 14 0.54205
64.7 5.15727 14 0.54241
64.8 5.17034 14 0.54346
64.9 5.17815 14 0.54409
65.0 5.19245 14 0.54524
65.1 5.20109 14 0.54593
65.2 5.20932 14 0.54659
65.3 5.22151 14 0.54756
65.4 5.22788 14 0.54807
65.5 5.21997 14 0.54744
65.6 5.22873 14 0.54814
65.7 5.23297 14 0.54847
65.8 5.24195 14 0.54919
65.9 5.24896 14 0.54975
66.0 5.25539 14 0.55026
66.1 5.26168 14 0.55076
66.2 5.26815 14 0.55127
66.3 5.27733 14 0.55200
66.4 5.28268 14 0.55243
66.5 5.29611 14 0.55349
66.6 5.30639 14 0.55431
66.7 5.31442 14 0.55494
66.8 5.32940 14 0.55612
66.9 5.34637 14 0.55746
67.0 5.35902 14 0.55846
67.1 5.36970 14 0.55930
67.2 5.37786 14 0.55994
67.3 5.39200 14 0.56105
67.4 5.37799 14 0.55995
67.5 5.39198 14 0.56105
67.6 5.39680 14 0.56143
67.7 5.40658 14 0.56219
67.8 5.42029 14 0.56327
67.9 5.42903 14 0.56395
68.0 5.43172 14 0.56416
68.1 5.44478 14 0.56518
68.2 5.45457 14 0.56594
68.3 5.47295 14 0.56737
68.4 5.47391 14 0.56745
68.5 5.49069 14 0.56875
68.6 5.49522 14 0.56910
68.7 5.50097 14 0.56955
68.8 5.50451 14 0.56982
68.9 5.51166 14 0.57038
69.0 5.52146 14 0.57114
69.1 5.52810 14 0.57165
69.2 5.53433 14 0.57213
69.3 5.53805 14 0.57242
69.4 5.53329 14 0.57205
69.5 5.53379 14 0.57209
69.6 5.54501 14 0.57296
69.7 5.56041 14 0.57415
69.8 5.56924 14 0.57483
69.9 5.57627 14 0.57537
70.0 5.58549 14 0.57608
70.1 5.59629 14 0.57691
70.2 5.61523 14 0.57837
70.3 5.62179 14 0.57887
70.4 5.63559 14 0.57993
70.5 5.64959 14 0.58100
70.6 5.66043 14 0.58183
70.7 5.66662 14 0.58230
70.8 5.68104 14 0.58340
70.9 5.69095 14 0.58415
71.0 5.69971 14 0.58482
71.1 5.70447 14 0.58518
71.2 5.71640 14 0.58609
71.3 5.71997 14 0.58636
71.4 5.73165 14 0.58725
71.5 5.71998 14 0.58636
71.6 5.72976 14 0.58710
71.7 5.73162 14 0.58725
71.8 5.75552 14 0.58906
71.9 5.76102 14 0.58947
72.0 5.76360 14 0.58967
72.1 5.78022 14 0.59092
72.2 5.78047 14 0.59094
72.3 5.79150 14 0.59178
72.4 5.79834 14 0.59229
72.5 5.80469 14 0.59277
72.6 5.81109 14 0.59325
72.7 5.81731 14 0.59372
72.8 5.82366 14 0.59420
72.9 5.82983 14 0.59466
73.0 5.83947 14 0.59539
73.1 5.85291 14 0.59640
73.2 5.86330 14 0.59718
73.3 5.86826 14 0.59755
73.4 5.87642 14 0.59816
73.5 5.89051 14 0.59921
73.6 5.87225 14 0.59785
73.7 5.88406 14 0.59873
73.8 5.89543 14 0.59958
73.9 5.91178 14 0.60080
74.0 5.92311 14 0.60165
74.1 5.93368 14 0.60244
74.2 5.94313 14 0.60314
74.3 5.95033 14 0.60367
74.4 5.96644 14 0.60487
74.5 5.97099 14 0.60521
74.6 5.98220 14 0.60604
74.7 5.99072 14 0.60667
74.8 6.00277 14 0.60757
74.9 6.01000 14 0.60810
75.0 6.01794 14 0.60869
75.1 6.02274 14 0.60904
75.2 6.03269 14 0.60978
75.3 6.04179 14 0.61045
75.4 6.05681 14 0.61156
75.5 6.05820 14 0.61166
75.6 6.06331 14 0.61204
75.7 6.05746 14 0.61160
75.8 6.06403 14 0.61209
75.9 6.08006 14 0.61327
76.0 6.08384 14 0.61355
76.1 6.08919 14 0.61394
76.2 6.09496 14 0.61436
76.3 6.10157 14 0.61485
76.4 6.10792 14 0.61531
76.5 6.11410 14 0.61577
76.6 6.12079 14 0.61625
76.7 6.12698 14 0.61669
76.8 6.13045 14 0.61694
76.9 6.14820 14 0.61820
77.0 6.15543 14 0.61872
77.1 6.16907 14 0.61968
77.2 6.17863 14 0.62036
77.3 6.18596 14 0.62088
77.4 6.19671 14 0.62164
77.5 6.20562 14 0.62227
77.6 6.21308 14 0.62279
77.7 6.23158 14 0.62410
77.8 6.24281 14 0.62489
77.9 6.25336 14 0.62563
78.0 6.23271 14 0.62418
78.1 6.24535 14 0.62507
78.2 6.25665 14 0.62586
78.3 6.26644 14 0.62655
78.4 6.27260 14 0.62698
78.5 6.28865 14 0.62811
78.6 6.29904 14 0.62884
78.7 6.30814 14 0.62948
78.8 6.31673 14 0.63008
78.9 6.32283 14 0.63050
79.0 6.33225 14 0.63116
79.1 6.33710 14 0.63150
79.2 6.34669 14 0.63217
79.3 6.34951 14 0.63237
79.4 6.35960 14 0.63307
79.5 6.37839 14 0.63438
79.6 6.37897 14 0.63442
79.7 6.38900 14 0.63512
79.8 6.40690 14 0.63636
79.9 6.40623 14 0.63631
80.0 6.41600 14 0.63699
80.1 6.42237 14 0.63743
80.2 6.42897 14 0.63789
80.3 6.41628 14 0.63701
80.4 6.42266 14 0.63745
80.5 6.42927 14 0.63791
80.6 6.43544 14 0.63834
80.7 6.44157 14 0.63876
80.8 6.44261 14 0.63883
80.9 6.45210 14 0.63949
81.0 6.46155 14 0.64014
81.1 6.46890 14 0.64065
81.2 6.48569 14 0.64180
81.3 6.49171 14 0.64222
81.4 6.50583 14 0.64319
81.5 6.51569 14 0.64387
81.6 6.52477 14 0.64449
81.7 6.53372 14 0.64510
81.8 6.54241 14 0.64570
81.9 6.55026 14 0.64624
82.0 6.56589 14 0.64731
82.1 6.57716 14 0.64808
82.2 6.58773 14 0.64880
82.3 6.59738 14 0.64945
82.4 6.60509 14 0.64998
82.5 6.62253 14 0.65117
82.6 6.59345 14 0.64919
82.7 6.60962 14 0.65029
82.8 6.62063 14 0.65104
82.9 6.63069 14 0.65172
83.0 6.62819 14 0.65155
83.1 6.63714 14 0.65216
83.2 6.64593 14 0.65276
83.3 6.66160 14 0.65382
83.4 6.67512 14 0.65473
83.5 6.67844 14 0.65496
83.6 6.68933 14 0.65569
83.7 6.69083 14 0.65580
83.8 6.70062 14 0.65646
83.9 6.70974 14 0.65707
84.0 6.71879 14 0.65768
84.1 6.73610 14 0.65885
84.2 6.73331 14 0.65866
84.3 6.74045 14 0.65914
84.4 6.75479 14 0.66011
84.5 6.76583 14 0.66085
84.6 6.77089 14 0.66119
84.7 6.77732 14 0.66162
84.8 6.78408 14 0.66207
84.9 6.79015 14 0.66248
85.0 6.79028 14 0.66249
85.1 6.77470 14 0.66144
85.2 6.78447 14 0.66210
85.3 6.79357 14 0.66271
85.4 6.80062 14 0.66318
85.5 6.80675 14 0.66359
85.6 6.81422 14 0.66409
85.7 6.82330 14 0.66470
85.8 6.83636 14 0.66558
85.9 6.84729 14 0.66631
86.0 6.85374 14 0.66674
86.1 6.86583 14 0.66754
86.2 6.87716 14 0.66830
86.3 6.88642 14 0.66891
86.4 6.89532 14 0.66950
86.5 6.90397 14 0.67008
86.6 6.91183 14 0.67060
86.7 6.91719 14 0.67096
86.8 6.93490 14 0.67213
86.9 6.94452 14 0.67277
87.0 6.95378 14 0.67338
87.1 6.96826 14 0.67434
87.2 6.98186 14 0.67524
87.3 6.97838 14 0.67501
87.4 6.98754 14 0.67561
87.5 6.99482 14 0.67609
87.6 6.98654 14 0.67555
87.7 6.98232 14 0.67527
87.8 6.99123 14 0.67585
87.9 6.99662 14 0.67621
88.0 7.00454 14 0.67673
88.1 7.01585 14 0.67748
88.2 7.02604 14 0.67815
88.3 7.03455 14 0.67871
88.4 7.05655 14 0.68015
88.5 7.06064 14 0.68042
88.6 7.06993 14 0.68103
88.7 7.06958 14 0.68100
88.8 7.08121 14 0.68176
88.9 7.08915 14 0.68228
89.0 7.09805 14 0.68287
89.1 7.11560 14 0.68401
89.2 7.11114 14 0.68372
89.3 7.12000 14 0.68430
89.4 7.14107 14 0.68567
89.5 7.14273 14 0.68578
89.6 7.15054 14 0.68629
89.7 7.15311 14 0.68645
89.8 7.15848 14 0.68680
89.9 7.16860 14 0.68746
90.0 7.17562 14 0.68792
90.1 7.17836 14 0.68809
90.2 7.18449 14 0.68849
90.3 7.16820 14 0.68743
90.4 7.17660 14 0.68798
90.5 7.18275 14 0.68838
90.6 7.18266 14 0.68837
90.7 7.19464 14 0.68915
90.8 7.20825 14 0.69003
90.9 7.21772 14 0.69064
91.0 7.22793 14 0.69130
91.1 7.23929 14 0.69204
91.2 7.24984 14 0.69272
91.3 7.25400 14 0.69299
91.4 7.26660 14 0.69380
91.5 7.27709 14 0.69448
91.6 7.28612 14 0.69506
91.7 7.29447 14 0.69559
91.8 7.30175 14 0.69606
91.9 7.30609 14 0.69634
92.0 7.31761 14 0.69708
92.1 7.33241 14 0.69803
92.2 7.34106 14 0.69859
92.3 7.35808 14 0.69968
92.4 7.37109 14 0.70051
92.5 7.36576 14 0.70017
92.6 7.37489 14 0.70075
92.7 7.37843 14 0.70098
92.8 7.38799 14 0.70159
92.9 7.39904 14 0.70230
93.0 7.37429 14 0.70071
93.1 7.37861 14 0.70099
93.2 7.38686 14 0.70152
93.3 7.39809 14 0.70223
93.4 7.40672 14 0.70279
93.5 7.41320 14 0.70320
93.6 7.41910 14 0.70357
93.7 7.43414 14 0.70453
93.8 7.44243 14 0.70506
93.9 7.44986 14 0.70553
94.0 7.47203 14 0.70694
94.1 7.47890 14 0.70738
94.2 7.48068 14 0.70749
94.3 7.49097 14 0.70814
94.4 7.49552 14 0.70843
94.5 7.49907 14 0.70866
94.6 7.51170 14 0.70946
94.7 7.52607 14 0.71036
94.8 7.52673 14 0.71041
94.9 7.53551 14 0.71096
95.0 7.55599 14 0.71225
95.1 7.55961 14 0.71248
95.2 7.56423 14 0.71277
95.3 7.56995 14 0.71313
95.4 7.56971 14 0.71312
95.5 7.58199 14 0.71389
95.6 7.58871 14 0.71431
95.7 7.58835 14 0.71429
95.8 7.57253 14 0.71329
95.9 7.58042 14 0.71379
96.0 7.57892 14 0.71370
96.1 7.59125 14 0.71447
96.2 7.59880 14 0.71495
96.3 7.59853 14 0.71493
96.4 7.61566 14 0.71601
96.5 7.62573 14 0.71664
96.6 7.62940 14 0.71687
96.7 7.64758 14 0.71801
96.8 7.65045 14 0.71819
96.9 7.66594 14 0.71916
97.0 7.67680 14 0.71983
97.1 7.68312 14 0.72023
97.2 7.68852 14 0.72057
97.3 7.70050 14 0.72131
97.4 7.70979 14 0.72189
97.5 7.71740 14 0.72237
97.6 7.72270 14 0.72270
97.7 7.73190 14 0.72327
97.8 7.74453 14 0.72405
97.9 7.75177 14 0.72450
98.0 7.77038 14 0.72566
98.1 7.77784 14 0.72612
98.2 7.77624 14 0.72602
98.3 7.78719 14 0.72670
98.4 7.79631 14 0.72726
98.5 7.80006 14 0.72750
98.6 7.81414 14 0.72837
98.7 7.82449 14 0.72901
98.8 7.79055 14 0.72691
98.9 7.79615 14 0.72725
99.0 7.80550 14 0.72783
99.1 7.81776 14 0.72859
99.2 7.82744 14 0.72919
99.3 7.83622 14 0.72973
99.4 7.84439 14 0.73023
99.5 7.85211 14 0.73071
99.6 7.85863 14 0.73111
99.7 7.86208 14 0.73132
99.8 7.87442 14 0.73208
99.9 7.88231 14 0.73257
100.0 7.88943 14 0.73301
100.1 7.89424 14 0.73330
100.2 7.91324 14 0.73447
100.3 7.92630 14 0.73527
100.4 7.93180 14 0.73561
100.5 7.93468 14 0.73578
100.6 7.94375 14 0.73634
100.7 7.95237 14 0.73687
100.8 7.95972 14 0.73732
100.9 7.97065 14 0.73799
101.0 7.97441 14 0.73822
101.1 7.97779 14 0.73842
101.2 8.00231 14 0.73992
101.3 8.00481 14 0.74007
101.4 8.01004 14 0.74039
101.5 8.01522 14 0.74071
101.6 8.01818 14 0.74089
101.7 8.02776 14 0.74147
101.8 8.00463 14 0.74006
101.9 8.01016 14 0.74040
102.0 8.01541 14 0.74072
102.1 8.01809 14 0.74088
102.2 8.02777 14 0.74148
102.3 8.02673 14 0.74141
102.4 8.03930 14 0.74218
102.5 8.04539 14 0.74255
102.6 8.05204 14 0.74295
102.7 8.05875 14 0.74336
102.8 8.07382 14 0.74428
102.9 8.08349 14 0.74486
103.0 8.09406 14 0.74550
103.1 8.10264 14 0.74602
103.2 8.11396 14 0.74671
103.3 8.11663 14 0.74687
103.4 8.13269 14 0.74784
103.5 8.14262 14 0.74844
103.6 8.14716 14 0.74872
103.7 8.15371 14 0.74911
103.8 8.16494 14 0.74979
103.9 8.17335 14 0.75030
104.0 8.17948 14 0.75067
104.1 8.18508 14 0.75100
104.2 8.20047 14 0.75193
104.3 8.20783 14 0.75237
104.4 8.21280 14 0.75267
104.5 8.21363 14 0.75272
104.6 8.22161 14 0.75320
104.7 8.23591 14 0.75406
104.8 8.24603 14 0.75467
104.9 8.24751 14 0.75476
105.0 8.26365 14 0.75572
105.1 8.24086 14 0.75436
105.2 8.23206 14 0.75383
105.3 8.24280 14 0.75447
105.4 8.25070 14 0.75495
105.5 8.25838 14 0.75541
105.6 8.27118 14 0.75618
105.7 8.28053 14 0.75673
105.8 8.28908 14 0.75725
105.9 8.29342 14 0.75751
106.0 8.29967 14 0.75788
106.1 8.30989 14 0.75849
106.2 8.32152 14 0.75918
106.3 8.32926 14 0.75965
106.4 8.33641 14 0.76007
106.5 8.34097 14 0.76034
106.6 8.34193 14 0.76040
106.7 8.35696 14 0.76129
106.8 8.36369 14 0.76169
106.9 8.36846 14 0.76198
107.0 8.39660 14 0.76365
107.1 8.40282 14 0.76402
107.2 8.40672 14 0.76425
107.3 8.41372 14 0.76467
107.4 8.41247 14 0.76459
107.5 8.42474 14 0.76532
107.6 8.43332 14 0.76583
107.7 8.43596 14 0.76598
107.8 8.45035 14 0.76683
107.9 8.45412 14 0.76706
108.0 8.45599 14 0.76717
108.1 8.48382 14 0.76881
108.2 8.48669 14 0.76898
108.3 8.49025 14 0.76919
108.4 8.44974 14 0.76680
108.5 8.45555 14 0.76714
108.6 8.45372 14 0.76703
108.7 8.48493 14 0.76888
108.8 8.48765 14 0.76904
108.9 8.49199 14 0.76929
109.0 8.48882 14 0.76910
109.1 8.50226 14 0.76990
109.2 8.50743 14 0.77020
109.3 8.51372 14 0.77057
109.4 8.52000 14 0.77094
109.5 8.52498 14 0.77123
109.6 8.53176 14 0.77163
109.7 8.53805 14 0.77200
109.8 8.55180 14 0.77281
109.9 8.56154 14 0.77338
110.0 8.57178 14 0.77398
110.1 8.58084 14 0.77451
110.2 8.59160 14 0.77514
110.3 8.59845 14 0.77554
110.4 8.61162 14 0.77631
110.5 8.61421 14 0.77647
110.6 8.63073 14 0.77743
110.7 8.64074 14 0.77802
110.8 8.64149 14 0.77806
110.9 8.65547 14 0.77888
111.0 8.66641 14 0.77951
111.1 8.67520 14 0.78003
111.2 8.68276 14 0.78047
111.3 8.68873 14 0.78082
111.4 8.69135 14 0.78097
111.5 8.70472 14 0.78175
111.6 8.71174 14 0.78216
111.7 8.71610 14 0.78241
111.8 8.71739 14 0.78248
111.9 8.68833 14 0.78079
112.0 8.69133 14 0.78097
112.1 8.70379 14 0.78169
112.2 8.71097 14 0.78211
112.3 8.71587 14 0.78240
112.4 8.71502 14 0.78235
112.5 8.71951 14 0.78261
112.6 8.73226 14 0.78335
112.7 8.74201 14 0.78391
112.8 8.74655 14 0.78418
112.9 8.76104 14 0.78502
113.0 8.77049 14 0.78557
113.1 8.77243 14 0.78568
113.2 8.78312 14 0.78630
113.3 8.78437 14 0.78637
113.4 8.79349 14 0.78690
113.5 8.80164 14 0.78737
113.6 8.80915 14 0.78780
113.7 8.81589 14 0.78819
113.8 8.83033 14 0.78903
113.9 8.83387 14 0.78923
114.0 8.84892 14 0.79010
114.1 8.85566 14 0.79049
114.2 8.86012 14 0.79074
114.3 8.86017 14 0.79075
114.4 8.87482 14 0.79159
114.5 8.88044 14 0.79191
114.6 8.88414 14 0.79213
114.7 8.88611 14 0.79224
114.8 8.91357 14 0.79382
114.9 8.92718 14 0.79460
115.0 8.92514 14 0.79448
115.1 8.93653 14 0.79513
115.2 8.93976 14 0.79532
115.3 8.94223 14 0.79546
115.4 8.95606 14 0.79625
115.5 8.95528 14 0.79621
115.6 8.92719 14 0.79460
115.7 8.93436 14 0.79501
115.8 8.93496 14 0.79504
115.9 8.94461 14 0.79560
116.0 8.95279 14 0.79606
116.1 8.95745 14 0.79633
116.2 8.96928 14 0.79701
116.3 8.96415 14 0.79671
116.4 8.97536 14 0.79735
116.5 8.97806 14 0.79751
116.6 9.00780 14 0.79921
116.7 9.01101 14 0.79939
116.8 9.01437 14 0.79958
116.9 9.01575 14 0.79966
117.0 9.02446 14 0.80016
117.1 9.02467 14 0.80017
117.2 9.03559 14 0.80079
117.3 9.03916 14 0.80099
117.4 9.04702 14 0.80144
117.5 9.05163 14 0.80170
117.6 9.05681 14 0.80200
117.7 9.06999 14 0.80275
117.8 9.07907 14 0.80326
117.9 9.08963 14 0.80386
118.0 9.09742 14 0.80430
118.1 9.10916 14 0.80497
118.2 9.11585 14 0.80535
118.3 9.12925 14 0.80611
118.4 9.13465 14 0.80641
118.5 9.14979 14 0.80727
118.6 9.15344 14 0.80747
118.7 9.16967 14 0.80839
118.8 9.17918 14 0.80893
118.9 9.17903 14 0.80892
119.0 9.17424 14 0.80865
119.1 9.17825 14 0.80888
119.2 9.18313 14 0.80915
119.3 9.18994 14 0.80953
119.4 9.16968 14 0.80839
119.5 9.17908 14 0.80892
119.6 9.18052 14 0.80900
119.7 9.17394 14 0.80863
119.8 9.17808 14 0.80887
119.9 9.18274 14 0.80913
120.0 9.18936 14 0.80950
120.1 9.19741 14 0.80996
120.2 9.20706 14 0.81050
120.3 9.21916 14 0.81118
120.4 9.22663 14 0.81160
120.5 9.24986 14 0.81291
120.6 9.26215 14 0.81360
120.7 9.26770 14 0.81391
120.8 9.26609 14 0.81382
120.9 9.27897 14 0.81454
121.0 9.27693 14 0.81442
121.1 9.28183 14 0.81470
121.2 9.29588 14 0.81549
121.3 9.29220 14 0.81528
121.4 9.30340 14 0.81591
121.5 9.31419 14 0.81651
121.6 9.32357 14 0.81704
121.7 9.33200 14 0.81751
121.8 9.33993 14 0.81795
121.9 9.34773 14 0.81838
122.0 9.35536 14 0.81881
122.1 9.36284 14 0.81923
122.2 9.37016 14 0.81964
122.3 9.37728 14 0.82003
122.4 9.38393 14 0.82040
122.5 9.39003 14 0.82074
122.6 9.39512 14 0.82103
122.7 9.39865 14 0.82122
122.8 9.41741 14 0.82227
122.9 9.42206 14 0.82253
123.0 9.42121 14 0.82248
123.1 9.43475 14 0.82323
123.2 9.44072 14 0.82356
123.3 9.44346 14 0.82372
123.4 9.44353 14 0.82372
123.5 9.39954 14 0.82127
123.6 9.41997 14 0.82241
123.7 9.42266 14 0.82256
123.8 9.42391 14 0.82263
123.9 9.43741 14 0.82338
124.0 9.44255 14 0.82367
124.1 9.44383 14 0.82374
124.2 9.44804 14 0.82397
124.3 9.46215 14 0.82475
124.4 9.49099 14 0.82635
124.5 9.49347 14 0.82649
124.6 9.50004 14 0.82686
124.7 9.50179 14 0.82695
124.8 9.50903 14 0.82735
124.9 9.50811 14 0.82730
125.0 9.52265 14 0.82811
125.1 9.52284 14 0.82812
125.2 9.53282 14 0.82867
125.3 9.53972 14 0.82905
125.4 9.53536 14 0.82881
125.5 9.55042 14 0.82964
125.6 9.57622 14 0.83106
125.7 9.58024 14 0.83129
125.8 9.58294 14 0.83144
125.9 9.58554 14 0.83158
126.0 9.59212 14 0.83194
126.1 9.59624 14 0.83217
126.2 9.59763 14 0.83224
126.3 9.60849 14 0.83284
126.4 9.60852 14 0.83284
126.5 9.61946 14 0.83345
126.6 9.62355 14 0.83367
126.7 9.63443 14 0.83427
126.8 9.64334 14 0.83476
126.9 9.65357 14 0.83532
127.0 9.66079 14 0.83571
127.1 9.67268 14 0.83637
127.2 9.67806 14 0.83666
127.3 9.69256 14 0.83746
127.4 9.69819 14 0.83776
127.5 9.71341 14 0.83860
127.6 9.72082 14 0.83900
127.7 9.65281 14 0.83528
127.8 9.65878 14 0.83560
127.9 9.67157 14 0.83631
128.0 9.67470 14 0.83648
128.1 9.69104 14 0.83737
128.2 9.69361 14 0.83751
128.3 9.71159 14 0.83850
128.4 9.71673 14 0.83878
128.5 9.73190 14 0.83961
128.6 9.73405 14 0.83972
128.7 9.72492 14 0.83923
128.8 9.72691 14 0.83933
128.9 9.73162 14 0.83959
129.0 9.74380 14 0.84026
129.1 9.75482 14 0.84086
129.2 9.76364 14 0.84134
129.3 9.77171 14 0.84178
129.4 9.77933 14 0.84219
129.5 9.78653 14 0.84259
129.6 9.79359 14 0.84297
129.7 9.80035 14 0.84334
129.8 9.80667 14 0.84368
129.9 9.81227 14 0.84399
130.0 9.81590 14 0.84418
130.1 9.81766 14 0.84428
130.2 9.82640 14 0.84475
130.3 9.84004 14 0.84549
130.4 9.84693 14 0.84587
130.5 9.87796 14 0.84755
130.6 9.88283 14 0.84781
130.7 9.86609 14 0.84691
130.8 9.87969 14 0.84764
130.9 9.89019 14 0.84821
131.0 9.89903 14 0.84869
131.1 9.90721 14 0.84913
131.2 9.91500 14 0.84955
131.3 9.92244 14 0.84995
131.4 9.92985 14 0.85035
131.5 9.93720 14 0.85075
131.6 9.94284 14 0.85105
131.7 9.94887 14 0.85138
131.8 9.95665 14 0.85180
131.9 9.96588 14 0.85230
132.0 9.97295 14 0.85268
132.1 9.97995 14 0.85305
132.2 9.92454 14 0.85007
132.3 9.93182 14 0.85046
132.4 9.93904 14 0.85085
132.5 9.94411 14 0.85112
132.6 9.95046 14 0.85147
132.7 9.95850 14 0.85190
132.8 9.96726 14 0.85237
132.9 9.97421 14 0.85274
133.0 9.98110 14 0.85312
133.1 9.98788 14 0.85348
133.2 9.99451 14 0.85384
133.3 10.00072 14 0.85417
133.4 10.00672 14 0.85449
133.5 10.01212 14 0.85478
133.6 10.01612 14 0.85500
133.7 10.01789 14 0.85509
133.8 10.02695 14 0.85558
133.9 10.03120 14 0.85581
134.0 10.04603 14 0.85660
134.1 10.05127 14 0.85688
134.2 10.05393 14 0.85703
134.3 10.05283 14 0.85697
134.4 10.06856 14 0.85781
134.5 10.07511 14 0.85816
134.6 10.10641 14 0.85983
134.7 10.10875 14 0.85996
134.8 10.11466 14 0.86027
134.9 10.11833 14 0.86047
135.0 10.11337 14 0.86021
135.1 10.12794 14 0.86098
135.2 10.13587 14 0.86141
135.3 10.13995 14 0.86162
135.4 10.13654 14 0.86144
135.5 10.15105 14 0.86222
135.6 10.15449 14 0.86240
135.7 10.15494 14 0.86242
135.8 10.16574 14 0.86300
135.9 10.19495 14 0.86455
136.0 10.19844 14 0.86474
136.1 10.19553 14 0.86458
136.2 10.20485 14 0.86508
136.3 10.20179 14 0.86492
136.4 10.21334 14 0.86553
136.5 10.21580 14 0.86566
136.6 10.21999 14 0.86588
136.7 10.22877 14 0.86635
136.8 10.23147 14 0.86649
136.9 10.23491 14 0.86667
137.0 10.19913 14 0.86477
137.1 10.20309 14 0.86498
137.2 10.20527 14 0.86510
137.3 10.21110 14 0.86541
137.4 10.21530 14 0.86563
137.5 10.21274 14 0.86550
137.6 10.22606 14 0.86620
137.7 10.23066 14 0.86645
137.8 10.22931 14 0.86638
137.9 10.24193 14 0.86705
138.0 10.24061 14 0.86698
138.1 10.25774 14 0.86788
138.2 10.26741 14 0.86840
138.3 10.27256 14 0.86867
138.4 10.28556 14 0.86936
138.5 10.28574 14 0.86937
138.6 10.30437 14 0.87035
138.7 10.30469 14 0.87037
138.8 10.32489 14 0.87144
138.9 10.32762 14 0.87158
139.0 10.34519 14 0.87251
139.1 10.32737 14 0.87157
139.2 10.33502 14 0.87197
139.3 10.33926 14 0.87220
139.4 10.34342 14 0.87242
139.5 10.35721 14 0.87315
139.6 10.36691 14 0.87366
139.7 10.37513 14 0.87409
139.8 10.38086 14 0.87439
139.9 10.38910 14 0.87483
140.0 10.39056 14 0.87490
140.1 10.39323 14 0.87504
140.2 10.40013 14 0.87541
140.3 10.40839 14 0.87584
140.4 10.41576 14 0.87623
140.5 10.42235 14 0.87658
140.6 10.42815 14 0.87688
140.7 10.43502 14 0.87724
140.8 10.44283 14 0.87765
140.9 10.45529 14 0.87831
141.0 10.45614 14 0.87835
141.1 10.47082 14 0.87912
141.2 10.47678 14 0.87943
141.3 10.48175 14 0.87969
141.4 10.48551 14 0.87989
141.5 10.48562 14 0.87990
141.6 10.49550 14 0.88041
141.7 10.50493 14 0.88091
141.8 10.52153 14 0.88178
141.9 10.52984 14 0.88221
142.0 10.45382 14 0.87823
142.1 10.46972 14 0.87906
142.2 10.47566 14 0.87937
142.3 10.48075 14 0.87964
142.4 10.48483 14 0.87985
142.5 10.48616 14 0.87992
142.6 10.49045 14 0.88015
142.7 10.50317 14 0.88082
142.8 10.51894 14 0.88164
142.9 10.52738 14 0.88208
143.0 10.53499 14 0.88248
143.1 10.54230 14 0.88286
143.2 10.54493 14 0.88300
143.3 10.54700 14 0.88311
143.4 10.55727 14 0.88364
143.5 10.56755 14 0.88418
143.6 10.57467 14 0.88455
143.7 10.58151 14 0.88491
143.8 10.58837 14 0.88526
143.9 10.59514 14 0.88562
144.0 10.60183 14 0.88596
144.1 10.60846 14 0.88631
144.2 10.61501 14 0.88665
144.3 10.62147 14 0.88699
144.4 10.62766 14 0.88731
144.5 10.63279 14 0.88757
144.6 10.63636 14 0.88776
144.7 10.64069 14 0.88799
144.8 10.65135 14 0.88854
144.9 10.66223 14 0.88910
145.0 10.66838 14 0.88942
145.1 10.67408 14 0.88972
145.2 10.67954 14 0.89000
145.3 10.68434 14 0.89025
145.4 10.68819 14 0.89045
145.5 10.68977 14 0.89053
145.6 10.69475 14 0.89079
145.7 10.70880 14 0.89152
145.8 10.71417 14 0.89179
145.9 10.71788 14 0.89199
146.0 10.71818 14 0.89200
146.1 10.72671 14 0.89244
146.2 10.73493 14 0.89287
146.3 10.74085 14 0.89317
146.4 10.74617 14 0.89345
146.5 10.77901 14 0.89514
146.6 10.77543 14 0.89496
146.7 10.78773 14 0.89559
146.8 10.78909 14 0.89566
146.9 10.79020 14 0.89572
147.0 10.79949 14 0.89620
147.1 10.80765 14 0.89662
147.2 10.81119 14 0.89680
147.3 10.73497 14 0.89287
147.4 10.74080 14 0.89317
147.5 10.74604 14 0.89344
147.6 10.77896 14 0.89514
147.7 10.77607 14 0.89499
147.8 10.78744 14 0.89558
147.9 10.78924 14 0.89567
148.0 10.78601 14 0.89550
148.1 10.79903 14 0.89617
148.2 10.80693 14 0.89658
148.3 10.81080 14 0.89678
148.4 10.81116 14 0.89680
148.5 10.81894 14 0.89720
148.6 10.82361 14 0.89744
148.7 10.81854 14 0.89718
148.8 10.83195 14 0.89787
148.9 10.83702 14 0.89813
149.0 10.86968 14 0.89981
149.1 10.87182 14 0.89992
149.2 10.87314 14 0.89998
149.3 10.87787 14 0.90023
149.4 10.88007 14 0.90034
149.5 10.87564 14 0.90011
149.6 10.88958 14 0.90083
149.7 10.89147 14 0.90092
149.8 10.89018 14 0.90086
149.9 10.90359 14 0.90154
150.0 10.90739 14 0.90174
150.1 10.90694 14 0.90172
150.2 10.90866 14 0.90180
150.3 10.92677 14 0.90273
150.4 10.93625 14 0.90321
150.5 10.93912 14 0.90336
150.6 10.95318 14 0.90408
150.7 10.95542 14 0.90419
150.8 10.97019 14 0.90495
150.9 10.98106 14 0.90550
151.0 10.98926 14 0.90592
151.1 11.00149 14 0.90654
151.2 11.00881 14 0.90692
151.3 10.98979 14 0.90595
151.4 10.99806 14 0.90637
151.5 11.00536 14 0.90674
151.6 11.00481 14 0.90671
151.7 11.01727 14 0.90735
151.8 11.02892 14 0.90794
151.9 11.03826 14 0.90842
152.0 11.04057 14 0.90853
152.1 11.04299 14 0.90866
152.2 11.05504 14 0.90927
152.3 11.06452 14 0.90975
152.4 11.07299 14 0.91018
152.5 11.08079 14 0.91058
152.6 11.08811 14 0.91095
152.7 11.09514 14 0.91130
152.8 11.10182 14 0.91164
152.9 11.10849 14 0.91198
153.0 11.02966 14 0.90798
153.1 11.03867 14 0.90844
153.2 11.04025 14 0.90852
153.3 11.04332 14 0.90867
153.4 11.05512 14 0.90927
153.5 11.06443 14 0.90975
153.6 11.07277 14 0.91017
153.7 11.08045 14 0.91056
153.8 11.08768 14 0.91093
153.9 11.09459 14 0.91128
154.0 11.10118 14 0.91161
154.1 11.10774 14 0.91194
154.2 11.11420 14 0.91227
154.3 11.12057 14 0.91259
154.4 11.12687 14 0.91291
154.5 11.13311 14 0.91323
154.6 11.13927 14 0.91354
154.7 11.14535 14 0.91385
154.8 11.15114 14 0.91414
154.9 11.15695 14 0.91443
155.0 11.16256 14 0.91472
155.1 11.16787 14 0.91498
155.2 11.17276 14 0.91523
155.3 11.17706 14 0.91545
155.4 11.18056 14 0.91563
155.5 11.18233 14 0.91571
155.6 11.18765 14 0.91598
155.7 10.99761 14 0.90635
155.8 11.00471 14 0.90671
155.9 11.00712 14 0.90683
156.0 11.01887 14 0.90743
156.1 11.02974 14 0.90798
156.2 11.03861 14 0.90843
156.3 11.04045 14 0.90853
156.4 11.04272 14 0.90864
156.5 11.05449 14 0.90924
156.6 11.00415 14 0.90668
156.7 11.02115 14 0.90755
156.8 11.03150 14 0.90807
156.9 11.03997 14 0.90850
157.0 11.03916 14 0.90846
157.1 11.04551 14 0.90878
157.2 11.05665 14 0.90935
157.3 11.06861 14 0.90996
157.4 11.07652 14 0.91036
157.5 11.18390 14 0.91579
157.6 10.99510 14 0.90622
157.7 11.00237 14 0.90659
157.8 11.00908 14 0.90693
157.9 11.00878 14 0.90692
158.0 11.02610 14 0.90780
158.1 11.03513 14 0.90826
158.2 11.04271 14 0.90864
158.3 11.04070 14 0.90854
158.4 11.05003 14 0.90901
158.5 11.01000 14 0.90698
158.6 11.01129 14 0.90704
158.7 11.02755 14 0.90787
158.8 11.03634 14 0.90832
158.9 11.04376 14 0.90870
159.0 11.04018 14 0.90851
159.1 11.05200 14 0.90911
159.2 11.06467 14 0.90976
159.3 11.07283 14 0.91017
159.4 11.08053 14 0.91056
159.5 11.19098 14 0.91615
159.6 10.99895 14 0.90642
159.7 11.00581 14 0.90676
159.8 11.00465 14 0.90671
159.9 11.02038 14 0.90751
160.0 11.03068 14 0.90803
160.1 11.03916 14 0.90846
160.2 11.04002 14 0.90851
160.3 11.04358 14 0.90869
160.4 11.05516 14 0.90928
160.5 11.00352 14 0.90665
160.6 11.02149 14 0.90756
160.7 11.03157 14 0.90808
160.8 11.03989 14 0.90850
160.9 11.03932 14 0.90847
161.0 11.04485 14 0.90875
161.1 11.05597 14 0.90932
161.2 11.06786 14 0.90992
161.3 11.07585 14 0.91033
161.4 11.18461 14 0.91583
161.5 10.99429 14 0.90618
161.6 11.00150 14 0.90655
161.7 11.00812 14 0.90688
161.8 11.00551 14 0.90675
161.9 11.02415 14 0.90770
162.0 11.03345 14 0.90817
162.1 11.04123 14 0.90857
162.2 11.03842 14 0.90842
162.3 11.04748 14 0.90888
162.4 11.05803 14 0.90942
162.5 11.00638 14 0.90679
162.6 11.02469 14 0.90773
162.7 11.03393 14 0.90820
162.8 11.04166 14 0.90859
162.9 11.03826 14 0.90842
163.0 11.04786 14 0.90890
163.1 11.05817 14 0.90943
163.2 11.07006 14 0.91003
163.3 11.07780 14 0.91042
163.4 11.18486 14 0.91584
163.5 10.99593 14 0.90626
163.6 11.00291 14 0.90662
163.7 11.00943 14 0.90695
163.8 11.00914 14 0.90693
163.9 11.02599 14 0.90779
164.0 11.03480 14 0.90824
164.1 11.04240 14 0.90863
164.2 11.03883 14 0.90844
164.3 11.04933 14 0.90898
164.4 11.00935 14 0.90695
164.5 11.00908 14 0.90693
164.6 11.02603 14 0.90779
164.7 11.03489 14 0.90824
164.8 11.04237 14 0.90862
164.9 11.03854 14 0.90843
165.0 11.04890 14 0.90896
165.1 11.06226 14 0.90964
165.2 11.07078 14 0.91007
165.3 11.07841 14 0.91046
165.4 11.18589 14 0.91589
165.5 10.99639 14 0.90628
165.6 11.00326 14 0.90663
165.7 11.00973 14 0.90696
165.8 11.00973 14 0.90696
165.9 11.02621 14 0.90780
166.0 11.03508 14 0.90825
166.1 11.04257 14 0.90864
166.2 11.03905 14 0.90846
166.3 11.04940 14 0.90898
166.4 11.00933 14 0.90694
166.5 11.00883 14 0.90692
166.6 11.02579 14 0.90778
166.7 11.03462 14 0.90823
166.8 11.04208 14 0.90861
166.9 11.03813 14 0.90841
167.0 11.04844 14 0.90893
167.1 11.06183 14 0.90961
167.2 11.07032 14 0.91005
167.3 11.07790 14 0.91043
167.4 11.18476 14 0.91584
167.5 10.99574 14 0.90625
167.6 11.00260 14 0.90660
167.7 11.00896 14 0.90693
167.8 11.00752 14 0.90685
167.9 11.02491 14 0.90774
168.0 11.03398 14 0.90820
168.1 11.04177 14 0.90859
168.2 11.03825 14 0.90842
168.3 11.04775 14 0.90890
168.4 11.05796 14 0.90942
168.5 11.00563 14 0.90676
168.6 11.02398 14 0.90769
168.7 11.03312 14 0.90815
168.8 11.04082 14 0.90855
168.9 11.03884 14 0.90845
169.0 11.04620 14 0.90882
169.1 11.05684 14 0.90936
169.2 11.06848 14 0.90995
169.3 11.07631 14 0.91035
169.4 11.18454 14 0.91583
169.5 10.99395 14 0.90616
169.6 11.00093 14 0.90652
169.7 11.00732 14 0.90684
169.8 11.00534 14 0.90674
169.9 11.02219 14 0.90760
170.0 11.03182 14 0.90809
170.1 11.03985 14 0.90850
170.2 11.03940 14 0.90847
170.3 11.04424 14 0.90872
170.4 11.05519 14 0.90928
170.5 11.00410 14 0.90668
170.6 11.02036 14 0.90751
170.7 11.03028 14 0.90801
170.8 11.03858 14 0.90843
170.9 11.04077 14 0.90854
171.0 11.04165 14 0.90859
171.1 11.05356 14 0.90919
171.2 11.06558 14 0.90980
171.3 11.07339 14 0.91020
171.4 11.08062 14 0.91057
171.5 11.19015 14 0.91611
171.6 10.99818 14 0.90638
171.7 11.00470 14 0.90671
171.8 11.00891 14 0.90692
171.9 11.01287 14 0.90712
172.0 11.02816 14 0.90790
172.1 11.03641 14 0.90832
172.2 11.04347 14 0.90868
172.3 11.04045 14 0.90853
172.4 11.05032 14 0.90903
172.5 11.00970 14 0.90696
172.6 11.00925 14 0.90694
172.7 11.02572 14 0.90778
172.8 11.03433 14 0.90822
172.9 11.04181 14 0.90860
173.0 11.03819 14 0.90841
173.1 11.04782 14 0.90890
173.2 11.05791 14 0.90941
173.3 11.06925 14 0.90999
173.4 11.07687 14 0.91038
173.5 11.18392 14 0.91579
173.6 10.99423 14 0.90617
173.7 11.00105 14 0.90652
173.8 11.00730 14 0.90684
173.9 11.00532 14 0.90674
174.0 11.02227 14 0.90760
174.1 11.03170 14 0.90808
174.2 11.03964 14 0.90849
174.3 11.03970 14 0.90849
174.4 11.04334 14 0.90867
174.5 11.05432 14 0.90923
174.6 11.00573 14 0.90676
174.7 11.01878 14 0.90743
174.8 11.02891 14 0.90794
174.9 11.03762 14 0.90838
175.0 11.04323 14 0.90867
175.1 11.04017 14 0.90851
175.2 11.05138 14 0.90908
175.3 11.06393 14 0.90972
175.4 11.07173 14 0.91012
175.5 11.07893 14 0.91048
175.6 11.18620 14 0.91591
175.7 10.99620 14 0.90627
175.8 11.00276 14 0.90661
175.9 11.00902 14 0.90693
176.0 11.00786 14 0.90687
176.1 11.02494 14 0.90774
176.2 11.03369 14 0.90818
176.3 11.04128 14 0.90857
176.4 11.03864 14 0.90844
176.5 11.04593 14 0.90881
176.6 11.05620 14 0.90933
176.7 11.00314 14 0.90663
176.8 11.02096 14 0.90754
176.9 11.03069 14 0.90803
177.0 11.03902 14 0.90845
177.1 11.04049 14 0.90853
177.2 11.04176 14 0.90859
177.3 11.05335 14 0.90918
177.4 11.06517 14 0.90978
177.5 11.07279 14 0.91017
177.6 11.07985 14 0.91053
177.7 11.18797 14 0.91600
177.8 10.99700 14 0.90632
177.9 11.00358 14 0.90665
178.0 11.00999 14 0.90698
178.1 11.00980 14 0.90697
178.2 11.02591 14 0.90779
178.3 11.03457 14 0.90823
178.4 11.04177 14 0.90859
178.5 11.03840 14 0.90842
178.6 11.04661 14 0.90884
178.7 11.05664 14 0.90935
178.8 11.00393 14 0.90667
178.9 11.02157 14 0.90757
179.0 11.03107 14 0.90805
179.1 11.03924 14 0.90847
179.2 11.04032 14 0.90852
179.3 11.04194 14 0.90860
179.4 11.05340 14 0.90919
179.5 11.06513 14 0.90978
179.6 11.07268 14 0.91016
179.7 11.07968 14 0.91052
179.8 11.18745 14 0.91597
179.9 10.99685 14 0.90631
180.0 11.00339 14 0.90664
180.1 11.00972 14 0.90696
180.2 11.00892 14 0.90692
180.3 11.02532 14 0.90776
180.4 11.03384 14 0.90819
180.5 11.04128 14 0.90857
180.6 11.03872 14 0.90844
180.7 11.04546 14 0.90878
180.8 11.05566 14 0.90930
180.9 11.00405 14 0.90668
181.0 11.02040 14 0.90751
181.1 11.03010 14 0.90800
181.2 11.03845 14 0.90843
181.3 11.04246 14 0.90863
181.4 11.04010 14 0.90851
181.5 11.05155 14 0.90909
181.6 11.06381 14 0.90971
181.7 11.07140 14 0.91010
181.8 11.07842 14 0.91046
181.9 11.18476 14 0.91584
182.0 10.99561 14 0.90625
182.1 11.00220 14 0.90658
182.2 11.00830 14 0.90689
182.3 11.00509 14 0.90673
182.4 11.02315 14 0.90765
182.5 11.03206 14 0.90810
182.6 11.03966 14 0.90849
182.7 11.03990 14 0.90850
182.8 11.04242 14 0.90863
182.9 11.05326 14 0.90918
183.0 11.00812 14 0.90688
183.1 11.01316 14 0.90714
183.2 11.02772 14 0.90788
183.3 11.03574 14 0.90829
183.4 11.04281 14 0.90865
183.5 11.03862 14 0.90843
183.6 11.04823 14 0.90892
183.7 11.05779 14 0.90941
183.8 11.06877 14 0.90997
183.9 11.07608 14 0.91034
184.0 11.18346 14 0.91577
184.1 10.99305 14 0.90611
184.2 10.99983 14 0.90646
184.3 11.00617 14 0.90678
184.4 11.00518 14 0.90673
184.5 11.01883 14 0.90743
184.6 11.02890 14 0.90794
184.7 11.03658 14 0.90833
184.8 11.04325 14 0.90867
184.9 11.03931 14 0.90847
185.0 11.04864 14 0.90894
185.1 11.05840 14 0.90944
185.2 11.00559 14 0.90675
185.3 11.02339 14 0.90766
185.4 11.03243 14 0.90812
185.5 11.03994 14 0.90850
185.6 11.03980 14 0.90849
185.7 11.04260 14 0.90864
185.8 11.05362 14 0.90920
185.9 11.06508 14 0.90978
186.0 11.07242 14 0.91015
186.1 11.07942 14 0.91051
186.2 11.18683 14 0.91594
186.3 10.99654 14 0.90629
186.4 11.00291 14 0.90662
186.5 11.00886 14 0.90692
186.6 11.00650 14 0.90680
186.7 11.02370 14 0.90768
186.8 11.03234 14 0.90811
186.9 11.03976 14 0.90849
187.0 11.03992 14 0.90850
187.1 11.04214 14 0.90861
187.2 11.05334 14 0.90918
187.3 11.00834 14 0.90689
187.4 11.01229 14 0.90709
187.5 11.02727 14 0.90786
187.6 11.03523 14 0.90826
187.7 11.04212 14 0.90861
187.8 11.03825 14 0.90842
187.9 11.04682 14 0.90885
188.0 11.05652 14 0.90934
188.1 11.06752 14 0.90990
188.2 11.07478 14 0.91027
188.3 11.08156 14 0.91062
188.4 11.19187 14 0.91620
188.5 10.99856 14 0.90640
188.6 11.00471 14 0.90671
188.7 11.00953 14 0.90695
188.8 11.01118 14 0.90704
188.9 11.02623 14 0.90780
189.0 11.03446 14 0.90822
189.1 11.04138 14 0.90857
189.2 11.03880 14 0.90844
189.3 11.04534 14 0.90878
189.4 11.05545 14 0.90929
189.5 11.00451 14 0.90670
189.6 11.01955 14 0.90746
189.7 11.02911 14 0.90795
189.8 11.03667 14 0.90834
189.9 11.04341 14 0.90868
190.0 11.03949 14 0.90848
190.1 11.04867 14 0.90895
190.2 11.05788 14 0.90941
190.3 11.06882 14 0.90997
190.4 11.07610 14 0.91034
190.5 11.18344 14 0.91577
190.6 11.19429 14 0.91632
190.7 10.99945 14 0.90644
190.8 11.00563 14 0.90676
190.9 11.00709 14 0.90683
191.0 11.01285 14 0.90712
191.1 11.02711 14 0.90785
191.2 11.03510 14 0.90826
191.3 11.04184 14 0.90860
191.4 11.03838 14 0.90842
191.5 11.04628 14 0.90882
191.6 11.05610 14 0.90932
191.7 11.00344 14 0.90664
191.8 11.02017 14 0.90750
191.9 11.02950 14 0.90797
192.0 11.03755 14 0.90838
192.1 11.04357 14 0.90869
192.2 11.04065 14 0.90854
192.3 11.04874 14 0.90895
192.4 11.05808 14 0.90942
192.5 11.06892 14 0.90997
192.6 11.07613 14 0.91034
192.7 11.18337 14 0.91577
192.8 11.19403 14 0.91630
192.9 10.99929 14 0.90643
193.0 11.00543 14 0.90675
193.1 11.00793 14 0.90687
193.2 11.01202 14 0.90708
193.3 11.02654 14 0.90782
193.4 11.03456 14 0.90823
193.5 11.04151 14 0.90858
193.6 11.03869 14 0.90844
193.7 11.04544 14 0.90878
193.8 11.05536 14 0.90929
193.9 11.00490 14 0.90672
194.0 11.01900 14 0.90744
194.1 11.02853 14 0.90792
194.2 11.03605 14 0.90830
194.3 11.04278 14 0.90865
194.4 11.03810 14 0.90841
194.5 11.04710 14 0.90887
194.6 11.05693 14 0.90937
194.7 11.06785 14 0.90992
194.8 11.07489 14 0.91028
194.9 11.08148 14 0.91061
195.0 11.19120 14 0.91616
195.1 10.99810 14 0.90637
195.2 11.00411 14 0.90668
195.3 11.01003 14 0.90698
195.4 11.00858 14 0.90691
195.5 11.02447 14 0.90771
195.6 11.03284 14 0.90814
195.7 11.04008 14 0.90851
195.8 11.03969 14 0.90849
195.9 11.04247 14 0.90863
196.0 11.05323 14 0.90918
196.1 11.00945 14 0.90695
196.2 11.01088 14 0.90702
196.3 11.02610 14 0.90780
196.4 11.03400 14 0.90820
196.5 11.04088 14 0.90855
196.6 11.03924 14 0.90847
196.7 11.04391 14 0.90870
196.8 11.05418 14 0.90923
196.9 11.06539 14 0.90979
197.0 11.07273 14 0.91017
197.1 11.07938 14 0.91050
197.2 11.18609 14 0.91590
197.3 10.99584 14 0.90626
197.4 11.00198 14 0.90657
197.5 11.00769 14 0.90686
197.6 11.00363 14 0.90665
197.7 11.02066 14 0.90752
197.8 11.02980 14 0.90799
197.9 11.03770 14 0.90839
198.0 11.04366 14 0.90869
198.1 11.04063 14 0.90854
198.2 11.04870 14 0.90895
198.3 11.05796 14 0.90942
198.4 11.00456 14 0.90670
198.5 11.02165 14 0.90757
198.6 11.03040 14 0.90802
198.7 11.03820 14 0.90841
198.8 11.04367 14 0.90869
198.9 11.04050 14 0.90853
199.0 11.04951 14 0.90899
199.1 11.05844 14 0.90944
199.2 11.06903 14 0.90998
199.3 11.07603 14 0.91033
199.4 11.18281 14 0.91574
199.5 11.19282 14 0.91624
199.6 10.99864 14 0.90640
199.7 11.00449 14 0.90670
199.8 11.01032 14 0.90699
199.9 11.00901 14 0.90693
200.0 11.02504 14 0.90774
200.1 11.03315 14 0.90816
200.2 11.04036 14 0.90852
200.3 11.03968 14 0.90849
200.4 11.04226 14 0.90862
200.5 11.05288 14 0.90916
200.6 11.01052 14 0.90700
200.7 11.00966 14 0.90696
200.8 11.02523 14 0.90775
200.9 11.03315 14 0.90816
201.0 11.04009 14 0.90851
201.1 11.03965 14 0.90849
201.2 11.04242 14 0.90863
201.3 11.05308 14 0.90917
201.4 11.06433 14 0.90974
201.5 11.07162 14 0.91011
201.6 11.07821 14 0.91045
201.7 11.18387 14 0.91579
201.8 10.99418 14 0.90617
201.9 11.00052 14 0.90650
202.0 11.00619 14 0.90678
202.1 11.00559 14 0.90675
202.2 11.01387 14 0.90718
202.3 11.02776 14 0.90788
202.4 11.03528 14 0.90826
202.5 11.04187 14 0.90860
202.6 11.03852 14 0.90843
202.7 11.04527 14 0.90877
202.8 11.05490 14 0.90926
202.9 11.00625 14 0.90679
203.0 11.01336 14 0.90715
203.1 11.02705 14 0.90785
203.2 11.03489 14 0.90824
203.3 11.04169 14 0.90859
203.4 11.03859 14 0.90843
203.5 11.04510 14 0.90876
203.6 11.05483 14 0.90926
203.7 11.06595 14 0.90982
203.8 11.07286 14 0.91017
203.9 11.07931 14 0.91050
204.0 11.18555 14 0.91588
204.1 10.99538 14 0.90623
204.2 11.00138 14 0.90654
204.3 11.00722 14 0.90684
204.4 11.00352 14 0.90665
204.5 11.01995 14 0.90748
204.6 11.02901 14 0.90795
204.7 11.03625 14 0.90831
204.8 11.04261 14 0.90864
204.9 11.03817 14 0.90841
205.0 11.04646 14 0.90883
205.1 11.05575 14 0.90930
205.2 11.00492 14 0.90672
205.3 11.01450 14 0.90721
205.4 11.02808 14 0.90790
205.5 11.03566 14 0.90828
205.6 11.04227 14 0.90862
205.7 11.03831 14 0.90842
205.8 11.04598 14 0.90881
205.9 11.05544 14 0.90929
206.0 11.06640 14 0.90985
206.1 11.07321 14 0.91019
206.2 11.07958 14 0.91052
206.3 11.18597 14 0.91590
206.4 10.99553 14 0.90624
206.5 11.00175 14 0.90656
206.6 11.00751 14 0.90685
206.7 11.00318 14 0.90663
206.8 11.02029 14 0.90750
206.9 11.02919 14 0.90796
207.0 11.03634 14 0.90832
207.1 11.04264 14 0.90864
207.2 11.03819 14 0.90841
207.3 11.04630 14 0.90882
207.4 11.05554 14 0.90929
207.5 11.00539 14 0.90674
207.6 11.01455 14 0.90721
207.7 11.02804 14 0.90790
207.8 11.03556 14 0.90828
207.9 11.04213 14 0.90861
208.0 11.03841 14 0.90842
208.1 11.04551 14 0.90878
208.2 11.05499 14 0.90927
208.3 11.06594 14 0.90982
208.4 11.07272 14 0.91017
208.5 11.07906 14 0.91049
208.6 11.18482 14 0.91584
208.7 10.99501 14 0.90621
208.8 11.00138 14 0.90654
208.9 11.00711 14 0.90683
209.0 11.00393 14 0.90667
209.1 11.01905 14 0.90744
209.2 11.02839 14 0.90791
209.3 11.03560 14 0.90828
209.4 11.04197 14 0.90860
209.5 11.03856 14 0.90843
209.6 11.04483 14 0.90875
209.7 11.05432 14 0.90923
209.8 11.00707 14 0.90683
209.9 11.01293 14 0.90713
210.0 11.02696 14 0.90784
210.1 11.03461 14 0.90823
210.2 11.04130 14 0.90857
210.3 11.03906 14 0.90846
210.4 11.04372 14 0.90869
210.5 11.05353 14 0.90919
210.6 11.06440 14 0.90974
210.7 11.07143 14 0.91010
210.8 11.07778 14 0.91042
210.9 11.18389 14 0.91579
211.0 10.99387 14 0.90616
211.1 11.00030 14 0.90648
211.2 11.00604 14 0.90678
211.3 11.00659 14 0.90680
211.4 11.01239 14 0.90710
211.5 11.02632 14 0.90781
211.6 11.03383 14 0.90819
211.7 11.04063 14 0.90854
211.8 11.03968 14 0.90849
211.9 11.04170 14 0.90859
212.0 11.05243 14 0.90914
212.1 11.01023 14 0.90699
212.2 11.00892 14 0.90692
212.3 11.02411 14 0.90770
212.4 11.03246 14 0.90812
212.5 11.03954 14 0.90848
212.6 11.04169 14 0.90859
212.7 11.04020 14 0.90851
212.8 11.05053 14 0.90904
212.9 11.05880 14 0.90946
213.0 11.06894 14 0.90997
213.1 11.07590 14 0.91033
213.2 11.18243 14 0.91572
213.3 11.19146 14 0.91618
213.4 10.99804 14 0.90637
213.5 11.00388 14 0.90667
213.6 11.00961 14 0.90696
213.7 11.00689 14 0.90682
213.8 11.02306 14 0.90764
213.9 11.03115 14 0.90805
214.0 11.03848 14 0.90843
214.1 11.04364 14 0.90869
214.2 11.04056 14 0.90853
214.3 11.04875 14 0.90895
214.4 11.05724 14 0.90938
214.5 11.00540 14 0.90674
214.6 11.02065 14 0.90752
214.7 11.02947 14 0.90797
214.8 11.03656 14 0.90833
214.9 11.04297 14 0.90866
215.0 11.03816 14 0.90841
215.1 11.04619 14 0.90882
215.2 11.05528 14 0.90928
215.3 11.06636 14 0.90984
215.4 11.07326 14 0.91019
215.5 11.07939 14 0.91051
215.6 11.18573 14 0.91589
215.7 10.99549 14 0.90624
215.8 11.00148 14 0.90654
215.9 11.00705 14 0.90683
216.0 11.00435 14 0.90669
216.1 11.01439 14 0.90720
216.2 11.02761 14 0.90787
216.3 11.03477 14 0.90824
216.4 11.04141 14 0.90858
216.5 11.03892 14 0.90845
216.6 11.04372 14 0.90869
216.7 11.05365 14 0.90920
216.8 11.00918 14 0.90694
216.9 11.01047 14 0.90700
217.0 11.02553 14 0.90777
217.1 11.03291 14 0.90814
217.2 11.03979 14 0.90849
217.3 11.04032 14 0.90852
217.4 11.04027 14 0.90852
217.5 11.05091 14 0.90906
217.6 11.06272 14 0.90966
217.7 11.06950 14 0.91000
217.8 11.07612 14 0.91034
217.9 11.18263 14 0.91573
218.0 11.19143 14 0.91617
218.1 10.99791 14 0.90636
218.2 11.00366 14 0.90666
218.3 11.00926 14 0.90694
218.4 11.00561 14 0.90675
218.5 11.02218 14 0.90760
218.6 11.03071 14 0.90803
218.7 11.03788 14 0.90840
218.8 11.04364 14 0.90869
218.9 11.03932 14 0.90847
219.0 11.04795 14 0.90891
219.1 11.05646 14 0.90934
219.2 11.00363 14 0.90665
219.3 11.01925 14 0.90745
219.4 11.02824 14 0.90791
219.5 11.03541 14 0.90827
219.6 11.04174 14 0.90859
219.7 11.03860 14 0.90843
219.8 11.04434 14 0.90873
219.9 11.05414 14 0.90922
220.0 11.06503 14 0.90978
220.1 11.07176 14 0.91012
220.2 11.07819 14 0.91044
220.3 11.18388 14 0.91579
220.4 10.99380 14 0.90615
220.5 10.99985 14 0.90646
220.6 11.00530 14 0.90674
220.7 11.00980 14 0.90697
220.8 11.01043 14 0.90700
220.9 11.02509 14 0.90775
221.0 11.03295 14 0.90815
221.1 11.03986 14 0.90850
221.2 11.04174 14 0.90859
221.3 11.04020 14 0.90851
221.4 11.05059 14 0.90904
221.5 11.00899 14 0.90693
221.6 11.00430 14 0.90669
221.7 11.02145 14 0.90756
221.8 11.02989 14 0.90799
221.9 11.03784 14 0.90839
222.0 11.04325 14 0.90867
222.1 11.03852 14 0.90843
222.2 11.04725 14 0.90887
222.3 11.05589 14 0.90931
222.4 11.06670 14 0.90986
222.5 11.07340 14 0.91020
222.6 11.07935 14 0.91050
222.7 11.18531 14 0.91586
222.8 10.99491 14 0.90621
222.9 11.00097 14 0.90652
223.0 11.00671 14 0.90681
223.1 11.00546 14 0.90675
223.2 11.01356 14 0.90716
223.3 11.02708 14 0.90785
223.4 11.03434 14 0.90822
223.5 11.04091 14 0.90855
223.6 11.03965 14 0.90849
223.7 11.04183 14 0.90860
223.8 11.05211 14 0.90912
223.9 11.00976 14 0.90697
224.0 11.00601 14 0.90677
224.1 11.02302 14 0.90764
224.2 11.03106 14 0.90805
224.3 11.03867 14 0.90844
224.4 11.04290 14 0.90865
224.5 11.04057 14 0.90853
224.6 11.04872 14 0.90895
224.7 11.05699 14 0.90937
224.8 11.06740 14 0.90990
224.9 11.07399 14 0.91023
225.0 11.07986 14 0.91053
225.1 11.18622 14 0.91591
225.2 10.99586 14 0.90626
225.3 11.00162 14 0.90655
225.4 11.00728 14 0.90684
225.5 11.00429 14 0.90669
225.6 11.01465 14 0.90722
225.7 11.02794 14 0.90789
225.8 11.03479 14 0.90824
225.9 11.04123 14 0.90857
226.0 11.03919 14 0.90846
226.1 11.04228 14 0.90862
226.2 11.05241 14 0.90914
226.3 11.01023 14 0.90699
226.4 11.00720 14 0.90684
226.5 11.02359 14 0.90767
226.6 11.03166 14 0.90808
226.7 11.03892 14 0.90845
226.8 11.04259 14 0.90864
226.9 11.04050 14 0.90853
227.0 11.04889 14 0.90896
227.1 11.05706 14 0.90937
227.2 11.06740 14 0.90990
227.3 11.07393 14 0.91023
227.4 11.08010 14 0.91054
227.5 11.18658 14 0.91593
227.6 10.99599 14 0.90626
227.7 11.00168 14 0.90655
227.8 11.00729 14 0.90684
227.9 11.00436 14 0.90669
228.0 11.01449 14 0.90721
228.1 11.02775 14 0.90788
228.2 11.03458 14 0.90823
228.3 11.04101 14 0.90856
228.4 11.03965 14 0.90849
228.5 11.04257 14 0.90864
228.6 11.05232 14 0.90913
228.7 11.01011 14 0.90698
228.8 11.00674 14 0.90681
228.9 11.02326 14 0.90765
229.0 11.03112 14 0.90805
229.1 11.03862 14 0.90843
229.2 11.04368 14 0.90869
229.3 11.03948 14 0.90848
229.4 11.04783 14 0.90890
229.5 11.05637 14 0.90934
229.6 11.06713 14 0.90988
229.7 11.07362 14 0.91021
229.8 11.07975 14 0.91052
229.9 11.18577 14 0.91589
230.0 10.99552 14 0.90624
230.1 11.00121 14 0.90653
230.2 11.00680 14 0.90681
230.3 11.00561 14 0.90675
230.4 11.01305 14 0.90713
230.5 11.02656 14 0.90782
230.6 11.03353 14 0.90818
230.7 11.04059 14 0.90853
230.8 11.04010 14 0.90851
230.9 11.04122 14 0.90857
231.0 11.05137 14 0.90908
231.1 11.00945 14 0.90695
231.2 11.00468 14 0.90671
231.3 11.02205 14 0.90759
231.4 11.03009 14 0.90800
231.5 11.03780 14 0.90839
231.6 11.04302 14 0.90866
231.7 11.03829 14 0.90842
231.8 11.04669 14 0.90884
231.9 11.05517 14 0.90928
232.0 11.06622 14 0.90984
232.1 11.07273 14 0.91017
232.2 11.07885 14 0.91048
232.3 11.18391 14 0.91579
232.4 10.99430 14 0.90618
232.5 11.00021 14 0.90648
232.6 11.00581 14 0.90676
232.7 11.00980 14 0.90697
232.8 11.01106 14 0.90703
232.9 11.02483 14 0.90773
233.0 11.03244 14 0.90812
233.1 11.03952 14 0.90848
233.2 11.04255 14 0.90863
233.3 11.04030 14 0.90852
233.4 11.04904 14 0.90896
233.5 11.05735 14 0.90939
233.6 11.00333 14 0.90664
233.7 11.01993 14 0.90748
233.8 11.02835 14 0.90791
233.9 11.03590 14 0.90830
234.0 11.04186 14 0.90860
234.1 11.03871 14 0.90844
234.2 11.04406 14 0.90871
234.3 11.05349 14 0.90919
234.4 11.06451 14 0.90975
234.5 11.07074 14 0.91007
234.6 11.07743 14 0.91041
234.7 11.18402 14 0.91580
234.8 11.19386 14 0.91630
234.9 10.99823 14 0.90638
235.0 11.00424 14 0.90668
235.1 11.00951 14 0.90695
235.2 11.00620 14 0.90678
235.3 11.02247 14 0.90761
235.4 11.03049 14 0.90802
235.5 11.03769 14 0.90839
235.6 11.04313 14 0.90866
235.7 11.03820 14 0.90841
235.8 11.04582 14 0.90880
235.9 11.05516 14 0.90927
236.0 11.00695 14 0.90682
236.1 11.01322 14 0.90714
236.2 11.02631 14 0.90781
236.3 11.03418 14 0.90821
236.4 11.04040 14 0.90853
236.5 11.04004 14 0.90851
236.6 11.04067 14 0.90854
236.7 11.05058 14 0.90904
236.8 11.05860 14 0.90945
236.9 11.06852 14 0.90995
237.0 11.07477 14 0.91027
237.1 11.08099 14 0.91059
237.2 11.18850 14 0.91603
237.3 10.99653 14 0.90629
237.4 11.00232 14 0.90659
237.5 11.00772 14 0.90686
237.6 11.00386 14 0.90667
237.7 11.01945 14 0.90746
237.8 11.02804 14 0.90790
237.9 11.03497 14 0.90825
238.0 11.04115 14 0.90856
238.1 11.03968 14 0.90849
238.2 11.04276 14 0.90864
238.3 11.05217 14 0.90912
238.4 11.00982 14 0.90697
238.5 11.00634 14 0.90679
238.6 11.02273 14 0.90763
238.7 11.03044 14 0.90802
238.8 11.03825 14 0.90842
238.9 11.04332 14 0.90867
239.0 11.03863 14 0.90843
239.1 11.04674 14 0.90885
239.2 11.05502 14 0.90927
239.3 11.06633 14 0.90984
239.4 11.07267 14 0.91016
239.5 11.07864 14 0.91047
239.6 11.18390 14 0.91579
239.7 10.99413 14 0.90617
239.8 10.99975 14 0.90646
239.9 11.00545 14 0.90675
240.0 11.01054 14 0.90701
240.1 11.00965 14 0.90696
240.2 11.02378 14 0.90768
240.3 11.03162 14 0.90808
240.4 11.03908 14 0.90846
240.5 11.04351 14 0.90868
240.6 11.04064 14 0.90854
240.7 11.04813 14 0.90892
240.8 11.05644 14 0.90934
240.9 11.00484 14 0.90672
241.0 11.01490 14 0.90723
241.1 11.02727 14 0.90786
241.2 11.03485 14 0.90824
241.3 11.04086 14 0.90855
241.4 11.03968 14 0.90849
241.5 11.04190 14 0.90860
241.6 11.05173 14 0.90910
241.7 11.06294 14 0.90967
241.8 11.06952 14 0.91000
241.9 11.07596 14 0.91033
242.0 11.18173 14 0.91568
242.1 11.18946 14 0.91607
242.2 10.99688 14 0.90631
242.3 11.00255 14 0.90660
242.4 11.00785 14 0.90687
242.5 11.00395 14 0.90667
242.6 11.01998 14 0.90749
242.7 11.02833 14 0.90791
242.8 11.03511 14 0.90826
242.9 11.04150 14 0.90858
243.0 11.03922 14 0.90847
243.1 11.04311 14 0.90866
243.2 11.05232 14 0.90913
243.3 11.00983 14 0.90697
243.4 11.00608 14 0.90678
243.5 11.02244 14 0.90761
243.6 11.03054 14 0.90802
243.7 11.03823 14 0.90841
243.8 11.04322 14 0.90867
243.9 11.03891 14 0.90845
244.0 11.04684 14 0.90885
244.1 11.05497 14 0.90927
244.2 11.06617 14 0.90983
244.3 11.07242 14 0.91015
244.4 11.07832 14 0.91045
244.5 11.18388 14 0.91579
244.6 10.99359 14 0.90614
244.7 10.99951 14 0.90644
244.8 11.00514 14 0.90673
244.9 11.01012 14 0.90698
245.0 11.00923 14 0.90694
245.1 11.02339 14 0.90766
245.2 11.03099 14 0.90805
245.3 11.03867 14 0.90844
245.4 11.04347 14 0.90868
245.5 11.03856 14 0.90843
245.6 11.04642 14 0.90883
245.7 11.05584 14 0.90931
245.8 11.00607 14 0.90678
245.9 11.01356 14 0.90716
246.0 11.02625 14 0.90781
246.1 11.03432 14 0.90822
246.2 11.04035 14 0.90852
246.3 11.04127 14 0.90857
246.4 11.04051 14 0.90853
246.5 11.05015 14 0.90902
246.6 11.05801 14 0.90942
246.7 11.06819 14 0.90994
246.8 11.07464 14 0.91026
246.9 11.08037 14 0.91056
247.0 11.18705 14 0.91595
247.1 10.99620 14 0.90627
247.2 11.00184 14 0.90656
247.3 11.00709 14 0.90683
247.4 11.00564 14 0.90676
247.5 11.01384 14 0.90717
247.6 11.02658 14 0.90782
247.7 11.03316 14 0.90816
247.8 11.04031 14 0.90852
247.9 11.04137 14 0.90857
248.0 11.04008 14 0.90851
248.1 11.05018 14 0.90902
248.2 11.00889 14 0.90692
248.3 11.00477 14 0.90671
248.4 11.02062 14 0.90752
248.5 11.02899 14 0.90794
248.6 11.03611 14 0.90831
248.7 11.04178 14 0.90860
248.8 11.03903 14 0.90846
248.9 11.04419 14 0.90872
249.0 11.05318 14 0.90917
249.1 11.06392 14 0.90972
249.2 11.07028 14 0.91004
249.3 11.07707 14 0.91039
249.4 11.18346 14 0.91577
249.5 11.19244 14 0.91622
249.6 10.99774 14 0.90635
249.7 11.00353 14 0.90665
249.8 11.00837 14 0.90689
249.9 11.00457 14 0.90670
250.0 11.02108 14 0.90754
