15.0 2.05799 13 0.08597
15.1 2.09927 13 0.08971
15.2 2.14126 13 0.09349
15.3 2.18366 13 0.09729
15.4 2.22612 13 0.10101
15.5 2.26864 13 0.10477
15.6 2.31152 13 0.10855
15.7 2.35474 13 0.11234
15.8 2.39829 13 0.11614
15.9 2.44218 13 0.11995
16.0 2.48638 13 0.12377
16.1 2.54046 14 0.12764
16.2 2.60070 14 0.13148
16.3 2.66193 14 0.13534
16.4 2.72416 14 0.13920
16.5 2.78739 14 0.14307
16.6 2.85161 14 0.14696
16.7 2.91686 14 0.15085
16.8 2.98323 14 0.15475
16.9 3.05074 14 0.15866
17.0 3.11909 14 0.16258
17.1 3.18845 14 0.16652
17.2 3.25885 14 0.17046
17.3 3.33030 14 0.17441
17.4 3.40278 14 0.17837
17.5 3.47632 14 0.18234
17.6 3.55092 14 0.18632
17.7 3.62655 14 0.19030
17.8 3.70326 14 0.19430
17.9 3.77882 14 0.19834
18.0 3.85752 14 0.20235
18.1 3.93727 14 0.20637
18.2 4.01176 14 0.21039
18.3 4.08089 14 0.21442
18.4 4.15023 14 0.21847
18.5 4.22014 14 0.22252
18.6 4.29062 14 0.22658
18.7 4.36165 14 0.23064
18.8 4.43061 14 0.23475
18.9 4.50265 14 0.23883
19.0 4.57520 14 0.24292
19.1 4.64834 14 0.24702
19.2 4.73065 14 0.25170
19.3 4.83833 14 0.25829
19.4 4.94749 14 0.26494
19.5 5.05470 14 0.27169
19.6 5.16666 14 0.27846
19.7 5.28010 14 0.28530
19.8 5.39502 14 0.29221
19.9 5.51185 14 0.29917
20.0 5.63060 14 0.30620
20.1 5.75016 14 0.31330
20.2 5.86671 14 0.32049
20.3 5.98906 14 0.32772
20.4 6.11291 14 0.33502
20.5 6.23827 14 0.34238
20.6 6.36662 14 0.34980
20.7 6.48979 14 0.35733
20.8 6.67936 14 0.36507
20.9 6.80995 14 0.37270
21.0 6.94203 14 0.38040
21.1 7.03630 14 0.38554
21.2 7.10120 14 0.38915
21.3 7.17419 14 0.39274
21.4 7.24569 14 0.39633
21.5 7.31731 14 0.39994
21.6 7.38240 14 0.40359
21.7 7.45417 14 0.40721
21.8 7.52609 14 0.41085
21.9 7.60051 14 0.41448
22.0 7.66570 14 0.41817
22.1 7.73802 14 0.42183
22.2 7.81046 14 0.42550
22.3 7.88303 14 0.42918
22.4 7.95034 14 0.43289
22.5 8.02317 14 0.43659
22.6 8.09605 14 0.44030
22.7 8.16086 14 0.44404
22.8 8.23364 14 0.44777
22.9 8.30647 14 0.45150
23.0 8.37353 14 0.45527
23.1 8.44647 14 0.45902
23.2 8.51944 14 0.46278
23.3 8.58352 14 0.46658
23.4 8.65622 14 0.47036
23.5 8.72271 14 0.47417
23.6 8.78639 14 0.47800
23.7 8.85887 14 0.48181
23.8 8.92202 14 0.48566
23.9 8.96758 14 0.48956
24.0 9.00479 14 0.49350
24.1 9.07736 14 0.49734
24.2 9.14799 14 0.50120
24.3 9.21852 14 0.50506
24.4 9.28885 14 0.50894
24.5 9.35896 14 0.51282
24.6 9.43253 14 0.51671
24.7 9.50264 14 0.52061
24.8 9.57253 14 0.52453
24.9 9.64227 14 0.52845
25.0 9.71163 14 0.53238
25.1 9.78483 14 0.53632
25.2 9.85420 14 0.54027
25.3 9.92330 14 0.54423
25.4 9.99199 14 0.54820
25.5 10.06035 14 0.55218
25.6 10.13284 14 0.55616
25.7 10.20122 14 0.56016
25.8 10.26926 14 0.56417
25.9 10.33657 14 0.56819
26.0 10.40358 14 0.57222
26.1 10.47547 14 0.57625
26.2 10.54240 14 0.58030
26.3 10.60868 14 0.58435
26.4 10.67457 14 0.58842
26.5 10.74195 14 0.59249
26.6 10.81095 14 0.59657
26.7 10.87615 14 0.60067
26.8 10.94078 14 0.60478
26.9 11.00499 14 0.60889
27.0 11.07399 14 0.61301
27.1 11.13785 14 0.61715
27.2 11.20105 14 0.62129
27.3 11.26363 14 0.62545
27.4 11.32586 14 0.62961
27.5 11.39329 14 0.63378
27.6 11.45475 14 0.63796
27.7 11.51562 14 0.64216
27.8 11.57595 14 0.64636
27.9 11.63557 14 0.65058
28.0 11.70106 14 0.65479
28.1 11.76012 14 0.65903
28.2 11.81849 14 0.66327
28.3 11.87594 14 0.66752
28.4 11.93271 14 0.67179
28.5 11.99600 14 0.67605
28.6 12.05175 14 0.68034
28.7 12.10688 14 0.68463
28.8 12.16106 14 0.68894
28.9 12.21425 14 0.69325
29.0 12.27420 14 0.69757
29.1 12.32611 14 0.70190
29.2 12.37672 14 0.70625
29.3 12.42610 14 0.71060
29.4 12.47458 14 0.71497
29.5 12.53076 14 0.71934
29.6 12.57840 14 0.72372
29.7 12.62530 14 0.72812
29.8 12.67115 14 0.73253
29.9 12.71601 14 0.73694
30.0 12.76907 14 0.74136
30.1 12.81303 14 0.74579
30.2 12.85629 14 0.75024
30.3 12.89843 14 0.75470
30.4 12.93975 14 0.75916
30.5 12.98596 14 0.76363
30.6 13.02981 14 0.76811
30.7 13.06896 14 0.77261
30.8 13.10713 14 0.77712
30.9 13.14413 14 0.78163
31.0 13.18348 14 0.78616
31.1 13.22697 14 0.79068
31.2 13.26206 14 0.79523
31.3 13.29639 14 0.79979
31.4 13.32936 14 0.80435
31.5 13.36120 14 0.80893
31.6 13.40383 14 0.81350
31.7 13.43454 14 0.81810
31.8 13.46458 14 0.82271
31.9 13.49339 14 0.82732
32.0 13.52095 14 0.83195
32.1 13.55689 14 0.83658
32.2 13.58635 14 0.84122
32.3 13.61176 14 0.84587
32.4 13.63584 14 0.85054
32.5 13.65877 14 0.85521
32.6 13.68068 14 0.85990
32.7 13.71566 14 0.86459
32.8 13.73656 14 0.86929
32.9 13.75646 14 0.87400
33.0 13.77501 14 0.87873
33.1 13.79227 14 0.88346
33.2 13.80914 14 0.88820
33.3 13.83894 14 0.89295
33.4 13.85406 14 0.89772
33.5 13.86792 14 0.90249
33.6 13.88091 14 0.90727
33.7 13.88404 14 0.91207
33.8 13.86999 14 0.91687
33.9 13.85114 14 0.92169
34.0 13.78819 14 0.92653
34.1 13.67660 14 0.93139
34.2 13.39621 14 0.93631
34.3 12.89637 14 0.94128
34.4 12.50061 14 0.94622
34.5 12.23380 14 0.95113
34.6 12.29572 14 0.95595
34.7 12.40301 14 0.96078
34.8 12.39479 14 0.96565
34.9 12.50535 14 0.97050
35.0 12.61934 14 0.97537
35.1 12.74801 14 0.98025
35.2 12.77523 14 0.98516
35.3 12.86677 14 0.99007
35.4 12.98713 14 0.99500
35.5 13.10863 14 0.99994
35.6 13.17264 14 1.00000
35.7 13.18974 14 1.00000
35.8 13.19112 14 1.00000
35.9 13.25529 14 1.00000
36.0 13.31987 14 1.00000
36.1 13.38477 14 1.00000
36.2 13.35004 14 1.00000
36.3 13.31465 14 1.00000
36.4 13.36271 14 1.00000
36.5 13.45216 14 1.00000
36.6 13.47351 14 1.00000
36.7 13.51934 14 1.00000
36.8 13.53556 14 1.00000
36.9 13.56255 14 1.00000
37.0 13.59865 14 1.00000
37.1 13.57919 14 1.00000
37.2 13.59569 14 1.00000
37.3 13.60693 14 1.00000
37.4 13.63509 14 1.00000
37.5 13.65878 14 1.00000
37.6 13.68537 14 1.00000
37.7 13.70795 14 1.00000
37.8 13.72170 14 1.00000
37.9 13.74366 14 1.00000
38.0 13.76465 14 1.00000
38.1 13.74547 14 1.00000
38.2 13.65458 14 1.00000
38.3 13.62185 14 1.00000
38.4 13.48553 14 1.00000
38.5 13.46854 14 1.00000
38.6 13.46317 14 1.00000
38.7 13.36781 14 1.00000
38.8 13.30518 14 1.00000
38.9 13.30522 14 1.00000
39.0 13.28091 14 1.00000
39.1 13.22746 14 1.00000
39.2 13.17671 14 1.00000
39.3 13.03974 14 0.99408
39.4 12.88626 14 0.98679
39.5 12.84736 14 0.98494
39.6 12.85435 14 0.98527
39.7 12.60263 14 0.97320
39.8 12.52351 14 0.96938
39.9 12.53416 14 0.96990
40.0 12.42994 14 0.96485
40.1 12.28378 14 0.95774
40.2 12.23211 14 0.95521
40.3 12.26542 14 0.95684
40.4 12.08121 14 0.94780
40.5 11.98140 14 0.94287
40.6 12.01281 14 0.94443
40.7 11.99686 14 0.94364
40.8 11.80050 14 0.93389
40.9 11.77276 14 0.93250
41.0 11.76507 14 0.93212
41.1 11.62991 14 0.92534
41.2 11.57024 14 0.92234
41.3 11.50877 14 0.91924
41.4 11.53674 14 0.92065
41.5 11.38702 14 0.91307
41.6 11.29254 14 0.90825
41.7 11.28689 14 0.90796
41.8 11.16731 14 0.90184
41.9 11.24875 14 0.90601
42.0 11.40633 14 0.91405
42.1 11.48328 14 0.91795
42.2 11.55773 14 0.92171
42.3 11.63569 14 0.92563
42.4 11.65100 14 0.92640
42.5 11.72551 14 0.93014
42.6 11.76826 14 0.93228
42.7 11.84000 14 0.93586
42.8 11.91525 14 0.93960
42.9 11.98627 14 0.94312
43.0 12.05881 14 0.94670
43.1 12.10358 14 0.94890
43.2 12.15545 14 0.95145
43.3 12.23414 14 0.95531
43.4 12.40337 14 0.96356
43.5 12.49827 14 0.96816
43.6 12.59036 14 0.97261
43.7 12.68074 14 0.97696
43.8 12.76925 14 0.98120
43.9 12.86107 14 0.98559
44.0 12.88172 14 0.98657
44.1 12.97719 14 0.99111
44.2 13.05935 14 0.99500
44.3 13.14023 14 0.99882
44.4 13.18783 14 1.00000
44.5 13.22474 14 1.00000
44.6 13.26007 14 1.00000
44.7 13.29524 14 1.00000
44.8 13.33262 14 1.00000
44.9 13.35662 14 1.00000
45.0 13.39629 14 1.00000
45.1 13.43472 14 1.00000
45.2 13.48194 14 1.00000
45.3 13.50375 14 1.00000
45.4 13.54016 14 1.00000
45.5 13.59184 14 1.00000
45.6 13.62166 14 1.00000
45.7 13.65871 14 1.00000
45.8 13.69489 14 1.00000
45.9 13.73418 14 1.00000
46.0 13.77245 14 1.00000
46.1 13.81077 14 1.00000
46.2 13.84797 14 1.00000
46.3 13.88641 14 1.00000
46.4 13.93246 14 1.00000
46.5 13.96007 14 1.00000
46.6 13.99575 14 1.00000
46.7 14.03131 14 1.00000
46.8 14.09314 14 1.00000
46.9 14.12807 14 1.00000
47.0 14.16531 14 1.00000
47.1 14.19272 14 1.00000
47.2 14.22111 14 1.00000
47.3 14.25445 14 1.00000
47.4 14.28563 14 1.00000
47.5 14.31580 14 1.00000
47.6 14.34556 14 1.00000
47.7 14.37345 14 1.00000
47.8 14.40089 14 1.00000
47.9 14.42656 14 1.00000
48.0 14.46627 14 1.00000
48.1 14.53884 14 1.00000
48.2 14.55964 14 1.00000
48.3 14.61976 14 1.00000
48.4 14.66413 14 1.00000
48.5 14.70132 14 1.00000
48.6 14.73835 14 1.00000
48.7 14.77328 14 1.00000
48.8 14.83504 14 1.00000
48.9 14.86856 14 1.00000
49.0 14.89710 14 1.00000
49.1 14.92367 14 1.00000
49.2 14.96147 14 1.00000
49.3 14.98046 14 1.00000
49.4 14.99143 14 1.00000
49.5 15.03217 14 1.00000
49.6 15.06091 14 1.00000
49.7 15.12658 14 1.00000
49.8 15.16747 14 1.00000
49.9 15.19427 14 1.00000
50.0 15.25961 14 1.00000
50.1 15.30197 14 1.00000
50.2 15.29304 14 1.00000
50.3 15.39673 14 1.00000
50.4 15.43944 14 1.00000
50.5 15.45980 14 1.00000
50.6 15.46777 14 1.00000
50.7 15.51784 14 1.00000
50.8 15.53982 14 1.00000
50.9 15.57649 14 1.00000
51.0 15.60202 14 1.00000
51.1 15.62442 14 1.00000
51.2 15.67256 14 1.00000
51.3 15.71366 14 1.00000
51.4 15.78041 14 1.00000
51.5 15.82688 14 1.00000
51.6 15.86848 14 1.00000
51.7 15.90395 14 1.00000
51.8 15.94259 14 1.00000
51.9 15.97445 14 1.00000
52.0 16.03736 14 1.00000
52.1 16.06717 14 1.00000
52.2 16.09752 14 1.00000
52.3 16.12490 14 1.00000
52.4 16.15060 14 1.00000
52.5 16.17841 14 1.00000
52.6 16.20264 14 1.00000
52.7 16.23829 14 1.00000
52.8 16.28562 14 1.00000
52.9 16.33018 14 1.00000
53.0 16.39361 14 1.00000
53.1 16.43937 14 1.00000
53.2 16.48011 14 1.00000
53.3 16.52017 14 1.00000
53.4 16.55691 14 1.00000
53.5 16.59133 14 1.00000
53.6 16.65149 14 1.00000
53.7 16.68362 14 1.00000
53.8 16.71194 14 1.00000
53.9 16.73985 14 1.00000
54.0 16.76681 14 1.00000
54.1 16.79147 14 1.00000
54.2 16.81938 14 1.00000
54.3 16.85071 14 1.00000
54.4 16.90048 14 1.00000
54.5 16.94432 14 1.00000
54.6 17.00415 14 1.00000
54.7 17.04603 14 1.00000
54.8 17.09452 14 1.00000
54.9 17.13445 14 1.00000
55.0 17.17141 14 1.00000
55.1 17.20598 14 1.00000
55.2 17.26639 14 1.00000
55.3 17.30483 14 1.00000
55.4 17.33108 14 1.00000
55.5 17.35938 14 1.00000
55.6 17.38521 14 1.00000
55.7 17.41253 14 1.00000
55.8 17.43582 14 1.00000
55.9 17.46554 14 1.00000
56.0 17.50236 14 1.00000
56.1 17.55350 14 1.00000
56.2 17.59881 14 1.00000
56.3 17.64925 14 1.00000
56.4 17.69573 14 1.00000
56.5 17.74678 14 1.00000
56.6 17.78764 14 1.00000
56.7 17.82613 14 1.00000
56.8 17.86263 14 1.00000
56.9 17.89470 14 1.00000
57.0 17.95642 14 1.00000
57.1 17.98942 14 1.00000
57.2 18.01782 14 1.00000
57.3 18.04149 14 1.00000
57.4 18.07478 14 1.00000
57.5 18.09960 14 1.00000
57.6 18.12685 14 1.00000
57.7 18.15232 14 1.00000
57.8 18.20156 14 1.00000
57.9 18.25280 14 1.00000
58.0 18.29768 14 1.00000
58.1 18.34747 14 1.00000
58.2 18.40098 14 1.00000
58.3 18.44279 14 1.00000
58.4 18.48693 14 1.00000
58.5 18.52554 14 1.00000
58.6 18.55668 14 1.00000
58.7 18.59610 14 1.00000
58.8 18.65612 14 1.00000
58.9 18.69370 14 1.00000
59.0 18.71285 14 1.00000
59.1 18.74965 14 1.00000
59.2 18.77767 14 1.00000
59.3 18.79736 14 1.00000
59.4 18.82589 14 1.00000
59.5 18.85879 14 1.00000
59.6 18.89256 14 1.00000
59.7 18.95183 14 1.00000
59.8 19.00104 14 1.00000
59.9 19.04432 14 1.00000
60.0 19.10102 14 1.00000
60.1 19.14754 14 1.00000
60.2 19.19163 14 1.00000
60.3 19.22561 14 1.00000
60.4 19.27142 14 1.00000
60.5 19.30828 14 1.00000
60.6 19.34070 14 1.00000
60.7 19.40341 14 1.00000
60.8 19.44196 14 1.00000
60.9 19.46850 14 1.00000
61.0 19.49751 14 1.00000
61.1 19.52618 14 1.00000
61.2 19.55039 14 1.00000
61.3 19.57929 14 1.00000
61.4 19.59961 14 1.00000
61.5 19.63895 14 1.00000
61.6 19.69963 14 1.00000
61.7 19.74070 14 1.00000
61.8 19.79121 14 1.00000
61.9 19.83855 14 1.00000
62.0 19.90022 14 1.00000
62.1 19.94123 14 1.00000
62.2 19.98766 14 1.00000
62.3 20.01616 14 1.00000
62.4 20.06342 14 1.00000
62.5 20.09946 14 1.00000
62.6 20.13642 14 1.00000
62.7 20.19918 14 1.00000
62.8 20.23490 14 1.00000
62.9 20.26395 14 1.00000
63.0 20.28584 14 1.00000
63.1 20.31877 14 1.00000
63.2 20.34203 14 1.00000
63.3 20.37367 14 1.00000
63.4 20.39656 14 1.00000
63.5 20.43375 14 1.00000
63.6 20.49867 14 1.00000
63.7 20.54594 14 1.00000
63.8 20.59585 14 1.00000
63.9 20.63648 14 1.00000
64.0 20.69762 14 1.00000
64.1 20.74676 14 1.00000
64.2 20.78909 14 1.00000
64.3 20.83205 14 1.00000
64.4 20.86980 14 1.00000
64.5 20.90867 14 1.00000
64.6 20.94460 14 1.00000
64.7 20.97398 14 1.00000
64.8 21.05264 14 1.00000
64.9 21.07580 14 1.00000
65.0 21.09367 14 1.00000
65.1 21.13310 14 1.00000
65.2 21.16629 14 1.00000
65.3 21.19447 14 1.00000
65.4 21.21675 14 1.00000
65.5 21.23984 14 1.00000
65.6 21.28543 14 1.00000
65.7 21.34879 14 1.00000
65.8 21.39790 14 1.00000
65.9 21.44925 14 1.00000
66.0 21.49334 14 1.00000
66.1 21.54045 14 1.00000
66.2 21.59489 14 1.00000
66.3 21.63774 14 1.00000
66.4 21.68524 14 1.00000
66.5 21.72511 14 1.00000
66.6 21.75239 14 1.00000
66.7 21.79684 14 1.00000
66.8 21.82899 14 1.00000
66.9 21.90251 14 1.00000
67.0 21.93464 14 1.00000
67.1 21.96580 14 1.00000
67.2 21.99199 14 1.00000
67.3 22.03083 14 1.00000
67.4 22.05832 14 1.00000
67.5 22.08849 14 1.00000
67.6 22.10771 14 1.00000
67.7 22.13429 14 1.00000
67.8 22.18606 14 1.00000
67.9 22.25007 14 1.00000
68.0 22.30073 14 1.00000
68.1 22.33599 14 1.00000
68.2 22.39951 14 1.00000
68.3 22.43747 14 1.00000
68.4 22.50274 14 1.00000
68.5 22.54816 14 1.00000
68.6 22.58668 14 1.00000
68.7 22.63035 14 1.00000
68.8 22.66270 14 1.00000
68.9 22.70953 14 1.00000
69.0 22.74657 14 1.00000
69.1 22.77962 14 1.00000
69.2 22.83071 14 1.00000
69.3 22.89084 14 1.00000
69.4 22.91294 14 1.00000
69.5 22.94282 14 1.00000
69.6 22.97245 14 1.00000
69.7 23.00121 14 1.00000
69.8 23.03667 14 1.00000
69.9 23.05616 14 1.00000
70.0 23.08497 14 1.00000
70.1 23.13593 14 1.00000
70.2 23.20281 14 1.00000
70.3 23.25332 14 1.00000
70.4 23.29501 14 1.00000
70.5 23.33655 14 1.00000
70.6 23.39979 14 1.00000
70.7 23.45245 14 1.00000
70.8 23.49834 14 1.00000
70.9 23.55307 14 1.00000
71.0 23.58512 14 1.00000
71.1 23.62030 14 1.00000
71.2 23.67427 14 1.00000
71.3 23.70716 14 1.00000
71.4 23.73347 14 1.00000
71.5 23.78854 14 1.00000
71.6 23.87251 14 1.00000
71.7 23.88268 14 1.00000
71.8 23.92536 14 1.00000
71.9 23.95691 14 1.00000
72.0 23.96636 14 1.00000
72.1 24.00503 14 1.00000
72.2 24.04503 14 1.00000
72.3 24.06620 14 1.00000
72.4 24.09653 14 1.00000
72.5 24.13119 14 1.00000
72.6 24.20313 14 1.00000
72.7 24.24855 14 1.00000
72.8 24.31522 14 1.00000
72.9 24.36717 14 1.00000
73.0 24.41285 14 1.00000
73.1 24.45885 14 1.00000
73.2 24.51487 14 1.00000
73.3 24.55767 14 1.00000
73.4 24.61115 14 1.00000
73.5 24.65418 14 1.00000
73.6 24.69569 14 1.00000
73.7 24.72407 14 1.00000
73.8 24.77109 14 1.00000
73.9 24.81133 14 1.00000
74.0 24.84743 14 1.00000
74.1 24.92842 14 1.00000
74.2 24.95914 14 1.00000
74.3 24.98793 14 1.00000
74.4 25.00252 14 1.00000
74.5 25.03913 14 1.00000
74.6 25.08060 14 1.00000
74.7 25.09284 14 1.00000
74.8 25.14334 14 1.00000
74.9 25.17295 14 1.00000
75.0 25.20058 14 1.00000
75.1 25.26044 14 1.00000
75.2 25.31145 14 1.00000
75.3 25.37681 14 1.00000
75.4 25.41512 14 1.00000
75.5 25.45961 14 1.00000
75.6 25.52753 14 1.00000
75.7 25.55020 14 1.00000
75.8 25.62901 14 1.00000
75.9 25.66012 14 1.00000
76.0 25.72195 14 1.00000
76.1 25.76906 14 1.00000
76.2 25.80518 14 1.00000
76.3 25.83553 14 1.00000
76.4 25.88353 14 1.00000
76.5 25.92932 14 1.00000
76.6 25.96709 14 1.00000
76.7 26.00239 14 1.00000
76.8 26.07027 14 1.00000
76.9 26.08872 14 1.00000
77.0 26.13870 14 1.00000
77.1 26.17743 14 1.00000
77.2 26.19936 14 1.00000
77.3 26.24085 14 1.00000
77.4 26.27067 14 1.00000
77.5 26.29879 14 1.00000
77.6 26.33142 14 1.00000
77.7 26.36150 14 1.00000
77.8 26.41034 14 1.00000
77.9 26.48401 14 1.00000
78.0 26.54546 14 1.00000
78.1 26.58954 14 1.00000
78.2 26.65026 14 1.00000
78.3 26.69960 14 1.00000
78.4 26.73841 14 1.00000
78.5 26.77441 14 1.00000
78.6 26.85330 14 1.00000
78.7 26.88648 14 1.00000
78.8 26.93631 14 1.00000
78.9 26.97490 14 1.00000
79.0 27.03197 14 1.00000
79.1 27.06842 14 1.00000
79.2 27.11184 14 1.00000
79.3 27.12759 14 1.00000
79.4 27.17730 14 1.00000
79.5 27.21190 14 1.00000
79.6 27.30179 14 1.00000
79.7 27.33023 14 1.00000
79.8 27.36960 14 1.00000
79.9 27.40102 14 1.00000
80.0 27.42226 14 1.00000
80.1 27.46784 14 1.00000
80.2 27.49999 14 1.00000
80.3 27.53079 14 1.00000
80.4 27.56266 14 1.00000
80.5 27.56722 14 1.00000
80.6 27.64536 14 1.00000
80.7 27.71099 14 1.00000
80.8 27.74548 14 1.00000
80.9 27.81564 14 1.00000
81.0 27.86933 14 1.00000
81.1 27.91090 14 1.00000
81.2 27.98146 14 1.00000
81.3 28.02836 14 1.00000
81.4 28.05422 14 1.00000
81.5 28.12505 14 1.00000
81.6 28.18548 14 1.00000
81.7 28.23160 14 1.00000
81.8 28.27613 14 1.00000
81.9 28.31668 14 1.00000
82.0 28.34004 14 1.00000
82.1 28.39847 14 1.00000
82.2 28.43920 14 1.00000
82.3 28.46001 14 1.00000
82.4 28.50458 14 1.00000
82.5 28.60951 14 1.00000
82.6 28.63477 14 1.00000
82.7 28.65380 14 1.00000
82.8 28.70044 14 1.00000
82.9 28.73461 14 1.00000
83.0 28.76593 14 1.00000
83.1 28.79527 14 1.00000
83.2 28.82280 14 1.00000
83.3 28.85979 14 1.00000
83.4 28.89706 14 1.00000
83.5 28.90667 14 1.00000
83.6 28.98115 14 1.00000
83.7 29.04832 14 1.00000
83.8 29.11035 14 1.00000
83.9 29.16790 14 1.00000
84.0 29.22349 14 1.00000
84.1 29.27690 14 1.00000
84.2 29.31937 14 1.00000
84.3 29.37716 14 1.00000
84.4 29.42415 14 1.00000
84.5 29.46963 14 1.00000
84.6 29.51332 14 1.00000
84.7 29.56867 14 1.00000
84.8 29.62086 14 1.00000
84.9 29.66000 14 1.00000
85.0 29.70628 14 1.00000
85.1 29.75761 14 1.00000
85.2 29.77406 14 1.00000
85.3 29.83635 14 1.00000
85.4 29.87985 14 1.00000
85.5 29.89489 14 1.00000
85.6 29.93277 14 1.00000
85.7 30.04037 14 1.00000
85.8 30.05712 14 1.00000
85.9 30.10906 14 1.00000
86.0 30.14476 14 1.00000
86.1 30.17898 14 1.00000
86.2 30.21295 14 1.00000
86.3 30.24682 14 1.00000
86.4 30.28032 14 1.00000
86.5 30.29958 14 1.00000
86.6 30.33999 14 1.00000
86.7 30.37573 14 1.00000
86.8 30.43995 14 1.00000
86.9 30.50642 14 1.00000
87.0 30.56900 14 1.00000
87.1 30.62813 14 1.00000
87.2 30.68428 14 1.00000
87.3 30.73207 14 1.00000
87.4 30.79085 14 1.00000
87.5 30.83558 14 1.00000
87.6 30.89100 14 1.00000
87.7 30.93823 14 1.00000
87.8 30.99825 14 1.00000
87.9 31.05240 14 1.00000
88.0 31.10040 14 1.00000
88.1 31.14686 14 1.00000
88.2 31.19110 14 1.00000
88.3 31.22821 14 1.00000
88.4 31.27600 14 1.00000
88.5 31.31710 14 1.00000
88.6 31.35858 14 1.00000
88.7 31.39435 14 1.00000
88.8 31.43846 14 1.00000
88.9 31.47664 14 1.00000
89.0 31.55443 14 1.00000
89.1 31.60204 14 1.00000
89.2 31.63746 14 1.00000
89.3 31.67346 14 1.00000
89.4 31.70852 14 1.00000
89.5 31.74389 14 1.00000
89.6 31.77825 14 1.00000
89.7 31.78822 14 1.00000
89.8 31.83893 14 1.00000
89.9 31.88100 14 1.00000
90.0 31.89908 14 1.00000
90.1 31.94764 14 1.00000
90.2 32.01869 14 1.00000
90.3 32.08467 14 1.00000
90.4 32.14554 14 1.00000
90.5 32.20234 14 1.00000
90.6 32.25441 14 1.00000
90.7 32.32115 14 1.00000
90.8 32.37413 14 1.00000
90.9 32.42731 14 1.00000
91.0 32.46262 14 1.00000
91.1 32.51943 14 1.00000
91.2 32.56875 14 1.00000
91.3 32.61785 14 1.00000
91.4 32.67418 14 1.00000
91.5 32.72766 14 1.00000
91.6 32.76723 14 1.00000
91.7 32.80960 14 1.00000
91.8 32.87663 14 1.00000
91.9 32.91124 14 1.00000
92.0 32.96069 14 1.00000
92.1 33.00082 14 1.00000
92.2 33.04257 14 1.00000
92.3 33.07487 14 1.00000
92.4 33.12488 14 1.00000
92.5 33.22388 14 1.00000
92.6 33.25395 14 1.00000
92.7 33.29079 14 1.00000
92.8 33.32936 14 1.00000
92.9 33.36534 14 1.00000
93.0 33.40049 14 1.00000
93.1 33.41750 14 1.00000
93.2 33.46501 14 1.00000
93.3 33.50948 14 1.00000
93.4 33.52127 14 1.00000
93.5 33.57758 14 1.00000
93.6 33.58727 14 1.00000
93.7 33.64655 14 1.00000
93.8 33.71549 14 1.00000
93.9 33.77182 14 1.00000
94.0 33.83318 14 1.00000
94.1 33.91403 14 1.00000
94.2 33.97448 14 1.00000
94.3 34.02366 14 1.00000
94.4 34.08708 14 1.00000
94.5 34.13525 14 1.00000
94.6 34.19495 14 1.00000
94.7 34.24517 14 1.00000
94.8 34.29093 14 1.00000
94.9 34.33527 14 1.00000
95.0 34.41114 14 1.00000
95.1 34.46342 14 1.00000
95.2 34.51258 14 1.00000
95.3 34.55992 14 1.00000
95.4 34.60270 14 1.00000
95.5 34.62763 14 1.00000
95.6 34.69498 14 1.00000
95.7 34.73834 14 1.00000
95.8 34.75572 14 1.00000
95.9 34.82573 14 1.00000
96.0 34.84125 14 1.00000
96.1 34.90792 14 1.00000
96.2 34.94611 14 1.00000
96.3 35.04758 14 1.00000
96.4 35.08239 14 1.00000
96.5 34.75935 14 1.00000
96.6 34.82779 14 1.00000
96.7 34.84588 14 1.00000
96.8 34.90940 14 1.00000
96.9 34.94822 14 1.00000
97.0 35.04845 14 1.00000
97.1 35.08451 14 1.00000
97.2 34.76468 14 1.00000
97.3 34.82975 14 1.00000
97.4 34.84421 14 1.00000
97.5 34.91091 14 1.00000
97.6 34.95042 14 1.00000
97.7 35.04898 14 1.00000
97.8 35.08596 14 1.00000
97.9 34.77104 14 1.00000
98.0 34.83175 14 1.00000
98.1 34.84979 14 1.00000
98.2 34.91239 14 1.00000
98.3 34.95276 14 1.00000
98.4 35.04899 14 1.00000
98.5 34.74407 14 1.00000
98.6 34.77864 14 1.00000
98.7 34.83381 14 1.00000
98.8 34.85809 14 1.00000
98.9 34.91373 14 1.00000
99.0 34.95522 14 1.00000
99.1 35.04823 14 1.00000
99.2 34.74561 14 1.00000
99.3 34.78773 14 1.00000
99.4 34.83587 14 1.00000
99.5 34.86895 14 1.00000
99.6 34.91493 14 1.00000
99.7 35.02219 14 1.00000
99.8 35.04643 14 1.00000
99.9 34.74714 14 1.00000
100.0 34.79386 14 1.00000
100.1 34.83799 14 1.00000
100.2 34.87806 14 1.00000
100.3 34.91589 14 1.00000
100.4 35.02026 14 1.00000
100.5 35.04311 14 1.00000
100.6 34.74855 14 1.00000
100.7 34.79696 14 1.00000
100.8 34.83973 14 1.00000
100.9 34.88129 14 1.00000
101.0 34.91642 14 1.00000
101.1 35.01594 14 1.00000
101.2 35.03788 14 1.00000
101.3 34.74985 14 1.00000
101.4 34.80033 14 1.00000
101.5 34.84165 14 1.00000
101.6 34.88475 14 1.00000
101.7 34.91632 14 1.00000
101.8 35.00855 14 1.00000
101.9 35.03726 14 1.00000
102.0 34.75088 14 1.00000
102.1 34.80415 14 1.00000
102.2 34.84343 14 1.00000
102.3 34.88827 14 1.00000
102.4 34.91543 14 1.00000
102.5 35.00714 14 1.00000
102.6 35.05120 14 1.00000
102.7 34.75172 14 1.00000
102.8 34.80794 14 1.00000
102.9 34.84478 14 1.00000
103.0 34.89195 14 1.00000
103.1 34.91360 14 1.00000
103.2 35.03300 14 1.00000
103.3 35.06743 14 1.00000
103.4 34.75218 14 1.00000
103.5 34.81192 14 1.00000
103.6 34.84552 14 1.00000
103.7 34.89566 14 1.00000
103.8 34.91466 14 1.00000
103.9 35.03714 14 1.00000
104.0 35.07158 14 1.00000
104.1 34.75214 14 1.00000
104.2 34.81612 14 1.00000
104.3 34.84543 14 1.00000
104.4 34.89931 14 1.00000
104.5 34.91403 14 1.00000
104.6 35.04095 14 1.00000
104.7 35.07578 14 1.00000
104.8 34.75143 14 1.00000
104.9 34.82024 14 1.00000
105.0 34.84448 14 1.00000
105.1 34.90340 14 1.00000
105.2 34.93091 14 1.00000
105.3 35.04453 14 1.00000
105.4 35.07961 14 1.00000
105.5 34.75634 14 1.00000
105.6 34.82438 14 1.00000
105.7 34.84216 14 1.00000
105.8 34.90724 14 1.00000
105.9 34.94572 14 1.00000
106.0 35.04767 14 1.00000
106.1 35.08268 14 1.00000
106.2 34.76165 14 1.00000
106.3 34.82888 14 1.00000
106.4 34.84463 14 1.00000
106.5 34.91094 14 1.00000
106.6 34.95072 14 1.00000
106.7 35.04905 14 1.00000
106.8 34.74337 14 1.00000
106.9 34.77598 14 1.00000
107.0 34.83335 14 1.00000
107.1 34.85744 14 1.00000
107.2 34.91394 14 1.00000
107.3 35.02254 14 1.00000
107.4 35.04760 14 1.00000
107.5 34.74647 14 1.00000
107.6 34.79279 14 1.00000
107.7 34.83758 14 1.00000
107.8 34.87811 14 1.00000
107.9 34.91593 14 1.00000
108.0 35.01963 14 1.00000
108.1 35.04197 14 1.00000
108.2 34.74910 14 1.00000
108.3 34.79858 14 1.00000
108.4 34.84095 14 1.00000
108.5 34.88379 14 1.00000
108.6 34.91640 14 1.00000
108.7 35.00912 14 1.00000
108.8 35.03713 14 1.00000
108.9 34.75097 14 1.00000
109.0 34.80480 14 1.00000
109.1 34.84382 14 1.00000
109.2 34.88958 14 1.00000
109.3 34.91470 14 1.00000
109.4 35.01801 14 1.00000
109.5 35.06577 14 1.00000
109.6 34.75208 14 1.00000
109.7 34.81106 14 1.00000
109.8 34.84546 14 1.00000
109.9 34.89533 14 1.00000
110.0 34.91465 14 1.00000
110.1 35.03724 14 1.00000
110.2 35.07215 14 1.00000
110.3 34.75206 14 1.00000
110.4 34.81725 14 1.00000
110.5 34.84523 14 1.00000
110.6 34.90072 14 1.00000
110.7 34.92089 14 1.00000
110.8 35.04284 14 1.00000
110.9 35.07814 14 1.00000
111.0 34.75671 14 1.00000
111.1 34.82310 14 1.00000
111.2 34.84289 14 1.00000
111.3 34.90656 14 1.00000
111.4 34.94513 14 1.00000
111.5 35.04754 14 1.00000
111.6 35.08260 14 1.00000
111.7 34.76255 14 1.00000
111.8 34.82946 14 1.00000
111.9 34.84415 14 1.00000
112.0 34.91162 14 1.00000
112.1 34.95186 14 1.00000
112.2 35.04897 14 1.00000
112.3 34.74449 14 1.00000
112.4 34.78296 14 1.00000
112.5 34.83529 14 1.00000
112.6 34.86903 14 1.00000
112.7 34.91521 14 1.00000
112.8 35.02161 14 1.00000
112.9 35.04444 14 1.00000
113.0 34.74824 14 1.00000
113.1 34.79706 14 1.00000
113.2 34.84014 14 1.00000
113.3 34.88275 14 1.00000
113.4 34.91646 14 1.00000
113.5 35.01054 14 1.00000
113.6 35.03804 14 1.00000
113.7 34.75093 14 1.00000
113.8 34.80500 14 1.00000
113.9 34.84394 14 1.00000
114.0 34.89041 14 1.00000
114.1 34.91432 14 1.00000
114.2 35.02771 14 1.00000
114.3 35.06704 14 1.00000
114.4 34.75220 14 1.00000
114.5 34.81294 14 1.00000
114.6 34.84559 14 1.00000
114.7 34.89740 14 1.00000
114.8 34.91243 14 1.00000
114.9 35.04000 14 1.00000
115.0 35.07495 14 1.00000
115.1 34.75145 14 1.00000
115.2 34.82040 14 1.00000
115.3 34.84409 14 1.00000
115.4 34.90448 14 1.00000
115.5 34.93906 14 1.00000
115.6 35.04560 14 1.00000
115.7 35.08136 14 1.00000
115.8 34.75799 14 1.00000
115.9 34.82782 14 1.00000
116.0 34.84502 14 1.00000
116.1 34.91077 14 1.00000
116.2 34.95132 14 1.00000
116.3 35.04904 14 1.00000
116.4 34.74432 14 1.00000
116.5 34.78246 14 1.00000
116.6 34.83510 14 1.00000
116.7 34.86993 14 1.00000
116.8 34.91531 14 1.00000
116.9 35.02102 14 1.00000
117.0 35.04350 14 1.00000
117.1 34.74884 14 1.00000
117.2 34.79840 14 1.00000
117.3 34.84113 14 1.00000
117.4 34.88456 14 1.00000
117.5 34.91631 14 1.00000
117.6 35.01016 14 1.00000
117.7 35.04201 14 1.00000
117.8 34.75156 14 1.00000
117.9 34.80777 14 1.00000
118.0 34.84498 14 1.00000
118.1 34.89346 14 1.00000
118.2 34.91041 14 1.00000
118.3 35.03622 14 1.00000
118.4 35.07076 14 1.00000
118.5 34.75208 14 1.00000
118.6 34.81703 14 1.00000
118.7 34.84513 14 1.00000
118.8 34.90132 14 1.00000
118.9 34.92675 14 1.00000
119.0 35.04409 14 1.00000
119.1 35.07926 14 1.00000
119.2 34.75606 14 1.00000
119.3 34.82534 14 1.00000
119.4 34.84629 14 1.00000
119.5 34.90931 14 1.00000
119.6 34.94980 14 1.00000
119.7 35.04901 14 1.00000
119.8 34.74346 14 1.00000
119.9 34.77891 14 1.00000
120.0 34.83414 14 1.00000
120.1 34.86672 14 1.00000
120.2 34.91496 14 1.00000
120.3 35.02114 14 1.00000
120.4 35.04378 14 1.00000
120.5 34.74891 14 1.00000
120.6 34.79850 14 1.00000
120.7 34.84141 14 1.00000
120.8 34.88523 14 1.00000
120.9 34.91621 14 1.00000
121.0 35.00747 14 1.00000
121.1 35.04634 14 1.00000
121.2 34.75184 14 1.00000
121.3 34.80928 14 1.00000
121.4 34.84536 14 1.00000
121.5 34.89513 14 1.00000
121.6 34.91446 14 1.00000
121.7 35.03850 14 1.00000
121.8 35.07306 14 1.00000
121.9 34.75166 14 1.00000
122.0 34.81955 14 1.00000
122.1 34.84404 14 1.00000
122.2 34.90445 14 1.00000
122.3 34.94321 14 1.00000
122.4 35.04668 14 1.00000
122.5 35.08207 14 1.00000
122.6 34.76238 14 1.00000
122.7 34.82927 14 1.00000
122.8 34.84790 14 1.00000
122.9 34.91235 14 1.00000
123.0 34.95454 14 1.00000
123.1 35.04805 14 1.00000
123.2 34.74675 14 1.00000
123.3 34.79392 14 1.00000
123.4 34.83826 14 1.00000
123.5 34.88099 14 1.00000
123.6 34.91642 14 1.00000
123.7 35.01128 14 1.00000
123.8 35.03925 14 1.00000
123.9 34.75114 14 1.00000
124.0 34.80557 14 1.00000
124.1 34.84452 14 1.00000
124.2 34.89246 14 1.00000
124.3 34.91328 14 1.00000
124.4 35.03612 14 1.00000
124.5 35.07051 14 1.00000
124.6 34.75204 14 1.00000
124.7 34.81749 14 1.00000
124.8 34.84488 14 1.00000
124.9 34.90243 14 1.00000
125.0 34.93358 14 1.00000
125.1 35.04524 14 1.00000
125.2 35.08075 14 1.00000
125.3 34.75919 14 1.00000
125.4 34.82830 14 1.00000
125.5 34.84531 14 1.00000
125.6 34.91194 14 1.00000
125.7 34.95383 14 1.00000
125.8 35.04819 14 1.00000
125.9 34.74643 14 1.00000
126.0 34.79404 14 1.00000
126.1 34.83829 14 1.00000
126.2 34.88097 14 1.00000
126.3 34.91645 14 1.00000
126.4 35.01037 14 1.00000
126.5 35.03760 14 1.00000
126.6 34.75132 14 1.00000
126.7 34.80657 14 1.00000
126.8 34.84486 14 1.00000
126.9 34.89375 14 1.00000
127.0 34.91027 14 1.00000
127.1 35.03758 14 1.00000
127.2 35.07249 14 1.00000
127.3 34.75175 14 1.00000
127.4 34.81974 14 1.00000
127.5 34.84400 14 1.00000
127.6 34.90508 14 1.00000
127.7 34.94413 14 1.00000
127.8 35.04740 14 1.00000
127.9 35.08384 14 1.00000
128.0 34.76720 14 1.00000
128.1 34.83123 14 1.00000
128.2 34.85644 14 1.00000
128.3 34.91397 14 1.00000
128.4 35.02226 14 1.00000
128.5 35.04518 14 1.00000
128.6 34.74867 14 1.00000
128.7 34.79852 14 1.00000
128.8 34.84139 14 1.00000
128.9 34.88618 14 1.00000
129.0 34.91589 14 1.00000
129.1 35.01091 14 1.00000
129.2 35.06081 14 1.00000
129.3 34.75216 14 1.00000
129.4 34.81267 14 1.00000
129.5 34.84558 14 1.00000
129.6 34.89894 14 1.00000
129.7 34.91646 14 1.00000
129.8 35.04303 14 1.00000
129.9 35.07845 14 1.00000
130.0 34.75605 14 1.00000
130.1 34.82561 14 1.00000
130.2 34.84556 14 1.00000
130.3 34.91047 14 1.00000
130.4 34.95222 14 1.00000
130.5 35.04875 14 1.00000
130.6 34.74572 14 1.00000
130.7 34.79283 14 1.00000
130.8 34.83771 14 1.00000
130.9 34.88050 14 1.00000
131.0 34.91644 14 1.00000
131.1 35.00957 14 1.00000
131.2 35.03656 14 1.00000
131.3 34.75147 14 1.00000
131.4 34.80769 14 1.00000
131.5 34.84522 14 1.00000
131.6 34.89531 14 1.00000
131.7 34.91421 14 1.00000
131.8 35.03996 14 1.00000
131.9 35.07515 14 1.00000
132.0 34.75688 14 1.00000
132.1 34.82280 14 1.00000
132.2 34.84206 14 1.00000
132.3 34.90826 14 1.00000
132.4 34.94889 14 1.00000
132.5 35.04902 14 1.00000
132.6 34.74385 14 1.00000
132.7 34.78456 14 1.00000
132.8 34.83585 14 1.00000
132.9 34.87820 14 1.00000
133.0 34.91613 14 1.00000
133.1 35.01429 14 1.00000
133.2 35.04056 14 1.00000
133.3 34.75113 14 1.00000
133.4 34.80606 14 1.00000
133.5 34.84491 14 1.00000
133.6 34.89386 14 1.00000
133.7 34.90974 14 1.00000
133.8 35.03889 14 1.00000
133.9 35.07425 14 1.00000
134.0 34.75123 14 1.00000
134.1 34.82213 14 1.00000
134.2 34.84240 14 1.00000
134.3 34.90805 14 1.00000
134.4 34.94810 14 1.00000
134.5 35.04899 14 1.00000
134.6 34.74362 14 1.00000
134.7 34.78502 14 1.00000
134.8 34.83614 14 1.00000
134.9 34.87854 14 1.00000
135.0 34.91624 14 1.00000
135.1 35.01260 14 1.00000
135.2 35.03862 14 1.00000
135.3 34.75135 14 1.00000
135.4 34.80736 14 1.00000
135.5 34.84519 14 1.00000
135.6 34.89539 14 1.00000
135.7 34.91372 14 1.00000
135.8 35.04039 14 1.00000
135.9 35.07606 14 1.00000
136.0 34.75670 14 1.00000
136.1 34.82400 14 1.00000
136.2 34.84649 14 1.00000
136.3 34.90977 14 1.00000
136.4 34.95166 14 1.00000
136.5 35.04885 14 1.00000
136.6 34.74547 14 1.00000
136.7 34.79333 14 1.00000
136.8 34.83837 14 1.00000
136.9 34.88192 14 1.00000
137.0 34.91644 14 1.00000
137.1 35.00842 14 1.00000
137.2 35.04789 14 1.00000
137.3 34.75206 14 1.00000
137.4 34.81181 14 1.00000
137.5 34.84559 14 1.00000
137.6 34.89947 14 1.00000
137.7 34.92000 14 1.00000
137.8 35.04419 14 1.00000
137.9 35.07992 14 1.00000
138.0 34.75839 14 1.00000
138.1 34.82878 14 1.00000
138.2 34.84862 14 1.00000
138.3 34.91322 14 1.00000
138.4 35.02246 14 1.00000
138.5 35.04540 14 1.00000
138.6 34.74886 14 1.00000
138.7 34.79995 14 1.00000
138.8 34.84235 14 1.00000
138.9 34.88883 14 1.00000
139.0 34.91456 14 1.00000
139.1 35.03429 14 1.00000
139.2 35.07050 14 1.00000
139.3 34.75200 14 1.00000
139.4 34.81924 14 1.00000
139.5 34.84394 14 1.00000
139.6 34.90588 14 1.00000
139.7 34.94604 14 1.00000
139.8 35.04850 14 1.00000
139.9 35.08601 14 1.00000
140.0 34.78126 14 1.00000
140.1 34.83562 14 1.00000
140.2 34.87835 14 1.00000
140.3 34.91624 14 1.00000
140.4 35.01216 14 1.00000
140.5 35.03661 14 1.00000
140.6 34.75166 14 1.00000
140.7 34.80935 14 1.00000
140.8 34.84551 14 1.00000
140.9 34.89771 14 1.00000
141.0 34.91567 14 1.00000
141.1 35.04332 14 1.00000
141.2 35.07931 14 1.00000
141.3 34.75705 14 1.00000
141.4 34.82822 14 1.00000
141.5 34.84837 14 1.00000
141.6 34.91319 14 1.00000
141.7 35.02238 14 1.00000
141.8 35.04469 14 1.00000
141.9 34.74899 14 1.00000
142.0 34.80110 14 1.00000
142.1 34.84311 14 1.00000
142.2 34.89066 14 1.00000
142.3 34.91352 14 1.00000
142.4 35.03634 14 1.00000
142.5 35.07278 14 1.00000
142.6 34.75156 14 1.00000
142.7 34.82179 14 1.00000
142.8 34.84231 14 1.00000
142.9 34.90864 14 1.00000
143.0 34.94962 14 1.00000
143.1 35.04899 14 1.00000
143.2 34.74539 14 1.00000
143.3 34.79369 14 1.00000
143.4 34.83916 14 1.00000
143.5 34.88325 14 1.00000
143.6 34.91617 14 1.00000
143.7 35.01105 14 1.00000
143.8 35.06580 14 1.00000
143.9 34.75223 14 1.00000
144.0 34.81615 14 1.00000
144.1 34.84501 14 1.00000
144.2 34.90394 14 1.00000
144.3 34.94397 14 1.00000
144.4 35.04792 14 1.00000
144.5 35.08504 14 1.00000
144.6 34.77851 14 1.00000
144.7 34.83506 14 1.00000
144.8 34.87805 14 1.00000
144.9 34.91632 14 1.00000
145.0 35.01036 14 1.00000
145.1 35.03971 14 1.00000
145.2 34.75191 14 1.00000
145.3 34.81111 14 1.00000
145.4 34.84558 14 1.00000
145.5 34.90029 14 1.00000
145.6 34.92556 14 1.00000
145.7 35.04521 14 1.00000
145.8 35.08174 14 1.00000
145.9 34.76735 14 1.00000
146.0 34.83223 14 1.00000
146.1 34.86518 14 1.00000
146.2 34.91547 14 1.00000
146.3 35.01788 14 1.00000
146.4 35.04084 14 1.00000
146.5 34.75132 14 1.00000
146.6 34.80753 14 1.00000
146.7 34.84544 14 1.00000
146.8 34.89783 14 1.00000
146.9 34.91431 14 1.00000
147.0 35.04391 14 1.00000
147.1 35.08013 14 1.00000
147.2 34.76094 14 1.00000
147.3 34.83038 14 1.00000
147.4 34.85592 14 1.00000
147.5 34.91478 14 1.00000
147.6 35.02023 14 1.00000
147.7 35.03920 14 1.00000
147.8 34.75080 14 1.00000
147.9 34.80585 14 1.00000
148.0 34.84517 14 1.00000
148.1 34.89619 14 1.00000
148.2 34.91272 14 1.00000
148.3 35.04293 14 1.00000
148.4 35.07940 14 1.00000
148.5 34.75890 14 1.00000
148.6 34.82963 14 1.00000
148.7 34.85298 14 1.00000
148.8 34.91454 14 1.00000
148.9 35.02050 14 1.00000
149.0 35.03971 14 1.00000
149.1 34.75071 14 1.00000
149.2 34.80551 14 1.00000
149.3 34.84516 14 1.00000
149.4 34.89642 14 1.00000
149.5 34.91248 14 1.00000
149.6 35.04310 14 1.00000
149.7 35.07979 14 1.00000
149.8 34.76012 14 1.00000
149.9 34.83033 14 1.00000
150.0 34.85560 14 1.00000
150.1 34.91486 14 1.00000
150.2 35.01938 14 1.00000
150.3 35.03788 14 1.00000
150.4 34.75105 14 1.00000
150.5 34.80717 14 1.00000
150.6 34.84539 14 1.00000
150.7 34.89824 14 1.00000
150.8 34.91567 14 1.00000
150.9 35.04450 14 1.00000
151.0 35.08120 14 1.00000
151.1 34.76484 14 1.00000
151.2 34.83218 14 1.00000
151.3 34.86461 14 1.00000
151.4 34.91570 14 1.00000
151.5 35.01574 14 1.00000
151.6 35.03867 14 1.00000
151.7 34.75174 14 1.00000
151.8 34.80987 14 1.00000
151.9 34.84559 14 1.00000
152.0 34.90089 14 1.00000
152.1 34.92828 14 1.00000
152.2 35.04680 14 1.00000
152.3 35.08392 14 1.00000
152.4 34.77489 14 1.00000
152.5 34.83506 14 1.00000
152.6 34.87772 14 1.00000
152.7 34.91642 14 1.00000
152.8 35.00532 14 1.00000
152.9 35.04956 14 1.00000
153.0 34.75221 14 1.00000
153.1 34.81551 14 1.00000
153.2 34.84503 14 1.00000
153.3 34.90490 14 1.00000
153.4 34.94533 14 1.00000
153.5 35.04877 14 1.00000
153.6 34.74408 14 1.00000
153.7 34.79218 14 1.00000
153.8 34.83929 14 1.00000
153.9 34.88393 14 1.00000
154.0 34.91579 14 1.00000
154.1 35.03322 14 1.00000
154.2 35.06895 14 1.00000
154.3 34.75184 14 1.00000
154.4 34.82133 14 1.00000
154.5 34.84214 14 1.00000
154.6 34.90983 14 1.00000
154.7 34.95202 14 1.00000
154.8 35.04757 14 1.00000
154.9 34.74811 14 1.00000
155.0 34.79900 14 1.00000
155.1 34.84286 14 1.00000
155.2 34.89191 14 1.00000
155.3 34.91031 14 1.00000
155.4 35.03982 14 1.00000
155.5 35.07673 14 1.00000
155.6 34.75618 14 1.00000
155.7 34.82845 14 1.00000
155.8 34.85049 14 1.00000
155.9 34.91436 14 1.00000
156.0 35.02018 14 1.00000
156.1 35.03818 14 1.00000
156.2 34.75114 14 1.00000
156.3 34.80784 14 1.00000
156.4 34.84555 14 1.00000
156.5 34.89974 14 1.00000
156.6 34.92593 14 1.00000
156.7 35.04662 14 1.00000
156.8 35.08412 14 1.00000
156.9 34.77664 14 1.00000
157.0 34.83572 14 1.00000
157.1 34.87919 14 1.00000
157.2 34.91646 14 1.00000
157.3 35.00777 14 1.00000
157.4 35.06564 14 1.00000
157.5 34.75216 14 1.00000
157.6 34.81895 14 1.00000
157.7 34.84362 14 1.00000
157.8 34.90860 14 1.00000
157.9 34.94995 14 1.00000
158.0 35.04834 14 1.00000
158.1 34.74755 14 1.00000
158.2 34.79870 14 1.00000
158.3 34.84275 14 1.00000
158.4 34.89116 14 1.00000
158.5 34.91006 14 1.00000
158.6 35.04030 14 1.00000
158.7 35.07777 14 1.00000
158.8 34.75572 14 1.00000
158.9 34.82972 14 1.00000
159.0 34.85619 14 1.00000
159.1 34.91524 14 1.00000
159.2 35.01667 14 1.00000
159.3 35.03855 14 1.00000
159.4 34.75184 14 1.00000
159.5 34.81135 14 1.00000
159.6 34.84544 14 1.00000
159.7 34.90370 14 1.00000
159.8 34.94398 14 1.00000
159.9 35.04862 14 1.00000
160.0 34.74389 14 1.00000
160.1 34.79280 14 1.00000
160.2 34.83987 14 1.00000
160.3 34.88601 14 1.00000
160.4 34.91485 14 1.00000
160.5 35.03642 14 1.00000
160.6 35.07308 14 1.00000
160.7 34.75676 14 1.00000
160.8 34.82616 14 1.00000
160.9 34.84399 14 1.00000
161.0 34.91358 14 1.00000
161.1 35.02108 14 1.00000
161.2 35.03840 14 1.00000
161.3 34.75118 14 1.00000
161.4 34.80828 14 1.00000
161.5 34.84559 14 1.00000
161.6 34.90105 14 1.00000
161.7 34.93585 14 1.00000
161.8 35.04794 14 1.00000
161.9 35.08610 14 1.00000
162.0 34.78851 14 1.00000
162.1 34.83881 14 1.00000
162.2 34.88476 14 1.00000
162.3 34.91523 14 1.00000
162.4 35.03550 14 1.00000
162.5 35.07190 14 1.00000
162.6 34.75686 14 1.00000
162.7 34.82588 14 1.00000
162.8 34.84394 14 1.00000
162.9 34.91356 14 1.00000
163.0 35.02088 14 1.00000
163.1 35.03794 14 1.00000
163.2 34.75130 14 1.00000
163.3 34.80916 14 1.00000
163.4 34.84557 14 1.00000
163.5 34.90216 14 1.00000
163.6 34.94200 14 1.00000
163.7 35.04851 14 1.00000
163.8 34.74385 14 1.00000
163.9 34.79305 14 1.00000
164.0 34.84020 14 1.00000
164.1 34.88683 14 1.00000
164.2 34.91413 14 1.00000
164.3 35.03807 14 1.00000
164.4 35.07550 14 1.00000
164.5 34.75622 14 1.00000
164.6 34.82885 14 1.00000
164.7 34.85490 14 1.00000
164.8 34.91514 14 1.00000
164.9 35.01574 14 1.00000
165.0 35.03634 14 1.00000
165.1 34.75206 14 1.00000
165.2 34.81490 14 1.00000
165.3 34.84496 14 1.00000
165.4 34.90639 14 1.00000
165.5 34.94839 14 1.00000
165.6 35.04865 14 1.00000
165.7 34.74768 14 1.00000
165.8 34.79895 14 1.00000
165.9 34.84327 14 1.00000
166.0 34.89381 14 1.00000
166.1 34.91329 14 1.00000
166.2 35.04357 14 1.00000
166.3 35.08081 14 1.00000
166.4 34.76947 14 1.00000
166.5 34.83479 14 1.00000
166.6 34.87891 14 1.00000
166.7 34.91645 14 1.00000
166.8 35.01216 14 1.00000
166.9 35.06784 14 1.00000
167.0 34.75171 14 1.00000
167.1 34.82278 14 1.00000
167.2 34.84598 14 1.00000
167.3 34.91240 14 1.00000
167.4 35.02214 14 1.00000
167.5 35.03951 14 1.00000
167.6 34.75111 14 1.00000
167.7 34.80857 14 1.00000
167.8 34.84558 14 1.00000
167.9 34.90264 14 1.00000
168.0 34.94428 14 1.00000
168.1 35.04890 14 1.00000
168.2 34.74490 14 1.00000
168.3 34.79534 14 1.00000
168.4 34.84182 14 1.00000
168.5 34.89092 14 1.00000
168.6 34.91495 14 1.00000
168.7 35.04163 14 1.00000
168.8 35.07936 14 1.00000
168.9 34.76565 14 1.00000
169.0 34.83366 14 1.00000
169.1 34.87779 14 1.00000
169.2 34.91647 14 1.00000
169.3 35.00815 14 1.00000
169.4 35.06770 14 1.00000
169.5 34.75168 14 1.00000
169.6 34.82293 14 1.00000
169.7 34.84566 14 1.00000
169.8 34.91285 14 1.00000
169.9 35.02140 14 1.00000
170.0 35.03753 14 1.00000
170.1 34.75149 14 1.00000
170.2 34.81094 14 1.00000
170.3 34.84539 14 1.00000
170.4 34.90490 14 1.00000
170.5 34.94670 14 1.00000
170.6 35.04892 14 1.00000
170.7 34.74700 14 1.00000
170.8 34.79867 14 1.00000
170.9 34.84356 14 1.00000
171.0 34.89499 14 1.00000
171.1 34.91185 14 1.00000
171.2 35.04487 14 1.00000
171.3 35.08264 14 1.00000
171.4 34.77914 14 1.00000
171.5 34.83769 14 1.00000
171.6 34.88398 14 1.00000
171.7 34.91540 14 1.00000
171.8 35.03626 14 1.00000
171.9 35.07411 14 1.00000
172.0 34.75621 14 1.00000
172.1 34.82992 14 1.00000
172.2 34.86156 14 1.00000
172.3 34.91587 14 1.00000
172.4 35.00909 14 1.00000
172.5 35.05774 14 1.00000
172.6 34.75217 14 1.00000
172.7 34.82071 14 1.00000
172.8 34.84200 14 1.00000
172.9 34.91175 14 1.00000
173.0 35.02242 14 1.00000
173.1 35.03973 14 1.00000
173.2 34.75121 14 1.00000
173.3 34.80970 14 1.00000
173.4 34.84544 14 1.00000
173.5 34.90492 14 1.00000
173.6 34.94705 14 1.00000
173.7 35.04877 14 1.00000
173.8 34.74745 14 1.00000
173.9 34.80002 14 1.00000
174.0 34.84415 14 1.00000
174.1 34.89669 14 1.00000
174.2 34.91807 14 1.00000
174.3 35.04679 14 1.00000
174.4 35.08513 14 1.00000
174.5 34.78951 14 1.00000
174.6 34.84004 14 1.00000
174.7 34.88781 14 1.00000
174.8 34.91175 14 1.00000
174.9 35.04037 14 1.00000
175.0 35.07865 14 1.00000
175.1 34.76318 14 1.00000
175.2 34.83424 14 1.00000
175.3 34.87920 14 1.00000
175.4 34.91633 14 1.00000
175.5 35.02752 14 1.00000
175.6 35.07099 14 1.00000
175.7 34.75673 14 1.00000
175.8 34.82792 14 1.00000
175.9 34.85365 14 1.00000
176.0 34.91553 14 1.00000
176.1 35.01075 14 1.00000
176.2 35.05559 14 1.00000
176.3 34.75217 14 1.00000
176.4 34.82098 14 1.00000
176.5 34.84133 14 1.00000
176.6 34.91249 14 1.00000
176.7 35.02160 14 1.00000
176.8 35.03626 14 1.00000
176.9 34.75174 14 1.00000
177.0 34.81286 14 1.00000
177.1 34.84490 14 1.00000
177.2 34.90747 14 1.00000
177.3 34.95103 14 1.00000
177.4 35.04614 14 1.00000
177.5 34.74991 14 1.00000
177.6 34.80520 14 1.00000
177.7 34.84558 14 1.00000
177.8 34.90159 14 1.00000
177.9 34.94443 14 1.00000
178.0 35.04904 14 1.00000
178.1 34.74650 14 1.00000
178.2 34.79900 14 1.00000
178.3 34.84394 14 1.00000
178.4 34.89642 14 1.00000
178.5 34.91915 14 1.00000
178.6 35.04748 14 1.00000
178.7 35.08607 14 1.00000
178.8 34.79335 14 1.00000
178.9 34.84135 14 1.00000
179.0 34.89101 14 1.00000
179.1 34.91412 14 1.00000
179.2 35.04364 14 1.00000
179.3 35.08200 14 1.00000
179.4 34.77907 14 1.00000
179.5 34.83814 14 1.00000
179.6 34.88527 14 1.00000
179.7 34.91412 14 1.00000
179.8 35.03923 14 1.00000
179.9 35.07835 14 1.00000
180.0 34.76315 14 1.00000
180.1 34.83450 14 1.00000
180.2 34.88018 14 1.00000
180.3 34.91602 14 1.00000
180.4 35.03439 14 1.00000
180.5 35.07355 14 1.00000
180.6 34.75611 14 1.00000
180.7 34.83130 14 1.00000
180.8 34.87252 14 1.00000
180.9 34.91646 14 1.00000
181.0 35.01193 14 1.00000
181.1 35.06941 14 1.00000
181.2 34.75690 14 1.00000
181.3 34.82648 14 1.00000
181.4 34.85579 14 1.00000
181.5 34.91582 14 1.00000
181.6 35.00737 14 1.00000
181.7 35.06581 14 1.00000
181.8 34.75189 14 1.00000
181.9 34.82356 14 1.00000
182.0 34.84510 14 1.00000
182.1 34.91460 14 1.00000
182.2 35.01472 14 1.00000
182.3 35.04720 14 1.00000
182.4 34.75221 14 1.00000
182.5 34.82088 14 1.00000
182.6 34.84656 14 1.00000
182.7 34.91323 14 1.00000
182.8 35.01995 14 1.00000
182.9 35.03713 14 1.00000
183.0 34.75218 14 1.00000
183.1 34.81794 14 1.00000
183.2 34.84304 14 1.00000
183.3 34.91143 14 1.00000
183.4 35.02236 14 1.00000
183.5 35.03548 14 1.00000
183.6 34.75190 14 1.00000
183.7 34.81453 14 1.00000
183.8 34.84415 14 1.00000
183.9 34.90995 14 1.00000
184.0 34.95454 14 1.00000
184.1 35.03909 14 1.00000
184.2 34.75151 14 1.00000
184.3 34.81236 14 1.00000
184.4 34.84477 14 1.00000
184.5 34.90853 14 1.00000
184.6 34.95303 14 1.00000
184.7 35.04203 14 1.00000
184.8 34.75112 14 1.00000
184.9 34.81050 14 1.00000
185.0 34.84509 14 1.00000
185.1 34.90758 14 1.00000
185.2 34.95181 14 1.00000
185.3 35.04424 14 1.00000
185.4 34.75081 14 1.00000
185.5 34.80954 14 1.00000
185.6 34.84535 14 1.00000
185.7 34.90662 14 1.00000
185.8 34.95090 14 1.00000
185.9 35.04530 14 1.00000
186.0 34.75049 14 1.00000
186.1 34.80892 14 1.00000
186.2 34.84542 14 1.00000
186.3 34.90614 14 1.00000
186.4 34.95031 14 1.00000
186.5 35.04617 14 1.00000
186.6 34.75040 14 1.00000
186.7 34.80802 14 1.00000
186.8 34.84545 14 1.00000
186.9 34.90591 14 1.00000
187.0 34.95005 14 1.00000
187.1 35.04616 14 1.00000
187.2 34.75041 14 1.00000
187.3 34.80806 14 1.00000
187.4 34.84544 14 1.00000
187.5 34.90596 14 1.00000
187.6 34.95039 14 1.00000
187.7 35.04553 14 1.00000
187.8 34.75051 14 1.00000
187.9 34.80903 14 1.00000
188.0 34.84541 14 1.00000
188.1 34.90627 14 1.00000
188.2 34.95104 14 1.00000
188.3 35.04480 14 1.00000
188.4 34.75071 14 1.00000
188.5 34.80972 14 1.00000
188.6 34.84532 14 1.00000
188.7 34.90705 14 1.00000
188.8 34.95201 14 1.00000
188.9 35.04358 14 1.00000
189.0 34.75109 14 1.00000
189.1 34.81075 14 1.00000
189.2 34.84503 14 1.00000
189.3 34.90828 14 1.00000
189.4 34.95329 14 1.00000
189.5 35.04111 14 1.00000
189.6 34.75139 14 1.00000
189.7 34.81210 14 1.00000
189.8 34.84447 14 1.00000
189.9 34.90947 14 1.00000
190.0 34.95486 14 1.00000
190.1 35.03782 14 1.00000
190.2 34.75177 14 1.00000
190.3 34.81463 14 1.00000
190.4 34.84358 14 1.00000
190.5 34.91128 14 1.00000
190.6 35.02224 14 1.00000
190.7 35.03990 14 1.00000
190.8 34.75208 14 1.00000
190.9 34.81775 14 1.00000
191.0 34.84221 14 1.00000
191.1 34.91267 14 1.00000
191.2 35.01978 14 1.00000
191.3 35.03820 14 1.00000
191.4 34.75223 14 1.00000
191.5 34.82109 14 1.00000
191.6 34.84525 14 1.00000
191.7 34.91430 14 1.00000
191.8 35.01426 14 1.00000
191.9 35.05551 14 1.00000
192.0 34.75198 14 1.00000
192.1 34.82381 14 1.00000
192.2 34.84966 14 1.00000
192.3 34.91553 14 1.00000
192.4 35.00642 14 1.00000
192.5 35.06773 14 1.00000
192.6 34.75694 14 1.00000
192.7 34.82737 14 1.00000
192.8 34.86171 14 1.00000
192.9 34.91636 14 1.00000
193.0 35.01291 14 1.00000
193.1 35.07133 14 1.00000
193.2 34.75632 14 1.00000
193.3 34.83210 14 1.00000
193.4 34.87767 14 1.00000
193.5 34.91626 14 1.00000
193.6 35.03482 14 1.00000
193.7 35.07542 14 1.00000
193.8 34.76020 14 1.00000
193.9 34.83530 14 1.00000
194.0 34.88199 14 1.00000
194.1 34.91491 14 1.00000
194.2 35.03989 14 1.00000
194.3 35.07978 14 1.00000
194.4 34.77729 14 1.00000
194.5 34.83870 14 1.00000
194.6 34.88712 14 1.00000
194.7 34.90977 14 1.00000
194.8 35.04394 14 1.00000
194.9 35.08404 14 1.00000
195.0 34.79251 14 1.00000
195.1 34.84130 14 1.00000
195.2 34.89328 14 1.00000
195.3 34.91639 14 1.00000
195.4 35.04772 14 1.00000
195.5 34.74422 14 1.00000
195.6 34.79770 14 1.00000
195.7 34.84405 14 1.00000
195.8 34.89901 14 1.00000
195.9 34.93835 14 1.00000
196.0 35.04904 14 1.00000
196.1 34.74804 14 1.00000
196.2 34.80389 14 1.00000
196.3 34.84556 14 1.00000
196.4 34.90433 14 1.00000
196.5 34.94979 14 1.00000
196.6 35.04525 14 1.00000
196.7 34.75086 14 1.00000
196.8 34.81123 14 1.00000
196.9 34.84455 14 1.00000
197.0 34.90976 14 1.00000
197.1 35.02253 14 1.00000
197.2 35.04037 14 1.00000
197.3 34.75211 14 1.00000
197.4 34.81903 14 1.00000
197.5 34.84676 14 1.00000
197.6 34.91425 14 1.00000
197.7 35.01436 14 1.00000
197.8 35.06150 14 1.00000
197.9 34.75179 14 1.00000
198.0 34.82587 14 1.00000
198.1 34.85983 14 1.00000
198.2 34.91637 14 1.00000
198.3 35.01432 14 1.00000
198.4 35.07193 14 1.00000
198.5 34.75593 14 1.00000
198.6 34.83382 14 1.00000
198.7 34.88071 14 1.00000
198.8 34.91527 14 1.00000
198.9 35.03837 14 1.00000
199.0 35.07944 14 1.00000
199.1 34.77851 14 1.00000
199.2 34.83937 14 1.00000
199.3 34.88948 14 1.00000
199.4 34.91365 14 1.00000
199.5 35.04530 14 1.00000
199.6 35.08617 14 1.00000
199.7 34.79587 14 1.00000
199.8 34.84360 14 1.00000
199.9 34.89766 14 1.00000
200.0 34.93302 14 1.00000
200.1 35.04906 14 1.00000
200.2 34.74802 14 1.00000
200.3 34.80498 14 1.00000
200.4 34.84559 14 1.00000
200.5 34.90588 14 1.00000
200.6 34.95159 14 1.00000
200.7 35.04222 14 1.00000
200.8 34.75159 14 1.00000
200.9 34.81481 14 1.00000
201.0 34.84294 14 1.00000
201.1 34.91261 14 1.00000
201.2 35.01873 14 1.00000
201.3 35.05035 14 1.00000
201.4 34.75201 14 1.00000
201.5 34.82469 14 1.00000
201.6 34.85695 14 1.00000
201.7 34.91620 14 1.00000
201.8 35.01368 14 1.00000
201.9 35.07279 14 1.00000
202.0 34.75559 14 1.00000
202.1 34.83466 14 1.00000
202.2 34.88187 14 1.00000
202.3 34.91466 14 1.00000
202.4 35.04112 14 1.00000
202.5 35.08138 14 1.00000
202.6 34.78867 14 1.00000
202.7 34.84083 14 1.00000
202.8 34.89253 14 1.00000
202.9 34.91781 14 1.00000
203.0 35.04846 14 1.00000
203.1 34.74600 14 1.00000
203.2 34.80139 14 1.00000
203.3 34.84525 14 1.00000
203.4 34.90238 14 1.00000
203.5 34.94904 14 1.00000
203.6 35.04477 14 1.00000
203.7 34.75122 14 1.00000
203.8 34.81318 14 1.00000
203.9 34.84371 14 1.00000
204.0 34.91217 14 1.00000
204.1 35.01908 14 1.00000
204.2 35.04932 14 1.00000
204.3 34.75200 14 1.00000
204.4 34.82488 14 1.00000
204.5 34.85802 14 1.00000
204.6 34.91642 14 1.00000
204.7 35.02951 14 1.00000
204.8 35.07436 14 1.00000
204.9 34.75965 14 1.00000
205.0 34.83607 14 1.00000
205.1 34.88400 14 1.00000
205.2 34.91108 14 1.00000
205.3 35.04397 14 1.00000
205.4 35.08473 14 1.00000
205.5 34.79459 14 1.00000
205.6 34.84313 14 1.00000
205.7 34.89720 14 1.00000
205.8 34.93800 14 1.00000
205.9 35.04892 14 1.00000
206.0 34.74915 14 1.00000
206.1 34.80721 14 1.00000
206.2 34.84541 14 1.00000
206.3 34.90884 14 1.00000
206.4 35.02253 14 1.00000
206.5 35.03837 14 1.00000
206.6 34.75222 14 1.00000
206.7 34.82111 14 1.00000
206.8 34.84724 14 1.00000
206.9 34.91594 14 1.00000
207.0 35.00763 14 1.00000
207.1 35.07207 14 1.00000
207.2 34.75586 14 1.00000
207.3 34.83429 14 1.00000
207.4 34.88264 14 1.00000
207.5 34.91359 14 1.00000
207.6 35.04269 14 1.00000
207.7 35.08289 14 1.00000
207.8 34.79346 14 1.00000
207.9 34.84233 14 1.00000
208.0 34.89695 14 1.00000
208.1 34.93776 14 1.00000
208.2 35.04891 14 1.00000
208.3 34.74909 14 1.00000
208.4 34.80735 14 1.00000
208.5 34.84521 14 1.00000
208.6 34.90984 14 1.00000
208.7 35.02232 14 1.00000
208.8 35.03718 14 1.00000
208.9 34.75220 14 1.00000
209.0 34.82291 14 1.00000
209.1 34.85443 14 1.00000
209.2 34.91639 14 1.00000
209.3 35.02917 14 1.00000
209.4 35.07445 14 1.00000
209.5 34.76018 14 1.00000
209.6 34.83664 14 1.00000
209.7 34.88647 14 1.00000
209.8 34.91440 14 1.00000
209.9 35.04549 14 1.00000
210.0 35.08680 14 1.00000
210.1 34.79738 14 1.00000
210.2 34.84467 14 1.00000
210.3 34.90185 14 1.00000
210.4 34.94884 14 1.00000
210.5 35.04533 14 1.00000
210.6 34.75121 14 1.00000
210.7 34.81354 14 1.00000
210.8 34.84223 14 1.00000
210.9 34.91407 14 1.00000
211.0 35.01191 14 1.00000
211.1 35.06765 14 1.00000
211.2 34.75689 14 1.00000
211.3 34.82962 14 1.00000
211.4 34.87994 14 1.00000
211.5 34.91497 14 1.00000
211.6 35.04017 14 1.00000
211.7 35.08140 14 1.00000
211.8 34.78983 14 1.00000
211.9 34.84214 14 1.00000
212.0 34.89672 14 1.00000
212.1 34.93702 14 1.00000
212.2 35.04892 14 1.00000
212.3 34.74900 14 1.00000
212.4 34.80756 14 1.00000
212.5 34.84466 14 1.00000
212.6 34.91108 14 1.00000
212.7 35.02097 14 1.00000
212.8 35.04771 14 1.00000
212.9 34.75201 14 1.00000
213.0 34.82503 14 1.00000
213.1 34.87165 14 1.00000
213.2 34.91619 14 1.00000
213.3 35.03703 14 1.00000
213.4 35.07879 14 1.00000
213.5 34.77389 14 1.00000
213.6 34.84057 14 1.00000
213.7 34.89381 14 1.00000
213.8 34.92564 14 1.00000
213.9 35.04903 14 1.00000
214.0 34.74767 14 1.00000
214.1 34.80510 14 1.00000
214.2 34.84518 14 1.00000
214.3 34.90989 14 1.00000
214.4 35.02224 14 1.00000
214.5 35.04007 14 1.00000
214.6 34.75216 14 1.00000
214.7 34.82381 14 1.00000
214.8 34.86862 14 1.00000
214.9 34.91634 14 1.00000
215.0 35.03650 14 1.00000
215.1 35.07812 14 1.00000
215.2 34.77253 14 1.00000
215.3 34.83944 14 1.00000
215.4 34.89400 14 1.00000
215.5 34.92670 14 1.00000
215.6 35.04905 14 1.00000
215.7 34.74784 14 1.00000
215.8 34.80552 14 1.00000
215.9 34.84496 14 1.00000
216.0 34.91082 14 1.00000
216.1 35.02119 14 1.00000
216.2 35.04677 14 1.00000
216.3 34.75201 14 1.00000
216.4 34.82504 14 1.00000
216.5 34.87730 14 1.00000
216.6 34.91571 14 1.00000
216.7 35.03838 14 1.00000
216.8 35.08015 14 1.00000
216.9 34.78152 14 1.00000
217.0 34.84042 14 1.00000
217.1 34.89724 14 1.00000
217.2 34.94099 14 1.00000
217.3 35.04870 14 1.00000
217.4 34.74963 14 1.00000
217.5 34.80879 14 1.00000
217.6 34.84504 14 1.00000
217.7 34.91351 14 1.00000
217.8 35.01335 14 1.00000
217.9 35.06687 14 1.00000
218.0 34.75692 14 1.00000
218.1 34.82940 14 1.00000
218.2 34.87717 14 1.00000
218.3 34.91347 14 1.00000
218.4 35.04321 14 1.00000
218.5 35.08442 14 1.00000
218.6 34.79483 14 1.00000
218.7 34.84301 14 1.00000
218.8 34.90251 14 1.00000
218.9 34.94998 14 1.00000
219.0 35.04306 14 1.00000
219.1 34.75161 14 1.00000
219.2 34.81542 14 1.00000
219.3 34.84203 14 1.00000
219.4 34.91613 14 1.00000
219.5 35.01432 14 1.00000
219.6 35.07360 14 1.00000
219.7 34.75878 14 1.00000
219.8 34.83613 14 1.00000
219.9 34.88430 14 1.00000
220.0 34.91618 14 1.00000
220.1 35.04837 14 1.00000
220.2 34.74612 14 1.00000
220.3 34.80276 14 1.00000
220.4 34.84553 14 1.00000
220.5 34.90483 14 1.00000
220.6 35.02178 14 1.00000
220.7 35.04588 14 1.00000
220.8 34.75204 14 1.00000
220.9 34.82513 14 1.00000
221.0 34.85902 14 1.00000
221.1 34.91641 14 1.00000
221.2 35.04035 14 1.00000
221.3 35.08171 14 1.00000
221.4 34.79229 14 1.00000
221.5 34.84175 14 1.00000
221.6 34.89456 14 1.00000
221.7 34.92630 14 1.00000
221.8 35.04624 14 1.00000
221.9 34.75132 14 1.00000
222.0 34.81440 14 1.00000
222.1 34.84264 14 1.00000
222.2 34.91323 14 1.00000
222.3 35.01741 14 1.00000
222.4 35.07374 14 1.00000
222.5 34.75934 14 1.00000
222.6 34.83638 14 1.00000
222.7 34.88471 14 1.00000
222.8 34.91123 14 1.00000
222.9 35.04890 14 1.00000
223.0 34.74739 14 1.00000
223.1 34.80439 14 1.00000
223.2 34.84559 14 1.00000
223.3 34.90644 14 1.00000
223.4 34.95350 14 1.00000
223.5 35.06184 14 1.00000
223.6 34.75146 14 1.00000
223.7 34.82847 14 1.00000
223.8 34.87415 14 1.00000
223.9 34.91630 14 1.00000
224.0 35.03584 14 1.00000
224.1 35.08563 14 1.00000
224.2 34.79667 14 1.00000
224.3 34.84416 14 1.00000
224.4 34.89950 14 1.00000
224.5 34.94416 14 1.00000
224.6 35.04839 14 1.00000
224.7 34.75221 14 1.00000
224.8 34.82142 14 1.00000
224.9 34.84427 14 1.00000
225.0 34.91579 14 1.00000
225.1 35.00542 14 1.00000
225.2 35.07124 14 1.00000
225.3 34.78321 14 1.00000
225.4 34.84087 14 1.00000
225.5 34.89307 14 1.00000
225.6 34.92122 14 1.00000
225.7 35.04850 14 1.00000
225.8 34.74604 14 1.00000
225.9 34.81453 14 1.00000
226.0 34.84248 14 1.00000
226.1 34.91343 14 1.00000
226.2 35.01656 14 1.00000
226.3 35.06116 14 1.00000
226.4 34.75168 14 1.00000
226.5 34.83784 14 1.00000
226.6 34.88711 14 1.00000
226.7 34.91457 14 1.00000
226.8 35.04520 14 1.00000
226.9 35.08611 14 1.00000
227.0 34.79686 14 1.00000
227.1 34.84493 14 1.00000
227.2 34.91003 14 1.00000
227.3 35.02232 14 1.00000
227.4 35.03760 14 1.00000
227.5 34.75222 14 1.00000
227.6 34.82239 14 1.00000
227.7 34.88268 14 1.00000
227.8 34.91381 14 1.00000
227.9 35.04226 14 1.00000
228.0 35.08239 14 1.00000
228.1 34.79298 14 1.00000
228.2 34.84196 14 1.00000
228.3 34.90689 14 1.00000
228.4 34.95420 14 1.00000
228.5 35.03761 14 1.00000
228.6 34.75209 14 1.00000
228.7 34.81829 14 1.00000
228.8 34.84639 14 1.00000
228.9 34.91531 14 1.00000
229.0 35.03906 14 1.00000
229.1 35.08045 14 1.00000
229.2 34.77945 14 1.00000
229.3 34.84043 14 1.00000
229.4 34.89124 14 1.00000
229.5 34.95117 14 1.00000
229.6 35.04190 14 1.00000
229.7 34.75171 14 1.00000
229.8 34.81552 14 1.00000
229.9 34.84206 14 1.00000
230.0 34.91328 14 1.00000
230.1 35.03706 14 1.00000
230.2 35.07869 14 1.00000
230.3 34.77379 14 1.00000
230.4 34.83950 14 1.00000
230.5 34.88929 14 1.00000
230.6 34.91316 14 1.00000
230.7 35.04556 14 1.00000
230.8 34.75139 14 1.00000
230.9 34.81424 14 1.00000
231.0 34.84298 14 1.00000
231.1 34.91241 14 1.00000
231.2 35.02007 14 1.00000
231.3 35.07790 14 1.00000
231.4 34.77036 14 1.00000
231.5 34.83894 14 1.00000
231.6 34.88831 14 1.00000
231.7 34.91384 14 1.00000
231.8 35.04532 14 1.00000
231.9 34.75112 14 1.00000
232.0 34.81356 14 1.00000
232.1 34.84333 14 1.00000
232.2 34.91224 14 1.00000
232.3 35.02089 14 1.00000
232.4 35.04842 14 1.00000
232.5 34.77053 14 1.00000
232.6 34.83900 14 1.00000
232.7 34.88845 14 1.00000
232.8 34.91369 14 1.00000
232.9 35.04541 14 1.00000
233.0 35.08635 14 1.00000
233.1 34.81437 14 1.00000
233.2 34.84286 14 1.00000
233.3 34.91258 14 1.00000
233.4 35.01967 14 1.00000
233.5 35.05202 14 1.00000
233.6 34.75197 14 1.00000
233.7 34.83967 14 1.00000
233.8 34.88964 14 1.00000
233.9 34.91269 14 1.00000
234.0 35.04663 14 1.00000
234.1 35.08701 14 1.00000
234.2 34.79819 14 1.00000
234.3 34.84435 14 1.00000
234.4 34.91372 14 1.00000
234.5 35.01598 14 1.00000
234.6 35.06180 14 1.00000
234.7 34.75166 14 1.00000
234.8 34.82652 14 1.00000
234.9 34.86227 14 1.00000
235.0 34.91473 14 1.00000
235.1 35.04807 14 1.00000
235.2 34.74525 14 1.00000
235.3 34.80043 14 1.00000
235.4 34.84498 14 1.00000
235.5 34.90132 14 1.00000
235.6 35.00884 14 1.00000
235.7 35.06789 14 1.00000
235.8 34.75687 14 1.00000
235.9 34.82936 14 1.00000
236.0 34.87608 14 1.00000
236.1 34.91633 14 1.00000
236.2 35.04896 14 1.00000
236.3 34.74685 14 1.00000
236.4 34.80365 14 1.00000
236.5 34.84552 14 1.00000
236.6 34.90447 14 1.00000
236.7 34.95032 14 1.00000
236.8 35.07182 14 1.00000
236.9 34.75597 14 1.00000
237.0 34.83303 14 1.00000
237.1 34.88049 14 1.00000
237.2 34.91520 14 1.00000
237.3 35.03889 14 1.00000
237.4 34.74928 14 1.00000
237.5 34.80782 14 1.00000
237.6 34.84529 14 1.00000
237.7 34.90844 14 1.00000
237.8 34.95485 14 1.00000
237.9 35.03775 14 1.00000
238.0 34.75201 14 1.00000
238.1 34.83707 14 1.00000
238.2 34.88540 14 1.00000
238.3 34.91123 14 1.00000
238.4 35.04328 14 1.00000
238.5 35.08271 14 1.00000
238.6 34.79285 14 1.00000
238.7 34.84347 14 1.00000
238.8 34.91200 14 1.00000
238.9 35.02135 14 1.00000
239.0 35.04502 14 1.00000
239.1 34.75219 14 1.00000
239.2 34.82290 14 1.00000
239.3 34.89117 14 1.00000
239.4 34.91170 14 1.00000
239.5 35.04697 14 1.00000
239.6 34.74413 14 1.00000
239.7 34.79832 14 1.00000
239.8 34.84435 14 1.00000
239.9 34.91518 14 1.00000
240.0 35.00793 14 1.00000
240.1 35.06784 14 1.00000
240.2 34.75693 14 1.00000
240.3 34.82884 14 1.00000
240.4 34.87249 14 1.00000
240.5 34.93806 14 1.00000
240.6 35.04903 14 1.00000
240.7 34.74807 14 1.00000
240.8 34.80483 14 1.00000
240.9 34.84559 14 1.00000
241.0 34.90499 14 1.00000
241.1 34.95080 14 1.00000
241.2 35.07472 14 1.00000
241.3 34.75987 14 1.00000
241.4 34.83551 14 1.00000
241.5 34.88321 14 1.00000
241.6 34.91417 14 1.00000
241.7 35.04048 14 1.00000
241.8 34.75114 14 1.00000
241.9 34.81229 14 1.00000
242.0 34.84398 14 1.00000
242.1 34.91117 14 1.00000
242.2 35.02202 14 1.00000
242.3 35.03648 14 1.00000
242.4 34.78268 14 1.00000
242.5 34.84061 14 1.00000
242.6 34.89144 14 1.00000
242.7 34.91189 14 1.00000
242.8 35.04677 14 1.00000
242.9 35.08692 14 1.00000
243.0 34.79730 14 1.00000
243.1 34.84449 14 1.00000
243.2 34.91555 14 1.00000
243.3 35.00520 14 1.00000
243.4 35.06835 14 1.00000
243.5 34.75689 14 1.00000
243.6 34.82897 14 1.00000
243.7 34.89968 14 1.00000
243.8 34.94424 14 1.00000
243.9 35.04862 14 1.00000
244.0 34.74873 14 1.00000
244.1 34.80600 14 1.00000
244.2 34.84556 14 1.00000
244.3 34.91603 14 1.00000
244.4 35.03646 14 1.00000
244.5 35.07712 14 1.00000
244.6 34.76659 14 1.00000
244.7 34.83725 14 1.00000
244.8 34.88528 14 1.00000
244.9 34.95521 14 1.00000
245.0 35.03710 14 1.00000
245.1 34.75197 14 1.00000
245.2 34.81667 14 1.00000
245.3 34.84200 14 1.00000
245.4 34.91295 14 1.00000
245.5 35.02037 14 1.00000
245.6 35.08543 14 1.00000
245.7 34.79523 14 1.00000
245.8 34.84288 14 1.00000
245.9 34.89545 14 1.00000
246.0 34.92698 14 1.00000
246.1 35.04866 14 1.00000
246.2 34.75131 14 1.00000
246.3 34.82804 14 1.00000
246.4 34.86454 14 1.00000
246.5 34.91645 14 1.00000
246.6 35.02268 14 1.00000
246.7 35.07320 14 1.00000
246.8 34.75566 14 1.00000
246.9 34.84556 14 1.00000
247.0 34.90590 14 1.00000
247.1 34.95120 14 1.00000
247.2 35.04486 14 1.00000
247.3 34.75105 14 1.00000
247.4 34.81148 14 1.00000
247.5 34.88610 14 1.00000
247.6 34.91110 14 1.00000
247.7 35.04273 14 1.00000
247.8 35.08252 14 1.00000
247.9 34.78916 14 1.00000
248.0 34.84082 14 1.00000
248.1 34.91400 14 1.00000
248.2 35.01727 14 1.00000
248.3 35.05893 14 1.00000
248.4 34.75190 14 1.00000
248.5 34.82515 14 1.00000
248.6 34.84863 14 1.00000
248.7 34.91594 14 1.00000
248.8 35.04905 14 1.00000
248.9 34.74730 14 1.00000
249.0 34.80332 14 1.00000
249.1 34.84546 14 1.00000
249.2 34.90338 14 1.00000
249.3 34.94728 14 1.00000
249.4 35.07658 14 1.00000
249.5 34.76463 14 1.00000
249.6 34.83614 14 1.00000
249.7 34.88371 14 1.00000
249.8 34.91406 14 1.00000
249.9 35.04036 14 1.00000
250.0 35.08007 14 1.00000
