15.0 1.93056 13 0.07424
15.1 1.97037 13 0.07793
15.2 2.01099 13 0.08168
15.3 2.05158 13 0.08541
15.4 2.09256 13 0.08915
15.5 2.13391 13 0.09290
15.6 2.17563 13 0.09667
15.7 2.21830 13 0.10051
15.8 2.26125 13 0.10435
15.9 2.30406 13 0.10817
16.0 2.34721 13 0.11199
16.1 2.39069 13 0.11584
16.2 2.43449 13 0.11969
16.3 2.47826 13 0.12358
16.4 2.53112 14 0.12752
16.5 2.59117 14 0.13141
16.6 2.65130 14 0.13526
16.7 2.71328 14 0.13918
16.8 2.77623 14 0.14311
16.9 2.84124 14 0.14712
17.0 2.90649 14 0.15107
17.1 2.97168 14 0.15507
17.2 3.03979 14 0.15912
17.3 3.10778 14 0.16311
17.4 3.17679 14 0.16712
17.5 3.24555 14 0.17108
17.6 3.31418 14 0.17506
17.7 3.38471 14 0.17903
17.8 3.45659 14 0.18300
17.9 3.52902 14 0.18698
18.0 3.60109 14 0.19100
18.1 3.67528 14 0.19500
18.2 3.75036 14 0.19902
18.3 3.82489 14 0.20306
18.4 3.90224 14 0.20708
18.5 3.97823 14 0.21114
18.6 4.04430 14 0.21518
18.7 4.11081 14 0.21923
18.8 4.17630 14 0.22331
18.9 4.24270 14 0.22740
19.0 4.31043 14 0.23147
19.1 4.37701 14 0.23557
19.2 4.44243 14 0.23970
19.3 4.50839 14 0.24422
19.4 4.60831 14 0.25066
19.5 4.70884 14 0.25716
19.6 4.81052 14 0.26372
19.7 4.91331 14 0.27034
19.8 5.01752 14 0.27701
19.9 5.12323 14 0.28375
20.0 5.22956 14 0.29055
20.1 5.33695 14 0.29741
20.2 5.44534 14 0.30433
20.3 5.55584 14 0.31131
20.4 5.66658 14 0.31836
20.5 5.77840 14 0.32547
20.6 5.89129 14 0.33264
20.7 6.00650 14 0.33987
20.8 6.12179 14 0.34716
20.9 6.23813 14 0.35453
21.0 6.35575 14 0.36195
21.1 6.53473 14 0.36962
21.2 6.65376 14 0.37717
21.3 6.74374 14 0.38269
21.4 6.80657 14 0.38621
21.5 6.86825 14 0.38974
21.6 6.92985 14 0.39329
21.7 6.99142 14 0.39684
21.8 7.05456 14 0.40039
21.9 7.11627 14 0.40396
22.0 7.17789 14 0.40753
22.1 7.23996 14 0.41112
22.2 7.30276 14 0.41470
22.3 7.36442 14 0.41830
22.4 7.42599 14 0.42190
22.5 7.48928 14 0.42551
22.6 7.55092 14 0.42913
22.7 7.61246 14 0.43276
22.8 7.67388 14 0.43640
22.9 7.73735 14 0.44003
23.0 7.79882 14 0.44368
23.1 7.86014 14 0.44734
23.2 7.92354 14 0.45100
23.3 7.98499 14 0.45468
23.4 8.04630 14 0.45836
23.5 8.10742 14 0.46205
23.6 8.17087 14 0.46574
23.7 8.23210 14 0.46945
23.8 8.29319 14 0.47316
23.9 8.35566 14 0.47687
24.0 8.41767 14 0.48060
24.1 8.47860 14 0.48433
24.2 8.53949 14 0.48808
24.3 8.60294 14 0.49182
24.4 8.66387 14 0.49558
24.5 8.72462 14 0.49934
24.6 8.78509 14 0.50312
24.7 8.84875 14 0.50689
24.8 8.90946 14 0.51068
24.9 8.97004 14 0.51448
25.0 9.03066 14 0.51828
25.1 9.09404 14 0.52208
25.2 9.15457 14 0.52590
25.3 9.21505 14 0.52973
25.4 9.27578 14 0.53356
25.5 9.33904 14 0.53740
25.6 9.39942 14 0.54125
25.7 9.45962 14 0.54511
25.8 9.52053 14 0.54897
25.9 9.58376 14 0.55283
26.0 9.64413 14 0.55671
26.1 9.70435 14 0.56060
26.2 9.76429 14 0.56450
26.3 9.82837 14 0.56839
26.4 9.88860 14 0.57230
26.5 9.94887 14 0.57622
26.6 10.00901 14 0.58015
26.7 10.06885 14 0.58408
26.8 10.13371 14 0.58802
26.9 10.19383 14 0.59197
27.0 10.25386 14 0.59592
27.1 10.31371 14 0.59989
27.2 10.37872 14 0.60385
27.3 10.43917 14 0.60784
27.4 10.49960 14 0.61182
27.5 10.55997 14 0.61582
27.6 10.62028 14 0.61982
27.7 10.68038 14 0.62384
27.8 10.74521 14 0.62785
27.9 10.80609 14 0.63188
28.0 10.86619 14 0.63591
28.1 10.92607 14 0.63996
28.2 10.98683 14 0.64401
28.3 11.04761 14 0.64807
28.4 11.10910 14 0.65214
28.5 11.17542 14 0.65620
28.6 11.23641 14 0.66029
28.7 11.29711 14 0.66438
28.8 11.35744 14 0.66848
28.9 11.41801 14 0.67259
29.0 11.47859 14 0.67671
29.1 11.54230 14 0.68083
29.2 11.60530 14 0.68496
29.3 11.66548 14 0.68910
29.4 11.72482 14 0.69325
29.5 11.79139 14 0.69740
29.6 11.85196 14 0.70157
29.7 11.91502 14 0.70574
29.8 11.97808 14 0.70992
29.9 12.03300 14 0.71412
30.0 12.09523 14 0.71832
30.1 12.15721 14 0.72253
30.2 12.21891 14 0.72674
30.3 12.28022 14 0.73097
30.4 12.34987 14 0.73519
30.5 12.41092 14 0.73944
30.6 12.47177 14 0.74369
30.7 12.53208 14 0.74795
30.8 12.59212 14 0.75222
30.9 12.65667 14 0.75649
31.0 12.71824 14 0.76078
31.1 12.78008 14 0.76507
31.2 12.84143 14 0.76937
31.3 12.90109 14 0.77368
31.4 12.95895 14 0.77801
31.5 13.02806 14 0.78233
31.6 13.08326 14 0.78667
31.7 13.15197 14 0.79101
31.8 13.20325 14 0.79537
31.9 13.27168 14 0.79973
32.0 13.33429 14 0.80410
32.1 13.39569 14 0.80849
32.2 13.45011 14 0.81288
32.3 13.50811 14 0.81728
32.4 13.56846 14 0.82169
32.5 13.63875 14 0.82610
32.6 13.68790 14 0.83054
32.7 13.75937 14 0.83496
32.8 13.81155 14 0.83941
32.9 13.87121 14 0.84387
33.0 13.93185 14 0.84833
33.1 13.98713 14 0.85280
33.2 14.05169 14 0.85728
33.3 14.10973 14 0.86177
33.4 14.17033 14 0.86627
33.5 14.22715 14 0.87078
33.6 14.28088 14 0.87530
33.7 14.33943 14 0.87983
33.8 14.39926 14 0.88436
33.9 14.45620 14 0.88891
34.0 14.50775 14 0.89346
34.1 14.56296 14 0.89803
34.2 14.62910 14 0.90260
34.3 14.68690 14 0.90718
34.4 14.74177 14 0.91177
34.5 14.78626 14 0.91638
34.6 14.85664 14 0.92098
34.7 14.90920 14 0.92560
34.8 14.96084 14 0.93023
34.9 15.00403 14 0.93487
35.0 15.05782 14 0.93952
35.1 15.11150 14 0.94418
35.2 15.16618 14 0.94884
35.3 15.22635 14 0.95352
35.4 15.28469 14 0.95820
35.5 15.33494 14 0.96290
35.6 15.38487 14 0.96760
35.7 15.43436 14 0.97231
35.8 15.48335 14 0.97703
35.9 15.53193 14 0.98177
36.0 15.58011 14 0.98651
36.1 15.62782 14 0.99126
36.2 15.67507 14 0.99602
36.3 15.70937 14 1.00000
36.4 15.68894 14 1.00000
36.5 15.66819 14 1.00000
36.6 15.64716 14 1.00000
36.7 15.62575 14 1.00000
36.8 15.60402 14 1.00000
36.9 15.58200 14 1.00000
37.0 15.55963 14 1.00000
37.1 15.43353 14 1.00000
37.2 15.41098 14 1.00000
37.3 15.38820 14 1.00000
37.4 15.36494 14 1.00000
37.5 15.34153 14 1.00000
37.6 15.20357 14 1.00000
37.7 15.17995 14 1.00000
37.8 15.15603 14 1.00000
37.9 15.13189 14 1.00000
38.0 15.10735 14 1.00000
38.1 14.96616 14 1.00000
38.2 14.94172 14 1.00000
38.3 14.91690 14 1.00000
38.4 14.89179 14 1.00000
38.5 14.86658 14 1.00000
38.6 14.84062 14 1.00000
38.7 14.16884 14 1.00000
38.8 14.05046 14 1.00000
38.9 13.93861 14 1.00000
39.0 13.87888 14 1.00000
39.1 13.84716 14 1.00000
39.2 13.79788 14 1.00000
39.3 13.66556 14 1.00000
39.4 13.53904 14 1.00000
39.5 13.51745 14 1.00000
39.6 13.48794 14 1.00000
39.7 13.38943 14 1.00000
39.8 13.29625 14 1.00000
39.9 13.22703 14 1.00000
40.0 13.20484 14 1.00000
40.1 13.17654 14 1.00000
40.2 12.96769 14 0.99202
40.3 12.71650 14 0.98007
40.4 12.70631 14 0.97958
40.5 12.65114 14 0.97693
40.6 12.55892 14 0.97250
40.7 12.28523 14 0.95924
40.8 12.17140 14 0.95368
40.9 12.10910 14 0.95063
41.0 12.09318 14 0.94985
41.1 12.00207 14 0.94536
41.2 11.85957 14 0.93831
41.3 11.62665 14 0.92668
41.4 11.62723 14 0.92671
41.5 11.56025 14 0.92334
41.6 11.51847 14 0.92124
41.7 11.38272 14 0.91437
41.8 11.17693 14 0.90388
41.9 11.16192 14 0.90311
42.0 11.15327 14 0.90266
42.1 10.94745 14 0.89205
42.2 10.83262 14 0.88608
42.3 10.78518 14 0.88361
42.4 10.77903 14 0.88329
42.5 10.76431 14 0.88252
42.6 10.54546 14 0.87101
42.7 10.42473 14 0.86461
42.8 10.41555 14 0.86412
42.9 10.40436 14 0.86352
43.0 10.38595 14 0.86254
43.1 10.27865 14 0.85681
43.2 10.18406 14 0.85172
43.3 10.09325 14 0.84682
43.4 10.18167 14 0.85160
43.5 10.27319 14 0.85651
43.6 10.38066 14 0.86226
43.7 10.40593 14 0.86361
43.8 10.42332 14 0.86453
43.9 10.42614 14 0.86468
44.0 10.53022 14 0.87020
44.1 10.61972 14 0.87493
44.2 10.72381 14 0.88040
44.3 10.75702 14 0.88214
44.4 10.80164 14 0.88447
44.5 10.84736 14 0.88685
44.6 10.88856 14 0.88899
44.7 10.92803 14 0.89104
44.8 10.96457 14 0.89294
44.9 11.05919 14 0.89783
45.0 11.15712 14 0.90286
45.1 11.23918 14 0.90706
45.2 11.30956 14 0.91065
45.3 11.43243 14 0.91689
45.4 11.49566 14 0.92009
45.5 11.54878 14 0.92277
45.6 11.59293 14 0.92499
45.7 11.64367 14 0.92753
45.8 11.68723 14 0.92972
45.9 11.73568 14 0.93214
46.0 11.77709 14 0.93420
46.1 11.81105 14 0.93590
46.2 11.87390 14 0.93902
46.3 12.00541 14 0.94553
46.4 12.09421 14 0.94990
46.5 12.17524 14 0.95387
46.6 12.24937 14 0.95750
46.7 12.36964 14 0.96335
46.8 12.43958 14 0.96674
46.9 12.48272 14 0.96883
47.0 12.53123 14 0.97117
47.1 12.58193 14 0.97361
47.2 12.62608 14 0.97573
47.3 12.67363 14 0.97801
47.4 12.72078 14 0.98027
47.5 12.76413 14 0.98234
47.6 12.84645 14 0.98627
47.7 12.98732 14 0.99295
47.8 13.07642 14 0.99716
47.9 13.14744 14 1.00000
48.0 13.17885 14 1.00000
48.1 13.23440 14 1.00000
48.2 13.26774 14 1.00000
48.3 13.28418 14 1.00000
48.4 13.30826 14 1.00000
48.5 13.33291 14 1.00000
48.6 13.35503 14 1.00000
48.7 13.37603 14 1.00000
48.8 13.39592 14 1.00000
48.9 13.41691 14 1.00000
49.0 13.45644 14 1.00000
49.1 13.51140 14 1.00000
49.2 13.55141 14 1.00000
49.3 13.58835 14 1.00000
49.4 13.62616 14 1.00000
49.5 13.65574 14 1.00000
49.6 13.70894 14 1.00000
49.7 13.73553 14 1.00000
49.8 13.75832 14 1.00000
49.9 13.78376 14 1.00000
50.0 13.80360 14 1.00000
50.1 13.82880 14 1.00000
50.2 13.85096 14 1.00000
50.3 13.86768 14 1.00000
50.4 13.90420 14 1.00000
50.5 13.94190 14 1.00000
50.6 13.99680 14 1.00000
50.7 14.03391 14 1.00000
50.8 14.07479 14 1.00000
50.9 14.10545 14 1.00000
51.0 14.13864 14 1.00000
51.1 14.19430 14 1.00000
51.2 14.22266 14 1.00000
51.3 14.23988 14 1.00000
51.4 14.26736 14 1.00000
51.5 14.28915 14 1.00000
51.6 14.31318 14 1.00000
51.7 14.32944 14 1.00000
51.8 14.35269 14 1.00000
51.9 14.38980 14 1.00000
52.0 14.42945 14 1.00000
52.1 14.48068 14 1.00000
52.2 14.52207 14 1.00000
52.3 14.55968 14 1.00000
52.4 14.59359 14 1.00000
52.5 14.62467 14 1.00000
52.6 14.68091 14 1.00000
52.7 14.71350 14 1.00000
52.8 14.73744 14 1.00000
52.9 14.76005 14 1.00000
53.0 14.78174 14 1.00000
53.1 14.80492 14 1.00000
53.2 14.82551 14 1.00000
53.3 14.85039 14 1.00000
53.4 14.87018 14 1.00000
53.5 14.91664 14 1.00000
53.6 14.95251 14 1.00000
53.7 15.00485 14 1.00000
53.8 15.04437 14 1.00000
53.9 15.07876 14 1.00000
54.0 15.11861 14 1.00000
54.1 15.15021 14 1.00000
54.2 15.20570 14 1.00000
54.3 15.23276 14 1.00000
54.4 15.26093 14 1.00000
54.5 15.27988 14 1.00000
54.6 15.31079 14 1.00000
54.7 15.32759 14 1.00000
54.8 15.35669 14 1.00000
54.9 15.37479 14 1.00000
55.0 15.39689 14 1.00000
55.1 15.43575 14 1.00000
55.2 15.48217 14 1.00000
55.3 15.51319 14 1.00000
55.4 15.57045 14 1.00000
55.5 15.61024 14 1.00000
55.6 15.64723 14 1.00000
55.7 15.67416 14 1.00000
55.8 15.71162 14 1.00000
55.9 15.76861 14 1.00000
56.0 15.79637 14 1.00000
56.1 15.82158 14 1.00000
56.2 15.84555 14 1.00000
56.3 15.86965 14 1.00000
56.4 15.89539 14 1.00000
56.5 15.91810 14 1.00000
56.6 15.93591 14 1.00000
56.7 15.96114 14 1.00000
56.8 16.00670 14 1.00000
56.9 16.04671 14 1.00000
57.0 16.08689 14 1.00000
57.1 16.13748 14 1.00000
57.2 16.17779 14 1.00000
57.3 16.21562 14 1.00000
57.4 16.24618 14 1.00000
57.5 16.27501 14 1.00000
57.6 16.30330 14 1.00000
57.7 16.36009 14 1.00000
57.8 16.39769 14 1.00000
57.9 16.42005 14 1.00000
58.0 16.44598 14 1.00000
58.1 16.46098 14 1.00000
58.2 16.49377 14 1.00000
58.3 16.51745 14 1.00000
58.4 16.53878 14 1.00000
58.5 16.56547 14 1.00000
58.6 16.61446 14 1.00000
58.7 16.65343 14 1.00000
58.8 16.69483 14 1.00000
58.9 16.74637 14 1.00000
59.0 16.78292 14 1.00000
59.1 16.81986 14 1.00000
59.2 16.85577 14 1.00000
59.3 16.88259 14 1.00000
59.4 16.91422 14 1.00000
59.5 16.97382 14 1.00000
59.6 17.00508 14 1.00000
59.7 17.02722 14 1.00000
59.8 17.04292 14 1.00000
59.9 17.07341 14 1.00000
60.0 17.09416 14 1.00000
60.1 17.11862 14 1.00000
60.2 17.13647 14 1.00000
60.3 17.16644 14 1.00000
60.4 17.21402 14 1.00000
60.5 17.25737 14 1.00000
60.6 17.29087 14 1.00000
60.7 17.32758 14 1.00000
60.8 17.38417 14 1.00000
60.9 17.40993 14 1.00000
61.0 17.45564 14 1.00000
61.1 17.48875 14 1.00000
61.2 17.50940 14 1.00000
61.3 17.53971 14 1.00000
61.4 17.59068 14 1.00000
61.5 17.63801 14 1.00000
61.6 17.65281 14 1.00000
61.7 17.68487 14 1.00000
61.8 17.70396 14 1.00000
61.9 17.72531 14 1.00000
62.0 17.75233 14 1.00000
62.1 17.77206 14 1.00000
62.2 17.80140 14 1.00000
62.3 17.85409 14 1.00000
62.4 17.89857 14 1.00000
62.5 17.93616 14 1.00000
62.6 17.95968 14 1.00000
62.7 18.02016 14 1.00000
62.8 18.06087 14 1.00000
62.9 18.09483 14 1.00000
63.0 18.13062 14 1.00000
63.1 18.15942 14 1.00000
63.2 18.19373 14 1.00000
63.3 18.24898 14 1.00000
63.4 18.28615 14 1.00000
63.5 18.30370 14 1.00000
63.6 18.32420 14 1.00000
63.7 18.35758 14 1.00000
63.8 18.38039 14 1.00000
63.9 18.40458 14 1.00000
64.0 18.42029 14 1.00000
64.1 18.44024 14 1.00000
64.2 18.48871 14 1.00000
64.3 18.52399 14 1.00000
64.4 18.57437 14 1.00000
64.5 18.61107 14 1.00000
64.6 18.65296 14 1.00000
64.7 18.70122 14 1.00000
64.8 18.72694 14 1.00000
64.9 18.77615 14 1.00000
65.0 18.81256 14 1.00000
65.1 18.84412 14 1.00000
65.2 18.86170 14 1.00000
65.3 18.89216 14 1.00000
65.4 18.94676 14 1.00000
65.5 18.99093 14 1.00000
65.6 19.00581 14 1.00000
65.7 19.03483 14 1.00000
65.8 19.06881 14 1.00000
65.9 19.09315 14 1.00000
66.0 19.10613 14 1.00000
66.1 19.14023 14 1.00000
66.2 19.14807 14 1.00000
66.3 19.20871 14 1.00000
66.4 19.25900 14 1.00000
66.5 19.29131 14 1.00000
66.6 19.32377 14 1.00000
66.7 19.37090 14 1.00000
66.8 19.40929 14 1.00000
66.9 19.45061 14 1.00000
67.0 19.49974 14 1.00000
67.1 19.53557 14 1.00000
67.2 19.56863 14 1.00000
67.3 19.59077 14 1.00000
67.4 19.62649 14 1.00000
67.5 19.67998 14 1.00000
67.6 19.72632 14 1.00000
67.7 19.74469 14 1.00000
67.8 19.77227 14 1.00000
67.9 19.79732 14 1.00000
68.0 19.82254 14 1.00000
68.1 19.84633 14 1.00000
68.2 19.86931 14 1.00000
68.3 19.89086 14 1.00000
68.4 19.93332 14 1.00000
68.5 19.97610 14 1.00000
68.6 20.02620 14 1.00000
68.7 20.06698 14 1.00000
68.8 20.10644 14 1.00000
68.9 20.14206 14 1.00000
69.0 20.18738 14 1.00000
69.1 20.22059 14 1.00000
69.2 20.26714 14 1.00000
69.3 20.30295 14 1.00000
69.4 20.33678 14 1.00000
69.5 20.35493 14 1.00000
69.6 20.39882 14 1.00000
69.7 20.42886 14 1.00000
69.8 20.49368 14 1.00000
69.9 20.51975 14 1.00000
70.0 20.54389 14 1.00000
70.1 20.55806 14 1.00000
70.2 20.58790 14 1.00000
70.3 20.62024 14 1.00000
70.4 20.63068 14 1.00000
70.5 20.66849 14 1.00000
70.6 20.69086 14 1.00000
70.7 20.74785 14 1.00000
70.8 20.78958 14 1.00000
70.9 20.83876 14 1.00000
71.0 20.87986 14 1.00000
71.1 20.91241 14 1.00000
71.2 20.95301 14 1.00000
71.3 21.00229 14 1.00000
71.4 21.03478 14 1.00000
71.5 21.08006 14 1.00000
71.6 21.11628 14 1.00000
71.7 21.14936 14 1.00000
71.8 21.16868 14 1.00000
71.9 21.21221 14 1.00000
72.0 21.24569 14 1.00000
72.1 21.31913 14 1.00000
72.2 21.33815 14 1.00000
72.3 21.34371 14 1.00000
72.4 21.38823 14 1.00000
72.5 21.41427 14 1.00000
72.6 21.43084 14 1.00000
72.7 21.46540 14 1.00000
72.8 21.48895 14 1.00000
72.9 21.51358 14 1.00000
73.0 21.54902 14 1.00000
73.1 21.60846 14 1.00000
73.2 21.64455 14 1.00000
73.3 21.69466 14 1.00000
73.4 21.73168 14 1.00000
73.5 21.77804 14 1.00000
73.6 21.81450 14 1.00000
73.7 21.86248 14 1.00000
73.8 21.89594 14 1.00000
73.9 21.94040 14 1.00000
74.0 21.97725 14 1.00000
74.1 22.01082 14 1.00000
74.2 22.03052 14 1.00000
74.3 22.07595 14 1.00000
74.4 22.10888 14 1.00000
74.5 22.15781 14 1.00000
74.6 22.20297 14 1.00000
74.7 22.22531 14 1.00000
74.8 22.25478 14 1.00000
74.9 22.27999 14 1.00000
75.0 22.30797 14 1.00000
75.1 22.33115 14 1.00000
75.2 22.34428 14 1.00000
75.3 22.36687 14 1.00000
75.4 22.41282 14 1.00000
75.5 22.46640 14 1.00000
75.6 22.51377 14 1.00000
75.7 22.56216 14 1.00000
75.8 22.60539 14 1.00000
75.9 22.64689 14 1.00000
76.0 22.66817 14 1.00000
76.1 22.70382 14 1.00000
76.2 22.77085 14 1.00000
76.3 22.80183 14 1.00000
76.4 22.84984 14 1.00000
76.5 22.88752 14 1.00000
76.6 22.92039 14 1.00000
76.7 22.95382 14 1.00000
76.8 22.98843 14 1.00000
76.9 23.02168 14 1.00000
77.0 23.04129 14 1.00000
77.1 23.10944 14 1.00000
77.2 23.14746 14 1.00000
77.3 23.17080 14 1.00000
77.4 23.18060 14 1.00000
77.5 23.22742 14 1.00000
77.6 23.24442 14 1.00000
77.7 23.27993 14 1.00000
77.8 23.30654 14 1.00000
77.9 23.33193 14 1.00000
78.0 23.36946 14 1.00000
78.1 23.41904 14 1.00000
78.2 23.47215 14 1.00000
78.3 23.50166 14 1.00000
78.4 23.54652 14 1.00000
78.5 23.60496 14 1.00000
78.6 23.63338 14 1.00000
78.7 23.67688 14 1.00000
78.8 23.70998 14 1.00000
78.9 23.75152 14 1.00000
79.0 23.80579 14 1.00000
79.1 23.84756 14 1.00000
79.2 23.88082 14 1.00000
79.3 23.90611 14 1.00000
79.4 23.95354 14 1.00000
79.5 23.96776 14 1.00000
79.6 24.01304 14 1.00000
79.7 24.04985 14 1.00000
79.8 24.10737 14 1.00000
79.9 24.13169 14 1.00000
80.0 24.17193 14 1.00000
80.1 24.19998 14 1.00000
80.2 24.22137 14 1.00000
80.3 24.24140 14 1.00000
80.4 24.28181 14 1.00000
80.5 24.30876 14 1.00000
80.6 24.33432 14 1.00000
80.7 24.35841 14 1.00000
80.8 24.42391 14 1.00000
80.9 24.47802 14 1.00000
81.0 24.50739 14 1.00000
81.1 24.57008 14 1.00000
81.2 24.61434 14 1.00000
81.3 24.63596 14 1.00000
81.4 24.68884 14 1.00000
81.5 24.72834 14 1.00000
81.6 24.75721 14 1.00000
81.7 24.80888 14 1.00000
81.8 24.85973 14 1.00000
81.9 24.89825 14 1.00000
82.0 24.92712 14 1.00000
82.1 24.97267 14 1.00000
82.2 25.00154 14 1.00000
82.3 25.03966 14 1.00000
82.4 25.05816 14 1.00000
82.5 25.10185 14 1.00000
82.6 25.18161 14 1.00000
82.7 25.20115 14 1.00000
82.8 25.22893 14 1.00000
82.9 25.25638 14 1.00000
83.0 25.28300 14 1.00000
83.1 25.30108 14 1.00000
83.2 25.32173 14 1.00000
83.3 25.35066 14 1.00000
83.4 25.38435 14 1.00000
83.5 25.42591 14 1.00000
83.6 25.48088 14 1.00000
83.7 25.52412 14 1.00000
83.8 25.58239 14 1.00000
83.9 25.62952 14 1.00000
84.0 25.66698 14 1.00000
84.1 25.71852 14 1.00000
84.2 25.74706 14 1.00000
84.3 25.79589 14 1.00000
84.4 25.83524 14 1.00000
84.5 25.86467 14 1.00000
84.6 25.91282 14 1.00000
84.7 25.95955 14 1.00000
84.8 25.99854 14 1.00000
84.9 26.03116 14 1.00000
85.0 26.08283 14 1.00000
85.1 26.10709 14 1.00000
85.2 26.15058 14 1.00000
85.3 26.16897 14 1.00000
85.4 26.21663 14 1.00000
85.5 26.24876 14 1.00000
85.6 26.31769 14 1.00000
85.7 26.34549 14 1.00000
85.8 26.37413 14 1.00000
85.9 26.40376 14 1.00000
86.0 26.43301 14 1.00000
86.1 26.46207 14 1.00000
86.2 26.49045 14 1.00000
86.3 26.51841 14 1.00000
86.4 26.52901 14 1.00000
86.5 26.58218 14 1.00000
86.6 26.62394 14 1.00000
86.7 26.68813 14 1.00000
86.8 26.74170 14 1.00000
86.9 26.78911 14 1.00000
87.0 26.82545 14 1.00000
87.1 26.88005 14 1.00000
87.2 26.90792 14 1.00000
87.3 26.96096 14 1.00000
87.4 27.00253 14 1.00000
87.5 27.03973 14 1.00000
87.6 27.09650 14 1.00000
87.7 27.11879 14 1.00000
87.8 27.16584 14 1.00000
87.9 27.19792 14 1.00000
88.0 27.25384 14 1.00000
88.1 27.28741 14 1.00000
88.2 27.32004 14 1.00000
88.3 27.35628 14 1.00000
88.4 27.39072 14 1.00000
88.5 27.36639 14 1.00000
88.6 27.41335 14 1.00000
88.7 27.40837 14 1.00000
88.8 27.43790 14 1.00000
88.9 27.52313 14 1.00000
89.0 27.54207 14 1.00000
89.1 27.56414 14 1.00000
89.2 27.59712 14 1.00000
89.3 27.62786 14 1.00000
89.4 27.65476 14 1.00000
89.5 27.65382 14 1.00000
89.6 27.68312 14 1.00000
89.7 27.71208 14 1.00000
89.8 27.73974 14 1.00000
89.9 27.75179 14 1.00000
90.0 27.80002 14 1.00000
90.1 27.85656 14 1.00000
90.2 27.89699 14 1.00000
90.3 27.94485 14 1.00000
90.4 27.99020 14 1.00000
90.5 27.99569 14 1.00000
90.6 28.04334 14 1.00000
90.7 28.07468 14 1.00000
90.8 28.13350 14 1.00000
90.9 28.16194 14 1.00000
91.0 28.21006 14 1.00000
91.1 28.19366 14 1.00000
91.2 28.24256 14 1.00000
91.3 28.28262 14 1.00000
91.4 28.31623 14 1.00000
91.5 28.38055 14 1.00000
91.6 28.40954 14 1.00000
91.7 28.44403 14 1.00000
91.8 28.49919 14 1.00000
91.9 28.53600 14 1.00000
92.0 28.55743 14 1.00000
92.1 28.60487 14 1.00000
92.2 28.63171 14 1.00000
92.3 28.42190 14 1.00000
92.4 28.46868 14 1.00000
92.5 28.51742 14 1.00000
92.6 28.55026 14 1.00000
92.7 28.57486 14 1.00000
92.8 28.55733 14 1.00000
92.9 28.61033 14 1.00000
93.0 28.63211 14 1.00000
93.1 28.42722 14 1.00000
93.2 28.48086 14 1.00000
93.3 28.52382 14 1.00000
93.4 28.55358 14 1.00000
93.5 28.58048 14 1.00000
93.6 28.56097 14 1.00000
93.7 28.61637 14 1.00000
93.8 28.40775 14 1.00000
93.9 28.43404 14 1.00000
94.0 28.49160 14 1.00000
94.1 28.53006 14 1.00000
94.2 28.55620 14 1.00000
94.3 28.59940 14 1.00000
94.4 28.57327 14 1.00000
94.5 28.62160 14 1.00000
94.6 28.40861 14 1.00000
94.7 28.44154 14 1.00000
94.8 28.49910 14 1.00000
94.9 28.53605 14 1.00000
95.0 28.55744 14 1.00000
95.1 28.60592 14 1.00000
95.2 28.57617 14 1.00000
95.3 28.62627 14 1.00000
95.4 28.41209 14 1.00000
95.5 28.45113 14 1.00000
95.6 28.50573 14 1.00000
95.7 28.54169 14 1.00000
95.8 28.56164 14 1.00000
95.9 28.61221 14 1.00000
96.0 28.59890 14 1.00000
96.1 28.62977 14 1.00000
96.2 28.41679 14 1.00000
96.3 28.46045 14 1.00000
96.4 28.51240 14 1.00000
96.5 28.54674 14 1.00000
96.6 28.56172 14 1.00000
96.7 28.61794 14 1.00000
96.8 28.60538 14 1.00000
96.9 28.63182 14 1.00000
97.0 28.42239 14 1.00000
97.1 28.47107 14 1.00000
97.2 28.51885 14 1.00000
97.3 28.55076 14 1.00000
97.4 28.57980 14 1.00000
97.5 28.56164 14 1.00000
97.6 28.61164 14 1.00000
97.7 28.40565 14 1.00000
97.8 28.42862 14 1.00000
97.9 28.48390 14 1.00000
98.0 28.52516 14 1.00000
98.1 28.55427 14 1.00000
98.2 28.58196 14 1.00000
98.3 28.56055 14 1.00000
98.4 28.61735 14 1.00000
98.5 28.40776 14 1.00000
98.6 28.43545 14 1.00000
98.7 28.49297 14 1.00000
98.8 28.53124 14 1.00000
98.9 28.55657 14 1.00000
99.0 28.60069 14 1.00000
99.1 28.57688 14 1.00000
99.2 28.62257 14 1.00000
99.3 28.40913 14 1.00000
99.4 28.44307 14 1.00000
99.5 28.50033 14 1.00000
99.6 28.53715 14 1.00000
99.7 28.55749 14 1.00000
99.8 28.60702 14 1.00000
99.9 28.57972 14 1.00000
100.0 28.62696 14 1.00000
100.1 28.41283 14 1.00000
100.2 28.45259 14 1.00000
100.3 28.50675 14 1.00000
100.4 28.54245 14 1.00000
100.5 28.56159 14 1.00000
100.6 28.61305 14 1.00000
100.7 28.59987 14 1.00000
100.8 28.63015 14 1.00000
100.9 28.41753 14 1.00000
101.0 28.46176 14 1.00000
101.1 28.51318 14 1.00000
101.2 28.54726 14 1.00000
101.3 28.56350 14 1.00000
101.4 28.61862 14 1.00000
101.5 28.60610 14 1.00000
101.6 28.63193 14 1.00000
101.7 28.42292 14 1.00000
101.8 28.47215 14 1.00000
101.9 28.51937 14 1.00000
102.0 28.55110 14 1.00000
102.1 28.58164 14 1.00000
102.2 28.62354 14 1.00000
102.3 28.61205 14 1.00000
102.4 28.40602 14 1.00000
102.5 28.42889 14 1.00000
102.6 28.48407 14 1.00000
102.7 28.52548 14 1.00000
102.8 28.55433 14 1.00000
102.9 28.58257 14 1.00000
103.0 28.62754 14 1.00000
103.1 28.61746 14 1.00000
103.2 28.40777 14 1.00000
103.3 28.43541 14 1.00000
103.4 28.49296 14 1.00000
103.5 28.53126 14 1.00000
103.6 28.55655 14 1.00000
103.7 28.60054 14 1.00000
103.8 28.57614 14 1.00000
103.9 28.62233 14 1.00000
104.0 28.40904 14 1.00000
104.1 28.44272 14 1.00000
104.2 28.49994 14 1.00000
104.3 28.53664 14 1.00000
104.4 28.55748 14 1.00000
104.5 28.60650 14 1.00000
104.6 28.57745 14 1.00000
104.7 28.62652 14 1.00000
104.8 28.41230 14 1.00000
104.9 28.45168 14 1.00000
105.0 28.50598 14 1.00000
105.1 28.54175 14 1.00000
105.2 28.56164 14 1.00000
105.3 28.61220 14 1.00000
105.4 28.59884 14 1.00000
105.5 28.62967 14 1.00000
105.6 28.41657 14 1.00000
105.7 28.45995 14 1.00000
105.8 28.51190 14 1.00000
105.9 28.54633 14 1.00000
106.0 28.56059 14 1.00000
106.1 28.61737 14 1.00000
106.2 28.60478 14 1.00000
106.3 28.63167 14 1.00000
106.4 28.42140 14 1.00000
106.5 28.46907 14 1.00000
106.6 28.51765 14 1.00000
106.7 28.55041 14 1.00000
106.8 28.57488 14 1.00000
106.9 28.62209 14 1.00000
107.0 28.61023 14 1.00000
107.1 28.63211 14 1.00000
107.2 28.42686 14 1.00000
107.3 28.47966 14 1.00000
107.4 28.52323 14 1.00000
107.5 28.55322 14 1.00000
107.6 28.57535 14 1.00000
107.7 28.62606 14 1.00000
107.8 28.61539 14 1.00000
107.9 28.40785 14 1.00000
108.0 28.43266 14 1.00000
108.1 28.49015 14 1.00000
108.2 28.52861 14 1.00000
108.3 28.55564 14 1.00000
108.4 28.59473 14 1.00000
108.5 28.62922 14 1.00000
108.6 28.61999 14 1.00000
108.7 28.40761 14 1.00000
108.8 28.43877 14 1.00000
108.9 28.49603 14 1.00000
109.0 28.53386 14 1.00000
109.1 28.55715 14 1.00000
109.2 28.60307 14 1.00000
109.3 28.63129 14 1.00000
109.4 28.62424 14 1.00000
109.5 28.41027 14 1.00000
109.6 28.44573 14 1.00000
109.7 28.50245 14 1.00000
109.8 28.53891 14 1.00000
109.9 28.55746 14 1.00000
110.0 28.60881 14 1.00000
110.1 28.58427 14 1.00000
110.2 28.62779 14 1.00000
110.3 28.41385 14 1.00000
110.4 28.45446 14 1.00000
110.5 28.50805 14 1.00000
110.6 28.54344 14 1.00000
110.7 28.56150 14 1.00000
110.8 28.61408 14 1.00000
110.9 28.60072 14 1.00000
111.0 28.63041 14 1.00000
111.1 28.41803 14 1.00000
111.2 28.46278 14 1.00000
111.3 28.51366 14 1.00000
111.4 28.54763 14 1.00000
111.5 28.56429 14 1.00000
111.6 28.61883 14 1.00000
111.7 28.60660 14 1.00000
111.8 28.63196 14 1.00000
111.9 28.42285 14 1.00000
112.0 28.47190 14 1.00000
112.1 28.51937 14 1.00000
112.2 28.55105 14 1.00000
112.3 28.58059 14 1.00000
112.4 28.62328 14 1.00000
112.5 28.61184 14 1.00000
112.6 28.40570 14 1.00000
112.7 28.42850 14 1.00000
112.8 28.48284 14 1.00000
112.9 28.52483 14 1.00000
113.0 28.55408 14 1.00000
113.1 28.58046 14 1.00000
113.2 28.62716 14 1.00000
113.3 28.61664 14 1.00000
113.4 28.40774 14 1.00000
113.5 28.43453 14 1.00000
113.6 28.49202 14 1.00000
113.7 28.53023 14 1.00000
113.8 28.55625 14 1.00000
113.9 28.59836 14 1.00000
114.0 28.63006 14 1.00000
114.1 28.62140 14 1.00000
114.2 28.40849 14 1.00000
114.3 28.44090 14 1.00000
114.4 28.49802 14 1.00000
114.5 28.53551 14 1.00000
114.6 28.55740 14 1.00000
114.7 28.60514 14 1.00000
114.8 28.63176 14 1.00000
114.9 28.62569 14 1.00000
115.0 28.41143 14 1.00000
115.1 28.44848 14 1.00000
115.2 28.50455 14 1.00000
115.3 28.54077 14 1.00000
115.4 28.55725 14 1.00000
115.5 28.61095 14 1.00000
115.6 28.63208 14 1.00000
115.7 28.62899 14 1.00000
115.8 28.41545 14 1.00000
115.9 28.45778 14 1.00000
116.0 28.51030 14 1.00000
116.1 28.54529 14 1.00000
116.2 28.56108 14 1.00000
116.3 28.61627 14 1.00000
116.4 28.60305 14 1.00000
116.5 28.63126 14 1.00000
116.6 28.42024 14 1.00000
116.7 28.46685 14 1.00000
116.8 28.51631 14 1.00000
116.9 28.54943 14 1.00000
117.0 28.57065 14 1.00000
117.1 28.62108 14 1.00000
117.2 28.60931 14 1.00000
117.3 28.63215 14 1.00000
117.4 28.42566 14 1.00000
117.5 28.47701 14 1.00000
117.6 28.52199 14 1.00000
117.7 28.55266 14 1.00000
117.8 28.59101 14 1.00000
117.9 28.62547 14 1.00000
118.0 28.61466 14 1.00000
118.1 28.40797 14 1.00000
118.2 28.43177 14 1.00000
118.3 28.48917 14 1.00000
118.4 28.52766 14 1.00000
118.5 28.55540 14 1.00000
118.6 28.59273 14 1.00000
118.7 28.62893 14 1.00000
118.8 28.61959 14 1.00000
118.9 28.40750 14 1.00000
119.0 28.43816 14 1.00000
119.1 28.49574 14 1.00000
119.2 28.53349 14 1.00000
119.3 28.55707 14 1.00000
119.4 28.60298 14 1.00000
119.5 28.63130 14 1.00000
119.6 28.62433 14 1.00000
119.7 28.41033 14 1.00000
119.8 28.44583 14 1.00000
119.9 28.50268 14 1.00000
120.0 28.53912 14 1.00000
120.1 28.55745 14 1.00000
120.2 28.60917 14 1.00000
120.3 28.63215 14 1.00000
120.4 28.62810 14 1.00000
120.5 28.41427 14 1.00000
120.6 28.45561 14 1.00000
120.7 28.50875 14 1.00000
120.8 28.54428 14 1.00000
120.9 28.56136 14 1.00000
121.0 28.61507 14 1.00000
121.1 28.40788 14 1.00000
121.2 28.63080 14 1.00000
121.3 28.41905 14 1.00000
121.4 28.46535 14 1.00000
121.5 28.51513 14 1.00000
121.6 28.54878 14 1.00000
121.7 28.56873 14 1.00000
121.8 28.62010 14 1.00000
121.9 28.60859 14 1.00000
122.0 28.63212 14 1.00000
122.1 28.42479 14 1.00000
122.2 28.47598 14 1.00000
122.3 28.52120 14 1.00000
122.4 28.55236 14 1.00000
122.5 28.59032 14 1.00000
122.6 28.62491 14 1.00000
122.7 28.61434 14 1.00000
122.8 28.40804 14 1.00000
122.9 28.43137 14 1.00000
123.0 28.48880 14 1.00000
123.1 28.52777 14 1.00000
123.2 28.55534 14 1.00000
123.3 28.59320 14 1.00000
123.4 28.62885 14 1.00000
123.5 28.61966 14 1.00000
123.6 28.40759 14 1.00000
123.7 28.43824 14 1.00000
123.8 28.49608 14 1.00000
123.9 28.53402 14 1.00000
124.0 28.55713 14 1.00000
124.1 28.60354 14 1.00000
124.2 28.63145 14 1.00000
124.3 28.62458 14 1.00000
124.4 28.41079 14 1.00000
124.5 28.44653 14 1.00000
124.6 28.50351 14 1.00000
124.7 28.54004 14 1.00000
124.8 28.55738 14 1.00000
124.9 28.61020 14 1.00000
125.0 28.63208 14 1.00000
125.1 28.62867 14 1.00000
125.2 28.41526 14 1.00000
125.3 28.45794 14 1.00000
125.4 28.51011 14 1.00000
125.5 28.54553 14 1.00000
125.6 28.56107 14 1.00000
125.7 28.61653 14 1.00000
125.8 28.40774 14 1.00000
125.9 28.63130 14 1.00000
126.0 28.42089 14 1.00000
126.1 28.46852 14 1.00000
126.2 28.51704 14 1.00000
126.3 28.55025 14 1.00000
126.4 28.57481 14 1.00000
126.5 28.62194 14 1.00000
126.6 28.61098 14 1.00000
126.7 28.63208 14 1.00000
126.8 28.42724 14 1.00000
126.9 28.48150 14 1.00000
127.0 28.52365 14 1.00000
127.1 28.55381 14 1.00000
127.2 28.58090 14 1.00000
127.3 28.62689 14 1.00000
127.4 28.61690 14 1.00000
127.5 28.40776 14 1.00000
127.6 28.43480 14 1.00000
127.7 28.49259 14 1.00000
127.8 28.53076 14 1.00000
127.9 28.55647 14 1.00000
128.0 28.59978 14 1.00000
128.1 28.63041 14 1.00000
128.2 28.62265 14 1.00000
128.3 28.40941 14 1.00000
128.4 28.44281 14 1.00000
128.5 28.50045 14 1.00000
128.6 28.53781 14 1.00000
128.7 28.55750 14 1.00000
128.8 28.60796 14 1.00000
128.9 28.63213 14 1.00000
129.0 28.62760 14 1.00000
129.1 28.41397 14 1.00000
129.2 28.45293 14 1.00000
129.3 28.50845 14 1.00000
129.4 28.54431 14 1.00000
129.5 28.56142 14 1.00000
129.6 28.61525 14 1.00000
129.7 28.40784 14 1.00000
129.8 28.63091 14 1.00000
129.9 28.41963 14 1.00000
130.0 28.46622 14 1.00000
130.1 28.51598 14 1.00000
130.2 28.54959 14 1.00000
130.3 28.57217 14 1.00000
130.4 28.62119 14 1.00000
130.5 28.40861 14 1.00000
130.6 28.63214 14 1.00000
130.7 28.42662 14 1.00000
130.8 28.48039 14 1.00000
130.9 28.52350 14 1.00000
131.0 28.55363 14 1.00000
131.1 28.57992 14 1.00000
131.2 28.62681 14 1.00000
131.3 28.61677 14 1.00000
131.4 28.40775 14 1.00000
131.5 28.43515 14 1.00000
131.6 28.49269 14 1.00000
131.7 28.53120 14 1.00000
131.8 28.55662 14 1.00000
131.9 28.60044 14 1.00000
132.0 28.63068 14 1.00000
132.1 28.62325 14 1.00000
132.2 28.40986 14 1.00000
132.3 28.44402 14 1.00000
132.4 28.50154 14 1.00000
132.5 28.53881 14 1.00000
132.6 28.55747 14 1.00000
132.7 28.60946 14 1.00000
132.8 28.63214 14 1.00000
132.9 28.62844 14 1.00000
133.0 28.41513 14 1.00000
133.1 28.45564 14 1.00000
133.2 28.51025 14 1.00000
133.3 28.54598 14 1.00000
133.4 28.56093 14 1.00000
133.5 28.61685 14 1.00000
133.6 28.40779 14 1.00000
133.7 28.63161 14 1.00000
133.8 28.42217 14 1.00000
133.9 28.47127 14 1.00000
134.0 28.51878 14 1.00000
134.1 28.55107 14 1.00000
134.2 28.58211 14 1.00000
134.3 28.62394 14 1.00000
134.4 28.41051 14 1.00000
134.5 28.40720 14 1.00000
134.6 28.43064 14 1.00000
134.7 28.48817 14 1.00000
134.8 28.52696 14 1.00000
134.9 28.55545 14 1.00000
135.0 28.59420 14 1.00000
135.1 28.62909 14 1.00000
135.2 28.62038 14 1.00000
135.3 28.40797 14 1.00000
135.4 28.43999 14 1.00000
135.5 28.49785 14 1.00000
135.6 28.53579 14 1.00000
135.7 28.55741 14 1.00000
135.8 28.60629 14 1.00000
135.9 28.63197 14 1.00000
136.0 28.62688 14 1.00000
136.1 28.41287 14 1.00000
136.2 28.45155 14 1.00000
136.3 28.50794 14 1.00000
136.4 28.54360 14 1.00000
136.5 28.56147 14 1.00000
136.6 28.61517 14 1.00000
136.7 28.40781 14 1.00000
136.8 28.63104 14 1.00000
136.9 28.42019 14 1.00000
137.0 28.46770 14 1.00000
137.1 28.51681 14 1.00000
137.2 28.55051 14 1.00000
137.3 28.57706 14 1.00000
137.4 28.62242 14 1.00000
137.5 28.40978 14 1.00000
137.6 28.63195 14 1.00000
137.7 28.42899 14 1.00000
137.8 28.48653 14 1.00000
137.9 28.52595 14 1.00000
138.0 28.55502 14 1.00000
138.1 28.59102 14 1.00000
138.2 28.62880 14 1.00000
138.3 28.62005 14 1.00000
138.4 28.40778 14 1.00000
138.5 28.43951 14 1.00000
138.6 28.49718 14 1.00000
138.7 28.53572 14 1.00000
138.8 28.55741 14 1.00000
138.9 28.60625 14 1.00000
139.0 28.63202 14 1.00000
139.1 28.62723 14 1.00000
139.2 28.41338 14 1.00000
139.3 28.45235 14 1.00000
139.4 28.50871 14 1.00000
139.5 28.54441 14 1.00000
139.6 28.56129 14 1.00000
139.7 28.61631 14 1.00000
139.8 28.40774 14 1.00000
139.9 28.63140 14 1.00000
140.0 28.42147 14 1.00000
140.1 28.47047 14 1.00000
140.2 28.51859 14 1.00000
140.3 28.55113 14 1.00000
140.4 28.58388 14 1.00000
140.5 28.62418 14 1.00000
140.6 28.41096 14 1.00000
140.7 28.40813 14 1.00000
140.8 28.43182 14 1.00000
140.9 28.48967 14 1.00000
141.0 28.52834 14 1.00000
141.1 28.55607 14 1.00000
141.2 28.59865 14 1.00000
141.3 28.63006 14 1.00000
141.4 28.62241 14 1.00000
141.5 28.40895 14 1.00000
141.6 28.44343 14 1.00000
141.7 28.50112 14 1.00000
141.8 28.53887 14 1.00000
141.9 28.55740 14 1.00000
142.0 28.61037 14 1.00000
142.1 28.63203 14 1.00000
142.2 28.62936 14 1.00000
142.3 28.41694 14 1.00000
142.4 28.45974 14 1.00000
142.5 28.51295 14 1.00000
142.6 28.54832 14 1.00000
142.7 28.56619 14 1.00000
142.8 28.62013 14 1.00000
142.9 28.40806 14 1.00000
143.0 28.63215 14 1.00000
143.1 28.42671 14 1.00000
143.2 28.48124 14 1.00000
143.3 28.52423 14 1.00000
143.4 28.55409 14 1.00000
143.5 28.58463 14 1.00000
143.6 28.62803 14 1.00000
143.7 28.41480 14 1.00000
143.8 28.40756 14 1.00000
143.9 28.43868 14 1.00000
144.0 28.49656 14 1.00000
144.1 28.53506 14 1.00000
144.2 28.55740 14 1.00000
144.3 28.60525 14 1.00000
144.4 28.63206 14 1.00000
144.5 28.62767 14 1.00000
144.6 28.41396 14 1.00000
144.7 28.45407 14 1.00000
144.8 28.51005 14 1.00000
144.9 28.54575 14 1.00000
145.0 28.56084 14 1.00000
145.1 28.61803 14 1.00000
145.2 28.40793 14 1.00000
145.3 28.63199 14 1.00000
145.4 28.42428 14 1.00000
145.5 28.47618 14 1.00000
145.6 28.52215 14 1.00000
145.7 28.55303 14 1.00000
145.8 28.57747 14 1.00000
145.9 28.62685 14 1.00000
146.0 28.41377 14 1.00000
146.1 28.40784 14 1.00000
146.2 28.43719 14 1.00000
146.3 28.49489 14 1.00000
146.4 28.53359 14 1.00000
146.5 28.55729 14 1.00000
146.6 28.60424 14 1.00000
146.7 28.63197 14 1.00000
146.8 28.62702 14 1.00000
146.9 28.41343 14 1.00000
147.0 28.45352 14 1.00000
147.1 28.50954 14 1.00000
147.2 28.54556 14 1.00000
147.3 28.56095 14 1.00000
147.4 28.61793 14 1.00000
147.5 28.40795 14 1.00000
147.6 28.63199 14 1.00000
147.7 28.42453 14 1.00000
147.8 28.47649 14 1.00000
147.9 28.52255 14 1.00000
148.0 28.55337 14 1.00000
148.1 28.57917 14 1.00000
148.2 28.62733 14 1.00000
148.3 28.41427 14 1.00000
148.4 28.40797 14 1.00000
148.5 28.43858 14 1.00000
148.6 28.49625 14 1.00000
148.7 28.53481 14 1.00000
148.8 28.55742 14 1.00000
148.9 28.60572 14 1.00000
149.0 28.63213 14 1.00000
149.1 28.62810 14 1.00000
149.2 28.41532 14 1.00000
149.3 28.45642 14 1.00000
149.4 28.51160 14 1.00000
149.5 28.54764 14 1.00000
149.6 28.56257 14 1.00000
149.7 28.61998 14 1.00000
149.8 28.40800 14 1.00000
149.9 28.63214 14 1.00000
150.0 28.42733 14 1.00000
150.1 28.48333 14 1.00000
150.2 28.52557 14 1.00000
150.3 28.55473 14 1.00000
150.4 28.59482 14 1.00000
150.5 28.62929 14 1.00000
150.6 28.41680 14 1.00000
150.7 28.40859 14 1.00000
150.8 28.44275 14 1.00000
150.9 28.50121 14 1.00000
151.0 28.53948 14 1.00000
151.1 28.55734 14 1.00000
151.2 28.61158 14 1.00000
151.3 28.40664 14 1.00000
151.4 28.63031 14 1.00000
151.5 28.41929 14 1.00000
151.6 28.46674 14 1.00000
151.7 28.51706 14 1.00000
151.8 28.55042 14 1.00000
151.9 28.58271 14 1.00000
152.0 28.62405 14 1.00000
152.1 28.41120 14 1.00000
152.2 28.40787 14 1.00000
152.3 28.43366 14 1.00000
152.4 28.49247 14 1.00000
152.5 28.53104 14 1.00000
152.6 28.55696 14 1.00000
152.7 28.60264 14 1.00000
152.8 28.63162 14 1.00000
152.9 28.62619 14 1.00000
153.0 28.41278 14 1.00000
153.1 28.45192 14 1.00000
153.2 28.50949 14 1.00000
153.3 28.54587 14 1.00000
153.4 28.56067 14 1.00000
153.5 28.61875 14 1.00000
153.6 28.40763 14 1.00000
153.7 28.63213 14 1.00000
153.8 28.42647 14 1.00000
153.9 28.48271 14 1.00000
154.0 28.52514 14 1.00000
154.1 28.55478 14 1.00000
154.2 28.59308 14 1.00000
154.3 28.62954 14 1.00000
154.4 28.41739 14 1.00000
154.5 28.40883 14 1.00000
154.6 28.44418 14 1.00000
154.7 28.50223 14 1.00000
154.8 28.54082 14 1.00000
154.9 28.56163 14 1.00000
155.0 28.61332 14 1.00000
155.1 28.40792 14 1.00000
155.2 28.63107 14 1.00000
155.3 28.42171 14 1.00000
155.4 28.47161 14 1.00000
155.5 28.51993 14 1.00000
155.6 28.55254 14 1.00000
155.7 28.59159 14 1.00000
155.8 28.62687 14 1.00000
155.9 28.41401 14 1.00000
156.0 28.40798 14 1.00000
156.1 28.43912 14 1.00000
156.2 28.49714 14 1.00000
156.3 28.53597 14 1.00000
156.4 28.55750 14 1.00000
156.5 28.60905 14 1.00000
156.6 28.63209 14 1.00000
156.7 28.62958 14 1.00000
156.8 28.41829 14 1.00000
156.9 28.46351 14 1.00000
157.0 28.51653 14 1.00000
157.1 28.55080 14 1.00000
157.2 28.57958 14 1.00000
157.3 28.62454 14 1.00000
157.4 28.41171 14 1.00000
157.5 28.40776 14 1.00000
157.6 28.43549 14 1.00000
157.7 28.49434 14 1.00000
157.8 28.53367 14 1.00000
157.9 28.55733 14 1.00000
158.0 28.60555 14 1.00000
158.1 28.63214 14 1.00000
158.2 28.62847 14 1.00000
158.3 28.41660 14 1.00000
158.4 28.45939 14 1.00000
158.5 28.51400 14 1.00000
158.6 28.54956 14 1.00000
158.7 28.57302 14 1.00000
158.8 28.62329 14 1.00000
158.9 28.41003 14 1.00000
159.0 28.40800 14 1.00000
159.1 28.43365 14 1.00000
159.2 28.49270 14 1.00000
159.3 28.53203 14 1.00000
159.4 28.55717 14 1.00000
159.5 28.60467 14 1.00000
159.6 28.63199 14 1.00000
159.7 28.62814 14 1.00000
159.8 28.41561 14 1.00000
159.9 28.45831 14 1.00000
160.0 28.51360 14 1.00000
160.1 28.54925 14 1.00000
160.2 28.57263 14 1.00000
160.3 28.62315 14 1.00000
160.4 28.40990 14 1.00000
160.5 28.40801 14 1.00000
160.6 28.43368 14 1.00000
160.7 28.49345 14 1.00000
160.8 28.53230 14 1.00000
160.9 28.55720 14 1.00000
161.0 28.60523 14 1.00000
161.1 28.63207 14 1.00000
161.2 28.62859 14 1.00000
161.3 28.41669 14 1.00000
161.4 28.45997 14 1.00000
161.5 28.51466 14 1.00000
161.6 28.54993 14 1.00000
161.7 28.57655 14 1.00000
161.8 28.62408 14 1.00000
161.9 28.41131 14 1.00000
162.0 28.40775 14 1.00000
162.1 28.43561 14 1.00000
162.2 28.49546 14 1.00000
162.3 28.53451 14 1.00000
162.4 28.55746 14 1.00000
162.5 28.60726 14 1.00000
162.6 28.63213 14 1.00000
162.7 28.62981 14 1.00000
162.8 28.41855 14 1.00000
162.9 28.46486 14 1.00000
163.0 28.51791 14 1.00000
163.1 28.55112 14 1.00000
163.2 28.59070 14 1.00000
163.3 28.62633 14 1.00000
163.4 28.41381 14 1.00000
163.5 28.40809 14 1.00000
163.6 28.43953 14 1.00000
163.7 28.49914 14 1.00000
163.8 28.53786 14 1.00000
163.9 28.55734 14 1.00000
164.0 28.61221 14 1.00000
164.1 28.40814 14 1.00000
164.2 28.63125 14 1.00000
164.3 28.42229 14 1.00000
164.4 28.47426 14 1.00000
164.5 28.52215 14 1.00000
164.6 28.55392 14 1.00000
164.7 28.58865 14 1.00000
164.8 28.62887 14 1.00000
164.9 28.41767 14 1.00000
165.0 28.40933 14 1.00000
165.1 28.44652 14 1.00000
165.2 28.50488 14 1.00000
165.3 28.54305 14 1.00000
165.4 28.56112 14 1.00000
165.5 28.61755 14 1.00000
165.6 28.40768 14 1.00000
165.7 28.63215 14 1.00000
165.8 28.42768 14 1.00000
165.9 28.48849 14 1.00000
166.0 28.52836 14 1.00000
166.1 28.55657 14 1.00000
166.2 28.60182 14 1.00000
166.3 28.63140 14 1.00000
166.4 28.42425 14 1.00000
166.5 28.41380 14 1.00000
166.6 28.45746 14 1.00000
166.7 28.51344 14 1.00000
166.8 28.54926 14 1.00000
166.9 28.57532 14 1.00000
167.0 28.62367 14 1.00000
167.1 28.41201 14 1.00000
167.2 28.40774 14 1.00000
167.3 28.43700 14 1.00000
167.4 28.49694 14 1.00000
167.5 28.53565 14 1.00000
167.6 28.55746 14 1.00000
167.7 28.61116 14 1.00000
167.8 28.40751 14 1.00000
167.9 28.63105 14 1.00000
168.0 28.42157 14 1.00000
168.1 28.47492 14 1.00000
168.2 28.52238 14 1.00000
168.3 28.55433 14 1.00000
168.4 28.59186 14 1.00000
168.5 28.62921 14 1.00000
168.6 28.41911 14 1.00000
168.7 28.41014 14 1.00000
168.8 28.44946 14 1.00000
168.9 28.50752 14 1.00000
169.0 28.54466 14 1.00000
169.1 28.56395 14 1.00000
169.2 28.62078 14 1.00000
169.3 28.40937 14 1.00000
169.4 28.40723 14 1.00000
169.5 28.43285 14 1.00000
169.6 28.49310 14 1.00000
169.7 28.53242 14 1.00000
169.8 28.55744 14 1.00000
169.9 28.60707 14 1.00000
170.0 28.63202 14 1.00000
170.1 28.63033 14 1.00000
170.2 28.41943 14 1.00000
170.3 28.47171 14 1.00000
170.4 28.52039 14 1.00000
170.5 28.55381 14 1.00000
170.6 28.58713 14 1.00000
170.7 28.62858 14 1.00000
170.8 28.41833 14 1.00000
170.9 28.40963 14 1.00000
171.0 28.44911 14 1.00000
171.1 28.50719 14 1.00000
171.2 28.54436 14 1.00000
171.3 28.56380 14 1.00000
171.4 28.62068 14 1.00000
171.5 28.40966 14 1.00000
171.6 28.40779 14 1.00000
171.7 28.43336 14 1.00000
171.8 28.49430 14 1.00000
171.9 28.53309 14 1.00000
172.0 28.55750 14 1.00000
172.1 28.60842 14 1.00000
172.2 28.40695 14 1.00000
172.3 28.63093 14 1.00000
172.4 28.42113 14 1.00000
172.5 28.47595 14 1.00000
172.6 28.52280 14 1.00000
172.7 28.55496 14 1.00000
172.8 28.59758 14 1.00000
172.9 28.62977 14 1.00000
173.0 28.42178 14 1.00000
173.1 28.41179 14 1.00000
173.2 28.45426 14 1.00000
173.3 28.51216 14 1.00000
173.4 28.54815 14 1.00000
173.5 28.57541 14 1.00000
173.6 28.62375 14 1.00000
173.7 28.41297 14 1.00000
173.8 28.40781 14 1.00000
173.9 28.44055 14 1.00000
174.0 28.50011 14 1.00000
174.1 28.53802 14 1.00000
174.2 28.56153 14 1.00000
174.3 28.61506 14 1.00000
174.4 28.40808 14 1.00000
174.5 28.63213 14 1.00000
174.6 28.42668 14 1.00000
174.7 28.48983 14 1.00000
174.8 28.52935 14 1.00000
174.9 28.55724 14 1.00000
175.0 28.60471 14 1.00000
175.1 28.63212 14 1.00000
175.2 28.42984 14 1.00000
175.3 28.41838 14 1.00000
175.4 28.47200 14 1.00000
175.5 28.52043 14 1.00000
175.6 28.55395 14 1.00000
175.7 28.59087 14 1.00000
175.8 28.62900 14 1.00000
175.9 28.42083 14 1.00000
176.0 28.41077 14 1.00000
176.1 28.45328 14 1.00000
176.2 28.51178 14 1.00000
176.3 28.54672 14 1.00000
176.4 28.57617 14 1.00000
176.5 28.62389 14 1.00000
176.6 28.41358 14 1.00000
176.7 28.40792 14 1.00000
176.8 28.44146 14 1.00000
176.9 28.50172 14 1.00000
177.0 28.53964 14 1.00000
177.1 28.56113 14 1.00000
177.2 28.61685 14 1.00000
177.3 28.40824 14 1.00000
177.4 28.63200 14 1.00000
177.5 28.42956 14 1.00000
177.6 28.49325 14 1.00000
177.7 28.53238 14 1.00000
177.8 28.55749 14 1.00000
177.9 28.60889 14 1.00000
178.0 28.40733 14 1.00000
178.1 28.63147 14 1.00000
178.2 28.42261 14 1.00000
178.3 28.48248 14 1.00000
178.4 28.52637 14 1.00000
178.5 28.55625 14 1.00000
178.6 28.60217 14 1.00000
178.7 28.63141 14 1.00000
178.8 28.42699 14 1.00000
178.9 28.41593 14 1.00000
179.0 28.46641 14 1.00000
179.1 28.51945 14 1.00000
179.2 28.55324 14 1.00000
179.3 28.58934 14 1.00000
179.4 28.62897 14 1.00000
179.5 28.42046 14 1.00000
179.6 28.41109 14 1.00000
179.7 28.45395 14 1.00000
179.8 28.51333 14 1.00000
179.9 28.54888 14 1.00000
180.0 28.58379 14 1.00000
180.1 28.62535 14 1.00000
180.2 28.41532 14 1.00000
180.3 28.40833 14 1.00000
180.4 28.44565 14 1.00000
180.5 28.50576 14 1.00000
180.6 28.54365 14 1.00000
180.7 28.56512 14 1.00000
180.8 28.62186 14 1.00000
180.9 28.41076 14 1.00000
181.0 28.40774 14 1.00000
181.1 28.43840 14 1.00000
181.2 28.49983 14 1.00000
181.3 28.53851 14 1.00000
181.4 28.56134 14 1.00000
181.5 28.61698 14 1.00000
181.6 28.40809 14 1.00000
181.7 28.63195 14 1.00000
181.8 28.43065 14 1.00000
181.9 28.49426 14 1.00000
182.0 28.53424 14 1.00000
182.1 28.55742 14 1.00000
182.2 28.61290 14 1.00000
182.3 28.40774 14 1.00000
182.4 28.63208 14 1.00000
182.5 28.42648 14 1.00000
182.6 28.49025 14 1.00000
182.7 28.53066 14 1.00000
182.8 28.55742 14 1.00000
182.9 28.60765 14 1.00000
183.0 28.63178 14 1.00000
183.1 28.43439 14 1.00000
183.2 28.42295 14 1.00000
183.3 28.48387 14 1.00000
183.4 28.52763 14 1.00000
183.5 28.55677 14 1.00000
183.6 28.60409 14 1.00000
183.7 28.63214 14 1.00000
183.8 28.43085 14 1.00000
183.9 28.42004 14 1.00000
184.0 28.47598 14 1.00000
184.1 28.52408 14 1.00000
184.2 28.55580 14 1.00000
184.3 28.60153 14 1.00000
184.4 28.63141 14 1.00000
184.5 28.42729 14 1.00000
184.6 28.41668 14 1.00000
184.7 28.47135 14 1.00000
184.8 28.52133 14 1.00000
184.9 28.55496 14 1.00000
185.0 28.59889 14 1.00000
185.1 28.63051 14 1.00000
185.2 28.42505 14 1.00000
185.3 28.41521 14 1.00000
185.4 28.46553 14 1.00000
185.5 28.51875 14 1.00000
185.6 28.55375 14 1.00000
185.7 28.59665 14 1.00000
185.8 28.62988 14 1.00000
185.9 28.42354 14 1.00000
186.0 28.41365 14 1.00000
186.1 28.46296 14 1.00000
186.2 28.51752 14 1.00000
186.3 28.55294 14 1.00000
186.4 28.58765 14 1.00000
186.5 28.62930 14 1.00000
186.6 28.42225 14 1.00000
186.7 28.41302 14 1.00000
186.8 28.45942 14 1.00000
186.9 28.51661 14 1.00000
187.0 28.55202 14 1.00000
187.1 28.58419 14 1.00000
187.2 28.62902 14 1.00000
187.3 28.42078 14 1.00000
187.4 28.41263 14 1.00000
187.5 28.45755 14 1.00000
187.6 28.51637 14 1.00000
187.7 28.55188 14 1.00000
187.8 28.58330 14 1.00000
187.9 28.62889 14 1.00000
188.0 28.42054 14 1.00000
188.1 28.41269 14 1.00000
188.2 28.45768 14 1.00000
188.3 28.51645 14 1.00000
188.4 28.55192 14 1.00000
188.5 28.58353 14 1.00000
188.6 28.62910 14 1.00000
188.7 28.42092 14 1.00000
188.8 28.41297 14 1.00000
188.9 28.45859 14 1.00000
189.0 28.51684 14 1.00000
189.1 28.55255 14 1.00000
189.2 28.58622 14 1.00000
189.3 28.62946 14 1.00000
189.4 28.42253 14 1.00000
189.5 28.41347 14 1.00000
189.6 28.46266 14 1.00000
189.7 28.51792 14 1.00000
189.8 28.55331 14 1.00000
189.9 28.59403 14 1.00000
190.0 28.62994 14 1.00000
190.1 28.42397 14 1.00000
190.2 28.41465 14 1.00000
190.3 28.46533 14 1.00000
190.4 28.51932 14 1.00000
190.5 28.55417 14 1.00000
190.6 28.59862 14 1.00000
190.7 28.63063 14 1.00000
190.8 28.42566 14 1.00000
190.9 28.41622 14 1.00000
191.0 28.46927 14 1.00000
191.1 28.52207 14 1.00000
191.2 28.55551 14 1.00000
191.3 28.60138 14 1.00000
191.4 28.63145 14 1.00000
191.5 28.42849 14 1.00000
191.6 28.41888 14 1.00000
191.7 28.47654 14 1.00000
191.8 28.52500 14 1.00000
191.9 28.55631 14 1.00000
192.0 28.60417 14 1.00000
192.1 28.63214 14 1.00000
192.2 28.43273 14 1.00000
192.3 28.42184 14 1.00000
192.4 28.48368 14 1.00000
192.5 28.52873 14 1.00000
192.6 28.55731 14 1.00000
192.7 28.60761 14 1.00000
192.8 28.40771 14 1.00000
192.9 28.43674 14 1.00000
193.0 28.42588 14 1.00000
193.1 28.49105 14 1.00000
193.2 28.53195 14 1.00000
193.3 28.55749 14 1.00000
193.4 28.61219 14 1.00000
193.5 28.40779 14 1.00000
193.6 28.63214 14 1.00000
193.7 28.43033 14 1.00000
193.8 28.49496 14 1.00000
193.9 28.53661 14 1.00000
194.0 28.56156 14 1.00000
194.1 28.61711 14 1.00000
194.2 28.40888 14 1.00000
194.3 28.40806 14 1.00000
194.4 28.43827 14 1.00000
194.5 28.50084 14 1.00000
194.6 28.54139 14 1.00000
194.7 28.56219 14 1.00000
194.8 28.62193 14 1.00000
194.9 28.41253 14 1.00000
195.0 28.40756 14 1.00000
195.1 28.44563 14 1.00000
195.2 28.50708 14 1.00000
195.3 28.54606 14 1.00000
195.4 28.57967 14 1.00000
195.5 28.62615 14 1.00000
195.6 28.41760 14 1.00000
195.7 28.41034 14 1.00000
195.8 28.45403 14 1.00000
195.9 28.51537 14 1.00000
196.0 28.55146 14 1.00000
196.1 28.58580 14 1.00000
196.2 28.62955 14 1.00000
196.3 28.42380 14 1.00000
196.4 28.41502 14 1.00000
196.5 28.46730 14 1.00000
196.6 28.52185 14 1.00000
196.7 28.55555 14 1.00000
196.8 28.60254 14 1.00000
196.9 28.63178 14 1.00000
197.0 28.43208 14 1.00000
197.1 28.42161 14 1.00000
197.2 28.48462 14 1.00000
197.3 28.52945 14 1.00000
197.4 28.55745 14 1.00000
197.5 28.60936 14 1.00000
197.6 28.40777 14 1.00000
197.7 28.44051 14 1.00000
197.8 28.42983 14 1.00000
197.9 28.49504 14 1.00000
198.0 28.53698 14 1.00000
198.1 28.56143 14 1.00000
198.2 28.61806 14 1.00000
198.3 28.40973 14 1.00000
198.4 28.40774 14 1.00000
198.5 28.44136 14 1.00000
198.6 28.50428 14 1.00000
198.7 28.54472 14 1.00000
198.8 28.57418 14 1.00000
198.9 28.62552 14 1.00000
199.0 28.41680 14 1.00000
199.1 28.41005 14 1.00000
199.2 28.45414 14 1.00000
199.3 28.51580 14 1.00000
199.4 28.55211 14 1.00000
199.5 28.59011 14 1.00000
199.6 28.63033 14 1.00000
199.7 28.42588 14 1.00000
199.8 28.41722 14 1.00000
199.9 28.47559 14 1.00000
200.0 28.52553 14 1.00000
200.1 28.55664 14 1.00000
200.2 28.60641 14 1.00000
200.3 28.40713 14 1.00000
200.4 28.43775 14 1.00000
200.5 28.42782 14 1.00000
200.6 28.49338 14 1.00000
200.7 28.53496 14 1.00000
200.8 28.56157 14 1.00000
200.9 28.61757 14 1.00000
201.0 28.40945 14 1.00000
201.1 28.40774 14 1.00000
201.2 28.44151 14 1.00000
201.3 28.50476 14 1.00000
201.4 28.54543 14 1.00000
201.5 28.57663 14 1.00000
201.6 28.62628 14 1.00000
201.7 28.41834 14 1.00000
201.8 28.41147 14 1.00000
201.9 28.45828 14 1.00000
202.0 28.51833 14 1.00000
202.1 28.55434 14 1.00000
202.2 28.60069 14 1.00000
202.3 28.63162 14 1.00000
202.4 28.43137 14 1.00000
202.5 28.42184 14 1.00000
202.6 28.48786 14 1.00000
202.7 28.53066 14 1.00000
202.8 28.55749 14 1.00000
202.9 28.61283 14 1.00000
203.0 28.40755 14 1.00000
203.1 28.63181 14 1.00000
203.2 28.43572 14 1.00000
203.3 28.50120 14 1.00000
203.4 28.54226 14 1.00000
203.5 28.56827 14 1.00000
203.6 28.62452 14 1.00000
203.7 28.41595 14 1.00000
203.8 28.40993 14 1.00000
203.9 28.45459 14 1.00000
204.0 28.51680 14 1.00000
204.1 28.55342 14 1.00000
204.2 28.59918 14 1.00000
204.3 28.63125 14 1.00000
204.4 28.42976 14 1.00000
204.5 28.42169 14 1.00000
204.6 28.48753 14 1.00000
204.7 28.53084 14 1.00000
204.8 28.55749 14 1.00000
204.9 28.61334 14 1.00000
205.0 28.40792 14 1.00000
205.1 28.40777 14 1.00000
205.2 28.43755 14 1.00000
205.3 28.50271 14 1.00000
205.4 28.54431 14 1.00000
205.5 28.57355 14 1.00000
205.6 28.62609 14 1.00000
205.7 28.41838 14 1.00000
205.8 28.41171 14 1.00000
205.9 28.46009 14 1.00000
206.0 28.51975 14 1.00000
206.1 28.55525 14 1.00000
206.2 28.60353 14 1.00000
206.3 28.63214 14 1.00000
206.4 28.43552 14 1.00000
206.5 28.42592 14 1.00000
206.6 28.49326 14 1.00000
206.7 28.53518 14 1.00000
206.8 28.56147 14 1.00000
206.9 28.61895 14 1.00000
207.0 28.41107 14 1.00000
207.1 28.40759 14 1.00000
207.2 28.44712 14 1.00000
207.3 28.50968 14 1.00000
207.4 28.54949 14 1.00000
207.5 28.58382 14 1.00000
207.6 28.63022 14 1.00000
207.7 28.42632 14 1.00000
207.8 28.41843 14 1.00000
207.9 28.48056 14 1.00000
208.0 28.52934 14 1.00000
208.1 28.55750 14 1.00000
208.2 28.61281 14 1.00000
208.3 28.40765 14 1.00000
208.4 28.40789 14 1.00000
208.5 28.43809 14 1.00000
208.6 28.50355 14 1.00000
208.7 28.54522 14 1.00000
208.8 28.57972 14 1.00000
208.9 28.62725 14 1.00000
209.0 28.42091 14 1.00000
209.1 28.41415 14 1.00000
209.2 28.46863 14 1.00000
209.3 28.52430 14 1.00000
209.4 28.55673 14 1.00000
209.5 28.60745 14 1.00000
209.6 28.40781 14 1.00000
209.7 28.44194 14 1.00000
209.8 28.43243 14 1.00000
209.9 28.50004 14 1.00000
210.0 28.54198 14 1.00000
210.1 28.56898 14 1.00000
210.2 28.62544 14 1.00000
210.3 28.41782 14 1.00000
210.4 28.41154 14 1.00000
210.5 28.46172 14 1.00000
210.6 28.52186 14 1.00000
210.7 28.55603 14 1.00000
210.8 28.60567 14 1.00000
210.9 28.40780 14 1.00000
211.0 28.43972 14 1.00000
211.1 28.43064 14 1.00000
211.2 28.49838 14 1.00000
211.3 28.54065 14 1.00000
211.4 28.56599 14 1.00000
211.5 28.62465 14 1.00000
211.6 28.41719 14 1.00000
211.7 28.41128 14 1.00000
211.8 28.46058 14 1.00000
211.9 28.52177 14 1.00000
212.0 28.55601 14 1.00000
212.1 28.60560 14 1.00000
212.2 28.40808 14 1.00000
212.3 28.44005 14 1.00000
212.4 28.43151 14 1.00000
212.5 28.49940 14 1.00000
212.6 28.54127 14 1.00000
212.7 28.56942 14 1.00000
212.8 28.62578 14 1.00000
212.9 28.41858 14 1.00000
213.0 28.41252 14 1.00000
213.1 28.46703 14 1.00000
213.2 28.52372 14 1.00000
213.3 28.55674 14 1.00000
213.4 28.60756 14 1.00000
213.5 28.40775 14 1.00000
213.6 28.44373 14 1.00000
213.7 28.43406 14 1.00000
213.8 28.50225 14 1.00000
213.9 28.54445 14 1.00000
214.0 28.57978 14 1.00000
214.1 28.62765 14 1.00000
214.2 28.42187 14 1.00000
214.3 28.41613 14 1.00000
214.4 28.47570 14 1.00000
214.5 28.52784 14 1.00000
214.6 28.55749 14 1.00000
214.7 28.61336 14 1.00000
214.8 28.40817 14 1.00000
214.9 28.40779 14 1.00000
215.0 28.44285 14 1.00000
215.1 28.50808 14 1.00000
215.2 28.54866 14 1.00000
215.3 28.58319 14 1.00000
215.4 28.63056 14 1.00000
215.5 28.42893 14 1.00000
215.6 28.42226 14 1.00000
215.7 28.49010 14 1.00000
215.8 28.53365 14 1.00000
215.9 28.56160 14 1.00000
216.0 28.61983 14 1.00000
216.1 28.41218 14 1.00000
216.2 28.40899 14 1.00000
216.3 28.45428 14 1.00000
216.4 28.51766 14 1.00000
216.5 28.55479 14 1.00000
216.6 28.60382 14 1.00000
216.7 28.63200 14 1.00000
216.8 28.43915 14 1.00000
216.9 28.43085 14 1.00000
217.0 28.49968 14 1.00000
217.1 28.54205 14 1.00000
217.2 28.57215 14 1.00000
217.3 28.62684 14 1.00000
217.4 28.42091 14 1.00000
217.5 28.41544 14 1.00000
217.6 28.47566 14 1.00000
217.7 28.52850 14 1.00000
217.8 28.55750 14 1.00000
217.9 28.61430 14 1.00000
218.0 28.40886 14 1.00000
218.1 28.40781 14 1.00000
218.2 28.44638 14 1.00000
218.3 28.51021 14 1.00000
218.4 28.55160 14 1.00000
218.5 28.59900 14 1.00000
218.6 28.63170 14 1.00000
218.7 28.43470 14 1.00000
218.8 28.42692 14 1.00000
218.9 28.49574 14 1.00000
219.0 28.53964 14 1.00000
219.1 28.56501 14 1.00000
219.2 28.62529 14 1.00000
219.3 28.41910 14 1.00000
219.4 28.41368 14 1.00000
219.5 28.47089 14 1.00000
219.6 28.52688 14 1.00000
219.7 28.55747 14 1.00000
219.8 28.61367 14 1.00000
219.9 28.40856 14 1.00000
220.0 28.40774 14 1.00000
220.1 28.44638 14 1.00000
220.2 28.51053 14 1.00000
220.3 28.55202 14 1.00000
220.4 28.60007 14 1.00000
220.5 28.63194 14 1.00000
220.6 28.43585 14 1.00000
220.7 28.42864 14 1.00000
220.8 28.49716 14 1.00000
220.9 28.54138 14 1.00000
221.0 28.57203 14 1.00000
221.1 28.62686 14 1.00000
221.2 28.42182 14 1.00000
221.3 28.41599 14 1.00000
221.4 28.47891 14 1.00000
221.5 28.53050 14 1.00000
221.6 28.55741 14 1.00000
221.7 28.61706 14 1.00000
221.8 28.41107 14 1.00000
221.9 28.40818 14 1.00000
222.0 28.45223 14 1.00000
222.1 28.51859 14 1.00000
222.2 28.55521 14 1.00000
222.3 28.60610 14 1.00000
222.4 28.40804 14 1.00000
222.5 28.44369 14 1.00000
222.6 28.43749 14 1.00000
222.7 28.50423 14 1.00000
222.8 28.54752 14 1.00000
222.9 28.57926 14 1.00000
223.0 28.63056 14 1.00000
223.1 28.43064 14 1.00000
223.2 28.42500 14 1.00000
223.3 28.49392 14 1.00000
223.4 28.53868 14 1.00000
223.5 28.56387 14 1.00000
223.6 28.62521 14 1.00000
223.7 28.41956 14 1.00000
223.8 28.41439 14 1.00000
223.9 28.47314 14 1.00000
224.0 28.52970 14 1.00000
224.1 28.55747 14 1.00000
224.2 28.61664 14 1.00000
224.3 28.41081 14 1.00000
224.4 28.40814 14 1.00000
224.5 28.45495 14 1.00000
224.6 28.51913 14 1.00000
224.7 28.55567 14 1.00000
224.8 28.60728 14 1.00000
224.9 28.40774 14 1.00000
225.0 28.44602 14 1.00000
225.1 28.44204 14 1.00000
225.2 28.50692 14 1.00000
225.3 28.54944 14 1.00000
225.4 28.59743 14 1.00000
225.5 28.63161 14 1.00000
225.6 28.43585 14 1.00000
225.7 28.43008 14 1.00000
225.8 28.49793 14 1.00000
225.9 28.54334 14 1.00000
226.0 28.58205 14 1.00000
226.1 28.62847 14 1.00000
226.2 28.42673 14 1.00000
226.3 28.42105 14 1.00000
226.4 28.49007 14 1.00000
226.5 28.53563 14 1.00000
226.6 28.56098 14 1.00000
226.7 28.62398 14 1.00000
226.8 28.41834 14 1.00000
226.9 28.41360 14 1.00000
227.0 28.47293 14 1.00000
227.1 28.52990 14 1.00000
227.2 28.55745 14 1.00000
227.3 28.61741 14 1.00000
227.4 28.41216 14 1.00000
227.5 28.40891 14 1.00000
227.6 28.45768 14 1.00000
227.7 28.52132 14 1.00000
227.8 28.55674 14 1.00000
227.9 28.61070 14 1.00000
228.0 28.40813 14 1.00000
228.1 28.45223 14 1.00000
228.2 28.44837 14 1.00000
228.3 28.51511 14 1.00000
228.4 28.55423 14 1.00000
228.5 28.60493 14 1.00000
228.6 28.63172 14 1.00000
228.7 28.44460 14 1.00000
228.8 28.43956 14 1.00000
228.9 28.50638 14 1.00000
229.0 28.54957 14 1.00000
229.1 28.59771 14 1.00000
229.2 28.63182 14 1.00000
229.3 28.43800 14 1.00000
229.4 28.43174 14 1.00000
229.5 28.50144 14 1.00000
229.6 28.54629 14 1.00000
229.7 28.57569 14 1.00000
229.8 28.63058 14 1.00000
229.9 28.43144 14 1.00000
230.0 28.42640 14 1.00000
230.1 28.49636 14 1.00000
230.2 28.54181 14 1.00000
230.3 28.57761 14 1.00000
230.4 28.62837 14 1.00000
230.5 28.42691 14 1.00000
230.6 28.42231 14 1.00000
230.7 28.49159 14 1.00000
230.8 28.53798 14 1.00000
230.9 28.56484 14 1.00000
231.0 28.62611 14 1.00000
231.1 28.42194 14 1.00000
231.2 28.41736 14 1.00000
231.3 28.48487 14 1.00000
231.4 28.53427 14 1.00000
231.5 28.56145 14 1.00000
231.6 28.62399 14 1.00000
231.7 28.41866 14 1.00000
231.8 28.41433 14 1.00000
231.9 28.47793 14 1.00000
232.0 28.53177 14 1.00000
232.1 28.56164 14 1.00000
232.2 28.62103 14 1.00000
232.3 28.41614 14 1.00000
232.4 28.41181 14 1.00000
232.5 28.47122 14 1.00000
232.6 28.52948 14 1.00000
232.7 28.55741 14 1.00000
232.8 28.61850 14 1.00000
232.9 28.41420 14 1.00000
233.0 28.41047 14 1.00000
233.1 28.46646 14 1.00000
233.2 28.52682 14 1.00000
233.3 28.55750 14 1.00000
233.4 28.61697 14 1.00000
233.5 28.41181 14 1.00000
233.6 28.40971 14 1.00000
233.7 28.46126 14 1.00000
233.8 28.52527 14 1.00000
233.9 28.55744 14 1.00000
234.0 28.61594 14 1.00000
234.1 28.41080 14 1.00000
234.2 28.40863 14 1.00000
234.3 28.45821 14 1.00000
234.4 28.52447 14 1.00000
234.5 28.55729 14 1.00000
234.6 28.61492 14 1.00000
234.7 28.41015 14 1.00000
234.8 28.40841 14 1.00000
234.9 28.45746 14 1.00000
235.0 28.52399 14 1.00000
235.1 28.55717 14 1.00000
235.2 28.61419 14 1.00000
235.3 28.41004 14 1.00000
235.4 28.40834 14 1.00000
235.5 28.45721 14 1.00000
235.6 28.52350 14 1.00000
235.7 28.55713 14 1.00000
235.8 28.61460 14 1.00000
235.9 28.41011 14 1.00000
236.0 28.40839 14 1.00000
236.1 28.45744 14 1.00000
236.2 28.52423 14 1.00000
236.3 28.55721 14 1.00000
236.4 28.61500 14 1.00000
236.5 28.41057 14 1.00000
236.6 28.40858 14 1.00000
236.7 28.45851 14 1.00000
236.8 28.52495 14 1.00000
236.9 28.55742 14 1.00000
237.0 28.61600 14 1.00000
237.1 28.41119 14 1.00000
237.2 28.40921 14 1.00000
237.3 28.46153 14 1.00000
237.4 28.52598 14 1.00000
237.5 28.55750 14 1.00000
237.6 28.61721 14 1.00000
237.7 28.41267 14 1.00000
237.8 28.41035 14 1.00000
237.9 28.46548 14 1.00000
238.0 28.52789 14 1.00000
238.1 28.55744 14 1.00000
238.2 28.61890 14 1.00000
238.3 28.41482 14 1.00000
238.4 28.41145 14 1.00000
238.5 28.47138 14 1.00000
238.6 28.53073 14 1.00000
238.7 28.55721 14 1.00000
238.8 28.62136 14 1.00000
238.9 28.41710 14 1.00000
239.0 28.41381 14 1.00000
239.1 28.47895 14 1.00000
239.2 28.53285 14 1.00000
239.3 28.56149 14 1.00000
239.4 28.62425 14 1.00000
239.5 28.42008 14 1.00000
239.6 28.41653 14 1.00000
239.7 28.48641 14 1.00000
239.8 28.53551 14 1.00000
239.9 28.56111 14 1.00000
240.0 28.62643 14 1.00000
240.1 28.42383 14 1.00000
240.2 28.42075 14 1.00000
240.3 28.49194 14 1.00000
240.4 28.53975 14 1.00000
240.5 28.57474 14 1.00000
240.6 28.62858 14 1.00000
240.7 28.42880 14 1.00000
240.8 28.42475 14 1.00000
240.9 28.49707 14 1.00000
241.0 28.54327 14 1.00000
241.1 28.59077 14 1.00000
241.2 28.63055 14 1.00000
241.3 28.43472 14 1.00000
241.4 28.42994 14 1.00000
241.5 28.50224 14 1.00000
241.6 28.54788 14 1.00000
241.7 28.59483 14 1.00000
241.8 28.63192 14 1.00000
241.9 28.44072 14 1.00000
242.0 28.43631 14 1.00000
242.1 28.50700 14 1.00000
242.2 28.55150 14 1.00000
242.3 28.60377 14 1.00000
242.4 28.40818 14 1.00000
242.5 28.44710 14 1.00000
242.6 28.44575 14 1.00000
242.7 28.51515 14 1.00000
242.8 28.55555 14 1.00000
242.9 28.60943 14 1.00000
243.0 28.40821 14 1.00000
243.1 28.40751 14 1.00000
243.2 28.45386 14 1.00000
243.3 28.52220 14 1.00000
243.4 28.55728 14 1.00000
243.5 28.61651 14 1.00000
243.6 28.41211 14 1.00000
243.7 28.41060 14 1.00000
243.8 28.47062 14 1.00000
243.9 28.53068 14 1.00000
244.0 28.56164 14 1.00000
244.1 28.62263 14 1.00000
244.2 28.41903 14 1.00000
244.3 28.41604 14 1.00000
244.4 28.48711 14 1.00000
244.5 28.53609 14 1.00000
244.6 28.56680 14 1.00000
244.7 28.62762 14 1.00000
244.8 28.42770 14 1.00000
244.9 28.42425 14 1.00000
245.0 28.49688 14 1.00000
245.1 28.54385 14 1.00000
245.2 28.57542 14 1.00000
245.3 28.63116 14 1.00000
245.4 28.43652 14 1.00000
245.5 28.43329 14 1.00000
245.6 28.50499 14 1.00000
245.7 28.55009 14 1.00000
245.8 28.60221 14 1.00000
245.9 28.63164 14 1.00000
246.0 28.44713 14 1.00000
246.1 28.44592 14 1.00000
246.2 28.51618 14 1.00000
246.3 28.55601 14 1.00000
246.4 28.61067 14 1.00000
246.5 28.40941 14 1.00000
246.6 28.40856 14 1.00000
246.7 28.46070 14 1.00000
246.8 28.52671 14 1.00000
246.9 28.55743 14 1.00000
247.0 28.62034 14 1.00000
247.1 28.41731 14 1.00000
247.2 28.41487 14 1.00000
247.3 28.48380 14 1.00000
247.4 28.53576 14 1.00000
247.5 28.56582 14 1.00000
247.6 28.62763 14 1.00000
247.7 28.42802 14 1.00000
247.8 28.42483 14 1.00000
247.9 28.49801 14 1.00000
248.0 28.54580 14 1.00000
248.1 28.58245 14 1.00000
248.2 28.63177 14 1.00000
248.3 28.43967 14 1.00000
248.4 28.43674 14 1.00000
248.5 28.50832 14 1.00000
248.6 28.55347 14 1.00000
248.7 28.60690 14 1.00000
248.8 28.40801 14 1.00000
248.9 28.45554 14 1.00000
249.0 28.45370 14 1.00000
249.1 28.52246 14 1.00000
249.2 28.55741 14 1.00000
249.3 28.61797 14 1.00000
249.4 28.41527 14 1.00000
249.5 28.41291 14 1.00000
249.6 28.48140 14 1.00000
249.7 28.53481 14 1.00000
249.8 28.56087 14 1.00000
249.9 28.62732 14 1.00000
250.0 28.42775 14 1.00000
