15.0 2.29574 13 0.10368
15.1 2.33965 13 0.10732
15.2 2.38399 13 0.11097
15.3 2.42873 13 0.11463
15.4 2.47389 13 0.11830
15.5 2.52590 14 0.12198
15.6 2.58756 14 0.12567
15.7 2.65036 14 0.12938
15.8 2.71430 14 0.13309
15.9 2.77941 14 0.13681
16.0 2.84569 14 0.14055
16.1 2.91315 14 0.14429
16.2 2.98181 14 0.14804
16.3 3.05167 14 0.15180
16.4 3.12274 14 0.15557
16.5 3.19505 14 0.15935
16.6 3.26859 14 0.16314
16.7 3.34339 14 0.16694
16.8 3.41945 14 0.17074
16.9 3.49679 14 0.17456
17.0 3.57541 14 0.17838
17.1 3.65533 14 0.18221
17.2 3.73656 14 0.18605
17.3 3.82216 14 0.18985
17.4 3.90619 14 0.19371
17.5 4.00652 14 0.19880
17.6 4.11426 14 0.20512
17.7 4.22404 14 0.21151
17.8 4.33587 14 0.21796
17.9 4.44979 14 0.22449
18.0 4.56580 14 0.23108
18.1 4.68395 14 0.23774
18.2 4.80425 14 0.24447
18.3 4.92673 14 0.25127
18.4 5.05141 14 0.25814
18.5 5.17831 14 0.26507
18.6 5.30748 14 0.27209
18.7 5.43892 14 0.27917
18.8 5.57267 14 0.28632
18.9 5.70875 14 0.29355
19.0 5.84719 14 0.30085
19.1 5.98802 14 0.30823
19.2 6.13126 14 0.31568
19.3 6.27694 14 0.32320
19.4 6.42509 14 0.33080
19.5 6.57574 14 0.33848
19.6 6.72891 14 0.34623
19.7 6.88464 14 0.35407
19.8 7.10269 14 0.36212
19.9 7.26285 14 0.37011
20.0 7.42564 14 0.37817
20.1 7.59111 14 0.38632
20.2 7.69412 14 0.39059
20.3 7.79061 14 0.39443
20.4 7.88793 14 0.39827
20.5 7.98608 14 0.40213
20.6 8.08507 14 0.40600
20.7 8.18489 14 0.40988
20.8 8.28555 14 0.41377
20.9 8.38706 14 0.41768
21.0 8.48942 14 0.42160
21.1 8.59262 14 0.42552
21.2 8.69668 14 0.42947
21.3 8.80159 14 0.43342
21.4 8.90736 14 0.43738
21.5 9.01399 14 0.44136
21.6 9.12149 14 0.44535
21.7 9.22985 14 0.44935
21.8 9.33908 14 0.45336
21.9 9.44919 14 0.45739
22.0 9.56017 14 0.46143
22.1 9.67204 14 0.46548
22.2 9.78478 14 0.46954
22.3 9.89841 14 0.47361
22.4 10.01293 14 0.47770
22.5 10.12834 14 0.48180
22.6 10.24465 14 0.48591
22.7 10.36186 14 0.49003
22.8 10.47996 14 0.49417
22.9 10.59897 14 0.49832
23.0 10.71889 14 0.50248
23.1 10.83972 14 0.50666
23.2 10.96146 14 0.51084
23.3 11.08413 14 0.51504
23.4 11.20771 14 0.51925
23.5 11.33221 14 0.52348
23.6 11.45765 14 0.52771
23.7 11.58401 14 0.53196
23.8 11.71130 14 0.53623
23.9 11.83954 14 0.54050
24.0 11.96871 14 0.54479
24.1 12.09883 14 0.54909
24.2 12.22990 14 0.55340
24.3 12.36191 14 0.55773
24.4 12.49488 14 0.56207
24.5 12.62880 14 0.56642
24.6 12.76369 14 0.57079
24.7 12.89954 14 0.57517
24.8 13.03636 14 0.57956
24.9 13.17414 14 0.58396
25.0 13.31291 14 0.58838
25.1 13.45264 14 0.59281
25.2 13.59336 14 0.59726
25.3 13.73507 14 0.60172
25.4 13.87776 14 0.60619
25.5 14.02144 14 0.61067
25.6 14.16612 14 0.61517
25.7 14.31180 14 0.61969
25.8 14.45848 14 0.62421
25.9 14.60617 14 0.62875
26.0 14.75486 14 0.63330
26.1 14.90457 14 0.63787
26.2 15.05529 14 0.64245
26.3 15.20704 14 0.64704
26.4 15.35980 14 0.65165
26.5 15.51360 14 0.65627
26.6 15.66843 14 0.66091
26.7 15.82429 14 0.66556
26.8 15.98118 14 0.67022
26.9 16.13912 14 0.67490
27.0 16.29811 14 0.67959
27.1 16.45815 14 0.68429
27.2 16.61923 14 0.68901
27.3 16.78138 14 0.69374
27.4 16.94458 14 0.69849
27.5 17.10885 14 0.70325
27.6 17.27419 14 0.70803
27.7 17.44060 14 0.71282
27.8 17.60809 14 0.71763
27.9 17.77665 14 0.72245
28.0 17.94630 14 0.72728
28.1 18.11703 14 0.73213
28.2 18.28886 14 0.73699
28.3 18.46178 14 0.74187
28.4 18.63580 14 0.74676
28.5 18.81092 14 0.75167
28.6 18.98715 14 0.75659
28.7 19.16449 14 0.76152
28.8 19.34294 14 0.76647
28.9 19.52251 14 0.77144
29.0 19.70320 14 0.77642
29.1 19.88502 14 0.78142
29.2 20.06797 14 0.78643
29.3 20.25205 14 0.79145
29.4 20.43728 14 0.79650
29.5 20.62365 14 0.80155
29.6 20.81116 14 0.80662
29.7 20.99984 14 0.81171
29.8 21.18966 14 0.81681
29.9 21.38064 14 0.82193
30.0 21.57278 14 0.82706
30.1 21.76609 14 0.83221
30.2 21.96057 14 0.83737
30.3 22.15622 14 0.84255
30.4 22.35306 14 0.84775
30.5 22.55107 14 0.85296
30.6 22.68879 14 0.85819
30.7 22.88825 14 0.86344
30.8 23.08889 14 0.86869
30.9 23.29072 14 0.87397
31.0 23.49374 14 0.87926
31.1 23.69796 14 0.88456
31.2 23.90338 14 0.88988
31.3 24.11000 14 0.89522
31.4 24.31783 14 0.90057
31.5 24.52687 14 0.90594
31.6 24.73713 14 0.91133
31.7 24.94861 14 0.91673
31.8 25.16131 14 0.92215
31.9 25.37526 14 0.92758
32.0 25.59042 14 0.93303
32.1 25.80684 14 0.93850
32.2 26.02448 14 0.94398
32.3 26.24338 14 0.94948
32.4 26.46352 14 0.95500
32.5 26.68493 14 0.96053
32.6 26.90759 14 0.96608
32.7 27.13151 14 0.97165
32.8 27.35670 14 0.97723
32.9 27.58317 14 0.98283
33.0 27.81091 14 0.98845
33.1 28.03993 14 0.99409
33.2 28.27024 14 0.99974
33.3 28.35537 14 1.00000
33.4 28.43334 14 1.00000
33.5 28.51126 14 1.00000
33.6 28.58912 14 1.00000
33.7 28.66692 14 1.00000
33.8 28.74466 14 1.00000
33.9 28.82236 14 1.00000
34.0 28.89999 14 1.00000
34.1 28.97756 14 1.00000
34.2 29.05499 14 1.00000
34.3 29.13220 14 1.00000
34.4 29.20913 14 1.00000
34.5 29.15186 14 1.00000
34.6 29.22898 14 1.00000
34.7 29.30649 14 1.00000
34.8 29.38355 14 1.00000
34.9 29.20854 14 1.00000
35.0 29.28549 14 1.00000
35.1 29.36102 14 1.00000
35.2 29.43730 14 1.00000
35.3 29.36435 14 1.00000
35.4 29.44092 14 1.00000
35.5 29.51734 14 1.00000
35.6 29.59385 14 1.00000
35.7 29.67021 14 1.00000
35.8 28.98551 14 1.00000
35.9 26.45487 14 1.00000
36.0 24.49462 14 1.00000
36.1 23.02400 14 1.00000
36.2 20.84708 14 1.00000
36.3 19.31316 14 1.00000
36.4 16.82106 14 1.00000
36.5 15.04009 14 1.00000
36.6 13.37870 14 1.00000
36.7 13.39898 14 1.00000
36.8 13.37331 14 1.00000
36.9 13.37230 14 1.00000
37.0 13.40643 14 1.00000
37.1 13.44268 14 1.00000
37.2 13.47869 14 1.00000
37.3 13.51106 14 1.00000
37.4 13.54792 14 1.00000
37.5 13.58519 14 1.00000
37.6 13.62138 14 1.00000
37.7 13.65738 14 1.00000
37.8 13.69356 14 1.00000
37.9 13.72965 14 1.00000
38.0 13.76343 14 1.00000
38.1 13.80001 14 1.00000
38.2 13.83600 14 1.00000
38.3 13.87214 14 1.00000
38.4 13.90824 14 1.00000
38.5 13.94434 14 1.00000
38.6 13.98039 14 1.00000
38.7 14.01639 14 1.00000
38.8 14.05062 14 1.00000
38.9 14.08668 14 1.00000
39.0 14.12278 14 1.00000
39.1 14.15883 14 1.00000
39.2 14.19481 14 1.00000
39.3 14.23068 14 1.00000
39.4 14.26655 14 1.00000
39.5 14.30114 14 1.00000
39.6 14.33717 14 1.00000
39.7 14.37313 14 1.00000
39.8 14.40898 14 1.00000
39.9 14.44482 14 1.00000
40.0 14.48055 14 1.00000
40.1 14.51984 14 1.00000
40.2 14.55133 14 1.00000
40.3 14.58717 14 1.00000
40.4 14.62297 14 1.00000
40.5 14.65868 14 1.00000
40.6 14.69878 14 1.00000
40.7 14.74316 14 1.00000
40.8 14.78756 14 1.00000
40.9 14.80099 14 1.00000
41.0 14.83676 14 1.00000
41.1 14.87829 14 1.00000
41.2 14.92276 14 1.00000
41.3 14.96725 14 1.00000
41.4 15.01174 14 1.00000
41.5 15.01476 14 1.00000
41.6 15.05840 14 1.00000
41.7 15.10296 14 1.00000
41.8 15.14753 14 1.00000
41.9 15.19212 14 1.00000
42.0 15.24151 14 1.00000
42.1 15.29819 14 1.00000
42.2 15.28378 14 1.00000
42.3 15.32843 14 1.00000
42.4 15.37311 14 1.00000
42.5 15.42629 14 1.00000
42.6 15.48159 14 1.00000
42.7 15.60336 14 1.00000
42.8 15.64154 14 1.00000
42.9 15.55472 14 1.00000
43.0 15.61212 14 1.00000
43.1 15.74605 14 1.00000
43.2 15.78370 14 1.00000
43.3 15.82144 14 1.00000
43.4 15.85746 14 1.00000
43.5 15.79857 14 1.00000
43.6 15.92623 14 1.00000
43.7 15.96405 14 1.00000
43.8 16.00062 14 1.00000
43.9 16.03680 14 1.00000
44.0 16.07322 14 1.00000
44.1 16.10649 14 1.00000
44.2 16.14373 14 1.00000
44.3 16.17978 14 1.00000
44.4 16.21614 14 1.00000
44.5 16.25253 14 1.00000
44.6 16.28880 14 1.00000
44.7 16.32267 14 1.00000
44.8 16.35891 14 1.00000
44.9 16.39539 14 1.00000
45.0 16.43174 14 1.00000
45.1 16.46799 14 1.00000
45.2 16.50431 14 1.00000
45.3 16.53816 14 1.00000
45.4 16.57449 14 1.00000
45.5 16.61074 14 1.00000
45.6 16.64705 14 1.00000
45.7 16.68322 14 1.00000
45.8 16.71718 14 1.00000
45.9 16.75343 14 1.00000
46.0 16.78968 14 1.00000
46.1 16.82588 14 1.00000
46.2 16.86191 14 1.00000
46.3 16.89596 14 1.00000
46.4 16.93218 14 1.00000
46.5 16.96824 14 1.00000
46.6 17.00429 14 1.00000
46.7 17.04021 14 1.00000
46.8 17.07452 14 1.00000
46.9 17.11053 14 1.00000
47.0 17.14658 14 1.00000
47.1 17.18248 14 1.00000
47.2 17.21675 14 1.00000
47.3 17.25277 14 1.00000
47.4 17.28878 14 1.00000
47.5 17.32465 14 1.00000
47.6 17.35885 14 1.00000
47.7 17.39495 14 1.00000
47.8 17.43089 14 1.00000
47.9 17.46670 14 1.00000
48.0 17.50091 14 1.00000
48.1 17.53697 14 1.00000
48.2 17.57288 14 1.00000
48.3 17.60676 14 1.00000
48.4 17.64290 14 1.00000
48.5 17.67634 14 1.00000
48.6 17.71257 14 1.00000
48.7 17.74868 14 1.00000
48.8 17.78205 14 1.00000
48.9 17.81814 14 1.00000
49.0 17.85135 14 1.00000
49.1 17.88572 14 1.00000
49.2 17.92117 14 1.00000
49.3 17.95220 14 1.00000
49.4 17.80013 14 1.00000
49.5 17.83213 14 1.00000
49.6 17.86221 14 1.00000
49.7 17.89649 14 1.00000
49.8 17.93157 14 1.00000
49.9 17.96670 14 1.00000
50.0 18.00167 14 1.00000
50.1 18.03678 14 1.00000
50.2 18.07180 14 1.00000
50.3 18.10634 14 1.00000
50.4 18.14118 14 1.00000
50.5 18.17573 14 1.00000
50.6 18.21001 14 1.00000
50.7 18.24443 14 1.00000
50.8 18.45997 14 1.00000
50.9 18.49844 14 1.00000
51.0 18.53648 14 1.00000
51.1 18.57412 14 1.00000
51.2 18.61159 14 1.00000
51.3 18.64602 14 1.00000
51.4 18.68102 14 1.00000
51.5 18.71641 14 1.00000
51.6 18.75198 14 1.00000
51.7 18.78750 14 1.00000
51.8 18.82298 14 1.00000
51.9 18.85832 14 1.00000
52.0 18.89355 14 1.00000
52.1 18.92865 14 1.00000
52.2 18.96350 14 1.00000
52.3 18.99810 14 1.00000
52.4 19.03271 14 1.00000
52.5 19.07621 14 1.00000
52.6 19.12292 14 1.00000
52.7 19.16964 14 1.00000
52.8 19.36913 14 1.00000
52.9 19.41010 14 1.00000
53.0 19.44790 14 1.00000
53.1 19.48257 14 1.00000
53.2 19.51791 14 1.00000
53.3 19.55388 14 1.00000
53.4 19.59000 14 1.00000
53.5 19.62591 14 1.00000
53.6 19.66175 14 1.00000
53.7 19.69739 14 1.00000
53.8 19.73298 14 1.00000
53.9 19.76867 14 1.00000
54.0 19.80398 14 1.00000
54.1 19.83902 14 1.00000
54.2 19.87366 14 1.00000
54.3 19.91281 14 1.00000
54.4 19.95966 14 1.00000
54.5 20.00651 14 1.00000
54.6 20.05337 14 1.00000
54.7 20.10024 14 1.00000
54.8 20.29729 14 1.00000
54.9 20.33597 14 1.00000
55.0 20.37414 14 1.00000
55.1 20.40935 14 1.00000
55.2 20.44535 14 1.00000
55.3 20.48184 14 1.00000
55.4 20.51835 14 1.00000
55.5 20.55459 14 1.00000
55.6 20.59087 14 1.00000
55.7 20.62701 14 1.00000
55.8 20.66290 14 1.00000
55.9 20.69881 14 1.00000
56.0 20.73422 14 1.00000
56.1 20.76956 14 1.00000
56.2 20.80439 14 1.00000
56.3 20.84558 14 1.00000
56.4 20.89254 14 1.00000
56.5 20.93951 14 1.00000
56.6 20.98649 14 1.00000
56.7 21.03346 14 1.00000
56.8 21.08044 14 1.00000
56.9 21.12742 14 1.00000
57.0 21.31648 14 1.00000
57.1 21.35797 14 1.00000
57.2 21.39338 14 1.00000
57.3 21.42928 14 1.00000
57.4 21.46635 14 1.00000
57.5 21.50322 14 1.00000
57.6 21.53979 14 1.00000
57.7 21.57661 14 1.00000
57.8 21.61318 14 1.00000
57.9 21.64968 14 1.00000
58.0 21.68516 14 1.00000
58.1 21.72145 14 1.00000
58.2 21.75744 14 1.00000
58.3 21.79272 14 1.00000
58.4 21.82852 14 1.00000
58.5 21.87452 14 1.00000
58.6 21.92157 14 1.00000
58.7 21.96862 14 1.00000
58.8 22.01567 14 1.00000
58.9 22.06272 14 1.00000
59.0 22.10978 14 1.00000
59.1 22.15684 14 1.00000
59.2 22.20389 14 1.00000
59.3 22.25095 14 1.00000
59.4 22.43394 14 1.00000
59.5 22.47335 14 1.00000
59.6 22.50897 14 1.00000
59.7 22.54618 14 1.00000
59.8 22.58381 14 1.00000
59.9 22.62152 14 1.00000
60.0 22.65811 14 1.00000
60.1 22.69574 14 1.00000
60.2 22.73338 14 1.00000
60.3 22.77058 14 1.00000
60.4 22.80724 14 1.00000
60.5 22.84470 14 1.00000
60.6 22.88104 14 1.00000
60.7 22.91789 14 1.00000
60.8 22.95503 14 1.00000
60.9 22.99172 14 1.00000
61.0 23.02824 14 1.00000
61.1 23.06450 14 1.00000
61.2 23.10066 14 1.00000
61.3 23.13726 14 1.00000
61.4 23.17773 14 1.00000
61.5 23.22173 14 1.00000
61.6 23.26573 14 1.00000
61.7 23.30976 14 1.00000
61.8 23.35380 14 1.00000
61.9 23.39785 14 1.00000
62.0 23.44193 14 1.00000
62.1 23.48602 14 1.00000
62.2 23.53013 14 1.00000
62.3 23.57426 14 1.00000
62.4 23.62120 14 1.00000
62.5 23.67505 14 1.00000
62.6 23.72732 14 1.00000
62.7 23.77776 14 1.00000
62.8 23.82648 14 1.00000
62.9 23.87323 14 1.00000
63.0 23.91864 14 1.00000
63.1 24.06777 14 1.00000
63.2 24.10804 14 1.00000
63.3 24.14428 14 1.00000
63.4 24.18252 14 1.00000
63.5 24.21944 14 1.00000
63.6 24.25821 14 1.00000
63.7 24.29598 14 1.00000
63.8 24.33299 14 1.00000
63.9 24.37162 14 1.00000
64.0 24.40951 14 1.00000
64.1 24.44718 14 1.00000
64.2 24.48409 14 1.00000
64.3 24.52225 14 1.00000
64.4 24.55879 14 1.00000
64.5 24.59667 14 1.00000
64.6 24.63429 14 1.00000
64.7 24.67090 14 1.00000
64.8 24.70835 14 1.00000
64.9 24.74524 14 1.00000
65.0 24.78177 14 1.00000
65.1 24.81825 14 1.00000
65.2 24.85611 14 1.00000
65.3 24.89950 14 1.00000
65.4 24.94412 14 1.00000
65.5 24.98876 14 1.00000
65.6 25.03342 14 1.00000
65.7 25.07809 14 1.00000
65.8 25.12278 14 1.00000
65.9 25.16748 14 1.00000
66.0 25.21221 14 1.00000
66.1 25.25695 14 1.00000
66.2 25.30170 14 1.00000
66.3 25.36785 14 1.00000
66.4 25.42155 14 1.00000
66.5 25.47302 14 1.00000
66.6 25.52257 14 1.00000
66.7 25.57247 14 1.00000
66.8 25.61973 14 1.00000
66.9 25.66538 14 1.00000
67.0 25.71040 14 1.00000
67.1 25.85747 14 1.00000
67.2 25.89511 14 1.00000
67.3 25.93146 14 1.00000
67.4 25.97010 14 1.00000
67.5 26.00915 14 1.00000
67.6 26.04762 14 1.00000
67.7 26.08741 14 1.00000
67.8 26.12935 14 1.00000
67.9 26.16552 14 1.00000
68.0 26.20888 14 1.00000
68.1 26.25229 14 1.00000
68.2 26.29984 14 1.00000
68.3 26.33210 14 1.00000
68.4 26.37715 14 1.00000
68.5 26.42218 14 1.00000
68.6 26.47701 14 1.00000
68.7 26.50463 14 1.00000
68.8 26.55239 14 1.00000
68.9 26.60034 14 1.00000
69.0 26.65839 14 1.00000
69.1 26.68154 14 1.00000
69.2 26.73224 14 1.00000
69.3 26.78388 14 1.00000
69.4 26.84321 14 1.00000
69.5 26.86358 14 1.00000
69.6 26.91595 14 1.00000
69.7 26.97065 14 1.00000
69.8 27.02825 14 1.00000
69.9 27.04765 14 1.00000
70.0 27.10126 14 1.00000
70.1 27.15733 14 1.00000
70.2 27.21621 14 1.00000
70.3 27.27402 14 1.00000
70.4 27.28750 14 1.00000
70.5 27.34264 14 1.00000
70.6 27.40113 14 1.00000
70.7 27.46290 14 1.00000
70.8 27.47240 14 1.00000
70.9 27.53158 14 1.00000
71.0 27.58892 14 1.00000
71.1 27.64788 14 1.00000
71.2 27.71140 14 1.00000
71.3 27.71665 14 1.00000
71.4 27.77563 14 1.00000
71.5 27.83466 14 1.00000
71.6 27.79909 14 1.00000
71.7 27.84931 14 1.00000
71.8 27.89335 14 1.00000
71.9 28.02126 14 1.00000
72.0 27.98355 14 1.00000
72.1 28.03291 14 1.00000
72.2 28.07555 14 1.00000
72.3 28.10878 14 1.00000
72.4 28.16713 14 1.00000
72.5 28.21625 14 1.00000
72.6 28.26046 14 1.00000
72.7 28.29741 14 1.00000
72.8 28.30534 14 1.00000
72.9 28.32828 14 1.00000
73.0 28.44511 14 1.00000
73.1 28.48387 14 1.00000
73.2 28.49584 14 1.00000
73.3 28.52320 14 1.00000
73.4 28.55263 14 1.00000
73.5 28.59782 14 1.00000
73.6 28.70897 14 1.00000
73.7 28.71805 14 1.00000
73.8 28.74280 14 1.00000
73.9 28.78122 14 1.00000
74.0 28.82647 14 1.00000
74.1 28.87958 14 1.00000
74.2 28.94481 14 1.00000
74.3 28.96751 14 1.00000
74.4 29.01029 14 1.00000
74.5 29.05564 14 1.00000
74.6 29.11156 14 1.00000
74.7 29.18349 14 1.00000
74.8 29.25253 14 1.00000
74.9 29.23984 14 1.00000
75.0 29.28523 14 1.00000
75.1 29.34092 14 1.00000
75.2 29.40852 14 1.00000
75.3 29.47706 14 1.00000
75.4 29.54912 14 1.00000
75.5 29.61702 14 1.00000
75.6 29.56586 14 1.00000
75.7 29.63364 14 1.00000
75.8 29.70121 14 1.00000
75.9 29.76925 14 1.00000
76.0 29.83873 14 1.00000
76.1 29.90621 14 1.00000
76.2 29.97215 14 1.00000
76.3 30.04013 14 1.00000
76.4 29.98720 14 1.00000
76.5 30.05598 14 1.00000
76.6 30.12181 14 1.00000
76.7 30.18797 14 1.00000
76.8 30.25447 14 1.00000
76.9 30.32282 14 1.00000
77.0 30.29673 14 1.00000
77.1 30.34826 14 1.00000
77.2 30.40054 14 1.00000
77.3 30.46776 14 1.00000
77.4 30.53311 14 1.00000
77.5 30.59641 14 1.00000
77.6 30.57389 14 1.00000
77.7 30.62799 14 1.00000
77.8 30.67402 14 1.00000
77.9 30.70928 14 1.00000
78.0 30.82104 14 1.00000
78.1 30.86915 14 1.00000
78.2 30.93387 14 1.00000
78.3 30.90561 14 1.00000
78.4 30.95481 14 1.00000
78.5 31.00073 14 1.00000
78.6 31.03517 14 1.00000
78.7 31.04832 14 1.00000
78.8 31.06867 14 1.00000
78.9 31.26558 14 1.00000
79.0 31.23490 14 1.00000
79.1 31.28526 14 1.00000
79.2 31.32826 14 1.00000
79.3 31.36794 14 1.00000
79.4 31.37968 14 1.00000
79.5 31.40756 14 1.00000
79.6 31.42136 14 1.00000
79.7 31.46281 14 1.00000
79.8 31.52055 14 1.00000
79.9 31.66123 14 1.00000
80.0 31.70232 14 1.00000
80.1 31.71819 14 1.00000
80.2 31.75131 14 1.00000
80.3 31.77427 14 1.00000
80.4 31.79046 14 1.00000
80.5 31.83665 14 1.00000
80.6 31.90384 14 1.00000
80.7 31.97510 14 1.00000
80.8 32.04515 14 1.00000
80.9 32.09748 14 1.00000
81.0 32.12998 14 1.00000
81.1 32.15714 14 1.00000
81.2 32.17112 14 1.00000
81.3 32.21185 14 1.00000
81.4 32.27170 14 1.00000
81.5 32.34437 14 1.00000
81.6 32.41362 14 1.00000
81.7 32.48167 14 1.00000
81.8 32.55055 14 1.00000
81.9 32.51581 14 1.00000
82.0 32.57785 14 1.00000
82.1 32.59095 14 1.00000
82.2 32.63479 14 1.00000
82.3 32.69920 14 1.00000
82.4 32.76911 14 1.00000
82.5 32.84203 14 1.00000
82.6 32.90717 14 1.00000
82.7 32.97593 14 1.00000
82.8 33.04263 14 1.00000
82.9 33.10816 14 1.00000
83.0 33.17575 14 1.00000
83.1 33.05937 14 1.00000
83.2 33.11406 14 1.00000
83.3 33.18298 14 1.00000
83.4 33.25202 14 1.00000
83.5 33.31934 14 1.00000
83.6 33.38781 14 1.00000
83.7 33.45583 14 1.00000
83.8 33.52257 14 1.00000
83.9 33.58899 14 1.00000
84.0 33.65635 14 1.00000
84.1 33.72348 14 1.00000
84.2 33.69542 14 1.00000
84.3 33.67807 14 1.00000
84.4 33.72135 14 1.00000
84.5 33.78864 14 1.00000
84.6 33.85543 14 1.00000
84.7 33.91948 14 1.00000
84.8 33.98491 14 1.00000
84.9 34.05479 14 1.00000
85.0 34.12087 14 1.00000
85.1 34.18574 14 1.00000
85.2 34.16454 14 1.00000
85.3 34.22359 14 1.00000
85.4 34.27679 14 1.00000
85.5 34.32435 14 1.00000
85.6 34.36507 14 1.00000
85.7 34.37585 14 1.00000
85.8 34.44139 14 1.00000
85.9 34.50495 14 1.00000
86.0 34.56825 14 1.00000
86.1 34.63439 14 1.00000
86.2 34.69961 14 1.00000
86.3 34.76012 14 1.00000
86.4 34.74429 14 1.00000
86.5 34.80281 14 1.00000
86.6 34.85400 14 1.00000
86.7 34.90222 14 1.00000
86.8 34.94678 14 1.00000
86.9 34.96873 14 1.00000
87.0 35.04836 14 1.00000
87.1 35.07417 14 1.00000
87.2 35.14563 14 1.00000
87.3 35.19766 14 1.00000
87.4 35.25757 14 1.00000
87.5 35.31708 14 1.00000
87.6 35.31790 14 1.00000
87.7 35.37067 14 1.00000
87.8 35.42291 14 1.00000
87.9 35.47296 14 1.00000
88.0 35.52029 14 1.00000
88.1 35.56470 14 1.00000
88.2 35.59353 14 1.00000
88.3 35.63712 14 1.00000
88.4 35.67611 14 1.00000
88.5 35.74445 14 1.00000
88.6 35.80371 14 1.00000
88.7 35.86361 14 1.00000
88.8 35.92484 14 1.00000
88.9 35.98516 14 1.00000
89.0 35.98019 14 1.00000
89.1 36.03630 14 1.00000
89.2 36.08871 14 1.00000
89.3 36.13903 14 1.00000
89.4 36.18718 14 1.00000
89.5 36.23286 14 1.00000
89.6 36.26242 14 1.00000
89.7 36.30643 14 1.00000
89.8 36.34769 14 1.00000
89.9 36.38589 14 1.00000
90.0 36.42001 14 1.00000
90.1 36.52668 14 1.00000
90.2 36.57795 14 1.00000
90.3 36.63943 14 1.00000
90.4 36.70095 14 1.00000
90.5 36.76286 14 1.00000
90.6 36.74989 14 1.00000
90.7 36.79930 14 1.00000
90.8 36.85461 14 1.00000
90.9 36.90712 14 1.00000
91.0 36.95700 14 1.00000
91.1 37.03593 14 1.00000
91.2 37.06289 14 1.00000
91.3 37.09175 14 1.00000
91.4 37.19390 14 1.00000
91.5 37.22401 14 1.00000
91.6 37.26166 14 1.00000
91.7 37.36441 14 1.00000
91.8 37.46687 14 1.00000
91.9 37.56924 14 1.00000
92.0 37.67167 14 1.00000
92.1 37.77425 14 1.00000
92.2 37.87649 14 1.00000
92.3 37.97879 14 1.00000
92.4 38.08095 14 1.00000
92.5 38.18336 14 1.00000
92.6 38.28555 14 1.00000
92.7 38.38758 14 1.00000
92.8 38.48988 14 1.00000
92.9 38.59188 14 1.00000
93.0 38.69385 14 1.00000
93.1 38.79583 14 1.00000
93.2 38.89796 14 1.00000
93.3 38.99981 14 1.00000
93.4 39.10162 14 1.00000
93.5 39.20363 14 1.00000
93.6 39.30531 14 1.00000
93.7 39.40705 14 1.00000
93.8 39.50865 14 1.00000
93.9 39.61056 14 1.00000
94.0 39.71208 14 1.00000
94.1 39.81361 14 1.00000
94.2 39.91535 14 1.00000
94.3 40.01681 14 1.00000
94.4 40.11823 14 1.00000
94.5 40.21990 14 1.00000
94.6 40.32124 14 1.00000
94.7 40.42255 14 1.00000
94.8 40.52401 14 1.00000
94.9 40.62529 14 1.00000
95.0 40.72643 14 1.00000
95.1 40.82787 14 1.00000
95.2 40.92899 14 1.00000
95.3 41.03008 14 1.00000
95.4 41.13136 14 1.00000
95.5 41.23236 14 1.00000
95.6 41.33334 14 1.00000
95.7 41.43451 14 1.00000
95.8 41.53540 14 1.00000
95.9 41.63622 14 1.00000
96.0 41.73728 14 1.00000
96.1 41.83812 14 1.00000
96.2 41.93882 14 1.00000
96.3 42.03983 14 1.00000
96.4 42.14051 14 1.00000
96.5 42.24110 14 1.00000
96.6 42.34195 14 1.00000
96.7 42.44258 14 1.00000
96.8 42.54312 14 1.00000
96.9 42.64380 14 1.00000
97.0 42.74433 14 1.00000
97.1 42.84476 14 1.00000
97.2 42.94540 14 1.00000
97.3 43.04576 14 1.00000
97.4 43.14610 14 1.00000
97.5 43.24429 14 1.00000
97.6 43.33460 14 1.00000
97.7 43.42519 14 1.00000
97.8 43.51558 14 1.00000
97.9 43.60601 14 1.00000
98.0 43.69675 14 1.00000
98.1 43.78725 14 1.00000
98.2 43.87778 14 1.00000
98.3 43.96857 14 1.00000
98.4 44.05912 14 1.00000
98.5 44.15004 14 1.00000
98.6 44.24070 14 1.00000
98.7 44.33140 14 1.00000
98.8 44.42231 14 1.00000
98.9 44.51312 14 1.00000
99.0 44.60409 14 1.00000
99.1 44.69492 14 1.00000
99.2 44.78582 14 1.00000
99.3 44.87694 14 1.00000
99.4 44.96785 14 1.00000
99.5 45.05880 14 1.00000
99.6 45.14995 14 1.00000
99.7 45.24096 14 1.00000
99.8 45.33222 14 1.00000
99.9 45.42333 14 1.00000
100.0 45.51442 14 1.00000
100.1 45.60577 14 1.00000
100.2 45.69691 14 1.00000
100.3 45.78826 14 1.00000
100.4 45.87951 14 1.00000
100.5 45.97091 14 1.00000
100.6 46.06217 14 1.00000
100.7 46.15345 14 1.00000
100.8 46.24503 14 1.00000
100.9 46.33631 14 1.00000
101.0 46.42794 14 1.00000
101.1 46.51932 14 1.00000
101.2 46.61068 14 1.00000
101.3 46.70233 14 1.00000
101.4 46.79379 14 1.00000
101.5 46.88548 14 1.00000
101.6 46.97699 14 1.00000
101.7 47.06873 14 1.00000
101.8 47.16033 14 1.00000
101.9 47.25190 14 1.00000
102.0 47.34371 14 1.00000
102.1 47.43533 14 1.00000
102.2 47.52718 14 1.00000
102.3 47.61884 14 1.00000
102.4 47.71069 14 1.00000
102.5 47.80244 14 1.00000
102.6 47.89433 14 1.00000
102.7 47.98612 14 1.00000
102.8 48.07784 14 1.00000
102.9 48.16988 14 1.00000
103.0 48.26169 14 1.00000
103.1 48.35373 14 1.00000
103.2 48.44551 14 1.00000
103.3 48.53759 14 1.00000
103.4 48.62947 14 1.00000
103.5 48.72164 14 1.00000
103.6 48.81350 14 1.00000
103.7 48.90549 14 1.00000
103.8 48.99765 14 1.00000
103.9 49.08957 14 1.00000
104.0 49.18177 14 1.00000
104.1 49.27378 14 1.00000
104.2 49.36607 14 1.00000
104.3 49.45805 14 1.00000
104.4 49.55032 14 1.00000
104.5 49.64239 14 1.00000
104.6 49.73469 14 1.00000
104.7 49.82685 14 1.00000
104.8 49.91913 14 1.00000
104.9 50.01131 14 1.00000
105.0 50.10362 14 1.00000
105.1 50.19584 14 1.00000
105.2 50.28797 14 1.00000
105.3 50.38042 14 1.00000
105.4 50.47263 14 1.00000
105.5 50.56501 14 1.00000
105.6 50.65725 14 1.00000
105.7 50.74976 14 1.00000
105.8 50.84203 14 1.00000
105.9 50.93452 14 1.00000
106.0 51.02681 14 1.00000
106.1 51.11932 14 1.00000
106.2 51.21159 14 1.00000
106.3 51.30418 14 1.00000
106.4 51.39647 14 1.00000
106.5 51.48909 14 1.00000
106.6 51.58146 14 1.00000
106.7 51.67399 14 1.00000
106.8 51.76638 14 1.00000
106.9 51.85899 14 1.00000
107.0 51.95146 14 1.00000
107.1 52.04404 14 1.00000
107.2 52.13653 14 1.00000
107.3 52.22913 14 1.00000
107.4 52.32159 14 1.00000
107.5 52.41432 14 1.00000
107.6 52.50680 14 1.00000
107.7 52.59944 14 1.00000
107.8 52.69199 14 1.00000
107.9 52.78466 14 1.00000
108.0 52.87718 14 1.00000
108.1 52.96991 14 1.00000
108.2 53.06245 14 1.00000
108.3 53.15526 14 1.00000
108.4 53.24776 14 1.00000
108.5 53.34059 14 1.00000
108.6 53.43311 14 1.00000
108.7 53.52590 14 1.00000
108.8 53.61855 14 1.00000
108.9 53.71130 14 1.00000
109.0 53.80391 14 1.00000
109.1 53.89673 14 1.00000
109.2 53.98961 14 1.00000
109.3 54.08224 14 1.00000
109.4 54.17509 14 1.00000
109.5 54.26773 14 1.00000
109.6 54.36060 14 1.00000
109.7 54.45326 14 1.00000
109.8 54.54608 14 1.00000
109.9 54.63881 14 1.00000
110.0 54.73164 14 1.00000
110.1 54.82434 14 1.00000
110.2 54.91724 14 1.00000
110.3 55.00999 14 1.00000
110.4 55.10285 14 1.00000
110.5 55.19557 14 1.00000
110.6 55.28855 14 1.00000
110.7 55.38142 14 1.00000
110.8 55.47421 14 1.00000
110.9 55.56715 14 1.00000
111.0 55.65985 14 1.00000
111.1 55.75285 14 1.00000
111.2 55.84556 14 1.00000
111.3 55.93857 14 1.00000
111.4 56.03129 14 1.00000
111.5 56.12431 14 1.00000
111.6 56.21709 14 1.00000
111.7 56.31002 14 1.00000
111.8 56.40306 14 1.00000
111.9 56.49580 14 1.00000
112.0 56.58879 14 1.00000
112.1 56.68159 14 1.00000
112.2 56.77465 14 1.00000
112.3 56.86746 14 1.00000
112.4 56.96047 14 1.00000
112.5 57.05329 14 1.00000
112.6 57.14625 14 1.00000
112.7 57.23932 14 1.00000
112.8 57.33215 14 1.00000
112.9 57.42513 14 1.00000
113.0 57.51797 14 1.00000
113.1 57.61100 14 1.00000
113.2 57.70389 14 1.00000
113.3 57.79688 14 1.00000
113.4 57.88998 14 1.00000
113.5 57.98278 14 1.00000
113.6 58.07587 14 1.00000
113.7 58.16868 14 1.00000
113.8 58.26178 14 1.00000
113.9 58.35460 14 1.00000
114.0 58.44770 14 1.00000
114.1 58.54071 14 1.00000
114.2 58.63358 14 1.00000
114.3 58.72670 14 1.00000
114.4 58.81952 14 1.00000
114.5 58.91259 14 1.00000
114.6 59.00551 14 1.00000
114.7 59.09853 14 1.00000
114.8 59.19160 14 1.00000
114.9 59.28454 14 1.00000
115.0 59.37756 14 1.00000
115.1 59.47045 14 1.00000
115.2 59.56358 14 1.00000
115.3 59.65646 14 1.00000
115.4 59.74954 14 1.00000
115.5 59.84257 14 1.00000
115.6 59.93546 14 1.00000
115.7 60.02854 14 1.00000
115.8 60.12144 14 1.00000
115.9 60.21457 14 1.00000
116.0 60.30765 14 1.00000
116.1 60.40050 14 1.00000
116.2 60.49358 14 1.00000
116.3 60.58652 14 1.00000
116.4 60.67961 14 1.00000
116.5 60.77264 14 1.00000
116.6 60.86554 14 1.00000
116.7 60.95863 14 1.00000
116.8 61.05157 14 1.00000
116.9 61.14461 14 1.00000
117.0 61.23769 14 1.00000
117.1 61.33064 14 1.00000
117.2 61.42372 14 1.00000
117.3 61.51657 14 1.00000
117.4 61.60970 14 1.00000
117.5 61.70278 14 1.00000
117.6 61.79568 14 1.00000
117.7 61.88871 14 1.00000
117.8 61.98160 14 1.00000
117.9 62.07473 14 1.00000
118.0 62.16781 14 1.00000
118.1 62.26070 14 1.00000
118.2 62.35373 14 1.00000
118.3 62.44680 14 1.00000
118.4 62.53969 14 1.00000
118.5 62.63281 14 1.00000
118.6 62.72565 14 1.00000
118.7 62.81877 14 1.00000
118.8 62.91183 14 1.00000
118.9 63.00472 14 1.00000
119.0 63.09773 14 1.00000
119.1 63.19061 14 1.00000
119.2 63.28367 14 1.00000
119.3 63.37673 14 1.00000
119.4 63.46966 14 1.00000
119.5 63.56266 14 1.00000
119.6 63.65572 14 1.00000
119.7 63.74864 14 1.00000
119.8 63.84169 14 1.00000
119.9 63.93451 14 1.00000
120.0 64.02755 14 1.00000
120.1 64.12064 14 1.00000
120.2 64.21351 14 1.00000
120.3 64.30654 14 1.00000
120.4 64.39958 14 1.00000
120.5 64.49244 14 1.00000
120.6 64.58546 14 1.00000
120.7 64.67844 14 1.00000
120.8 64.77129 14 1.00000
120.9 64.86432 14 1.00000
121.0 64.95721 14 1.00000
121.1 65.05023 14 1.00000
121.2 65.14320 14 1.00000
121.3 65.23608 14 1.00000
121.4 65.32909 14 1.00000
121.5 65.42205 14 1.00000
121.6 65.51492 14 1.00000
121.7 65.60793 14 1.00000
121.8 65.70087 14 1.00000
121.9 65.79369 14 1.00000
122.0 65.88669 14 1.00000
122.1 65.97968 14 1.00000
122.2 66.07248 14 1.00000
122.3 66.16547 14 1.00000
122.4 66.25832 14 1.00000
122.5 66.35124 14 1.00000
122.6 66.44421 14 1.00000
122.7 66.53701 14 1.00000
122.8 66.63002 14 1.00000
122.9 66.72298 14 1.00000
123.0 66.81577 14 1.00000
123.1 66.90872 14 1.00000
123.2 67.00163 14 1.00000
123.3 67.09444 14 1.00000
123.4 67.18734 14 1.00000
123.5 67.28028 14 1.00000
123.6 67.37304 14 1.00000
123.7 67.46603 14 1.00000
123.8 67.55891 14 1.00000
123.9 67.65165 14 1.00000
124.0 67.74462 14 1.00000
124.1 67.83749 14 1.00000
124.2 67.93023 14 1.00000
124.3 68.02319 14 1.00000
124.4 68.11604 14 1.00000
124.5 68.20882 14 1.00000
124.6 68.30167 14 1.00000
124.7 68.39455 14 1.00000
124.8 68.48727 14 1.00000
124.9 68.58015 14 1.00000
125.0 68.67303 14 1.00000
125.1 68.76579 14 1.00000
125.2 68.85865 14 1.00000
125.3 68.95152 14 1.00000
125.4 69.04416 14 1.00000
125.5 69.13707 14 1.00000
125.6 69.22987 14 1.00000
125.7 69.32255 14 1.00000
125.8 69.41539 14 1.00000
125.9 69.50828 14 1.00000
126.0 69.60094 14 1.00000
126.1 69.69376 14 1.00000
126.2 69.78654 14 1.00000
126.3 69.87924 14 1.00000
126.4 69.97205 14 1.00000
126.5 70.06487 14 1.00000
126.6 70.15746 14 1.00000
126.7 70.25025 14 1.00000
126.8 70.34305 14 1.00000
126.9 70.43571 14 1.00000
127.0 70.52846 14 1.00000
127.1 70.62128 14 1.00000
127.2 70.71389 14 1.00000
127.3 70.80661 14 1.00000
127.4 70.89943 14 1.00000
127.5 70.99197 14 1.00000
127.6 71.08472 14 1.00000
127.7 71.17747 14 1.00000
127.8 71.27022 14 1.00000
127.9 71.36284 14 1.00000
128.0 71.45557 14 1.00000
128.1 71.54826 14 1.00000
128.2 71.64081 14 1.00000
128.3 71.73358 14 1.00000
128.4 71.82624 14 1.00000
128.5 71.91883 14 1.00000
128.6 72.01149 14 1.00000
128.7 72.10423 14 1.00000
128.8 72.19676 14 1.00000
128.9 72.28944 14 1.00000
129.0 72.38213 14 1.00000
129.1 72.47480 14 1.00000
129.2 72.56731 14 1.00000
129.3 72.65997 14 1.00000
129.4 72.75258 14 1.00000
129.5 72.84512 14 1.00000
129.6 72.93777 14 1.00000
129.7 73.03036 14 1.00000
129.8 73.12288 14 1.00000
129.9 73.21551 14 1.00000
130.0 73.30814 14 1.00000
130.1 73.40070 14 1.00000
130.2 73.49320 14 1.00000
130.3 73.58576 14 1.00000
130.4 73.67841 14 1.00000
130.5 73.77084 14 1.00000
130.6 73.86343 14 1.00000
130.7 73.95597 14 1.00000
130.8 74.04844 14 1.00000
130.9 74.14096 14 1.00000
131.0 74.23357 14 1.00000
131.1 74.32614 14 1.00000
131.2 74.41853 14 1.00000
131.3 74.51103 14 1.00000
131.4 74.60362 14 1.00000
131.5 74.69595 14 1.00000
131.6 74.78853 14 1.00000
131.7 74.88100 14 1.00000
131.8 74.97357 14 1.00000
131.9 75.06588 14 1.00000
132.0 75.15839 14 1.00000
132.1 75.25094 14 1.00000
132.2 75.34327 14 1.00000
132.3 75.43576 14 1.00000
132.4 75.52824 14 1.00000
132.5 75.62072 14 1.00000
132.6 75.71298 14 1.00000
132.7 75.80550 14 1.00000
132.8 75.89795 14 1.00000
132.9 75.99020 14 1.00000
133.0 76.08269 14 1.00000
133.1 76.17513 14 1.00000
133.2 76.26756 14 1.00000
133.3 76.35978 14 1.00000
133.4 76.45225 14 1.00000
133.5 76.54462 14 1.00000
133.6 76.63708 14 1.00000
133.7 76.72932 14 1.00000
133.8 76.82166 14 1.00000
133.9 76.91410 14 1.00000
134.0 77.00632 14 1.00000
134.1 77.09866 14 1.00000
134.2 77.19102 14 1.00000
134.3 77.28344 14 1.00000
134.4 77.37563 14 1.00000
134.5 77.46799 14 1.00000
134.6 77.56033 14 1.00000
134.7 77.65267 14 1.00000
134.8 77.74480 14 1.00000
134.9 77.83712 14 1.00000
135.0 77.92949 14 1.00000
135.1 78.02159 14 1.00000
135.2 78.11395 14 1.00000
135.3 78.20620 14 1.00000
135.4 78.29849 14 1.00000
135.5 78.39067 14 1.00000
135.6 78.48290 14 1.00000
135.7 78.57523 14 1.00000
135.8 78.66749 14 1.00000
135.9 78.75959 14 1.00000
136.0 78.85180 14 1.00000
136.1 78.94409 14 1.00000
136.2 79.03633 14 1.00000
136.3 79.12836 14 1.00000
136.4 79.22059 14 1.00000
136.5 79.31281 14 1.00000
136.6 79.40502 14 1.00000
136.7 79.49712 14 1.00000
136.8 79.58928 14 1.00000
136.9 79.68147 14 1.00000
137.0 79.77370 14 1.00000
137.1 79.86568 14 1.00000
137.2 79.95790 14 1.00000
137.3 80.05007 14 1.00000
137.4 80.14204 14 1.00000
137.5 80.23423 14 1.00000
137.6 80.32638 14 1.00000
137.7 80.41852 14 1.00000
137.8 80.51050 14 1.00000
137.9 80.60258 14 1.00000
138.0 80.69469 14 1.00000
138.1 80.78686 14 1.00000
138.2 80.87881 14 1.00000
138.3 80.97086 14 1.00000
138.4 81.06295 14 1.00000
138.5 81.15504 14 1.00000
138.6 81.24701 14 1.00000
138.7 81.33904 14 1.00000
138.8 81.43114 14 1.00000
138.9 81.52316 14 1.00000
139.0 81.61506 14 1.00000
139.1 81.70715 14 1.00000
139.2 81.79919 14 1.00000
139.3 81.89122 14 1.00000
139.4 81.98319 14 1.00000
139.5 82.07506 14 1.00000
139.6 82.16712 14 1.00000
139.7 82.25907 14 1.00000
139.8 82.35112 14 1.00000
139.9 82.44296 14 1.00000
140.0 82.53489 14 1.00000
140.1 82.62691 14 1.00000
140.2 82.71889 14 1.00000
140.3 82.81065 14 1.00000
140.4 82.90260 14 1.00000
140.5 82.99460 14 1.00000
140.6 83.08649 14 1.00000
140.7 83.17832 14 1.00000
140.8 83.27025 14 1.00000
140.9 83.36217 14 1.00000
141.0 83.45404 14 1.00000
141.1 83.54585 14 1.00000
141.2 83.63770 14 1.00000
141.3 83.72964 14 1.00000
141.4 83.82152 14 1.00000
141.5 83.91340 14 1.00000
141.6 84.00507 14 1.00000
141.7 84.09694 14 1.00000
141.8 84.18884 14 1.00000
141.9 84.28065 14 1.00000
142.0 84.37239 14 1.00000
142.1 84.46417 14 1.00000
142.2 84.55601 14 1.00000
142.3 84.64787 14 1.00000
142.4 84.73954 14 1.00000
142.5 84.83135 14 1.00000
142.6 84.92315 14 1.00000
142.7 85.01490 14 1.00000
142.8 85.10674 14 1.00000
142.9 85.19836 14 1.00000
143.0 85.29009 14 1.00000
143.1 85.38186 14 1.00000
143.2 85.47366 14 1.00000
143.3 85.56522 14 1.00000
143.4 85.65701 14 1.00000
143.5 85.74876 14 1.00000
143.6 85.84048 14 1.00000
143.7 85.93221 14 1.00000
143.8 86.02378 14 1.00000
143.9 86.11544 14 1.00000
144.0 86.20719 14 1.00000
144.1 86.29889 14 1.00000
144.2 86.39038 14 1.00000
144.3 86.48206 14 1.00000
144.4 86.57374 14 1.00000
144.5 86.66541 14 1.00000
144.6 86.75711 14 1.00000
144.7 86.84857 14 1.00000
144.8 86.94026 14 1.00000
144.9 87.03185 14 1.00000
145.0 87.12349 14 1.00000
145.1 87.21501 14 1.00000
145.2 87.30658 14 1.00000
145.3 87.39824 14 1.00000
145.4 87.48984 14 1.00000
145.5 87.58139 14 1.00000
145.6 87.67287 14 1.00000
145.7 87.76446 14 1.00000
145.8 87.85603 14 1.00000
145.9 87.94755 14 1.00000
146.0 88.03911 14 1.00000
146.1 88.13056 14 1.00000
146.2 88.22211 14 1.00000
146.3 88.31360 14 1.00000
146.4 88.40513 14 1.00000
146.5 88.49665 14 1.00000
146.6 88.58807 14 1.00000
146.7 88.67953 14 1.00000
146.8 88.77108 14 1.00000
146.9 88.86258 14 1.00000
147.0 88.95387 14 1.00000
147.1 89.04540 14 1.00000
147.2 89.13683 14 1.00000
147.3 89.22834 14 1.00000
147.4 89.31980 14 1.00000
147.5 89.41111 14 1.00000
147.6 89.50251 14 1.00000
147.7 89.59399 14 1.00000
147.8 89.68542 14 1.00000
147.9 89.77680 14 1.00000
148.0 89.86807 14 1.00000
148.1 89.95953 14 1.00000
148.2 90.05089 14 1.00000
148.3 90.14233 14 1.00000
148.4 90.23372 14 1.00000
148.5 90.32491 14 1.00000
148.6 90.41628 14 1.00000
148.7 90.50764 14 1.00000
148.8 90.59905 14 1.00000
148.9 90.69041 14 1.00000
149.0 90.78161 14 1.00000
149.1 90.87290 14 1.00000
149.2 90.96423 14 1.00000
149.3 91.05555 14 1.00000
149.4 91.14692 14 1.00000
149.5 91.23804 14 1.00000
149.6 91.32939 14 1.00000
149.7 91.42064 14 1.00000
149.8 91.51192 14 1.00000
149.9 91.60325 14 1.00000
150.0 91.69436 14 1.00000
150.1 91.78561 14 1.00000
150.2 91.87691 14 1.00000
150.3 91.96812 14 1.00000
150.4 92.05941 14 1.00000
150.5 92.15060 14 1.00000
150.6 92.24174 14 1.00000
150.7 92.33296 14 1.00000
150.8 92.42413 14 1.00000
150.9 92.51534 14 1.00000
151.0 92.60659 14 1.00000
151.1 92.69765 14 1.00000
151.2 92.78878 14 1.00000
151.3 92.88001 14 1.00000
151.4 92.97118 14 1.00000
151.5 93.06231 14 1.00000
151.6 92.70154 14 1.00000
151.7 92.79276 14 1.00000
151.8 92.88403 14 1.00000
151.9 92.97525 14 1.00000
152.0 93.06641 14 1.00000
152.1 92.70570 14 1.00000
152.2 92.79697 14 1.00000
152.3 92.88828 14 1.00000
152.4 92.97949 14 1.00000
152.5 93.07079 14 1.00000
152.6 92.71004 14 1.00000
152.7 92.80141 14 1.00000
152.8 92.89272 14 1.00000
152.9 92.98407 14 1.00000
153.0 93.07531 14 1.00000
153.1 92.71465 14 1.00000
153.2 92.80601 14 1.00000
153.3 92.89735 14 1.00000
153.4 92.98873 14 1.00000
153.5 93.08001 14 1.00000
153.6 92.71951 14 1.00000
153.7 92.81094 14 1.00000
153.8 92.90232 14 1.00000
153.9 92.99365 14 1.00000
154.0 93.08501 14 1.00000
154.1 93.17628 14 1.00000
154.2 93.26759 14 1.00000
154.3 93.35899 14 1.00000
154.4 92.99885 14 1.00000
154.5 93.09030 14 1.00000
154.6 93.18156 14 1.00000
154.7 93.27290 14 1.00000
154.8 93.36429 14 1.00000
154.9 93.45571 14 1.00000
155.0 93.54708 14 1.00000
155.1 93.63831 14 1.00000
155.2 93.27850 14 1.00000
155.3 93.36992 14 1.00000
155.4 93.46129 14 1.00000
155.5 93.55270 14 1.00000
155.6 93.64400 14 1.00000
155.7 93.73540 14 1.00000
155.8 93.82674 14 1.00000
155.9 93.91811 14 1.00000
156.0 93.55862 14 1.00000
156.1 93.64993 14 1.00000
156.2 93.74131 14 1.00000
156.3 93.83278 14 1.00000
156.4 93.92419 14 1.00000
156.5 94.01560 14 1.00000
156.6 93.65585 14 1.00000
156.7 93.74731 14 1.00000
156.8 93.83895 14 1.00000
156.9 93.93040 14 1.00000
157.0 94.02185 14 1.00000
157.1 93.66213 14 1.00000
157.2 93.75368 14 1.00000
157.3 93.84514 14 1.00000
157.4 93.93662 14 1.00000
157.5 94.02811 14 1.00000
157.6 94.11963 14 1.00000
157.7 93.76028 14 1.00000
157.8 93.85177 14 1.00000
157.9 93.94329 14 1.00000
158.0 94.03486 14 1.00000
158.1 94.12618 14 1.00000
158.2 94.21768 14 1.00000
158.3 94.30923 14 1.00000
158.4 94.40071 14 1.00000
158.5 94.04173 14 1.00000
158.6 94.13319 14 1.00000
158.7 94.22472 14 1.00000
158.8 94.31625 14 1.00000
158.9 94.40778 14 1.00000
159.0 94.49929 14 1.00000
159.1 94.59079 14 1.00000
159.2 94.68211 14 1.00000
159.3 94.32344 14 1.00000
159.4 94.41505 14 1.00000
159.5 94.50655 14 1.00000
159.6 94.59814 14 1.00000
159.7 94.68948 14 1.00000
159.8 94.78101 14 1.00000
159.9 94.87257 14 1.00000
160.0 94.96404 14 1.00000
160.1 95.05559 14 1.00000
160.2 94.69707 14 1.00000
160.3 94.78863 14 1.00000
160.4 94.88023 14 1.00000
160.5 94.97173 14 1.00000
160.6 95.06326 14 1.00000
160.7 95.15470 14 1.00000
160.8 95.24622 14 1.00000
160.9 95.33774 14 1.00000
161.0 94.97967 14 1.00000
161.1 95.07119 14 1.00000
161.2 95.16261 14 1.00000
161.3 95.25417 14 1.00000
161.4 95.34576 14 1.00000
161.5 95.43726 14 1.00000
161.6 95.52879 14 1.00000
161.7 95.62035 14 1.00000
161.8 95.71169 14 1.00000
161.9 95.35394 14 1.00000
162.0 95.44556 14 1.00000
162.1 95.53712 14 1.00000
162.2 95.62863 14 1.00000
162.3 95.72009 14 1.00000
162.4 95.81158 14 1.00000
162.5 95.90311 14 1.00000
162.6 95.99469 14 1.00000
162.7 95.63715 14 1.00000
162.8 95.72865 14 1.00000
162.9 95.82018 14 1.00000
163.0 95.91178 14 1.00000
163.1 96.00334 14 1.00000
163.2 96.09489 14 1.00000
163.3 95.73693 14 1.00000
163.4 95.82854 14 1.00000
163.5 95.92018 14 1.00000
163.6 96.01214 14 1.00000
163.7 96.10377 14 1.00000
163.8 95.74590 14 1.00000
163.9 95.83749 14 1.00000
164.0 95.92916 14 1.00000
164.1 96.02078 14 1.00000
164.2 96.11240 14 1.00000
164.3 96.20387 14 1.00000
164.4 96.29546 14 1.00000
164.5 95.93832 14 1.00000
164.6 96.02993 14 1.00000
164.7 96.12157 14 1.00000
164.8 96.21308 14 1.00000
164.9 96.30476 14 1.00000
165.0 96.39632 14 1.00000
165.1 96.48794 14 1.00000
165.2 96.57959 14 1.00000
165.3 96.67113 14 1.00000
165.4 96.31423 14 1.00000
165.5 96.40583 14 1.00000
165.6 96.49752 14 1.00000
165.7 96.58911 14 1.00000
165.8 96.68073 14 1.00000
165.9 96.77222 14 1.00000
166.0 96.86387 14 1.00000
166.1 96.95542 14 1.00000
166.2 97.04701 14 1.00000
166.3 96.69056 14 1.00000
166.4 96.78207 14 1.00000
166.5 96.87371 14 1.00000
166.6 96.96529 14 1.00000
166.7 97.05692 14 1.00000
166.8 97.14857 14 1.00000
166.9 97.24004 14 1.00000
167.0 97.33160 14 1.00000
167.1 97.42323 14 1.00000
167.2 97.06704 14 1.00000
167.3 97.15863 14 1.00000
167.4 97.25018 14 1.00000
167.5 97.34180 14 1.00000
167.6 97.43343 14 1.00000
167.7 97.52499 14 1.00000
167.8 97.61658 14 1.00000
167.9 97.70818 14 1.00000
168.0 97.79962 14 1.00000
168.1 97.44379 14 1.00000
168.2 97.53538 14 1.00000
168.3 97.62705 14 1.00000
168.4 97.71862 14 1.00000
168.5 97.81010 14 1.00000
168.6 97.90170 14 1.00000
168.7 97.99335 14 1.00000
168.8 98.08488 14 1.00000
168.9 98.17651 14 1.00000
169.0 97.82075 14 1.00000
169.1 97.91242 14 1.00000
169.2 98.00400 14 1.00000
169.3 98.09566 14 1.00000
169.4 98.18722 14 1.00000
169.5 98.27882 14 1.00000
169.6 98.37027 14 1.00000
169.7 98.46185 14 1.00000
169.8 98.55342 14 1.00000
169.9 98.19814 14 1.00000
170.0 98.28981 14 1.00000
170.1 98.38129 14 1.00000
170.2 98.47285 14 1.00000
170.3 98.56450 14 1.00000
170.4 98.65609 14 1.00000
170.5 98.74762 14 1.00000
170.6 98.83924 14 1.00000
170.7 98.93067 14 1.00000
170.8 99.02218 14 1.00000
170.9 98.66725 14 1.00000
171.0 98.75886 14 1.00000
171.1 98.85051 14 1.00000
171.2 98.94192 14 1.00000
171.3 99.03355 14 1.00000
171.4 99.12512 14 1.00000
171.5 99.21664 14 1.00000
171.6 99.30819 14 1.00000
171.7 99.39974 14 1.00000
171.8 99.04497 14 1.00000
171.9 99.13657 14 1.00000
172.0 99.22816 14 1.00000
172.1 99.31979 14 1.00000
172.2 99.41136 14 1.00000
172.3 99.50279 14 1.00000
172.4 99.59435 14 1.00000
172.5 99.68585 14 1.00000
172.6 99.77744 14 1.00000
172.7 99.86897 14 1.00000
172.8 99.51454 14 1.00000
172.9 99.60607 14 1.00000
173.0 99.69765 14 1.00000
173.1 99.78926 14 1.00000
173.2 99.88077 14 1.00000
173.3 99.52589 14 1.00000
173.4 99.61745 14 1.00000
173.5 99.70909 14 1.00000
173.6 99.80068 14 1.00000
173.7 99.89275 14 1.00000
173.8 99.53791 14 1.00000
173.9 99.62950 14 1.00000
174.0 99.72112 14 1.00000
174.1 99.81278 14 1.00000
174.2 99.90439 14 1.00000
174.3 99.99599 14 1.00000
174.4 100.08739 14 1.00000
174.5 100.17902 14 1.00000
174.6 100.27055 14 1.00000
174.7 99.91661 14 1.00000
174.8 100.00823 14 1.00000
174.9 100.09976 14 1.00000
175.0 100.19137 14 1.00000
175.1 100.28292 14 1.00000
175.2 100.37451 14 1.00000
175.3 100.46609 14 1.00000
175.4 100.55771 14 1.00000
175.5 100.64909 14 1.00000
175.6 100.74069 14 1.00000
175.7 100.38715 14 1.00000
175.8 100.47875 14 1.00000
175.9 100.57030 14 1.00000
176.0 100.66177 14 1.00000
176.1 100.75340 14 1.00000
176.2 100.84497 14 1.00000
176.3 100.93654 14 1.00000
176.4 101.02809 14 1.00000
176.5 101.11964 14 1.00000
176.6 101.21100 14 1.00000
176.7 100.85789 14 1.00000
176.8 100.94943 14 1.00000
176.9 101.04102 14 1.00000
177.0 101.13264 14 1.00000
177.1 101.22408 14 1.00000
177.2 101.31563 14 1.00000
177.3 101.40718 14 1.00000
177.4 101.49867 14 1.00000
177.5 101.59025 14 1.00000
177.6 101.68177 14 1.00000
177.7 101.32882 14 1.00000
177.8 101.42039 14 1.00000
177.9 101.51196 14 1.00000
178.0 101.60352 14 1.00000
178.1 101.69507 14 1.00000
178.2 101.78666 14 1.00000
178.3 101.87806 14 1.00000
178.4 101.96954 14 1.00000
178.5 102.06110 14 1.00000
178.6 102.15260 14 1.00000
178.7 102.24406 14 1.00000
178.8 101.89159 14 1.00000
178.9 101.98315 14 1.00000
179.0 102.07474 14 1.00000
179.1 102.16627 14 1.00000
179.2 102.25780 14 1.00000
179.3 102.34931 14 1.00000
179.4 102.44064 14 1.00000
179.5 102.53219 14 1.00000
179.6 102.62363 14 1.00000
179.7 102.71516 14 1.00000
179.8 102.36320 14 1.00000
179.9 102.45461 14 1.00000
180.0 102.54614 14 1.00000
180.1 102.63766 14 1.00000
180.2 102.72916 14 1.00000
180.3 102.82062 14 1.00000
180.4 102.91216 14 1.00000
180.5 103.00364 14 1.00000
180.6 103.09499 14 1.00000
180.7 103.18641 14 1.00000
180.8 103.27791 14 1.00000
180.9 102.92639 14 1.00000
181.0 103.01772 14 1.00000
181.1 103.10923 14 1.00000
181.2 103.20077 14 1.00000
181.3 103.29221 14 1.00000
181.4 103.38367 14 1.00000
181.5 103.47514 14 1.00000
181.6 103.56660 14 1.00000
181.7 103.65793 14 1.00000
181.8 103.74937 14 1.00000
181.9 103.84084 14 1.00000
182.0 103.48972 14 1.00000
182.1 103.58120 14 1.00000
182.2 103.67255 14 1.00000
182.3 103.76402 14 1.00000
182.4 103.85547 14 1.00000
182.5 103.94697 14 1.00000
182.6 104.03841 14 1.00000
182.7 104.12979 14 1.00000
182.8 104.22122 14 1.00000
182.9 104.31251 14 1.00000
183.0 104.40392 14 1.00000
183.1 104.05331 14 1.00000
183.2 104.14471 14 1.00000
183.3 104.23621 14 1.00000
183.4 104.32753 14 1.00000
183.5 104.41896 14 1.00000
183.6 104.51038 14 1.00000
183.7 104.60175 14 1.00000
183.8 104.69321 14 1.00000
183.9 104.78456 14 1.00000
184.0 104.87600 14 1.00000
184.1 104.96725 14 1.00000
184.2 104.61698 14 1.00000
184.3 104.70846 14 1.00000
184.4 104.79984 14 1.00000
184.5 104.89130 14 1.00000
184.6 104.98254 14 1.00000
184.7 105.07397 14 1.00000
184.8 105.16532 14 1.00000
184.9 105.25675 14 1.00000
185.0 105.34812 14 1.00000
185.1 105.43948 14 1.00000
185.2 105.53085 14 1.00000
185.3 105.18087 14 1.00000
185.4 105.27228 14 1.00000
185.5 105.36372 14 1.00000
185.6 105.45511 14 1.00000
185.7 105.54644 14 1.00000
185.8 105.63773 14 1.00000
185.9 105.72910 14 1.00000
186.0 105.82041 14 1.00000
186.1 105.91176 14 1.00000
186.2 106.00314 14 1.00000
186.3 106.09442 14 1.00000
186.4 106.18575 14 1.00000
186.5 105.83630 14 1.00000
186.6 105.92772 14 1.00000
186.7 106.01908 14 1.00000
186.8 106.11039 14 1.00000
186.9 106.20178 14 1.00000
187.0 105.85128 14 1.00000
187.1 105.94263 14 1.00000
187.2 106.03401 14 1.00000
187.3 106.12543 14 1.00000
187.4 106.21676 14 1.00000
187.5 106.30799 14 1.00000
187.6 106.39939 14 1.00000
187.7 106.05025 14 1.00000
187.8 106.14165 14 1.00000
187.9 106.23310 14 1.00000
188.0 106.32436 14 1.00000
188.1 106.41569 14 1.00000
188.2 106.50710 14 1.00000
188.3 106.59841 14 1.00000
188.4 106.68981 14 1.00000
188.5 106.78111 14 1.00000
188.6 106.87244 14 1.00000
188.7 106.96364 14 1.00000
188.8 107.05500 14 1.00000
188.9 106.70639 14 1.00000
189.0 106.79776 14 1.00000
189.1 106.88907 14 1.00000
189.2 106.98029 14 1.00000
189.3 107.07168 14 1.00000
189.4 107.16301 14 1.00000
189.5 107.25433 14 1.00000
189.6 107.34560 14 1.00000
189.7 107.43691 14 1.00000
189.8 107.52821 14 1.00000
189.9 107.61942 14 1.00000
190.0 107.71070 14 1.00000
190.1 107.36252 14 1.00000
190.2 107.45390 14 1.00000
190.3 107.54517 14 1.00000
190.4 107.63641 14 1.00000
190.5 107.72766 14 1.00000
190.6 107.81895 14 1.00000
190.7 107.91029 14 1.00000
190.8 108.00157 14 1.00000
190.9 108.09284 14 1.00000
191.0 108.18410 14 1.00000
191.1 108.27536 14 1.00000
191.2 108.36649 14 1.00000
191.3 108.45767 14 1.00000
191.4 108.11011 14 1.00000
191.5 108.20139 14 1.00000
191.6 108.29267 14 1.00000
191.7 108.38382 14 1.00000
191.8 108.47507 14 1.00000
191.9 108.56628 14 1.00000
192.0 108.65752 14 1.00000
192.1 108.74876 14 1.00000
192.2 108.84003 14 1.00000
192.3 108.93121 14 1.00000
192.4 109.02242 14 1.00000
192.5 109.11354 14 1.00000
192.6 108.76640 14 1.00000
192.7 108.85760 14 1.00000
192.8 108.94889 14 1.00000
192.9 109.04012 14 1.00000
193.0 109.13123 14 1.00000
193.1 109.22240 14 1.00000
193.2 109.31361 14 1.00000
193.3 109.40485 14 1.00000
193.4 109.49604 14 1.00000
193.5 109.58723 14 1.00000
193.6 109.67835 14 1.00000
193.7 109.76952 14 1.00000
193.8 109.86060 14 1.00000
193.9 109.95175 14 1.00000
194.0 109.60513 14 1.00000
194.1 109.69637 14 1.00000
194.2 109.78745 14 1.00000
194.3 109.87862 14 1.00000
194.4 109.96980 14 1.00000
194.5 110.06096 14 1.00000
194.6 110.15207 14 1.00000
194.7 110.24326 14 1.00000
194.8 110.33440 14 1.00000
194.9 110.42548 14 1.00000
195.0 110.51661 14 1.00000
195.1 110.60760 14 1.00000
195.2 110.69871 14 1.00000
195.3 110.35270 14 1.00000
195.4 110.44380 14 1.00000
195.5 110.53487 14 1.00000
195.6 110.62596 14 1.00000
195.7 110.71709 14 1.00000
195.8 110.80821 14 1.00000
195.9 110.89937 14 1.00000
196.0 110.99047 14 1.00000
196.1 111.08157 14 1.00000
196.2 111.17261 14 1.00000
196.3 111.26369 14 1.00000
196.4 111.35464 14 1.00000
196.5 111.44574 14 1.00000
196.6 111.53675 14 1.00000
196.7 111.19131 14 1.00000
196.8 111.28241 14 1.00000
196.9 111.37337 14 1.00000
197.0 111.46442 14 1.00000
197.1 111.55553 14 1.00000
197.2 111.64656 14 1.00000
197.3 111.73762 14 1.00000
197.4 111.82871 14 1.00000
197.5 111.91975 14 1.00000
197.6 112.01074 14 1.00000
197.7 112.10165 14 1.00000
197.8 112.19267 14 1.00000
197.9 112.28368 14 1.00000
198.0 112.37468 14 1.00000
198.1 112.46568 14 1.00000
198.2 112.12073 14 1.00000
198.3 112.21172 14 1.00000
198.4 112.30275 14 1.00000
198.5 112.39382 14 1.00000
198.6 112.48479 14 1.00000
198.7 112.57584 14 1.00000
198.8 112.66684 14 1.00000
198.9 112.75784 14 1.00000
199.0 112.84877 14 1.00000
199.1 112.93962 14 1.00000
199.2 113.03064 14 1.00000
199.3 113.12160 14 1.00000
199.4 113.21255 14 1.00000
199.5 113.30349 14 1.00000
199.6 113.39437 14 1.00000
199.7 113.04999 14 1.00000
199.8 113.14101 14 1.00000
199.9 113.23199 14 1.00000
200.0 113.32291 14 1.00000
200.1 113.41386 14 1.00000
200.2 113.50481 14 1.00000
200.3 113.59574 14 1.00000
200.4 113.68672 14 1.00000
200.5 113.77748 14 1.00000
200.6 113.86844 14 1.00000
200.7 113.95934 14 1.00000
200.8 114.05025 14 1.00000
200.9 114.14114 14 1.00000
201.0 114.23197 14 1.00000
201.1 114.32285 14 1.00000
201.2 114.41376 14 1.00000
201.3 114.06998 14 1.00000
201.4 114.16090 14 1.00000
201.5 114.25180 14 1.00000
201.6 114.34274 14 1.00000
201.7 114.43362 14 1.00000
201.8 114.52451 14 1.00000
201.9 114.61526 14 1.00000
202.0 114.70612 14 1.00000
202.1 114.79697 14 1.00000
202.2 114.88783 14 1.00000
202.3 114.97866 14 1.00000
202.4 115.06950 14 1.00000
202.5 115.16032 14 1.00000
202.6 115.25108 14 1.00000
202.7 115.34189 14 1.00000
202.8 115.43257 14 1.00000
202.9 115.08961 14 1.00000
203.0 115.18050 14 1.00000
203.1 115.27129 14 1.00000
203.2 115.36212 14 1.00000
203.3 115.45283 14 1.00000
203.4 115.54363 14 1.00000
203.5 115.63448 14 1.00000
203.6 115.72528 14 1.00000
203.7 115.81607 14 1.00000
203.8 115.90685 14 1.00000
203.9 115.99762 14 1.00000
204.0 116.08834 14 1.00000
204.1 116.17909 14 1.00000
204.2 116.26973 14 1.00000
204.3 116.36051 14 1.00000
204.4 116.45125 14 1.00000
204.5 116.54197 14 1.00000
204.6 116.19966 14 1.00000
204.7 116.29031 14 1.00000
204.8 116.38112 14 1.00000
204.9 116.47187 14 1.00000
205.0 116.56261 14 1.00000
205.1 116.65331 14 1.00000
205.2 116.74408 14 1.00000
205.3 116.83480 14 1.00000
205.4 116.92547 14 1.00000
205.5 117.01622 14 1.00000
205.6 116.67256 14 1.00000
205.7 116.76329 14 1.00000
205.8 116.85403 14 1.00000
205.9 116.94482 14 1.00000
206.0 117.03549 14 1.00000
206.1 117.12626 14 1.00000
206.2 117.21680 14 1.00000
206.3 117.30751 14 1.00000
206.4 117.39820 14 1.00000
206.5 117.05655 14 1.00000
206.6 117.14725 14 1.00000
206.7 117.23786 14 1.00000
206.8 117.32863 14 1.00000
206.9 117.41930 14 1.00000
207.0 117.51000 14 1.00000
207.1 117.60075 14 1.00000
207.2 117.69144 14 1.00000
207.3 117.78213 14 1.00000
207.4 117.87280 14 1.00000
207.5 117.96342 14 1.00000
207.6 118.05413 14 1.00000
207.7 118.14462 14 1.00000
207.8 118.23531 14 1.00000
207.9 118.32590 14 1.00000
208.0 118.41657 14 1.00000
208.1 118.50715 14 1.00000
208.2 118.59776 14 1.00000
208.3 118.68842 14 1.00000
208.4 118.34738 14 1.00000
208.5 118.43803 14 1.00000
208.6 118.52863 14 1.00000
208.7 118.61926 14 1.00000
208.8 118.70988 14 1.00000
208.9 118.80051 14 1.00000
209.0 118.89111 14 1.00000
209.1 118.98171 14 1.00000
209.2 119.07224 14 1.00000
209.3 119.16278 14 1.00000
209.4 119.25341 14 1.00000
209.5 119.34398 14 1.00000
209.6 119.43454 14 1.00000
209.7 119.52510 14 1.00000
209.8 119.61560 14 1.00000
209.9 119.70614 14 1.00000
210.0 119.79667 14 1.00000
210.1 119.88725 14 1.00000
210.2 119.97776 14 1.00000
210.3 120.06811 14 1.00000
210.4 120.15862 14 1.00000
210.5 120.24915 14 1.00000
210.6 119.90911 14 1.00000
210.7 119.99965 14 1.00000
210.8 120.09011 14 1.00000
210.9 120.18063 14 1.00000
211.0 120.27115 14 1.00000
211.1 120.36166 14 1.00000
211.2 120.45215 14 1.00000
211.3 120.54264 14 1.00000
211.4 120.63313 14 1.00000
211.5 120.72360 14 1.00000
211.6 120.81407 14 1.00000
211.7 120.90453 14 1.00000
211.8 120.99493 14 1.00000
211.9 121.08531 14 1.00000
212.0 121.17575 14 1.00000
212.1 121.26618 14 1.00000
212.2 121.35656 14 1.00000
212.3 121.44698 14 1.00000
212.4 121.53738 14 1.00000
212.5 121.62778 14 1.00000
212.6 121.71817 14 1.00000
212.7 121.80860 14 1.00000
212.8 121.89893 14 1.00000
212.9 121.98930 14 1.00000
213.0 121.65025 14 1.00000
213.1 121.74062 14 1.00000
213.2 121.83102 14 1.00000
213.3 121.92146 14 1.00000
213.4 122.01180 14 1.00000
213.5 122.10219 14 1.00000
213.6 122.19244 14 1.00000
213.7 122.28286 14 1.00000
213.8 122.37317 14 1.00000
213.9 122.46357 14 1.00000
214.0 122.55386 14 1.00000
214.1 122.64420 14 1.00000
214.2 122.73458 14 1.00000
214.3 122.82485 14 1.00000
214.4 122.91517 14 1.00000
214.5 123.00547 14 1.00000
214.6 123.09582 14 1.00000
214.7 123.18611 14 1.00000
214.8 123.27624 14 1.00000
214.9 123.36652 14 1.00000
215.0 123.45683 14 1.00000
215.1 123.54709 14 1.00000
215.2 123.63730 14 1.00000
215.3 123.72759 14 1.00000
215.4 123.81779 14 1.00000
215.5 123.90807 14 1.00000
215.6 123.99829 14 1.00000
215.7 123.66028 14 1.00000
215.8 123.75055 14 1.00000
215.9 123.84081 14 1.00000
216.0 123.93110 14 1.00000
216.1 124.02130 14 1.00000
216.2 124.11158 14 1.00000
216.3 124.20177 14 1.00000
216.4 124.29203 14 1.00000
216.5 124.38222 14 1.00000
216.6 124.47234 14 1.00000
216.7 124.56255 14 1.00000
216.8 124.65273 14 1.00000
216.9 124.74287 14 1.00000
217.0 124.83305 14 1.00000
217.1 124.92322 14 1.00000
217.2 125.01338 14 1.00000
217.3 125.10358 14 1.00000
217.4 125.19373 14 1.00000
217.5 125.28387 14 1.00000
217.6 125.37401 14 1.00000
217.7 125.46413 14 1.00000
217.8 125.55425 14 1.00000
217.9 125.64426 14 1.00000
218.0 125.73431 14 1.00000
218.1 125.82441 14 1.00000
218.2 125.91451 14 1.00000
218.3 126.00463 14 1.00000
218.4 126.09471 14 1.00000
218.5 126.18478 14 1.00000
218.6 126.27484 14 1.00000
218.7 126.36489 14 1.00000
218.8 126.45494 14 1.00000
218.9 126.54498 14 1.00000
219.0 126.20837 14 1.00000
219.1 126.29850 14 1.00000
219.2 126.38853 14 1.00000
219.3 126.47859 14 1.00000
219.4 126.56865 14 1.00000
219.5 126.65874 14 1.00000
219.6 126.74879 14 1.00000
219.7 126.83883 14 1.00000
219.8 126.92870 14 1.00000
219.9 127.01877 14 1.00000
220.0 127.10874 14 1.00000
220.1 127.19875 14 1.00000
220.2 127.28880 14 1.00000
220.3 127.37874 14 1.00000
220.4 127.46873 14 1.00000
220.5 127.55875 14 1.00000
220.6 127.64868 14 1.00000
220.7 127.73865 14 1.00000
220.8 127.82861 14 1.00000
220.9 127.91856 14 1.00000
221.0 128.00850 14 1.00000
221.1 128.09848 14 1.00000
221.2 128.18831 14 1.00000
221.3 128.27823 14 1.00000
221.4 128.36810 14 1.00000
221.5 128.45801 14 1.00000
221.6 128.54791 14 1.00000
221.7 128.63780 14 1.00000
221.8 128.72774 14 1.00000
221.9 128.81763 14 1.00000
222.0 128.90749 14 1.00000
222.1 128.99736 14 1.00000
222.2 129.08722 14 1.00000
222.3 129.17708 14 1.00000
222.4 129.26692 14 1.00000
222.5 129.35675 14 1.00000
222.6 129.44659 14 1.00000
222.7 129.53641 14 1.00000
222.8 129.62608 14 1.00000
222.9 129.71590 14 1.00000
223.0 129.80569 14 1.00000
223.1 129.89554 14 1.00000
223.2 129.98529 14 1.00000
223.3 130.07507 14 1.00000
223.4 130.16489 14 1.00000
223.5 130.25465 14 1.00000
223.6 130.34442 14 1.00000
223.7 130.43417 14 1.00000
223.8 130.52393 14 1.00000
223.9 130.61366 14 1.00000
224.0 130.70335 14 1.00000
224.1 130.79314 14 1.00000
224.2 130.45876 14 1.00000
224.3 130.54852 14 1.00000
224.4 130.63828 14 1.00000
224.5 130.72803 14 1.00000
224.6 130.81778 14 1.00000
224.7 130.90752 14 1.00000
224.8 130.99730 14 1.00000
224.9 131.08687 14 1.00000
225.0 131.17659 14 1.00000
225.1 131.26634 14 1.00000
225.2 131.35605 14 1.00000
225.3 131.44576 14 1.00000
225.4 131.53545 14 1.00000
225.5 131.62508 14 1.00000
225.6 131.71481 14 1.00000
225.7 131.80447 14 1.00000
225.8 131.89409 14 1.00000
225.9 131.98375 14 1.00000
226.0 132.07346 14 1.00000
226.1 132.16304 14 1.00000
226.2 132.25273 14 1.00000
226.3 132.34232 14 1.00000
226.4 132.43196 14 1.00000
226.5 132.52161 14 1.00000
226.6 132.61116 14 1.00000
226.7 132.70071 14 1.00000
226.8 132.79031 14 1.00000
226.9 132.87985 14 1.00000
227.0 132.96944 14 1.00000
227.1 133.05905 14 1.00000
227.2 133.14857 14 1.00000
227.3 133.23814 14 1.00000
227.4 133.32774 14 1.00000
227.5 133.41725 14 1.00000
227.6 133.50684 14 1.00000
227.7 133.59637 14 1.00000
227.8 133.68585 14 1.00000
227.9 133.77538 14 1.00000
228.0 133.86494 14 1.00000
228.1 133.95445 14 1.00000
228.2 134.04391 14 1.00000
228.3 134.13345 14 1.00000
228.4 134.22295 14 1.00000
228.5 134.31238 14 1.00000
228.6 134.40179 14 1.00000
228.7 134.49127 14 1.00000
228.8 134.58069 14 1.00000
228.9 134.67020 14 1.00000
229.0 134.75960 14 1.00000
229.1 134.84903 14 1.00000
229.2 134.93852 14 1.00000
229.3 135.02791 14 1.00000
229.4 135.11732 14 1.00000
229.5 135.20674 14 1.00000
229.6 135.29620 14 1.00000
229.7 135.38560 14 1.00000
229.8 135.47501 14 1.00000
229.9 135.56435 14 1.00000
230.0 135.65378 14 1.00000
230.1 135.74312 14 1.00000
230.2 135.83253 14 1.00000
230.3 135.92184 14 1.00000
230.4 136.01120 14 1.00000
230.5 136.10056 14 1.00000
230.6 136.18996 14 1.00000
230.7 136.27919 14 1.00000
230.8 136.36847 14 1.00000
230.9 136.45784 14 1.00000
231.0 136.54712 14 1.00000
231.1 136.63647 14 1.00000
231.2 136.72578 14 1.00000
231.3 136.81509 14 1.00000
231.4 136.90433 14 1.00000
231.5 136.99362 14 1.00000
231.6 137.08295 14 1.00000
231.7 137.17218 14 1.00000
231.8 137.26144 14 1.00000
231.9 137.35075 14 1.00000
232.0 137.43996 14 1.00000
232.1 137.52925 14 1.00000
232.2 137.61845 14 1.00000
232.3 137.70769 14 1.00000
232.4 137.79697 14 1.00000
232.5 137.88618 14 1.00000
232.6 137.97536 14 1.00000
232.7 138.06458 14 1.00000
232.8 138.15378 14 1.00000
232.9 138.24303 14 1.00000
233.0 138.33217 14 1.00000
233.1 138.42130 14 1.00000
233.2 138.92999 14 1.00000
233.3 139.01907 14 1.00000
233.4 139.10820 14 1.00000
233.5 139.19736 14 1.00000
233.6 139.28641 14 1.00000
233.7 139.37550 14 1.00000
233.8 139.46460 14 1.00000
233.9 139.55368 14 1.00000
234.0 139.64281 14 1.00000
234.1 139.73189 14 1.00000
234.2 139.82091 14 1.00000
234.3 139.91002 14 1.00000
234.4 139.99907 14 1.00000
234.5 140.08807 14 1.00000
234.6 140.17712 14 1.00000
234.7 140.26616 14 1.00000
234.8 140.35518 14 1.00000
234.9 140.44426 14 1.00000
235.0 140.53328 14 1.00000
235.1 140.62224 14 1.00000
235.2 140.71129 14 1.00000
235.3 140.80025 14 1.00000
235.4 140.88919 14 1.00000
235.5 140.97812 14 1.00000
235.6 141.06711 14 1.00000
235.7 141.15613 14 1.00000
235.8 141.24504 14 1.00000
235.9 141.33401 14 1.00000
236.0 141.42297 14 1.00000
236.1 141.51196 14 1.00000
236.2 141.60086 14 1.00000
236.3 141.68980 14 1.00000
236.4 141.77873 14 1.00000
236.5 141.86766 14 1.00000
236.6 141.95662 14 1.00000
236.7 142.04553 14 1.00000
236.8 142.13440 14 1.00000
236.9 142.22330 14 1.00000
237.0 142.31219 14 1.00000
237.1 142.40108 14 1.00000
237.2 142.48996 14 1.00000
237.3 142.57884 14 1.00000
237.4 142.66776 14 1.00000
237.5 142.75662 14 1.00000
237.6 142.84543 14 1.00000
237.7 142.93428 14 1.00000
237.8 143.02313 14 1.00000
237.9 143.52910 14 1.00000
238.0 143.61784 14 1.00000
238.1 143.70662 14 1.00000
238.2 143.79539 14 1.00000
238.3 143.88408 14 1.00000
238.4 143.97284 14 1.00000
238.5 144.06160 14 1.00000
238.6 144.15039 14 1.00000
238.7 144.23914 14 1.00000
238.8 144.32784 14 1.00000
238.9 144.41661 14 1.00000
239.0 144.50534 14 1.00000
239.1 144.59407 14 1.00000
239.2 144.68279 14 1.00000
239.3 144.77148 14 1.00000
239.4 144.86015 14 1.00000
239.5 144.94885 14 1.00000
239.6 145.03758 14 1.00000
239.7 145.12627 14 1.00000
239.8 144.79749 14 1.00000
239.9 144.88617 14 1.00000
240.0 144.97488 14 1.00000
240.1 145.06360 14 1.00000
240.2 145.15234 14 1.00000
240.3 145.24104 14 1.00000
240.4 145.32970 14 1.00000
240.5 145.41838 14 1.00000
240.6 145.50711 14 1.00000
240.7 146.01160 14 1.00000
240.8 146.10022 14 1.00000
240.9 146.18880 14 1.00000
241.0 146.27745 14 1.00000
241.1 146.36606 14 1.00000
241.2 146.45465 14 1.00000
241.3 146.54320 14 1.00000
241.4 146.63179 14 1.00000
241.5 146.72038 14 1.00000
241.6 146.80894 14 1.00000
241.7 146.89752 14 1.00000
241.8 146.98613 14 1.00000
241.9 147.07466 14 1.00000
242.0 147.16321 14 1.00000
242.1 147.25175 14 1.00000
242.2 147.34033 14 1.00000
242.3 147.42883 14 1.00000
242.4 147.51735 14 1.00000
242.5 147.60593 14 1.00000
242.6 147.69444 14 1.00000
242.7 147.78291 14 1.00000
242.8 147.87141 14 1.00000
242.9 147.95992 14 1.00000
243.0 148.46291 14 1.00000
243.1 148.55139 14 1.00000
243.2 148.63983 14 1.00000
243.3 148.72823 14 1.00000
243.4 148.81670 14 1.00000
243.5 148.90512 14 1.00000
243.6 148.99353 14 1.00000
243.7 149.08194 14 1.00000
243.8 149.17035 14 1.00000
243.9 149.25874 14 1.00000
244.0 149.34709 14 1.00000
244.1 149.43549 14 1.00000
244.2 149.52391 14 1.00000
244.3 149.61229 14 1.00000
244.4 149.70061 14 1.00000
244.5 149.78902 14 1.00000
244.6 149.87733 14 1.00000
244.7 149.96568 14 1.00000
244.8 150.05403 14 1.00000
244.9 150.55592 14 1.00000
245.0 150.64421 14 1.00000
245.1 150.73250 14 1.00000
245.2 150.82079 14 1.00000
245.3 150.90907 14 1.00000
245.4 150.99733 14 1.00000
245.5 151.08565 14 1.00000
245.6 151.17390 14 1.00000
245.7 151.26215 14 1.00000
245.8 151.35040 14 1.00000
245.9 151.43860 14 1.00000
246.0 151.52684 14 1.00000
246.1 151.61511 14 1.00000
246.2 151.70334 14 1.00000
246.3 151.79150 14 1.00000
246.4 151.87978 14 1.00000
246.5 152.38058 14 1.00000
246.6 152.46875 14 1.00000
246.7 152.55695 14 1.00000
246.8 152.64510 14 1.00000
246.9 152.73318 14 1.00000
247.0 152.82133 14 1.00000
247.1 152.90950 14 1.00000
247.2 152.99763 14 1.00000
247.3 153.08571 14 1.00000
247.4 153.17387 14 1.00000
247.5 153.26198 14 1.00000
247.6 153.35004 14 1.00000
247.7 153.43814 14 1.00000
247.8 153.52628 14 1.00000
247.9 153.61432 14 1.00000
248.0 154.11421 14 1.00000
248.1 154.20226 14 1.00000
248.2 154.29028 14 1.00000
248.3 154.37830 14 1.00000
248.4 154.46632 14 1.00000
248.5 154.55434 14 1.00000
248.6 154.64238 14 1.00000
248.7 154.73035 14 1.00000
248.8 154.81836 14 1.00000
248.9 154.90637 14 1.00000
249.0 154.99435 14 1.00000
249.1 155.08234 14 1.00000
249.2 155.17032 14 1.00000
249.3 155.25824 14 1.00000
249.4 155.75728 14 1.00000
249.5 155.84518 14 1.00000
249.6 155.93311 14 1.00000
249.7 156.02100 14 1.00000
249.8 156.10890 14 1.00000
249.9 156.19675 14 1.00000
250.0 156.28464 14 1.00000
