15.0 1.62994 13 0.06824
15.1 1.64243 13 0.06975
15.2 1.65519 13 0.07129
15.3 1.66771 13 0.07281
15.4 1.68024 13 0.07434
15.5 1.79609 13 0.07999
15.6 1.82433 13 0.08371
15.7 1.85267 13 0.08745
15.8 1.88110 13 0.09121
15.9 1.90961 13 0.09498
16.0 1.93749 13 0.09868
16.1 1.96628 13 0.10244
16.2 1.99501 13 0.10626
16.3 2.02304 13 0.10999
16.4 2.05188 13 0.11384
16.5 2.07995 13 0.11761
16.6 2.10887 13 0.12149
16.7 2.13839 13 0.12546
16.8 2.16765 13 0.12933
16.9 2.19581 13 0.13315
17.0 2.22396 13 0.13698
17.1 2.25301 13 0.14095
17.2 2.28114 13 0.14480
17.3 2.30927 13 0.14866
17.4 2.33773 13 0.15249
17.5 2.36677 13 0.15652
17.6 2.39477 13 0.16042
17.7 2.42272 13 0.16433
17.8 2.45059 13 0.16826
17.9 2.47861 13 0.17218
18.0 2.50903 14 0.17609
18.1 2.54605 14 0.18005
18.2 2.58312 14 0.18402
18.3 2.62030 14 0.18800
18.4 2.65756 14 0.19200
18.5 2.69435 14 0.19577
18.6 2.73180 14 0.19978
18.7 2.76930 14 0.20381
18.8 2.80684 14 0.20784
18.9 2.84439 14 0.21189
19.0 2.88001 14 0.21576
19.1 2.91917 14 0.21977
19.2 2.95682 14 0.22384
19.3 2.99716 14 0.22823
19.4 3.03282 14 0.23212
19.5 3.07040 14 0.23624
19.6 3.10803 14 0.24036
19.7 3.14522 14 0.24422
19.8 3.18270 14 0.24836
19.9 3.21798 14 0.25228
20.0 3.25526 14 0.25645
20.1 3.29243 14 0.26063
20.2 3.34154 14 0.26638
20.3 3.39696 14 0.27269
20.4 3.44719 14 0.27873
20.5 3.50076 14 0.28521
20.6 3.55086 14 0.29134
20.7 3.60420 14 0.29794
20.8 3.65684 14 0.30409
20.9 3.71017 14 0.31080
21.0 3.75976 14 0.31712
21.1 3.81278 14 0.32395
21.2 3.86185 14 0.33036
21.3 3.91409 14 0.33674
21.4 3.96641 14 0.34375
21.5 4.00876 14 0.35030
21.6 4.05225 14 0.35742
21.7 4.09317 14 0.36405
21.8 4.13387 14 0.37072
21.9 4.16549 14 0.37824
22.0 4.15609 14 0.38602
22.1 4.18455 14 0.39498
22.2 4.14807 14 0.40166
22.3 4.07817 14 0.40691
22.4 4.04246 14 0.41138
22.5 3.95799 14 0.41742
22.6 3.89295 14 0.42254
22.7 3.82987 14 0.42770
22.8 3.85547 14 0.43096
22.9 3.89207 14 0.43361
23.0 3.93073 14 0.43624
23.1 3.96833 14 0.43891
23.2 4.01279 14 0.44208
23.3 4.04955 14 0.44467
23.4 4.08626 14 0.44728
23.5 4.12168 14 0.44994
23.6 4.15382 14 0.45307
23.7 4.19042 14 0.45575
23.8 4.22250 14 0.45854
23.9 4.25520 14 0.46133
24.0 4.28890 14 0.46450
24.1 4.32576 14 0.46723
24.2 4.35860 14 0.47006
24.3 4.39305 14 0.47287
24.4 4.42839 14 0.47568
24.5 4.46752 14 0.47884
24.6 4.50440 14 0.48164
24.7 4.52537 14 0.48475
24.8 4.36428 14 0.46031
24.9 4.40507 14 0.46382
25.0 4.33956 14 0.46882
25.1 4.35773 14 0.47042
25.2 4.36572 14 0.47112
25.3 4.37002 14 0.47149
25.4 4.37729 14 0.47213
25.5 4.39698 14 0.47385
25.6 4.39915 14 0.47404
25.7 4.41607 14 0.47552
25.8 4.41351 14 0.47529
25.9 4.43863 14 0.47748
26.0 4.44264 14 0.47783
26.1 4.46175 14 0.47948
26.2 4.47205 14 0.48037
26.3 4.47994 14 0.48106
26.4 4.49049 14 0.48197
26.5 4.49640 14 0.48248
26.6 4.51184 14 0.48381
26.7 4.52545 14 0.48498
26.8 4.53832 14 0.48608
26.9 4.54007 14 0.48623
27.0 4.55271 14 0.48731
27.1 4.57857 14 0.48952
27.2 4.58287 14 0.48989
27.3 4.59431 14 0.49086
27.4 4.61134 14 0.49231
27.5 4.62135 14 0.49316
27.6 4.63407 14 0.49424
27.7 4.64763 14 0.49539
27.8 4.65644 14 0.49613
27.9 4.66266 14 0.49666
28.0 4.67467 14 0.49767
28.1 4.69749 14 0.49959
28.2 4.71634 14 0.50118
28.3 4.72823 14 0.50217
28.4 4.73834 14 0.50302
28.5 4.74780 14 0.50381
28.6 4.76533 14 0.50527
28.7 4.77181 14 0.50581
28.8 4.78409 14 0.50683
28.9 4.79942 14 0.50811
29.0 4.81380 14 0.50930
29.1 4.81998 14 0.50981
29.2 4.83648 14 0.51118
29.3 4.85162 14 0.51243
29.4 4.86565 14 0.51359
29.5 4.88160 14 0.51490
29.6 4.89412 14 0.51593
29.7 4.90629 14 0.51693
29.8 4.91510 14 0.51765
29.9 4.93585 14 0.51935
30.0 4.94738 14 0.52029
30.1 4.95749 14 0.52111
30.2 4.96713 14 0.52190
30.3 4.98436 14 0.52330
30.4 4.99235 14 0.52395
30.5 5.01293 14 0.52562
30.6 5.02683 14 0.52675
30.7 5.04063 14 0.52786
30.8 5.05279 14 0.52884
30.9 5.06098 14 0.52950
31.0 5.08166 14 0.53117
31.1 5.09244 14 0.53203
31.2 5.10272 14 0.53286
31.3 5.11715 14 0.53401
31.4 5.12618 14 0.53474
31.5 5.13861 14 0.53573
31.6 5.15937 14 0.53739
31.7 5.16190 14 0.53759
31.8 5.17488 14 0.53862
31.9 5.20117 14 0.54071
32.0 5.20652 14 0.54114
32.1 5.21361 14 0.54170
32.2 5.22852 14 0.54288
32.3 5.24219 14 0.54396
32.4 5.26226 14 0.54555
32.5 5.27156 14 0.54628
32.6 5.28547 14 0.54738
32.7 5.29460 14 0.54809
32.8 5.30823 14 0.54917
32.9 5.32677 14 0.55062
33.0 5.34673 14 0.55218
33.1 5.34717 14 0.55222
33.2 5.36760 14 0.55381
33.3 5.37494 14 0.55438
33.4 5.39575 14 0.55601
33.5 5.39864 14 0.55623
33.6 5.41944 14 0.55785
33.7 5.43316 14 0.55891
33.8 5.44827 14 0.56008
33.9 5.46160 14 0.56111
34.0 5.47452 14 0.56211
34.1 5.48367 14 0.56281
34.2 5.49653 14 0.56381
34.3 5.50801 14 0.56469
34.4 5.51758 14 0.56542
34.5 5.52948 14 0.56634
34.6 5.54449 14 0.56749
34.7 5.55245 14 0.56810
34.8 5.56330 14 0.56893
34.9 5.58934 14 0.57092
35.0 5.59013 14 0.57098
35.1 5.60434 14 0.57206
35.2 5.61437 14 0.57283
35.3 5.62690 14 0.57378
35.4 5.63058 14 0.57406
35.5 5.64810 14 0.57539
35.6 5.66781 14 0.57688
35.7 5.67786 14 0.57764
35.8 5.67908 14 0.57774
35.9 5.69282 14 0.57878
36.0 5.71390 14 0.58037
36.1 5.71828 14 0.58070
36.2 5.74087 14 0.58240
36.3 5.74651 14 0.58282
36.4 5.76487 14 0.58420
36.5 5.76754 14 0.58440
36.6 5.77987 14 0.58532
36.7 5.79316 14 0.58632
36.8 5.80951 14 0.58754
36.9 5.81602 14 0.58803
37.0 5.83515 14 0.58945
37.1 5.84146 14 0.58992
37.2 5.86290 14 0.59152
37.3 5.86607 14 0.59176
37.4 5.87320 14 0.59229
37.5 5.89369 14 0.59381
37.6 5.90583 14 0.59471
37.7 5.91576 14 0.59544
37.8 5.93586 14 0.59693
37.9 5.94984 14 0.59796
38.0 5.96193 14 0.59885
38.1 5.97399 14 0.59974
38.2 5.98586 14 0.60061
38.3 5.99437 14 0.60123
38.4 6.00705 14 0.60216
38.5 6.01832 14 0.60299
38.6 6.03222 14 0.60401
38.7 6.03752 14 0.60440
38.8 6.05125 14 0.60540
38.9 6.06006 14 0.60604
39.0 6.06425 14 0.60635
39.1 6.07517 14 0.60715
39.2 6.08545 14 0.60790
39.3 6.09863 14 0.60886
39.4 6.11168 14 0.60981
39.5 6.12209 14 0.61056
39.6 6.12580 14 0.61083
39.7 6.14180 14 0.61199
39.8 6.16006 14 0.61332
39.9 6.16364 14 0.61357
40.0 6.16842 14 0.61392
40.1 6.17553 14 0.61443
40.2 6.18073 14 0.61481
40.3 6.20691 14 0.61668
40.4 6.21405 14 0.61718
40.5 6.21273 14 0.61709
40.6 6.23122 14 0.61839
40.7 6.24521 14 0.61938
40.8 6.24761 14 0.61955
40.9 6.27368 14 0.62138
41.0 6.27712 14 0.62162
41.1 6.28976 14 0.62251
41.2 6.30634 14 0.62367
41.3 6.31981 14 0.62461
41.4 6.32943 14 0.62528
41.5 6.34819 14 0.62659
41.6 6.35066 14 0.62677
41.7 6.36313 14 0.62764
41.8 6.36732 14 0.62793
41.9 6.38330 14 0.62904
42.0 6.39569 14 0.62990
42.1 6.40475 14 0.63053
42.2 6.41253 14 0.63107
42.3 6.43697 14 0.63277
42.4 6.44101 14 0.63305
42.5 6.44325 14 0.63320
42.6 6.46120 14 0.63444
42.7 6.46423 14 0.63465
42.8 6.47975 14 0.63572
42.9 6.49886 14 0.63704
43.0 6.50154 14 0.63722
43.1 6.51294 14 0.63801
43.2 6.52371 14 0.63875
43.3 6.53740 14 0.63969
43.4 6.53449 14 0.63949
43.5 6.54900 14 0.64048
43.6 6.56217 14 0.64139
43.7 6.57987 14 0.64260
43.8 6.58468 14 0.64293
43.9 6.59501 14 0.64363
44.0 6.59565 14 0.64368
44.1 6.60891 14 0.64458
44.2 6.62622 14 0.64576
44.3 6.62405 14 0.64561
44.4 6.64021 14 0.64671
44.5 6.64761 14 0.64721
44.6 6.65715 14 0.64786
44.7 6.67355 14 0.64897
44.8 6.69070 14 0.65014
44.9 6.70725 14 0.65126
45.0 6.70587 14 0.65116
45.1 6.73117 14 0.65287
45.2 6.73090 14 0.65285
45.3 6.75355 14 0.65438
45.4 6.76675 14 0.65527
45.5 6.77166 14 0.65560
45.6 6.77551 14 0.65586
45.7 6.79345 14 0.65706
45.8 6.80477 14 0.65782
45.9 6.80958 14 0.65814
46.0 6.82118 14 0.65892
46.1 6.82990 14 0.65950
46.2 6.84107 14 0.66025
46.3 6.85147 14 0.66094
46.4 6.86110 14 0.66159
46.5 6.86823 14 0.66206
46.6 6.88693 14 0.66331
46.7 6.89204 14 0.66365
46.8 6.90723 14 0.66466
46.9 6.90934 14 0.66480
47.0 6.92325 14 0.66573
47.1 6.93283 14 0.66636
47.2 6.93139 14 0.66627
47.3 6.94498 14 0.66717
47.4 6.96332 14 0.66838
47.5 6.96990 14 0.66882
47.6 6.97246 14 0.66899
47.7 6.98510 14 0.66982
47.8 6.97852 14 0.66939
47.9 6.95916 14 0.66811
48.0 6.93492 14 0.66650
48.1 6.89270 14 0.66369
48.2 6.88132 14 0.66294
48.3 6.86706 14 0.66198
48.4 6.86071 14 0.66156
48.5 6.83937 14 0.66013
48.6 6.82963 14 0.65948
48.7 6.81467 14 0.65848
48.8 6.81127 14 0.65825
48.9 6.79492 14 0.65716
49.0 6.76913 14 0.65543
49.1 6.75268 14 0.65432
49.2 6.74466 14 0.65378
49.3 6.70832 14 0.65133
49.4 6.70402 14 0.65104
49.5 6.69924 14 0.65071
49.6 6.68932 14 0.65004
49.7 6.68716 14 0.64990
49.8 6.68484 14 0.64974
49.9 6.68569 14 0.64980
50.0 6.67925 14 0.64936
50.1 6.67426 14 0.64902
50.2 6.67685 14 0.64920
50.3 6.67137 14 0.64883
50.4 6.65762 14 0.64789
50.5 6.65885 14 0.64798
50.6 6.65268 14 0.64756
50.7 6.64591 14 0.64710
50.8 6.64351 14 0.64694
50.9 6.64033 14 0.64672
51.0 6.63239 14 0.64618
51.1 6.63231 14 0.64617
51.2 6.61629 14 0.64508
51.3 6.61334 14 0.64488
51.4 6.57021 14 0.64194
51.5 6.58745 14 0.64312
51.6 6.60153 14 0.64408
51.7 6.58217 14 0.64275
51.8 6.58357 14 0.64285
51.9 6.57490 14 0.64226
52.0 6.58338 14 0.64284
52.1 6.59974 14 0.64395
52.2 6.61602 14 0.64506
52.3 6.61606 14 0.64507
52.4 6.62699 14 0.64581
52.5 6.64626 14 0.64712
52.6 6.66170 14 0.64817
52.7 6.67229 14 0.64889
52.8 6.67038 14 0.64876
52.9 6.69175 14 0.65021
53.0 6.70301 14 0.65097
53.1 6.72852 14 0.65269
53.2 6.75079 14 0.65419
53.3 6.79512 14 0.65717
53.4 6.81533 14 0.65853
53.5 6.85047 14 0.66088
53.6 6.87299 14 0.66238
53.7 6.89750 14 0.66401
53.8 6.91686 14 0.66530
53.9 6.93883 14 0.66676
54.0 6.97509 14 0.66916
54.1 6.99160 14 0.67025
54.2 7.00301 14 0.67101
54.3 7.01336 14 0.67169
54.4 7.02453 14 0.67242
54.5 7.03709 14 0.67325
54.6 7.05146 14 0.67420
54.7 7.07618 14 0.67582
54.8 7.08773 14 0.67658
54.9 7.10489 14 0.67770
55.0 7.13055 14 0.67938
55.1 7.15389 14 0.68090
55.2 7.19236 14 0.68340
55.3 7.22332 14 0.68541
55.4 7.24730 14 0.68696
55.5 7.27505 14 0.68876
55.6 7.30046 14 0.69039
55.7 7.30134 14 0.69045
55.8 7.32377 14 0.69189
55.9 7.34584 14 0.69331
56.0 7.36606 14 0.69461
56.1 7.40570 14 0.69714
56.2 7.43095 14 0.69876
56.3 7.44247 14 0.69949
56.4 7.45650 14 0.70039
56.5 7.47312 14 0.70144
56.6 7.49010 14 0.70252
56.7 7.50612 14 0.70354
56.8 7.52166 14 0.70453
56.9 7.53550 14 0.70540
57.0 7.55761 14 0.70680
57.1 7.58809 14 0.70873
57.2 7.58755 14 0.70869
57.3 7.61077 14 0.71015
57.4 7.64135 14 0.71208
57.5 7.68141 14 0.71459
57.6 7.70403 14 0.71600
57.7 7.73132 14 0.71771
57.8 7.75523 14 0.71920
57.9 7.77728 14 0.72057
58.0 7.80317 14 0.72218
58.1 7.81444 14 0.72288
58.2 7.86510 14 0.72601
58.3 7.87774 14 0.72679
58.4 7.90315 14 0.72836
58.5 7.91919 14 0.72934
58.6 7.91763 14 0.72925
58.7 7.93400 14 0.73025
58.8 7.94037 14 0.73065
58.9 7.96615 14 0.73223
59.0 7.97417 14 0.73272
59.1 7.99197 14 0.73381
59.2 8.02346 14 0.73573
59.3 8.04853 14 0.73726
59.4 8.07205 14 0.73870
59.5 8.09177 14 0.73990
59.6 8.13622 14 0.74260
59.7 8.17161 14 0.74474
59.8 8.19872 14 0.74638
59.9 8.22311 14 0.74785
60.0 8.24939 14 0.74943
60.1 8.24594 14 0.74923
60.2 8.26901 14 0.75061
60.3 8.28238 14 0.75141
60.4 8.31093 14 0.75313
60.5 8.35171 14 0.75557
60.6 8.35988 14 0.75605
60.7 8.39676 14 0.75825
60.8 8.41061 14 0.75908
60.9 8.42862 14 0.76015
61.0 8.44499 14 0.76112
61.1 8.45740 14 0.76186
61.2 8.47827 14 0.76309
61.3 8.49463 14 0.76406
61.4 8.51703 14 0.76539
61.5 8.54344 14 0.76694
61.6 8.57400 14 0.76874
61.7 8.56857 14 0.76842
61.8 8.58651 14 0.76948
61.9 8.61691 14 0.77126
62.0 8.65845 14 0.77370
62.1 8.68642 14 0.77533
62.2 8.71100 14 0.77677
62.3 8.74337 14 0.77865
62.4 8.76273 14 0.77978
62.5 8.79213 14 0.78149
62.6 8.81541 14 0.78284
62.7 8.83661 14 0.78407
62.8 8.85013 14 0.78485
62.9 8.89976 14 0.78772
63.0 8.90523 14 0.78803
63.1 8.94253 14 0.79018
63.2 8.93730 14 0.78988
63.3 8.94810 14 0.79050
63.4 8.97119 14 0.79183
63.5 8.98775 14 0.79278
63.6 9.00401 14 0.79371
63.7 9.01043 14 0.79408
63.8 9.03790 14 0.79565
63.9 9.05456 14 0.79660
64.0 9.09409 14 0.79886
64.1 9.12213 14 0.80045
64.2 9.14906 14 0.80198
64.3 9.17371 14 0.80338
64.4 9.21200 14 0.80555
64.5 9.23308 14 0.80674
64.6 9.26173 14 0.80835
64.7 9.29984 14 0.81050
64.8 9.28983 14 0.80994
64.9 9.30799 14 0.81096
65.0 9.34072 14 0.81280
65.1 9.36162 14 0.81397
65.2 9.39000 14 0.81556
65.3 9.40657 14 0.81648
65.4 9.43225 14 0.81792
65.5 9.47670 14 0.82039
65.6 9.48886 14 0.82107
65.7 9.52149 14 0.82288
65.8 9.53434 14 0.82360
65.9 9.55520 14 0.82475
66.0 9.56699 14 0.82541
66.1 9.59084 14 0.82673
66.2 9.60728 14 0.82764
66.3 9.59360 14 0.82688
66.4 9.61784 14 0.82822
66.5 9.63457 14 0.82915
66.6 9.66786 14 0.83098
66.7 9.69893 14 0.83269
66.8 9.72388 14 0.83406
66.9 9.75439 14 0.83573
67.0 9.77969 14 0.83712
67.1 9.81526 14 0.83906
67.2 9.83911 14 0.84037
67.3 9.86992 14 0.84204
67.4 9.89885 14 0.84362
67.5 9.93444 14 0.84555
67.6 9.96112 14 0.84699
67.7 9.98602 14 0.84834
67.8 10.00256 14 0.84924
67.9 10.03137 14 0.85079
68.0 10.01905 14 0.85013
68.1 10.03623 14 0.85105
68.2 10.06253 14 0.85247
68.3 10.10139 14 0.85456
68.4 10.11445 14 0.85526
68.5 10.15630 14 0.85751
68.6 10.16920 14 0.85820
68.7 10.18082 14 0.85882
68.8 10.20631 14 0.86018
68.9 10.21744 14 0.86078
69.0 10.24221 14 0.86210
69.1 10.26009 14 0.86305
69.2 10.28196 14 0.86421
69.3 10.26057 14 0.86307
69.4 10.28288 14 0.86426
69.5 10.31693 14 0.86607
69.6 10.29716 14 0.86502
69.7 10.32946 14 0.86674
69.8 10.36045 14 0.86838
69.9 10.38247 14 0.86955
70.0 10.41534 14 0.87128
70.1 10.44078 14 0.87263
70.2 10.46039 14 0.87366
70.3 10.50749 14 0.87614
70.4 10.53790 14 0.87774
70.5 10.56503 14 0.87917
70.6 10.59766 14 0.88088
70.7 10.61720 14 0.88190
70.8 10.64326 14 0.88326
70.9 10.67478 14 0.88491
71.0 10.69129 14 0.88577
71.1 10.71892 14 0.88720
71.2 10.74078 14 0.88834
71.3 10.72164 14 0.88735
71.4 10.74696 14 0.88866
71.5 10.79078 14 0.89093
71.6 10.79294 14 0.89105
71.7 10.84394 14 0.89369
71.8 10.85676 14 0.89435
71.9 10.86511 14 0.89478
72.0 10.89291 14 0.89621
72.1 10.91203 14 0.89720
72.2 10.92694 14 0.89797
72.3 10.94230 14 0.89876
72.4 10.96743 14 0.90005
72.5 11.00295 14 0.90187
72.6 11.03585 14 0.90355
72.7 11.06506 14 0.90505
72.8 11.08707 14 0.90617
72.9 11.11917 14 0.90781
73.0 11.08898 14 0.90627
73.1 11.12620 14 0.90817
73.2 11.15269 14 0.90951
73.3 11.17192 14 0.91049
73.4 11.22155 14 0.91301
73.5 11.25354 14 0.91463
73.6 11.28503 14 0.91622
73.7 11.30858 14 0.91741
73.8 11.34504 14 0.91925
73.9 11.37194 14 0.92061
74.0 11.39558 14 0.92180
74.1 11.40985 14 0.92252
74.2 11.43754 14 0.92391
74.3 11.46275 14 0.92517
74.4 11.48414 14 0.92624
74.5 11.49407 14 0.92674
74.6 11.54555 14 0.92932
74.7 11.50833 14 0.92746
74.8 11.54277 14 0.92918
74.9 11.58111 14 0.93109
75.0 11.59221 14 0.93164
75.1 11.61824 14 0.93294
75.2 11.63593 14 0.93382
75.3 11.64652 14 0.93435
75.4 11.66230 14 0.93513
75.5 11.69336 14 0.93667
75.6 11.71000 14 0.93750
75.7 11.74307 14 0.93914
75.8 11.77821 14 0.94087
75.9 11.81070 14 0.94248
76.0 11.83554 14 0.94370
76.1 11.87202 14 0.94550
76.2 11.88421 14 0.94609
76.3 11.91701 14 0.94771
76.4 11.94044 14 0.94885
76.5 11.91771 14 0.94774
76.6 11.94149 14 0.94891
76.7 11.97881 14 0.95073
76.8 12.02432 14 0.95296
76.9 12.05758 14 0.95458
77.0 12.08842 14 0.95608
77.1 12.12021 14 0.95763
77.2 12.13690 14 0.95844
77.3 12.16079 14 0.95960
77.4 12.20029 14 0.96151
77.5 12.21980 14 0.96246
77.6 12.24502 14 0.96368
77.7 12.26591 14 0.96469
77.8 12.27277 14 0.96502
77.9 12.30498 14 0.96657
78.0 12.34966 14 0.96872
78.1 12.36509 14 0.96946
78.2 12.40109 14 0.97119
78.3 12.36449 14 0.96944
78.4 12.40559 14 0.97141
78.5 12.42224 14 0.97221
78.6 12.43335 14 0.97274
78.7 12.44955 14 0.97352
78.8 12.46718 14 0.97436
78.9 12.49869 14 0.97587
79.0 12.51790 14 0.97679
79.1 12.52347 14 0.97705
79.2 12.55704 14 0.97866
79.3 12.59656 14 0.98054
79.4 12.62513 14 0.98190
79.5 12.67406 14 0.98423
79.6 12.69934 14 0.98542
79.7 12.73372 14 0.98705
79.8 12.76176 14 0.98838
79.9 12.78895 14 0.98967
80.0 12.81507 14 0.99090
80.1 12.83513 14 0.99184
80.2 12.81025 14 0.99067
80.3 12.83215 14 0.99170
80.4 12.87474 14 0.99371
80.5 12.90702 14 0.99523
80.6 12.95075 14 0.99728
80.7 12.97675 14 0.99850
80.8 12.96333 14 0.99787
80.9 12.99019 14 0.99913
81.0 13.01562 14 1.00000
81.1 13.04414 14 1.00000
81.2 13.05287 14 1.00000
81.3 13.06387 14 1.00000
81.4 13.07304 14 1.00000
81.5 13.07510 14 1.00000
81.6 13.08992 14 1.00000
81.7 13.10718 14 1.00000
81.8 13.11494 14 1.00000
81.9 13.13462 14 1.00000
82.0 13.14475 14 1.00000
82.1 13.13811 14 1.00000
82.2 13.14286 14 1.00000
82.3 13.15070 14 1.00000
82.4 13.15913 14 1.00000
82.5 13.16830 14 1.00000
82.6 13.17681 14 1.00000
82.7 13.18574 14 1.00000
82.8 13.19466 14 1.00000
82.9 13.20733 14 1.00000
83.0 13.22247 14 1.00000
83.1 13.23766 14 1.00000
83.2 13.25409 14 1.00000
83.3 13.26703 14 1.00000
83.4 13.28159 14 1.00000
83.5 13.29058 14 1.00000
83.6 13.30647 14 1.00000
83.7 13.31903 14 1.00000
83.8 13.32932 14 1.00000
83.9 13.33652 14 1.00000
84.0 13.36324 14 1.00000
84.1 13.33336 14 1.00000
84.2 13.34885 14 1.00000
84.3 13.36489 14 1.00000
84.4 13.38787 14 1.00000
84.5 13.38591 14 1.00000
84.6 13.39212 14 1.00000
84.7 13.40505 14 1.00000
84.8 13.41666 14 1.00000
84.9 13.42716 14 1.00000
85.0 13.44577 14 1.00000
85.1 13.47207 14 1.00000
85.2 13.47824 14 1.00000
85.3 13.48965 14 1.00000
85.4 13.49925 14 1.00000
85.5 13.50806 14 1.00000
85.6 13.51257 14 1.00000
85.7 13.53360 14 1.00000
85.8 13.53580 14 1.00000
85.9 13.55821 14 1.00000
86.0 13.56940 14 1.00000
86.1 13.56134 14 1.00000
86.2 13.56358 14 1.00000
86.3 13.57281 14 1.00000
86.4 13.58114 14 1.00000
86.5 13.58691 14 1.00000
86.6 13.59283 14 1.00000
86.7 13.60106 14 1.00000
86.8 13.61139 14 1.00000
86.9 13.62556 14 1.00000
87.0 13.64172 14 1.00000
87.1 13.65721 14 1.00000
87.2 13.67222 14 1.00000
87.3 13.68485 14 1.00000
87.4 13.69636 14 1.00000
87.5 13.71279 14 1.00000
87.6 13.72679 14 1.00000
87.7 13.73209 14 1.00000
87.8 13.74549 14 1.00000
87.9 13.75691 14 1.00000
88.0 13.77430 14 1.00000
88.1 13.74893 14 1.00000
88.2 13.75869 14 1.00000
88.3 13.77756 14 1.00000
88.4 13.78751 14 1.00000
88.5 13.81287 14 1.00000
88.6 13.80991 14 1.00000
88.7 13.81670 14 1.00000
88.8 13.82872 14 1.00000
88.9 13.84402 14 1.00000
89.0 13.85581 14 1.00000
89.1 13.86442 14 1.00000
89.2 13.87465 14 1.00000
89.3 13.89205 14 1.00000
89.4 13.91963 14 1.00000
89.5 13.92552 14 1.00000
89.6 13.93692 14 1.00000
89.7 13.94535 14 1.00000
89.8 13.94880 14 1.00000
89.9 13.96012 14 1.00000
90.0 13.97225 14 1.00000
90.1 13.98103 14 1.00000
90.2 14.00752 14 1.00000
90.3 13.97924 14 1.00000
90.4 13.98712 14 1.00000
90.5 14.00474 14 1.00000
90.6 14.01644 14 1.00000
90.7 14.02299 14 1.00000
90.8 14.03138 14 1.00000
90.9 14.04038 14 1.00000
91.0 14.04858 14 1.00000
91.1 14.04889 14 1.00000
91.2 14.06219 14 1.00000
91.3 14.07184 14 1.00000
91.4 14.08821 14 1.00000
91.5 14.10181 14 1.00000
91.6 14.11605 14 1.00000
91.7 14.13600 14 1.00000
91.8 14.14665 14 1.00000
91.9 14.16334 14 1.00000
92.0 14.17464 14 1.00000
92.1 14.19016 14 1.00000
92.2 14.20230 14 1.00000
92.3 14.20899 14 1.00000
92.4 14.19012 14 1.00000
92.5 14.20218 14 1.00000
92.6 14.20878 14 1.00000
92.7 14.22505 14 1.00000
92.8 14.23597 14 1.00000
92.9 14.24425 14 1.00000
93.0 14.24947 14 1.00000
93.1 14.26304 14 1.00000
93.2 14.27049 14 1.00000
93.3 14.28482 14 1.00000
93.4 14.29132 14 1.00000
93.5 14.30390 14 1.00000
93.6 14.31574 14 1.00000
93.7 14.33249 14 1.00000
93.8 14.33764 14 1.00000
93.9 14.35452 14 1.00000
94.0 14.36536 14 1.00000
94.1 14.37409 14 1.00000
94.2 14.39524 14 1.00000
94.3 14.40835 14 1.00000
94.4 14.41789 14 1.00000
94.5 14.42620 14 1.00000
94.6 14.42981 14 1.00000
94.7 14.41673 14 1.00000
94.8 14.42066 14 1.00000
94.9 14.43087 14 1.00000
95.0 14.44234 14 1.00000
95.1 14.45481 14 1.00000
95.2 14.48145 14 1.00000
95.3 14.47813 14 1.00000
95.4 14.49203 14 1.00000
95.5 14.49656 14 1.00000
95.6 14.50181 14 1.00000
95.7 14.51572 14 1.00000
95.8 14.52506 14 1.00000
95.9 14.53289 14 1.00000
96.0 14.53571 14 1.00000
96.1 14.55538 14 1.00000
96.2 14.57049 14 1.00000
96.3 14.58518 14 1.00000
96.4 14.59741 14 1.00000
96.5 14.60479 14 1.00000
96.6 14.62685 14 1.00000
96.7 14.63872 14 1.00000
96.8 14.65429 14 1.00000
96.9 14.66703 14 1.00000
97.0 14.62866 14 1.00000
97.1 14.64990 14 1.00000
97.2 14.65942 14 1.00000
97.3 14.67670 14 1.00000
97.4 14.68862 14 1.00000
97.5 14.69942 14 1.00000
97.6 14.71104 14 1.00000
97.7 14.72170 14 1.00000
97.8 14.73000 14 1.00000
97.9 14.73492 14 1.00000
98.0 14.74168 14 1.00000
98.1 14.74581 14 1.00000
98.2 14.76111 14 1.00000
98.3 14.77356 14 1.00000
98.4 14.78518 14 1.00000
98.5 14.79644 14 1.00000
98.6 14.80733 14 1.00000
98.7 14.81795 14 1.00000
98.8 14.82787 14 1.00000
98.9 14.84193 14 1.00000
99.0 14.84344 14 1.00000
99.1 14.85635 14 1.00000
99.2 14.86517 14 1.00000
99.3 14.89493 14 1.00000
99.4 14.85107 14 1.00000
99.5 14.86073 14 1.00000
99.6 14.86763 14 1.00000
99.7 14.89199 14 1.00000
99.8 14.90640 14 1.00000
99.9 14.91409 14 1.00000
100.0 14.91511 14 1.00000
100.1 14.92824 14 1.00000
100.2 14.93817 14 1.00000
100.3 14.94992 14 1.00000
100.4 14.95407 14 1.00000
100.5 14.98252 14 1.00000
100.6 14.98409 14 1.00000
100.7 14.99223 14 1.00000
100.8 15.00269 14 1.00000
100.9 15.01093 14 1.00000
101.0 15.01315 14 1.00000
101.1 15.02688 14 1.00000
101.2 15.03543 14 1.00000
101.3 15.04473 14 1.00000
101.4 15.05902 14 1.00000
101.5 15.07190 14 1.00000
101.6 15.07997 14 1.00000
101.7 15.10203 14 1.00000
101.8 15.06415 14 1.00000
101.9 15.07802 14 1.00000
102.0 15.08719 14 1.00000
102.1 15.10509 14 1.00000
102.2 15.11934 14 1.00000
102.3 15.13059 14 1.00000
102.4 15.14281 14 1.00000
102.5 15.16213 14 1.00000
102.6 15.16762 14 1.00000
102.7 15.15938 14 1.00000
102.8 15.17237 14 1.00000
102.9 15.18478 14 1.00000
103.0 15.19560 14 1.00000
103.1 15.20472 14 1.00000
103.2 15.21369 14 1.00000
103.3 15.24587 14 1.00000
103.4 15.26024 14 1.00000
103.5 15.25203 14 1.00000
103.6 15.26548 14 1.00000
103.7 15.27715 14 1.00000
103.8 15.28815 14 1.00000
103.9 15.29904 14 1.00000
104.0 15.30984 14 1.00000
104.1 15.32048 14 1.00000
104.2 15.33113 14 1.00000
104.3 15.29982 14 1.00000
104.4 15.31052 14 1.00000
104.5 15.32107 14 1.00000
104.6 15.33162 14 1.00000
104.7 15.34203 14 1.00000
104.8 15.35202 14 1.00000
104.9 15.36110 14 1.00000
105.0 15.37234 14 1.00000
105.1 15.38280 14 1.00000
105.2 15.38824 14 1.00000
105.3 15.42100 14 1.00000
105.4 15.43133 14 1.00000
105.5 15.43608 14 1.00000
105.6 15.44139 14 1.00000
105.7 15.45249 14 1.00000
105.8 15.45126 14 1.00000
105.9 15.46835 14 1.00000
106.0 15.47719 14 1.00000
106.1 15.50178 14 1.00000
106.2 15.50670 14 1.00000
106.3 15.51491 14 1.00000
106.4 15.51654 14 1.00000
106.5 15.53063 14 1.00000
106.6 15.53957 14 1.00000
106.7 15.54303 14 1.00000
106.8 15.55548 14 1.00000
106.9 15.53023 14 1.00000
107.0 15.53805 14 1.00000
107.1 15.54403 14 1.00000
107.2 15.55445 14 1.00000
107.3 15.55375 14 1.00000
107.4 15.57013 14 1.00000
107.5 15.58354 14 1.00000
107.6 15.59476 14 1.00000
107.7 15.61032 14 1.00000
107.8 15.62514 14 1.00000
107.9 15.63621 14 1.00000
108.0 15.64460 14 1.00000
108.1 15.66730 14 1.00000
108.2 15.68185 14 1.00000
108.3 15.68760 14 1.00000
108.4 15.67628 14 1.00000
108.5 15.69149 14 1.00000
108.6 15.70533 14 1.00000
108.7 15.71818 14 1.00000
108.8 15.72277 14 1.00000
108.9 15.73279 14 1.00000
109.0 15.74150 14 1.00000
109.1 15.75837 14 1.00000
109.2 15.76563 14 1.00000
109.3 15.77078 14 1.00000
109.4 15.78781 14 1.00000
109.5 15.80279 14 1.00000
109.6 15.76283 14 1.00000
109.7 15.76935 14 1.00000
109.8 15.77796 14 1.00000
109.9 15.81073 14 1.00000
110.0 15.80918 14 1.00000
110.1 15.81971 14 1.00000
110.2 15.82408 14 1.00000
110.3 15.83352 14 1.00000
110.4 15.84332 14 1.00000
110.5 15.85335 14 1.00000
110.6 15.86390 14 1.00000
110.7 15.87647 14 1.00000
110.8 15.89176 14 1.00000
110.9 15.90176 14 1.00000
111.0 15.91150 14 1.00000
111.1 15.92055 14 1.00000
111.2 15.92710 14 1.00000
111.3 15.93741 14 1.00000
111.4 15.94070 14 1.00000
111.5 15.95873 14 1.00000
111.6 15.98922 14 1.00000
111.7 15.99210 14 1.00000
111.8 15.99988 14 1.00000
111.9 16.00911 14 1.00000
112.0 16.00974 14 1.00000
112.1 15.87716 14 1.00000
112.2 15.89215 14 1.00000
112.3 15.90311 14 1.00000
112.4 16.01146 14 1.00000
112.5 16.01593 14 1.00000
112.6 15.88318 14 1.00000
112.7 15.89552 14 1.00000
112.8 15.90635 14 1.00000
112.9 15.91571 14 1.00000
113.0 15.92370 14 1.00000
113.1 15.92911 14 1.00000
113.2 15.93864 14 1.00000
113.3 15.95407 14 1.00000
113.4 15.98665 14 1.00000
113.5 15.98921 14 1.00000
113.6 15.99963 14 1.00000
113.7 16.00575 14 1.00000
113.8 16.01174 14 1.00000
113.9 15.87258 14 1.00000
114.0 15.88912 14 1.00000
114.1 15.90123 14 1.00000
114.2 15.91083 14 1.00000
114.3 15.91984 14 1.00000
114.4 15.92724 14 1.00000
114.5 15.93754 14 1.00000
114.6 15.94292 14 1.00000
114.7 15.97494 14 1.00000
114.8 15.99050 14 1.00000
114.9 15.99789 14 1.00000
115.0 15.99670 14 1.00000
115.1 16.01194 14 1.00000
115.2 15.87032 14 1.00000
115.3 15.99040 14 1.00000
115.4 15.99852 14 1.00000
115.5 16.00061 14 1.00000
115.6 16.01191 14 1.00000
115.7 15.87120 14 1.00000
115.8 15.88938 14 1.00000
115.9 15.90137 14 1.00000
116.0 15.91209 14 1.00000
116.1 15.92082 14 1.00000
116.2 15.92824 14 1.00000
116.3 15.93828 14 1.00000
116.4 15.94861 14 1.00000
116.5 15.98608 14 1.00000
116.6 15.98851 14 1.00000
116.7 16.00027 14 1.00000
116.8 16.00817 14 1.00000
116.9 16.00991 14 1.00000
117.0 15.87865 14 1.00000
117.1 15.89541 14 1.00000
117.2 15.90606 14 1.00000
117.3 15.91650 14 1.00000
117.4 15.92585 14 1.00000
117.5 15.93723 14 1.00000
117.6 15.94249 14 1.00000
117.7 15.97542 14 1.00000
117.8 15.99042 14 1.00000
117.9 15.99924 14 1.00000
118.0 16.00614 14 1.00000
118.1 16.00961 14 1.00000
118.2 15.87906 14 1.00000
118.3 15.99041 14 1.00000
118.4 15.99803 14 1.00000
118.5 15.99657 14 1.00000
118.6 16.01136 14 1.00000
118.7 15.87556 14 1.00000
118.8 15.89073 14 1.00000
118.9 15.90528 14 1.00000
119.0 15.91567 14 1.00000
119.1 15.92604 14 1.00000
119.2 15.93727 14 1.00000
119.3 15.94607 14 1.00000
119.4 15.97970 14 1.00000
119.5 15.98822 14 1.00000
119.6 16.00019 14 1.00000
119.7 16.01094 14 1.00000
119.8 16.01633 14 1.00000
119.9 15.88774 14 1.00000
120.0 15.90255 14 1.00000
120.1 15.91422 14 1.00000
120.2 15.92509 14 1.00000
120.3 15.93719 14 1.00000
120.4 15.94511 14 1.00000
120.5 15.98591 14 1.00000
120.6 15.98664 14 1.00000
120.7 15.99901 14 1.00000
120.8 16.01183 14 1.00000
120.9 15.87237 14 1.00000
121.0 15.89119 14 1.00000
121.1 15.90687 14 1.00000
121.2 15.91927 14 1.00000
121.3 15.92849 14 1.00000
121.4 16.00965 14 1.00000
121.5 15.88240 14 1.00000
121.6 15.90210 14 1.00000
121.7 15.91371 14 1.00000
121.8 15.92542 14 1.00000
121.9 15.93741 14 1.00000
122.0 15.94935 14 1.00000
122.1 15.98794 14 1.00000
122.2 15.99655 14 1.00000
122.3 15.99799 14 1.00000
122.4 16.00906 14 1.00000
122.5 15.88190 14 1.00000
122.6 15.90297 14 1.00000
122.7 15.91559 14 1.00000
122.8 15.92719 14 1.00000
122.9 15.93851 14 1.00000
123.0 15.95810 14 1.00000
123.1 15.98923 14 1.00000
123.2 15.99827 14 1.00000
123.3 16.01146 14 1.00000
123.4 15.87888 14 1.00000
123.5 15.90236 14 1.00000
123.6 15.91605 14 1.00000
123.7 15.92840 14 1.00000
123.8 15.93948 14 1.00000
123.9 15.98693 14 1.00000
124.0 15.99726 14 1.00000
124.1 16.00850 14 1.00000
124.2 15.87662 14 1.00000
124.3 15.90206 14 1.00000
124.4 15.91779 14 1.00000
124.5 15.92804 14 1.00000
124.6 16.00028 14 1.00000
124.7 16.01181 14 1.00000
124.8 15.87931 14 1.00000
124.9 15.90358 14 1.00000
125.0 15.91907 14 1.00000
125.1 15.93717 14 1.00000
125.2 15.95851 14 1.00000
125.3 15.99608 14 1.00000
125.4 16.00980 14 1.00000
125.5 15.87724 14 1.00000
125.6 15.90239 14 1.00000
125.7 15.91804 14 1.00000
125.8 15.92873 14 1.00000
125.9 15.95746 14 1.00000
126.0 15.99209 14 1.00000
126.1 15.87959 14 1.00000
126.2 15.90369 14 1.00000
126.3 15.92000 14 1.00000
126.4 15.93717 14 1.00000
126.5 15.95846 14 1.00000
126.6 15.99599 14 1.00000
126.7 16.00977 14 1.00000
126.8 15.87707 14 1.00000
126.9 15.90223 14 1.00000
127.0 15.91785 14 1.00000
127.1 15.92918 14 1.00000
127.2 15.95506 14 1.00000
127.3 15.98735 14 1.00000
127.4 15.87904 14 1.00000
127.5 15.90331 14 1.00000
127.6 15.91873 14 1.00000
127.7 15.93704 14 1.00000
127.8 15.95791 14 1.00000
127.9 15.99432 14 1.00000
128.0 16.00836 14 1.00000
128.1 15.87609 14 1.00000
128.2 15.90157 14 1.00000
128.3 15.91614 14 1.00000
128.4 15.92901 14 1.00000
128.5 15.95076 14 1.00000
128.6 15.98870 14 1.00000
128.7 15.87767 14 1.00000
128.8 15.90244 14 1.00000
128.9 15.91790 14 1.00000
129.0 15.92916 14 1.00000
129.1 15.95270 14 1.00000
129.2 15.98810 14 1.00000
129.3 16.00637 14 1.00000
129.4 15.87085 14 1.00000
129.5 15.90042 14 1.00000
129.6 15.91503 14 1.00000
129.7 15.92830 14 1.00000
129.8 15.94685 14 1.00000
129.9 15.99045 14 1.00000
130.0 15.87198 14 1.00000
130.1 15.90109 14 1.00000
130.2 15.91556 14 1.00000
130.3 15.92880 14 1.00000
130.4 15.94792 14 1.00000
130.5 15.99047 14 1.00000
130.6 15.99634 14 1.00000
130.7 16.01937 14 1.00000
130.8 15.89156 14 1.00000
130.9 15.91108 14 1.00000
131.0 15.92639 14 1.00000
131.1 15.93880 14 1.00000
131.2 15.98833 14 1.00000
131.3 16.01991 14 1.00000
131.4 15.89471 14 1.00000
131.5 15.91381 14 1.00000
131.6 15.92712 14 1.00000
131.7 15.93880 14 1.00000
131.8 15.98823 14 1.00000
131.9 15.99790 14 1.00000
132.0 16.00949 14 1.00000
132.1 15.88950 14 1.00000
132.2 15.90690 14 1.00000
132.3 15.92506 14 1.00000
132.4 15.93833 14 1.00000
132.5 15.98361 14 1.00000
132.6 16.01102 14 1.00000
132.7 15.88979 14 1.00000
132.8 15.90708 14 1.00000
132.9 15.92511 14 1.00000
133.0 15.93833 14 1.00000
133.1 15.98145 14 1.00000
133.2 15.99746 14 1.00000
133.3 16.01185 14 1.00000
133.4 15.87920 14 1.00000
133.5 15.90324 14 1.00000
133.6 15.91851 14 1.00000
133.7 15.92938 14 1.00000
133.8 15.95766 14 1.00000
133.9 15.99352 14 1.00000
134.0 15.87938 14 1.00000
134.1 15.90324 14 1.00000
134.2 15.91843 14 1.00000
134.3 15.92877 14 1.00000
134.4 15.95329 14 1.00000
134.5 15.98740 14 1.00000
134.6 16.00652 14 1.00000
134.7 15.87079 14 1.00000
134.8 15.89913 14 1.00000
134.9 15.91459 14 1.00000
135.0 15.92749 14 1.00000
135.1 15.94529 14 1.00000
135.2 15.98967 14 1.00000
135.3 15.87067 14 1.00000
135.4 15.89895 14 1.00000
135.5 15.91433 14 1.00000
135.6 15.92732 14 1.00000
135.7 15.94070 14 1.00000
135.8 15.98850 14 1.00000
135.9 15.99756 14 1.00000
136.0 16.00978 14 1.00000
136.1 15.88942 14 1.00000
136.2 15.90559 14 1.00000
136.3 15.92480 14 1.00000
136.4 15.93824 14 1.00000
136.5 15.98101 14 1.00000
136.6 16.00894 14 1.00000
136.7 15.88300 14 1.00000
136.8 15.90516 14 1.00000
136.9 15.92444 14 1.00000
137.0 15.93798 14 1.00000
137.1 15.95887 14 1.00000
137.2 15.99642 14 1.00000
137.3 16.00990 14 1.00000
137.4 15.87671 14 1.00000
137.5 15.90157 14 1.00000
137.6 15.91580 14 1.00000
137.7 15.92881 14 1.00000
137.8 15.94897 14 1.00000
137.9 15.99038 14 1.00000
138.0 15.87227 14 1.00000
138.1 15.90097 14 1.00000
138.2 15.91515 14 1.00000
138.3 15.92768 14 1.00000
138.4 15.94553 14 1.00000
138.5 15.98972 14 1.00000
138.6 15.99644 14 1.00000
138.7 16.01222 14 1.00000
138.8 15.88991 14 1.00000
138.9 15.90702 14 1.00000
139.0 15.92497 14 1.00000
139.1 15.93834 14 1.00000
139.2 15.98275 14 1.00000
139.3 16.00943 14 1.00000
139.4 15.88311 14 1.00000
139.5 15.90511 14 1.00000
139.6 15.92377 14 1.00000
139.7 15.93725 14 1.00000
139.8 15.95883 14 1.00000
139.9 15.99621 14 1.00000
140.0 16.00867 14 1.00000
140.1 15.87234 14 1.00000
140.2 15.90100 14 1.00000
140.3 15.91517 14 1.00000
140.4 15.92824 14 1.00000
140.5 15.94702 14 1.00000
140.6 15.98989 14 1.00000
140.7 15.87099 14 1.00000
140.8 15.89896 14 1.00000
140.9 15.91414 14 1.00000
141.0 15.92653 14 1.00000
141.1 15.93880 14 1.00000
141.2 15.98822 14 1.00000
141.3 15.99850 14 1.00000
141.4 16.00974 14 1.00000
141.5 15.88176 14 1.00000
141.6 15.90437 14 1.00000
141.7 15.91925 14 1.00000
141.8 15.93720 14 1.00000
141.9 15.95850 14 1.00000
142.0 15.99584 14 1.00000
142.1 15.87973 14 1.00000
142.2 15.90314 14 1.00000
142.3 15.91805 14 1.00000
142.4 15.92908 14 1.00000
142.5 15.95189 14 1.00000
142.6 15.98880 14 1.00000
142.7 15.99825 14 1.00000
142.8 16.01952 14 1.00000
142.9 15.89125 14 1.00000
143.0 15.91033 14 1.00000
143.1 15.92565 14 1.00000
143.2 15.93873 14 1.00000
143.3 15.98656 14 1.00000
143.4 16.01347 14 1.00000
143.5 15.88993 14 1.00000
143.6 15.90573 14 1.00000
143.7 15.92465 14 1.00000
143.8 15.93807 14 1.00000
143.9 15.97603 14 1.00000
144.0 15.99649 14 1.00000
144.1 16.00881 14 1.00000
144.2 15.87237 14 1.00000
144.3 15.90087 14 1.00000
144.4 15.91491 14 1.00000
144.5 15.92768 14 1.00000
144.6 15.94627 14 1.00000
144.7 15.98967 14 1.00000
144.8 15.87014 14 1.00000
144.9 15.89202 14 1.00000
145.0 15.91092 14 1.00000
145.1 15.92593 14 1.00000
145.2 15.93874 14 1.00000
145.3 15.98669 14 1.00000
145.4 15.99889 14 1.00000
145.5 16.01191 14 1.00000
145.6 15.87914 14 1.00000
145.7 15.90273 14 1.00000
145.8 15.91658 14 1.00000
145.9 15.92911 14 1.00000
146.0 15.95175 14 1.00000
146.1 15.98895 14 1.00000
146.2 15.87263 14 1.00000
146.3 15.90090 14 1.00000
146.4 15.91480 14 1.00000
146.5 15.92736 14 1.00000
146.6 15.94071 14 1.00000
146.7 15.98859 14 1.00000
146.8 15.99796 14 1.00000
146.9 16.00960 14 1.00000
147.0 15.88160 14 1.00000
147.1 15.90408 14 1.00000
147.2 15.91880 14 1.00000
147.3 15.93711 14 1.00000
147.4 15.95802 14 1.00000
147.5 15.98670 14 1.00000
147.6 15.87823 14 1.00000
147.7 15.90205 14 1.00000
147.8 15.91582 14 1.00000
147.9 15.92833 14 1.00000
148.0 15.94760 14 1.00000
148.1 15.98992 14 1.00000
148.2 15.99640 14 1.00000
148.3 16.01074 14 1.00000
148.4 15.88324 14 1.00000
148.5 15.90491 14 1.00000
148.6 15.92036 14 1.00000
148.7 15.93801 14 1.00000
148.8 15.95881 14 1.00000
148.9 15.99589 14 1.00000
149.0 15.87939 14 1.00000
149.1 15.90268 14 1.00000
149.2 15.91635 14 1.00000
149.3 15.92883 14 1.00000
149.4 15.94967 14 1.00000
149.5 15.99017 14 1.00000
149.6 15.99545 14 1.00000
149.7 16.01266 14 1.00000
149.8 15.88959 14 1.00000
149.9 15.90525 14 1.00000
150.0 15.92060 14 1.00000
150.1 15.93812 14 1.00000
150.2 15.95900 14 1.00000
150.3 15.99610 14 1.00000
150.4 15.87973 14 1.00000
150.5 15.90283 14 1.00000
150.6 15.91644 14 1.00000
150.7 15.92885 14 1.00000
150.8 15.95000 14 1.00000
150.9 15.99020 14 1.00000
151.0 15.99543 14 1.00000
151.1 16.01247 14 1.00000
151.2 15.88950 14 1.00000
151.3 15.90511 14 1.00000
151.4 15.92044 14 1.00000
151.5 15.93808 14 1.00000
151.6 15.95893 14 1.00000
151.7 15.99590 14 1.00000
151.8 15.87925 14 1.00000
151.9 15.90250 14 1.00000
152.0 15.91609 14 1.00000
152.1 15.92838 14 1.00000
152.2 15.94855 14 1.00000
152.3 15.99001 14 1.00000
152.4 15.99635 14 1.00000
152.5 16.01023 14 1.00000
152.6 15.88273 14 1.00000
152.7 15.90449 14 1.00000
152.8 15.91899 14 1.00000
152.9 15.93724 14 1.00000
153.0 15.95826 14 1.00000
153.1 15.98662 14 1.00000
153.2 15.87796 14 1.00000
153.3 15.90168 14 1.00000
153.4 15.91529 14 1.00000
153.5 15.92749 14 1.00000
153.6 15.94630 14 1.00000
153.7 15.98951 14 1.00000
153.8 15.99779 14 1.00000
153.9 16.00883 14 1.00000
154.0 15.88092 14 1.00000
154.1 15.90345 14 1.00000
154.2 15.91800 14 1.00000
154.3 15.92707 14 1.00000
154.4 15.95384 14 1.00000
154.5 15.98862 14 1.00000
154.6 15.87251 14 1.00000
154.7 15.89948 14 1.00000
154.8 15.91416 14 1.00000
154.9 15.92625 14 1.00000
155.0 15.93880 14 1.00000
155.1 15.98728 14 1.00000
155.2 15.99975 14 1.00000
155.3 16.01191 14 1.00000
155.4 15.87860 14 1.00000
155.5 15.90206 14 1.00000
155.6 15.91562 14 1.00000
155.7 15.92900 14 1.00000
155.8 15.94908 14 1.00000
155.9 15.98996 14 1.00000
156.0 15.87038 14 1.00000
156.1 15.89177 14 1.00000
156.2 15.91029 14 1.00000
156.3 15.92529 14 1.00000
156.4 15.93855 14 1.00000
156.5 15.98486 14 1.00000
156.6 15.99724 14 1.00000
156.7 16.00909 14 1.00000
156.8 15.87225 14 1.00000
156.9 15.89929 14 1.00000
157.0 15.91159 14 1.00000
157.1 15.92751 14 1.00000
157.2 15.93879 14 1.00000
157.3 15.98823 14 1.00000
157.4 16.01646 14 1.00000
157.5 15.89001 14 1.00000
157.6 15.90531 14 1.00000
157.7 15.91951 14 1.00000
157.8 15.93759 14 1.00000
157.9 15.95876 14 1.00000
158.0 15.99548 14 1.00000
158.1 16.00639 14 1.00000
158.2 16.01984 14 1.00000
158.3 15.89103 14 1.00000
158.4 15.90749 14 1.00000
158.5 15.92569 14 1.00000
158.6 15.93853 14 1.00000
158.7 15.98385 14 1.00000
158.8 16.00953 14 1.00000
158.9 15.88082 14 1.00000
159.0 15.90315 14 1.00000
159.1 15.91646 14 1.00000
159.2 15.92909 14 1.00000
159.3 15.95147 14 1.00000
159.4 15.99026 14 1.00000
159.5 15.99573 14 1.00000
159.6 16.01051 14 1.00000
159.7 15.88240 14 1.00000
159.8 15.90406 14 1.00000
159.9 15.91889 14 1.00000
160.0 15.93724 14 1.00000
160.1 15.95801 14 1.00000
160.2 15.98764 14 1.00000
160.3 15.87306 14 1.00000
160.4 15.89965 14 1.00000
160.5 15.91175 14 1.00000
160.6 15.92623 14 1.00000
160.7 15.93879 14 1.00000
160.8 15.98738 14 1.00000
160.9 15.99908 14 1.00000
161.0 16.01188 14 1.00000
161.1 15.87783 14 1.00000
161.2 15.90139 14 1.00000
161.3 15.91482 14 1.00000
161.4 15.92892 14 1.00000
161.5 15.94762 14 1.00000
161.6 15.98959 14 1.00000
161.7 16.01968 14 1.00000
161.8 15.89067 14 1.00000
161.9 15.90590 14 1.00000
162.0 15.92073 14 1.00000
162.1 15.93833 14 1.00000
162.2 15.97575 14 1.00000
162.3 15.99609 14 1.00000
162.4 16.00678 14 1.00000
162.5 16.02011 14 1.00000
162.6 15.89118 14 1.00000
162.7 15.90749 14 1.00000
162.8 15.92602 14 1.00000
162.9 15.93858 14 1.00000
163.0 15.98479 14 1.00000
163.1 16.00952 14 1.00000
163.2 15.88057 14 1.00000
163.3 15.90287 14 1.00000
163.4 15.91607 14 1.00000
163.5 15.92909 14 1.00000
163.6 15.95103 14 1.00000
163.7 15.99014 14 1.00000
163.8 15.99653 14 1.00000
163.9 16.00915 14 1.00000
164.0 15.88111 14 1.00000
164.1 15.90320 14 1.00000
164.2 15.91835 14 1.00000
164.3 15.93707 14 1.00000
164.4 15.95391 14 1.00000
164.5 15.99022 14 1.00000
164.6 15.87159 14 1.00000
164.7 15.89232 14 1.00000
164.8 15.91053 14 1.00000
164.9 15.92563 14 1.00000
165.0 15.93878 14 1.00000
165.1 15.98533 14 1.00000
165.2 15.99743 14 1.00000
165.3 16.00906 14 1.00000
165.4 15.87175 14 1.00000
165.5 15.89247 14 1.00000
165.6 15.91110 14 1.00000
165.7 15.92750 14 1.00000
165.8 15.93880 14 1.00000
165.9 15.98695 14 1.00000
166.0 16.01195 14 1.00000
166.1 15.88252 14 1.00000
166.2 15.90385 14 1.00000
166.3 15.91830 14 1.00000
166.4 15.93710 14 1.00000
166.5 15.95410 14 1.00000
166.6 15.98879 14 1.00000
166.7 15.99671 14 1.00000
166.8 16.01160 14 1.00000
166.9 15.88244 14 1.00000
167.0 15.90405 14 1.00000
167.1 15.91954 14 1.00000
167.2 15.93729 14 1.00000
167.3 15.95808 14 1.00000
167.4 15.98795 14 1.00000
167.5 15.87245 14 1.00000
167.6 15.89548 14 1.00000
167.7 15.91111 14 1.00000
167.8 15.92616 14 1.00000
167.9 15.93880 14 1.00000
168.0 15.98692 14 1.00000
168.1 15.99775 14 1.00000
168.2 16.01022 14 1.00000
168.3 15.87211 14 1.00000
168.4 15.89395 14 1.00000
168.5 15.91174 14 1.00000
168.6 15.92767 14 1.00000
168.7 15.93879 14 1.00000
168.8 15.98718 14 1.00000
168.9 16.01237 14 1.00000
169.0 15.88253 14 1.00000
169.1 15.90376 14 1.00000
169.2 15.91851 14 1.00000
169.3 15.93714 14 1.00000
169.4 15.95415 14 1.00000
169.5 15.98885 14 1.00000
169.6 15.99695 14 1.00000
169.7 16.01063 14 1.00000
169.8 15.88186 14 1.00000
169.9 15.90406 14 1.00000
170.0 15.91947 14 1.00000
170.1 15.93726 14 1.00000
170.2 15.95781 14 1.00000
170.3 15.98855 14 1.00000
170.4 15.87178 14 1.00000
170.5 15.89226 14 1.00000
170.6 15.91071 14 1.00000
170.7 15.92599 14 1.00000
170.8 15.93878 14 1.00000
170.9 15.98536 14 1.00000
171.0 15.99731 14 1.00000
171.1 16.00880 14 1.00000
171.2 15.87099 14 1.00000
171.3 15.89219 14 1.00000
171.4 15.91106 14 1.00000
171.5 15.92683 14 1.00000
171.6 15.93879 14 1.00000
171.7 15.98538 14 1.00000
171.8 16.00895 14 1.00000
171.9 15.88079 14 1.00000
172.0 15.90314 14 1.00000
172.1 15.91663 14 1.00000
172.2 15.92924 14 1.00000
172.3 15.95191 14 1.00000
172.4 15.99013 14 1.00000
172.5 15.99703 14 1.00000
172.6 16.01071 14 1.00000
172.7 15.88000 14 1.00000
172.8 15.90314 14 1.00000
172.9 15.91823 14 1.00000
173.0 15.92706 14 1.00000
173.1 15.95144 14 1.00000
173.2 15.99004 14 1.00000
173.3 16.02012 14 1.00000
173.4 15.89100 14 1.00000
173.5 15.90755 14 1.00000
173.6 15.92514 14 1.00000
173.7 15.93848 14 1.00000
173.8 15.97523 14 1.00000
173.9 15.99603 14 1.00000
174.0 16.00639 14 1.00000
174.1 16.01955 14 1.00000
174.2 15.89064 14 1.00000
174.3 15.90637 14 1.00000
174.4 15.92588 14 1.00000
174.5 15.93846 14 1.00000
174.6 15.97568 14 1.00000
174.7 15.99575 14 1.00000
174.8 15.87804 14 1.00000
174.9 15.90145 14 1.00000
175.0 15.91500 14 1.00000
175.1 15.92764 14 1.00000
175.2 15.94631 14 1.00000
175.3 15.98836 14 1.00000
175.4 15.99826 14 1.00000
175.5 16.01054 14 1.00000
175.6 15.87511 14 1.00000
175.7 15.90119 14 1.00000
175.8 15.91496 14 1.00000
175.9 15.92801 14 1.00000
176.0 15.94070 14 1.00000
176.1 15.98736 14 1.00000
176.2 16.01236 14 1.00000
176.3 15.88293 14 1.00000
176.4 15.90440 14 1.00000
176.5 15.91889 14 1.00000
176.6 15.93721 14 1.00000
176.7 15.95412 14 1.00000
176.8 15.99026 14 1.00000
176.9 15.99594 14 1.00000
177.0 16.00963 14 1.00000
177.1 15.88219 14 1.00000
177.2 15.90402 14 1.00000
177.3 15.91907 14 1.00000
177.4 15.93713 14 1.00000
177.5 15.95313 14 1.00000
177.6 15.99020 14 1.00000
177.7 15.87076 14 1.00000
177.8 15.89177 14 1.00000
177.9 15.90816 14 1.00000
178.0 15.92545 14 1.00000
178.1 15.93857 14 1.00000
178.2 15.97479 14 1.00000
178.3 15.99612 14 1.00000
178.4 16.00676 14 1.00000
178.5 16.02004 14 1.00000
178.6 15.89125 14 1.00000
178.7 15.90768 14 1.00000
178.8 15.92595 14 1.00000
178.9 15.93846 14 1.00000
179.0 15.97607 14 1.00000
179.1 15.99591 14 1.00000
179.2 15.87852 14 1.00000
179.3 15.90161 14 1.00000
179.4 15.91502 14 1.00000
179.5 15.92760 14 1.00000
179.6 15.94069 14 1.00000
179.7 15.98737 14 1.00000
179.8 15.99824 14 1.00000
179.9 16.01057 14 1.00000
180.0 15.87340 14 1.00000
180.1 15.89996 14 1.00000
180.2 15.91466 14 1.00000
180.3 15.92782 14 1.00000
180.4 15.93879 14 1.00000
180.5 15.98583 14 1.00000
180.6 16.01167 14 1.00000
180.7 15.88241 14 1.00000
180.8 15.90399 14 1.00000
180.9 15.91841 14 1.00000
181.0 15.92699 14 1.00000
181.1 15.95220 14 1.00000
181.2 15.99016 14 1.00000
181.3 15.99660 14 1.00000
181.4 16.00934 14 1.00000
181.5 15.88070 14 1.00000
181.6 15.90329 14 1.00000
181.7 15.91690 14 1.00000
181.8 15.92920 14 1.00000
181.9 15.95013 14 1.00000
182.0 15.98994 14 1.00000
182.1 16.02011 14 1.00000
182.2 15.89095 14 1.00000
182.3 15.90619 14 1.00000
182.4 15.92112 14 1.00000
182.5 15.93826 14 1.00000
182.6 15.95895 14 1.00000
182.7 15.98606 14 1.00000
182.8 16.00056 14 1.00000
182.9 16.01808 14 1.00000
183.0 15.88999 14 1.00000
183.1 15.90539 14 1.00000
183.2 15.92483 14 1.00000
183.3 15.93767 14 1.00000
183.4 15.95847 14 1.00000
183.5 15.98770 14 1.00000
183.6 15.87260 14 1.00000
183.7 15.89928 14 1.00000
183.8 15.91132 14 1.00000
183.9 15.92601 14 1.00000
184.0 15.93878 14 1.00000
184.1 15.98533 14 1.00000
184.2 15.99708 14 1.00000
184.3 16.00763 14 1.00000
184.4 15.87089 14 1.00000
184.5 15.89194 14 1.00000
184.6 15.91046 14 1.00000
184.7 15.92635 14 1.00000
184.8 15.93862 14 1.00000
184.9 15.98378 14 1.00000
185.0 16.01077 14 1.00000
185.1 15.87955 14 1.00000
185.2 15.90205 14 1.00000
185.3 15.91528 14 1.00000
185.4 15.92783 14 1.00000
185.5 15.94748 14 1.00000
185.6 15.98860 14 1.00000
185.7 15.99990 14 1.00000
185.8 16.01081 14 1.00000
185.9 15.87536 14 1.00000
186.0 15.90002 14 1.00000
186.1 15.91479 14 1.00000
186.2 15.92800 14 1.00000
186.3 15.93877 14 1.00000
186.4 15.98743 14 1.00000
186.5 16.01248 14 1.00000
186.6 15.88245 14 1.00000
186.7 15.90386 14 1.00000
186.8 15.91835 14 1.00000
186.9 15.92752 14 1.00000
187.0 15.95330 14 1.00000
187.1 15.99022 14 1.00000
187.2 15.99662 14 1.00000
187.3 16.01048 14 1.00000
187.4 15.88012 14 1.00000
187.5 15.90282 14 1.00000
187.6 15.91695 14 1.00000
187.7 15.92924 14 1.00000
187.8 15.95003 14 1.00000
187.9 15.98984 14 1.00000
188.0 16.01977 14 1.00000
188.1 15.89052 14 1.00000
188.2 15.90576 14 1.00000
188.3 15.92102 14 1.00000
188.4 15.93825 14 1.00000
188.5 15.95874 14 1.00000
188.6 15.98688 14 1.00000
188.7 15.99687 14 1.00000
188.8 16.01315 14 1.00000
188.9 15.88402 14 1.00000
189.0 15.90490 14 1.00000
189.1 15.92108 14 1.00000
189.2 15.93730 14 1.00000
189.3 15.95794 14 1.00000
189.4 15.99017 14 1.00000
189.5 15.87171 14 1.00000
189.6 15.89234 14 1.00000
189.7 15.91070 14 1.00000
189.8 15.92568 14 1.00000
189.9 15.93862 14 1.00000
190.0 15.98463 14 1.00000
190.1 15.99640 14 1.00000
190.2 16.00699 14 1.00000
190.3 16.02020 14 1.00000
190.4 15.89135 14 1.00000
190.5 15.90769 14 1.00000
190.6 15.92584 14 1.00000
190.7 15.93842 14 1.00000
190.8 15.95936 14 1.00000
190.9 15.99582 14 1.00000
191.0 15.87820 14 1.00000
191.1 15.90030 14 1.00000
191.2 15.91470 14 1.00000
191.3 15.92673 14 1.00000
191.4 15.93879 14 1.00000
191.5 15.98602 14 1.00000
191.6 15.99774 14 1.00000
191.7 16.00932 14 1.00000
191.8 15.87216 14 1.00000
191.9 15.89286 14 1.00000
192.0 15.91137 14 1.00000
192.1 15.92682 14 1.00000
192.2 15.93878 14 1.00000
192.3 15.98517 14 1.00000
192.4 16.00914 14 1.00000
192.5 15.88076 14 1.00000
192.6 15.90279 14 1.00000
192.7 15.91620 14 1.00000
192.8 15.92895 14 1.00000
192.9 15.94865 14 1.00000
193.0 15.98890 14 1.00000
193.1 16.00011 14 1.00000
193.2 16.01193 14 1.00000
193.3 15.87848 14 1.00000
193.4 15.90171 14 1.00000
193.5 15.91540 14 1.00000
193.6 15.92864 14 1.00000
193.7 15.94069 14 1.00000
193.8 15.98842 14 1.00000
193.9 16.01450 14 1.00000
194.0 15.88333 14 1.00000
194.1 15.90437 14 1.00000
194.2 15.91865 14 1.00000
194.3 15.93718 14 1.00000
194.4 15.95409 14 1.00000
194.5 15.99032 14 1.00000
194.6 15.99606 14 1.00000
194.7 16.00907 14 1.00000
194.8 15.88085 14 1.00000
194.9 15.90305 14 1.00000
195.0 15.91843 14 1.00000
195.1 15.92699 14 1.00000
195.2 15.95131 14 1.00000
195.3 15.99006 14 1.00000
195.4 16.02001 14 1.00000
195.5 15.89074 14 1.00000
195.6 15.90588 14 1.00000
195.7 15.92117 14 1.00000
195.8 15.93831 14 1.00000
195.9 15.95904 14 1.00000
196.0 15.98608 14 1.00000
196.1 15.99995 14 1.00000
196.2 16.01551 14 1.00000
196.3 15.88458 14 1.00000
196.4 15.90501 14 1.00000
196.5 15.92122 14 1.00000
196.6 15.93733 14 1.00000
196.7 15.95822 14 1.00000
196.8 15.98830 14 1.00000
196.9 15.87194 14 1.00000
197.0 15.89257 14 1.00000
197.1 15.91097 14 1.00000
197.2 15.92574 14 1.00000
197.3 15.93876 14 1.00000
197.4 15.98494 14 1.00000
197.5 15.99663 14 1.00000
197.6 16.00707 14 1.00000
197.7 15.87016 14 1.00000
197.8 15.89158 14 1.00000
197.9 15.90773 14 1.00000
198.0 15.92597 14 1.00000
198.1 15.93846 14 1.00000
198.2 15.97556 14 1.00000
198.3 15.99586 14 1.00000
198.4 15.87840 14 1.00000
198.5 15.90152 14 1.00000
198.6 15.91493 14 1.00000
198.7 15.92677 14 1.00000
198.8 15.93878 14 1.00000
198.9 15.98723 14 1.00000
199.0 15.99794 14 1.00000
199.1 16.00938 14 1.00000
199.2 15.87239 14 1.00000
199.3 15.89442 14 1.00000
199.4 15.91183 14 1.00000
199.5 15.92687 14 1.00000
199.6 15.93879 14 1.00000
199.7 15.98538 14 1.00000
199.8 16.00946 14 1.00000
199.9 15.88100 14 1.00000
200.0 15.90321 14 1.00000
200.1 15.91645 14 1.00000
200.2 15.92908 14 1.00000
200.3 15.94991 14 1.00000
200.4 15.98905 14 1.00000
200.5 15.99805 14 1.00000
200.6 16.01192 14 1.00000
200.7 15.87883 14 1.00000
200.8 15.90199 14 1.00000
200.9 15.91571 14 1.00000
201.0 15.92907 14 1.00000
201.1 15.94653 14 1.00000
201.2 15.98864 14 1.00000
201.3 16.01658 14 1.00000
201.4 15.88373 14 1.00000
201.5 15.90465 14 1.00000
201.6 15.91896 14 1.00000
201.7 15.93729 14 1.00000
201.8 15.95810 14 1.00000
201.9 15.99024 14 1.00000
202.0 15.99566 14 1.00000
202.1 16.01034 14 1.00000
202.2 15.88140 14 1.00000
202.3 15.90413 14 1.00000
202.4 15.91884 14 1.00000
202.5 15.93713 14 1.00000
202.6 15.95345 14 1.00000
202.7 15.99026 14 1.00000
202.8 15.87073 14 1.00000
202.9 15.89159 14 1.00000
203.0 15.90783 14 1.00000
203.1 15.92529 14 1.00000
203.2 15.93847 14 1.00000
203.3 15.97557 14 1.00000
203.4 15.99589 14 1.00000
203.5 16.00323 14 1.00000
203.6 16.01973 14 1.00000
203.7 15.89065 14 1.00000
203.8 15.90601 14 1.00000
203.9 15.92534 14 1.00000
204.0 15.93827 14 1.00000
204.1 15.95901 14 1.00000
204.2 15.98716 14 1.00000
204.3 15.87336 14 1.00000
204.4 15.90001 14 1.00000
204.5 15.91199 14 1.00000
204.6 15.92640 14 1.00000
204.7 15.93879 14 1.00000
204.8 15.98567 14 1.00000
204.9 15.99765 14 1.00000
205.0 16.00794 14 1.00000
205.1 15.87179 14 1.00000
205.2 15.89254 14 1.00000
205.3 15.91124 14 1.00000
205.4 15.92665 14 1.00000
205.5 15.93877 14 1.00000
205.6 15.98511 14 1.00000
205.7 15.99728 14 1.00000
205.8 15.88043 14 1.00000
205.9 15.90280 14 1.00000
206.0 15.91614 14 1.00000
206.1 15.92900 14 1.00000
206.2 15.94963 14 1.00000
206.3 15.98890 14 1.00000
206.4 15.99997 14 1.00000
206.5 16.01193 14 1.00000
206.6 15.87864 14 1.00000
206.7 15.90200 14 1.00000
206.8 15.91584 14 1.00000
206.9 15.92907 14 1.00000
207.0 15.94719 14 1.00000
207.1 15.98864 14 1.00000
207.2 16.01728 14 1.00000
207.3 15.88371 14 1.00000
207.4 15.90477 14 1.00000
207.5 15.91917 14 1.00000
207.6 15.93731 14 1.00000
207.7 15.95833 14 1.00000
207.8 15.98999 14 1.00000
207.9 15.99677 14 1.00000
208.0 16.01184 14 1.00000
208.1 15.88267 14 1.00000
208.2 15.90448 14 1.00000
208.3 15.91960 14 1.00000
208.4 15.93721 14 1.00000
208.5 15.95451 14 1.00000
208.6 15.99026 14 1.00000
208.7 15.87142 14 1.00000
208.8 15.89220 14 1.00000
208.9 15.90829 14 1.00000
209.0 15.92566 14 1.00000
209.1 15.93862 14 1.00000
209.2 15.98481 14 1.00000
209.3 15.99670 14 1.00000
209.4 16.00714 14 1.00000
209.5 15.87027 14 1.00000
209.6 15.89165 14 1.00000
209.7 15.90779 14 1.00000
209.8 15.92614 14 1.00000
209.9 15.93847 14 1.00000
210.0 15.97454 14 1.00000
210.1 15.99631 14 1.00000
210.2 15.87929 14 1.00000
210.3 15.90204 14 1.00000
210.4 15.91541 14 1.00000
210.5 15.92766 14 1.00000
210.6 15.94734 14 1.00000
210.7 15.98850 14 1.00000
210.8 15.99932 14 1.00000
210.9 16.01075 14 1.00000
211.0 15.87546 14 1.00000
211.1 15.90049 14 1.00000
211.2 15.91490 14 1.00000
211.3 15.92822 14 1.00000
211.4 15.93896 14 1.00000
211.5 15.98770 14 1.00000
211.6 16.01495 14 1.00000
211.7 15.88324 14 1.00000
211.8 15.90443 14 1.00000
211.9 15.91902 14 1.00000
212.0 15.93726 14 1.00000
212.1 15.95823 14 1.00000
212.2 15.99038 14 1.00000
212.3 15.99682 14 1.00000
212.4 16.01132 14 1.00000
212.5 15.88276 14 1.00000
212.6 15.90444 14 1.00000
212.7 15.91971 14 1.00000
212.8 15.93722 14 1.00000
212.9 15.95810 14 1.00000
213.0 15.99022 14 1.00000
213.1 15.87183 14 1.00000
213.2 15.89239 14 1.00000
213.3 15.91072 14 1.00000
213.4 15.92582 14 1.00000
213.5 15.93865 14 1.00000
213.6 15.98510 14 1.00000
213.7 15.99711 14 1.00000
213.8 16.00750 14 1.00000
213.9 15.87076 14 1.00000
214.0 15.89217 14 1.00000
214.1 15.91071 14 1.00000
214.2 15.92654 14 1.00000
214.3 15.93864 14 1.00000
214.4 15.98506 14 1.00000
214.5 15.99687 14 1.00000
214.6 15.88058 14 1.00000
214.7 15.90270 14 1.00000
214.8 15.91636 14 1.00000
214.9 15.92910 14 1.00000
215.0 15.95122 14 1.00000
215.1 15.98904 14 1.00000
215.2 15.99742 14 1.00000
215.3 16.01191 14 1.00000
215.4 15.87984 14 1.00000
215.5 15.90252 14 1.00000
215.6 15.91703 14 1.00000
215.7 15.92921 14 1.00000
215.8 15.95102 14 1.00000
215.9 15.98980 14 1.00000
216.0 16.02003 14 1.00000
216.1 15.89093 14 1.00000
216.2 15.90603 14 1.00000
216.3 15.92499 14 1.00000
216.4 15.93840 14 1.00000
216.5 15.97567 14 1.00000
216.6 15.99625 14 1.00000
216.7 16.00653 14 1.00000
216.8 16.01987 14 1.00000
216.9 15.89096 14 1.00000
217.0 15.90638 14 1.00000
217.1 15.92594 14 1.00000
217.2 15.93835 14 1.00000
217.3 15.97506 14 1.00000
217.4 15.99597 14 1.00000
217.5 15.87922 14 1.00000
217.6 15.90212 14 1.00000
217.7 15.91577 14 1.00000
217.8 15.92778 14 1.00000
217.9 15.94932 14 1.00000
218.0 15.98868 14 1.00000
218.1 16.00016 14 1.00000
218.2 16.01193 14 1.00000
218.3 15.87906 14 1.00000
218.4 15.90201 14 1.00000
218.5 15.91611 14 1.00000
218.6 15.92914 14 1.00000
218.7 15.94891 14 1.00000
218.8 15.98904 14 1.00000
218.9 16.01978 14 1.00000
219.0 15.89060 14 1.00000
219.1 15.90592 14 1.00000
219.2 15.92140 14 1.00000
219.3 15.93832 14 1.00000
219.4 15.97652 14 1.00000
219.5 15.99619 14 1.00000
219.6 16.00347 14 1.00000
219.7 16.01994 14 1.00000
219.8 15.89098 14 1.00000
219.9 15.90635 14 1.00000
220.0 15.92611 14 1.00000
220.1 15.93838 14 1.00000
220.2 15.97493 14 1.00000
220.3 15.99641 14 1.00000
220.4 15.87960 14 1.00000
220.5 15.90228 14 1.00000
220.6 15.91611 14 1.00000
220.7 15.92800 14 1.00000
220.8 15.95014 14 1.00000
220.9 15.98899 14 1.00000
221.0 15.99769 14 1.00000
221.1 16.01191 14 1.00000
221.2 15.88004 14 1.00000
221.3 15.90253 14 1.00000
221.4 15.91717 14 1.00000
221.5 15.92705 14 1.00000
221.6 15.95170 14 1.00000
221.7 15.99021 14 1.00000
221.8 15.87077 14 1.00000
221.9 15.89124 14 1.00000
222.0 15.90812 14 1.00000
222.1 15.92556 14 1.00000
222.2 15.93853 14 1.00000
222.3 15.98511 14 1.00000
222.4 15.99699 14 1.00000
222.5 16.00745 14 1.00000
222.6 15.87120 14 1.00000
222.7 15.89230 14 1.00000
222.8 15.91094 14 1.00000
222.9 15.92691 14 1.00000
223.0 15.93878 14 1.00000
223.1 15.98551 14 1.00000
223.2 15.99776 14 1.00000
223.3 15.88186 14 1.00000
223.4 15.90372 14 1.00000
223.5 15.91865 14 1.00000
223.6 15.92841 14 1.00000
223.7 15.95842 14 1.00000
223.8 15.99037 14 1.00000
223.9 15.99680 14 1.00000
224.0 16.01521 14 1.00000
224.1 15.88436 14 1.00000
224.2 15.90483 14 1.00000
224.3 15.92522 14 1.00000
224.4 15.93736 14 1.00000
224.5 15.95889 14 1.00000
224.6 15.98661 14 1.00000
224.7 15.87393 14 1.00000
224.8 15.90050 14 1.00000
224.9 15.91541 14 1.00000
225.0 15.92689 14 1.00000
225.1 15.93902 14 1.00000
225.2 15.98864 14 1.00000
225.3 15.99942 14 1.00000
225.4 16.01193 14 1.00000
225.5 15.87964 14 1.00000
225.6 15.90222 14 1.00000
225.7 15.91706 14 1.00000
225.8 15.92923 14 1.00000
225.9 15.95077 14 1.00000
226.0 15.99028 14 1.00000
226.1 15.87090 14 1.00000
226.2 15.89125 14 1.00000
226.3 15.90956 14 1.00000
226.4 15.92563 14 1.00000
226.5 15.93864 14 1.00000
226.6 15.98554 14 1.00000
226.7 15.99732 14 1.00000
226.8 16.00797 14 1.00000
226.9 15.87199 14 1.00000
227.0 15.89278 14 1.00000
227.1 15.91200 14 1.00000
227.2 15.92808 14 1.00000
227.3 15.93878 14 1.00000
227.4 15.98779 14 1.00000
227.5 15.99839 14 1.00000
227.6 15.88381 14 1.00000
227.7 15.90547 14 1.00000
227.8 15.92089 14 1.00000
227.9 15.93784 14 1.00000
228.0 15.97555 14 1.00000
228.1 15.99635 14 1.00000
228.2 16.00669 14 1.00000
228.3 16.02033 14 1.00000
228.4 15.89147 14 1.00000
228.5 15.90672 14 1.00000
228.6 15.92659 14 1.00000
228.7 15.93866 14 1.00000
228.8 15.98537 14 1.00000
228.9 15.99756 14 1.00000
229.0 15.88168 14 1.00000
229.1 15.90379 14 1.00000
229.2 15.91886 14 1.00000
229.3 15.93724 14 1.00000
229.4 15.95872 14 1.00000
229.5 15.99021 14 1.00000
229.6 15.99609 14 1.00000
229.7 16.01958 14 1.00000
229.8 15.89051 14 1.00000
229.9 15.90589 14 1.00000
230.0 15.92597 14 1.00000
230.1 15.93838 14 1.00000
230.2 15.97483 14 1.00000
230.3 15.99683 14 1.00000
230.4 15.88045 14 1.00000
230.5 15.90286 14 1.00000
230.6 15.91696 14 1.00000
230.7 15.92922 14 1.00000
230.8 15.95443 14 1.00000
230.9 15.99027 14 1.00000
231.0 15.99568 14 1.00000
231.1 16.01627 14 1.00000
231.2 15.88451 14 1.00000
231.3 15.90551 14 1.00000
231.4 15.92551 14 1.00000
231.5 15.93787 14 1.00000
231.6 15.97663 14 1.00000
231.7 15.99635 14 1.00000
231.8 15.88004 14 1.00000
231.9 15.90261 14 1.00000
232.0 15.91671 14 1.00000
232.1 15.92912 14 1.00000
232.2 15.95411 14 1.00000
232.3 15.99023 14 1.00000
232.4 15.99545 14 1.00000
232.5 16.01555 14 1.00000
232.6 15.88422 14 1.00000
232.7 15.90514 14 1.00000
232.8 15.92532 14 1.00000
232.9 15.93789 14 1.00000
233.0 15.97660 14 1.00000
233.1 15.99635 14 1.00000
233.2 15.88000 14 1.00000
233.3 15.90256 14 1.00000
233.4 15.91688 14 1.00000
233.5 15.92918 14 1.00000
233.6 15.95426 14 1.00000
233.7 15.99029 14 1.00000
233.8 15.99566 14 1.00000
233.9 16.01891 14 1.00000
234.0 15.88484 14 1.00000
234.1 15.90563 14 1.00000
234.2 15.92594 14 1.00000
234.3 15.93834 14 1.00000
234.4 15.97470 14 1.00000
234.5 15.99683 14 1.00000
234.6 15.88078 14 1.00000
234.7 15.90299 14 1.00000
234.8 15.91725 14 1.00000
234.9 15.92886 14 1.00000
235.0 15.95863 14 1.00000
235.1 15.98992 14 1.00000
235.2 15.99609 14 1.00000
235.3 16.01974 14 1.00000
235.4 15.89086 14 1.00000
235.5 15.90640 14 1.00000
235.6 15.92649 14 1.00000
235.7 15.93861 14 1.00000
235.8 15.98525 14 1.00000
235.9 15.99777 14 1.00000
236.0 15.88244 14 1.00000
236.1 15.90461 14 1.00000
236.2 15.91926 14 1.00000
236.3 15.93781 14 1.00000
236.4 15.97550 14 1.00000
236.5 15.99648 14 1.00000
236.6 16.00693 14 1.00000
236.7 15.87113 14 1.00000
236.8 15.89228 14 1.00000
236.9 15.91145 14 1.00000
237.0 15.92772 14 1.00000
237.1 15.93877 14 1.00000
237.2 15.98880 14 1.00000
237.3 16.00019 14 1.00000
237.4 15.89066 14 1.00000
237.5 15.90667 14 1.00000
237.6 15.92547 14 1.00000
237.7 15.93865 14 1.00000
237.8 15.98567 14 1.00000
237.9 15.99779 14 1.00000
238.0 16.00945 14 1.00000
238.1 15.87576 14 1.00000
238.2 15.90072 14 1.00000
238.3 15.91693 14 1.00000
238.4 15.92714 14 1.00000
238.5 15.95159 14 1.00000
238.6 15.99015 14 1.00000
238.7 15.87258 14 1.00000
238.8 15.89320 14 1.00000
238.9 15.91513 14 1.00000
239.0 15.92675 14 1.00000
239.1 15.94737 14 1.00000
239.2 15.98903 14 1.00000
239.3 15.99726 14 1.00000
239.4 16.01003 14 1.00000
239.5 15.88182 14 1.00000
239.6 15.90497 14 1.00000
239.7 15.92531 14 1.00000
239.8 15.93784 14 1.00000
239.9 15.97655 14 1.00000
240.0 15.99681 14 1.00000
240.1 15.88151 14 1.00000
240.2 15.90378 14 1.00000
240.3 15.91870 14 1.00000
240.4 15.93722 14 1.00000
240.5 15.95923 14 1.00000
240.6 15.99644 14 1.00000
240.7 16.00684 14 1.00000
240.8 15.87089 14 1.00000
240.9 15.89206 14 1.00000
241.0 15.91211 14 1.00000
241.1 15.92825 14 1.00000
241.2 15.93918 14 1.00000
241.3 15.98917 14 1.00000
241.4 15.99782 14 1.00000
241.5 15.89204 14 1.00000
241.6 15.91162 14 1.00000
241.7 15.92609 14 1.00000
241.8 15.93879 14 1.00000
241.9 15.98866 14 1.00000
242.0 16.00019 14 1.00000
242.1 16.01192 14 1.00000
242.2 15.88060 14 1.00000
242.3 15.90425 14 1.00000
242.4 15.92508 14 1.00000
242.5 15.93737 14 1.00000
242.6 15.95927 14 1.00000
242.7 15.98959 14 1.00000
242.8 15.88170 14 1.00000
242.9 15.90385 14 1.00000
243.0 15.91873 14 1.00000
243.1 15.93722 14 1.00000
243.2 15.95920 14 1.00000
243.3 15.99679 14 1.00000
243.4 16.00741 14 1.00000
243.5 15.87142 14 1.00000
243.6 15.89239 14 1.00000
243.7 15.91588 14 1.00000
243.8 15.92916 14 1.00000
243.9 15.94813 14 1.00000
244.0 15.99023 14 1.00000
244.1 15.87146 14 1.00000
244.2 15.89339 14 1.00000
244.3 15.91524 14 1.00000
244.4 15.92678 14 1.00000
244.5 15.94728 14 1.00000
244.6 15.99028 14 1.00000
244.7 15.99558 14 1.00000
244.8 16.01565 14 1.00000
244.9 15.88442 14 1.00000
245.0 15.90653 14 1.00000
245.1 15.92676 14 1.00000
245.2 15.93878 14 1.00000
245.3 15.98589 14 1.00000
245.4 15.99821 14 1.00000
245.5 15.89100 14 1.00000
245.6 15.90796 14 1.00000
245.7 15.92555 14 1.00000
245.8 15.93877 14 1.00000
245.9 15.98860 14 1.00000
246.0 16.00015 14 1.00000
246.1 16.01192 14 1.00000
246.2 15.88020 14 1.00000
246.3 15.90447 14 1.00000
246.4 15.92548 14 1.00000
246.5 15.93787 14 1.00000
246.6 15.97656 14 1.00000
246.7 15.99733 14 1.00000
246.8 15.88345 14 1.00000
246.9 15.90526 14 1.00000
247.0 15.92091 14 1.00000
247.1 15.93793 14 1.00000
247.2 15.98558 14 1.00000
247.3 15.99799 14 1.00000
247.4 16.00956 14 1.00000
247.5 15.87620 14 1.00000
247.6 15.90267 14 1.00000
247.7 15.92104 14 1.00000
247.8 15.93731 14 1.00000
247.9 15.95895 14 1.00000
248.0 15.99022 14 1.00000
248.1 15.88222 14 1.00000
248.2 15.90433 14 1.00000
248.3 15.91909 14 1.00000
248.4 15.93737 14 1.00000
248.5 15.98495 14 1.00000
248.6 15.99762 14 1.00000
248.7 16.00835 14 1.00000
248.8 15.87574 14 1.00000
248.9 15.90237 14 1.00000
249.0 15.91980 14 1.00000
249.1 15.93728 14 1.00000
249.2 15.95884 14 1.00000
249.3 15.98659 14 1.00000
249.4 15.88198 14 1.00000
249.5 15.90442 14 1.00000
249.6 15.91916 14 1.00000
249.7 15.93779 14 1.00000
249.8 15.98542 14 1.00000
249.9 15.99782 14 1.00000
250.0 16.00955 14 1.00000
