15.0 1.42596 13 0.04602
15.1 1.43359 13 0.04600
15.2 1.44123 13 0.04623
15.3 1.44886 13 0.04637
15.4 1.45649 13 0.04619
15.5 1.46412 13 0.04609
15.6 1.47176 13 0.04642
15.7 1.47939 13 0.04669
15.8 1.48702 13 0.04706
15.9 1.49465 13 0.04744
16.0 1.50228 13 0.04782
16.1 1.50991 13 0.04821
16.2 1.51755 13 0.04859
16.3 1.52518 13 0.04896
16.4 1.53281 13 0.04934
16.5 1.54043 13 0.04971
16.6 1.54806 13 0.05007
16.7 1.55569 13 0.05043
16.8 1.56332 13 0.05085
16.9 1.57095 13 0.05121
17.0 1.57857 13 0.05156
17.1 1.58620 13 0.05192
17.2 1.59382 13 0.05227
17.3 1.60144 13 0.05262
17.4 1.60907 13 0.05297
17.5 1.61669 13 0.05332
17.6 1.62431 13 0.05366
17.7 1.63193 13 0.05400
17.8 1.63954 13 0.05434
17.9 1.64716 13 0.05468
18.0 1.65478 13 0.05500
18.1 1.66239 13 0.05533
18.2 1.67001 13 0.05573
18.3 1.67762 13 0.05606
18.4 1.68523 13 0.05638
18.5 1.69284 13 0.05671
18.6 1.70044 13 0.05703
18.7 1.70805 13 0.05736
18.8 1.71566 13 0.05768
18.9 1.72326 13 0.05800
19.0 1.73142 13 0.05836
19.1 1.74361 13 0.05906
19.2 1.75589 13 0.05975
19.3 1.76827 13 0.06052
19.4 1.78073 13 0.06123
19.5 1.79329 13 0.06195
19.6 1.80593 13 0.06267
19.7 1.81867 13 0.06339
19.8 1.83151 13 0.06412
19.9 1.84443 13 0.06486
20.0 1.85745 13 0.06560
20.1 1.87056 13 0.06634
20.2 1.88377 13 0.06707
20.3 1.89707 13 0.06791
20.4 1.91047 13 0.06867
20.5 1.92397 13 0.06944
20.6 16.52750 14 1.00000
20.7 16.58032 14 1.00000
20.8 16.63265 14 1.00000
20.9 16.68484 14 1.00000
21.0 16.73648 14 1.00000
21.1 16.78943 14 1.00000
21.2 16.82323 14 1.00000
21.3 16.87326 14 1.00000
21.4 16.92297 14 1.00000
21.5 16.97218 14 1.00000
21.6 17.02106 14 1.00000
21.7 17.06931 14 1.00000
21.8 17.11714 14 1.00000
21.9 17.16426 14 1.00000
22.0 17.21309 14 1.00000
22.1 17.24040 14 1.00000
22.2 17.28615 14 1.00000
22.3 17.33138 14 1.00000
22.4 17.37618 14 1.00000
22.5 17.42047 14 1.00000
22.6 17.46407 14 1.00000
22.7 17.50701 14 1.00000
22.8 17.54938 14 1.00000
22.9 17.57347 14 1.00000
23.0 17.61491 14 1.00000
23.1 17.65593 14 1.00000
23.2 17.69647 14 1.00000
23.3 17.73646 14 1.00000
23.4 17.77553 14 1.00000
23.5 17.81414 14 1.00000
23.6 5.57487 14 0.27577
23.7 5.67080 14 0.28119
23.8 5.76777 14 0.28621
23.9 5.86546 14 0.29133
24.0 5.96390 14 0.29648
24.1 6.06310 14 0.30166
24.2 6.16303 14 0.30688
24.3 6.26370 14 0.31213
24.4 6.36508 14 0.31742
24.5 6.46512 14 0.32311
24.6 6.56821 14 0.32836
24.7 6.67155 14 0.33373
24.8 6.77557 14 0.33913
24.9 6.88021 14 0.34457
25.0 6.98551 14 0.35003
25.1 7.09144 14 0.35553
25.2 7.19376 14 0.36147
25.3 7.30127 14 0.36697
25.4 7.40955 14 0.37248
25.5 7.51776 14 0.37809
25.6 7.62656 14 0.38373
25.7 7.73592 14 0.38939
25.8 7.84582 14 0.39509
25.9 7.95626 14 0.40081
26.0 8.06017 14 0.40699
26.1 8.17322 14 0.41266
26.2 8.28497 14 0.41846
26.3 8.39725 14 0.42429
26.4 8.50997 14 0.43015
26.5 8.62313 14 0.43604
26.6 8.73674 14 0.44195
26.7 8.84103 14 0.44831
26.8 8.95495 14 0.45428
26.9 9.07209 14 0.46017
27.0 9.18706 14 0.46619
27.1 9.30240 14 0.47224
27.2 9.41803 14 0.47831
27.3 9.53398 14 0.48441
27.4 9.63763 14 0.49093
27.5 9.75363 14 0.49709
27.6 9.87151 14 0.50322
27.7 9.99033 14 0.50936
27.8 10.10740 14 0.51558
27.9 10.22473 14 0.52183
28.0 10.34218 14 0.52810
28.1 10.44384 14 0.53479
28.2 10.56100 14 0.54111
28.3 10.67834 14 0.54746
28.4 10.80068 14 0.55373
28.5 10.91861 14 0.56012
28.6 11.03674 14 0.56653
28.7 11.13598 14 0.57334
28.8 11.25334 14 0.57980
28.9 11.37080 14 0.58629
29.0 11.48821 14 0.59279
29.1 11.60680 14 0.59931
29.2 11.72920 14 0.60578
29.3 11.82477 14 0.61270
29.4 11.94182 14 0.61929
29.5 12.05851 14 0.62591
29.6 12.17527 14 0.63255
29.7 12.29183 14 0.63921
29.8 12.40807 14 0.64589
29.9 12.50222 14 0.65287
30.0 12.62161 14 0.65954
30.1 12.73713 14 0.66628
30.2 12.85225 14 0.67304
30.3 12.96697 14 0.67982
30.4 13.05239 14 0.68693
30.5 13.16574 14 0.69375
30.6 13.27869 14 0.70058
30.7 13.40027 14 0.70735
30.8 13.48143 14 0.71452
30.9 13.59295 14 0.72140
31.0 13.70387 14 0.72831
31.1 13.81425 14 0.73523
31.2 13.88976 14 0.74245
31.3 13.99829 14 0.74940
31.4 14.10614 14 0.75638
31.5 14.18806 14 0.76355
31.6 14.29442 14 0.77054
31.7 14.36256 14 0.77781
31.8 14.42855 14 0.78508
31.9 14.45594 14 0.79258
32.0 14.47813 14 0.80009
32.1 14.57525 14 0.80713
32.2 14.67119 14 0.81420
32.3 14.77981 14 0.82120
32.4 14.87469 14 0.82829
32.5 14.96878 14 0.83539
32.6 15.06147 14 0.84250
32.7 15.15336 14 0.84962
32.8 15.24403 14 0.85676
32.9 15.33376 14 0.86390
33.0 15.42233 14 0.87106
33.1 15.52464 14 0.87818
33.2 15.61150 14 0.88535
33.3 15.69704 14 0.89254
33.4 15.78123 14 0.89973
33.5 15.86417 14 0.90693
33.6 15.94596 14 0.91414
33.7 16.02623 14 0.92136
33.8 16.10590 14 0.92858
33.9 16.20048 14 0.93578
34.0 16.27762 14 0.94302
34.1 16.35303 14 0.95026
34.2 16.42704 14 0.95751
34.3 16.49982 14 0.96476
34.4 16.57105 14 0.97201
34.5 16.64054 14 0.97927
34.6 16.70859 14 0.98652
34.7 16.79350 14 0.99378
34.8 16.84208 14 1.00000
34.9 16.79030 14 1.00000
35.0 16.73743 14 1.00000
35.1 16.68389 14 1.00000
35.2 16.62949 14 1.00000
35.3 16.57426 14 1.00000
35.4 16.51815 14 1.00000
35.5 16.48010 14 1.00000
35.6 16.42257 14 1.00000
35.7 16.27008 14 1.00000
35.8 16.21128 14 1.00000
35.9 16.15169 14 1.00000
36.0 16.09146 14 1.00000
36.1 16.03021 14 1.00000
36.2 15.86446 14 1.00000
36.3 15.80975 14 1.00000
36.4 15.75765 14 1.00000
36.5 15.69391 14 1.00000
36.6 15.62929 14 1.00000
36.7 15.45821 14 1.00000
36.8 15.39278 14 1.00000
36.9 15.32656 14 1.00000
37.0 15.25950 14 1.00000
37.1 15.19159 14 1.00000
37.2 14.03360 14 1.00000
37.3 13.79310 14 1.00000
37.4 13.79434 14 1.00000
37.5 13.79593 14 1.00000
37.6 13.72332 14 1.00000
37.7 13.64944 14 1.00000
37.8 13.66068 14 1.00000
37.9 13.61967 14 1.00000
38.0 13.57149 14 1.00000
38.1 13.56654 14 1.00000
38.2 13.51113 14 1.00000
38.3 13.42622 14 1.00000
38.4 13.43128 14 1.00000
38.5 13.44366 14 1.00000
38.6 13.36191 14 1.00000
38.7 13.30535 14 1.00000
38.8 13.31973 14 1.00000
38.9 13.29330 14 1.00000
39.0 13.22398 14 1.00000
39.1 13.23496 14 1.00000
39.2 13.20084 14 1.00000
39.3 13.11672 14 0.99645
39.4 13.00804 14 0.99093
39.5 12.96465 14 0.98872
39.6 12.93176 14 0.98705
39.7 12.84745 14 0.98275
39.8 12.73736 14 0.97713
39.9 12.57652 14 0.96888
40.0 12.46533 14 0.96316
40.1 12.39162 14 0.95936
40.2 12.35434 14 0.95744
40.3 12.21432 14 0.95019
40.4 12.01134 14 0.93964
40.5 11.87764 14 0.93267
40.6 11.88384 14 0.93299
40.7 12.03144 14 0.94069
40.8 12.08348 14 0.94340
40.9 12.13287 14 0.94597
41.0 12.17453 14 0.94813
41.1 12.31190 14 0.95524
41.2 12.45589 14 0.96267
41.3 12.55973 14 0.96802
41.4 12.70817 14 0.97563
41.5 12.76070 14 0.97832
41.6 12.82774 14 0.98175
41.7 12.89857 14 0.98536
41.8 12.96598 14 0.98879
41.9 13.09472 14 0.99533
42.0 13.21102 14 1.00000
42.1 13.26115 14 1.00000
42.2 13.30520 14 1.00000
42.3 13.34441 14 1.00000
42.4 13.40775 14 1.00000
42.5 13.44028 14 1.00000
42.6 13.46969 14 1.00000
42.7 13.49872 14 1.00000
42.8 13.52680 14 1.00000
42.9 13.55432 14 1.00000
43.0 13.58088 14 1.00000
43.1 13.64226 14 1.00000
43.2 13.69862 14 1.00000
43.3 13.74743 14 1.00000
43.4 13.79063 14 1.00000
43.5 13.83028 14 1.00000
43.6 13.89539 14 1.00000
43.7 13.92996 14 1.00000
43.8 13.96149 14 1.00000
43.9 13.99907 14 1.00000
44.0 14.03090 14 1.00000
44.1 14.06294 14 1.00000
44.2 14.10626 14 1.00000
44.3 14.13690 14 1.00000
44.4 14.18315 14 1.00000
44.5 14.21385 14 1.00000
44.6 14.24020 14 1.00000
44.7 14.29128 14 1.00000
44.8 14.31749 14 1.00000
44.9 14.37180 14 1.00000
45.0 14.39772 14 1.00000
45.1 14.45314 14 1.00000
45.2 14.47712 14 1.00000
45.3 14.53522 14 1.00000
45.4 14.55619 14 1.00000
45.5 14.61497 14 1.00000
45.6 14.63629 14 1.00000
45.7 14.69668 14 1.00000
45.8 14.71985 14 1.00000
45.9 14.77567 14 1.00000
46.0 14.83846 14 1.00000
46.1 14.85270 14 1.00000
46.2 14.91614 14 1.00000
46.3 14.92646 14 1.00000
46.4 14.99218 14 1.00000
46.5 15.01031 14 1.00000
46.6 15.06619 14 1.00000
46.7 15.12868 14 1.00000
46.8 15.13529 14 1.00000
46.9 15.20003 14 1.00000
47.0 15.26530 14 1.00000
47.1 15.26806 14 1.00000
47.2 15.33439 14 1.00000
47.3 15.39682 14 1.00000
47.4 15.39956 14 1.00000
47.5 15.46371 14 1.00000
47.6 15.52817 14 1.00000
47.7 15.52622 14 1.00000
47.8 15.59133 14 1.00000
47.9 15.65785 14 1.00000
48.0 15.65054 14 1.00000
48.1 15.71655 14 1.00000
48.2 15.78027 14 1.00000
48.3 15.77022 14 1.00000
48.4 15.83681 14 1.00000
48.5 15.90094 14 1.00000
48.6 15.88484 14 1.00000
48.7 15.95350 14 1.00000
48.8 16.01665 14 1.00000
48.9 16.08239 14 1.00000
49.0 16.06371 14 1.00000
49.1 16.12906 14 1.00000
49.2 16.19232 14 1.00000
49.3 16.25452 14 1.00000
49.4 16.23383 14 1.00000
49.5 16.29900 14 1.00000
49.6 16.36365 14 1.00000
49.7 16.42655 14 1.00000
49.8 16.39915 14 1.00000
49.9 16.46470 14 1.00000
50.0 16.52889 14 1.00000
50.1 16.59364 14 1.00000
50.2 16.55690 14 1.00000
50.3 16.62523 14 1.00000
50.4 16.68870 14 1.00000
50.5 16.75275 14 1.00000
50.6 16.73259 14 1.00000
50.7 16.77590 14 1.00000
50.8 16.84172 14 1.00000
50.9 16.90321 14 1.00000
51.0 16.96727 14 1.00000
51.1 16.94471 14 1.00000
51.2 16.98319 14 1.00000
51.3 17.04682 14 1.00000
51.4 17.11119 14 1.00000
51.5 17.17281 14 1.00000
51.6 17.16028 14 1.00000
51.7 17.18876 14 1.00000
51.8 17.24439 14 1.00000
51.9 17.30818 14 1.00000
52.0 17.36940 14 1.00000
52.1 17.43265 14 1.00000
52.2 17.41635 14 1.00000
52.3 17.44527 14 1.00000
52.4 17.49357 14 1.00000
52.5 17.55682 14 1.00000
52.6 17.61844 14 1.00000
52.7 17.67603 14 1.00000
52.8 17.69911 14 1.00000
52.9 17.71251 14 1.00000
53.0 17.74005 14 1.00000
53.1 17.79197 14 1.00000
53.2 17.85291 14 1.00000
53.3 17.91342 14 1.00000
53.4 17.96875 14 1.00000
53.5 18.00514 14 1.00000
53.6 18.03438 14 1.00000
53.7 18.04999 14 1.00000
53.8 18.07318 14 1.00000
53.9 18.13536 14 1.00000
54.0 18.19823 14 1.00000
54.1 18.26707 14 1.00000
54.2 18.31183 14 1.00000
54.3 18.35159 14 1.00000
54.4 18.38596 14 1.00000
54.5 18.39725 14 1.00000
54.6 18.43329 14 1.00000
54.7 18.45837 14 1.00000
54.8 18.51894 14 1.00000
54.9 18.63363 14 1.00000
55.0 18.64915 14 1.00000
55.1 18.69630 14 1.00000
55.2 18.74128 14 1.00000
55.3 18.78090 14 1.00000
55.4 18.81740 14 1.00000
55.5 18.84822 14 1.00000
55.6 18.86776 14 1.00000
55.7 18.93903 14 1.00000
55.8 18.99545 14 1.00000
55.9 19.05079 14 1.00000
56.0 19.10335 14 1.00000
56.1 19.11760 14 1.00000
56.2 19.16879 14 1.00000
56.3 19.21539 14 1.00000
56.4 19.25963 14 1.00000
56.5 19.29832 14 1.00000
56.6 19.28257 14 1.00000
56.7 19.32440 14 1.00000
56.8 19.38178 14 1.00000
56.9 19.43787 14 1.00000
57.0 19.49413 14 1.00000
57.1 19.54797 14 1.00000
57.2 19.60117 14 1.00000
57.3 19.65658 14 1.00000
57.4 19.71062 14 1.00000
57.5 19.75725 14 1.00000
57.6 19.77197 14 1.00000
57.7 19.78339 14 1.00000
57.8 19.85541 14 1.00000
57.9 19.89524 14 1.00000
58.0 19.91527 14 1.00000
58.1 19.95367 14 1.00000
58.2 19.98840 14 1.00000
58.3 20.02014 14 1.00000
58.4 20.05656 14 1.00000
58.5 20.11282 14 1.00000
58.6 20.16618 14 1.00000
58.7 20.21973 14 1.00000
58.8 20.27130 14 1.00000
58.9 20.27279 14 1.00000
59.0 20.40949 14 1.00000
59.1 20.42275 14 1.00000
59.2 20.46813 14 1.00000
59.3 20.51659 14 1.00000
59.4 20.56280 14 1.00000
59.5 20.61091 14 1.00000
59.6 20.65274 14 1.00000
59.7 20.69959 14 1.00000
59.8 20.74400 14 1.00000
59.9 20.78678 14 1.00000
60.0 20.83146 14 1.00000
60.1 20.87136 14 1.00000
60.2 20.92018 14 1.00000
60.3 20.98854 14 1.00000
60.4 20.92811 14 1.00000
60.5 20.98807 14 1.00000
60.6 21.02119 14 1.00000
60.7 21.05942 14 1.00000
60.8 21.11086 14 1.00000
60.9 21.16160 14 1.00000
61.0 21.21120 14 1.00000
61.1 21.25791 14 1.00000
61.2 21.30832 14 1.00000
61.3 21.35247 14 1.00000
61.4 21.40406 14 1.00000
61.5 21.44799 14 1.00000
61.6 21.49934 14 1.00000
61.7 21.54659 14 1.00000
61.8 21.57965 14 1.00000
61.9 21.67064 14 1.00000
62.0 21.71459 14 1.00000
62.1 21.76304 14 1.00000
62.2 21.80299 14 1.00000
62.3 21.85382 14 1.00000
62.4 21.90167 14 1.00000
62.5 21.94943 14 1.00000
62.6 21.99709 14 1.00000
62.7 22.04455 14 1.00000
62.8 22.09233 14 1.00000
62.9 22.13883 14 1.00000
63.0 22.18978 14 1.00000
63.1 22.22319 14 1.00000
63.2 22.27475 14 1.00000
63.3 22.31693 14 1.00000
63.4 22.36757 14 1.00000
63.5 22.37096 14 1.00000
63.6 22.41671 14 1.00000
63.7 22.45420 14 1.00000
63.8 22.50138 14 1.00000
63.9 22.54754 14 1.00000
64.0 22.59350 14 1.00000
64.1 22.66648 14 1.00000
64.2 22.65869 14 1.00000
64.3 22.73956 14 1.00000
64.4 22.78880 14 1.00000
64.5 22.83269 14 1.00000
64.6 22.87680 14 1.00000
64.7 22.92027 14 1.00000
64.8 22.96259 14 1.00000
64.9 23.00366 14 1.00000
65.0 23.05533 14 1.00000
65.1 23.09834 14 1.00000
65.2 23.14141 14 1.00000
65.3 23.17819 14 1.00000
65.4 23.23117 14 1.00000
65.5 23.27233 14 1.00000
65.6 23.31886 14 1.00000
65.7 23.40334 14 1.00000
65.8 23.42743 14 1.00000
65.9 23.45948 14 1.00000
66.0 23.49842 14 1.00000
66.1 23.54358 14 1.00000
66.2 23.58016 14 1.00000
66.3 23.66737 14 1.00000
66.4 23.72386 14 1.00000
66.5 23.76262 14 1.00000
66.6 23.80009 14 1.00000
66.7 23.84600 14 1.00000
66.8 23.88460 14 1.00000
66.9 23.90228 14 1.00000
67.0 23.90285 14 1.00000
67.1 24.02502 14 1.00000
67.2 24.06353 14 1.00000
67.3 24.10112 14 1.00000
67.4 24.14940 14 1.00000
67.5 24.18778 14 1.00000
67.6 24.22347 14 1.00000
67.7 24.26065 14 1.00000
67.8 24.30486 14 1.00000
67.9 24.34808 14 1.00000
68.0 24.39039 14 1.00000
68.1 24.41983 14 1.00000
68.2 24.46842 14 1.00000
68.3 24.50822 14 1.00000
68.4 24.54047 14 1.00000
68.5 24.56934 14 1.00000
68.6 24.62699 14 1.00000
68.7 24.74646 14 1.00000
68.8 24.71920 14 1.00000
68.9 24.76164 14 1.00000
69.0 24.79670 14 1.00000
69.1 24.83051 14 1.00000
69.2 24.87228 14 1.00000
69.3 24.93786 14 1.00000
69.4 24.98783 14 1.00000
69.5 25.05250 14 1.00000
69.6 25.10593 14 1.00000
69.7 25.16690 14 1.00000
69.8 25.24166 14 1.00000
69.9 25.25793 14 1.00000
70.0 25.30904 14 1.00000
70.1 25.35346 14 1.00000
70.2 25.42395 14 1.00000
70.3 25.47687 14 1.00000
70.4 25.55878 14 1.00000
70.5 25.57828 14 1.00000
70.6 25.61642 14 1.00000
70.7 25.66870 14 1.00000
70.8 25.71775 14 1.00000
70.9 25.76509 14 1.00000
71.0 25.80982 14 1.00000
71.1 25.85137 14 1.00000
71.2 25.90569 14 1.00000
71.3 25.94579 14 1.00000
71.4 25.99356 14 1.00000
71.5 26.02641 14 1.00000
71.6 26.07244 14 1.00000
71.7 26.11612 14 1.00000
71.8 26.21684 14 1.00000
71.9 26.24164 14 1.00000
72.0 26.28402 14 1.00000
72.1 26.32915 14 1.00000
72.2 26.35987 14 1.00000
72.3 26.40579 14 1.00000
72.4 26.43862 14 1.00000
72.5 26.48413 14 1.00000
72.6 26.51926 14 1.00000
72.7 26.55565 14 1.00000
72.8 26.59093 14 1.00000
72.9 26.62698 14 1.00000
73.0 26.65061 14 1.00000
73.1 26.76762 14 1.00000
73.2 26.73395 14 1.00000
73.3 26.76219 14 1.00000
73.4 26.82144 14 1.00000
73.5 26.89371 14 1.00000
73.6 26.95303 14 1.00000
73.7 27.01012 14 1.00000
73.8 27.06469 14 1.00000
73.9 27.11765 14 1.00000
74.0 27.17950 14 1.00000
74.1 27.22108 14 1.00000
74.2 27.29906 14 1.00000
74.3 27.35028 14 1.00000
74.4 27.38644 14 1.00000
74.5 27.44210 14 1.00000
74.6 27.49468 14 1.00000
74.7 27.54004 14 1.00000
74.8 27.58943 14 1.00000
74.9 27.66238 14 1.00000
75.0 27.67972 14 1.00000
75.1 27.71551 14 1.00000
75.2 27.76186 14 1.00000
75.3 27.80581 14 1.00000
75.4 27.91051 14 1.00000
75.5 27.87139 14 1.00000
75.6 27.88586 14 1.00000
75.7 27.99131 14 1.00000
75.8 28.03520 14 1.00000
75.9 28.07477 14 1.00000
76.0 28.09640 14 1.00000
76.1 28.14998 14 1.00000
76.2 28.18819 14 1.00000
76.3 28.21336 14 1.00000
76.4 28.26298 14 1.00000
76.5 28.30798 14 1.00000
76.6 28.33481 14 1.00000
76.7 28.35924 14 1.00000
76.8 28.40895 14 1.00000
76.9 28.49238 14 1.00000
77.0 28.54757 14 1.00000
77.1 28.60452 14 1.00000
77.2 28.65574 14 1.00000
77.3 28.73828 14 1.00000
77.4 28.75723 14 1.00000
77.5 28.84585 14 1.00000
77.6 28.91860 14 1.00000
77.7 28.96816 14 1.00000
77.8 28.99807 14 1.00000
77.9 29.06019 14 1.00000
78.0 29.10796 14 1.00000
78.1 29.14772 14 1.00000
78.2 29.21362 14 1.00000
78.3 29.24736 14 1.00000
78.4 29.30145 14 1.00000
78.5 29.34235 14 1.00000
78.6 29.42057 14 1.00000
78.7 29.43861 14 1.00000
78.8 29.45680 14 1.00000
78.9 29.55460 14 1.00000
79.0 29.57780 14 1.00000
79.1 29.63544 14 1.00000
79.2 29.62591 14 1.00000
79.3 29.68207 14 1.00000
79.4 29.72891 14 1.00000
79.5 29.78135 14 1.00000
79.6 29.80302 14 1.00000
79.7 29.84122 14 1.00000
79.8 29.88459 14 1.00000
79.9 29.91376 14 1.00000
80.0 29.92232 14 1.00000
80.1 30.08914 14 1.00000
80.2 30.05030 14 1.00000
80.3 30.12640 14 1.00000
80.4 30.22764 14 1.00000
80.5 30.24833 14 1.00000
80.6 30.29362 14 1.00000
80.7 30.37520 14 1.00000
80.8 30.40653 14 1.00000
80.9 30.50052 14 1.00000
81.0 30.54989 14 1.00000
81.1 30.60801 14 1.00000
81.2 30.64135 14 1.00000
81.3 30.68690 14 1.00000
81.4 30.74081 14 1.00000
81.5 30.80317 14 1.00000
81.6 30.84792 14 1.00000
81.7 30.87897 14 1.00000
81.8 30.93315 14 1.00000
81.9 30.96869 14 1.00000
82.0 31.01789 14 1.00000
82.1 31.13173 14 1.00000
82.2 31.15707 14 1.00000
82.3 31.20252 14 1.00000
82.4 31.24185 14 1.00000
82.5 31.27575 14 1.00000
82.6 31.31090 14 1.00000
82.7 31.33935 14 1.00000
82.8 31.29110 14 1.00000
82.9 31.42099 14 1.00000
83.0 31.37396 14 1.00000
83.1 31.47686 14 1.00000
83.2 31.52846 14 1.00000
83.3 31.54766 14 1.00000
83.4 31.60496 14 1.00000
83.5 31.60278 14 1.00000
83.6 31.65384 14 1.00000
83.7 31.74821 14 1.00000
83.8 31.82408 14 1.00000
83.9 31.88752 14 1.00000
84.0 31.92772 14 1.00000
84.1 32.01548 14 1.00000
84.2 32.05386 14 1.00000
84.3 32.12843 14 1.00000
84.4 32.20586 14 1.00000
84.5 32.25456 14 1.00000
84.6 32.31529 14 1.00000
84.7 32.34578 14 1.00000
84.8 32.39727 14 1.00000
84.9 32.46230 14 1.00000
85.0 32.50156 14 1.00000
85.1 32.60943 14 1.00000
85.2 32.58312 14 1.00000
85.3 32.56030 14 1.00000
85.4 32.64552 14 1.00000
85.5 32.72902 14 1.00000
85.6 32.86077 14 1.00000
85.7 32.87830 14 1.00000
85.8 32.93143 14 1.00000
85.9 32.97059 14 1.00000
86.0 33.00864 14 1.00000
86.1 33.04672 14 1.00000
86.2 33.08455 14 1.00000
86.3 33.12200 14 1.00000
86.4 33.15779 14 1.00000
86.5 33.18669 14 1.00000
86.6 33.23235 14 1.00000
86.7 33.25533 14 1.00000
86.8 33.30218 14 1.00000
86.9 33.33583 14 1.00000
87.0 33.36326 14 1.00000
87.1 33.38566 14 1.00000
87.2 33.40704 14 1.00000
87.3 33.44886 14 1.00000
87.4 33.53359 14 1.00000
87.5 33.62414 14 1.00000
87.6 33.69790 14 1.00000
87.7 33.75385 14 1.00000
87.8 33.82951 14 1.00000
87.9 33.86586 14 1.00000
88.0 33.94800 14 1.00000
88.1 34.00389 14 1.00000
88.2 34.02900 14 1.00000
88.3 34.11422 14 1.00000
88.4 34.18723 14 1.00000
88.5 34.24335 14 1.00000
88.6 34.29401 14 1.00000
88.7 34.34346 14 1.00000
88.8 34.39274 14 1.00000
88.9 34.44194 14 1.00000
89.0 34.49056 14 1.00000
89.1 34.53717 14 1.00000
89.2 34.57450 14 1.00000
89.3 34.62626 14 1.00000
89.4 34.67197 14 1.00000
89.5 34.69347 14 1.00000
89.6 34.75741 14 1.00000
89.7 34.86462 14 1.00000
89.8 34.90342 14 1.00000
89.9 34.94938 14 1.00000
90.0 35.00472 14 1.00000
90.1 35.04704 14 1.00000
90.2 35.08544 14 1.00000
90.3 35.10650 14 1.00000
90.4 35.16391 14 1.00000
90.5 35.20530 14 1.00000
90.6 35.22639 14 1.00000
90.7 35.28390 14 1.00000
90.8 35.29704 14 1.00000
90.9 35.36074 14 1.00000
91.0 35.39113 14 1.00000
91.1 35.42138 14 1.00000
91.2 35.47235 14 1.00000
91.3 35.50728 14 1.00000
91.4 35.53777 14 1.00000
91.5 35.56455 14 1.00000
91.6 35.59037 14 1.00000
91.7 35.62309 14 1.00000
91.8 35.71040 14 1.00000
91.9 35.79950 14 1.00000
92.0 35.87457 14 1.00000
92.1 35.92550 14 1.00000
92.2 36.00893 14 1.00000
92.3 36.04262 14 1.00000
92.4 36.13225 14 1.00000
92.5 36.18977 14 1.00000
92.6 36.24277 14 1.00000
92.7 36.30541 14 1.00000
92.8 36.35863 14 1.00000
92.9 36.43689 14 1.00000
93.0 36.47860 14 1.00000
93.1 36.53429 14 1.00000
93.2 36.59614 14 1.00000
93.3 36.65025 14 1.00000
93.4 36.70152 14 1.00000
93.5 36.75096 14 1.00000
93.6 36.79701 14 1.00000
93.7 36.83354 14 1.00000
93.8 36.89274 14 1.00000
93.9 36.94415 14 1.00000
94.0 36.98454 14 1.00000
94.1 37.03234 14 1.00000
94.2 37.07967 14 1.00000
94.3 37.09294 14 1.00000
94.4 37.16666 14 1.00000
94.5 37.27021 14 1.00000
94.6 37.32179 14 1.00000
94.7 37.37607 14 1.00000
94.8 37.41848 14 1.00000
94.9 37.43110 14 1.00000
95.0 37.49836 14 1.00000
95.1 37.54248 14 1.00000
95.2 37.55355 14 1.00000
95.3 37.62325 14 1.00000
95.4 37.66291 14 1.00000
95.5 37.70327 14 1.00000
95.6 37.73386 14 1.00000
95.7 37.78491 14 1.00000
95.8 37.81328 14 1.00000
95.9 37.85445 14 1.00000
96.0 37.90032 14 1.00000
96.1 37.93674 14 1.00000
96.2 37.96836 14 1.00000
96.3 37.99712 14 1.00000
96.4 38.02428 14 1.00000
96.5 38.10521 14 1.00000
96.6 38.19466 14 1.00000
96.7 38.26872 14 1.00000
96.8 38.33434 14 1.00000
96.9 38.40859 14 1.00000
97.0 38.46589 14 1.00000
97.1 38.53753 14 1.00000
97.2 38.58786 14 1.00000
97.3 38.65950 14 1.00000
97.4 38.69037 14 1.00000
97.5 38.77139 14 1.00000
97.6 38.83144 14 1.00000
97.7 38.88626 14 1.00000
97.8 38.96281 14 1.00000
97.9 39.01963 14 1.00000
98.0 39.07304 14 1.00000
98.1 39.11916 14 1.00000
98.2 39.16092 14 1.00000
98.3 39.21755 14 1.00000
98.4 39.28214 14 1.00000
98.5 39.33420 14 1.00000
98.6 39.38472 14 1.00000
98.7 39.42935 14 1.00000
98.8 39.45341 14 1.00000
98.9 39.52900 14 1.00000
99.0 39.57362 14 1.00000
99.1 39.60152 14 1.00000
99.2 39.66829 14 1.00000
99.3 39.68884 14 1.00000
99.4 39.75644 14 1.00000
99.5 39.88367 14 1.00000
99.6 39.92658 14 1.00000
99.7 39.94201 14 1.00000
99.8 40.01246 14 1.00000
99.9 40.05567 14 1.00000
100.0 40.08004 14 1.00000
100.1 40.14197 14 1.00000
100.2 40.17707 14 1.00000
100.3 40.22426 14 1.00000
100.4 40.26678 14 1.00000
100.5 40.30874 14 1.00000
100.6 40.33013 14 1.00000
100.7 40.39325 14 1.00000
100.8 40.42729 14 1.00000
100.9 40.44728 14 1.00000
101.0 40.51330 14 1.00000
101.1 40.55271 14 1.00000
101.2 40.58803 14 1.00000
101.3 40.61958 14 1.00000
101.4 40.66343 14 1.00000
101.5 40.75756 14 1.00000
101.6 40.83514 14 1.00000
101.7 40.90321 14 1.00000
101.8 40.98185 14 1.00000
101.9 41.04227 14 1.00000
102.0 41.11666 14 1.00000
102.1 41.17597 14 1.00000
102.2 41.24466 14 1.00000
102.3 41.29541 14 1.00000
102.4 41.36745 14 1.00000
102.5 41.42224 14 1.00000
102.6 41.47144 14 1.00000
102.7 41.54040 14 1.00000
102.8 41.59885 14 1.00000
102.9 41.65383 14 1.00000
103.0 41.71064 14 1.00000
103.1 41.77792 14 1.00000
103.2 41.83726 14 1.00000
103.3 41.89257 14 1.00000
103.4 41.94470 14 1.00000
103.5 41.99286 14 1.00000
103.6 42.03372 14 1.00000
103.7 42.08941 14 1.00000
103.8 42.15749 14 1.00000
103.9 42.20807 14 1.00000
104.0 42.24970 14 1.00000
104.1 42.29891 14 1.00000
104.2 42.35534 14 1.00000
104.3 42.38921 14 1.00000
104.4 42.44954 14 1.00000
104.5 42.49291 14 1.00000
104.6 42.53999 14 1.00000
104.7 42.66327 14 1.00000
104.8 42.71454 14 1.00000
104.9 42.73744 14 1.00000
105.0 42.80322 14 1.00000
105.1 42.84808 14 1.00000
105.2 42.88285 14 1.00000
105.3 42.93822 14 1.00000
105.4 42.95773 14 1.00000
105.5 43.02648 14 1.00000
105.6 43.04350 14 1.00000
105.7 43.11441 14 1.00000
105.8 43.14610 14 1.00000
105.9 43.19918 14 1.00000
106.0 43.24384 14 1.00000
106.1 43.27409 14 1.00000
106.2 43.31194 14 1.00000
106.3 43.36856 14 1.00000
106.4 43.40967 14 1.00000
106.5 43.18990 14 1.00000
106.6 43.23527 14 1.00000
106.7 43.27010 14 1.00000
106.8 43.29322 14 1.00000
106.9 43.36054 14 1.00000
107.0 43.40242 14 1.00000
107.1 43.16621 14 1.00000
107.2 43.22788 14 1.00000
107.3 43.26538 14 1.00000
107.4 43.27981 14 1.00000
107.5 43.35253 14 1.00000
107.6 43.39523 14 1.00000
107.7 43.14382 14 1.00000
107.8 43.22020 14 1.00000
107.9 43.26017 14 1.00000
108.0 43.27918 14 1.00000
108.1 43.34472 14 1.00000
108.2 43.38812 14 1.00000
108.3 43.14547 14 1.00000
108.4 43.21250 14 1.00000
108.5 43.25451 14 1.00000
108.6 43.27850 14 1.00000
108.7 43.33705 14 1.00000
108.8 43.38122 14 1.00000
108.9 43.42124 14 1.00000
109.0 43.20475 14 1.00000
109.1 43.24852 14 1.00000
109.2 43.27631 14 1.00000
109.3 43.32679 14 1.00000
109.4 43.37444 14 1.00000
109.5 43.41515 14 1.00000
109.6 43.19701 14 1.00000
109.7 43.24241 14 1.00000
109.8 43.27343 14 1.00000
109.9 43.30923 14 1.00000
110.0 43.36777 14 1.00000
110.1 43.40904 14 1.00000
110.2 43.18951 14 1.00000
110.3 43.23529 14 1.00000
110.4 43.27016 14 1.00000
110.5 43.29422 14 1.00000
110.6 43.36137 14 1.00000
110.7 43.40326 14 1.00000
110.8 43.17048 14 1.00000
110.9 43.22945 14 1.00000
111.0 43.26648 14 1.00000
111.1 43.28134 14 1.00000
111.2 43.35505 14 1.00000
111.3 43.39761 14 1.00000
111.4 43.15163 14 1.00000
111.5 43.22350 14 1.00000
111.6 43.26256 14 1.00000
111.7 43.27961 14 1.00000
111.8 43.34882 14 1.00000
111.9 43.39207 14 1.00000
112.0 43.14418 14 1.00000
112.1 43.21738 14 1.00000
112.2 43.25840 14 1.00000
112.3 43.27886 14 1.00000
112.4 43.34275 14 1.00000
112.5 43.38680 14 1.00000
112.6 43.14565 14 1.00000
112.7 43.21154 14 1.00000
112.8 43.25409 14 1.00000
112.9 43.27849 14 1.00000
113.0 43.33715 14 1.00000
113.1 43.38168 14 1.00000
113.2 43.42198 14 1.00000
113.3 43.20579 14 1.00000
113.4 43.24979 14 1.00000
113.5 43.27691 14 1.00000
113.6 43.33173 14 1.00000
113.7 43.37671 14 1.00000
113.8 43.41740 14 1.00000
113.9 43.20032 14 1.00000
114.0 43.24545 14 1.00000
114.1 43.27503 14 1.00000
114.2 43.31879 14 1.00000
114.3 43.37205 14 1.00000
114.4 43.41298 14 1.00000
114.5 43.19499 14 1.00000
114.6 43.24111 14 1.00000
114.7 43.27284 14 1.00000
114.8 43.30744 14 1.00000
114.9 43.36742 14 1.00000
115.0 43.40894 14 1.00000
115.1 43.18984 14 1.00000
115.2 43.23590 14 1.00000
115.3 43.27066 14 1.00000
115.4 43.29747 14 1.00000
115.5 43.36311 14 1.00000
115.6 43.40506 14 1.00000
115.7 43.17891 14 1.00000
115.8 43.23203 14 1.00000
115.9 43.26837 14 1.00000
116.0 43.28862 14 1.00000
116.1 43.35890 14 1.00000
116.2 43.40148 14 1.00000
116.3 43.16534 14 1.00000
116.4 43.22836 14 1.00000
116.5 43.26601 14 1.00000
116.6 43.28069 14 1.00000
116.7 43.35498 14 1.00000
116.8 43.39806 14 1.00000
116.9 43.15415 14 1.00000
117.0 43.22465 14 1.00000
117.1 43.26362 14 1.00000
117.2 43.27974 14 1.00000
117.3 43.35127 14 1.00000
117.4 43.39482 14 1.00000
117.5 43.14468 14 1.00000
117.6 43.22107 14 1.00000
117.7 43.26134 14 1.00000
117.8 43.27948 14 1.00000
117.9 43.34775 14 1.00000
118.0 43.39176 14 1.00000
118.1 43.14415 14 1.00000
118.2 43.21791 14 1.00000
118.3 43.25911 14 1.00000
118.4 43.27908 14 1.00000
118.5 43.34459 14 1.00000
118.6 43.38889 14 1.00000
118.7 43.14510 14 1.00000
118.8 43.21475 14 1.00000
118.9 43.25694 14 1.00000
119.0 43.27859 14 1.00000
119.1 43.34180 14 1.00000
119.2 43.38635 14 1.00000
119.3 43.14565 14 1.00000
119.4 43.21195 14 1.00000
119.5 43.25499 14 1.00000
119.6 43.27806 14 1.00000
119.7 43.33924 14 1.00000
119.8 43.38401 14 1.00000
119.9 43.14692 14 1.00000
120.0 43.20952 14 1.00000
120.1 43.25317 14 1.00000
120.2 43.27823 14 1.00000
120.3 43.33689 14 1.00000
120.4 43.38187 14 1.00000
120.5 43.42267 14 1.00000
120.6 43.20731 14 1.00000
120.7 43.25148 14 1.00000
120.8 43.27764 14 1.00000
120.9 43.33477 14 1.00000
121.0 43.38009 14 1.00000
121.1 43.42108 14 1.00000
121.2 43.20532 14 1.00000
121.3 43.24981 14 1.00000
121.4 43.27708 14 1.00000
121.5 43.33305 14 1.00000
121.6 43.37852 14 1.00000
121.7 43.41956 14 1.00000
121.8 43.20355 14 1.00000
121.9 43.24844 14 1.00000
122.0 43.27660 14 1.00000
122.1 43.33156 14 1.00000
122.2 43.37715 14 1.00000
122.3 43.41823 14 1.00000
122.4 43.20221 14 1.00000
122.5 43.24738 14 1.00000
122.6 43.27617 14 1.00000
122.7 43.32801 14 1.00000
122.8 43.37600 14 1.00000
122.9 43.41721 14 1.00000
123.0 43.20110 14 1.00000
123.1 43.24651 14 1.00000
123.2 43.27575 14 1.00000
123.3 43.32532 14 1.00000
123.4 43.37523 14 1.00000
123.5 43.41652 14 1.00000
123.6 43.20023 14 1.00000
123.7 43.24582 14 1.00000
123.8 43.27541 14 1.00000
123.9 43.32373 14 1.00000
124.0 43.37466 14 1.00000
124.1 43.41590 14 1.00000
124.2 43.19962 14 1.00000
124.3 43.24548 14 1.00000
124.4 43.27526 14 1.00000
124.5 43.32276 14 1.00000
124.6 43.37432 14 1.00000
124.7 43.41561 14 1.00000
124.8 43.19943 14 1.00000
124.9 43.24535 14 1.00000
125.0 43.27520 14 1.00000
125.1 43.32240 14 1.00000
125.2 43.37420 14 1.00000
125.3 43.41565 14 1.00000
125.4 43.19950 14 1.00000
125.5 43.24541 14 1.00000
125.6 43.27523 14 1.00000
125.7 43.32264 14 1.00000
125.8 43.37446 14 1.00000
125.9 43.41589 14 1.00000
126.0 43.19982 14 1.00000
126.1 43.24567 14 1.00000
126.2 43.27536 14 1.00000
126.3 43.32393 14 1.00000
126.4 43.37494 14 1.00000
126.5 43.41633 14 1.00000
126.6 43.20039 14 1.00000
126.7 43.24628 14 1.00000
126.8 43.27563 14 1.00000
126.9 43.32587 14 1.00000
127.0 43.37564 14 1.00000
127.1 43.41697 14 1.00000
127.2 43.20139 14 1.00000
127.3 43.24709 14 1.00000
127.4 43.27610 14 1.00000
127.5 43.32846 14 1.00000
127.6 43.37655 14 1.00000
127.7 43.41806 14 1.00000
127.8 43.20264 14 1.00000
127.9 43.24809 14 1.00000
128.0 43.27656 14 1.00000
128.1 43.33152 14 1.00000
128.2 43.37785 14 1.00000
128.3 43.41937 14 1.00000
128.4 43.20413 14 1.00000
128.5 43.24927 14 1.00000
128.6 43.27707 14 1.00000
128.7 43.33332 14 1.00000
128.8 43.37936 14 1.00000
128.9 43.42085 14 1.00000
129.0 43.20586 14 1.00000
129.1 43.25063 14 1.00000
129.2 43.27763 14 1.00000
129.3 43.33537 14 1.00000
129.4 43.38109 14 1.00000
129.5 43.42252 14 1.00000
129.6 43.20782 14 1.00000
129.7 43.25242 14 1.00000
129.8 43.27821 14 1.00000
129.9 43.33747 14 1.00000
130.0 43.38303 14 1.00000
130.1 43.14692 14 1.00000
130.2 43.21019 14 1.00000
130.3 43.25435 14 1.00000
130.4 43.27882 14 1.00000
130.5 43.33998 14 1.00000
130.6 43.38533 14 1.00000
130.7 43.14566 14 1.00000
130.8 43.21297 14 1.00000
130.9 43.25628 14 1.00000
131.0 43.27859 14 1.00000
131.1 43.34272 14 1.00000
131.2 43.38785 14 1.00000
131.3 43.14512 14 1.00000
131.4 43.21576 14 1.00000
131.5 43.25832 14 1.00000
131.6 43.27908 14 1.00000
131.7 43.34585 14 1.00000
131.8 43.39087 14 1.00000
131.9 43.14423 14 1.00000
132.0 43.21874 14 1.00000
132.1 43.26071 14 1.00000
132.2 43.27948 14 1.00000
132.3 43.34903 14 1.00000
132.4 43.39377 14 1.00000
132.5 43.14449 14 1.00000
132.6 43.22225 14 1.00000
132.7 43.26302 14 1.00000
132.8 43.27976 14 1.00000
132.9 43.35243 14 1.00000
133.0 43.39701 14 1.00000
133.1 43.15402 14 1.00000
133.2 43.22572 14 1.00000
133.3 43.26535 14 1.00000
133.4 43.28114 14 1.00000
133.5 43.35635 14 1.00000
133.6 43.40059 14 1.00000
133.7 43.16638 14 1.00000
133.8 43.22959 14 1.00000
133.9 43.26767 14 1.00000
134.0 43.28915 14 1.00000
134.1 43.36048 14 1.00000
134.2 43.40436 14 1.00000
134.3 43.18027 14 1.00000
134.4 43.23340 14 1.00000
134.5 43.26995 14 1.00000
134.6 43.29817 14 1.00000
134.7 43.36482 14 1.00000
134.8 43.40815 14 1.00000
134.9 43.19034 14 1.00000
135.0 43.23729 14 1.00000
135.1 43.27230 14 1.00000
135.2 43.30835 14 1.00000
135.3 43.36943 14 1.00000
135.4 43.41209 14 1.00000
135.5 43.19573 14 1.00000
135.6 43.24297 14 1.00000
135.7 43.27441 14 1.00000
135.8 43.31999 14 1.00000
135.9 43.37400 14 1.00000
136.0 43.41620 14 1.00000
136.1 43.20115 14 1.00000
136.2 43.24748 14 1.00000
136.3 43.27637 14 1.00000
136.4 43.33234 14 1.00000
136.5 43.37906 14 1.00000
136.6 43.42102 14 1.00000
136.7 43.20691 14 1.00000
136.8 43.25212 14 1.00000
136.9 43.27828 14 1.00000
137.0 43.33821 14 1.00000
137.1 43.38431 14 1.00000
137.2 43.14679 14 1.00000
137.3 43.21278 14 1.00000
137.4 43.25663 14 1.00000
137.5 43.27876 14 1.00000
137.6 43.34411 14 1.00000
137.7 43.38955 14 1.00000
137.8 43.14439 14 1.00000
137.9 43.21872 14 1.00000
138.0 43.26089 14 1.00000
138.1 43.27955 14 1.00000
138.2 43.35038 14 1.00000
138.3 43.39541 14 1.00000
138.4 43.15034 14 1.00000
138.5 43.22469 14 1.00000
138.6 43.26495 14 1.00000
138.7 43.28111 14 1.00000
138.8 43.35664 14 1.00000
138.9 43.40107 14 1.00000
139.0 43.16945 14 1.00000
139.1 43.23087 14 1.00000
139.2 43.26883 14 1.00000
139.3 43.29430 14 1.00000
139.4 43.36316 14 1.00000
139.5 43.40701 14 1.00000
139.6 43.18918 14 1.00000
139.7 43.23709 14 1.00000
139.8 43.27230 14 1.00000
139.9 43.30899 14 1.00000
140.0 43.36994 14 1.00000
140.1 43.41293 14 1.00000
140.2 43.19747 14 1.00000
140.3 43.24476 14 1.00000
140.4 43.27532 14 1.00000
140.5 43.32617 14 1.00000
140.6 43.37666 14 1.00000
140.7 43.41926 14 1.00000
140.8 43.20528 14 1.00000
140.9 43.25092 14 1.00000
141.0 43.27800 14 1.00000
141.1 43.33741 14 1.00000
141.2 43.38397 14 1.00000
141.3 43.14680 14 1.00000
141.4 43.21311 14 1.00000
141.5 43.25705 14 1.00000
141.6 43.27892 14 1.00000
141.7 43.34536 14 1.00000
141.8 43.39125 14 1.00000
141.9 43.14367 14 1.00000
142.0 43.22087 14 1.00000
142.1 43.26266 14 1.00000
142.2 43.27975 14 1.00000
142.3 43.35364 14 1.00000
142.4 43.39872 14 1.00000
142.5 43.16098 14 1.00000
142.6 43.22865 14 1.00000
142.7 43.26764 14 1.00000
142.8 43.29121 14 1.00000
142.9 43.36195 14 1.00000
143.0 43.40613 14 1.00000
143.1 43.18833 14 1.00000
143.2 43.23665 14 1.00000
143.3 43.27226 14 1.00000
143.4 43.30932 14 1.00000
143.5 43.37031 14 1.00000
143.6 43.41346 14 1.00000
143.7 43.19841 14 1.00000
143.8 43.24588 14 1.00000
143.9 43.27589 14 1.00000
144.0 43.33101 14 1.00000
144.1 43.37869 14 1.00000
144.2 43.42127 14 1.00000
144.3 43.20791 14 1.00000
144.4 43.25327 14 1.00000
144.5 43.27881 14 1.00000
144.6 43.34103 14 1.00000
144.7 43.38750 14 1.00000
144.8 43.14492 14 1.00000
144.9 43.21765 14 1.00000
145.0 43.26035 14 1.00000
145.1 43.27952 14 1.00000
145.2 43.35073 14 1.00000
145.3 43.39633 14 1.00000
145.4 43.15495 14 1.00000
145.5 43.22674 14 1.00000
145.6 43.26646 14 1.00000
145.7 43.28766 14 1.00000
145.8 43.36063 14 1.00000
145.9 43.40516 14 1.00000
146.0 43.18720 14 1.00000
146.1 43.23562 14 1.00000
146.2 43.27198 14 1.00000
146.3 43.30886 14 1.00000
146.4 43.37034 14 1.00000
146.5 43.41369 14 1.00000
146.6 43.19875 14 1.00000
146.7 43.24620 14 1.00000
146.8 43.27623 14 1.00000
146.9 43.33248 14 1.00000
147.0 43.38020 14 1.00000
147.1 43.42251 14 1.00000
147.2 43.20970 14 1.00000
147.3 43.25520 14 1.00000
147.4 43.27854 14 1.00000
147.5 43.34381 14 1.00000
147.6 43.38993 14 1.00000
147.7 43.14399 14 1.00000
147.8 43.22090 14 1.00000
147.9 43.26287 14 1.00000
148.0 43.27978 14 1.00000
148.1 43.35468 14 1.00000
148.2 43.40008 14 1.00000
148.3 43.16766 14 1.00000
148.4 43.23118 14 1.00000
148.5 43.26938 14 1.00000
148.6 43.29835 14 1.00000
148.7 43.36551 14 1.00000
148.8 43.41005 14 1.00000
148.9 43.19402 14 1.00000
149.0 43.24258 14 1.00000
149.1 43.27476 14 1.00000
149.2 43.32420 14 1.00000
149.3 43.37679 14 1.00000
149.4 43.41965 14 1.00000
149.5 43.20670 14 1.00000
149.6 43.25272 14 1.00000
149.7 43.27871 14 1.00000
149.8 43.34125 14 1.00000
149.9 43.38795 14 1.00000
150.0 43.14465 14 1.00000
150.1 43.21886 14 1.00000
150.2 43.26151 14 1.00000
150.3 43.27969 14 1.00000
150.4 43.35348 14 1.00000
150.5 43.39919 14 1.00000
150.6 43.16465 14 1.00000
150.7 43.23022 14 1.00000
150.8 43.26890 14 1.00000
150.9 43.29772 14 1.00000
151.0 43.36544 14 1.00000
151.1 43.41002 14 1.00000
151.2 43.19385 14 1.00000
151.3 43.24280 14 1.00000
151.4 43.27494 14 1.00000
151.5 43.32651 14 1.00000
151.6 43.37764 14 1.00000
151.7 43.42045 14 1.00000
151.8 43.20774 14 1.00000
151.9 43.25382 14 1.00000
152.0 43.27832 14 1.00000
152.1 43.34310 14 1.00000
152.2 43.38968 14 1.00000
152.3 43.14399 14 1.00000
152.4 43.22132 14 1.00000
152.5 43.26345 14 1.00000
152.6 43.27981 14 1.00000
152.7 43.35625 14 1.00000
152.8 43.40173 14 1.00000
152.9 43.17527 14 1.00000
153.0 43.23359 14 1.00000
153.1 43.27095 14 1.00000
153.2 43.30603 14 1.00000
153.3 43.36940 14 1.00000
153.4 43.41348 14 1.00000
153.5 43.19902 14 1.00000
153.6 43.24713 14 1.00000
153.7 43.27677 14 1.00000
153.8 43.33439 14 1.00000
153.9 43.38241 14 1.00000
154.0 43.14684 14 1.00000
154.1 43.21370 14 1.00000
154.2 43.25845 14 1.00000
154.3 43.27930 14 1.00000
154.4 43.34897 14 1.00000
154.5 43.39569 14 1.00000
154.6 43.15543 14 1.00000
154.7 43.22773 14 1.00000
154.8 43.26751 14 1.00000
154.9 43.29237 14 1.00000
155.0 43.36356 14 1.00000
155.1 43.40871 14 1.00000
155.2 43.19265 14 1.00000
155.3 43.24191 14 1.00000
155.4 43.27464 14 1.00000
155.5 43.32518 14 1.00000
155.6 43.37758 14 1.00000
155.7 43.42060 14 1.00000
155.8 43.20859 14 1.00000
155.9 43.25451 14 1.00000
156.0 43.27851 14 1.00000
156.1 43.34484 14 1.00000
156.2 43.39150 14 1.00000
156.3 43.14380 14 1.00000
156.4 43.22377 14 1.00000
156.5 43.26510 14 1.00000
156.6 43.28395 14 1.00000
156.7 43.35962 14 1.00000
156.8 43.40530 14 1.00000
156.9 43.18855 14 1.00000
157.0 43.23734 14 1.00000
157.1 43.27333 14 1.00000
157.2 43.31818 14 1.00000
157.3 43.37505 14 1.00000
157.4 43.41838 14 1.00000
157.5 43.20565 14 1.00000
157.6 43.25248 14 1.00000
157.7 43.27810 14 1.00000
157.8 43.34268 14 1.00000
157.9 43.38972 14 1.00000
158.0 43.14378 14 1.00000
158.1 43.22176 14 1.00000
158.2 43.26415 14 1.00000
158.3 43.28078 14 1.00000
158.4 43.35839 14 1.00000
158.5 43.40408 14 1.00000
158.6 43.18681 14 1.00000
158.7 43.23666 14 1.00000
158.8 43.27299 14 1.00000
158.9 43.31678 14 1.00000
159.0 43.37438 14 1.00000
159.1 43.41796 14 1.00000
159.2 43.20535 14 1.00000
159.3 43.25255 14 1.00000
159.4 43.27812 14 1.00000
159.5 43.34285 14 1.00000
159.6 43.38990 14 1.00000
159.7 43.14369 14 1.00000
159.8 43.22270 14 1.00000
159.9 43.26468 14 1.00000
160.0 43.28279 14 1.00000
160.1 43.35927 14 1.00000
160.2 43.40489 14 1.00000
160.3 43.18868 14 1.00000
160.4 43.23793 14 1.00000
160.5 43.27374 14 1.00000
160.6 43.32078 14 1.00000
160.7 43.37609 14 1.00000
160.8 43.41950 14 1.00000
160.9 43.20768 14 1.00000
161.0 43.25446 14 1.00000
161.1 43.27859 14 1.00000
161.2 43.34517 14 1.00000
161.3 43.39204 14 1.00000
161.4 43.14688 14 1.00000
161.5 43.22552 14 1.00000
161.6 43.26661 14 1.00000
161.7 43.28984 14 1.00000
161.8 43.36267 14 1.00000
161.9 43.40834 14 1.00000
162.0 43.19310 14 1.00000
162.1 43.24286 14 1.00000
162.2 43.27532 14 1.00000
162.3 43.33073 14 1.00000
162.4 43.37962 14 1.00000
162.5 43.14695 14 1.00000
162.6 43.21237 14 1.00000
162.7 43.25803 14 1.00000
162.8 43.27930 14 1.00000
162.9 43.34978 14 1.00000
163.0 43.39704 14 1.00000
163.1 43.16172 14 1.00000
163.2 43.23037 14 1.00000
163.3 43.26951 14 1.00000
163.4 43.30148 14 1.00000
163.5 43.36801 14 1.00000
163.6 43.41343 14 1.00000
163.7 43.19974 14 1.00000
163.8 43.24816 14 1.00000
163.9 43.27744 14 1.00000
164.0 43.33712 14 1.00000
164.1 43.38604 14 1.00000
164.2 43.14487 14 1.00000
164.3 43.21962 14 1.00000
164.4 43.26270 14 1.00000
164.5 43.27980 14 1.00000
164.6 43.35715 14 1.00000
164.7 43.40366 14 1.00000
164.8 43.18761 14 1.00000
164.9 43.23721 14 1.00000
165.0 43.27334 14 1.00000
165.1 43.31907 14 1.00000
165.2 43.37615 14 1.00000
165.3 43.42023 14 1.00000
165.4 43.20868 14 1.00000
165.5 43.25528 14 1.00000
165.6 43.27880 14 1.00000
165.7 43.34708 14 1.00000
165.8 43.39447 14 1.00000
165.9 43.15429 14 1.00000
166.0 43.22837 14 1.00000
166.1 43.26834 14 1.00000
166.2 43.29700 14 1.00000
166.3 43.36688 14 1.00000
166.4 43.41247 14 1.00000
166.5 43.19843 14 1.00000
166.6 43.24732 14 1.00000
166.7 43.27716 14 1.00000
166.8 43.33691 14 1.00000
166.9 43.38605 14 1.00000
167.0 43.14485 14 1.00000
167.1 43.21976 14 1.00000
167.2 43.26283 14 1.00000
167.3 43.27981 14 1.00000
167.4 43.35826 14 1.00000
167.5 43.40472 14 1.00000
167.6 43.18902 14 1.00000
167.7 43.23832 14 1.00000
167.8 43.27394 14 1.00000
167.9 43.32494 14 1.00000
168.0 43.37852 14 1.00000
168.1 43.42223 14 1.00000
168.2 43.21142 14 1.00000
168.3 43.25732 14 1.00000
168.4 43.27925 14 1.00000
168.5 43.35069 14 1.00000
168.6 43.39827 14 1.00000
168.7 43.16580 14 1.00000
168.8 43.23169 14 1.00000
168.9 43.27035 14 1.00000
169.0 43.30752 14 1.00000
169.1 43.37180 14 1.00000
169.2 43.41649 14 1.00000
169.3 43.20428 14 1.00000
169.4 43.25164 14 1.00000
169.5 43.27866 14 1.00000
169.6 43.34377 14 1.00000
169.7 43.39188 14 1.00000
169.8 43.14735 14 1.00000
169.9 43.22588 14 1.00000
170.0 43.26694 14 1.00000
170.1 43.29403 14 1.00000
170.2 43.36562 14 1.00000
170.3 43.41158 14 1.00000
170.4 43.19722 14 1.00000
170.5 43.24659 14 1.00000
170.6 43.27701 14 1.00000
170.7 43.33735 14 1.00000
170.8 43.38654 14 1.00000
170.9 43.14466 14 1.00000
171.0 43.22045 14 1.00000
171.1 43.26336 14 1.00000
171.2 43.28205 14 1.00000
171.3 43.36030 14 1.00000
171.4 43.40677 14 1.00000
171.5 43.19154 14 1.00000
171.6 43.24163 14 1.00000
171.7 43.27525 14 1.00000
171.8 43.33285 14 1.00000
171.9 43.38200 14 1.00000
172.0 43.14678 14 1.00000
172.1 43.21541 14 1.00000
172.2 43.26044 14 1.00000
172.3 43.27975 14 1.00000
172.4 43.35625 14 1.00000
172.5 43.40318 14 1.00000
172.6 43.18605 14 1.00000
172.7 43.23693 14 1.00000
172.8 43.27317 14 1.00000
172.9 43.32524 14 1.00000
173.0 43.37874 14 1.00000
173.1 43.42253 14 1.00000
173.2 43.21190 14 1.00000
173.3 43.25762 14 1.00000
173.4 43.27950 14 1.00000
173.5 43.35305 14 1.00000
173.6 43.40035 14 1.00000
173.7 43.17381 14 1.00000
173.8 43.23410 14 1.00000
173.9 43.27170 14 1.00000
174.0 43.31845 14 1.00000
174.1 43.37612 14 1.00000
174.2 43.42038 14 1.00000
174.3 43.20908 14 1.00000
174.4 43.25574 14 1.00000
174.5 43.27923 14 1.00000
174.6 43.35058 14 1.00000
174.7 43.39813 14 1.00000
174.8 43.16689 14 1.00000
174.9 43.23213 14 1.00000
175.0 43.27068 14 1.00000
175.1 43.31416 14 1.00000
175.2 43.37442 14 1.00000
175.3 43.41882 14 1.00000
175.4 43.20735 14 1.00000
175.5 43.25434 14 1.00000
175.6 43.27866 14 1.00000
175.7 43.34930 14 1.00000
175.8 43.39669 14 1.00000
175.9 43.16264 14 1.00000
176.0 43.23106 14 1.00000
176.1 43.27007 14 1.00000
176.2 43.31129 14 1.00000
176.3 43.37365 14 1.00000
176.4 43.41815 14 1.00000
176.5 43.20655 14 1.00000
176.6 43.25348 14 1.00000
176.7 43.27846 14 1.00000
176.8 43.34891 14 1.00000
176.9 43.39636 14 1.00000
177.0 43.16161 14 1.00000
177.1 43.23077 14 1.00000
177.2 43.26992 14 1.00000
177.3 43.31135 14 1.00000
177.4 43.37370 14 1.00000
177.5 43.41822 14 1.00000
177.6 43.20666 14 1.00000
177.7 43.25359 14 1.00000
177.8 43.27849 14 1.00000
177.9 43.34938 14 1.00000
178.0 43.39681 14 1.00000
178.1 43.16322 14 1.00000
178.2 43.23128 14 1.00000
178.3 43.27023 14 1.00000
178.4 43.30533 14 1.00000
178.5 43.37458 14 1.00000
178.6 43.41902 14 1.00000
178.7 43.20770 14 1.00000
178.8 43.25467 14 1.00000
178.9 43.27875 14 1.00000
179.0 43.35072 14 1.00000
179.1 43.39821 14 1.00000
179.2 43.16806 14 1.00000
179.3 43.23256 14 1.00000
179.4 43.27098 14 1.00000
179.5 43.30876 14 1.00000
179.6 43.37635 14 1.00000
179.7 43.42070 14 1.00000
179.8 43.20963 14 1.00000
179.9 43.25624 14 1.00000
180.0 43.27906 14 1.00000
180.1 43.34838 14 1.00000
180.2 43.40067 14 1.00000
180.3 43.17561 14 1.00000
180.4 43.23470 14 1.00000
180.5 43.27212 14 1.00000
180.6 43.31437 14 1.00000
180.7 43.37402 14 1.00000
180.8 43.14695 14 1.00000
180.9 43.21261 14 1.00000
181.0 43.25827 14 1.00000
181.1 43.27943 14 1.00000
181.2 43.35133 14 1.00000
181.3 43.40355 14 1.00000
181.4 43.18753 14 1.00000
181.5 43.23766 14 1.00000
181.6 43.27365 14 1.00000
181.7 43.32290 14 1.00000
181.8 43.37716 14 1.00000
181.9 43.14673 14 1.00000
182.0 43.21622 14 1.00000
182.1 43.26106 14 1.00000
182.2 43.27974 14 1.00000
182.3 43.35509 14 1.00000
182.4 43.40179 14 1.00000
182.5 43.19231 14 1.00000
182.6 43.24251 14 1.00000
182.7 43.27550 14 1.00000
182.8 43.33231 14 1.00000
182.9 43.38116 14 1.00000
183.0 43.14692 14 1.00000
183.1 43.22113 14 1.00000
183.2 43.26412 14 1.00000
183.3 43.28217 14 1.00000
183.4 43.35986 14 1.00000
183.5 43.40591 14 1.00000
183.6 43.19798 14 1.00000
183.7 43.24721 14 1.00000
183.8 43.27724 14 1.00000
183.9 43.33730 14 1.00000
184.0 43.38587 14 1.00000
184.1 43.14497 14 1.00000
184.2 43.22668 14 1.00000
184.3 43.26765 14 1.00000
184.4 43.29391 14 1.00000
184.5 43.36533 14 1.00000
184.6 43.41102 14 1.00000
184.7 43.19654 14 1.00000
184.8 43.25245 14 1.00000
184.9 43.27809 14 1.00000
185.0 43.34326 14 1.00000
185.1 43.39163 14 1.00000
185.2 43.14590 14 1.00000
185.3 43.22522 14 1.00000
185.4 43.27095 14 1.00000
185.5 43.30901 14 1.00000
185.6 43.37169 14 1.00000
185.7 43.41647 14 1.00000
185.8 43.20360 14 1.00000
185.9 43.25116 14 1.00000
186.0 43.27937 14 1.00000
186.1 43.35102 14 1.00000
186.2 43.39774 14 1.00000
186.3 43.16489 14 1.00000
186.4 43.23166 14 1.00000
186.5 43.27423 14 1.00000
186.6 43.32685 14 1.00000
186.7 43.37868 14 1.00000
186.8 43.42236 14 1.00000
186.9 43.21135 14 1.00000
187.0 43.25723 14 1.00000
187.1 43.27988 14 1.00000
187.2 43.35862 14 1.00000
187.3 43.40506 14 1.00000
187.4 43.18905 14 1.00000
187.5 43.23836 14 1.00000
187.6 43.27393 14 1.00000
187.7 43.33760 14 1.00000
187.8 43.38623 14 1.00000
187.9 43.14483 14 1.00000
188.0 43.21963 14 1.00000
188.1 43.26310 14 1.00000
188.2 43.27981 14 1.00000
188.3 43.36717 14 1.00000
188.4 43.41278 14 1.00000
188.5 43.19869 14 1.00000
188.6 43.24743 14 1.00000
188.7 43.27719 14 1.00000
188.8 43.33693 14 1.00000
188.9 43.39473 14 1.00000
189.0 43.15527 14 1.00000
189.1 43.22861 14 1.00000
189.2 43.26860 14 1.00000
189.3 43.29738 14 1.00000
189.4 43.36665 14 1.00000
189.5 43.42042 14 1.00000
189.6 43.20901 14 1.00000
189.7 43.25531 14 1.00000
189.8 43.27888 14 1.00000
189.9 43.34699 14 1.00000
190.0 43.39418 14 1.00000
190.1 43.18742 14 1.00000
190.2 43.23721 14 1.00000
190.3 43.27343 14 1.00000
190.4 43.32081 14 1.00000
190.5 43.37620 14 1.00000
190.6 43.42001 14 1.00000
190.7 43.21936 14 1.00000
190.8 43.26297 14 1.00000
190.9 43.27981 14 1.00000
191.0 43.35749 14 1.00000
191.1 43.40368 14 1.00000
191.2 43.18601 14 1.00000
191.3 43.24806 14 1.00000
191.4 43.27745 14 1.00000
191.5 43.33783 14 1.00000
191.6 43.38622 14 1.00000
191.7 43.14494 14 1.00000
191.8 43.21891 14 1.00000
191.9 43.26956 14 1.00000
192.0 43.30216 14 1.00000
192.1 43.36847 14 1.00000
192.2 43.41357 14 1.00000
192.3 43.19940 14 1.00000
192.4 43.24777 14 1.00000
192.5 43.27930 14 1.00000
192.6 43.34998 14 1.00000
192.7 43.39679 14 1.00000
192.8 43.16113 14 1.00000
192.9 43.23023 14 1.00000
193.0 43.26943 14 1.00000
193.1 43.33080 14 1.00000
193.2 43.37987 14 1.00000
193.3 43.14695 14 1.00000
193.4 43.21227 14 1.00000
193.5 43.25776 14 1.00000
193.6 43.27929 14 1.00000
193.7 43.36229 14 1.00000
193.8 43.40802 14 1.00000
193.9 43.19280 14 1.00000
194.0 43.24239 14 1.00000
194.1 43.27523 14 1.00000
194.2 43.33075 14 1.00000
194.3 43.39161 14 1.00000
194.4 43.14601 14 1.00000
194.5 43.22513 14 1.00000
194.6 43.26634 14 1.00000
194.7 43.28809 14 1.00000
194.8 43.36236 14 1.00000
194.9 43.41925 14 1.00000
195.0 43.20734 14 1.00000
195.1 43.25390 14 1.00000
195.2 43.27835 14 1.00000
195.3 43.34422 14 1.00000
195.4 43.39177 14 1.00000
195.5 43.18773 14 1.00000
195.6 43.23727 14 1.00000
195.7 43.27337 14 1.00000
195.8 43.31988 14 1.00000
195.9 43.37550 14 1.00000
196.0 43.41948 14 1.00000
196.1 43.22145 14 1.00000
196.2 43.26410 14 1.00000
196.3 43.28106 14 1.00000
196.4 43.35876 14 1.00000
196.5 43.40462 14 1.00000
196.6 43.18815 14 1.00000
196.7 43.25115 14 1.00000
196.8 43.27844 14 1.00000
196.9 43.34103 14 1.00000
197.0 43.38908 14 1.00000
197.1 43.14402 14 1.00000
197.2 43.22190 14 1.00000
197.3 43.27212 14 1.00000
197.4 43.31373 14 1.00000
197.5 43.37319 14 1.00000
197.6 43.41747 14 1.00000
197.7 43.20426 14 1.00000
197.8 43.25161 14 1.00000
197.9 43.27981 14 1.00000
198.0 43.35669 14 1.00000
198.1 43.40297 14 1.00000
198.2 43.18294 14 1.00000
198.3 43.23566 14 1.00000
198.4 43.27243 14 1.00000
198.5 43.33960 14 1.00000
198.6 43.38766 14 1.00000
198.7 43.14449 14 1.00000
198.8 43.22048 14 1.00000
198.9 43.26338 14 1.00000
199.0 43.27981 14 1.00000
199.1 43.37223 14 1.00000
199.2 43.41677 14 1.00000
199.3 43.20343 14 1.00000
199.4 43.25102 14 1.00000
199.5 43.27827 14 1.00000
199.6 43.34044 14 1.00000
199.7 43.40268 14 1.00000
199.8 43.18191 14 1.00000
199.9 43.23546 14 1.00000
200.0 43.27234 14 1.00000
200.1 43.31414 14 1.00000
200.2 43.37325 14 1.00000
200.3 43.41726 14 1.00000
200.4 43.22073 14 1.00000
200.5 43.26358 14 1.00000
200.6 43.27981 14 1.00000
200.7 43.35748 14 1.00000
200.8 43.40357 14 1.00000
200.9 43.18439 14 1.00000
201.0 43.25166 14 1.00000
201.1 43.27853 14 1.00000
201.2 43.34133 14 1.00000
201.3 43.38913 14 1.00000
201.4 43.14403 14 1.00000
201.5 43.22145 14 1.00000
201.6 43.27295 14 1.00000
201.7 43.31751 14 1.00000
201.8 43.37458 14 1.00000
201.9 43.41850 14 1.00000
202.0 43.20564 14 1.00000
202.1 43.25247 14 1.00000
202.2 43.28297 14 1.00000
202.3 43.35951 14 1.00000
202.4 43.40528 14 1.00000
202.5 43.18875 14 1.00000
202.6 43.23773 14 1.00000
202.7 43.27344 14 1.00000
202.8 43.34372 14 1.00000
202.9 43.39133 14 1.00000
203.0 43.14399 14 1.00000
203.1 43.22406 14 1.00000
203.2 43.26557 14 1.00000
203.3 43.28526 14 1.00000
203.4 43.36031 14 1.00000
203.5 43.42096 14 1.00000
203.6 43.20913 14 1.00000
203.7 43.25498 14 1.00000
203.8 43.27856 14 1.00000
203.9 43.34514 14 1.00000
204.0 43.39231 14 1.00000
204.1 43.19294 14 1.00000
204.2 43.24225 14 1.00000
204.3 43.27499 14 1.00000
204.4 43.32879 14 1.00000
204.5 43.37878 14 1.00000
204.6 43.42192 14 1.00000
204.7 43.22796 14 1.00000
204.8 43.26804 14 1.00000
204.9 43.29347 14 1.00000
205.0 43.36445 14 1.00000
205.1 43.40958 14 1.00000
205.2 43.19428 14 1.00000
205.3 43.24320 14 1.00000
205.4 43.27940 14 1.00000
205.5 43.35017 14 1.00000
205.6 43.39661 14 1.00000
205.7 43.15938 14 1.00000
205.8 43.22916 14 1.00000
205.9 43.26867 14 1.00000
206.0 43.33552 14 1.00000
206.1 43.38348 14 1.00000
206.2 43.14676 14 1.00000
206.3 43.21522 14 1.00000
206.4 43.25943 14 1.00000
206.5 43.27952 14 1.00000
206.6 43.37016 14 1.00000
206.7 43.41462 14 1.00000
206.8 43.20034 14 1.00000
206.9 43.24821 14 1.00000
207.0 43.27729 14 1.00000
207.1 43.33680 14 1.00000
207.2 43.40223 14 1.00000
207.3 43.17934 14 1.00000
207.4 43.23471 14 1.00000
207.5 43.27184 14 1.00000
207.6 43.30996 14 1.00000
207.7 43.37142 14 1.00000
207.8 43.41561 14 1.00000
207.9 43.22182 14 1.00000
208.0 43.26419 14 1.00000
208.1 43.28087 14 1.00000
208.2 43.35806 14 1.00000
208.3 43.40361 14 1.00000
208.4 43.18391 14 1.00000
208.5 43.25426 14 1.00000
208.6 43.27837 14 1.00000
208.7 43.34391 14 1.00000
208.8 43.39131 14 1.00000
208.9 43.14310 14 1.00000
209.0 43.22325 14 1.00000
209.1 43.26491 14 1.00000
209.2 43.32935 14 1.00000
209.3 43.37891 14 1.00000
209.4 43.42199 14 1.00000
209.5 43.20999 14 1.00000
209.6 43.25545 14 1.00000
209.7 43.27863 14 1.00000
209.8 43.36578 14 1.00000
209.9 43.41071 14 1.00000
210.0 43.19566 14 1.00000
210.1 43.24426 14 1.00000
210.2 43.27570 14 1.00000
210.3 43.33208 14 1.00000
210.4 43.39903 14 1.00000
210.5 43.16685 14 1.00000
210.6 43.23134 14 1.00000
210.7 43.26994 14 1.00000
210.8 43.30119 14 1.00000
210.9 43.36720 14 1.00000
211.0 43.41198 14 1.00000
211.1 43.21918 14 1.00000
211.2 43.26213 14 1.00000
211.3 43.27977 14 1.00000
211.4 43.35476 14 1.00000
211.5 43.40039 14 1.00000
211.6 43.17128 14 1.00000
211.7 43.25251 14 1.00000
211.8 43.27868 14 1.00000
211.9 43.34165 14 1.00000
212.0 43.38899 14 1.00000
212.1 43.14430 14 1.00000
212.2 43.22058 14 1.00000
212.3 43.26297 14 1.00000
212.4 43.32528 14 1.00000
212.5 43.37732 14 1.00000
212.6 43.42056 14 1.00000
212.7 43.20810 14 1.00000
212.8 43.25396 14 1.00000
212.9 43.27823 14 1.00000
213.0 43.36494 14 1.00000
213.1 43.40987 14 1.00000
213.2 43.19448 14 1.00000
213.3 43.24321 14 1.00000
213.4 43.27521 14 1.00000
213.5 43.32943 14 1.00000
213.6 43.37869 14 1.00000
213.7 43.16576 14 1.00000
213.8 43.23094 14 1.00000
213.9 43.26965 14 1.00000
214.0 43.29974 14 1.00000
214.1 43.36646 14 1.00000
214.2 43.41109 14 1.00000
214.3 43.21945 14 1.00000
214.4 43.26224 14 1.00000
214.5 43.27977 14 1.00000
214.6 43.35472 14 1.00000
214.7 43.40026 14 1.00000
214.8 43.17045 14 1.00000
214.9 43.23211 14 1.00000
215.0 43.27811 14 1.00000
215.1 43.34250 14 1.00000
215.2 43.38967 14 1.00000
215.3 43.14402 14 1.00000
215.4 43.22111 14 1.00000
215.5 43.26325 14 1.00000
215.6 43.27981 14 1.00000
215.7 43.37875 14 1.00000
215.8 43.42168 14 1.00000
215.9 43.20938 14 1.00000
216.0 43.25484 14 1.00000
216.1 43.27844 14 1.00000
216.2 43.34391 14 1.00000
216.3 43.41162 14 1.00000
216.4 43.19659 14 1.00000
216.5 43.24482 14 1.00000
216.6 43.27586 14 1.00000
216.7 43.33232 14 1.00000
216.8 43.38010 14 1.00000
216.9 43.14695 14 1.00000
217.0 43.23331 14 1.00000
217.1 43.27090 14 1.00000
217.2 43.30484 14 1.00000
217.3 43.36900 14 1.00000
217.4 43.41319 14 1.00000
217.5 43.19820 14 1.00000
217.6 43.26447 14 1.00000
217.7 43.28109 14 1.00000
217.8 43.35786 14 1.00000
217.9 43.40301 14 1.00000
218.0 43.18082 14 1.00000
218.1 43.23465 14 1.00000
218.2 43.27158 14 1.00000
218.3 43.34621 14 1.00000
218.4 43.39294 14 1.00000
218.5 43.14664 14 1.00000
218.6 43.22437 14 1.00000
218.7 43.26544 14 1.00000
218.8 43.28382 14 1.00000
218.9 43.35908 14 1.00000
219.0 43.14687 14 1.00000
219.1 43.21354 14 1.00000
219.2 43.25780 14 1.00000
219.3 43.27915 14 1.00000
219.4 43.34797 14 1.00000
219.5 43.39425 14 1.00000
219.6 43.20184 14 1.00000
219.7 43.24902 14 1.00000
219.8 43.27746 14 1.00000
219.9 43.33694 14 1.00000
220.0 43.38424 14 1.00000
220.1 43.14673 14 1.00000
220.2 43.21489 14 1.00000
220.3 43.27340 14 1.00000
220.4 43.31750 14 1.00000
220.5 43.37384 14 1.00000
220.6 43.41742 14 1.00000
220.7 43.20344 14 1.00000
220.8 43.25014 14 1.00000
220.9 43.27785 14 1.00000
221.0 43.36340 14 1.00000
221.1 43.40819 14 1.00000
221.2 43.19177 14 1.00000
221.3 43.24074 14 1.00000
221.4 43.27407 14 1.00000
221.5 43.32100 14 1.00000
221.6 43.37514 14 1.00000
221.7 43.16414 14 1.00000
221.8 43.23014 14 1.00000
221.9 43.26898 14 1.00000
222.0 43.29598 14 1.00000
222.1 43.36477 14 1.00000
222.2 43.40928 14 1.00000
222.3 43.22031 14 1.00000
222.4 43.26259 14 1.00000
222.5 43.27978 14 1.00000
222.6 43.35453 14 1.00000
222.7 43.40009 14 1.00000
222.8 43.16869 14 1.00000
222.9 43.23131 14 1.00000
223.0 43.27850 14 1.00000
223.1 43.34421 14 1.00000
223.2 43.39090 14 1.00000
223.3 43.14362 14 1.00000
223.4 43.22174 14 1.00000
223.5 43.26345 14 1.00000
223.6 43.27981 14 1.00000
223.7 43.38144 14 1.00000
223.8 43.14695 14 1.00000
223.9 43.21163 14 1.00000
224.0 43.25623 14 1.00000
224.1 43.27878 14 1.00000
224.2 43.34556 14 1.00000
224.3 43.39198 14 1.00000
224.4 43.20074 14 1.00000
224.5 43.24810 14 1.00000
224.6 43.27710 14 1.00000
224.7 43.33550 14 1.00000
224.8 43.38270 14 1.00000
224.9 43.14690 14 1.00000
225.0 43.21270 14 1.00000
225.1 43.27325 14 1.00000
225.2 43.31606 14 1.00000
225.3 43.37306 14 1.00000
225.4 43.41652 14 1.00000
225.5 43.20222 14 1.00000
225.6 43.24913 14 1.00000
225.7 43.29319 14 1.00000
225.8 43.36341 14 1.00000
225.9 43.40812 14 1.00000
226.0 43.19160 14 1.00000
226.1 43.23914 14 1.00000
226.2 43.27380 14 1.00000
226.3 43.31879 14 1.00000
226.4 43.39951 14 1.00000
226.5 43.16633 14 1.00000
226.6 43.23056 14 1.00000
226.7 43.26911 14 1.00000
226.8 43.29631 14 1.00000
226.9 43.36469 14 1.00000
227.0 43.40915 14 1.00000
227.1 43.22167 14 1.00000
227.2 43.26335 14 1.00000
227.3 43.27980 14 1.00000
227.4 43.35553 14 1.00000
227.5 43.40078 14 1.00000
227.6 43.17047 14 1.00000
227.7 43.23174 14 1.00000
227.8 43.27891 14 1.00000
227.9 43.34623 14 1.00000
228.0 43.39253 14 1.00000
228.1 43.14391 14 1.00000
228.2 43.22318 14 1.00000
228.3 43.26427 14 1.00000
228.4 43.27981 14 1.00000
228.5 43.38411 14 1.00000
228.6 43.14676 14 1.00000
228.7 43.21426 14 1.00000
228.8 43.25810 14 1.00000
228.9 43.27914 14 1.00000
229.0 43.34777 14 1.00000
229.1 43.39379 14 1.00000
229.2 43.20492 14 1.00000
229.3 43.25116 14 1.00000
229.4 43.27812 14 1.00000
229.5 43.33895 14 1.00000
229.6 43.38564 14 1.00000
229.7 43.14548 14 1.00000
229.8 43.21565 14 1.00000
229.9 43.27528 14 1.00000
230.0 43.32813 14 1.00000
230.1 43.37755 14 1.00000
230.2 43.42022 14 1.00000
230.3 43.20681 14 1.00000
230.4 43.25261 14 1.00000
230.5 43.27851 14 1.00000
230.6 43.36927 14 1.00000
230.7 43.41307 14 1.00000
230.8 43.19782 14 1.00000
230.9 43.24549 14 1.00000
231.0 43.27594 14 1.00000
231.1 43.33184 14 1.00000
231.2 43.37908 14 1.00000
231.3 43.18876 14 1.00000
231.4 43.23671 14 1.00000
231.5 43.27254 14 1.00000
231.6 43.31145 14 1.00000
231.7 43.37122 14 1.00000
231.8 43.41458 14 1.00000
231.9 43.19957 14 1.00000
232.0 43.26842 14 1.00000
232.1 43.29359 14 1.00000
232.2 43.36326 14 1.00000
232.3 43.40769 14 1.00000
232.4 43.19085 14 1.00000
232.5 43.23830 14 1.00000
232.6 43.27334 14 1.00000
232.7 43.35561 14 1.00000
232.8 43.40083 14 1.00000
232.9 43.17048 14 1.00000
233.0 43.23157 14 1.00000
233.1 43.26953 14 1.00000
233.2 43.29758 14 1.00000
233.3 43.36508 14 1.00000
233.4 43.14827 14 1.00000
233.5 43.22449 14 1.00000
233.6 43.26511 14 1.00000
233.7 43.28210 14 1.00000
233.8 43.35772 14 1.00000
233.9 43.40261 14 1.00000
234.0 43.17687 14 1.00000
234.1 43.26018 14 1.00000
234.2 43.27952 14 1.00000
234.3 43.35043 14 1.00000
234.4 43.39603 14 1.00000
234.5 43.15401 14 1.00000
234.6 43.22653 14 1.00000
234.7 43.26635 14 1.00000
234.8 43.28580 14 1.00000
234.9 43.38950 14 1.00000
235.0 43.14435 14 1.00000
235.1 43.21962 14 1.00000
235.2 43.26175 14 1.00000
235.3 43.27969 14 1.00000
235.4 43.35257 14 1.00000
235.5 43.39785 14 1.00000
235.6 43.21257 14 1.00000
235.7 43.25676 14 1.00000
235.8 43.27886 14 1.00000
235.9 43.34565 14 1.00000
236.0 43.39158 14 1.00000
236.1 43.14352 14 1.00000
236.2 43.22174 14 1.00000
236.3 43.27816 14 1.00000
236.4 43.33881 14 1.00000
236.5 43.38538 14 1.00000
236.6 43.14553 14 1.00000
236.7 43.21505 14 1.00000
236.8 43.25845 14 1.00000
236.9 43.27921 14 1.00000
237.0 43.37915 14 1.00000
237.1 43.42163 14 1.00000
237.2 43.20828 14 1.00000
237.3 43.25348 14 1.00000
237.4 43.27882 14 1.00000
237.5 43.34128 14 1.00000
237.6 43.38751 14 1.00000
237.7 43.20149 14 1.00000
237.8 43.24827 14 1.00000
237.9 43.27704 14 1.00000
238.0 43.33485 14 1.00000
238.1 43.38165 14 1.00000
238.2 43.14694 14 1.00000
238.3 43.21084 14 1.00000
238.4 43.27481 14 1.00000
238.5 43.32381 14 1.00000
238.6 43.37577 14 1.00000
238.7 43.41865 14 1.00000
238.8 43.20441 14 1.00000
238.9 43.25044 14 1.00000
239.0 43.27784 14 1.00000
239.1 43.33738 14 1.00000
239.2 43.41356 14 1.00000
239.3 43.19799 14 1.00000
239.4 43.24540 14 1.00000
239.5 43.27591 14 1.00000
239.6 43.33130 14 1.00000
239.7 43.37839 14 1.00000
239.8 43.42091 14 1.00000
239.9 43.23902 14 1.00000
240.0 43.27361 14 1.00000
240.1 43.31620 14 1.00000
240.2 43.37297 14 1.00000
240.3 43.41609 14 1.00000
240.4 43.20120 14 1.00000
240.5 43.24794 14 1.00000
240.6 43.30309 14 1.00000
240.7 43.36766 14 1.00000
240.8 43.41134 14 1.00000
240.9 43.19520 14 1.00000
241.0 43.24315 14 1.00000
241.1 43.27495 14 1.00000
241.2 43.32448 14 1.00000
241.3 43.37605 14 1.00000
241.4 43.18928 14 1.00000
241.5 43.23724 14 1.00000
241.6 43.27266 14 1.00000
241.7 43.31118 14 1.00000
241.8 43.37102 14 1.00000
241.9 43.41436 14 1.00000
242.0 43.45251 14 1.00000
242.1 43.27011 14 1.00000
242.2 43.29948 14 1.00000
242.3 43.36610 14 1.00000
242.4 43.40997 14 1.00000
242.5 43.44863 14 1.00000
242.6 43.50584 14 1.00000
242.7 43.27436 14 1.00000
242.8 43.36130 14 1.00000
242.9 43.40567 14 1.00000
243.0 43.44483 14 1.00000
243.1 43.49525 14 1.00000
243.2 43.27219 14 1.00000
243.3 43.30886 14 1.00000
243.4 43.37011 14 1.00000
243.5 43.41357 14 1.00000
243.6 43.48484 14 1.00000
243.7 43.26981 14 1.00000
243.8 43.29829 14 1.00000
243.9 43.36560 14 1.00000
244.0 43.40954 14 1.00000
244.1 43.44827 14 1.00000
244.2 43.50489 14 1.00000
244.3 43.28879 14 1.00000
244.4 43.36122 14 1.00000
244.5 43.40562 14 1.00000
244.6 43.44481 14 1.00000
244.7 43.49524 14 1.00000
244.8 43.58941 14 1.00000
244.9 43.64940 14 1.00000
245.0 43.75355 14 1.00000
245.1 43.44144 14 1.00000
245.2 43.48580 14 1.00000
245.3 43.58181 14 1.00000
245.4 43.63625 14 1.00000
245.5 43.74607 14 1.00000
245.6 43.79757 14 1.00000
245.7 43.89888 14 1.00000
245.8 43.57438 14 1.00000
245.9 43.62782 14 1.00000
246.0 43.74014 14 1.00000
246.1 43.78367 14 1.00000
246.2 43.89262 14 1.00000
246.3 43.95068 14 1.00000
246.4 43.59157 14 1.00000
246.5 43.73315 14 1.00000
246.6 43.78637 14 1.00000
246.7 43.88630 14 1.00000
246.8 43.94000 14 1.00000
246.9 43.58480 14 1.00000
247.0 43.64159 14 1.00000
247.1 43.74916 14 1.00000
247.2 43.80320 14 1.00000
247.3 43.92887 14 1.00000
247.4 43.57822 14 1.00000
247.5 43.62993 14 1.00000
247.6 43.74258 14 1.00000
247.7 43.79135 14 1.00000
247.8 43.89610 14 1.00000
247.9 43.95649 14 1.00000
248.0 43.62799 14 1.00000
248.1 43.73784 14 1.00000
248.2 43.78402 14 1.00000
248.3 43.89068 14 1.00000
248.4 43.94754 14 1.00000
248.5 44.03439 14 1.00000
248.6 44.09441 14 1.00000
248.7 44.17194 14 1.00000
248.8 43.88528 14 1.00000
248.9 43.93836 14 1.00000
249.0 44.02990 14 1.00000
249.1 44.08710 14 1.00000
249.2 44.16761 14 1.00000
249.3 44.20793 14 1.00000
249.4 44.29913 14 1.00000
249.5 44.36379 14 1.00000
249.6 44.07976 14 1.00000
249.7 44.16342 14 1.00000
249.8 44.20015 14 1.00000
249.9 44.29463 14 1.00000
250.0 44.35997 14 1.00000
