15.0 1.45163 13 0.04470
15.1 1.45914 13 0.04506
15.2 1.46666 13 0.04541
15.3 1.47417 13 0.04575
15.4 1.48168 13 0.04610
15.5 1.48919 13 0.04644
15.6 1.49670 13 0.04677
15.7 1.50420 13 0.04710
15.8 1.51171 13 0.04743
15.9 1.51922 13 0.04775
16.0 1.52672 13 0.04807
16.1 1.53422 13 0.04839
16.2 1.54172 13 0.04870
16.3 1.54922 13 0.04901
16.4 1.55672 13 0.04931
16.5 1.56421 13 0.04955
16.6 1.57171 13 0.04985
16.7 1.57920 13 0.05014
16.8 1.58669 13 0.05043
16.9 1.59418 13 0.05072
17.0 1.60167 13 0.05100
17.1 1.60916 13 0.05128
17.2 1.61664 13 0.05156
17.3 1.62412 13 0.05184
17.4 1.63160 13 0.05211
17.5 1.63908 13 0.05238
17.6 1.64656 13 0.05264
17.7 1.65404 13 0.05290
17.8 1.66151 13 0.05317
17.9 1.66898 13 0.05342
18.0 1.67645 13 0.05368
18.1 1.68392 13 0.05393
18.2 1.69311 13 0.05431
18.3 1.70526 13 0.05492
18.4 1.71750 13 0.05552
18.5 1.72983 13 0.05613
18.6 1.74226 13 0.05674
18.7 1.75478 13 0.05735
18.8 1.76740 13 0.05797
18.9 1.78011 13 0.05858
19.0 1.79292 13 0.05920
19.1 1.80583 13 0.05982
19.2 1.81883 13 0.06044
19.3 1.83193 13 0.06107
19.4 1.84513 13 0.06169
19.5 1.85844 13 0.06232
19.6 1.87184 13 0.06295
19.7 1.88534 13 0.06359
19.8 1.89894 13 0.06422
19.9 1.91265 13 0.06486
20.0 17.45423 14 1.00000
20.1 17.53745 14 1.00000
20.2 17.62063 14 1.00000
20.3 17.70376 14 1.00000
20.4 17.78689 14 1.00000
20.5 17.87001 14 1.00000
20.6 17.95309 14 1.00000
20.7 18.03612 14 1.00000
20.8 18.11911 14 1.00000
20.9 18.20205 14 1.00000
21.0 18.28494 14 1.00000
21.1 18.36779 14 1.00000
21.2 18.45059 14 1.00000
21.3 18.53335 14 1.00000
21.4 18.61606 14 1.00000
21.5 18.73018 14 1.00000
21.6 18.81315 14 1.00000
21.7 18.89607 14 1.00000
21.8 18.97895 14 1.00000
21.9 19.06179 14 1.00000
22.0 19.14458 14 1.00000
22.1 19.22733 14 1.00000
22.2 19.31003 14 1.00000
22.3 19.39269 14 1.00000
22.4 19.47530 14 1.00000
22.5 19.55787 14 1.00000
22.6 19.64040 14 1.00000
22.7 19.72288 14 1.00000
22.8 19.80532 14 1.00000
22.9 5.56661 14 0.24577
23.0 5.68316 14 0.25082
23.1 5.80132 14 0.25591
23.2 5.92109 14 0.26104
23.3 6.04247 14 0.26622
23.4 6.16547 14 0.27143
23.5 6.29010 14 0.27668
23.6 6.41636 14 0.28198
23.7 6.54425 14 0.28731
23.8 6.67378 14 0.29268
23.9 6.80497 14 0.29809
24.0 6.93780 14 0.30354
24.1 7.07229 14 0.30903
24.2 7.20845 14 0.31456
24.3 7.34627 14 0.32013
24.4 7.48577 14 0.32574
24.5 7.62695 14 0.33138
24.6 7.76981 14 0.33706
24.7 7.91437 14 0.34278
24.8 8.06062 14 0.34854
24.9 8.20857 14 0.35434
25.0 8.35824 14 0.36017
25.1 8.50962 14 0.36604
25.2 8.66271 14 0.37195
25.3 8.81754 14 0.37790
25.4 8.97409 14 0.38388
25.5 9.13238 14 0.38990
25.6 9.29242 14 0.39596
25.7 9.45421 14 0.40206
25.8 9.61775 14 0.40819
25.9 9.77032 14 0.41473
26.0 9.93682 14 0.42093
26.1 10.10510 14 0.42717
26.2 10.27497 14 0.43344
26.3 10.44667 14 0.43976
26.4 10.62015 14 0.44611
26.5 10.79541 14 0.45249
26.6 10.97246 14 0.45891
26.7 11.15127 14 0.46537
26.8 11.33188 14 0.47186
26.9 11.51408 14 0.47839
27.0 11.67928 14 0.48528
27.1 11.86466 14 0.49188
27.2 12.05185 14 0.49851
27.3 12.24081 14 0.50518
27.4 12.43159 14 0.51188
27.5 12.62420 14 0.51862
27.6 12.81864 14 0.52539
27.7 13.01457 14 0.53220
27.8 13.21250 14 0.53905
27.9 13.41227 14 0.54593
28.0 13.58865 14 0.55312
28.1 13.79152 14 0.56007
28.2 13.99625 14 0.56705
28.3 14.20285 14 0.57406
28.4 14.41131 14 0.58111
28.5 14.62116 14 0.58820
28.6 14.83314 14 0.59532
28.7 15.04699 14 0.60248
28.8 15.26272 14 0.60967
28.9 15.44823 14 0.61713
29.0 15.66714 14 0.62439
29.1 15.88788 14 0.63167
29.2 16.11053 14 0.63900
29.3 16.33454 14 0.64636
29.4 16.56071 14 0.65375
29.5 16.78879 14 0.66118
29.6 17.01879 14 0.66864
29.7 17.25067 14 0.67614
29.8 17.48443 14 0.68367
29.9 17.67975 14 0.69143
30.0 17.91671 14 0.69903
30.1 18.15514 14 0.70666
30.2 18.39565 14 0.71432
30.3 18.63809 14 0.72202
30.4 18.88242 14 0.72976
30.5 19.12867 14 0.73752
30.6 19.37687 14 0.74533
30.7 19.62702 14 0.75316
30.8 19.82985 14 0.76119
30.9 20.08340 14 0.76909
31.0 20.33814 14 0.77702
31.1 20.59499 14 0.78499
31.2 20.85376 14 0.79299
31.3 21.11451 14 0.80103
31.4 21.37723 14 0.80911
31.5 21.64195 14 0.81721
31.6 21.90866 14 0.82535
31.7 22.17737 14 0.83353
31.8 22.38780 14 0.84184
31.9 22.65996 14 0.85008
32.0 22.93270 14 0.85835
32.1 23.20801 14 0.86666
32.2 23.48532 14 0.87500
32.3 23.76466 14 0.88338
32.4 24.04601 14 0.89179
32.5 24.32939 14 0.90024
32.6 24.61479 14 0.90872
32.7 24.90222 14 0.91723
32.8 25.11876 14 0.92583
32.9 25.40869 14 0.93441
33.0 25.70062 14 0.94302
33.1 25.99459 14 0.95167
33.2 26.29061 14 0.96035
33.3 26.58866 14 0.96907
33.4 26.88877 14 0.97782
33.5 27.19093 14 0.98660
33.6 27.49514 14 0.99542
33.7 27.68680 14 1.00000
33.8 27.66995 14 1.00000
33.9 27.73910 14 1.00000
34.0 27.80648 14 1.00000
34.1 27.87462 14 1.00000
34.2 27.94266 14 1.00000
34.3 28.01060 14 1.00000
34.4 28.07847 14 1.00000
34.5 28.14623 14 1.00000
34.6 28.21389 14 1.00000
34.7 28.28142 14 1.00000
34.8 28.12407 14 1.00000
34.9 28.19171 14 1.00000
35.0 28.25794 14 1.00000
35.1 28.32453 14 1.00000
35.2 28.24590 14 1.00000
35.3 28.31260 14 1.00000
35.4 28.37936 14 1.00000
35.5 28.44586 14 1.00000
35.6 28.51224 14 1.00000
35.7 28.43167 14 1.00000
35.8 28.39852 14 1.00000
35.9 28.46498 14 1.00000
36.0 28.53116 14 1.00000
36.1 28.59605 14 1.00000
36.2 27.36750 14 1.00000
36.3 24.74749 14 1.00000
36.4 23.43754 14 1.00000
36.5 20.82772 14 1.00000
36.6 19.53204 14 1.00000
36.7 16.93538 14 1.00000
36.8 14.34278 14 1.00000
36.9 13.70883 14 1.00000
37.0 13.61108 14 1.00000
37.1 13.57089 14 1.00000
37.2 13.55869 14 1.00000
37.3 13.52733 14 1.00000
37.4 13.50129 14 1.00000
37.5 13.45232 14 1.00000
37.6 13.41643 14 1.00000
37.7 13.40038 14 1.00000
37.8 13.43352 14 1.00000
37.9 13.32403 14 1.00000
38.0 13.35826 14 1.00000
38.1 13.39028 14 1.00000
38.2 13.42499 14 1.00000
38.3 13.45946 14 1.00000
38.4 13.49384 14 1.00000
38.5 13.52796 14 1.00000
38.6 13.56542 14 1.00000
38.7 13.59470 14 1.00000
38.8 13.62916 14 1.00000
38.9 13.66339 14 1.00000
39.0 13.69742 14 1.00000
39.1 13.73757 14 1.00000
39.2 13.78191 14 1.00000
39.3 13.79851 14 1.00000
39.4 13.83267 14 1.00000
39.5 13.86696 14 1.00000
39.6 13.91015 14 1.00000
39.7 13.95458 14 1.00000
39.8 14.01555 14 1.00000
39.9 14.00167 14 1.00000
40.0 14.03870 14 1.00000
40.1 14.08319 14 1.00000
40.2 14.12770 14 1.00000
40.3 14.17657 14 1.00000
40.4 14.24721 14 1.00000
40.5 14.21209 14 1.00000
40.6 14.25667 14 1.00000
40.7 14.30126 14 1.00000
40.8 14.35827 14 1.00000
40.9 14.41613 14 1.00000
41.0 14.47105 14 1.00000
41.1 14.43063 14 1.00000
41.2 14.47663 14 1.00000
41.3 14.53959 14 1.00000
41.4 14.59402 14 1.00000
41.5 14.69671 14 1.00000
41.6 14.60508 14 1.00000
41.7 14.66169 14 1.00000
41.8 14.72017 14 1.00000
41.9 14.83139 14 1.00000
42.0 14.86776 14 1.00000
42.1 14.78278 14 1.00000
42.2 14.84550 14 1.00000
42.3 14.89960 14 1.00000
42.4 15.00223 14 1.00000
42.5 14.91055 14 1.00000
42.6 14.97046 14 1.00000
42.7 15.02755 14 1.00000
42.8 15.13643 14 1.00000
42.9 15.04144 14 1.00000
43.0 15.09524 14 1.00000
43.1 15.15533 14 1.00000
43.2 15.27113 14 1.00000
43.3 15.17271 14 1.00000
43.4 15.22054 14 1.00000
43.5 15.28351 14 1.00000
43.6 15.25927 14 1.00000
43.7 15.30438 14 1.00000
43.8 15.34950 14 1.00000
43.9 15.34611 14 1.00000
44.0 15.39126 14 1.00000
44.1 15.40907 14 1.00000
44.2 15.44250 14 1.00000
44.3 15.47404 14 1.00000
44.4 15.50362 14 1.00000
44.5 15.53125 14 1.00000
44.6 15.40027 14 1.00000
44.7 15.42508 14 1.00000
44.8 15.45814 14 1.00000
44.9 15.49125 14 1.00000
45.0 15.52432 14 1.00000
45.1 15.55715 14 1.00000
45.2 15.58982 14 1.00000
45.3 15.62209 14 1.00000
45.4 15.65380 14 1.00000
45.5 15.69244 14 1.00000
45.6 15.87287 14 1.00000
45.7 15.90824 14 1.00000
45.8 15.94582 14 1.00000
45.9 15.98269 14 1.00000
46.0 16.01500 14 1.00000
46.1 16.04852 14 1.00000
46.2 16.08181 14 1.00000
46.3 16.11553 14 1.00000
46.4 16.14885 14 1.00000
46.5 16.18210 14 1.00000
46.6 16.21481 14 1.00000
46.7 16.24716 14 1.00000
46.8 16.27992 14 1.00000
46.9 16.32434 14 1.00000
47.0 16.37000 14 1.00000
47.1 16.41566 14 1.00000
47.2 16.57997 14 1.00000
47.3 16.61729 14 1.00000
47.4 16.65175 14 1.00000
47.5 16.68533 14 1.00000
47.6 16.71913 14 1.00000
47.7 16.75332 14 1.00000
47.8 16.78724 14 1.00000
47.9 16.82075 14 1.00000
48.0 16.85402 14 1.00000
48.1 16.88667 14 1.00000
48.2 16.91904 14 1.00000
48.3 16.95928 14 1.00000
48.4 17.00506 14 1.00000
48.5 17.05087 14 1.00000
48.6 17.09670 14 1.00000
48.7 17.15663 14 1.00000
48.8 17.29845 14 1.00000
48.9 17.33538 14 1.00000
49.0 17.36879 14 1.00000
49.1 17.40326 14 1.00000
49.2 17.43728 14 1.00000
49.3 17.47156 14 1.00000
49.4 17.50528 14 1.00000
49.5 17.53919 14 1.00000
49.6 17.57240 14 1.00000
49.7 17.60508 14 1.00000
49.8 17.64210 14 1.00000
49.9 17.68812 14 1.00000
50.0 17.73416 14 1.00000
50.1 17.78021 14 1.00000
50.2 17.83471 14 1.00000
50.3 17.89962 14 1.00000
50.4 18.02912 14 1.00000
50.5 18.06776 14 1.00000
50.6 18.10124 14 1.00000
50.7 18.13577 14 1.00000
50.8 18.17059 14 1.00000
50.9 18.20511 14 1.00000
51.0 18.23945 14 1.00000
51.1 18.27334 14 1.00000
51.2 18.30689 14 1.00000
51.3 18.34010 14 1.00000
51.4 18.37432 14 1.00000
51.5 18.42056 14 1.00000
51.6 18.46682 14 1.00000
51.7 18.53798 14 1.00000
51.8 18.59770 14 1.00000
51.9 18.65235 14 1.00000
52.0 18.70259 14 1.00000
52.1 18.74876 14 1.00000
52.2 18.84874 14 1.00000
52.3 18.88410 14 1.00000
52.4 18.91904 14 1.00000
52.5 18.95433 14 1.00000
52.6 18.98918 14 1.00000
52.7 19.02383 14 1.00000
52.8 19.05822 14 1.00000
52.9 19.09220 14 1.00000
53.0 19.12550 14 1.00000
53.1 19.15936 14 1.00000
53.2 19.20274 14 1.00000
53.3 19.24922 14 1.00000
53.4 19.29570 14 1.00000
53.5 19.37314 14 1.00000
53.6 19.43156 14 1.00000
53.7 19.48480 14 1.00000
53.8 19.53426 14 1.00000
53.9 19.58017 14 1.00000
54.0 19.68497 14 1.00000
54.1 19.71922 14 1.00000
54.2 19.75457 14 1.00000
54.3 19.79020 14 1.00000
54.4 19.82549 14 1.00000
54.5 19.86067 14 1.00000
54.6 19.89558 14 1.00000
54.7 19.92972 14 1.00000
54.8 19.96381 14 1.00000
54.9 19.99717 14 1.00000
55.0 20.03491 14 1.00000
55.1 20.08159 14 1.00000
55.2 20.12828 14 1.00000
55.3 20.17497 14 1.00000
55.4 20.25402 14 1.00000
55.5 20.31205 14 1.00000
55.6 20.36592 14 1.00000
55.7 20.41574 14 1.00000
55.8 20.46217 14 1.00000
55.9 20.57176 14 1.00000
56.0 20.60825 14 1.00000
56.1 20.64387 14 1.00000
56.2 20.68007 14 1.00000
56.3 20.71597 14 1.00000
56.4 20.75161 14 1.00000
56.5 20.78679 14 1.00000
56.6 20.82182 14 1.00000
56.7 20.85808 14 1.00000
56.8 20.89298 14 1.00000
56.9 20.93301 14 1.00000
57.0 20.97455 14 1.00000
57.1 21.01068 14 1.00000
57.2 21.05726 14 1.00000
57.3 21.10419 14 1.00000
57.4 21.15078 14 1.00000
57.5 21.19735 14 1.00000
57.6 21.24437 14 1.00000
57.7 21.29086 14 1.00000
57.8 21.33801 14 1.00000
57.9 21.38444 14 1.00000
58.0 21.43096 14 1.00000
58.1 21.50067 14 1.00000
58.2 21.52455 14 1.00000
58.3 21.57101 14 1.00000
58.4 21.64633 14 1.00000
58.5 21.66469 14 1.00000
58.6 21.71111 14 1.00000
58.7 21.78993 14 1.00000
58.8 21.80487 14 1.00000
58.9 21.85131 14 1.00000
59.0 21.93223 14 1.00000
59.1 21.94514 14 1.00000
59.2 21.99153 14 1.00000
59.3 22.03791 14 1.00000
59.4 22.08554 14 1.00000
59.5 22.13192 14 1.00000
59.6 22.17830 14 1.00000
59.7 22.24438 14 1.00000
59.8 22.27235 14 1.00000
59.9 22.31875 14 1.00000
60.0 22.36576 14 1.00000
60.1 22.41298 14 1.00000
60.2 22.45936 14 1.00000
60.3 22.50575 14 1.00000
60.4 22.57344 14 1.00000
60.5 22.60011 14 1.00000
60.6 22.64648 14 1.00000
60.7 22.70309 14 1.00000
60.8 22.78095 14 1.00000
60.9 22.78741 14 1.00000
61.0 22.83617 14 1.00000
61.1 22.90812 14 1.00000
61.2 22.98202 14 1.00000
61.3 22.97488 14 1.00000
61.4 23.03429 14 1.00000
61.5 23.10793 14 1.00000
61.6 23.17872 14 1.00000
61.7 23.16253 14 1.00000
61.8 23.22911 14 1.00000
61.9 23.30071 14 1.00000
62.0 23.37487 14 1.00000
62.1 23.44752 14 1.00000
62.2 23.41680 14 1.00000
62.3 23.49303 14 1.00000
62.4 23.56369 14 1.00000
62.5 23.63467 14 1.00000
62.6 23.70838 14 1.00000
62.7 23.67678 14 1.00000
62.8 23.75004 14 1.00000
62.9 23.81925 14 1.00000
63.0 23.89219 14 1.00000
63.1 23.96802 14 1.00000
63.2 23.93039 14 1.00000
63.3 24.00169 14 1.00000
63.4 24.07140 14 1.00000
63.5 24.14532 14 1.00000
63.6 24.10632 14 1.00000
63.7 24.17552 14 1.00000
63.8 24.24880 14 1.00000
63.9 24.31999 14 1.00000
64.0 24.39220 14 1.00000
64.1 24.33610 14 1.00000
64.2 24.36254 14 1.00000
64.3 24.48712 14 1.00000
64.4 24.56034 14 1.00000
64.5 24.51716 14 1.00000
64.6 24.55381 14 1.00000
64.7 24.55635 14 1.00000
64.8 24.61197 14 1.00000
64.9 24.79751 14 1.00000
65.0 24.73917 14 1.00000
65.1 24.76784 14 1.00000
65.2 24.77756 14 1.00000
65.3 24.82124 14 1.00000
65.4 24.86500 14 1.00000
65.5 24.96314 14 1.00000
65.6 24.98695 14 1.00000
65.7 24.99931 14 1.00000
65.8 25.04313 14 1.00000
65.9 25.08694 14 1.00000
66.0 25.16259 14 1.00000
66.1 25.21894 14 1.00000
66.2 25.22176 14 1.00000
66.3 25.26565 14 1.00000
66.4 25.30960 14 1.00000
66.5 25.37335 14 1.00000
66.6 25.45151 14 1.00000
66.7 25.52567 14 1.00000
66.8 25.48878 14 1.00000
66.9 25.53282 14 1.00000
67.0 25.57696 14 1.00000
67.1 25.65249 14 1.00000
67.2 25.72770 14 1.00000
67.3 25.80177 14 1.00000
67.4 25.87402 14 1.00000
67.5 25.94614 14 1.00000
67.6 25.84499 14 1.00000
67.7 25.92196 14 1.00000
67.8 25.99674 14 1.00000
67.9 26.06635 14 1.00000
68.0 26.13922 14 1.00000
68.1 26.20809 14 1.00000
68.2 26.28406 14 1.00000
68.3 26.30709 14 1.00000
68.4 26.25147 14 1.00000
68.5 26.32415 14 1.00000
68.6 26.39521 14 1.00000
68.7 26.46348 14 1.00000
68.8 26.53574 14 1.00000
68.9 26.49780 14 1.00000
69.0 26.54033 14 1.00000
69.1 26.56879 14 1.00000
69.2 26.63824 14 1.00000
69.3 26.70882 14 1.00000
69.4 26.77634 14 1.00000
69.5 26.84675 14 1.00000
69.6 26.81464 14 1.00000
69.7 26.86252 14 1.00000
69.8 26.89615 14 1.00000
69.9 26.88545 14 1.00000
70.0 26.92506 14 1.00000
70.1 27.08219 14 1.00000
70.2 27.14990 14 1.00000
70.3 27.21828 14 1.00000
70.4 27.18161 14 1.00000
70.5 27.22726 14 1.00000
70.6 27.26041 14 1.00000
70.7 27.25155 14 1.00000
70.8 27.28703 14 1.00000
70.9 27.33177 14 1.00000
71.0 27.45483 14 1.00000
71.1 27.57584 14 1.00000
71.2 27.64617 14 1.00000
71.3 27.59036 14 1.00000
71.4 27.63540 14 1.00000
71.5 27.65984 14 1.00000
71.6 27.65495 14 1.00000
71.7 27.69542 14 1.00000
71.8 27.74036 14 1.00000
71.9 27.78823 14 1.00000
72.0 27.83352 14 1.00000
72.1 28.05322 14 1.00000
72.2 28.00667 14 1.00000
72.3 28.04873 14 1.00000
72.4 28.08346 14 1.00000
72.5 28.08357 14 1.00000
72.6 28.10571 14 1.00000
72.7 28.15085 14 1.00000
72.8 28.19599 14 1.00000
72.9 28.25281 14 1.00000
73.0 28.32848 14 1.00000
73.1 28.33379 14 1.00000
73.2 28.46827 14 1.00000
73.3 28.51505 14 1.00000
73.4 28.55287 14 1.00000
73.5 28.55588 14 1.00000
73.6 28.57868 14 1.00000
73.7 28.60860 14 1.00000
73.8 28.65395 14 1.00000
73.9 28.69926 14 1.00000
74.0 28.76770 14 1.00000
74.1 28.84108 14 1.00000
74.2 28.90953 14 1.00000
74.3 28.90725 14 1.00000
74.4 29.02183 14 1.00000
74.5 29.06629 14 1.00000
74.6 29.10030 14 1.00000
74.7 29.10593 14 1.00000
74.8 29.12536 14 1.00000
74.9 29.15979 14 1.00000
75.0 29.20536 14 1.00000
75.1 29.25362 14 1.00000
75.2 29.32294 14 1.00000
75.3 29.39473 14 1.00000
75.4 29.46330 14 1.00000
75.5 29.52771 14 1.00000
75.6 29.57692 14 1.00000
75.7 29.62799 14 1.00000
75.8 29.66988 14 1.00000
75.9 29.70378 14 1.00000
76.0 29.71224 14 1.00000
76.1 29.73669 14 1.00000
76.2 29.76012 14 1.00000
76.3 29.80596 14 1.00000
76.4 29.85179 14 1.00000
76.5 29.91358 14 1.00000
76.6 29.98573 14 1.00000
76.7 30.05200 14 1.00000
76.8 30.12035 14 1.00000
76.9 30.17856 14 1.00000
77.0 30.16922 14 1.00000
77.1 30.28304 14 1.00000
77.2 30.32827 14 1.00000
77.3 30.36779 14 1.00000
77.4 30.37687 14 1.00000
77.5 30.41292 14 1.00000
77.6 30.43595 14 1.00000
77.7 30.45782 14 1.00000
77.8 30.50269 14 1.00000
77.9 30.54886 14 1.00000
78.0 30.60375 14 1.00000
78.1 30.67519 14 1.00000
78.2 30.74486 14 1.00000
78.3 30.81203 14 1.00000
78.4 30.87415 14 1.00000
78.5 30.86215 14 1.00000
78.6 30.98499 14 1.00000
78.7 31.03675 14 1.00000
78.8 31.08303 14 1.00000
78.9 31.12646 14 1.00000
79.0 31.16507 14 1.00000
79.1 31.17793 14 1.00000
79.2 31.21646 14 1.00000
79.3 31.24566 14 1.00000
79.4 31.26572 14 1.00000
79.5 31.29739 14 1.00000
79.6 31.34391 14 1.00000
79.7 31.39043 14 1.00000
79.8 31.45037 14 1.00000
79.9 31.51955 14 1.00000
80.0 31.53613 14 1.00000
80.1 31.69989 14 1.00000
80.2 31.80244 14 1.00000
80.3 31.86232 14 1.00000
80.4 31.82815 14 1.00000
80.5 31.88198 14 1.00000
80.6 31.93608 14 1.00000
80.7 31.98195 14 1.00000
80.8 32.02988 14 1.00000
80.9 32.07488 14 1.00000
81.0 32.11719 14 1.00000
81.1 32.13341 14 1.00000
81.2 32.17049 14 1.00000
81.3 32.20730 14 1.00000
81.4 32.23598 14 1.00000
81.5 32.25847 14 1.00000
81.6 32.28608 14 1.00000
81.7 32.33302 14 1.00000
81.8 32.38180 14 1.00000
81.9 32.51586 14 1.00000
82.0 32.59946 14 1.00000
82.1 32.65610 14 1.00000
82.2 32.71364 14 1.00000
82.3 32.77325 14 1.00000
82.4 32.83204 14 1.00000
82.5 32.89171 14 1.00000
82.6 32.95382 14 1.00000
82.7 33.01248 14 1.00000
82.8 32.97594 14 1.00000
82.9 33.02884 14 1.00000
83.0 33.08298 14 1.00000
83.1 33.13259 14 1.00000
83.2 33.18042 14 1.00000
83.3 33.22663 14 1.00000
83.4 33.26773 14 1.00000
83.5 33.30907 14 1.00000
83.6 33.33199 14 1.00000
83.7 33.37150 14 1.00000
83.8 33.41194 14 1.00000
83.9 33.47716 14 1.00000
84.0 33.54906 14 1.00000
84.1 33.52197 14 1.00000
84.2 33.58401 14 1.00000
84.3 33.64039 14 1.00000
84.4 33.70444 14 1.00000
84.5 33.76090 14 1.00000
84.6 33.81858 14 1.00000
84.7 33.87730 14 1.00000
84.8 33.93721 14 1.00000
84.9 33.99655 14 1.00000
85.0 34.04725 14 1.00000
85.1 34.11199 14 1.00000
85.2 34.16166 14 1.00000
85.3 34.22593 14 1.00000
85.4 34.27996 14 1.00000
85.5 34.33999 14 1.00000
85.6 34.38999 14 1.00000
85.7 34.45234 14 1.00000
85.8 34.41895 14 1.00000
85.9 34.46856 14 1.00000
86.0 34.56837 14 1.00000
86.1 34.55084 14 1.00000
86.2 34.52345 14 1.00000
86.3 34.63616 14 1.00000
86.4 34.67973 14 1.00000
86.5 34.71873 14 1.00000
86.6 34.76064 14 1.00000
86.7 34.79584 14 1.00000
86.8 34.83535 14 1.00000
86.9 34.86567 14 1.00000
87.0 34.89396 14 1.00000
87.1 34.92324 14 1.00000
87.2 34.96247 14 1.00000
87.3 35.01390 14 1.00000
87.4 35.06874 14 1.00000
87.5 35.12902 14 1.00000
87.6 35.18979 14 1.00000
87.7 35.24996 14 1.00000
87.8 35.30965 14 1.00000
87.9 35.37073 14 1.00000
88.0 35.42543 14 1.00000
88.1 35.48298 14 1.00000
88.2 35.54354 14 1.00000
88.3 35.59507 14 1.00000
88.4 35.65635 14 1.00000
88.5 35.71268 14 1.00000
88.6 35.76501 14 1.00000
88.7 35.76685 14 1.00000
88.8 35.82010 14 1.00000
88.9 35.99312 14 1.00000
89.0 36.04881 14 1.00000
89.1 36.10389 14 1.00000
89.2 36.15942 14 1.00000
89.3 36.12571 14 1.00000
89.4 36.17059 14 1.00000
89.5 36.23052 14 1.00000
89.6 36.27979 14 1.00000
89.7 36.33125 14 1.00000
89.8 36.38675 14 1.00000
89.9 36.43394 14 1.00000
90.0 36.48296 14 1.00000
90.1 36.53836 14 1.00000
90.2 36.59003 14 1.00000
90.3 36.63960 14 1.00000
90.4 36.68772 14 1.00000
90.5 36.73635 14 1.00000
90.6 36.78564 14 1.00000
90.7 36.83561 14 1.00000
90.8 36.88655 14 1.00000
90.9 36.93312 14 1.00000
91.0 36.97586 14 1.00000
91.1 37.02542 14 1.00000
91.2 37.05043 14 1.00000
91.3 37.09943 14 1.00000
91.4 37.14548 14 1.00000
91.5 37.22928 14 1.00000
91.6 37.27808 14 1.00000
91.7 37.32764 14 1.00000
91.8 37.42095 14 1.00000
91.9 37.39967 14 1.00000
92.0 37.33986 14 1.00000
92.1 37.37565 14 1.00000
92.2 37.41372 14 1.00000
92.3 37.45902 14 1.00000
92.4 37.51215 14 1.00000
92.5 37.56697 14 1.00000
92.6 37.62366 14 1.00000
92.7 37.68024 14 1.00000
92.8 37.73631 14 1.00000
92.9 37.79191 14 1.00000
93.0 37.84758 14 1.00000
93.1 37.90434 14 1.00000
93.2 37.96004 14 1.00000
93.3 38.01572 14 1.00000
93.4 38.07090 14 1.00000
93.5 38.12606 14 1.00000
93.6 38.17800 14 1.00000
93.7 38.22994 14 1.00000
93.8 38.28362 14 1.00000
93.9 38.34089 14 1.00000
94.0 38.40584 14 1.00000
94.1 38.45065 14 1.00000
94.2 38.49545 14 1.00000
94.3 38.54230 14 1.00000
94.4 38.59351 14 1.00000
94.5 38.64357 14 1.00000
94.6 38.69358 14 1.00000
94.7 38.74356 14 1.00000
94.8 38.79327 14 1.00000
94.9 38.84302 14 1.00000
95.0 38.89257 14 1.00000
95.1 38.94218 14 1.00000
95.2 38.97845 14 1.00000
95.3 38.98856 14 1.00000
95.4 39.10562 14 1.00000
95.5 39.16860 14 1.00000
95.6 39.21856 14 1.00000
95.7 39.26865 14 1.00000
95.8 39.31853 14 1.00000
95.9 39.36827 14 1.00000
96.0 39.41814 14 1.00000
96.1 39.46789 14 1.00000
96.2 39.51775 14 1.00000
96.3 39.53180 14 1.00000
96.4 39.62579 14 1.00000
96.5 39.65464 14 1.00000
96.6 39.68514 14 1.00000
96.7 39.78050 14 1.00000
96.8 39.81294 14 1.00000
96.9 39.84626 14 1.00000
97.0 39.88096 14 1.00000
97.1 39.91722 14 1.00000
97.2 40.01540 14 1.00000
97.3 40.09267 14 1.00000
97.4 40.18170 14 1.00000
97.5 40.27106 14 1.00000
97.6 40.36015 14 1.00000
97.7 40.44952 14 1.00000
97.8 40.53862 14 1.00000
97.9 40.62809 14 1.00000
98.0 40.71730 14 1.00000
98.1 40.80679 14 1.00000
98.2 40.89600 14 1.00000
98.3 40.98554 14 1.00000
98.4 41.07491 14 1.00000
98.5 41.16451 14 1.00000
98.6 41.25383 14 1.00000
98.7 41.34348 14 1.00000
98.8 41.43291 14 1.00000
98.9 41.52260 14 1.00000
99.0 41.61214 14 1.00000
99.1 41.70189 14 1.00000
99.2 41.79136 14 1.00000
99.3 41.88121 14 1.00000
99.4 41.97074 14 1.00000
99.5 42.06064 14 1.00000
99.6 42.15026 14 1.00000
99.7 42.24010 14 1.00000
99.8 42.32983 14 1.00000
99.9 42.41972 14 1.00000
100.0 42.50943 14 1.00000
100.1 42.59947 14 1.00000
100.2 42.68923 14 1.00000
100.3 42.77920 14 1.00000
100.4 42.86906 14 1.00000
100.5 42.95913 14 1.00000
100.6 43.04897 14 1.00000
100.7 43.13908 14 1.00000
100.8 43.22892 14 1.00000
100.9 43.31911 14 1.00000
101.0 43.40928 14 1.00000
101.1 43.49922 14 1.00000
101.2 43.58942 14 1.00000
101.3 43.67936 14 1.00000
101.4 43.76960 14 1.00000
101.5 43.85962 14 1.00000
101.6 43.94989 14 1.00000
101.7 44.03995 14 1.00000
101.8 44.13026 14 1.00000
101.9 44.22035 14 1.00000
102.0 44.31075 14 1.00000
102.1 44.40082 14 1.00000
102.2 44.49119 14 1.00000
102.3 44.58140 14 1.00000
102.4 44.67181 14 1.00000
102.5 44.76223 14 1.00000
102.6 44.85244 14 1.00000
102.7 44.94289 14 1.00000
102.8 45.03307 14 1.00000
102.9 45.12360 14 1.00000
103.0 45.21382 14 1.00000
103.1 45.30438 14 1.00000
103.2 45.39467 14 1.00000
103.3 45.48516 14 1.00000
103.4 45.57553 14 1.00000
103.5 45.66604 14 1.00000
103.6 45.75662 14 1.00000
103.7 45.84698 14 1.00000
103.8 45.93763 14 1.00000
103.9 46.02802 14 1.00000
104.0 46.11864 14 1.00000
104.1 46.20900 14 1.00000
104.2 46.29965 14 1.00000
104.3 46.39036 14 1.00000
104.4 46.48080 14 1.00000
104.5 46.57149 14 1.00000
104.6 46.66195 14 1.00000
104.7 46.75261 14 1.00000
104.8 46.84315 14 1.00000
104.9 46.93387 14 1.00000
105.0 47.02433 14 1.00000
105.1 47.11513 14 1.00000
105.2 47.20583 14 1.00000
105.3 47.29637 14 1.00000
105.4 47.38719 14 1.00000
105.5 47.47775 14 1.00000
105.6 47.56849 14 1.00000
105.7 47.65912 14 1.00000
105.8 47.74992 14 1.00000
105.9 47.84074 14 1.00000
106.0 47.93134 14 1.00000
106.1 48.02218 14 1.00000
106.2 48.11280 14 1.00000
106.3 48.20364 14 1.00000
106.4 48.29450 14 1.00000
106.5 48.38509 14 1.00000
106.6 48.47601 14 1.00000
106.7 48.56667 14 1.00000
106.8 48.65755 14 1.00000
106.9 48.74822 14 1.00000
107.0 48.83907 14 1.00000
107.1 48.93002 14 1.00000
107.2 49.02071 14 1.00000
107.3 49.11158 14 1.00000
107.4 49.20233 14 1.00000
107.5 49.29321 14 1.00000
107.6 49.38414 14 1.00000
107.7 49.47491 14 1.00000
107.8 49.56585 14 1.00000
107.9 49.65653 14 1.00000
108.0 49.74749 14 1.00000
108.1 49.83850 14 1.00000
108.2 49.92924 14 1.00000
108.3 50.02021 14 1.00000
108.4 50.11091 14 1.00000
108.5 50.20189 14 1.00000
108.6 50.29287 14 1.00000
108.7 50.38364 14 1.00000
108.8 50.47467 14 1.00000
108.9 50.56540 14 1.00000
109.0 50.65639 14 1.00000
109.1 50.74744 14 1.00000
109.2 50.83818 14 1.00000
109.3 50.92919 14 1.00000
109.4 51.02024 14 1.00000
109.5 51.11104 14 1.00000
109.6 51.20206 14 1.00000
109.7 51.29286 14 1.00000
109.8 51.38388 14 1.00000
109.9 51.47490 14 1.00000
110.0 51.56571 14 1.00000
110.1 51.65668 14 1.00000
110.2 51.74749 14 1.00000
110.3 51.83852 14 1.00000
110.4 51.92956 14 1.00000
110.5 52.02043 14 1.00000
110.6 52.11146 14 1.00000
110.7 52.20250 14 1.00000
110.8 52.29327 14 1.00000
110.9 52.38431 14 1.00000
111.0 52.47519 14 1.00000
111.1 52.56623 14 1.00000
111.2 52.65727 14 1.00000
111.3 52.74810 14 1.00000
111.4 52.83910 14 1.00000
111.5 52.93014 14 1.00000
111.6 53.02102 14 1.00000
111.7 53.11206 14 1.00000
111.8 53.20285 14 1.00000
111.9 53.29394 14 1.00000
112.0 53.38499 14 1.00000
112.1 53.47582 14 1.00000
112.2 53.56686 14 1.00000
112.3 53.65786 14 1.00000
112.4 53.74869 14 1.00000
112.5 53.83974 14 1.00000
112.6 53.93078 14 1.00000
112.7 54.02161 14 1.00000
112.8 54.11265 14 1.00000
112.9 54.20353 14 1.00000
113.0 54.29457 14 1.00000
113.1 54.38561 14 1.00000
113.2 54.47644 14 1.00000
113.3 54.56742 14 1.00000
113.4 54.65845 14 1.00000
113.5 54.74928 14 1.00000
113.6 54.84031 14 1.00000
113.7 54.93134 14 1.00000
113.8 55.02216 14 1.00000
113.9 55.11319 14 1.00000
114.0 55.20426 14 1.00000
114.1 55.29502 14 1.00000
114.2 55.38609 14 1.00000
114.3 55.47711 14 1.00000
114.4 55.56792 14 1.00000
114.5 55.65894 14 1.00000
114.6 55.74974 14 1.00000
114.7 55.84075 14 1.00000
114.8 55.93175 14 1.00000
114.9 56.02250 14 1.00000
115.0 56.11350 14 1.00000
115.1 56.20455 14 1.00000
115.2 56.29533 14 1.00000
115.3 56.38633 14 1.00000
115.4 56.47731 14 1.00000
115.5 56.56810 14 1.00000
115.6 56.65908 14 1.00000
115.7 56.75006 14 1.00000
115.8 56.84078 14 1.00000
115.9 56.93175 14 1.00000
116.0 57.02272 14 1.00000
116.1 57.11348 14 1.00000
116.2 57.20449 14 1.00000
116.3 57.29545 14 1.00000
116.4 57.38620 14 1.00000
116.5 57.47710 14 1.00000
116.6 57.56805 14 1.00000
116.7 57.65879 14 1.00000
116.8 57.74973 14 1.00000
116.9 57.84071 14 1.00000
117.0 57.93139 14 1.00000
117.1 58.02236 14 1.00000
117.2 58.11323 14 1.00000
117.3 58.20395 14 1.00000
117.4 58.29486 14 1.00000
117.5 58.38582 14 1.00000
117.6 58.47647 14 1.00000
117.7 58.56742 14 1.00000
117.8 58.65831 14 1.00000
117.9 58.74900 14 1.00000
118.0 58.83984 14 1.00000
118.1 58.93071 14 1.00000
118.2 59.02139 14 1.00000
118.3 59.11231 14 1.00000
118.4 59.20312 14 1.00000
118.5 59.29403 14 1.00000
118.6 59.38469 14 1.00000
118.7 59.47549 14 1.00000
118.8 59.56633 14 1.00000
118.9 59.65697 14 1.00000
119.0 59.74785 14 1.00000
119.1 59.83868 14 1.00000
119.2 59.92931 14 1.00000
119.3 60.02012 14 1.00000
119.4 60.11088 14 1.00000
119.5 60.20154 14 1.00000
119.6 60.29234 14 1.00000
119.7 60.38313 14 1.00000
119.8 60.47367 14 1.00000
119.9 60.56451 14 1.00000
120.0 60.65523 14 1.00000
120.1 60.74605 14 1.00000
120.2 60.83662 14 1.00000
120.3 60.92738 14 1.00000
120.4 61.01813 14 1.00000
120.5 61.10868 14 1.00000
120.6 61.19937 14 1.00000
120.7 61.29010 14 1.00000
120.8 61.38068 14 1.00000
120.9 61.47135 14 1.00000
121.0 61.56212 14 1.00000
121.1 61.65258 14 1.00000
121.2 61.74328 14 1.00000
121.3 61.83398 14 1.00000
121.4 61.92471 14 1.00000
121.5 62.01515 14 1.00000
121.6 62.10588 14 1.00000
121.7 62.19650 14 1.00000
121.8 62.28696 14 1.00000
121.9 62.37762 14 1.00000
122.0 62.46832 14 1.00000
122.1 62.55896 14 1.00000
122.2 62.64935 14 1.00000
122.3 62.73997 14 1.00000
122.4 62.83064 14 1.00000
122.5 62.92101 14 1.00000
122.6 63.01167 14 1.00000
122.7 63.10227 14 1.00000
122.8 63.19267 14 1.00000
122.9 63.28325 14 1.00000
123.0 63.37378 14 1.00000
123.1 63.46435 14 1.00000
123.2 63.55477 14 1.00000
123.3 63.64533 14 1.00000
123.4 63.73587 14 1.00000
123.5 63.82623 14 1.00000
123.6 63.91676 14 1.00000
123.7 64.00723 14 1.00000
123.8 64.09780 14 1.00000
123.9 64.18813 14 1.00000
124.0 64.27863 14 1.00000
124.1 64.36912 14 1.00000
124.2 64.45942 14 1.00000
124.3 64.54990 14 1.00000
124.4 64.64032 14 1.00000
124.5 64.73083 14 1.00000
124.6 64.82111 14 1.00000
124.7 64.91155 14 1.00000
124.8 65.00195 14 1.00000
124.9 65.09224 14 1.00000
125.0 65.18262 14 1.00000
125.1 65.27303 14 1.00000
125.2 65.36344 14 1.00000
125.3 65.45366 14 1.00000
125.4 65.54405 14 1.00000
125.5 65.63444 14 1.00000
125.6 65.72486 14 1.00000
125.7 65.81499 14 1.00000
125.8 65.90536 14 1.00000
125.9 65.99570 14 1.00000
126.0 66.08587 14 1.00000
126.1 66.17625 14 1.00000
126.2 66.26658 14 1.00000
126.3 66.35685 14 1.00000
126.4 66.44702 14 1.00000
126.5 66.53728 14 1.00000
126.6 66.62757 14 1.00000
126.7 66.71791 14 1.00000
126.8 66.80795 14 1.00000
126.9 66.89827 14 1.00000
127.0 66.98848 14 1.00000
127.1 67.07855 14 1.00000
127.2 67.16885 14 1.00000
127.3 67.25908 14 1.00000
127.4 67.34926 14 1.00000
127.5 67.43929 14 1.00000
127.6 67.52950 14 1.00000
127.7 67.61975 14 1.00000
127.8 67.70995 14 1.00000
127.9 67.79994 14 1.00000
128.0 67.89012 14 1.00000
128.1 67.98029 14 1.00000
128.2 68.07040 14 1.00000
128.3 68.16041 14 1.00000
128.4 68.25050 14 1.00000
128.5 68.34068 14 1.00000
128.6 68.43076 14 1.00000
128.7 68.52074 14 1.00000
128.8 68.61084 14 1.00000
128.9 68.70094 14 1.00000
129.0 68.79102 14 1.00000
129.1 68.88087 14 1.00000
129.2 68.97099 14 1.00000
129.3 69.06100 14 1.00000
129.4 69.15092 14 1.00000
129.5 69.24096 14 1.00000
129.6 69.33095 14 1.00000
129.7 69.42102 14 1.00000
129.8 69.51085 14 1.00000
129.9 69.60081 14 1.00000
130.0 69.69080 14 1.00000
130.1 69.78085 14 1.00000
130.2 69.87059 14 1.00000
130.3 69.96061 14 1.00000
130.4 70.05057 14 1.00000
130.5 70.14047 14 1.00000
130.6 70.23023 14 1.00000
130.7 70.32021 14 1.00000
130.8 70.41014 14 1.00000
130.9 70.50001 14 1.00000
131.0 70.58973 14 1.00000
131.1 70.67963 14 1.00000
131.2 70.76956 14 1.00000
131.3 70.85939 14 1.00000
131.4 70.94907 14 1.00000
131.5 71.03893 14 1.00000
131.6 71.12878 14 1.00000
131.7 71.21862 14 1.00000
131.8 71.30850 14 1.00000
131.9 71.39809 14 1.00000
132.0 71.48791 14 1.00000
132.1 71.57771 14 1.00000
132.2 71.66750 14 1.00000
132.3 71.75710 14 1.00000
132.4 71.84688 14 1.00000
132.5 71.93669 14 1.00000
132.6 72.02644 14 1.00000
132.7 72.11601 14 1.00000
132.8 72.20575 14 1.00000
132.9 72.29543 14 1.00000
133.0 72.38514 14 1.00000
133.1 72.47472 14 1.00000
133.2 72.56437 14 1.00000
133.3 72.65411 14 1.00000
133.4 72.74378 14 1.00000
133.5 72.83323 14 1.00000
133.6 72.92288 14 1.00000
133.7 73.01254 14 1.00000
133.8 73.10222 14 1.00000
133.9 73.19185 14 1.00000
134.0 73.28130 14 1.00000
134.1 73.37086 14 1.00000
134.2 73.46051 14 1.00000
134.3 73.55005 14 1.00000
134.4 73.63946 14 1.00000
134.5 73.72907 14 1.00000
134.6 73.81863 14 1.00000
134.7 73.90814 14 1.00000
134.8 73.99756 14 1.00000
134.9 74.08709 14 1.00000
135.0 74.17661 14 1.00000
135.1 74.26612 14 1.00000
135.2 74.35558 14 1.00000
135.3 74.44489 14 1.00000
135.4 74.53438 14 1.00000
135.5 74.62386 14 1.00000
135.6 74.71332 14 1.00000
135.7 74.80264 14 1.00000
135.8 74.42919 14 1.00000
135.9 74.51873 14 1.00000
136.0 74.60820 14 1.00000
136.1 74.69772 14 1.00000
136.2 74.78705 14 1.00000
136.3 74.87661 14 1.00000
136.4 74.50333 14 1.00000
136.5 74.59286 14 1.00000
136.6 74.68247 14 1.00000
136.7 74.77185 14 1.00000
136.8 74.86140 14 1.00000
136.9 74.48826 14 1.00000
137.0 74.57788 14 1.00000
137.1 74.66750 14 1.00000
137.2 74.75694 14 1.00000
137.3 74.84653 14 1.00000
137.4 74.47320 14 1.00000
137.5 74.56320 14 1.00000
137.6 74.65287 14 1.00000
137.7 74.74252 14 1.00000
137.8 74.83200 14 1.00000
137.9 74.45869 14 1.00000
138.0 74.54842 14 1.00000
138.1 74.63852 14 1.00000
138.2 74.72828 14 1.00000
138.3 74.81780 14 1.00000
138.4 74.44453 14 1.00000
138.5 74.53436 14 1.00000
138.6 74.62412 14 1.00000
138.7 74.71431 14 1.00000
138.8 74.80393 14 1.00000
138.9 74.43070 14 1.00000
139.0 74.52058 14 1.00000
139.1 74.61039 14 1.00000
139.2 74.70020 14 1.00000
139.3 74.79040 14 1.00000
139.4 74.88018 14 1.00000
139.5 74.50712 14 1.00000
139.6 74.59698 14 1.00000
139.7 74.68684 14 1.00000
139.8 74.77651 14 1.00000
139.9 74.86635 14 1.00000
140.0 74.49394 14 1.00000
140.1 74.58391 14 1.00000
140.2 74.67377 14 1.00000
140.3 74.76348 14 1.00000
140.4 74.85337 14 1.00000
140.5 74.94329 14 1.00000
140.6 74.57116 14 1.00000
140.7 74.66111 14 1.00000
140.8 74.75105 14 1.00000
140.9 74.84076 14 1.00000
141.0 74.93068 14 1.00000
141.1 75.02059 14 1.00000
141.2 74.64873 14 1.00000
141.3 74.73872 14 1.00000
141.4 74.82848 14 1.00000
141.5 74.91844 14 1.00000
141.6 75.00840 14 1.00000
141.7 75.09834 14 1.00000
141.8 74.72671 14 1.00000
141.9 74.81656 14 1.00000
142.0 74.90657 14 1.00000
142.1 74.99657 14 1.00000
142.2 75.08652 14 1.00000
142.3 75.17633 14 1.00000
142.4 75.26630 14 1.00000
142.5 74.89497 14 1.00000
142.6 74.98498 14 1.00000
142.7 75.07507 14 1.00000
142.8 75.16492 14 1.00000
142.9 75.25494 14 1.00000
143.0 75.34490 14 1.00000
143.1 74.97374 14 1.00000
143.2 75.06387 14 1.00000
143.3 75.15378 14 1.00000
143.4 75.24380 14 1.00000
143.5 75.33385 14 1.00000
143.6 75.42394 14 1.00000
143.7 75.05300 14 1.00000
143.8 75.14307 14 1.00000
143.9 75.23301 14 1.00000
144.0 75.32311 14 1.00000
144.1 75.41325 14 1.00000
144.2 75.04112 14 1.00000
144.3 75.13129 14 1.00000
144.4 75.22259 14 1.00000
144.5 75.31274 14 1.00000
144.6 75.40282 14 1.00000
144.7 75.03077 14 1.00000
144.8 75.12099 14 1.00000
144.9 75.21102 14 1.00000
145.0 75.30257 14 1.00000
145.1 75.39275 14 1.00000
145.2 75.02073 14 1.00000
145.3 75.11095 14 1.00000
145.4 75.20107 14 1.00000
145.5 75.29126 14 1.00000
145.6 75.38148 14 1.00000
145.7 75.01100 14 1.00000
145.8 75.10126 14 1.00000
145.9 75.19142 14 1.00000
146.0 75.28171 14 1.00000
146.1 75.37193 14 1.00000
146.2 75.46224 14 1.00000
146.3 75.09192 14 1.00000
146.4 75.18208 14 1.00000
146.5 75.27236 14 1.00000
146.6 75.36268 14 1.00000
146.7 75.45298 14 1.00000
146.8 75.54327 14 1.00000
146.9 75.17304 14 1.00000
147.0 75.26337 14 1.00000
147.1 75.35378 14 1.00000
147.2 75.44408 14 1.00000
147.3 75.53442 14 1.00000
147.4 75.62457 14 1.00000
147.5 75.71488 14 1.00000
147.6 75.34508 14 1.00000
147.7 75.43547 14 1.00000
147.8 75.52585 14 1.00000
147.9 75.61605 14 1.00000
148.0 75.70641 14 1.00000
148.1 75.79680 14 1.00000
148.2 75.42715 14 1.00000
148.3 75.51763 14 1.00000
148.4 75.60787 14 1.00000
148.5 75.69823 14 1.00000
148.6 75.78861 14 1.00000
148.7 75.87899 14 1.00000
148.8 75.96924 14 1.00000
148.9 75.59994 14 1.00000
149.0 75.69038 14 1.00000
149.1 75.78082 14 1.00000
149.2 75.87119 14 1.00000
149.3 75.96148 14 1.00000
149.4 76.05183 14 1.00000
149.5 75.68274 14 1.00000
149.6 75.77326 14 1.00000
149.7 75.86372 14 1.00000
149.8 75.95418 14 1.00000
149.9 76.04445 14 1.00000
150.0 76.13483 14 1.00000
150.1 76.22529 14 1.00000
150.2 75.85645 14 1.00000
150.3 75.94695 14 1.00000
150.4 76.03725 14 1.00000
150.5 76.12778 14 1.00000
150.6 76.21823 14 1.00000
150.7 76.30868 14 1.00000
150.8 75.94009 14 1.00000
150.9 76.03045 14 1.00000
151.0 76.12091 14 1.00000
151.1 76.21141 14 1.00000
151.2 76.30190 14 1.00000
151.3 76.39220 14 1.00000
151.4 76.48272 14 1.00000
151.5 76.11443 14 1.00000
151.6 76.20493 14 1.00000
151.7 76.29550 14 1.00000
151.8 76.38580 14 1.00000
151.9 76.47631 14 1.00000
152.0 76.56680 14 1.00000
152.1 76.65733 14 1.00000
152.2 76.28928 14 1.00000
152.3 76.37972 14 1.00000
152.4 76.47022 14 1.00000
152.5 76.56081 14 1.00000
152.6 76.65133 14 1.00000
152.7 76.74179 14 1.00000
152.8 76.37383 14 1.00000
152.9 76.46446 14 1.00000
153.0 76.55499 14 1.00000
153.1 76.64555 14 1.00000
153.2 76.73615 14 1.00000
153.3 76.36588 14 1.00000
153.4 76.45645 14 1.00000
153.5 76.54949 14 1.00000
153.6 76.64014 14 1.00000
153.7 76.73074 14 1.00000
153.8 76.36066 14 1.00000
153.9 76.45116 14 1.00000
154.0 76.54177 14 1.00000
154.1 76.63492 14 1.00000
154.2 76.72559 14 1.00000
154.3 76.35551 14 1.00000
154.4 76.44609 14 1.00000
154.5 76.53679 14 1.00000
154.6 76.62743 14 1.00000
154.7 76.71815 14 1.00000
154.8 76.35067 14 1.00000
154.9 76.44125 14 1.00000
155.0 76.53203 14 1.00000
155.1 76.62270 14 1.00000
155.2 76.71342 14 1.00000
155.3 76.80395 14 1.00000
155.4 76.89468 14 1.00000
155.5 76.52749 14 1.00000
155.6 76.61830 14 1.00000
155.7 76.70900 14 1.00000
155.8 76.79962 14 1.00000
155.9 76.89034 14 1.00000
156.0 76.98101 14 1.00000
156.1 76.61411 14 1.00000
156.2 76.70490 14 1.00000
156.3 76.79546 14 1.00000
156.4 76.88622 14 1.00000
156.5 76.97702 14 1.00000
156.6 77.06771 14 1.00000
156.7 77.15849 14 1.00000
156.8 76.79160 14 1.00000
156.9 76.88245 14 1.00000
157.0 76.97320 14 1.00000
157.1 77.06397 14 1.00000
157.2 77.15479 14 1.00000
157.3 77.24537 14 1.00000
157.4 77.33606 14 1.00000
157.5 76.96967 14 1.00000
157.6 77.06054 14 1.00000
157.7 77.15134 14 1.00000
157.8 77.24191 14 1.00000
157.9 77.33274 14 1.00000
158.0 77.42346 14 1.00000
158.1 77.51421 14 1.00000
158.2 77.14816 14 1.00000
158.3 77.23882 14 1.00000
158.4 77.32963 14 1.00000
158.5 77.42043 14 1.00000
158.6 77.51122 14 1.00000
158.7 77.60195 14 1.00000
158.8 77.23592 14 1.00000
158.9 77.32672 14 1.00000
159.0 77.41760 14 1.00000
159.1 77.50838 14 1.00000
159.2 77.59920 14 1.00000
159.3 77.68988 14 1.00000
159.4 77.78067 14 1.00000
159.5 77.41499 14 1.00000
159.6 77.50590 14 1.00000
159.7 77.59675 14 1.00000
159.8 77.68742 14 1.00000
159.9 77.77819 14 1.00000
160.0 77.86905 14 1.00000
160.1 77.95985 14 1.00000
160.2 77.59449 14 1.00000
160.3 77.68520 14 1.00000
160.4 77.77601 14 1.00000
160.5 77.86691 14 1.00000
160.6 77.95774 14 1.00000
160.7 78.04839 14 1.00000
160.8 78.13921 14 1.00000
160.9 77.77406 14 1.00000
161.0 77.86500 14 1.00000
161.1 77.95587 14 1.00000
161.2 78.04652 14 1.00000
161.3 78.13736 14 1.00000
161.4 78.22824 14 1.00000
161.5 78.31906 14 1.00000
161.6 77.95419 14 1.00000
161.7 78.04491 14 1.00000
161.8 78.13580 14 1.00000
161.9 78.22672 14 1.00000
162.0 78.31757 14 1.00000
162.1 78.40837 14 1.00000
162.2 78.04356 14 1.00000
162.3 78.13452 14 1.00000
162.4 78.22538 14 1.00000
162.5 78.31632 14 1.00000
162.6 78.40720 14 1.00000
162.7 78.49789 14 1.00000
162.8 78.58870 14 1.00000
162.9 78.22437 14 1.00000
163.0 78.31525 14 1.00000
163.1 78.40621 14 1.00000
163.2 78.49695 14 1.00000
163.3 78.58778 14 1.00000
163.4 78.67870 14 1.00000
163.5 78.76957 14 1.00000
163.6 78.40546 14 1.00000
163.7 78.49618 14 1.00000
163.8 78.58710 14 1.00000
163.9 78.67805 14 1.00000
164.0 78.76890 14 1.00000
164.1 78.85978 14 1.00000
164.2 78.95049 14 1.00000
164.3 78.58664 14 1.00000
164.4 78.67763 14 1.00000
164.5 78.76856 14 1.00000
164.6 78.85947 14 1.00000
164.7 78.95016 14 1.00000
164.8 79.04105 14 1.00000
164.9 78.67403 14 1.00000
165.0 78.76839 14 1.00000
165.1 78.85929 14 1.00000
165.2 78.95011 14 1.00000
165.3 79.04103 14 1.00000
165.4 78.67400 14 1.00000
165.5 78.76495 14 1.00000
165.6 78.85593 14 1.00000
165.7 78.95018 14 1.00000
165.8 79.04114 14 1.00000
165.9 78.67413 14 1.00000
166.0 78.76521 14 1.00000
166.1 78.85618 14 1.00000
166.2 78.94707 14 1.00000
166.3 79.03801 14 1.00000
166.4 78.67454 14 1.00000
166.5 78.76565 14 1.00000
166.6 78.85670 14 1.00000
166.7 78.94756 14 1.00000
166.8 79.03859 14 1.00000
166.9 79.12955 14 1.00000
167.0 79.22060 14 1.00000
167.1 78.85738 14 1.00000
167.2 78.94829 14 1.00000
167.3 79.03929 14 1.00000
167.4 79.13033 14 1.00000
167.5 79.22136 14 1.00000
167.6 79.31221 14 1.00000
167.7 79.40321 14 1.00000
167.8 79.04030 14 1.00000
167.9 79.13138 14 1.00000
168.0 79.22239 14 1.00000
168.1 79.31327 14 1.00000
168.2 79.40430 14 1.00000
168.3 79.49537 14 1.00000
168.4 79.58638 14 1.00000
168.5 79.22362 14 1.00000
168.6 79.31453 14 1.00000
168.7 79.40559 14 1.00000
168.8 79.49670 14 1.00000
168.9 79.58774 14 1.00000
169.0 79.67871 14 1.00000
169.1 79.76955 14 1.00000
169.2 79.40714 14 1.00000
169.3 79.49823 14 1.00000
169.4 79.58925 14 1.00000
169.5 79.68035 14 1.00000
169.6 79.77123 14 1.00000
169.7 79.86226 14 1.00000
169.8 79.95322 14 1.00000
169.9 79.59106 14 1.00000
170.0 79.68210 14 1.00000
170.1 79.77306 14 1.00000
170.2 79.86407 14 1.00000
170.3 79.95511 14 1.00000
170.4 80.04620 14 1.00000
170.5 80.13716 14 1.00000
170.6 80.22800 14 1.00000
170.7 79.86612 14 1.00000
170.8 79.95719 14 1.00000
170.9 80.04826 14 1.00000
171.0 80.13931 14 1.00000
171.1 80.23018 14 1.00000
171.2 80.32120 14 1.00000
171.3 80.41225 14 1.00000
171.4 80.05057 14 1.00000
171.5 80.14169 14 1.00000
171.6 80.23259 14 1.00000
171.7 80.32362 14 1.00000
171.8 80.41463 14 1.00000
171.9 80.50571 14 1.00000
172.0 80.59671 14 1.00000
172.1 80.23515 14 1.00000
172.2 80.32623 14 1.00000
172.3 80.41725 14 1.00000
172.4 80.50835 14 1.00000
172.5 80.59939 14 1.00000
172.6 80.69020 14 1.00000
172.7 80.78121 14 1.00000
172.8 80.42010 14 1.00000
172.9 80.51114 14 1.00000
173.0 80.60220 14 1.00000
173.1 80.69315 14 1.00000
173.2 80.78413 14 1.00000
173.3 80.87517 14 1.00000
173.4 80.96622 14 1.00000
173.5 80.60526 14 1.00000
173.6 80.69617 14 1.00000
173.7 80.78724 14 1.00000
173.8 80.87834 14 1.00000
173.9 80.96938 14 1.00000
174.0 81.06042 14 1.00000
174.1 81.15121 14 1.00000
174.2 81.24226 14 1.00000
174.3 80.88166 14 1.00000
174.4 80.97272 14 1.00000
174.5 81.06374 14 1.00000
174.6 81.15466 14 1.00000
174.7 81.24569 14 1.00000
174.8 81.33670 14 1.00000
174.9 81.42766 14 1.00000
175.0 81.06712 14 1.00000
175.1 81.15819 14 1.00000
175.2 81.24924 14 1.00000
175.3 81.34029 14 1.00000
175.4 81.43136 14 1.00000
175.5 81.52221 14 1.00000
175.6 81.61317 14 1.00000
175.7 81.25307 14 1.00000
175.8 81.34409 14 1.00000
175.9 81.43520 14 1.00000
176.0 81.52602 14 1.00000
176.1 81.61705 14 1.00000
176.2 81.70806 14 1.00000
176.3 81.79911 14 1.00000
176.4 81.43914 14 1.00000
176.5 81.53010 14 1.00000
176.6 81.62115 14 1.00000
176.7 81.71214 14 1.00000
176.8 81.80317 14 1.00000
176.9 81.89423 14 1.00000
177.0 81.98502 14 1.00000
177.1 82.07605 14 1.00000
177.2 81.71644 14 1.00000
177.3 81.80744 14 1.00000
177.4 81.89848 14 1.00000
177.5 81.98934 14 1.00000
177.6 82.08035 14 1.00000
177.7 82.17135 14 1.00000
177.8 82.26238 14 1.00000
177.9 81.90294 14 1.00000
178.0 81.99383 14 1.00000
178.1 82.08492 14 1.00000
178.2 82.17593 14 1.00000
178.3 82.26694 14 1.00000
178.4 82.35789 14 1.00000
178.5 82.44872 14 1.00000
178.6 82.53968 14 1.00000
178.7 82.18064 14 1.00000
178.8 82.27167 14 1.00000
178.9 82.36269 14 1.00000
179.0 82.45348 14 1.00000
179.1 82.54453 14 1.00000
179.2 82.63545 14 1.00000
179.3 82.72647 14 1.00000
179.4 82.36759 14 1.00000
179.5 82.45847 14 1.00000
179.6 82.54948 14 1.00000
179.7 82.64043 14 1.00000
179.8 82.73142 14 1.00000
179.9 82.82240 14 1.00000
180.0 82.45959 14 1.00000
180.1 82.55459 14 1.00000
180.2 82.64561 14 1.00000
180.3 82.73658 14 1.00000
180.4 82.82763 14 1.00000
180.5 82.46476 14 1.00000
180.6 82.55588 14 1.00000
180.7 82.64693 14 1.00000
180.8 82.73798 14 1.00000
180.9 82.83295 14 1.00000
181.0 82.47012 14 1.00000
181.1 82.56126 14 1.00000
181.2 82.65234 14 1.00000
181.3 82.74340 14 1.00000
181.4 82.83440 14 1.00000
181.5 82.92533 14 1.00000
181.6 82.56673 14 1.00000
181.7 82.65784 14 1.00000
181.8 82.74892 14 1.00000
181.9 82.84005 14 1.00000
182.0 82.93090 14 1.00000
182.1 83.02195 14 1.00000
182.2 83.11303 14 1.00000
182.3 83.20405 14 1.00000
182.4 82.84579 14 1.00000
182.5 82.93666 14 1.00000
182.6 83.02773 14 1.00000
182.7 83.11884 14 1.00000
182.8 83.20982 14 1.00000
182.9 83.30085 14 1.00000
183.0 83.39170 14 1.00000
183.1 83.03365 14 1.00000
183.2 83.12473 14 1.00000
183.3 83.21584 14 1.00000
183.4 83.30689 14 1.00000
183.5 83.39771 14 1.00000
183.6 83.48874 14 1.00000
183.7 83.57979 14 1.00000
183.8 83.67078 14 1.00000
183.9 83.31301 14 1.00000
184.0 83.40391 14 1.00000
184.1 83.49490 14 1.00000
184.2 83.58598 14 1.00000
184.3 83.67699 14 1.00000
184.4 83.76799 14 1.00000
184.5 83.85882 14 1.00000
184.6 83.94974 14 1.00000
184.7 83.59230 14 1.00000
184.8 83.68333 14 1.00000
184.9 83.77435 14 1.00000
185.0 83.86516 14 1.00000
185.1 83.95620 14 1.00000
185.2 84.04717 14 1.00000
185.3 84.13809 14 1.00000
185.4 83.78079 14 1.00000
185.5 83.87171 14 1.00000
185.6 83.96268 14 1.00000
185.7 84.05373 14 1.00000
185.8 84.14471 14 1.00000
185.9 84.23568 14 1.00000
186.0 84.32648 14 1.00000
186.1 84.41742 14 1.00000
186.2 84.06044 14 1.00000
186.3 84.15145 14 1.00000
186.4 84.24245 14 1.00000
186.5 84.33322 14 1.00000
186.6 84.42419 14 1.00000
186.7 84.51515 14 1.00000
186.8 84.60609 14 1.00000
186.9 84.69702 14 1.00000
187.0 84.34026 14 1.00000
187.1 84.43121 14 1.00000
187.2 84.52219 14 1.00000
187.3 84.61316 14 1.00000
187.4 84.70416 14 1.00000
187.5 84.79494 14 1.00000
187.6 84.88582 14 1.00000
187.7 84.52943 14 1.00000
187.8 84.62047 14 1.00000
187.9 84.71140 14 1.00000
188.0 84.80225 14 1.00000
188.1 84.89320 14 1.00000
188.2 84.98409 14 1.00000
188.3 85.07501 14 1.00000
188.4 85.16597 14 1.00000
188.5 84.80971 14 1.00000
188.6 84.90073 14 1.00000
188.7 84.99165 14 1.00000
188.8 85.08264 14 1.00000
188.9 85.17353 14 1.00000
189.0 85.26429 14 1.00000
189.1 85.35525 14 1.00000
189.2 85.44609 14 1.00000
189.3 85.09042 14 1.00000
189.4 85.18138 14 1.00000
189.5 85.27216 14 1.00000
189.6 85.36310 14 1.00000
189.7 85.45402 14 1.00000
189.8 85.54487 14 1.00000
189.9 85.63581 14 1.00000
190.0 85.72664 14 1.00000
190.1 85.37109 14 1.00000
190.2 85.46204 14 1.00000
190.3 85.55296 14 1.00000
190.4 85.64388 14 1.00000
190.5 85.73483 14 1.00000
190.6 85.82555 14 1.00000
190.7 85.91638 14 1.00000
190.8 85.56125 14 1.00000
190.9 85.65219 14 1.00000
191.0 85.74296 14 1.00000
191.1 85.83392 14 1.00000
191.2 85.92481 14 1.00000
191.3 86.01565 14 1.00000
191.4 86.10652 14 1.00000
191.5 86.19743 14 1.00000
191.6 85.84247 14 1.00000
191.7 85.93334 14 1.00000
191.8 86.02425 14 1.00000
191.9 86.11519 14 1.00000
192.0 86.20607 14 1.00000
192.1 86.29673 14 1.00000
192.2 86.38758 14 1.00000
192.3 86.47842 14 1.00000
192.4 86.12400 14 1.00000
192.5 86.21490 14 1.00000
192.6 86.30560 14 1.00000
192.7 86.39651 14 1.00000
192.8 86.48737 14 1.00000
192.9 86.57818 14 1.00000
193.0 86.66901 14 1.00000
193.1 86.75973 14 1.00000
193.2 86.40554 14 1.00000
193.3 86.49648 14 1.00000
193.4 86.58735 14 1.00000
193.5 86.67816 14 1.00000
193.6 86.76890 14 1.00000
193.7 86.85973 14 1.00000
193.8 86.95055 14 1.00000
193.9 87.04131 14 1.00000
194.0 86.68755 14 1.00000
194.1 86.77826 14 1.00000
194.2 86.86906 14 1.00000
194.3 86.95991 14 1.00000
194.4 87.05074 14 1.00000
194.5 87.14160 14 1.00000
194.6 87.23219 14 1.00000
194.7 87.32303 14 1.00000
194.8 86.96951 14 1.00000
194.9 87.06036 14 1.00000
195.0 87.15125 14 1.00000
195.1 87.24191 14 1.00000
195.2 87.33267 14 1.00000
195.3 87.42352 14 1.00000
195.4 87.51430 14 1.00000
195.5 87.60502 14 1.00000
195.6 87.25176 14 1.00000
195.7 87.34254 14 1.00000
195.8 87.43336 14 1.00000
195.9 87.52418 14 1.00000
196.0 87.61497 14 1.00000
196.1 87.70580 14 1.00000
196.2 87.79640 14 1.00000
196.3 87.88711 14 1.00000
196.4 87.53433 14 1.00000
196.5 87.62514 14 1.00000
196.6 87.71590 14 1.00000
196.7 87.80658 14 1.00000
196.8 87.89735 14 1.00000
196.9 87.98812 14 1.00000
197.0 88.07887 14 1.00000
197.1 88.16960 14 1.00000
197.2 87.81695 14 1.00000
197.3 87.90769 14 1.00000
197.4 87.99848 14 1.00000
197.5 88.08925 14 1.00000
197.6 88.18005 14 1.00000
197.7 88.27065 14 1.00000
197.8 88.36133 14 1.00000
197.9 88.00443 14 1.00000
198.0 88.09991 14 1.00000
198.1 88.19070 14 1.00000
198.2 88.28130 14 1.00000
198.3 88.37206 14 1.00000
198.4 88.01510 14 1.00000
198.5 88.10592 14 1.00000
198.6 88.19677 14 1.00000
198.7 88.28736 14 1.00000
198.8 88.38293 14 1.00000
198.9 88.02600 14 1.00000
199.0 88.11690 14 1.00000
199.1 88.20773 14 1.00000
199.2 88.29833 14 1.00000
199.3 88.38914 14 1.00000
199.4 88.47992 14 1.00000
199.5 88.57069 14 1.00000
199.6 88.66150 14 1.00000
199.7 88.30949 14 1.00000
199.8 88.40031 14 1.00000
199.9 88.49117 14 1.00000
200.0 88.58192 14 1.00000
200.1 88.67275 14 1.00000
200.2 88.76337 14 1.00000
200.3 88.85407 14 1.00000
200.4 88.94481 14 1.00000
200.5 88.59332 14 1.00000
200.6 88.68413 14 1.00000
200.7 88.77477 14 1.00000
200.8 88.86559 14 1.00000
200.9 88.95631 14 1.00000
201.0 89.04710 14 1.00000
201.1 89.13784 14 1.00000
201.2 89.22852 14 1.00000
201.3 88.87724 14 1.00000
201.4 88.96803 14 1.00000
201.5 89.05875 14 1.00000
201.6 89.14951 14 1.00000
201.7 89.24031 14 1.00000
201.8 89.33089 14 1.00000
201.9 89.42155 14 1.00000
202.0 89.51231 14 1.00000
202.1 89.16142 14 1.00000
202.2 89.25218 14 1.00000
202.3 89.34279 14 1.00000
202.4 89.43353 14 1.00000
202.5 89.52425 14 1.00000
202.6 89.61497 14 1.00000
202.7 89.70571 14 1.00000
202.8 89.79639 14 1.00000
202.9 89.88692 14 1.00000
203.0 89.53642 14 1.00000
203.1 89.62716 14 1.00000
203.2 89.71788 14 1.00000
203.3 89.80843 14 1.00000
203.4 89.89912 14 1.00000
203.5 89.98985 14 1.00000
203.6 90.08047 14 1.00000
203.7 90.17117 14 1.00000
203.8 89.82085 14 1.00000
203.9 89.91157 14 1.00000
204.0 90.00227 14 1.00000
204.1 90.09300 14 1.00000
204.2 90.18363 14 1.00000
204.3 90.27429 14 1.00000
204.4 90.36484 14 1.00000
204.5 90.45547 14 1.00000
204.6 90.10561 14 1.00000
204.7 90.19637 14 1.00000
204.8 90.28690 14 1.00000
204.9 90.37756 14 1.00000
205.0 90.46817 14 1.00000
205.1 90.55886 14 1.00000
205.2 90.64949 14 1.00000
205.3 90.74006 14 1.00000
205.4 90.83066 14 1.00000
205.5 90.48109 14 1.00000
205.6 90.57181 14 1.00000
205.7 90.66241 14 1.00000
205.8 90.75310 14 1.00000
205.9 90.84367 14 1.00000
206.0 90.93413 14 1.00000
206.1 91.02473 14 1.00000
206.2 91.11536 14 1.00000
206.3 90.76621 14 1.00000
206.4 90.85671 14 1.00000
206.5 90.94739 14 1.00000
206.6 91.03796 14 1.00000
206.7 91.12861 14 1.00000
206.8 91.21920 14 1.00000
206.9 91.30978 14 1.00000
207.0 91.40034 14 1.00000
207.1 91.49075 14 1.00000
207.2 91.14204 14 1.00000
207.3 91.23260 14 1.00000
207.4 91.32325 14 1.00000
207.5 91.41384 14 1.00000
207.6 91.50426 14 1.00000
207.7 91.59482 14 1.00000
207.8 91.68532 14 1.00000
207.9 91.77589 14 1.00000
208.0 91.42746 14 1.00000
208.1 91.51790 14 1.00000
208.2 91.60853 14 1.00000
208.3 91.69905 14 1.00000
208.4 91.78965 14 1.00000
208.5 91.88019 14 1.00000
208.6 91.97072 14 1.00000
208.7 92.06103 14 1.00000
208.8 92.15153 14 1.00000
208.9 91.80358 14 1.00000
209.0 91.89414 14 1.00000
209.1 91.98464 14 1.00000
209.2 92.07502 14 1.00000
209.3 92.16559 14 1.00000
209.4 92.25610 14 1.00000
209.5 92.34659 14 1.00000
209.6 92.43707 14 1.00000
209.7 92.52749 14 1.00000
209.8 92.17973 14 1.00000
209.9 92.27026 14 1.00000
210.0 92.36082 14 1.00000
210.1 92.45132 14 1.00000
210.2 92.54176 14 1.00000
210.3 92.63213 14 1.00000
210.4 92.72260 14 1.00000
210.5 92.81300 14 1.00000
210.6 92.46574 14 1.00000
210.7 92.55625 14 1.00000
210.8 92.64660 14 1.00000
210.9 92.73704 14 1.00000
211.0 92.82755 14 1.00000
211.1 92.91800 14 1.00000
211.2 93.00845 14 1.00000
211.3 93.09888 14 1.00000
211.4 93.18915 14 1.00000
211.5 92.84218 14 1.00000
211.6 92.93266 14 1.00000
211.7 93.02312 14 1.00000
211.8 93.11357 14 1.00000
211.9 93.20386 14 1.00000
212.0 93.29428 14 1.00000
212.1 93.38474 14 1.00000
212.2 93.47509 14 1.00000
212.3 93.56552 14 1.00000
212.4 93.21879 14 1.00000
212.5 93.30923 14 1.00000
212.6 93.39967 14 1.00000
212.7 93.49014 14 1.00000
212.8 93.58054 14 1.00000
212.9 93.67093 14 1.00000
213.0 93.76131 14 1.00000
213.1 93.85147 14 1.00000
213.2 93.50529 14 1.00000
213.3 93.59573 14 1.00000
213.4 93.68613 14 1.00000
213.5 93.77654 14 1.00000
213.6 93.86672 14 1.00000
213.7 93.95709 14 1.00000
213.8 94.04745 14 1.00000
213.9 94.13785 14 1.00000
214.0 94.22813 14 1.00000
214.1 93.88214 14 1.00000
214.2 93.97258 14 1.00000
214.3 94.06296 14 1.00000
214.4 94.15333 14 1.00000
214.5 94.24368 14 1.00000
214.6 94.33402 14 1.00000
214.7 94.42419 14 1.00000
214.8 94.51447 14 1.00000
214.9 94.60476 14 1.00000
215.0 94.25935 14 1.00000
215.1 94.34971 14 1.00000
215.2 94.43990 14 1.00000
215.3 94.53024 14 1.00000
215.4 94.62056 14 1.00000
215.5 94.71087 14 1.00000
215.6 94.80112 14 1.00000
215.7 94.89144 14 1.00000
215.8 94.98151 14 1.00000
215.9 94.63643 14 1.00000
216.0 94.72676 14 1.00000
216.1 94.81708 14 1.00000
216.2 94.90738 14 1.00000
216.3 94.99752 14 1.00000
216.4 95.08779 14 1.00000
216.5 95.17810 14 1.00000
216.6 95.26835 14 1.00000
216.7 95.35859 14 1.00000
216.8 95.01373 14 1.00000
216.9 95.10403 14 1.00000
217.0 95.19427 14 1.00000
217.1 95.28453 14 1.00000
217.2 95.37479 14 1.00000
217.3 95.46503 14 1.00000
217.4 95.55531 14 1.00000
217.5 95.64538 14 1.00000
217.6 95.73553 14 1.00000
217.7 95.39125 14 1.00000
217.8 95.48147 14 1.00000
217.9 95.57177 14 1.00000
218.0 95.66186 14 1.00000
218.1 95.75208 14 1.00000
218.2 95.84225 14 1.00000
218.3 95.93249 14 1.00000
218.4 96.02267 14 1.00000
218.5 96.11280 14 1.00000
218.6 95.76869 14 1.00000
218.7 95.85897 14 1.00000
218.8 95.94914 14 1.00000
218.9 96.03940 14 1.00000
219.0 96.12954 14 1.00000
219.1 96.21957 14 1.00000
219.2 96.30979 14 1.00000
219.3 96.39989 14 1.00000
219.4 96.49008 14 1.00000
219.5 96.14645 14 1.00000
219.6 96.23655 14 1.00000
219.7 96.32669 14 1.00000
219.8 96.41691 14 1.00000
219.9 96.50702 14 1.00000
220.0 96.59722 14 1.00000
220.1 96.68730 14 1.00000
220.2 96.33781 14 1.00000
220.3 96.42806 14 1.00000
220.4 96.52417 14 1.00000
220.5 96.61434 14 1.00000
220.6 96.26482 14 1.00000
220.7 96.35509 14 1.00000
220.8 96.44526 14 1.00000
220.9 96.53546 14 1.00000
221.0 96.62565 14 1.00000
221.1 96.71586 14 1.00000
221.2 96.80604 14 1.00000
221.3 96.46272 14 1.00000
221.4 96.55289 14 1.00000
221.5 96.64315 14 1.00000
221.6 96.73329 14 1.00000
221.7 96.82338 14 1.00000
221.8 96.91351 14 1.00000
221.9 97.00371 14 1.00000
222.0 97.09380 14 1.00000
222.1 97.18394 14 1.00000
222.2 97.27406 14 1.00000
222.3 96.93118 14 1.00000
222.4 97.02135 14 1.00000
222.5 97.11152 14 1.00000
222.6 97.20167 14 1.00000
222.7 97.29180 14 1.00000
222.8 97.38193 14 1.00000
222.9 97.47189 14 1.00000
223.0 97.56204 14 1.00000
223.1 97.65213 14 1.00000
223.2 97.30977 14 1.00000
223.3 97.39986 14 1.00000
223.4 97.48985 14 1.00000
223.5 97.58002 14 1.00000
223.6 97.67007 14 1.00000
223.7 97.76017 14 1.00000
223.8 97.85030 14 1.00000
223.9 97.94036 14 1.00000
224.0 98.03042 14 1.00000
224.1 97.68828 14 1.00000
224.2 97.77839 14 1.00000
224.3 97.86844 14 1.00000
224.4 97.95853 14 1.00000
224.5 98.04861 14 1.00000
224.6 98.13852 14 1.00000
224.7 98.22857 14 1.00000
224.8 98.31860 14 1.00000
224.9 98.40868 14 1.00000
225.0 98.49864 14 1.00000
225.1 98.15698 14 1.00000
225.2 98.24705 14 1.00000
225.3 98.33710 14 1.00000
225.4 98.42715 14 1.00000
225.5 98.51718 14 1.00000
225.6 98.60715 14 1.00000
225.7 98.69720 14 1.00000
225.8 98.78700 14 1.00000
225.9 98.87703 14 1.00000
226.0 98.53583 14 1.00000
226.1 98.62582 14 1.00000
226.2 98.71574 14 1.00000
226.3 98.80571 14 1.00000
226.4 98.89576 14 1.00000
226.5 98.98574 14 1.00000
226.6 99.07571 14 1.00000
226.7 99.16563 14 1.00000
226.8 99.25558 14 1.00000
226.9 99.34537 14 1.00000
227.0 99.00465 14 1.00000
227.1 99.09460 14 1.00000
227.2 99.18462 14 1.00000
227.3 99.27459 14 1.00000
227.4 99.36435 14 1.00000
227.5 99.45435 14 1.00000
227.6 99.54427 14 1.00000
227.7 99.63419 14 1.00000
227.8 99.72409 14 1.00000
227.9 99.38350 14 1.00000
228.0 99.47346 14 1.00000
228.1 99.56345 14 1.00000
228.2 99.65339 14 1.00000
228.3 99.74332 14 1.00000
228.4 99.83322 14 1.00000
228.5 99.92307 14 1.00000
228.6 100.01282 14 1.00000
228.7 100.10274 14 1.00000
228.8 100.19260 14 1.00000
228.9 99.85262 14 1.00000
229.0 99.94254 14 1.00000
229.1 100.03230 14 1.00000
229.2 100.12219 14 1.00000
229.3 100.21203 14 1.00000
229.4 100.30190 14 1.00000
229.5 100.39180 14 1.00000
229.6 100.48159 14 1.00000
229.7 100.57147 14 1.00000
229.8 100.66109 14 1.00000
229.9 100.32154 14 1.00000
230.0 100.41147 14 1.00000
230.1 100.50128 14 1.00000
230.2 100.59118 14 1.00000
230.3 100.68082 14 1.00000
230.4 100.77069 14 1.00000
230.5 100.86050 14 1.00000
230.6 100.95026 14 1.00000
230.7 101.04005 14 1.00000
230.8 100.70075 14 1.00000
230.9 100.79055 14 1.00000
231.0 100.88042 14 1.00000
231.1 100.97020 14 1.00000
231.2 101.06001 14 1.00000
231.3 101.14984 14 1.00000
231.4 101.23962 14 1.00000
231.5 101.32921 14 1.00000
231.6 101.41896 14 1.00000
231.7 101.50871 14 1.00000
231.8 101.16993 14 1.00000
231.9 101.25973 14 1.00000
232.0 101.34937 14 1.00000
232.1 101.43920 14 1.00000
232.2 101.52896 14 1.00000
232.3 101.61871 14 1.00000
232.4 101.70845 14 1.00000
232.5 101.79813 14 1.00000
232.6 101.88784 14 1.00000
232.7 101.97740 14 1.00000
232.8 101.63905 14 1.00000
232.9 101.72881 14 1.00000
233.0 101.81855 14 1.00000
233.1 101.90828 14 1.00000
233.2 101.99786 14 1.00000
233.3 102.08757 14 1.00000
233.4 102.17731 14 1.00000
233.5 102.26700 14 1.00000
233.6 102.35662 14 1.00000
233.7 102.44633 14 1.00000
233.8 102.10825 14 1.00000
233.9 102.19791 14 1.00000
234.0 102.28767 14 1.00000
234.1 102.37736 14 1.00000
234.2 102.46699 14 1.00000
234.3 102.55665 14 1.00000
234.4 102.64621 14 1.00000
234.5 102.73586 14 1.00000
234.6 102.82543 14 1.00000
234.7 102.91510 14 1.00000
234.8 102.57753 14 1.00000
234.9 102.66711 14 1.00000
235.0 102.75672 14 1.00000
235.1 102.84642 14 1.00000
235.2 102.93605 14 1.00000
235.3 103.02563 14 1.00000
235.4 103.11524 14 1.00000
235.5 103.20489 14 1.00000
235.6 103.29433 14 1.00000
235.7 103.38391 14 1.00000
235.8 103.04680 14 1.00000
235.9 103.13638 14 1.00000
236.0 103.22605 14 1.00000
236.1 103.31551 14 1.00000
236.2 103.40506 14 1.00000
236.3 103.49469 14 1.00000
236.4 103.58422 14 1.00000
236.5 103.67381 14 1.00000
236.6 103.76336 14 1.00000
236.7 103.85290 14 1.00000
236.8 103.51601 14 1.00000
236.9 103.60560 14 1.00000
237.0 103.69518 14 1.00000
237.1 103.78479 14 1.00000
237.2 103.87434 14 1.00000
237.3 103.96369 14 1.00000
237.4 104.05327 14 1.00000
237.5 104.14274 14 1.00000
237.6 104.23224 14 1.00000
237.7 104.32178 14 1.00000
237.8 103.98536 14 1.00000
237.9 104.07486 14 1.00000
238.0 104.16439 14 1.00000
238.1 104.25391 14 1.00000
238.2 104.34347 14 1.00000
238.3 104.43292 14 1.00000
238.4 104.52245 14 1.00000
238.5 104.61189 14 1.00000
238.6 104.70120 14 1.00000
238.7 104.79066 14 1.00000
238.8 104.88010 14 1.00000
238.9 104.54433 14 1.00000
239.0 104.63378 14 1.00000
239.1 104.72312 14 1.00000
239.2 104.81259 14 1.00000
239.3 104.90209 14 1.00000
239.4 104.99149 14 1.00000
239.5 105.08097 14 1.00000
239.6 105.17039 14 1.00000
239.7 105.25976 14 1.00000
239.8 105.34907 14 1.00000
239.9 105.01366 14 1.00000
240.0 105.10311 14 1.00000
240.1 105.19255 14 1.00000
240.2 105.28198 14 1.00000
240.3 105.37125 14 1.00000
240.4 105.46062 14 1.00000
240.5 105.55006 14 1.00000
240.6 105.63939 14 1.00000
240.7 105.72881 14 1.00000
240.8 105.81816 14 1.00000
240.9 105.48298 14 1.00000
241.0 105.57239 14 1.00000
241.1 105.66183 14 1.00000
241.2 105.75122 14 1.00000
241.3 105.84060 14 1.00000
241.4 105.92992 14 1.00000
241.5 106.01926 14 1.00000
241.6 106.10847 14 1.00000
241.7 106.19785 14 1.00000
241.8 106.28716 14 1.00000
241.9 106.37646 14 1.00000
242.0 106.04175 14 1.00000
242.1 106.13116 14 1.00000
242.2 106.22045 14 1.00000
242.3 106.30984 14 1.00000
242.4 106.39912 14 1.00000
242.5 106.48847 14 1.00000
242.6 106.57777 14 1.00000
242.7 106.66702 14 1.00000
242.8 106.75620 14 1.00000
242.9 106.84547 14 1.00000
243.0 106.51128 14 1.00000
243.1 106.60060 14 1.00000
243.2 106.68996 14 1.00000
243.3 106.77907 14 1.00000
243.4 106.86835 14 1.00000
243.5 106.95763 14 1.00000
243.6 107.04693 14 1.00000
243.7 107.13618 14 1.00000
243.8 107.22542 14 1.00000
243.9 107.31459 14 1.00000
244.0 107.40385 14 1.00000
244.1 107.07005 14 1.00000
244.2 107.15927 14 1.00000
244.3 107.24857 14 1.00000
244.4 107.33781 14 1.00000
244.5 107.42705 14 1.00000
244.6 107.51608 14 1.00000
244.7 107.60529 14 1.00000
244.8 107.69453 14 1.00000
244.9 107.78368 14 1.00000
245.0 107.87285 14 1.00000
245.1 107.96206 14 1.00000
245.2 107.62872 14 1.00000
245.3 107.71793 14 1.00000
245.4 107.80708 14 1.00000
245.5 107.89632 14 1.00000
245.6 107.98546 14 1.00000
245.7 108.07468 14 1.00000
245.8 108.16365 14 1.00000
245.9 108.25285 14 1.00000
246.0 108.34198 14 1.00000
246.1 108.43110 14 1.00000
246.2 108.52021 14 1.00000
246.3 108.18732 14 1.00000
246.4 108.27644 14 1.00000
246.5 108.36564 14 1.00000
246.6 108.45478 14 1.00000
246.7 108.54387 14 1.00000
246.8 108.63299 14 1.00000
246.9 108.72209 14 1.00000
247.0 108.81119 14 1.00000
247.1 108.90018 14 1.00000
247.2 108.98921 14 1.00000
247.3 109.06233 14 1.00000
247.4 108.74597 14 1.00000
247.5 108.83509 14 1.00000
247.6 108.92410 14 1.00000
247.7 108.99713 14 1.00000
247.8 109.08623 14 1.00000
247.9 109.17527 14 1.00000
248.0 109.26440 14 1.00000
248.1 109.35342 14 1.00000
248.2 109.44247 14 1.00000
248.3 109.53152 14 1.00000
248.4 109.62042 14 1.00000
248.5 109.28844 14 1.00000
248.6 109.37756 14 1.00000
248.7 109.46659 14 1.00000
248.8 109.55565 14 1.00000
248.9 109.64452 14 1.00000
249.0 109.73357 14 1.00000
249.1 109.82259 14 1.00000
249.2 109.91166 14 1.00000
249.3 110.00062 14 1.00000
249.4 110.08961 14 1.00000
249.5 110.17860 14 1.00000
249.6 109.84698 14 1.00000
249.7 109.93597 14 1.00000
249.8 110.02499 14 1.00000
249.9 110.11400 14 1.00000
250.0 110.20305 14 1.00000
