15.0 1.40731 13 0.04338
15.1 1.41495 13 0.04382
15.2 1.42260 13 0.04427
15.3 1.43024 13 0.04470
15.4 1.43789 13 0.04514
15.5 1.44554 13 0.04557
15.6 1.45319 13 0.04600
15.7 1.46083 13 0.04642
15.8 1.46848 13 0.04684
15.9 1.47613 13 0.04726
16.0 1.48378 13 0.04767
16.1 1.49142 13 0.04808
16.2 1.49907 13 0.04848
16.3 1.50672 13 0.04888
16.4 1.51436 13 0.04928
16.5 1.52201 13 0.04968
16.6 1.52966 13 0.05007
16.7 1.53730 13 0.05046
16.8 1.54495 13 0.05085
16.9 1.55260 13 0.05124
17.0 1.56024 13 0.05161
17.1 1.56788 13 0.05199
17.2 1.57553 13 0.05236
17.3 1.58317 13 0.05274
17.4 1.59081 13 0.05316
17.5 1.59845 13 0.05353
17.6 1.60610 13 0.05390
17.7 1.61374 13 0.05426
17.8 1.62137 13 0.05463
17.9 1.62901 13 0.05499
18.0 1.63665 13 0.05535
18.1 1.64429 13 0.05571
18.2 1.65192 13 0.05606
18.3 1.65955 13 0.05642
18.4 1.66719 13 0.05676
18.5 1.67482 13 0.05711
18.6 1.68245 13 0.05751
18.7 1.69008 13 0.05786
18.8 1.69770 13 0.05821
18.9 1.70533 13 0.05855
19.0 1.71295 13 0.05890
19.1 1.72058 13 0.05924
19.2 1.73044 13 0.05978
19.3 1.74252 13 0.06050
19.4 1.75468 13 0.06121
19.5 1.76694 13 0.06201
19.6 1.77928 13 0.06274
19.7 1.79171 13 0.06349
19.8 1.80423 13 0.06424
19.9 1.81683 13 0.06499
20.0 1.82953 13 0.06575
20.1 1.84231 13 0.06652
20.2 1.85518 13 0.06734
20.3 1.86815 13 0.06812
20.4 1.88121 13 0.06891
20.5 1.89435 13 0.06970
20.6 1.90759 13 0.07049
20.7 1.92093 13 0.07130
20.8 16.06471 14 1.00000
20.9 16.09311 14 1.00000
21.0 16.14261 14 1.00000
21.1 16.18738 14 1.00000
21.2 16.23148 14 1.00000
21.3 16.27499 14 1.00000
21.4 16.31763 14 1.00000
21.5 16.34069 14 1.00000
21.6 16.38479 14 1.00000
21.7 16.42859 14 1.00000
21.8 16.46900 14 1.00000
21.9 16.50870 14 1.00000
22.0 16.52773 14 1.00000
22.1 16.56550 14 1.00000
22.2 16.60258 14 1.00000
22.3 16.64551 14 1.00000
22.4 16.68201 14 1.00000
22.5 16.69697 14 1.00000
22.6 16.73151 14 1.00000
22.7 16.76535 14 1.00000
22.8 16.79840 14 1.00000
22.9 16.81595 14 1.00000
23.0 16.84793 14 1.00000
23.1 16.87901 14 1.00000
23.2 16.90923 14 1.00000
23.3 16.91660 14 1.00000
23.4 16.94517 14 1.00000
23.5 16.97995 14 1.00000
23.6 17.00758 14 1.00000
23.7 17.01149 14 1.00000
23.8 17.03697 14 1.00000
23.9 5.55983 14 0.28833
24.0 5.64797 14 0.29377
24.1 5.73693 14 0.29871
24.2 5.82631 14 0.30380
24.3 5.91533 14 0.30933
24.4 6.00549 14 0.31449
24.5 6.09612 14 0.31969
24.6 6.18575 14 0.32531
24.7 6.27760 14 0.33043
24.8 6.36758 14 0.33610
24.9 6.45756 14 0.34179
25.0 6.54752 14 0.34751
25.1 6.63743 14 0.35326
25.2 6.71773 14 0.36043
25.3 6.81038 14 0.36573
25.4 6.90233 14 0.37119
25.5 6.99448 14 0.37669
25.6 7.08683 14 0.38222
25.7 7.17940 14 0.38777
25.8 7.27322 14 0.39324
25.9 7.36655 14 0.39881
26.0 7.45969 14 0.40444
26.1 7.55295 14 0.41010
26.2 7.64631 14 0.41578
26.3 7.73974 14 0.42149
26.4 7.83518 14 0.42709
26.5 7.92890 14 0.43284
26.6 8.02255 14 0.43863
26.7 8.11623 14 0.44443
26.8 8.20986 14 0.45027
26.9 8.30496 14 0.45604
27.0 8.39946 14 0.46187
27.1 8.49305 14 0.46777
27.2 8.58654 14 0.47370
27.3 8.67987 14 0.47965
27.4 8.77294 14 0.48562
27.5 8.86899 14 0.49149
27.6 8.96198 14 0.49750
27.7 9.05476 14 0.50354
27.8 9.14717 14 0.50960
27.9 9.23916 14 0.51568
28.0 9.33457 14 0.52166
28.1 9.42641 14 0.52778
28.2 9.51789 14 0.53392
28.3 9.60896 14 0.54008
28.4 9.69941 14 0.54627
28.5 9.78944 14 0.55248
28.6 9.88365 14 0.55857
28.7 9.97325 14 0.56481
28.8 10.06216 14 0.57107
28.9 10.15042 14 0.57736
29.0 10.23819 14 0.58366
29.1 10.32936 14 0.58988
29.2 10.41774 14 0.59618
29.3 10.50400 14 0.60253
29.4 10.58959 14 0.60890
29.5 10.67429 14 0.61528
29.6 10.75830 14 0.62169
29.7 10.84806 14 0.62798
29.8 10.93097 14 0.63441
29.9 11.01309 14 0.64086
30.0 11.09434 14 0.64732
30.1 11.17474 14 0.65380
30.2 11.25542 14 0.66027
30.3 11.34015 14 0.66667
30.4 11.41812 14 0.67319
30.5 11.49520 14 0.67972
30.6 11.57098 14 0.68627
30.7 11.64547 14 0.69283
30.8 11.72767 14 0.69928
30.9 11.80093 14 0.70585
31.0 11.87294 14 0.71244
31.1 11.94341 14 0.71905
31.2 12.01269 14 0.72566
31.3 12.08008 14 0.73229
31.4 12.15618 14 0.73881
31.5 12.22150 14 0.74546
31.6 12.28518 14 0.75211
31.7 12.34688 14 0.75878
31.8 12.40700 14 0.76546
31.9 12.46723 14 0.77212
32.0 12.53465 14 0.77871
32.1 12.59132 14 0.78539
32.2 12.64650 14 0.79208
32.3 12.69977 14 0.79878
32.4 12.75149 14 0.80547
32.5 12.80844 14 0.81211
32.6 12.86332 14 0.81876
32.7 12.91130 14 0.82545
32.8 12.95745 14 0.83214
32.9 13.00185 14 0.83883
33.0 13.04456 14 0.84552
33.1 13.08973 14 0.85218
33.2 13.13945 14 0.85880
33.3 13.16839 14 0.86552
33.4 13.16916 14 0.87238
33.5 13.13868 14 0.87936
33.6 13.06473 14 0.88652
33.7 12.88739 14 0.89410
33.8 12.50261 14 0.90259
33.9 12.08268 14 0.91113
34.0 11.75115 14 0.91907
34.1 11.67259 14 0.92562
34.2 11.78068 14 0.93127
34.3 11.89097 14 0.93696
34.4 11.92366 14 0.94296
34.5 12.04674 14 0.94868
34.6 12.14445 14 0.95452
34.7 12.26623 14 0.96034
34.8 12.38523 14 0.96622
34.9 12.50768 14 0.97214
35.0 12.58796 14 0.97816
35.1 12.70888 14 0.98417
35.2 12.80700 14 0.99024
35.3 12.93249 14 0.99633
35.4 13.00011 14 1.00000
35.5 13.05907 14 1.00000
35.6 13.11887 14 1.00000
35.7 13.14178 14 1.00000
35.8 13.16518 14 1.00000
35.9 13.21918 14 1.00000
36.0 13.25051 14 1.00000
36.1 13.31260 14 1.00000
36.2 13.33029 14 1.00000
36.3 13.35505 14 1.00000
36.4 13.38869 14 1.00000
36.5 13.42146 14 1.00000
36.6 13.39792 14 1.00000
36.7 13.41844 14 1.00000
36.8 13.43840 14 1.00000
36.9 13.45809 14 1.00000
37.0 13.48320 14 1.00000
37.1 13.50079 14 1.00000
37.2 13.51964 14 1.00000
37.3 13.54029 14 1.00000
37.4 13.56712 14 1.00000
37.5 13.58654 14 1.00000
37.6 13.60086 14 1.00000
37.7 13.62026 14 1.00000
37.8 13.64332 14 1.00000
37.9 13.66540 14 1.00000
38.0 13.68724 14 1.00000
38.1 13.51565 14 1.00000
38.2 13.51285 14 1.00000
38.3 13.51581 14 1.00000
38.4 13.43161 14 1.00000
38.5 13.39373 14 1.00000
38.6 13.38653 14 1.00000
38.7 13.28638 14 1.00000
38.8 13.22549 14 1.00000
38.9 13.23206 14 1.00000
39.0 13.22633 14 1.00000
39.1 13.05601 14 0.99423
39.2 12.93873 14 0.98828
39.3 12.85857 14 0.98420
39.4 12.78582 14 0.98049
39.5 12.66249 14 0.97418
39.6 12.66713 14 0.97442
39.7 12.66628 14 0.97437
39.8 12.38376 14 0.95986
39.9 12.32534 14 0.95684
40.0 12.34361 14 0.95779
40.1 12.31632 14 0.95638
40.2 12.08782 14 0.94454
40.3 12.10767 14 0.94558
40.4 12.01723 14 0.94087
40.5 11.89458 14 0.93448
40.6 11.80844 14 0.92998
40.7 11.84578 14 0.93194
40.8 11.83598 14 0.93142
40.9 11.64122 14 0.92122
41.0 11.55150 14 0.91650
41.1 11.56462 14 0.91719
41.2 11.44093 14 0.91067
41.3 11.37806 14 0.90735
41.4 11.30042 14 0.90324
41.5 11.18324 14 0.89703
41.6 11.21783 14 0.89887
41.7 11.29578 14 0.90300
41.8 11.37804 14 0.90735
41.9 11.51664 14 0.91467
42.0 11.54445 14 0.91613
42.1 11.61131 14 0.91965
42.2 11.72470 14 0.92560
42.3 11.83694 14 0.93147
42.4 11.79558 14 0.92931
42.5 11.91787 14 0.93570
42.6 12.03902 14 0.94201
42.7 12.07205 14 0.94373
42.8 12.16095 14 0.94834
42.9 12.25618 14 0.95327
43.0 12.40653 14 0.96103
43.1 12.47433 14 0.96452
43.2 12.50454 14 0.96608
43.3 12.66072 14 0.97409
43.4 12.75419 14 0.97887
43.5 12.82734 14 0.98260
43.6 12.89736 14 0.98617
43.7 13.04657 14 0.99375
43.8 13.18009 14 1.00000
43.9 13.19458 14 1.00000
44.0 13.20377 14 1.00000
44.1 13.26105 14 1.00000
44.2 13.31889 14 1.00000
44.3 13.36944 14 1.00000
44.4 13.37956 14 1.00000
44.5 13.38617 14 1.00000
44.6 13.44284 14 1.00000
44.7 13.50094 14 1.00000
44.8 13.55491 14 1.00000
44.9 13.58052 14 1.00000
45.0 13.60430 14 1.00000
45.1 13.60826 14 1.00000
45.2 13.66095 14 1.00000
45.3 13.71528 14 1.00000
45.4 13.76927 14 1.00000
45.5 13.79063 14 1.00000
45.6 13.84493 14 1.00000
45.7 13.87709 14 1.00000
45.8 13.90340 14 1.00000
45.9 13.90931 14 1.00000
46.0 13.95707 14 1.00000
46.1 14.01075 14 1.00000
46.2 14.06057 14 1.00000
46.3 14.13464 14 1.00000
46.4 14.14742 14 1.00000
46.5 14.18736 14 1.00000
46.6 14.22563 14 1.00000
46.7 14.26180 14 1.00000
46.8 14.29555 14 1.00000
46.9 14.32544 14 1.00000
47.0 14.35324 14 1.00000
47.1 14.41403 14 1.00000
47.2 14.42976 14 1.00000
47.3 14.47449 14 1.00000
47.4 14.51825 14 1.00000
47.5 14.56092 14 1.00000
47.6 14.60152 14 1.00000
47.7 14.64093 14 1.00000
47.8 14.68332 14 1.00000
47.9 14.72547 14 1.00000
48.0 14.72783 14 1.00000
48.1 14.79234 14 1.00000
48.2 14.83099 14 1.00000
48.3 14.86909 14 1.00000
48.4 14.90769 14 1.00000
48.5 14.94608 14 1.00000
48.6 14.93406 14 1.00000
48.7 15.02237 14 1.00000
48.8 15.06311 14 1.00000
48.9 15.10144 14 1.00000
49.0 15.13994 14 1.00000
49.1 15.17850 14 1.00000
49.2 15.21695 14 1.00000
49.3 15.25563 14 1.00000
49.4 15.29435 14 1.00000
49.5 15.33300 14 1.00000
49.6 15.36504 14 1.00000
49.7 15.40985 14 1.00000
49.8 15.44878 14 1.00000
49.9 15.48668 14 1.00000
50.0 15.51211 14 1.00000
50.1 15.56433 14 1.00000
50.2 15.60096 14 1.00000
50.3 15.63928 14 1.00000
50.4 15.67788 14 1.00000
50.5 15.71445 14 1.00000
50.6 15.75296 14 1.00000
50.7 15.81967 14 1.00000
50.8 15.85621 14 1.00000
50.9 15.89010 14 1.00000
51.0 15.92743 14 1.00000
51.1 15.95668 14 1.00000
51.2 15.99154 14 1.00000
51.3 16.02409 14 1.00000
51.4 16.02849 14 1.00000
51.5 16.09275 14 1.00000
51.6 16.12648 14 1.00000
51.7 16.15550 14 1.00000
51.8 16.18966 14 1.00000
51.9 16.21984 14 1.00000
52.0 16.24817 14 1.00000
52.1 16.28809 14 1.00000
52.2 16.33740 14 1.00000
52.3 16.38139 14 1.00000
52.4 16.43853 14 1.00000
52.5 16.48529 14 1.00000
52.6 16.53174 14 1.00000
52.7 16.57226 14 1.00000
52.8 16.61735 14 1.00000
52.9 16.65303 14 1.00000
53.0 16.69249 14 1.00000
53.1 16.73539 14 1.00000
53.2 16.77489 14 1.00000
53.3 16.83179 14 1.00000
53.4 16.86088 14 1.00000
53.5 16.88887 14 1.00000
53.6 16.92397 14 1.00000
53.7 16.92164 14 1.00000
53.8 16.97942 14 1.00000
53.9 17.00711 14 1.00000
54.0 17.03908 14 1.00000
54.1 17.06877 14 1.00000
54.2 17.11681 14 1.00000
54.3 17.16207 14 1.00000
54.4 17.21980 14 1.00000
54.5 17.27117 14 1.00000
54.6 17.30773 14 1.00000
54.7 17.36093 14 1.00000
54.8 17.40104 14 1.00000
54.9 17.43427 14 1.00000
55.0 17.47568 14 1.00000
55.1 17.53791 14 1.00000
55.2 17.57639 14 1.00000
55.3 17.58657 14 1.00000
55.4 17.63247 14 1.00000
55.5 17.62364 14 1.00000
55.6 17.67691 14 1.00000
55.7 17.71672 14 1.00000
55.8 17.74089 14 1.00000
55.9 17.77371 14 1.00000
56.0 17.85483 14 1.00000
56.1 17.87594 14 1.00000
56.2 17.89699 14 1.00000
56.3 17.98211 14 1.00000
56.4 18.02690 14 1.00000
56.5 18.06983 14 1.00000
56.6 18.11101 14 1.00000
56.7 18.14482 14 1.00000
56.8 18.18478 14 1.00000
56.9 18.21907 14 1.00000
57.0 18.28637 14 1.00000
57.1 18.31179 14 1.00000
57.2 18.34101 14 1.00000
57.3 18.36272 14 1.00000
57.4 18.39546 14 1.00000
57.5 18.41739 14 1.00000
57.6 18.44972 14 1.00000
57.7 18.51002 14 1.00000
57.8 18.58724 14 1.00000
57.9 18.56746 14 1.00000
58.0 18.63414 14 1.00000
58.1 18.69692 14 1.00000
58.2 18.74355 14 1.00000
58.3 18.78725 14 1.00000
58.4 18.82870 14 1.00000
58.5 18.86399 14 1.00000
58.6 18.90377 14 1.00000
58.7 18.93147 14 1.00000
58.8 19.00657 14 1.00000
58.9 19.02965 14 1.00000
59.0 19.06243 14 1.00000
59.1 19.08884 14 1.00000
59.2 19.11763 14 1.00000
59.3 19.14887 14 1.00000
59.4 19.17354 14 1.00000
59.5 19.20339 14 1.00000
59.6 19.26151 14 1.00000
59.7 19.31024 14 1.00000
59.8 19.35824 14 1.00000
59.9 19.41670 14 1.00000
60.0 19.46298 14 1.00000
60.1 19.51120 14 1.00000
60.2 19.55349 14 1.00000
60.3 19.59405 14 1.00000
60.4 19.62502 14 1.00000
60.5 19.66932 14 1.00000
60.6 19.69493 14 1.00000
60.7 19.77708 14 1.00000
60.8 19.80229 14 1.00000
60.9 19.83122 14 1.00000
61.0 19.85965 14 1.00000
61.1 19.88975 14 1.00000
61.2 19.91598 14 1.00000
61.3 19.94615 14 1.00000
61.4 19.97263 14 1.00000
61.5 20.02453 14 1.00000
61.6 20.07446 14 1.00000
61.7 20.12828 14 1.00000
61.8 20.17348 14 1.00000
61.9 20.23019 14 1.00000
62.0 20.27670 14 1.00000
62.1 20.32336 14 1.00000
62.2 20.36821 14 1.00000
62.3 20.40686 14 1.00000
62.4 20.44727 14 1.00000
62.5 20.48240 14 1.00000
62.6 20.51858 14 1.00000
62.7 20.58578 14 1.00000
62.8 20.61529 14 1.00000
62.9 20.64699 14 1.00000
63.0 20.67693 14 1.00000
63.1 20.70814 14 1.00000
63.2 20.73600 14 1.00000
63.3 20.76541 14 1.00000
63.4 20.79259 14 1.00000
63.5 20.83659 14 1.00000
63.6 20.89702 14 1.00000
63.7 20.94690 14 1.00000
63.8 20.99572 14 1.00000
63.9 21.03779 14 1.00000
64.0 21.09843 14 1.00000
64.1 21.14718 14 1.00000
64.2 21.18870 14 1.00000
64.3 21.23183 14 1.00000
64.4 21.26276 14 1.00000
64.5 21.30800 14 1.00000
64.6 21.34105 14 1.00000
64.7 21.38047 14 1.00000
64.8 21.44945 14 1.00000
64.9 21.48424 14 1.00000
65.0 21.50818 14 1.00000
65.1 21.54289 14 1.00000
65.2 21.57621 14 1.00000
65.3 21.60501 14 1.00000
65.4 21.62704 14 1.00000
65.5 21.65031 14 1.00000
65.6 21.69891 14 1.00000
65.7 21.76398 14 1.00000
65.8 21.81468 14 1.00000
65.9 21.86765 14 1.00000
66.0 21.91361 14 1.00000
66.1 21.97068 14 1.00000
66.2 22.02120 14 1.00000
66.3 22.06711 14 1.00000
66.4 22.10354 14 1.00000
66.5 22.14189 14 1.00000
66.6 22.19090 14 1.00000
66.7 22.22937 14 1.00000
66.8 22.26476 14 1.00000
66.9 22.28655 14 1.00000
67.0 22.37111 14 1.00000
67.1 22.39117 14 1.00000
67.2 22.43476 14 1.00000
67.3 22.46108 14 1.00000
67.4 22.49749 14 1.00000
67.5 22.52769 14 1.00000
67.6 22.55118 14 1.00000
67.7 22.57857 14 1.00000
67.8 22.61095 14 1.00000
67.9 22.67963 14 1.00000
68.0 22.72902 14 1.00000
68.1 22.78991 14 1.00000
68.2 22.83940 14 1.00000
68.3 22.88140 14 1.00000
68.4 22.92984 14 1.00000
68.5 22.98088 14 1.00000
68.6 23.03835 14 1.00000
68.7 23.08367 14 1.00000
68.8 23.12329 14 1.00000
68.9 23.15382 14 1.00000
69.0 23.19388 14 1.00000
69.1 23.23132 14 1.00000
69.2 23.27423 14 1.00000
69.3 23.35092 14 1.00000
69.4 23.37845 14 1.00000
69.5 23.40761 14 1.00000
69.6 23.43622 14 1.00000
69.7 23.46294 14 1.00000
69.8 23.49726 14 1.00000
69.9 23.53334 14 1.00000
70.0 23.56081 14 1.00000
70.1 23.59130 14 1.00000
70.2 23.65414 14 1.00000
70.3 23.70907 14 1.00000
70.4 23.75381 14 1.00000
70.5 23.81375 14 1.00000
70.6 23.86054 14 1.00000
70.7 23.91254 14 1.00000
70.8 23.96276 14 1.00000
70.9 24.00193 14 1.00000
71.0 24.06236 14 1.00000
71.1 24.10837 14 1.00000
71.2 24.14484 14 1.00000
71.3 24.19246 14 1.00000
71.4 24.21827 14 1.00000
71.5 24.26995 14 1.00000
71.6 24.30390 14 1.00000
71.7 24.38339 14 1.00000
71.8 24.41293 14 1.00000
71.9 24.44239 14 1.00000
72.0 24.47633 14 1.00000
72.1 24.50839 14 1.00000
72.2 24.54153 14 1.00000
72.3 24.56158 14 1.00000
72.4 24.58195 14 1.00000
72.5 24.61720 14 1.00000
72.6 24.65924 14 1.00000
72.7 24.73317 14 1.00000
72.8 24.77796 14 1.00000
72.9 24.84741 14 1.00000
73.0 24.90146 14 1.00000
73.1 24.94650 14 1.00000
73.2 24.97433 14 1.00000
73.3 25.05881 14 1.00000
73.4 25.10465 14 1.00000
73.5 25.12840 14 1.00000
73.6 25.18330 14 1.00000
73.7 25.24031 14 1.00000
73.8 25.27619 14 1.00000
73.9 25.32070 14 1.00000
74.0 25.35885 14 1.00000
74.1 25.39617 14 1.00000
74.2 25.42929 14 1.00000
74.3 25.50113 14 1.00000
74.4 25.51707 14 1.00000
74.5 25.56515 14 1.00000
74.6 25.60433 14 1.00000
74.7 25.63830 14 1.00000
74.8 25.65866 14 1.00000
74.9 25.70094 14 1.00000
75.0 25.73164 14 1.00000
75.1 25.73969 14 1.00000
75.2 25.79814 14 1.00000
75.3 25.87013 14 1.00000
75.4 25.90925 14 1.00000
75.5 25.98429 14 1.00000
75.6 26.03885 14 1.00000
75.7 26.08272 14 1.00000
75.8 26.13693 14 1.00000
75.9 26.15930 14 1.00000
76.0 26.22425 14 1.00000
76.1 26.29377 14 1.00000
76.2 26.34117 14 1.00000
76.3 26.38515 14 1.00000
76.4 26.42055 14 1.00000
76.5 26.46748 14 1.00000
76.6 26.48838 14 1.00000
76.7 26.53511 14 1.00000
76.8 26.57195 14 1.00000
76.9 26.66689 14 1.00000
77.0 26.69817 14 1.00000
77.1 26.73012 14 1.00000
77.2 26.76562 14 1.00000
77.3 26.78835 14 1.00000
77.4 26.83134 14 1.00000
77.5 26.85740 14 1.00000
77.6 26.87519 14 1.00000
77.7 26.90115 14 1.00000
77.8 26.94670 14 1.00000
77.9 26.99103 14 1.00000
78.0 27.05786 14 1.00000
78.1 27.11245 14 1.00000
78.2 27.17893 14 1.00000
78.3 27.23377 14 1.00000
78.4 27.28656 14 1.00000
78.5 27.33374 14 1.00000
78.6 27.38446 14 1.00000
78.7 27.40491 14 1.00000
78.8 27.49603 14 1.00000
78.9 27.53117 14 1.00000
79.0 27.58123 14 1.00000
79.1 27.62434 14 1.00000
79.2 27.66805 14 1.00000
79.3 27.71661 14 1.00000
79.4 27.75988 14 1.00000
79.5 27.77450 14 1.00000
79.6 27.82703 14 1.00000
79.7 27.86154 14 1.00000
79.8 27.96531 14 1.00000
79.9 27.99354 14 1.00000
80.0 28.01427 14 1.00000
80.1 28.06070 14 1.00000
80.2 28.08939 14 1.00000
80.3 28.10468 14 1.00000
80.4 28.16036 14 1.00000
80.5 28.19304 14 1.00000
80.6 28.22464 14 1.00000
80.7 28.24327 14 1.00000
80.8 28.29146 14 1.00000
80.9 28.36022 14 1.00000
81.0 28.40134 14 1.00000
81.1 28.47855 14 1.00000
81.2 28.53849 14 1.00000
81.3 28.59037 14 1.00000
81.4 28.62446 14 1.00000
81.5 28.69478 14 1.00000
81.6 28.74398 14 1.00000
81.7 28.80672 14 1.00000
81.8 28.85305 14 1.00000
81.9 28.90600 14 1.00000
82.0 28.95246 14 1.00000
82.1 28.99695 14 1.00000
82.2 29.02988 14 1.00000
82.3 29.08178 14 1.00000
82.4 29.11233 14 1.00000
82.5 29.16270 14 1.00000
82.6 29.20237 14 1.00000
82.7 29.23974 14 1.00000
82.8 29.32464 14 1.00000
82.9 29.35877 14 1.00000
83.0 29.37551 14 1.00000
83.1 29.43224 14 1.00000
83.2 29.46285 14 1.00000
83.3 29.48913 14 1.00000
83.4 29.51384 14 1.00000
83.5 29.55137 14 1.00000
83.6 29.58949 14 1.00000
83.7 29.63225 14 1.00000
83.8 29.65065 14 1.00000
83.9 29.69259 14 1.00000
84.0 29.77948 14 1.00000
84.1 29.82408 14 1.00000
84.2 29.89164 14 1.00000
84.3 29.95053 14 1.00000
84.4 29.99475 14 1.00000
84.5 30.07127 14 1.00000
84.6 30.10802 14 1.00000
84.7 30.17095 14 1.00000
84.8 30.21957 14 1.00000
84.9 30.28585 14 1.00000
85.0 30.30894 14 1.00000
85.1 30.37206 14 1.00000
85.2 30.41432 14 1.00000
85.3 30.47411 14 1.00000
85.4 30.51787 14 1.00000
85.5 30.54137 14 1.00000
85.6 30.60183 14 1.00000
85.7 30.63496 14 1.00000
85.8 30.67006 14 1.00000
85.9 30.71822 14 1.00000
86.0 30.81803 14 1.00000
86.1 30.84900 14 1.00000
86.2 30.88293 14 1.00000
86.3 30.91733 14 1.00000
86.4 30.94736 14 1.00000
86.5 30.97509 14 1.00000
86.6 31.01032 14 1.00000
86.7 31.05186 14 1.00000
86.8 31.09172 14 1.00000
86.9 31.12701 14 1.00000
87.0 31.14454 14 1.00000
87.1 31.19170 14 1.00000
87.2 31.23557 14 1.00000
87.3 31.29423 14 1.00000
87.4 31.36191 14 1.00000
87.5 31.42196 14 1.00000
87.6 31.50152 14 1.00000
87.7 31.56192 14 1.00000
87.8 31.60762 14 1.00000
87.9 31.66844 14 1.00000
88.0 31.70554 14 1.00000
88.1 31.75683 14 1.00000
88.2 31.80782 14 1.00000
88.3 31.87811 14 1.00000
88.4 31.93460 14 1.00000
88.5 31.98303 14 1.00000
88.6 32.02652 14 1.00000
88.7 32.05696 14 1.00000
88.8 32.11805 14 1.00000
88.9 32.15720 14 1.00000
89.0 32.20247 14 1.00000
89.1 32.23911 14 1.00000
89.2 32.28659 14 1.00000
89.3 32.31087 14 1.00000
89.4 32.42874 14 1.00000
89.5 32.44823 14 1.00000
89.6 32.47470 14 1.00000
89.7 32.51527 14 1.00000
89.8 32.54904 14 1.00000
89.9 32.58878 14 1.00000
90.0 32.62765 14 1.00000
90.1 32.67304 14 1.00000
90.2 32.71111 14 1.00000
90.3 32.71972 14 1.00000
90.4 32.77871 14 1.00000
90.5 32.79187 14 1.00000
90.6 32.84686 14 1.00000
90.7 32.89075 14 1.00000
90.8 32.98149 14 1.00000
90.9 33.04822 14 1.00000
91.0 33.11126 14 1.00000
91.1 33.16893 14 1.00000
91.2 33.21263 14 1.00000
91.3 33.28525 14 1.00000
91.4 33.32749 14 1.00000
91.5 33.39268 14 1.00000
91.6 33.44352 14 1.00000
91.7 33.49241 14 1.00000
91.8 33.56065 14 1.00000
91.9 33.61277 14 1.00000
92.0 33.66234 14 1.00000
92.1 33.71093 14 1.00000
92.2 33.75837 14 1.00000
92.3 33.80277 14 1.00000
92.4 33.83035 14 1.00000
92.5 33.89318 14 1.00000
92.6 33.93250 14 1.00000
92.7 33.97904 14 1.00000
92.8 34.01508 14 1.00000
92.9 34.06255 14 1.00000
93.0 34.08535 14 1.00000
93.1 34.18002 14 1.00000
93.2 34.21812 14 1.00000
93.3 34.25346 14 1.00000
93.4 34.30399 14 1.00000
93.5 34.34892 14 1.00000
93.6 34.38850 14 1.00000
93.7 34.42633 14 1.00000
93.8 34.43967 14 1.00000
93.9 34.49841 14 1.00000
94.0 34.53453 14 1.00000
94.1 34.56763 14 1.00000
94.2 34.58703 14 1.00000
94.3 34.64033 14 1.00000
94.4 34.69239 14 1.00000
94.5 34.76037 14 1.00000
94.6 34.81327 14 1.00000
94.7 34.90025 14 1.00000
94.8 34.96325 14 1.00000
94.9 35.01561 14 1.00000
95.0 35.08210 14 1.00000
95.1 35.13801 14 1.00000
95.2 35.19511 14 1.00000
95.3 35.22719 14 1.00000
95.4 35.29689 14 1.00000
95.5 35.34890 14 1.00000
95.6 35.42088 14 1.00000
95.7 35.45641 14 1.00000
95.8 35.49817 14 1.00000
95.9 35.54946 14 1.00000
96.0 35.60038 14 1.00000
96.1 35.67016 14 1.00000
96.2 35.71835 14 1.00000
96.3 35.75409 14 1.00000
96.4 35.78979 14 1.00000
96.5 35.85410 14 1.00000
96.6 35.88235 14 1.00000
96.7 35.94011 14 1.00000
96.8 35.95906 14 1.00000
96.9 36.02164 14 1.00000
97.0 36.11953 14 1.00000
97.1 36.16257 14 1.00000
97.2 36.20518 14 1.00000
97.3 36.24096 14 1.00000
97.4 36.26908 14 1.00000
97.5 36.31917 14 1.00000
97.6 36.36027 14 1.00000
97.7 36.37936 14 1.00000
97.8 36.15982 14 1.00000
97.9 36.21241 14 1.00000
98.0 36.25151 14 1.00000
98.1 36.26343 14 1.00000
98.2 36.31952 14 1.00000
98.3 36.36834 14 1.00000
98.4 36.38096 14 1.00000
98.5 36.15964 14 1.00000
98.6 36.21561 14 1.00000
98.7 36.25988 14 1.00000
98.8 36.29663 14 1.00000
98.9 36.32255 14 1.00000
99.0 36.37475 14 1.00000
99.1 36.41181 14 1.00000
99.2 36.17395 14 1.00000
99.3 36.21191 14 1.00000
99.4 36.26575 14 1.00000
99.5 36.30607 14 1.00000
99.6 36.31852 14 1.00000
99.7 36.37750 14 1.00000
99.8 36.42126 14 1.00000
99.9 36.19581 14 1.00000
100.0 36.21072 14 1.00000
100.1 36.26667 14 1.00000
100.2 36.31422 14 1.00000
100.3 36.35124 14 1.00000
100.4 36.37560 14 1.00000
100.5 36.43004 14 1.00000
100.6 36.20543 14 1.00000
100.7 36.24261 14 1.00000
100.8 36.26865 14 1.00000
100.9 36.31945 14 1.00000
101.0 36.36125 14 1.00000
101.1 36.37848 14 1.00000
101.2 36.15862 14 1.00000
101.3 36.21328 14 1.00000
101.4 36.25330 14 1.00000
101.5 36.27042 14 1.00000
101.6 36.31870 14 1.00000
101.7 36.37016 14 1.00000
101.8 36.38941 14 1.00000
101.9 36.15585 14 1.00000
102.0 36.21540 14 1.00000
102.1 36.26211 14 1.00000
102.2 36.30005 14 1.00000
102.3 36.31998 14 1.00000
102.4 36.37654 14 1.00000
102.5 36.41555 14 1.00000
102.6 36.18995 14 1.00000
102.7 36.21692 14 1.00000
102.8 36.26701 14 1.00000
102.9 36.31018 14 1.00000
103.0 36.33363 14 1.00000
103.1 36.37735 14 1.00000
103.2 36.42589 14 1.00000
103.3 36.20121 14 1.00000
103.4 36.22009 14 1.00000
103.5 36.26336 14 1.00000
103.6 36.31778 14 1.00000
103.7 36.35736 14 1.00000
103.8 36.38090 14 1.00000
103.9 36.16136 14 1.00000
104.0 36.21100 14 1.00000
104.1 36.24982 14 1.00000
104.2 36.26435 14 1.00000
104.3 36.31974 14 1.00000
104.4 36.36787 14 1.00000
104.5 36.37970 14 1.00000
104.6 36.15955 14 1.00000
104.7 36.21562 14 1.00000
104.8 36.26045 14 1.00000
104.9 36.29773 14 1.00000
105.0 36.32167 14 1.00000
105.1 36.37564 14 1.00000
105.2 36.41381 14 1.00000
105.3 36.18671 14 1.00000
105.4 36.21801 14 1.00000
105.5 36.26674 14 1.00000
105.6 36.30922 14 1.00000
105.7 36.32964 14 1.00000
105.8 36.37749 14 1.00000
105.9 36.42533 14 1.00000
106.0 36.20059 14 1.00000
106.1 36.21882 14 1.00000
106.2 36.26363 14 1.00000
106.3 36.31771 14 1.00000
106.4 36.35738 14 1.00000
106.5 36.38081 14 1.00000
106.6 36.16117 14 1.00000
106.7 36.21125 14 1.00000
106.8 36.25049 14 1.00000
106.9 36.26359 14 1.00000
107.0 36.31949 14 1.00000
107.1 36.36866 14 1.00000
107.2 36.38390 14 1.00000
107.3 36.15780 14 1.00000
107.4 36.21556 14 1.00000
107.5 36.26167 14 1.00000
107.6 36.29959 14 1.00000
107.7 36.32010 14 1.00000
107.8 36.37662 14 1.00000
107.9 36.41607 14 1.00000
108.0 36.19069 14 1.00000
108.1 36.21592 14 1.00000
108.2 36.26714 14 1.00000
108.3 36.31170 14 1.00000
108.4 36.34310 14 1.00000
108.5 36.37675 14 1.00000
108.6 36.42818 14 1.00000
108.7 36.20386 14 1.00000
108.8 36.23632 14 1.00000
108.9 36.26928 14 1.00000
109.0 36.31929 14 1.00000
109.1 36.36115 14 1.00000
109.2 36.37802 14 1.00000
109.3 36.15752 14 1.00000
109.4 36.21396 14 1.00000
109.5 36.25494 14 1.00000
109.6 36.28083 14 1.00000
109.7 36.31695 14 1.00000
109.8 36.37242 14 1.00000
109.9 36.40440 14 1.00000
110.0 36.16192 14 1.00000
110.1 36.21335 14 1.00000
110.2 36.26508 14 1.00000
110.3 36.30545 14 1.00000
110.4 36.32060 14 1.00000
110.5 36.37754 14 1.00000
110.6 36.42231 14 1.00000
110.7 36.19748 14 1.00000
110.8 36.21397 14 1.00000
110.9 36.26562 14 1.00000
111.0 36.31655 14 1.00000
111.1 36.35521 14 1.00000
111.2 36.37213 14 1.00000
111.3 36.43401 14 1.00000
111.4 36.21051 14 1.00000
111.5 36.24932 14 1.00000
111.6 36.26505 14 1.00000
111.7 36.31963 14 1.00000
111.8 36.36855 14 1.00000
111.9 36.38451 14 1.00000
112.0 36.15759 14 1.00000
112.1 36.21547 14 1.00000
112.2 36.26213 14 1.00000
112.3 36.30099 14 1.00000
112.4 36.31880 14 1.00000
112.5 36.37733 14 1.00000
112.6 36.41785 14 1.00000
112.7 36.19323 14 1.00000
112.8 36.21318 14 1.00000
112.9 36.26700 14 1.00000
113.0 36.31401 14 1.00000
113.1 36.35112 14 1.00000
113.2 36.37498 14 1.00000
113.3 36.43125 14 1.00000
113.4 36.20778 14 1.00000
113.5 36.24579 14 1.00000
113.6 36.26478 14 1.00000
113.7 36.32005 14 1.00000
113.8 36.36554 14 1.00000
113.9 36.38153 14 1.00000
114.0 36.16120 14 1.00000
114.1 36.21561 14 1.00000
114.2 36.26027 14 1.00000
114.3 36.29860 14 1.00000
114.4 36.32096 14 1.00000
114.5 36.37651 14 1.00000
114.6 36.41592 14 1.00000
114.7 36.19109 14 1.00000
114.8 36.21540 14 1.00000
114.9 36.26715 14 1.00000
115.0 36.31293 14 1.00000
115.1 36.34959 14 1.00000
115.2 36.37571 14 1.00000
115.3 36.43018 14 1.00000
115.4 36.20684 14 1.00000
115.5 36.24480 14 1.00000
115.6 36.26588 14 1.00000
115.7 36.32003 14 1.00000
115.8 36.36485 14 1.00000
115.9 36.38024 14 1.00000
116.0 36.16164 14 1.00000
116.1 36.21560 14 1.00000
116.2 36.26006 14 1.00000
116.3 36.29876 14 1.00000
116.4 36.32087 14 1.00000
116.5 36.37655 14 1.00000
116.6 36.41620 14 1.00000
116.7 36.19137 14 1.00000
116.8 36.21472 14 1.00000
116.9 36.26714 14 1.00000
117.0 36.31356 14 1.00000
117.1 36.35043 14 1.00000
117.2 36.37516 14 1.00000
117.3 36.43115 14 1.00000
117.4 36.20784 14 1.00000
117.5 36.24624 14 1.00000
117.6 36.26431 14 1.00000
117.7 36.32000 14 1.00000
117.8 36.36634 14 1.00000
117.9 36.38020 14 1.00000
118.0 36.15951 14 1.00000
118.1 36.21556 14 1.00000
118.2 36.26178 14 1.00000
118.3 36.30106 14 1.00000
118.4 36.31857 14 1.00000
118.5 36.37745 14 1.00000
118.6 36.41895 14 1.00000
118.7 36.19423 14 1.00000
118.8 36.21059 14 1.00000
118.9 36.26659 14 1.00000
119.0 36.31574 14 1.00000
119.1 36.35391 14 1.00000
119.2 36.37236 14 1.00000
119.3 36.43392 14 1.00000
119.4 36.21083 14 1.00000
119.5 36.25031 14 1.00000
119.6 36.26452 14 1.00000
119.7 36.31892 14 1.00000
119.8 36.36996 14 1.00000
119.9 36.39522 14 1.00000
120.0 36.15876 14 1.00000
120.1 36.21413 14 1.00000
120.2 36.26469 14 1.00000
120.3 36.30559 14 1.00000
120.4 36.31806 14 1.00000
120.5 36.37761 14 1.00000
120.6 36.42390 14 1.00000
120.7 36.19992 14 1.00000
120.8 36.21948 14 1.00000
120.9 36.26322 14 1.00000
121.0 36.31865 14 1.00000
121.1 36.35972 14 1.00000
121.2 36.37835 14 1.00000
121.3 36.15781 14 1.00000
121.4 36.21447 14 1.00000
121.5 36.25635 14 1.00000
121.6 36.29386 14 1.00000
121.7 36.31425 14 1.00000
121.8 36.37492 14 1.00000
121.9 36.41329 14 1.00000
122.0 36.18521 14 1.00000
122.1 36.21694 14 1.00000
122.2 36.26706 14 1.00000
122.3 36.31217 14 1.00000
122.4 36.34895 14 1.00000
122.5 36.37586 14 1.00000
122.6 36.43056 14 1.00000
122.7 36.20736 14 1.00000
122.8 36.24629 14 1.00000
122.9 36.26374 14 1.00000
123.0 36.31994 14 1.00000
123.1 36.36717 14 1.00000
123.2 36.38387 14 1.00000
123.3 36.15742 14 1.00000
123.4 36.21518 14 1.00000
123.5 36.26319 14 1.00000
123.6 36.30352 14 1.00000
123.7 36.31549 14 1.00000
123.8 36.37749 14 1.00000
123.9 36.42216 14 1.00000
124.0 36.19835 14 1.00000
124.1 36.21559 14 1.00000
124.2 36.26408 14 1.00000
124.3 36.31841 14 1.00000
124.4 36.35903 14 1.00000
124.5 36.37850 14 1.00000
124.6 36.15781 14 1.00000
124.7 36.21455 14 1.00000
124.8 36.25669 14 1.00000
124.9 36.29447 14 1.00000
125.0 36.31339 14 1.00000
125.1 36.37532 14 1.00000
125.2 36.41443 14 1.00000
125.3 36.18941 14 1.00000
125.4 36.21561 14 1.00000
125.5 36.26714 14 1.00000
125.6 36.31364 14 1.00000
125.7 36.35158 14 1.00000
125.8 36.37432 14 1.00000
125.9 36.43276 14 1.00000
126.0 36.21000 14 1.00000
126.1 36.24956 14 1.00000
126.2 36.26281 14 1.00000
126.3 36.31898 14 1.00000
126.4 36.37030 14 1.00000
126.5 36.39949 14 1.00000
126.6 36.15964 14 1.00000
126.7 36.21295 14 1.00000
126.8 36.26583 14 1.00000
126.9 36.30819 14 1.00000
127.0 36.32872 14 1.00000
127.1 36.37723 14 1.00000
127.2 36.42765 14 1.00000
127.3 36.20425 14 1.00000
127.4 36.24300 14 1.00000
127.5 36.26741 14 1.00000
127.6 36.32002 14 1.00000
127.7 36.36519 14 1.00000
127.8 36.37767 14 1.00000
127.9 36.15942 14 1.00000
128.0 36.21550 14 1.00000
128.1 36.26263 14 1.00000
128.2 36.30310 14 1.00000
128.3 36.31533 14 1.00000
128.4 36.37749 14 1.00000
128.5 36.42274 14 1.00000
128.6 36.19915 14 1.00000
128.7 36.21959 14 1.00000
128.8 36.26283 14 1.00000
128.9 36.31903 14 1.00000
129.0 36.36106 14 1.00000
129.1 36.37657 14 1.00000
129.2 36.16399 14 1.00000
129.3 36.21537 14 1.00000
129.4 36.25928 14 1.00000
129.5 36.29811 14 1.00000
129.6 36.32006 14 1.00000
129.7 36.37730 14 1.00000
129.8 36.41883 14 1.00000
129.9 36.19500 14 1.00000
130.0 36.21072 14 1.00000
130.1 36.26561 14 1.00000
130.2 36.31754 14 1.00000
130.3 36.35761 14 1.00000
130.4 36.37926 14 1.00000
130.5 36.15870 14 1.00000
130.6 36.21428 14 1.00000
130.7 36.25667 14 1.00000
130.8 36.29489 14 1.00000
130.9 36.32222 14 1.00000
131.0 36.37606 14 1.00000
131.1 36.41606 14 1.00000
131.2 36.19194 14 1.00000
131.3 36.21245 14 1.00000
131.4 36.26667 14 1.00000
131.5 36.31618 14 1.00000
131.6 36.35545 14 1.00000
131.7 36.38078 14 1.00000
131.8 36.16032 14 1.00000
131.9 36.21336 14 1.00000
132.0 36.25470 14 1.00000
132.1 36.28974 14 1.00000
132.2 36.31444 14 1.00000
132.3 36.37494 14 1.00000
132.4 36.41456 14 1.00000
132.5 36.19027 14 1.00000
132.6 36.21406 14 1.00000
132.7 36.26697 14 1.00000
132.8 36.31524 14 1.00000
132.9 36.35435 14 1.00000
133.0 36.37127 14 1.00000
133.1 36.16090 14 1.00000
133.2 36.21303 14 1.00000
133.3 36.25411 14 1.00000
133.4 36.28606 14 1.00000
133.5 36.31485 14 1.00000
133.6 36.37471 14 1.00000
133.7 36.41439 14 1.00000
133.8 36.19007 14 1.00000
133.9 36.21430 14 1.00000
134.0 36.26696 14 1.00000
134.1 36.31526 14 1.00000
134.2 36.35463 14 1.00000
134.3 36.38106 14 1.00000
134.4 36.16075 14 1.00000
134.5 36.21330 14 1.00000
134.6 36.25481 14 1.00000
134.7 36.29020 14 1.00000
134.8 36.31411 14 1.00000
134.9 36.37509 14 1.00000
135.0 36.41532 14 1.00000
135.1 36.19136 14 1.00000
135.2 36.21288 14 1.00000
135.3 36.26670 14 1.00000
135.4 36.31631 14 1.00000
135.5 36.35604 14 1.00000
135.6 36.38020 14 1.00000
135.7 36.15954 14 1.00000
135.8 36.21408 14 1.00000
135.9 36.25652 14 1.00000
136.0 36.29509 14 1.00000
136.1 36.32196 14 1.00000
136.2 36.37656 14 1.00000
136.3 36.41734 14 1.00000
136.4 36.19372 14 1.00000
136.5 36.20947 14 1.00000
136.6 36.26552 14 1.00000
136.7 36.31779 14 1.00000
136.8 36.35854 14 1.00000
136.9 36.37799 14 1.00000
137.0 36.16471 14 1.00000
137.1 36.21515 14 1.00000
137.2 36.25925 14 1.00000
137.3 36.29853 14 1.00000
137.4 36.31901 14 1.00000
137.5 36.37784 14 1.00000
137.6 36.42093 14 1.00000
137.7 36.19792 14 1.00000
137.8 36.21929 14 1.00000
137.9 36.26250 14 1.00000
138.0 36.31936 14 1.00000
138.1 36.36231 14 1.00000
138.2 36.37654 14 1.00000
138.3 36.16135 14 1.00000
138.4 36.21559 14 1.00000
138.5 36.26268 14 1.00000
138.6 36.30363 14 1.00000
138.7 36.31938 14 1.00000
138.8 36.37760 14 1.00000
138.9 36.42569 14 1.00000
139.0 36.20294 14 1.00000
139.1 36.24284 14 1.00000
139.2 36.26733 14 1.00000
139.3 36.32003 14 1.00000
139.4 36.36740 14 1.00000
139.5 36.38787 14 1.00000
139.6 36.15937 14 1.00000
139.7 36.21337 14 1.00000
139.8 36.26587 14 1.00000
139.9 36.30951 14 1.00000
140.0 36.33671 14 1.00000
140.1 36.37614 14 1.00000
140.2 36.43135 14 1.00000
140.3 36.20890 14 1.00000
140.4 36.24980 14 1.00000
140.5 36.26480 14 1.00000
140.6 36.31781 14 1.00000
140.7 36.37257 14 1.00000
140.8 36.41161 14 1.00000
140.9 36.18630 14 1.00000
141.0 36.21556 14 1.00000
141.1 36.26708 14 1.00000
141.2 36.31521 14 1.00000
141.3 36.35468 14 1.00000
141.4 36.38067 14 1.00000
141.5 36.15939 14 1.00000
141.6 36.21413 14 1.00000
141.7 36.25730 14 1.00000
141.8 36.29683 14 1.00000
141.9 36.32079 14 1.00000
142.0 36.37750 14 1.00000
142.1 36.41952 14 1.00000
142.2 36.19728 14 1.00000
142.3 36.21956 14 1.00000
142.4 36.26248 14 1.00000
142.5 36.31950 14 1.00000
142.6 36.36325 14 1.00000
142.7 36.38050 14 1.00000
142.8 36.15929 14 1.00000
142.9 36.21533 14 1.00000
143.0 36.26407 14 1.00000
143.1 36.30693 14 1.00000
143.2 36.32376 14 1.00000
143.3 36.37707 14 1.00000
143.4 36.42941 14 1.00000
143.5 36.20694 14 1.00000
143.6 36.24788 14 1.00000
143.7 36.26400 14 1.00000
143.8 36.31865 14 1.00000
143.9 36.37197 14 1.00000
144.0 36.41046 14 1.00000
144.1 36.18396 14 1.00000
144.2 36.21614 14 1.00000
144.3 36.26707 14 1.00000
144.4 36.31544 14 1.00000
144.5 36.35501 14 1.00000
144.6 36.38020 14 1.00000
144.7 36.15834 14 1.00000
144.8 36.21467 14 1.00000
144.9 36.25869 14 1.00000
145.0 36.29849 14 1.00000
145.1 36.31855 14 1.00000
145.2 36.37741 14 1.00000
145.3 36.42199 14 1.00000
145.4 36.20035 14 1.00000
145.5 36.23469 14 1.00000
145.6 36.26857 14 1.00000
145.7 36.32005 14 1.00000
145.8 36.36723 14 1.00000
145.9 36.38791 14 1.00000
146.0 36.15796 14 1.00000
146.1 36.21302 14 1.00000
146.2 36.26649 14 1.00000
146.3 36.31166 14 1.00000
146.4 36.34982 14 1.00000
146.5 36.37422 14 1.00000
146.6 36.43431 14 1.00000
146.7 36.21233 14 1.00000
146.8 36.25454 14 1.00000
146.9 36.29195 14 1.00000
147.0 36.32225 14 1.00000
147.1 36.37651 14 1.00000
147.2 36.41860 14 1.00000
147.3 36.19641 14 1.00000
147.4 36.21484 14 1.00000
147.5 36.26215 14 1.00000
147.6 36.31969 14 1.00000
147.7 36.36432 14 1.00000
147.8 36.37953 14 1.00000
147.9 36.15668 14 1.00000
148.0 36.21451 14 1.00000
148.1 36.26567 14 1.00000
148.2 36.30975 14 1.00000
148.3 36.34040 14 1.00000
148.4 36.37536 14 1.00000
148.5 36.43318 14 1.00000
148.6 36.21128 14 1.00000
148.7 36.25336 14 1.00000
148.8 36.28483 14 1.00000
148.9 36.32281 14 1.00000
149.0 36.37620 14 1.00000
149.1 36.41791 14 1.00000
149.2 36.19596 14 1.00000
149.3 36.21419 14 1.00000
149.4 36.26234 14 1.00000
149.5 36.31972 14 1.00000
149.6 36.36431 14 1.00000
149.7 36.38062 14 1.00000
149.8 36.15567 14 1.00000
149.9 36.21420 14 1.00000
150.0 36.26603 14 1.00000
150.1 36.31073 14 1.00000
150.2 36.34652 14 1.00000
150.3 36.37446 14 1.00000
150.4 36.43425 14 1.00000
150.5 36.21244 14 1.00000
150.6 36.25522 14 1.00000
150.7 36.29472 14 1.00000
150.8 36.32138 14 1.00000
150.9 36.37722 14 1.00000
151.0 36.42030 14 1.00000
151.1 36.19918 14 1.00000
151.2 36.23067 14 1.00000
151.3 36.26871 14 1.00000
151.4 36.32005 14 1.00000
151.5 36.36772 14 1.00000
151.6 36.39307 14 1.00000
151.7 36.16258 14 1.00000
151.8 36.21050 14 1.00000
151.9 36.26708 14 1.00000
152.0 36.31415 14 1.00000
152.1 36.35391 14 1.00000
152.2 36.38087 14 1.00000
152.3 36.15838 14 1.00000
152.4 36.21484 14 1.00000
152.5 36.25997 14 1.00000
152.6 36.30064 14 1.00000
152.7 36.31530 14 1.00000
152.8 36.37760 14 1.00000
152.9 36.42630 14 1.00000
153.0 36.20506 14 1.00000
153.1 36.24668 14 1.00000
153.2 36.26154 14 1.00000
153.3 36.31843 14 1.00000
153.4 36.37265 14 1.00000
153.5 36.41278 14 1.00000
153.6 36.19079 14 1.00000
153.7 36.21070 14 1.00000
153.8 36.26569 14 1.00000
153.9 36.31870 14 1.00000
154.0 36.36146 14 1.00000
154.1 36.37952 14 1.00000
154.2 36.15867 14 1.00000
154.3 36.21497 14 1.00000
154.4 36.26529 14 1.00000
154.5 36.30972 14 1.00000
154.6 36.34456 14 1.00000
154.7 36.37452 14 1.00000
154.8 36.16175 14 1.00000
154.9 36.21271 14 1.00000
155.0 36.25615 14 1.00000
155.1 36.29658 14 1.00000
155.2 36.31957 14 1.00000
155.3 36.37734 14 1.00000
155.4 36.42253 14 1.00000
155.5 36.20224 14 1.00000
155.6 36.24398 14 1.00000
155.7 36.26516 14 1.00000
155.8 36.31939 14 1.00000
155.9 36.37127 14 1.00000
156.0 36.41108 14 1.00000
156.1 36.18896 14 1.00000
156.2 36.21353 14 1.00000
156.3 36.26623 14 1.00000
156.4 36.31803 14 1.00000
156.5 36.36065 14 1.00000
156.6 36.37857 14 1.00000
156.7 36.15869 14 1.00000
156.8 36.21498 14 1.00000
156.9 36.26541 14 1.00000
157.0 36.31018 14 1.00000
157.1 36.34916 14 1.00000
157.2 36.37371 14 1.00000
157.3 36.16121 14 1.00000
157.4 36.21346 14 1.00000
157.5 36.25763 14 1.00000
157.6 36.29862 14 1.00000
157.7 36.31712 14 1.00000
157.8 36.37759 14 1.00000
157.9 36.42506 14 1.00000
158.0 36.20504 14 1.00000
158.1 36.24725 14 1.00000
158.2 36.26607 14 1.00000
158.3 36.31779 14 1.00000
158.4 36.37386 14 1.00000
158.5 36.41522 14 1.00000
158.6 36.19423 14 1.00000
158.7 36.21214 14 1.00000
158.8 36.26331 14 1.00000
158.9 36.31982 14 1.00000
159.0 36.36577 14 1.00000
159.1 36.39010 14 1.00000
159.2 36.16170 14 1.00000
159.3 36.21105 14 1.00000
159.4 36.26711 14 1.00000
159.5 36.31533 14 1.00000
159.6 36.35650 14 1.00000
159.7 36.37846 14 1.00000
159.8 36.16345 14 1.00000
159.9 36.21562 14 1.00000
160.0 36.26368 14 1.00000
160.1 36.30709 14 1.00000
160.2 36.33365 14 1.00000
160.3 36.37541 14 1.00000
160.4 36.43335 14 1.00000
160.5 36.21254 14 1.00000
160.6 36.25640 14 1.00000
160.7 36.29697 14 1.00000
160.8 36.31872 14 1.00000
160.9 36.37754 14 1.00000
161.0 36.42460 14 1.00000
161.1 36.20463 14 1.00000
161.2 36.24730 14 1.00000
161.3 36.26339 14 1.00000
161.4 36.31739 14 1.00000
161.5 36.37440 14 1.00000
161.6 36.41639 14 1.00000
161.7 36.19577 14 1.00000
161.8 36.21909 14 1.00000
161.9 36.26964 14 1.00000
162.0 36.32005 14 1.00000
162.1 36.36807 14 1.00000
162.2 36.40189 14 1.00000
162.3 36.17704 14 1.00000
162.4 36.21610 14 1.00000
162.5 36.26669 14 1.00000
162.6 36.31770 14 1.00000
162.7 36.36076 14 1.00000
162.8 36.38081 14 1.00000
162.9 36.15730 14 1.00000
163.0 36.21430 14 1.00000
163.1 36.26644 14 1.00000
163.2 36.31284 14 1.00000
163.3 36.35339 14 1.00000
163.4 36.38062 14 1.00000
163.5 36.15723 14 1.00000
163.6 36.21545 14 1.00000
163.7 36.26275 14 1.00000
163.8 36.30535 14 1.00000
163.9 36.32995 14 1.00000
164.0 36.37598 14 1.00000
164.1 36.43334 14 1.00000
164.2 36.21258 14 1.00000
164.3 36.25691 14 1.00000
164.4 36.29788 14 1.00000
164.5 36.31705 14 1.00000
164.6 36.37761 14 1.00000
164.7 36.42690 14 1.00000
164.8 36.20714 14 1.00000
164.9 36.25000 14 1.00000
165.0 36.27449 14 1.00000
165.1 36.31390 14 1.00000
165.2 36.37670 14 1.00000
165.3 36.42056 14 1.00000
165.4 36.20067 14 1.00000
165.5 36.24359 14 1.00000
165.6 36.26456 14 1.00000
165.7 36.31886 14 1.00000
165.8 36.37300 14 1.00000
165.9 36.41446 14 1.00000
166.0 36.19371 14 1.00000
166.1 36.21343 14 1.00000
166.2 36.26211 14 1.00000
166.3 36.32004 14 1.00000
166.4 36.36810 14 1.00000
166.5 36.40342 14 1.00000
166.6 36.18040 14 1.00000
166.7 36.21492 14 1.00000
166.8 36.26602 14 1.00000
166.9 36.31873 14 1.00000
167.0 36.36300 14 1.00000
167.1 36.38326 14 1.00000
167.2 36.15813 14 1.00000
167.3 36.21144 14 1.00000
167.4 36.26714 14 1.00000
167.5 36.31612 14 1.00000
167.6 36.35832 14 1.00000
167.7 36.37543 14 1.00000
167.8 36.15956 14 1.00000
167.9 36.21467 14 1.00000
168.0 36.26620 14 1.00000
168.1 36.31249 14 1.00000
168.2 36.35381 14 1.00000
168.3 36.38006 14 1.00000
168.4 36.16419 14 1.00000
168.5 36.21562 14 1.00000
168.6 36.26411 14 1.00000
168.7 36.30855 14 1.00000
168.8 36.34584 14 1.00000
168.9 36.37304 14 1.00000
169.0 36.15988 14 1.00000
169.1 36.21489 14 1.00000
169.2 36.26134 14 1.00000
169.3 36.30442 14 1.00000
169.4 36.32729 14 1.00000
169.5 36.37601 14 1.00000
169.6 36.43374 14 1.00000
169.7 36.21305 14 1.00000
169.8 36.25815 14 1.00000
169.9 36.30015 14 1.00000
170.0 36.32100 14 1.00000
170.1 36.37725 14 1.00000
170.2 36.43033 14 1.00000
170.3 36.21086 14 1.00000
170.4 36.25481 14 1.00000
170.5 36.29588 14 1.00000
170.6 36.31803 14 1.00000
170.7 36.37761 14 1.00000
170.8 36.42722 14 1.00000
170.9 36.20820 14 1.00000
171.0 36.25185 14 1.00000
171.1 36.28738 14 1.00000
171.2 36.32124 14 1.00000
171.3 36.37788 14 1.00000
171.4 36.42472 14 1.00000
171.5 36.20556 14 1.00000
171.6 36.24929 14 1.00000
171.7 36.27200 14 1.00000
171.8 36.31390 14 1.00000
171.9 36.37712 14 1.00000
172.0 36.42241 14 1.00000
172.1 36.20333 14 1.00000
172.2 36.24697 14 1.00000
172.3 36.26310 14 1.00000
172.4 36.31599 14 1.00000
172.5 36.37618 14 1.00000
172.6 36.42033 14 1.00000
172.7 36.20110 14 1.00000
172.8 36.24493 14 1.00000
172.9 36.26156 14 1.00000
173.0 36.31730 14 1.00000
173.1 36.37485 14 1.00000
173.2 36.41877 14 1.00000
173.3 36.19922 14 1.00000
173.4 36.24269 14 1.00000
173.5 36.26392 14 1.00000
173.6 36.31831 14 1.00000
173.7 36.37408 14 1.00000
173.8 36.41702 14 1.00000
173.9 36.19761 14 1.00000
174.0 36.23629 14 1.00000
174.1 36.26521 14 1.00000
174.2 36.31895 14 1.00000
174.3 36.37345 14 1.00000
174.4 36.41603 14 1.00000
174.5 36.19655 14 1.00000
174.6 36.23065 14 1.00000
174.7 36.26603 14 1.00000
174.8 36.31924 14 1.00000
174.9 36.37299 14 1.00000
175.0 36.41559 14 1.00000
175.1 36.19609 14 1.00000
175.2 36.22844 14 1.00000
175.3 36.26704 14 1.00000
175.4 36.31938 14 1.00000
175.5 36.37289 14 1.00000
175.6 36.41545 14 1.00000
175.7 36.19596 14 1.00000
175.8 36.22783 14 1.00000
175.9 36.26715 14 1.00000
176.0 36.31942 14 1.00000
176.1 36.37300 14 1.00000
176.2 36.41562 14 1.00000
176.3 36.19614 14 1.00000
176.4 36.22874 14 1.00000
176.5 36.26697 14 1.00000
176.6 36.31926 14 1.00000
176.7 36.37330 14 1.00000
176.8 36.41609 14 1.00000
176.9 36.19664 14 1.00000
177.0 36.23127 14 1.00000
177.1 36.26558 14 1.00000
177.2 36.31896 14 1.00000
177.3 36.37379 14 1.00000
177.4 36.41686 14 1.00000
177.5 36.19775 14 1.00000
177.6 36.23727 14 1.00000
177.7 36.26429 14 1.00000
177.8 36.31845 14 1.00000
177.9 36.37444 14 1.00000
178.0 36.41814 14 1.00000
178.1 36.19886 14 1.00000
178.2 36.24352 14 1.00000
178.3 36.26239 14 1.00000
178.4 36.31725 14 1.00000
178.5 36.37521 14 1.00000
178.6 36.41973 14 1.00000
178.7 36.20132 14 1.00000
178.8 36.24610 14 1.00000
178.9 36.26342 14 1.00000
179.0 36.31588 14 1.00000
179.1 36.37642 14 1.00000
179.2 36.42159 14 1.00000
179.3 36.20359 14 1.00000
179.4 36.24818 14 1.00000
179.5 36.27016 14 1.00000
179.6 36.31339 14 1.00000
179.7 36.37740 14 1.00000
179.8 36.42421 14 1.00000
179.9 36.20586 14 1.00000
180.0 36.25053 14 1.00000
180.1 36.28170 14 1.00000
180.2 36.32119 14 1.00000
180.3 36.37738 14 1.00000
180.4 36.42653 14 1.00000
180.5 36.20829 14 1.00000
180.6 36.25312 14 1.00000
180.7 36.29467 14 1.00000
180.8 36.31770 14 1.00000
180.9 36.37751 14 1.00000
181.0 36.42950 14 1.00000
181.1 36.21099 14 1.00000
181.2 36.25607 14 1.00000
181.3 36.29831 14 1.00000
181.4 36.31838 14 1.00000
181.5 36.37683 14 1.00000
181.6 36.43308 14 1.00000
181.7 36.21346 14 1.00000
181.8 36.25936 14 1.00000
181.9 36.30255 14 1.00000
182.0 36.32994 14 1.00000
182.1 36.37515 14 1.00000
182.2 36.16052 14 1.00000
182.3 36.21499 14 1.00000
182.4 36.26244 14 1.00000
182.5 36.30750 14 1.00000
182.6 36.34931 14 1.00000
182.7 36.38115 14 1.00000
182.8 36.15669 14 1.00000
182.9 36.21563 14 1.00000
183.0 36.26524 14 1.00000
183.1 36.31195 14 1.00000
183.2 36.35413 14 1.00000
183.3 36.37848 14 1.00000
183.4 36.16142 14 1.00000
183.5 36.21470 14 1.00000
183.6 36.26682 14 1.00000
183.7 36.31572 14 1.00000
183.8 36.35918 14 1.00000
183.9 36.38014 14 1.00000
184.0 36.15820 14 1.00000
184.1 36.21062 14 1.00000
184.2 36.26688 14 1.00000
184.3 36.31841 14 1.00000
184.4 36.36364 14 1.00000
184.5 36.39211 14 1.00000
184.6 36.17485 14 1.00000
184.7 36.21396 14 1.00000
184.8 36.26423 14 1.00000
184.9 36.31999 14 1.00000
185.0 36.36894 14 1.00000
185.1 36.41108 14 1.00000
185.2 36.19261 14 1.00000
185.3 36.21932 14 1.00000
185.4 36.26856 14 1.00000
185.5 36.31943 14 1.00000
185.6 36.37357 14 1.00000
185.7 36.41736 14 1.00000
185.8 36.19941 14 1.00000
185.9 36.24497 14 1.00000
186.0 36.26367 14 1.00000
186.1 36.31543 14 1.00000
186.2 36.37705 14 1.00000
186.3 36.42365 14 1.00000
186.4 36.20634 14 1.00000
186.5 36.25169 14 1.00000
186.6 36.29376 14 1.00000
186.7 36.31858 14 1.00000
186.8 36.37753 14 1.00000
186.9 36.43007 14 1.00000
187.0 36.21195 14 1.00000
187.1 36.25799 14 1.00000
187.2 36.30154 14 1.00000
187.3 36.32727 14 1.00000
187.4 36.37531 14 1.00000
187.5 36.15998 14 1.00000
187.6 36.21533 14 1.00000
187.7 36.26353 14 1.00000
187.8 36.30909 14 1.00000
187.9 36.35226 14 1.00000
188.0 36.37938 14 1.00000
188.1 36.16181 14 1.00000
188.2 36.21472 14 1.00000
188.3 36.26683 14 1.00000
188.4 36.31595 14 1.00000
188.5 36.36031 14 1.00000
188.6 36.38072 14 1.00000
188.7 36.16091 14 1.00000
188.8 36.21733 14 1.00000
188.9 36.26583 14 1.00000
189.0 36.31953 14 1.00000
189.1 36.36791 14 1.00000
189.2 36.41021 14 1.00000
189.3 36.19179 14 1.00000
189.4 36.21184 14 1.00000
189.5 36.26849 14 1.00000
189.6 36.31921 14 1.00000
189.7 36.37444 14 1.00000
189.8 36.41883 14 1.00000
189.9 36.20127 14 1.00000
190.0 36.24734 14 1.00000
190.1 36.27097 14 1.00000
190.2 36.32177 14 1.00000
190.3 36.37743 14 1.00000
190.4 36.42743 14 1.00000
190.5 36.20968 14 1.00000
190.6 36.25580 14 1.00000
190.7 36.29966 14 1.00000
190.8 36.32301 14 1.00000
190.9 36.37574 14 1.00000
191.0 36.16070 14 1.00000
191.1 36.21518 14 1.00000
191.2 36.26360 14 1.00000
191.3 36.30986 14 1.00000
191.4 36.35325 14 1.00000
191.5 36.37862 14 1.00000
191.6 36.16063 14 1.00000
191.7 36.21371 14 1.00000
191.8 36.26714 14 1.00000
191.9 36.31776 14 1.00000
192.0 36.36292 14 1.00000
192.1 36.39158 14 1.00000
192.2 36.17336 14 1.00000
192.3 36.21229 14 1.00000
192.4 36.26249 14 1.00000
192.5 36.31997 14 1.00000
192.6 36.37152 14 1.00000
192.7 36.41586 14 1.00000
192.8 36.19818 14 1.00000
192.9 36.24441 14 1.00000
193.0 36.26326 14 1.00000
193.1 36.31377 14 1.00000
193.2 36.37780 14 1.00000
193.3 36.42607 14 1.00000
193.4 36.20904 14 1.00000
193.5 36.25554 14 1.00000
193.6 36.29914 14 1.00000
193.7 36.32244 14 1.00000
193.8 36.37579 14 1.00000
193.9 36.16022 14 1.00000
194.0 36.21543 14 1.00000
194.1 36.26431 14 1.00000
194.2 36.31151 14 1.00000
194.3 36.35492 14 1.00000
194.4 36.37722 14 1.00000
194.5 36.15714 14 1.00000
194.6 36.21110 14 1.00000
194.7 36.26677 14 1.00000
194.8 36.31895 14 1.00000
194.9 36.36549 14 1.00000
195.0 36.40480 14 1.00000
195.1 36.19107 14 1.00000
195.2 36.21416 14 1.00000
195.3 36.26769 14 1.00000
195.4 36.31861 14 1.00000
195.5 36.37513 14 1.00000
195.6 36.42122 14 1.00000
195.7 36.20485 14 1.00000
195.8 36.25131 14 1.00000
195.9 36.29412 14 1.00000
196.0 36.31692 14 1.00000
196.1 36.37723 14 1.00000
196.2 36.43284 14 1.00000
196.3 36.21442 14 1.00000
196.4 36.26208 14 1.00000
196.5 36.30819 14 1.00000
196.6 36.35119 14 1.00000
196.7 36.37917 14 1.00000
196.8 36.16032 14 1.00000
196.9 36.21314 14 1.00000
197.0 36.26711 14 1.00000
197.1 36.31826 14 1.00000
197.2 36.36402 14 1.00000
197.3 36.40135 14 1.00000
197.4 36.19032 14 1.00000
197.5 36.21179 14 1.00000
197.6 36.26818 14 1.00000
197.7 36.31898 14 1.00000
197.8 36.37510 14 1.00000
197.9 36.42186 14 1.00000
198.0 36.20530 14 1.00000
198.1 36.25185 14 1.00000
198.2 36.29497 14 1.00000
198.3 36.31606 14 1.00000
198.4 36.37680 14 1.00000
198.5 36.16155 14 1.00000
198.6 36.21506 14 1.00000
198.7 36.26324 14 1.00000
198.8 36.31000 14 1.00000
198.9 36.35336 14 1.00000
199.0 36.37667 14 1.00000
199.1 36.15569 14 1.00000
199.2 36.20996 14 1.00000
199.3 36.26642 14 1.00000
199.4 36.31936 14 1.00000
199.5 36.36740 14 1.00000
199.6 36.41196 14 1.00000
199.7 36.19519 14 1.00000
199.8 36.23687 14 1.00000
199.9 36.26164 14 1.00000
200.0 36.31618 14 1.00000
200.1 36.37764 14 1.00000
200.2 36.42718 14 1.00000
200.3 36.21035 14 1.00000
200.4 36.25698 14 1.00000
200.5 36.30124 14 1.00000
200.6 36.33093 14 1.00000
200.7 36.37227 14 1.00000
200.8 36.16400 14 1.00000
200.9 36.21513 14 1.00000
201.0 36.26677 14 1.00000
201.1 36.31585 14 1.00000
201.2 36.36191 14 1.00000
201.3 36.39395 14 1.00000
201.4 36.18671 14 1.00000
201.5 36.20930 14 1.00000
201.6 36.26938 14 1.00000
201.7 36.31947 14 1.00000
201.8 36.37519 14 1.00000
201.9 36.42187 14 1.00000
202.0 36.20562 14 1.00000
202.1 36.25232 14 1.00000
202.2 36.29558 14 1.00000
202.3 36.31520 14 1.00000
202.4 36.37581 14 1.00000
202.5 36.15979 14 1.00000
202.6 36.21557 14 1.00000
202.7 36.26507 14 1.00000
202.8 36.31286 14 1.00000
202.9 36.35851 14 1.00000
203.0 36.37827 14 1.00000
203.1 36.16724 14 1.00000
203.2 36.21489 14 1.00000
203.3 36.26328 14 1.00000
203.4 36.32001 14 1.00000
203.5 36.37285 14 1.00000
203.6 36.41925 14 1.00000
203.7 36.20287 14 1.00000
203.8 36.25013 14 1.00000
203.9 36.28716 14 1.00000
204.0 36.31862 14 1.00000
204.1 36.37655 14 1.00000
204.2 36.16110 14 1.00000
204.3 36.21531 14 1.00000
204.4 36.26428 14 1.00000
204.5 36.31111 14 1.00000
204.6 36.35509 14 1.00000
204.7 36.38141 14 1.00000
204.8 36.16483 14 1.00000
204.9 36.21561 14 1.00000
205.0 36.26371 14 1.00000
205.1 36.32004 14 1.00000
205.2 36.37296 14 1.00000
205.3 36.41946 14 1.00000
205.4 36.20312 14 1.00000
205.5 36.25045 14 1.00000
205.6 36.28925 14 1.00000
205.7 36.31817 14 1.00000
205.8 36.37603 14 1.00000
205.9 36.16026 14 1.00000
206.0 36.21554 14 1.00000
206.1 36.26490 14 1.00000
206.2 36.31279 14 1.00000
206.3 36.35664 14 1.00000
206.4 36.38461 14 1.00000
206.5 36.17315 14 1.00000
206.6 36.21327 14 1.00000
206.7 36.26176 14 1.00000
206.8 36.31981 14 1.00000
206.9 36.37251 14 1.00000
207.0 36.42269 14 1.00000
207.1 36.20649 14 1.00000
207.2 36.25321 14 1.00000
207.3 36.29670 14 1.00000
207.4 36.32029 14 1.00000
207.5 36.37391 14 1.00000
207.6 36.16451 14 1.00000
207.7 36.21535 14 1.00000
207.8 36.26667 14 1.00000
207.9 36.31570 14 1.00000
208.0 36.36091 14 1.00000
208.1 36.40418 14 1.00000
208.2 36.19101 14 1.00000
208.3 36.21636 14 1.00000
208.4 36.26685 14 1.00000
208.5 36.31808 14 1.00000
208.6 36.37595 14 1.00000
208.7 36.42799 14 1.00000
208.8 36.21125 14 1.00000
208.9 36.25821 14 1.00000
209.0 36.30309 14 1.00000
209.1 36.33941 14 1.00000
209.2 36.37276 14 1.00000
209.3 36.15850 14 1.00000
209.4 36.21143 14 1.00000
209.5 36.26675 14 1.00000
209.6 36.31920 14 1.00000
209.7 36.36648 14 1.00000
209.8 36.41010 14 1.00000
209.9 36.19977 14 1.00000
210.0 36.24629 14 1.00000
210.1 36.27415 14 1.00000
210.2 36.32080 14 1.00000
210.3 36.37759 14 1.00000
210.4 36.42941 14 1.00000
210.5 36.21540 14 1.00000
210.6 36.26460 14 1.00000
210.7 36.31174 14 1.00000
210.8 36.35605 14 1.00000
210.9 36.37537 14 1.00000
211.0 36.18002 14 1.00000
211.1 36.20994 14 1.00000
211.2 36.26931 14 1.00000
211.3 36.31934 14 1.00000
211.4 36.37407 14 1.00000
211.5 36.41955 14 1.00000
211.6 36.20962 14 1.00000
211.7 36.25683 14 1.00000
211.8 36.30111 14 1.00000
211.9 36.33186 14 1.00000
212.0 36.37398 14 1.00000
212.1 36.15748 14 1.00000
212.2 36.21194 14 1.00000
212.3 36.26681 14 1.00000
212.4 36.31915 14 1.00000
212.5 36.36642 14 1.00000
212.6 36.41012 14 1.00000
212.7 36.19207 14 1.00000
212.8 36.24808 14 1.00000
212.9 36.27907 14 1.00000
213.0 36.31977 14 1.00000
213.1 36.37760 14 1.00000
213.2 36.43052 14 1.00000
213.3 36.21301 14 1.00000
213.4 36.26589 14 1.00000
213.5 36.31439 14 1.00000
213.6 36.35929 14 1.00000
213.7 36.38094 14 1.00000
213.8 36.16043 14 1.00000
213.9 36.21650 14 1.00000
214.0 36.26601 14 1.00000
214.1 36.31726 14 1.00000
214.2 36.37647 14 1.00000
214.3 36.42389 14 1.00000
214.4 36.20704 14 1.00000
214.5 36.25336 14 1.00000
214.6 36.30687 14 1.00000
214.7 36.35107 14 1.00000
214.8 36.37915 14 1.00000
214.9 36.16072 14 1.00000
215.0 36.21383 14 1.00000
215.1 36.26714 14 1.00000
215.2 36.31991 14 1.00000
215.3 36.37225 14 1.00000
215.4 36.41703 14 1.00000
215.5 36.19975 14 1.00000
215.6 36.24571 14 1.00000
215.7 36.26957 14 1.00000
215.8 36.32839 14 1.00000
215.9 36.37431 14 1.00000
216.0 36.15785 14 1.00000
216.1 36.21562 14 1.00000
216.2 36.26562 14 1.00000
216.3 36.31353 14 1.00000
216.4 36.36746 14 1.00000
216.5 36.41149 14 1.00000
216.6 36.19365 14 1.00000
216.7 36.22279 14 1.00000
216.8 36.26571 14 1.00000
216.9 36.31753 14 1.00000
217.0 36.37671 14 1.00000
217.1 36.43387 14 1.00000
217.2 36.21471 14 1.00000
217.3 36.26273 14 1.00000
217.4 36.30842 14 1.00000
217.5 36.35186 14 1.00000
217.6 36.39724 14 1.00000
217.7 36.18656 14 1.00000
217.8 36.20972 14 1.00000
217.9 36.26921 14 1.00000
218.0 36.31946 14 1.00000
218.1 36.37334 14 1.00000
218.2 36.43015 14 1.00000
218.3 36.21274 14 1.00000
218.4 36.25967 14 1.00000
218.5 36.30465 14 1.00000
218.6 36.34421 14 1.00000
218.7 36.37207 14 1.00000
218.8 36.16903 14 1.00000
218.9 36.21458 14 1.00000
219.0 36.26306 14 1.00000
219.1 36.32005 14 1.00000
219.2 36.37132 14 1.00000
219.3 36.41486 14 1.00000
219.4 36.21057 14 1.00000
219.5 36.25730 14 1.00000
219.6 36.30117 14 1.00000
219.7 36.32999 14 1.00000
219.8 36.37428 14 1.00000
219.9 36.15873 14 1.00000
220.0 36.21663 14 1.00000
220.1 36.26495 14 1.00000
220.2 36.31990 14 1.00000
220.3 36.36888 14 1.00000
220.4 36.41287 14 1.00000
220.5 36.19460 14 1.00000
220.6 36.25580 14 1.00000
220.7 36.29926 14 1.00000
220.8 36.32272 14 1.00000
220.9 36.37529 14 1.00000
221.0 36.16004 14 1.00000
221.1 36.21544 14 1.00000
221.2 36.26590 14 1.00000
221.3 36.31971 14 1.00000
221.4 36.36798 14 1.00000
221.5 36.41180 14 1.00000
221.6 36.19362 14 1.00000
221.7 36.22119 14 1.00000
221.8 36.29853 14 1.00000
221.9 36.31944 14 1.00000
222.0 36.37564 14 1.00000
222.1 36.16092 14 1.00000
222.2 36.21529 14 1.00000
222.3 36.26365 14 1.00000
222.4 36.31966 14 1.00000
222.5 36.36782 14 1.00000
222.6 36.41163 14 1.00000
222.7 36.19349 14 1.00000
222.8 36.22080 14 1.00000
222.9 36.26653 14 1.00000
223.0 36.32023 14 1.00000
223.1 36.37550 14 1.00000
223.2 36.16026 14 1.00000
223.3 36.21537 14 1.00000
223.4 36.26387 14 1.00000
223.5 36.31023 14 1.00000
223.6 36.36839 14 1.00000
223.7 36.41237 14 1.00000
223.8 36.19418 14 1.00000
223.9 36.22436 14 1.00000
224.0 36.26562 14 1.00000
224.1 36.31767 14 1.00000
224.2 36.37479 14 1.00000
224.3 36.15929 14 1.00000
224.4 36.21558 14 1.00000
224.5 36.26460 14 1.00000
224.6 36.31154 14 1.00000
224.7 36.35476 14 1.00000
224.8 36.37723 14 1.00000
224.9 36.19615 14 1.00000
225.0 36.23642 14 1.00000
225.1 36.26311 14 1.00000
225.2 36.31612 14 1.00000
225.3 36.37671 14 1.00000
225.4 36.42357 14 1.00000
225.5 36.21558 14 1.00000
225.6 36.26593 14 1.00000
225.7 36.31376 14 1.00000
225.8 36.35722 14 1.00000
225.9 36.37495 14 1.00000
226.0 36.15561 14 1.00000
226.1 36.24470 14 1.00000
226.2 36.26633 14 1.00000
226.3 36.31345 14 1.00000
226.4 36.37771 14 1.00000
226.5 36.42624 14 1.00000
226.6 36.20893 14 1.00000
226.7 36.26683 14 1.00000
226.8 36.31624 14 1.00000
226.9 36.36097 14 1.00000
227.0 36.37860 14 1.00000
227.1 36.16373 14 1.00000
227.2 36.21629 14 1.00000
227.3 36.28254 14 1.00000
227.4 36.31958 14 1.00000
227.5 36.37761 14 1.00000
227.6 36.42978 14 1.00000
227.7 36.21202 14 1.00000
227.8 36.25814 14 1.00000
227.9 36.31852 14 1.00000
228.0 36.36472 14 1.00000
228.1 36.39845 14 1.00000
228.2 36.18423 14 1.00000
228.3 36.21145 14 1.00000
228.4 36.26145 14 1.00000
228.5 36.31998 14 1.00000
228.6 36.37635 14 1.00000
228.7 36.43390 14 1.00000
228.8 36.21468 14 1.00000
228.9 36.26204 14 1.00000
229.0 36.30692 14 1.00000
229.1 36.35001 14 1.00000
229.2 36.41245 14 1.00000
229.3 36.19391 14 1.00000
229.4 36.22281 14 1.00000
229.5 36.26637 14 1.00000
229.6 36.31815 14 1.00000
229.7 36.37504 14 1.00000
229.8 36.15737 14 1.00000
229.9 36.21562 14 1.00000
230.0 36.26558 14 1.00000
230.1 36.31244 14 1.00000
230.2 36.35580 14 1.00000
230.3 36.37633 14 1.00000
230.4 36.20016 14 1.00000
230.5 36.24614 14 1.00000
230.6 36.26897 14 1.00000
230.7 36.32256 14 1.00000
230.8 36.37776 14 1.00000
230.9 36.42627 14 1.00000
231.0 36.20863 14 1.00000
231.1 36.26714 14 1.00000
231.2 36.31738 14 1.00000
231.3 36.36289 14 1.00000
231.4 36.38469 14 1.00000
231.5 36.16943 14 1.00000
231.6 36.21512 14 1.00000
231.7 36.29603 14 1.00000
231.8 36.31540 14 1.00000
231.9 36.37725 14 1.00000
232.0 36.43229 14 1.00000
232.1 36.21378 14 1.00000
232.2 36.26041 14 1.00000
232.3 36.31992 14 1.00000
232.4 36.36887 14 1.00000
232.5 36.41219 14 1.00000
232.6 36.19330 14 1.00000
232.7 36.21686 14 1.00000
232.8 36.26737 14 1.00000
232.9 36.31877 14 1.00000
233.0 36.37222 14 1.00000
233.1 36.16469 14 1.00000
233.2 36.21560 14 1.00000
233.3 36.26570 14 1.00000
233.4 36.31230 14 1.00000
233.5 36.35546 14 1.00000
233.6 36.42046 14 1.00000
233.7 36.20234 14 1.00000
233.8 36.24749 14 1.00000
233.9 36.27354 14 1.00000
234.0 36.32159 14 1.00000
234.1 36.37796 14 1.00000
234.2 36.15531 14 1.00000
234.3 36.21125 14 1.00000
234.4 36.26693 14 1.00000
234.5 36.31844 14 1.00000
234.6 36.36450 14 1.00000
234.7 36.39415 14 1.00000
234.8 36.17772 14 1.00000
234.9 36.25706 14 1.00000
235.0 36.30010 14 1.00000
235.1 36.32059 14 1.00000
235.2 36.37565 14 1.00000
235.3 36.43475 14 1.00000
235.4 36.21487 14 1.00000
235.5 36.26949 14 1.00000
235.6 36.31982 14 1.00000
235.7 36.37222 14 1.00000
235.8 36.41586 14 1.00000
235.9 36.19708 14 1.00000
236.0 36.23743 14 1.00000
236.1 36.26421 14 1.00000
236.2 36.35336 14 1.00000
236.3 36.37831 14 1.00000
236.4 36.16076 14 1.00000
236.5 36.21420 14 1.00000
236.6 36.26697 14 1.00000
236.7 36.31572 14 1.00000
236.8 36.37768 14 1.00000
236.9 36.42590 14 1.00000
237.0 36.20805 14 1.00000
237.1 36.25387 14 1.00000
237.2 36.29556 14 1.00000
237.3 36.31651 14 1.00000
237.4 36.39455 14 1.00000
237.5 36.17872 14 1.00000
237.6 36.21370 14 1.00000
237.7 36.26371 14 1.00000
237.8 36.32000 14 1.00000
237.9 36.36916 14 1.00000
238.0 36.41218 14 1.00000
238.1 36.21519 14 1.00000
238.2 36.26317 14 1.00000
238.3 36.30797 14 1.00000
238.4 36.35036 14 1.00000
238.5 36.38081 14 1.00000
238.6 36.16396 14 1.00000
238.7 36.24432 14 1.00000
238.8 36.26544 14 1.00000
238.9 36.31501 14 1.00000
239.0 36.37692 14 1.00000
239.1 36.42325 14 1.00000
239.2 36.20503 14 1.00000
239.3 36.25020 14 1.00000
239.4 36.31760 14 1.00000
239.5 36.36301 14 1.00000
239.6 36.38414 14 1.00000
239.7 36.16742 14 1.00000
239.8 36.21612 14 1.00000
239.9 36.26563 14 1.00000
240.0 36.32068 14 1.00000
240.1 36.37585 14 1.00000
240.2 36.43420 14 1.00000
240.3 36.21449 14 1.00000
240.4 36.26142 14 1.00000
240.5 36.30551 14 1.00000
240.6 36.34100 14 1.00000
240.7 36.41699 14 1.00000
240.8 36.19814 14 1.00000
240.9 36.24249 14 1.00000
241.0 36.26316 14 1.00000
241.1 36.31665 14 1.00000
241.2 36.37604 14 1.00000
241.3 36.15726 14 1.00000
241.4 36.21267 14 1.00000
241.5 36.26714 14 1.00000
241.6 36.31707 14 1.00000
241.7 36.36174 14 1.00000
241.8 36.37831 14 1.00000
241.9 36.15972 14 1.00000
242.0 36.25710 14 1.00000
242.1 36.29980 14 1.00000
242.2 36.31791 14 1.00000
242.3 36.37675 14 1.00000
242.4 36.43294 14 1.00000
242.5 36.21384 14 1.00000
242.6 36.26007 14 1.00000
242.7 36.31925 14 1.00000
242.8 36.37303 14 1.00000
242.9 36.41672 14 1.00000
243.0 36.19762 14 1.00000
243.1 36.23723 14 1.00000
243.2 36.26442 14 1.00000
243.3 36.35681 14 1.00000
243.4 36.37574 14 1.00000
243.5 36.15722 14 1.00000
243.6 36.21282 14 1.00000
243.7 36.26714 14 1.00000
243.8 36.31657 14 1.00000
243.9 36.36068 14 1.00000
244.0 36.42987 14 1.00000
244.1 36.21153 14 1.00000
244.2 36.25721 14 1.00000
244.3 36.29969 14 1.00000
244.4 36.31834 14 1.00000
244.5 36.37698 14 1.00000
244.6 36.19394 14 1.00000
244.7 36.21788 14 1.00000
244.8 36.26757 14 1.00000
244.9 36.31907 14 1.00000
245.0 36.37320 14 1.00000
245.1 36.41674 14 1.00000
245.2 36.19719 14 1.00000
245.3 36.26682 14 1.00000
245.4 36.31472 14 1.00000
245.5 36.35781 14 1.00000
245.6 36.37516 14 1.00000
245.7 36.15675 14 1.00000
245.8 36.21275 14 1.00000
245.9 36.26714 14 1.00000
246.0 36.31534 14 1.00000
246.1 36.37742 14 1.00000
246.2 36.43077 14 1.00000
246.3 36.21214 14 1.00000
246.4 36.25777 14 1.00000
246.5 36.30012 14 1.00000
246.6 36.37207 14 1.00000
246.7 36.41523 14 1.00000
246.8 36.19565 14 1.00000
246.9 36.22272 14 1.00000
247.0 36.26670 14 1.00000
247.1 36.31877 14 1.00000
247.2 36.37349 14 1.00000
247.3 36.15873 14 1.00000
247.4 36.21352 14 1.00000
247.5 36.26706 14 1.00000
247.6 36.31577 14 1.00000
247.7 36.35902 14 1.00000
247.8 36.37656 14 1.00000
247.9 36.15549 14 1.00000
248.0 36.25722 14 1.00000
248.1 36.29953 14 1.00000
248.2 36.32116 14 1.00000
248.3 36.37712 14 1.00000
248.4 36.43179 14 1.00000
248.5 36.21288 14 1.00000
248.6 36.26691 14 1.00000
248.7 36.31884 14 1.00000
248.8 36.37342 14 1.00000
248.9 36.41692 14 1.00000
249.0 36.19719 14 1.00000
249.1 36.23310 14 1.00000
249.2 36.26528 14 1.00000
249.3 36.35926 14 1.00000
249.4 36.37749 14 1.00000
249.5 36.15527 14 1.00000
249.6 36.21193 14 1.00000
249.7 36.26714 14 1.00000
249.8 36.31671 14 1.00000
249.9 36.36030 14 1.00000
250.0 36.43236 14 1.00000
