15.0 1.32723 13 0.04564
15.1 1.33475 13 0.04638
15.2 1.34228 13 0.04712
15.3 1.34983 13 0.04786
15.4 1.35738 13 0.04859
15.5 1.36494 13 0.04933
15.6 1.37237 13 0.05006
15.7 1.38021 13 0.05082
15.8 1.38781 13 0.05153
15.9 1.39526 13 0.05226
16.0 1.40289 13 0.05300
16.1 1.41052 13 0.05374
16.2 1.41799 13 0.05446
16.3 1.42565 13 0.05521
16.4 1.43313 13 0.05593
16.5 1.44062 13 0.05663
16.6 1.44831 13 0.05738
16.7 1.45581 13 0.05810
16.8 1.46331 13 0.05883
16.9 1.47104 13 0.05959
17.0 1.47855 13 0.06032
17.1 1.48608 13 0.06106
17.2 1.49361 13 0.06176
17.3 1.50114 13 0.06250
17.4 1.50868 13 0.06325
17.5 1.51623 13 0.06399
17.6 1.52378 13 0.06474
17.7 1.53169 13 0.06553
17.8 1.53925 13 0.06627
17.9 1.54683 13 0.06701
18.0 1.55440 13 0.06777
18.1 1.56199 13 0.06854
18.2 1.56958 13 0.06931
18.3 1.57717 13 0.07009
18.4 1.58478 13 0.07086
18.5 1.59238 13 0.07162
18.6 1.59969 13 0.07238
18.7 1.60731 13 0.07318
18.8 1.61493 13 0.07398
18.9 1.62255 13 0.07479
19.0 1.62986 13 0.07552
19.1 1.63749 13 0.07634
19.2 1.64513 13 0.07717
19.3 1.65243 13 0.07797
19.4 1.66008 13 0.07881
19.5 1.66737 13 0.07962
19.6 1.67503 13 0.08042
19.7 1.68269 13 0.08129
19.8 1.68998 13 0.08211
19.9 1.69995 13 0.08332
20.0 1.71092 13 0.08469
20.1 1.72331 13 0.08618
20.2 1.73443 13 0.08760
20.3 1.74625 13 0.08911
20.4 1.75750 13 0.09058
20.5 1.76948 13 0.09216
20.6 1.78087 13 0.09359
20.7 1.79303 13 0.09522
20.8 1.80456 13 0.09678
20.9 1.81689 13 0.09847
21.0 1.82857 13 0.10009
21.1 1.84108 13 0.10178
21.2 1.85290 13 0.10342
21.3 1.86478 13 0.10513
21.4 1.87755 13 0.10698
21.5 1.88958 13 0.10875
21.6 1.90253 13 0.11068
21.7 1.91471 13 0.11240
21.8 10.39527 14 1.00000
21.9 10.36096 14 1.00000
22.0 10.32856 14 1.00000
22.1 10.29414 14 1.00000
22.2 10.26864 14 1.00000
22.3 10.23374 14 1.00000
22.4 10.19790 14 1.00000
22.5 10.15992 14 1.00000
22.6 10.12387 14 1.00000
22.7 10.08708 14 1.00000
22.8 10.06084 14 1.00000
22.9 10.01569 14 1.00000
23.0 9.97702 14 1.00000
23.1 9.93778 14 1.00000
23.2 9.89781 14 1.00000
23.3 9.85311 14 1.00000
23.4 9.82299 14 1.00000
23.5 9.78119 14 1.00000
23.6 9.73902 14 1.00000
23.7 9.69109 14 1.00000
23.8 9.65855 14 1.00000
23.9 9.61436 14 1.00000
24.0 9.54755 14 1.00000
24.1 9.47875 14 1.00000
24.2 9.22010 14 1.00000
24.3 8.98923 14 1.00000
24.4 8.81927 14 1.00000
24.5 8.58313 14 1.00000
24.6 8.39365 14 1.00000
24.7 8.28446 14 1.00000
24.8 8.30103 14 1.00000
24.9 8.33583 14 1.00000
25.0 8.36822 14 1.00000
25.1 8.39441 14 1.00000
25.2 8.43334 14 1.00000
25.3 8.47484 14 1.00000
25.4 5.50745 14 0.60396
25.5 5.52853 14 0.60390
25.6 5.55020 14 0.60354
25.7 5.57246 14 0.60319
25.8 5.59567 14 0.60210
25.9 5.61904 14 0.60218
26.0 5.64030 14 0.60637
26.1 5.66138 14 0.61045
26.2 5.68553 14 0.61428
26.3 5.70826 14 0.61626
26.4 5.61108 14 0.60155
26.5 5.63922 14 0.60223
26.6 5.64467 14 0.61893
26.7 5.65591 14 0.61916
26.8 5.66415 14 0.61933
26.9 5.66902 14 0.61944
27.0 5.68096 14 0.61970
27.1 5.68596 14 0.61982
27.2 5.69503 14 0.62003
27.3 5.70359 14 0.62024
27.4 5.71560 14 0.62053
27.5 5.72956 14 0.62089
27.6 5.73840 14 0.62113
27.7 5.74408 14 0.62128
27.8 5.75299 14 0.62152
27.9 5.76695 14 0.62192
28.0 5.76854 14 0.62196
28.1 5.77855 14 0.62225
28.2 5.79053 14 0.62260
28.3 5.79812 14 0.62283
28.4 5.80828 14 0.62314
28.5 5.82473 14 0.62366
28.6 5.83333 14 0.62393
28.7 5.84857 14 0.62443
28.8 5.85433 14 0.62462
28.9 5.86038 14 0.62482
29.0 5.87822 14 0.62543
29.1 5.88731 14 0.62574
29.2 5.89896 14 0.62615
29.3 5.91136 14 0.62659
29.4 5.92188 14 0.62697
29.5 5.93022 14 0.62727
29.6 5.94124 14 0.62768
29.7 5.95377 14 0.62814
29.8 5.96090 14 0.62841
29.9 5.97011 14 0.62876
30.0 5.98379 14 0.62928
30.1 5.99568 14 0.62974
30.2 6.00993 14 0.63030
30.3 6.01706 14 0.63059
30.4 6.03332 14 0.63123
30.5 6.03592 14 0.63134
30.6 6.05331 14 0.63204
30.7 6.06397 14 0.63248
30.8 6.07714 14 0.63303
30.9 6.08805 14 0.63348
31.0 6.09731 14 0.63387
31.1 6.11028 14 0.63442
31.2 6.11635 14 0.63468
31.3 6.13198 14 0.63535
31.4 6.14757 14 0.63602
31.5 6.15788 14 0.63647
31.6 6.17320 14 0.63714
31.7 6.18251 14 0.63755
31.8 6.18587 14 0.63770
31.9 6.20002 14 0.63833
32.0 6.21288 14 0.63891
32.1 6.22505 14 0.63946
32.2 6.23670 14 0.63998
32.3 6.24776 14 0.64049
32.4 6.25787 14 0.64095
32.5 6.28212 14 0.64207
32.6 6.29072 14 0.64247
32.7 6.30154 14 0.64297
32.8 6.30905 14 0.64333
32.9 6.32305 14 0.64397
33.0 6.33293 14 0.64441
33.1 6.34620 14 0.64501
33.2 6.35808 14 0.64555
33.3 6.37463 14 0.64631
33.4 6.38746 14 0.64690
33.5 6.39517 14 0.64725
33.6 6.40775 14 0.64783
33.7 6.41434 14 0.64814
33.8 6.42656 14 0.64871
33.9 6.44015 14 0.64935
34.0 6.45263 14 0.64993
34.1 6.46077 14 0.65032
34.2 6.48192 14 0.65132
34.3 6.49343 14 0.65187
34.4 6.50021 14 0.65219
34.5 6.51240 14 0.65278
34.6 6.52729 14 0.65349
34.7 6.53638 14 0.65393
34.8 6.54837 14 0.65451
34.9 6.56534 14 0.65534
35.0 6.56585 14 0.65536
35.1 6.57697 14 0.65590
35.2 6.59765 14 0.65691
35.3 6.60662 14 0.65735
35.4 6.61409 14 0.65772
35.5 6.62498 14 0.65826
35.6 6.64978 14 0.65948
35.7 6.65519 14 0.65975
35.8 6.67700 14 0.66083
35.9 6.68760 14 0.66136
36.0 6.69690 14 0.66183
36.1 6.71315 14 0.66264
36.2 6.72377 14 0.66317
36.3 6.73795 14 0.66389
36.4 6.75280 14 0.66464
36.5 6.76559 14 0.66528
36.6 6.78397 14 0.66621
36.7 6.79369 14 0.66671
36.8 6.80289 14 0.66718
36.9 6.81994 14 0.66805
37.0 6.83349 14 0.66874
37.1 6.84447 14 0.66930
37.2 6.85332 14 0.66976
37.3 6.86781 14 0.67050
37.4 6.87804 14 0.67103
37.5 6.88754 14 0.67152
37.6 6.90484 14 0.67242
37.7 6.91279 14 0.67283
37.8 6.92892 14 0.67366
37.9 6.93717 14 0.67409
38.0 6.95175 14 0.67485
38.1 6.96188 14 0.67538
38.2 6.98424 14 0.67655
38.3 6.99257 14 0.67698
38.4 7.00293 14 0.67752
38.5 7.02418 14 0.67864
38.6 7.02772 14 0.67882
38.7 7.04159 14 0.67955
38.8 7.06060 14 0.68055
38.9 7.06687 14 0.68088
39.0 7.08611 14 0.68190
39.1 7.09305 14 0.68226
39.2 7.10712 14 0.68301
39.3 7.11643 14 0.68350
39.4 7.12125 14 0.68375
39.5 7.14007 14 0.68475
39.6 7.15218 14 0.68539
39.7 7.15829 14 0.68572
39.8 7.17490 14 0.68660
39.9 7.19431 14 0.68764
40.0 7.21641 14 0.68881
40.1 7.22552 14 0.68930
40.2 7.24143 14 0.69015
40.3 7.24759 14 0.69048
40.4 7.27586 14 0.69199
40.5 7.27864 14 0.69214
40.6 7.30137 14 0.69336
40.7 7.30256 14 0.69343
40.8 7.32219 14 0.69448
40.9 7.32628 14 0.69470
41.0 7.34786 14 0.69587
41.1 7.35800 14 0.69641
41.2 7.37296 14 0.69722
41.3 7.38609 14 0.69793
41.4 7.39883 14 0.69862
41.5 7.40498 14 0.69895
41.6 7.42760 14 0.70017
41.7 7.43668 14 0.70067
41.8 7.44660 14 0.70120
41.9 7.45381 14 0.70159
42.0 7.48572 14 0.70333
42.1 7.49001 14 0.70356
42.2 7.50881 14 0.70458
42.3 7.51619 14 0.70498
42.4 7.53889 14 0.70622
42.5 7.54985 14 0.70681
42.6 7.55109 14 0.70688
42.7 7.56264 14 0.70751
42.8 7.55812 14 0.70726
42.9 7.57889 14 0.70839
43.0 7.60839 14 0.71000
43.1 7.61457 14 0.71034
43.2 7.61361 14 0.71029
43.3 7.63731 14 0.71158
43.4 7.64682 14 0.71210
43.5 7.66943 14 0.71333
43.6 7.67694 14 0.71375
43.7 7.68576 14 0.71423
43.8 7.69273 14 0.71461
43.9 7.69849 14 0.71492
44.0 7.72771 14 0.71652
44.1 7.73961 14 0.71717
44.2 7.75939 14 0.71826
44.3 7.76982 14 0.71883
44.4 7.77992 14 0.71938
44.5 7.79749 14 0.72035
44.6 7.81541 14 0.72133
44.7 7.84055 14 0.72271
44.8 7.84492 14 0.72295
44.9 7.86382 14 0.72399
45.0 7.87831 14 0.72479
45.1 7.88856 14 0.72535
45.2 7.86557 14 0.72409
45.3 7.76754 14 0.71871
45.4 7.75304 14 0.71791
45.5 7.73105 14 0.71671
45.6 7.72065 14 0.71614
45.7 7.70503 14 0.71528
45.8 7.69454 14 0.71471
45.9 7.66426 14 0.71305
46.0 7.64741 14 0.71213
46.1 7.58880 14 0.70893
46.2 7.57905 14 0.70840
46.3 7.54307 14 0.70644
46.4 7.52354 14 0.70538
46.5 7.48915 14 0.70351
46.6 7.47261 14 0.70261
46.7 7.40412 14 0.69890
46.8 7.39414 14 0.69836
46.9 7.39039 14 0.69816
47.0 7.38317 14 0.69777
47.1 7.36844 14 0.69698
47.2 7.37114 14 0.69712
47.3 7.36246 14 0.69665
47.4 7.34760 14 0.69585
47.5 7.34284 14 0.69560
47.6 7.33243 14 0.69504
47.7 7.32088 14 0.69441
47.8 7.30712 14 0.69367
47.9 7.29027 14 0.69277
48.0 7.29120 14 0.69282
48.1 7.27488 14 0.69194
48.2 7.23612 14 0.68987
48.3 7.22169 14 0.68910
48.4 7.22277 14 0.68915
48.5 7.20917 14 0.68843
48.6 7.20988 14 0.68847
48.7 7.18620 14 0.68720
48.8 7.18618 14 0.68720
48.9 7.15752 14 0.68568
49.0 7.16191 14 0.68591
49.1 7.09206 14 0.68221
49.2 7.07310 14 0.68121
49.3 7.08069 14 0.68161
49.4 7.10528 14 0.68291
49.5 7.15893 14 0.68575
49.6 7.18499 14 0.68714
49.7 7.21282 14 0.68862
49.8 7.24006 14 0.69008
49.9 7.25060 14 0.69064
50.0 7.27157 14 0.69176
50.1 7.32291 14 0.69452
50.2 7.34512 14 0.69572
50.3 7.35806 14 0.69642
50.4 7.38441 14 0.69784
50.5 7.39411 14 0.69836
50.6 7.41982 14 0.69975
50.7 7.43678 14 0.70067
50.8 7.44832 14 0.70130
50.9 7.46645 14 0.70228
51.0 7.48844 14 0.70347
51.1 7.51665 14 0.70501
51.2 7.57036 14 0.70793
51.3 7.57869 14 0.70838
51.4 7.61305 14 0.71026
51.5 7.63544 14 0.71148
51.6 7.64300 14 0.71189
51.7 7.67651 14 0.71372
51.8 7.69890 14 0.71495
51.9 7.74113 14 0.71726
52.0 7.77076 14 0.71888
52.1 7.78720 14 0.71978
52.2 7.81375 14 0.72124
52.3 7.83002 14 0.72213
52.4 7.84227 14 0.72281
52.5 7.86290 14 0.72394
52.6 7.88792 14 0.72532
52.7 7.88844 14 0.72535
52.8 7.90832 14 0.72644
52.9 7.94088 14 0.72823
53.0 7.97063 14 0.72987
53.1 8.01964 14 0.73257
53.2 8.04917 14 0.73420
53.3 8.08998 14 0.73645
53.4 8.12144 14 0.73819
53.5 8.14953 14 0.73974
53.6 8.17795 14 0.74130
53.7 8.20341 14 0.74271
53.8 8.25117 14 0.74535
53.9 8.27404 14 0.74661
54.0 8.28455 14 0.74719
54.1 8.30191 14 0.74815
54.2 8.31649 14 0.74895
54.3 8.34274 14 0.75040
54.4 8.35089 14 0.75085
54.5 8.38325 14 0.75264
54.6 8.40126 14 0.75363
54.7 8.43325 14 0.75540
54.8 8.46253 14 0.75702
54.9 8.50737 14 0.75950
55.0 8.55317 14 0.76203
55.1 8.58922 14 0.76402
55.2 8.62509 14 0.76600
55.3 8.65163 14 0.76747
55.4 8.68202 14 0.76915
55.5 8.68509 14 0.76931
55.6 8.72143 14 0.77132
55.7 8.76579 14 0.77377
55.8 8.78960 14 0.77508
55.9 8.82265 14 0.77691
56.0 8.84801 14 0.77830
56.1 8.86664 14 0.77933
56.2 8.88457 14 0.78032
56.3 8.91076 14 0.78176
56.4 8.93478 14 0.78309
56.5 8.95440 14 0.78417
56.6 8.98749 14 0.78599
56.7 9.02896 14 0.78827
56.8 9.06137 14 0.79005
56.9 9.06508 14 0.79026
57.0 9.11972 14 0.79326
57.1 9.15940 14 0.79544
57.2 9.19780 14 0.79755
57.3 9.23151 14 0.79940
57.4 9.26631 14 0.80131
57.5 9.29464 14 0.80286
57.6 9.32790 14 0.80468
57.7 9.38915 14 0.80804
57.8 9.40575 14 0.80895
57.9 9.44090 14 0.81087
58.0 9.45927 14 0.81188
58.1 9.48218 14 0.81313
58.2 9.50623 14 0.81444
58.3 9.50141 14 0.81418
58.4 9.53240 14 0.81587
58.5 9.55323 14 0.81701
58.6 9.56617 14 0.81772
58.7 9.62296 14 0.82082
58.8 9.66137 14 0.82291
58.9 9.69914 14 0.82497
59.0 9.74319 14 0.82736
59.1 9.78758 14 0.82978
59.2 9.83454 14 0.83233
59.3 9.87216 14 0.83437
59.4 9.90943 14 0.83639
59.5 9.94439 14 0.83828
59.6 9.97545 14 0.83997
59.7 9.97574 14 0.83998
59.8 10.00933 14 0.84180
59.9 10.06735 14 0.84493
60.0 10.08114 14 0.84568
60.1 10.12757 14 0.84819
60.2 10.14375 14 0.84906
60.3 10.17169 14 0.85057
60.4 10.19795 14 0.85198
60.5 10.22874 14 0.85364
60.6 10.24704 14 0.85463
60.7 10.26995 14 0.85586
60.8 10.31728 14 0.85841
60.9 10.35398 14 0.86038
61.0 10.40574 14 0.86316
61.1 10.44313 14 0.86516
61.2 10.44164 14 0.86508
61.3 10.49906 14 0.86816
61.4 10.53976 14 0.87034
61.5 10.58288 14 0.87264
61.6 10.61194 14 0.87420
61.7 10.65679 14 0.87659
61.8 10.68252 14 0.87796
61.9 10.73446 14 0.88073
62.0 10.76837 14 0.88253
62.1 10.83406 14 0.88602
62.2 10.85201 14 0.88698
62.3 10.89667 14 0.88934
62.4 10.91477 14 0.89030
62.5 10.94639 14 0.89198
62.6 10.94664 14 0.89199
62.7 10.97310 14 0.89339
62.8 10.98707 14 0.89413
62.9 11.02598 14 0.89619
63.0 11.05108 14 0.89752
63.1 11.09649 14 0.89991
63.2 11.14302 14 0.90237
63.3 11.17091 14 0.90384
63.4 11.22708 14 0.90679
63.5 11.26194 14 0.90863
63.6 11.25162 14 0.90808
63.7 11.30817 14 0.91106
63.8 11.36114 14 0.91384
63.9 11.40603 14 0.91619
64.0 11.44270 14 0.91811
64.1 11.43472 14 0.91769
64.2 11.48338 14 0.92024
64.3 11.52144 14 0.92223
64.4 11.54024 14 0.92321
64.5 11.59046 14 0.92583
64.6 11.62763 14 0.92777
64.7 11.68418 14 0.93071
64.8 11.71324 14 0.93222
64.9 11.76180 14 0.93475
65.0 11.78797 14 0.93610
65.1 11.80898 14 0.93719
65.2 11.84594 14 0.93911
65.3 11.85530 14 0.93959
65.4 11.90222 14 0.94202
65.5 11.93083 14 0.94350
65.6 11.92212 14 0.94305
65.7 11.97378 14 0.94572
65.8 12.02428 14 0.94833
65.9 12.07205 14 0.95079
66.0 12.10001 14 0.95223
66.1 12.14926 14 0.95476
66.2 12.21281 14 0.95802
66.3 12.26466 14 0.96068
66.4 12.31298 14 0.96316
66.5 12.35839 14 0.96548
66.6 12.40384 14 0.96780
66.7 12.44533 14 0.96992
66.8 12.48446 14 0.97192
66.9 12.52096 14 0.97378
67.0 12.54497 14 0.97500
67.1 12.54397 14 0.97495
67.2 12.58294 14 0.97694
67.3 12.64801 14 0.98024
67.4 12.66163 14 0.98093
67.5 12.72635 14 0.98422
67.6 12.75290 14 0.98556
67.7 12.78067 14 0.98697
67.8 12.81470 14 0.98869
67.9 12.83974 14 0.98996
68.0 12.85222 14 0.99059
68.1 12.88514 14 0.99225
68.2 12.95270 14 0.99566
68.3 13.01280 14 0.99868
68.4 13.04620 14 1.00000
68.5 13.06809 14 1.00000
68.6 13.07768 14 1.00000
68.7 13.07387 14 1.00000
68.8 13.08990 14 1.00000
68.9 13.11443 14 1.00000
69.0 13.13628 14 1.00000
69.1 13.15414 14 1.00000
69.2 13.17790 14 1.00000
69.3 13.19313 14 1.00000
69.4 13.20950 14 1.00000
69.5 13.22796 14 1.00000
69.6 13.24019 14 1.00000
69.7 13.25681 14 1.00000
69.8 13.27123 14 1.00000
69.9 13.29719 14 1.00000
70.0 13.30249 14 1.00000
70.1 13.32465 14 1.00000
70.2 13.32190 14 1.00000
70.3 13.32984 14 1.00000
70.4 13.34433 14 1.00000
70.5 13.35789 14 1.00000
70.6 13.36956 14 1.00000
70.7 13.37691 14 1.00000
70.8 13.38900 14 1.00000
70.9 13.40826 14 1.00000
71.0 13.43007 14 1.00000
71.1 13.44281 14 1.00000
71.2 13.47042 14 1.00000
71.3 13.48891 14 1.00000
71.4 13.50672 14 1.00000
71.5 13.52322 14 1.00000
71.6 13.53861 14 1.00000
71.7 13.56567 14 1.00000
71.8 13.54751 14 1.00000
71.9 13.56835 14 1.00000
72.0 13.59249 14 1.00000
72.1 13.61361 14 1.00000
72.2 13.63118 14 1.00000
72.3 13.64726 14 1.00000
72.4 13.65687 14 1.00000
72.5 13.67568 14 1.00000
72.6 13.68961 14 1.00000
72.7 13.70296 14 1.00000
72.8 13.71006 14 1.00000
72.9 13.73513 14 1.00000
73.0 13.76331 14 1.00000
73.1 13.77210 14 1.00000
73.2 13.77757 14 1.00000
73.3 13.79529 14 1.00000
73.4 13.80692 14 1.00000
73.5 13.79707 14 1.00000
73.6 13.80675 14 1.00000
73.7 13.82361 14 1.00000
73.8 13.83514 14 1.00000
73.9 13.85528 14 1.00000
74.0 13.87688 14 1.00000
74.1 13.89702 14 1.00000
74.2 13.91651 14 1.00000
74.3 13.92928 14 1.00000
74.4 13.95140 14 1.00000
74.5 13.96802 14 1.00000
74.6 13.98150 14 1.00000
74.7 14.00891 14 1.00000
74.8 14.02912 14 1.00000
74.9 14.04857 14 1.00000
75.0 14.06094 14 1.00000
75.1 14.05527 14 1.00000
75.2 14.06496 14 1.00000
75.3 14.08327 14 1.00000
75.4 14.10452 14 1.00000
75.5 14.11763 14 1.00000
75.6 14.13228 14 1.00000
75.7 14.14522 14 1.00000
75.8 14.15220 14 1.00000
75.9 14.16572 14 1.00000
76.0 14.19050 14 1.00000
76.1 14.21364 14 1.00000
76.2 14.21870 14 1.00000
76.3 14.23830 14 1.00000
76.4 14.24788 14 1.00000
76.5 14.25365 14 1.00000
76.6 14.27357 14 1.00000
76.7 14.28536 14 1.00000
76.8 14.27658 14 1.00000
76.9 14.28770 14 1.00000
77.0 14.29675 14 1.00000
77.1 14.32350 14 1.00000
77.2 14.34552 14 1.00000
77.3 14.36525 14 1.00000
77.4 14.38166 14 1.00000
77.5 14.40199 14 1.00000
77.6 14.40980 14 1.00000
77.7 14.42877 14 1.00000
77.8 14.44589 14 1.00000
77.9 14.46657 14 1.00000
78.0 14.49487 14 1.00000
78.1 14.51516 14 1.00000
78.2 14.52903 14 1.00000
78.3 14.55070 14 1.00000
78.4 14.56690 14 1.00000
78.5 14.55360 14 1.00000
78.6 14.56924 14 1.00000
78.7 14.57771 14 1.00000
78.8 14.59862 14 1.00000
78.9 14.61081 14 1.00000
79.0 14.61693 14 1.00000
79.1 14.63295 14 1.00000
79.2 14.64872 14 1.00000
79.3 14.66973 14 1.00000
79.4 14.68064 14 1.00000
79.5 14.70710 14 1.00000
79.6 14.71051 14 1.00000
79.7 14.72732 14 1.00000
79.8 14.73964 14 1.00000
79.9 14.75116 14 1.00000
80.0 14.76248 14 1.00000
80.1 14.77371 14 1.00000
80.2 14.79087 14 1.00000
80.3 14.77401 14 1.00000
80.4 14.79235 14 1.00000
80.5 14.80827 14 1.00000
80.6 14.82711 14 1.00000
80.7 14.84531 14 1.00000
80.8 14.87254 14 1.00000
80.9 14.88577 14 1.00000
81.0 14.90749 14 1.00000
81.1 14.92437 14 1.00000
81.2 14.94020 14 1.00000
81.3 14.95475 14 1.00000
81.4 14.98113 14 1.00000
81.5 15.00164 14 1.00000
81.6 15.01797 14 1.00000
81.7 15.01495 14 1.00000
81.8 15.03296 14 1.00000
81.9 15.04816 14 1.00000
82.0 15.06114 14 1.00000
82.1 15.04779 14 1.00000
82.2 15.06085 14 1.00000
82.3 15.04023 14 1.00000
82.4 15.05388 14 1.00000
82.5 15.09019 14 1.00000
82.6 15.10540 14 1.00000
82.7 15.11069 14 1.00000
82.8 15.12622 14 1.00000
82.9 15.14091 14 1.00000
83.0 15.15417 14 1.00000
83.1 15.16671 14 1.00000
83.2 15.17670 14 1.00000
83.3 15.21305 14 1.00000
83.4 15.22172 14 1.00000
83.5 15.23043 14 1.00000
83.6 15.24106 14 1.00000
83.7 15.25194 14 1.00000
83.8 15.26269 14 1.00000
83.9 15.25276 14 1.00000
84.0 15.26384 14 1.00000
84.1 15.27502 14 1.00000
84.2 15.28734 14 1.00000
84.3 15.30190 14 1.00000
84.4 15.32675 14 1.00000
84.5 15.34767 14 1.00000
84.6 15.36506 14 1.00000
84.7 15.37720 14 1.00000
84.8 15.40364 14 1.00000
84.9 15.41318 14 1.00000
85.0 15.43476 14 1.00000
85.1 15.45244 14 1.00000
85.2 15.46601 14 1.00000
85.3 15.47464 14 1.00000
85.4 15.50972 14 1.00000
85.5 15.52368 14 1.00000
85.6 15.52107 14 1.00000
85.7 15.54309 14 1.00000
85.8 15.51462 14 1.00000
85.9 15.53924 14 1.00000
86.0 15.55167 14 1.00000
86.1 15.56756 14 1.00000
86.2 15.58601 14 1.00000
86.3 15.59331 14 1.00000
86.4 15.62933 14 1.00000
86.5 15.64863 14 1.00000
86.6 15.66059 14 1.00000
86.7 15.67168 14 1.00000
86.8 15.67510 14 1.00000
86.9 15.69313 14 1.00000
87.0 15.70851 14 1.00000
87.1 15.72610 14 1.00000
87.2 15.75441 14 1.00000
87.3 15.75691 14 1.00000
87.4 15.76555 14 1.00000
87.5 15.77735 14 1.00000
87.6 15.78960 14 1.00000
87.7 15.77971 14 1.00000
87.8 15.79167 14 1.00000
87.9 15.80326 14 1.00000
88.0 15.81455 14 1.00000
88.1 15.82571 14 1.00000
88.2 15.83988 14 1.00000
88.3 15.86375 14 1.00000
88.4 15.88420 14 1.00000
88.5 15.90178 14 1.00000
88.6 15.91448 14 1.00000
88.7 15.94090 14 1.00000
88.8 15.95588 14 1.00000
88.9 15.97682 14 1.00000
89.0 15.98392 14 1.00000
89.1 16.00103 14 1.00000
89.2 16.01469 14 1.00000
89.3 16.03886 14 1.00000
89.4 16.05083 14 1.00000
89.5 16.06143 14 1.00000
89.6 16.07677 14 1.00000
89.7 16.05372 14 1.00000
89.8 16.06889 14 1.00000
89.9 16.08505 14 1.00000
90.0 16.09139 14 1.00000
90.1 16.11024 14 1.00000
90.2 16.12329 14 1.00000
90.3 16.14655 14 1.00000
90.4 16.16132 14 1.00000
90.5 16.17475 14 1.00000
90.6 16.21222 14 1.00000
90.7 16.21610 14 1.00000
90.8 16.23050 14 1.00000
90.9 16.24460 14 1.00000
91.0 16.25690 14 1.00000
91.1 16.26008 14 1.00000
91.2 16.28137 14 1.00000
91.3 16.31949 14 1.00000
91.4 16.31857 14 1.00000
91.5 16.33409 14 1.00000
91.6 16.34475 14 1.00000
91.7 16.32863 14 1.00000
91.8 16.33717 14 1.00000
91.9 16.34903 14 1.00000
92.0 16.36100 14 1.00000
92.1 16.37217 14 1.00000
92.2 16.38206 14 1.00000
92.3 16.38711 14 1.00000
92.4 16.40671 14 1.00000
92.5 16.42989 14 1.00000
92.6 16.45009 14 1.00000
92.7 16.46638 14 1.00000
92.8 16.47885 14 1.00000
92.9 16.50770 14 1.00000
93.0 16.52549 14 1.00000
93.1 16.53514 14 1.00000
93.2 16.56287 14 1.00000
93.3 16.58016 14 1.00000
93.4 16.59019 14 1.00000
93.5 16.60948 14 1.00000
93.6 16.62533 14 1.00000
93.7 16.63563 14 1.00000
93.8 16.61489 14 1.00000
93.9 16.62879 14 1.00000
94.0 16.63603 14 1.00000
94.1 16.64273 14 1.00000
94.2 16.66004 14 1.00000
94.3 16.67193 14 1.00000
94.4 16.68804 14 1.00000
94.5 16.70345 14 1.00000
94.6 16.71829 14 1.00000
94.7 16.73260 14 1.00000
94.8 16.74557 14 1.00000
94.9 16.76398 14 1.00000
95.0 16.77465 14 1.00000
95.1 16.81668 14 1.00000
95.2 16.82455 14 1.00000
95.3 16.82840 14 1.00000
95.4 16.84396 14 1.00000
95.5 16.85706 14 1.00000
95.6 16.86381 14 1.00000
95.7 16.87667 14 1.00000
95.8 16.91658 14 1.00000
95.9 16.86935 14 1.00000
96.0 16.88293 14 1.00000
96.1 16.91631 14 1.00000
96.2 16.91436 14 1.00000
96.3 16.93048 14 1.00000
96.4 16.93989 14 1.00000
96.5 16.94255 14 1.00000
96.6 16.95882 14 1.00000
96.7 16.97167 14 1.00000
96.8 16.98228 14 1.00000
96.9 16.98465 14 1.00000
97.0 17.01080 14 1.00000
97.1 17.02944 14 1.00000
97.2 17.04811 14 1.00000
97.3 17.06582 14 1.00000
97.4 17.08161 14 1.00000
97.5 17.09305 14 1.00000
97.6 17.11934 14 1.00000
97.7 17.13796 14 1.00000
97.8 17.14716 14 1.00000
97.9 17.17062 14 1.00000
98.0 17.15858 14 1.00000
98.1 17.14665 14 1.00000
98.2 17.17020 14 1.00000
98.3 17.15833 14 1.00000
98.4 17.16982 14 1.00000
98.5 17.18688 14 1.00000
98.6 17.22634 14 1.00000
98.7 17.23022 14 1.00000
98.8 17.25054 14 1.00000
98.9 17.24632 14 1.00000
99.0 17.26157 14 1.00000
99.1 17.27600 14 1.00000
99.2 17.29007 14 1.00000
99.3 17.30395 14 1.00000
99.4 17.31781 14 1.00000
99.5 17.33138 14 1.00000
99.6 17.34417 14 1.00000
99.7 17.35538 14 1.00000
99.8 17.36736 14 1.00000
99.9 17.37580 14 1.00000
100.0 17.41762 14 1.00000
100.1 17.43101 14 1.00000
100.2 17.44001 14 1.00000
100.3 17.44043 14 1.00000
100.4 17.42945 14 1.00000
100.5 17.43704 14 1.00000
100.6 17.44184 14 1.00000
100.7 17.45753 14 1.00000
100.8 17.46819 14 1.00000
100.9 17.47686 14 1.00000
101.0 17.49124 14 1.00000
101.1 17.51888 14 1.00000
101.2 17.52059 14 1.00000
101.3 17.52938 14 1.00000
101.4 17.54655 14 1.00000
101.5 17.55953 14 1.00000
101.6 17.56828 14 1.00000
101.7 17.57464 14 1.00000
101.8 17.58987 14 1.00000
101.9 17.60390 14 1.00000
102.0 17.62255 14 1.00000
102.1 17.64018 14 1.00000
102.2 17.65370 14 1.00000
102.3 17.66883 14 1.00000
102.4 17.69358 14 1.00000
102.5 17.71219 14 1.00000
102.6 17.72982 14 1.00000
102.7 17.68708 14 1.00000
102.8 17.70266 14 1.00000
102.9 17.71529 14 1.00000
103.0 17.74244 14 1.00000
103.1 17.73336 14 1.00000
103.2 17.74729 14 1.00000
103.3 17.75222 14 1.00000
103.4 17.76766 14 1.00000
103.5 17.78275 14 1.00000
103.6 17.79567 14 1.00000
103.7 17.80750 14 1.00000
103.8 17.82546 14 1.00000
103.9 17.84236 14 1.00000
104.0 17.87460 14 1.00000
104.1 17.87433 14 1.00000
104.2 17.74958 14 1.00000
104.3 17.74263 14 1.00000
104.4 17.74903 14 1.00000
104.5 17.76322 14 1.00000
104.6 17.77896 14 1.00000
104.7 17.79354 14 1.00000
104.8 17.80363 14 1.00000
104.9 17.82095 14 1.00000
105.0 17.78587 14 1.00000
105.1 17.79919 14 1.00000
105.2 17.81006 14 1.00000
105.3 17.83282 14 1.00000
105.4 17.84734 14 1.00000
105.5 17.86540 14 1.00000
105.6 17.87931 14 1.00000
105.7 17.73489 14 1.00000
105.8 17.74772 14 1.00000
105.9 17.75527 14 1.00000
106.0 17.77164 14 1.00000
106.1 17.78602 14 1.00000
106.2 17.79931 14 1.00000
106.3 17.81195 14 1.00000
106.4 17.83426 14 1.00000
106.5 17.87288 14 1.00000
106.6 17.86830 14 1.00000
106.7 17.88213 14 1.00000
106.8 17.73911 14 1.00000
106.9 17.74754 14 1.00000
107.0 17.76024 14 1.00000
107.1 17.77768 14 1.00000
107.2 17.79120 14 1.00000
107.3 17.80667 14 1.00000
107.4 17.82290 14 1.00000
107.5 17.78204 14 1.00000
107.6 17.79591 14 1.00000
107.7 17.80923 14 1.00000
107.8 17.83048 14 1.00000
107.9 17.84576 14 1.00000
108.0 17.86635 14 1.00000
108.1 17.88011 14 1.00000
108.2 17.73833 14 1.00000
108.3 17.74743 14 1.00000
108.4 17.75720 14 1.00000
108.5 17.77793 14 1.00000
108.6 17.79131 14 1.00000
108.7 17.80759 14 1.00000
108.8 17.82524 14 1.00000
108.9 17.84329 14 1.00000
109.0 17.86498 14 1.00000
109.1 17.87877 14 1.00000
109.2 17.73824 14 1.00000
109.3 17.74742 14 1.00000
109.4 17.75711 14 1.00000
109.5 17.77917 14 1.00000
109.6 17.79238 14 1.00000
109.7 17.80913 14 1.00000
109.8 17.83016 14 1.00000
109.9 17.84680 14 1.00000
110.0 17.79485 14 1.00000
110.1 17.80998 14 1.00000
110.2 17.83246 14 1.00000
110.3 17.87281 14 1.00000
110.4 17.86987 14 1.00000
110.5 17.88468 14 1.00000
110.6 17.74406 14 1.00000
110.7 17.74953 14 1.00000
110.8 17.77181 14 1.00000
110.9 17.78596 14 1.00000
111.0 17.80184 14 1.00000
111.1 17.81920 14 1.00000
111.2 17.84109 14 1.00000
111.3 17.86379 14 1.00000
111.4 17.87875 14 1.00000
111.5 17.73937 14 1.00000
111.6 17.74781 14 1.00000
111.7 17.76458 14 1.00000
111.8 17.78377 14 1.00000
111.9 17.79830 14 1.00000
112.0 17.81759 14 1.00000
112.1 17.83886 14 1.00000
112.2 17.86405 14 1.00000
112.3 17.87903 14 1.00000
112.4 17.74086 14 1.00000
112.5 17.74827 14 1.00000
112.6 17.87364 14 1.00000
112.7 17.87765 14 1.00000
112.8 17.73817 14 1.00000
112.9 17.74779 14 1.00000
113.0 17.76579 14 1.00000
113.1 17.78468 14 1.00000
113.2 17.80084 14 1.00000
113.3 17.82076 14 1.00000
113.4 17.84422 14 1.00000
113.5 17.86705 14 1.00000
113.6 17.88424 14 1.00000
113.7 17.74476 14 1.00000
113.8 17.75452 14 1.00000
113.9 17.77642 14 1.00000
114.0 17.79313 14 1.00000
114.1 17.81193 14 1.00000
114.2 17.83636 14 1.00000
114.3 17.86373 14 1.00000
114.4 17.87984 14 1.00000
114.5 17.74276 14 1.00000
114.6 17.75170 14 1.00000
114.7 17.77556 14 1.00000
114.8 17.79458 14 1.00000
114.9 17.81421 14 1.00000
115.0 17.83904 14 1.00000
115.1 17.86657 14 1.00000
115.2 17.88745 14 1.00000
115.3 17.80792 14 1.00000
115.4 17.83248 14 1.00000
115.5 17.87424 14 1.00000
115.6 17.87803 14 1.00000
115.7 17.74200 14 1.00000
115.8 17.75209 14 1.00000
115.9 17.77579 14 1.00000
116.0 17.79565 14 1.00000
116.1 17.81971 14 1.00000
116.2 17.84468 14 1.00000
116.3 17.86987 14 1.00000
116.4 17.73343 14 1.00000
116.5 17.74788 14 1.00000
116.6 17.77326 14 1.00000
116.7 17.79148 14 1.00000
116.8 17.81785 14 1.00000
116.9 17.84013 14 1.00000
117.0 17.86884 14 1.00000
117.1 17.75218 14 1.00000
117.2 17.74766 14 1.00000
117.3 17.83257 14 1.00000
117.4 17.87329 14 1.00000
117.5 17.88029 14 1.00000
117.6 17.74424 14 1.00000
117.7 17.75814 14 1.00000
117.8 17.78394 14 1.00000
117.9 17.80284 14 1.00000
118.0 17.83022 14 1.00000
118.1 17.87436 14 1.00000
118.2 17.87899 14 1.00000
118.3 17.74301 14 1.00000
118.4 17.75662 14 1.00000
118.5 17.84467 14 1.00000
118.6 17.86974 14 1.00000
118.7 17.75662 14 1.00000
118.8 17.74778 14 1.00000
118.9 17.77270 14 1.00000
119.0 17.79113 14 1.00000
119.1 17.81518 14 1.00000
119.2 17.83952 14 1.00000
119.3 17.86807 14 1.00000
119.4 17.74994 14 1.00000
119.5 17.74743 14 1.00000
119.6 17.83137 14 1.00000
119.7 17.87412 14 1.00000
119.8 17.87916 14 1.00000
119.9 17.74299 14 1.00000
120.0 17.75636 14 1.00000
120.1 17.77888 14 1.00000
120.2 17.80099 14 1.00000
120.3 17.82710 14 1.00000
120.4 17.87226 14 1.00000
120.5 17.87374 14 1.00000
120.6 17.74112 14 1.00000
120.7 17.75227 14 1.00000
120.8 17.83935 14 1.00000
120.9 17.86770 14 1.00000
121.0 17.88932 14 1.00000
121.1 17.74754 14 1.00000
121.2 17.76410 14 1.00000
121.3 17.78882 14 1.00000
121.4 17.80948 14 1.00000
121.5 17.83597 14 1.00000
121.6 17.86538 14 1.00000
121.7 17.88231 14 1.00000
121.8 17.74720 14 1.00000
121.9 17.75890 14 1.00000
122.0 17.84761 14 1.00000
122.1 17.87269 14 1.00000
122.2 17.73871 14 1.00000
122.3 17.74961 14 1.00000
122.4 17.77530 14 1.00000
122.5 17.79647 14 1.00000
122.6 17.82092 14 1.00000
122.7 17.84291 14 1.00000
122.8 17.87009 14 1.00000
122.9 17.75436 14 1.00000
123.0 17.74780 14 1.00000
123.1 17.83345 14 1.00000
123.2 17.87271 14 1.00000
123.3 17.88057 14 1.00000
123.4 17.74422 14 1.00000
123.5 17.75772 14 1.00000
123.6 17.77978 14 1.00000
123.7 17.80160 14 1.00000
123.8 17.82883 14 1.00000
123.9 17.87191 14 1.00000
124.0 17.87424 14 1.00000
124.1 17.74142 14 1.00000
124.2 17.75293 14 1.00000
124.3 17.83850 14 1.00000
124.4 17.86782 14 1.00000
124.5 17.88925 14 1.00000
124.6 17.74760 14 1.00000
124.7 17.76040 14 1.00000
124.8 17.78858 14 1.00000
124.9 17.80853 14 1.00000
125.0 17.83418 14 1.00000
125.1 17.86331 14 1.00000
125.2 17.88132 14 1.00000
125.3 17.74495 14 1.00000
125.4 17.75743 14 1.00000
125.5 17.84649 14 1.00000
125.6 17.87131 14 1.00000
125.7 17.73438 14 1.00000
125.8 17.74800 14 1.00000
125.9 17.77320 14 1.00000
126.0 17.79185 14 1.00000
126.1 17.81412 14 1.00000
126.2 17.83845 14 1.00000
126.3 17.86775 14 1.00000
126.4 17.88918 14 1.00000
126.5 17.74762 14 1.00000
126.6 17.82989 14 1.00000
126.7 17.87175 14 1.00000
126.8 17.87427 14 1.00000
126.9 17.74003 14 1.00000
127.0 17.75181 14 1.00000
127.1 17.77620 14 1.00000
127.2 17.79736 14 1.00000
127.3 17.82236 14 1.00000
127.4 17.84568 14 1.00000
127.5 17.87044 14 1.00000
127.6 17.75458 14 1.00000
127.7 17.74740 14 1.00000
127.8 17.83354 14 1.00000
127.9 17.87286 14 1.00000
128.0 17.88018 14 1.00000
128.1 17.74358 14 1.00000
128.2 17.75498 14 1.00000
128.3 17.77861 14 1.00000
128.4 17.80017 14 1.00000
128.5 17.82657 14 1.00000
128.6 17.84777 14 1.00000
128.7 17.87261 14 1.00000
128.8 17.73699 14 1.00000
128.9 17.74838 14 1.00000
129.0 17.83671 14 1.00000
129.1 17.86567 14 1.00000
129.2 17.88212 14 1.00000
129.3 17.74545 14 1.00000
129.4 17.75676 14 1.00000
129.5 17.78044 14 1.00000
129.6 17.80229 14 1.00000
129.7 17.83015 14 1.00000
129.8 17.87171 14 1.00000
129.9 17.87425 14 1.00000
130.0 17.73995 14 1.00000
130.1 17.75012 14 1.00000
130.2 17.83822 14 1.00000
130.3 17.86721 14 1.00000
130.4 17.88355 14 1.00000
130.5 17.74682 14 1.00000
130.6 17.75849 14 1.00000
130.7 17.78518 14 1.00000
130.8 17.80352 14 1.00000
130.9 17.83241 14 1.00000
131.0 17.87396 14 1.00000
131.1 17.87541 14 1.00000
131.2 17.74222 14 1.00000
131.3 17.75353 14 1.00000
131.4 17.83927 14 1.00000
131.5 17.86826 14 1.00000
131.6 17.88932 14 1.00000
131.7 17.74767 14 1.00000
131.8 17.75957 14 1.00000
131.9 17.78750 14 1.00000
132.0 17.80629 14 1.00000
132.1 17.83318 14 1.00000
132.2 17.87334 14 1.00000
132.3 17.87839 14 1.00000
132.4 17.74283 14 1.00000
132.5 17.75460 14 1.00000
132.6 17.84097 14 1.00000
132.7 17.86880 14 1.00000
132.8 17.88979 14 1.00000
132.9 17.74757 14 1.00000
133.0 17.76002 14 1.00000
133.1 17.78778 14 1.00000
133.2 17.80653 14 1.00000
133.3 17.83346 14 1.00000
133.4 17.87313 14 1.00000
133.5 17.87973 14 1.00000
133.6 17.74294 14 1.00000
133.7 17.75451 14 1.00000
133.8 17.84108 14 1.00000
133.9 17.86886 14 1.00000
134.0 17.88979 14 1.00000
134.1 17.74758 14 1.00000
134.2 17.75986 14 1.00000
134.3 17.78761 14 1.00000
134.4 17.80645 14 1.00000
134.5 17.83329 14 1.00000
134.6 17.87335 14 1.00000
134.7 17.87596 14 1.00000
134.8 17.74259 14 1.00000
134.9 17.75345 14 1.00000
135.0 17.83962 14 1.00000
135.1 17.86844 14 1.00000
135.2 17.88453 14 1.00000
135.3 17.74772 14 1.00000
135.4 17.75913 14 1.00000
135.5 17.78543 14 1.00000
135.6 17.80377 14 1.00000
135.7 17.83267 14 1.00000
135.8 17.87394 14 1.00000
135.9 17.87519 14 1.00000
136.0 17.74058 14 1.00000
136.1 17.74967 14 1.00000
136.2 17.83871 14 1.00000
136.3 17.86755 14 1.00000
136.4 17.88359 14 1.00000
136.5 17.74655 14 1.00000
136.6 17.75775 14 1.00000
136.7 17.78084 14 1.00000
136.8 17.80266 14 1.00000
136.9 17.83103 14 1.00000
137.0 17.84929 14 1.00000
137.1 17.87394 14 1.00000
137.2 17.73789 14 1.00000
137.3 17.74856 14 1.00000
137.4 17.83606 14 1.00000
137.5 17.86494 14 1.00000
137.6 17.88218 14 1.00000
137.7 17.74509 14 1.00000
137.8 17.75636 14 1.00000
137.9 17.77920 14 1.00000
138.0 17.79969 14 1.00000
138.1 17.82770 14 1.00000
138.2 17.84785 14 1.00000
138.3 17.87222 14 1.00000
138.4 17.73346 14 1.00000
138.5 17.74746 14 1.00000
138.6 17.83413 14 1.00000
138.7 17.87442 14 1.00000
138.8 17.88033 14 1.00000
138.9 17.74319 14 1.00000
139.0 17.75372 14 1.00000
139.1 17.77705 14 1.00000
139.2 17.79792 14 1.00000
139.3 17.82358 14 1.00000
139.4 17.84237 14 1.00000
139.5 17.87003 14 1.00000
139.6 17.89075 14 1.00000
139.7 17.74745 14 1.00000
139.8 17.83148 14 1.00000
139.9 17.84983 14 1.00000
140.0 17.87453 14 1.00000
140.1 17.73825 14 1.00000
140.2 17.74861 14 1.00000
140.3 17.77434 14 1.00000
140.4 17.79235 14 1.00000
140.5 17.81516 14 1.00000
140.6 17.83877 14 1.00000
140.7 17.86735 14 1.00000
140.8 17.88327 14 1.00000
140.9 17.74611 14 1.00000
141.0 17.75842 14 1.00000
141.1 17.84716 14 1.00000
141.2 17.87179 14 1.00000
141.3 17.75582 14 1.00000
141.4 17.74739 14 1.00000
141.5 17.76214 14 1.00000
141.6 17.78921 14 1.00000
141.7 17.80902 14 1.00000
141.8 17.83460 14 1.00000
141.9 17.87441 14 1.00000
142.0 17.87910 14 1.00000
142.1 17.74306 14 1.00000
142.2 17.75199 14 1.00000
142.3 17.83939 14 1.00000
142.4 17.86833 14 1.00000
142.5 17.88444 14 1.00000
142.6 17.74710 14 1.00000
142.7 17.75809 14 1.00000
142.8 17.78080 14 1.00000
142.9 17.80233 14 1.00000
143.0 17.83017 14 1.00000
143.1 17.84914 14 1.00000
143.2 17.87347 14 1.00000
143.3 17.73574 14 1.00000
143.4 17.74757 14 1.00000
143.5 17.83463 14 1.00000
143.6 17.86337 14 1.00000
143.7 17.88107 14 1.00000
143.8 17.74369 14 1.00000
143.9 17.75408 14 1.00000
144.0 17.77708 14 1.00000
144.1 17.79774 14 1.00000
144.2 17.82275 14 1.00000
144.3 17.84200 14 1.00000
144.4 17.86982 14 1.00000
144.5 17.88550 14 1.00000
144.6 17.74788 14 1.00000
144.7 17.76111 14 1.00000
144.8 17.84864 14 1.00000
144.9 17.87331 14 1.00000
145.0 17.73603 14 1.00000
145.1 17.74759 14 1.00000
145.2 17.76716 14 1.00000
145.3 17.79073 14 1.00000
145.4 17.80976 14 1.00000
145.5 17.83562 14 1.00000
145.6 17.86464 14 1.00000
145.7 17.88158 14 1.00000
145.8 17.74419 14 1.00000
145.9 17.75523 14 1.00000
146.0 17.84013 14 1.00000
146.1 17.86893 14 1.00000
146.2 17.88526 14 1.00000
146.3 17.74796 14 1.00000
146.4 17.75897 14 1.00000
146.5 17.78132 14 1.00000
146.6 17.80257 14 1.00000
146.7 17.83050 14 1.00000
146.8 17.84931 14 1.00000
146.9 17.87390 14 1.00000
147.0 17.73599 14 1.00000
147.1 17.74758 14 1.00000
147.2 17.83453 14 1.00000
147.3 17.87453 14 1.00000
147.4 17.87694 14 1.00000
147.5 17.74369 14 1.00000
147.6 17.75239 14 1.00000
147.7 17.77670 14 1.00000
147.8 17.79417 14 1.00000
147.9 17.81745 14 1.00000
148.0 17.84003 14 1.00000
148.1 17.86918 14 1.00000
148.2 17.88492 14 1.00000
148.3 17.74739 14 1.00000
148.4 17.75962 14 1.00000
148.5 17.84770 14 1.00000
148.6 17.87201 14 1.00000
148.7 17.73350 14 1.00000
148.8 17.74745 14 1.00000
148.9 17.76265 14 1.00000
149.0 17.78905 14 1.00000
149.1 17.80700 14 1.00000
149.2 17.83386 14 1.00000
149.3 17.87276 14 1.00000
149.4 17.87672 14 1.00000
149.5 17.74145 14 1.00000
149.6 17.74924 14 1.00000
149.7 17.83701 14 1.00000
149.8 17.86547 14 1.00000
149.9 17.88282 14 1.00000
150.0 17.74599 14 1.00000
150.1 17.75705 14 1.00000
150.2 17.77914 14 1.00000
150.3 17.79908 14 1.00000
150.4 17.82527 14 1.00000
150.5 17.84323 14 1.00000
150.6 17.87127 14 1.00000
150.7 17.89188 14 1.00000
150.8 17.74740 14 1.00000
150.9 17.76236 14 1.00000
151.0 17.84930 14 1.00000
151.1 17.87373 14 1.00000
151.2 17.73638 14 1.00000
151.3 17.74856 14 1.00000
151.4 17.76792 14 1.00000
151.5 17.79105 14 1.00000
151.6 17.80980 14 1.00000
151.7 17.83540 14 1.00000
151.8 17.86411 14 1.00000
151.9 17.88166 14 1.00000
152.0 17.74420 14 1.00000
152.1 17.75293 14 1.00000
152.2 17.83948 14 1.00000
152.3 17.86807 14 1.00000
152.4 17.88392 14 1.00000
152.5 17.74697 14 1.00000
152.6 17.75820 14 1.00000
152.7 17.78042 14 1.00000
152.8 17.80006 14 1.00000
152.9 17.82722 14 1.00000
153.0 17.84408 14 1.00000
153.1 17.87206 14 1.00000
153.2 17.73351 14 1.00000
153.3 17.74740 14 1.00000
153.4 17.83271 14 1.00000
153.5 17.87284 14 1.00000
153.6 17.87440 14 1.00000
153.7 17.73693 14 1.00000
153.8 17.74883 14 1.00000
153.9 17.77020 14 1.00000
154.0 17.79167 14 1.00000
154.1 17.81012 14 1.00000
154.2 17.83584 14 1.00000
154.3 17.86446 14 1.00000
154.4 17.88188 14 1.00000
154.5 17.74478 14 1.00000
154.6 17.75357 14 1.00000
154.7 17.83982 14 1.00000
154.8 17.86832 14 1.00000
154.9 17.88406 14 1.00000
155.0 17.74699 14 1.00000
155.1 17.75869 14 1.00000
155.2 17.78069 14 1.00000
155.3 17.80018 14 1.00000
155.4 17.82730 14 1.00000
155.5 17.84402 14 1.00000
155.6 17.87188 14 1.00000
155.7 17.73345 14 1.00000
155.8 17.74741 14 1.00000
155.9 17.83267 14 1.00000
156.0 17.87286 14 1.00000
156.1 17.87414 14 1.00000
156.2 17.73530 14 1.00000
156.3 17.74863 14 1.00000
156.4 17.76870 14 1.00000
156.5 17.79146 14 1.00000
156.6 17.80993 14 1.00000
156.7 17.83540 14 1.00000
156.8 17.86366 14 1.00000
156.9 17.87774 14 1.00000
157.0 17.74448 14 1.00000
157.1 17.75143 14 1.00000
157.2 17.83932 14 1.00000
157.3 17.86633 14 1.00000
157.4 17.88332 14 1.00000
157.5 17.74615 14 1.00000
157.6 17.75803 14 1.00000
157.7 17.78008 14 1.00000
157.8 17.79954 14 1.00000
157.9 17.82572 14 1.00000
158.0 17.84294 14 1.00000
158.1 17.87061 14 1.00000
158.2 17.89023 14 1.00000
158.3 17.74739 14 1.00000
158.4 17.76234 14 1.00000
158.5 17.84898 14 1.00000
158.6 17.87305 14 1.00000
158.7 17.73409 14 1.00000
158.8 17.74752 14 1.00000
158.9 17.76452 14 1.00000
159.0 17.79030 14 1.00000
159.1 17.80745 14 1.00000
159.2 17.83407 14 1.00000
159.3 17.87203 14 1.00000
159.4 17.87605 14 1.00000
159.5 17.74036 14 1.00000
159.6 17.74939 14 1.00000
159.7 17.83679 14 1.00000
159.8 17.86490 14 1.00000
159.9 17.88045 14 1.00000
160.0 17.74434 14 1.00000
160.1 17.75406 14 1.00000
160.2 17.77870 14 1.00000
160.3 17.79531 14 1.00000
160.4 17.81868 14 1.00000
160.5 17.84023 14 1.00000
160.6 17.86882 14 1.00000
160.7 17.88468 14 1.00000
160.8 17.74783 14 1.00000
160.9 17.76005 14 1.00000
161.0 17.84390 14 1.00000
161.1 17.87105 14 1.00000
161.2 17.88667 14 1.00000
161.3 17.74754 14 1.00000
161.4 17.76167 14 1.00000
161.5 17.78580 14 1.00000
161.6 17.80312 14 1.00000
161.7 17.83219 14 1.00000
161.8 17.84931 14 1.00000
161.9 17.87366 14 1.00000
162.0 17.73497 14 1.00000
162.1 17.74781 14 1.00000
162.2 17.83479 14 1.00000
162.3 17.87462 14 1.00000
162.4 17.87599 14 1.00000
162.5 17.73795 14 1.00000
162.6 17.74910 14 1.00000
162.7 17.77661 14 1.00000
162.8 17.79330 14 1.00000
162.9 17.81331 14 1.00000
163.0 17.83665 14 1.00000
163.1 17.86493 14 1.00000
163.2 17.88080 14 1.00000
163.3 17.74520 14 1.00000
163.4 17.75688 14 1.00000
163.5 17.84047 14 1.00000
163.6 17.86850 14 1.00000
163.7 17.88398 14 1.00000
163.8 17.74655 14 1.00000
163.9 17.75821 14 1.00000
164.0 17.78125 14 1.00000
164.1 17.80022 14 1.00000
164.2 17.82689 14 1.00000
164.3 17.84327 14 1.00000
164.4 17.87069 14 1.00000
164.5 17.88659 14 1.00000
164.6 17.74741 14 1.00000
164.7 17.76296 14 1.00000
164.8 17.84924 14 1.00000
164.9 17.87307 14 1.00000
165.0 17.73362 14 1.00000
165.1 17.74745 14 1.00000
165.2 17.76358 14 1.00000
165.3 17.79053 14 1.00000
165.4 17.80744 14 1.00000
165.5 17.83380 14 1.00000
165.6 17.87263 14 1.00000
165.7 17.87524 14 1.00000
165.8 17.73767 14 1.00000
165.9 17.74937 14 1.00000
166.0 17.83649 14 1.00000
166.1 17.86420 14 1.00000
166.2 17.87733 14 1.00000
166.3 17.74071 14 1.00000
166.4 17.74958 14 1.00000
166.5 17.77836 14 1.00000
166.6 17.79482 14 1.00000
166.7 17.81733 14 1.00000
166.8 17.83780 14 1.00000
166.9 17.86599 14 1.00000
167.0 17.88284 14 1.00000
167.1 17.74617 14 1.00000
167.2 17.75709 14 1.00000
167.3 17.84174 14 1.00000
167.4 17.86969 14 1.00000
167.5 17.88487 14 1.00000
167.6 17.74728 14 1.00000
167.7 17.75679 14 1.00000
167.8 17.78249 14 1.00000
167.9 17.80096 14 1.00000
168.0 17.82875 14 1.00000
168.1 17.84419 14 1.00000
168.2 17.87131 14 1.00000
168.3 17.88704 14 1.00000
168.4 17.74754 14 1.00000
168.5 17.76414 14 1.00000
168.6 17.87287 14 1.00000
168.7 17.87371 14 1.00000
168.8 17.73412 14 1.00000
168.9 17.74750 14 1.00000
169.0 17.76414 14 1.00000
169.1 17.79139 14 1.00000
169.2 17.80789 14 1.00000
169.3 17.83431 14 1.00000
169.4 17.87251 14 1.00000
169.5 17.87546 14 1.00000
169.6 17.73774 14 1.00000
169.7 17.74972 14 1.00000
169.8 17.83704 14 1.00000
169.9 17.86475 14 1.00000
170.0 17.87760 14 1.00000
170.1 17.74083 14 1.00000
170.2 17.74956 14 1.00000
170.3 17.77902 14 1.00000
170.4 17.79523 14 1.00000
170.5 17.81785 14 1.00000
170.6 17.83797 14 1.00000
170.7 17.86601 14 1.00000
170.8 17.88271 14 1.00000
170.9 17.74670 14 1.00000
171.0 17.75917 14 1.00000
171.1 17.84196 14 1.00000
171.2 17.86977 14 1.00000
171.3 17.88481 14 1.00000
171.4 17.74707 14 1.00000
171.5 17.75631 14 1.00000
171.6 17.78279 14 1.00000
171.7 17.80108 14 1.00000
171.8 17.82875 14 1.00000
171.9 17.84386 14 1.00000
172.0 17.87101 14 1.00000
172.1 17.88637 14 1.00000
172.2 17.74757 14 1.00000
172.3 17.76423 14 1.00000
172.4 17.87288 14 1.00000
172.5 17.87350 14 1.00000
172.6 17.89323 14 1.00000
172.7 17.74742 14 1.00000
172.8 17.76434 14 1.00000
172.9 17.79130 14 1.00000
173.0 17.80780 14 1.00000
173.1 17.83404 14 1.00000
173.2 17.87265 14 1.00000
173.3 17.87466 14 1.00000
173.4 17.73608 14 1.00000
173.5 17.74970 14 1.00000
173.6 17.83687 14 1.00000
173.7 17.86429 14 1.00000
173.8 17.87712 14 1.00000
173.9 17.73862 14 1.00000
174.0 17.74933 14 1.00000
174.1 17.77893 14 1.00000
174.2 17.79503 14 1.00000
174.3 17.81545 14 1.00000
174.4 17.83747 14 1.00000
174.5 17.86533 14 1.00000
174.6 17.87844 14 1.00000
174.7 17.74606 14 1.00000
174.8 17.75708 14 1.00000
174.9 17.84157 14 1.00000
175.0 17.86909 14 1.00000
175.1 17.88412 14 1.00000
175.2 17.74624 14 1.00000
175.3 17.75611 14 1.00000
175.4 17.78250 14 1.00000
175.5 17.80083 14 1.00000
175.6 17.82757 14 1.00000
175.7 17.84204 14 1.00000
175.8 17.87013 14 1.00000
175.9 17.88592 14 1.00000
176.0 17.74752 14 1.00000
176.1 17.76367 14 1.00000
176.2 17.84936 14 1.00000
176.3 17.87257 14 1.00000
176.4 17.88757 14 1.00000
176.5 17.74745 14 1.00000
176.6 17.76394 14 1.00000
176.7 17.79077 14 1.00000
176.8 17.80649 14 1.00000
176.9 17.83331 14 1.00000
177.0 17.84983 14 1.00000
177.1 17.87391 14 1.00000
177.2 17.73574 14 1.00000
177.3 17.74947 14 1.00000
177.4 17.83628 14 1.00000
177.5 17.87407 14 1.00000
177.6 17.87603 14 1.00000
177.7 17.73634 14 1.00000
177.8 17.74807 14 1.00000
177.9 17.77844 14 1.00000
178.0 17.79430 14 1.00000
178.1 17.81250 14 1.00000
178.2 17.83661 14 1.00000
178.3 17.86406 14 1.00000
178.4 17.87790 14 1.00000
178.5 17.74561 14 1.00000
178.6 17.75802 14 1.00000
178.7 17.84076 14 1.00000
178.8 17.86700 14 1.00000
178.9 17.88175 14 1.00000
179.0 17.74545 14 1.00000
179.1 17.75745 14 1.00000
179.2 17.78193 14 1.00000
179.3 17.80028 14 1.00000
179.4 17.82346 14 1.00000
179.5 17.84110 14 1.00000
179.6 17.86785 14 1.00000
179.7 17.88552 14 1.00000
179.8 17.74745 14 1.00000
179.9 17.76274 14 1.00000
180.0 17.84524 14 1.00000
180.1 17.87162 14 1.00000
180.2 17.88678 14 1.00000
180.3 17.74750 14 1.00000
180.4 17.76274 14 1.00000
180.5 17.78857 14 1.00000
180.6 17.80377 14 1.00000
180.7 17.83231 14 1.00000
180.8 17.84577 14 1.00000
180.9 17.87330 14 1.00000
181.0 17.73500 14 1.00000
181.1 17.74920 14 1.00000
181.2 17.83547 14 1.00000
181.3 17.87229 14 1.00000
181.4 17.87533 14 1.00000
181.5 17.73607 14 1.00000
181.6 17.74795 14 1.00000
181.7 17.77789 14 1.00000
181.8 17.79372 14 1.00000
181.9 17.81135 14 1.00000
182.0 17.83559 14 1.00000
182.1 17.87383 14 1.00000
182.2 17.87728 14 1.00000
182.3 17.74346 14 1.00000
182.4 17.75537 14 1.00000
182.5 17.83889 14 1.00000
182.6 17.86611 14 1.00000
182.7 17.87904 14 1.00000
182.8 17.74402 14 1.00000
182.9 17.75554 14 1.00000
183.0 17.78139 14 1.00000
183.1 17.79977 14 1.00000
183.2 17.82011 14 1.00000
183.3 17.84077 14 1.00000
183.4 17.86766 14 1.00000
183.5 17.88521 14 1.00000
183.6 17.74741 14 1.00000
183.7 17.76187 14 1.00000
183.8 17.84445 14 1.00000
183.9 17.87136 14 1.00000
184.0 17.88648 14 1.00000
184.1 17.74754 14 1.00000
184.2 17.76200 14 1.00000
184.3 17.78697 14 1.00000
184.4 17.80306 14 1.00000
184.5 17.83215 14 1.00000
184.6 17.84576 14 1.00000
184.7 17.87316 14 1.00000
184.8 17.73449 14 1.00000
184.9 17.74811 14 1.00000
185.0 17.83496 14 1.00000
185.1 17.87232 14 1.00000
185.2 17.87543 14 1.00000
185.3 17.73604 14 1.00000
185.4 17.74790 14 1.00000
185.5 17.77757 14 1.00000
185.6 17.79314 14 1.00000
185.7 17.81140 14 1.00000
185.8 17.83578 14 1.00000
185.9 17.87377 14 1.00000
186.0 17.87723 14 1.00000
186.1 17.74191 14 1.00000
186.2 17.75342 14 1.00000
186.3 17.83903 14 1.00000
186.4 17.86644 14 1.00000
186.5 17.87923 14 1.00000
186.6 17.74408 14 1.00000
186.7 17.75355 14 1.00000
186.8 17.78119 14 1.00000
186.9 17.79975 14 1.00000
187.0 17.82085 14 1.00000
187.1 17.84107 14 1.00000
187.2 17.86785 14 1.00000
187.3 17.88527 14 1.00000
187.4 17.74740 14 1.00000
187.5 17.76200 14 1.00000
187.6 17.84499 14 1.00000
187.7 17.87180 14 1.00000
187.8 17.88700 14 1.00000
187.9 17.74751 14 1.00000
188.0 17.76175 14 1.00000
188.1 17.78861 14 1.00000
188.2 17.80374 14 1.00000
188.3 17.83271 14 1.00000
188.4 17.84850 14 1.00000
188.5 17.87350 14 1.00000
188.6 17.73470 14 1.00000
188.7 17.74834 14 1.00000
188.8 17.83578 14 1.00000
188.9 17.87196 14 1.00000
189.0 17.87603 14 1.00000
189.1 17.73652 14 1.00000
189.2 17.74800 14 1.00000
189.3 17.77844 14 1.00000
189.4 17.79422 14 1.00000
189.5 17.81267 14 1.00000
189.6 17.83663 14 1.00000
189.7 17.86457 14 1.00000
189.8 17.87773 14 1.00000
189.9 17.74594 14 1.00000
190.0 17.75802 14 1.00000
190.1 17.84119 14 1.00000
190.2 17.86736 14 1.00000
190.3 17.88347 14 1.00000
190.4 17.74621 14 1.00000
190.5 17.75644 14 1.00000
190.6 17.78253 14 1.00000
190.7 17.80091 14 1.00000
190.8 17.82479 14 1.00000
190.9 17.84199 14 1.00000
191.0 17.87073 14 1.00000
191.1 17.88658 14 1.00000
191.2 17.74759 14 1.00000
191.3 17.76430 14 1.00000
191.4 17.84849 14 1.00000
191.5 17.87293 14 1.00000
191.6 17.88829 14 1.00000
191.7 17.74745 14 1.00000
191.8 17.76500 14 1.00000
191.9 17.79174 14 1.00000
192.0 17.80699 14 1.00000
192.1 17.83410 14 1.00000
192.2 17.87262 14 1.00000
192.3 17.87547 14 1.00000
192.4 17.73734 14 1.00000
192.5 17.75044 14 1.00000
192.6 17.83745 14 1.00000
192.7 17.86485 14 1.00000
192.8 17.87790 14 1.00000
192.9 17.73963 14 1.00000
193.0 17.75054 14 1.00000
193.1 17.78044 14 1.00000
193.2 17.79598 14 1.00000
193.3 17.81895 14 1.00000
193.4 17.83872 14 1.00000
193.5 17.86691 14 1.00000
193.6 17.88424 14 1.00000
193.7 17.74750 14 1.00000
193.8 17.76093 14 1.00000
193.9 17.84451 14 1.00000
194.0 17.87139 14 1.00000
194.1 17.88650 14 1.00000
194.2 17.74759 14 1.00000
194.3 17.76163 14 1.00000
194.4 17.78473 14 1.00000
194.5 17.80280 14 1.00000
194.6 17.83264 14 1.00000
194.7 17.84622 14 1.00000
194.8 17.87363 14 1.00000
194.9 17.73495 14 1.00000
195.0 17.74836 14 1.00000
195.1 17.83593 14 1.00000
195.2 17.87180 14 1.00000
195.3 17.87640 14 1.00000
195.4 17.73700 14 1.00000
195.5 17.74819 14 1.00000
195.6 17.77886 14 1.00000
195.7 17.79466 14 1.00000
195.8 17.81358 14 1.00000
195.9 17.83762 14 1.00000
196.0 17.86544 14 1.00000
196.1 17.87949 14 1.00000
196.2 17.74669 14 1.00000
196.3 17.75761 14 1.00000
196.4 17.84224 14 1.00000
196.5 17.86998 14 1.00000
196.6 17.88545 14 1.00000
196.7 17.74772 14 1.00000
196.8 17.75866 14 1.00000
196.9 17.78407 14 1.00000
197.0 17.80206 14 1.00000
197.1 17.83167 14 1.00000
197.2 17.84518 14 1.00000
197.3 17.87244 14 1.00000
197.4 17.89233 14 1.00000
197.5 17.74809 14 1.00000
197.6 17.83538 14 1.00000
197.7 17.87215 14 1.00000
197.8 17.87568 14 1.00000
197.9 17.73620 14 1.00000
198.0 17.74801 14 1.00000
198.1 17.77852 14 1.00000
198.2 17.79432 14 1.00000
198.3 17.81289 14 1.00000
198.4 17.83681 14 1.00000
198.5 17.86512 14 1.00000
198.6 17.87889 14 1.00000
198.7 17.74654 14 1.00000
198.8 17.75700 14 1.00000
198.9 17.84184 14 1.00000
199.0 17.86810 14 1.00000
199.1 17.88503 14 1.00000
199.2 17.74782 14 1.00000
199.3 17.75871 14 1.00000
199.4 17.78403 14 1.00000
199.5 17.80198 14 1.00000
199.6 17.83195 14 1.00000
199.7 17.84524 14 1.00000
199.8 17.87273 14 1.00000
199.9 17.89255 14 1.00000
200.0 17.74813 14 1.00000
200.1 17.83545 14 1.00000
200.2 17.87199 14 1.00000
200.3 17.87623 14 1.00000
200.4 17.73668 14 1.00000
200.5 17.74814 14 1.00000
200.6 17.77887 14 1.00000
200.7 17.79455 14 1.00000
200.8 17.81363 14 1.00000
200.9 17.83780 14 1.00000
201.0 17.86581 14 1.00000
201.1 17.88231 14 1.00000
201.2 17.74788 14 1.00000
201.3 17.75832 14 1.00000
201.4 17.84292 14 1.00000
201.5 17.87067 14 1.00000
201.6 17.88618 14 1.00000
201.7 17.74764 14 1.00000
201.8 17.76146 14 1.00000
201.9 17.78498 14 1.00000
202.0 17.80304 14 1.00000
202.1 17.83307 14 1.00000
202.2 17.84644 14 1.00000
202.3 17.87396 14 1.00000
202.4 17.73592 14 1.00000
202.5 17.74974 14 1.00000
202.6 17.83692 14 1.00000
202.7 17.87318 14 1.00000
202.8 17.87770 14 1.00000
202.9 17.73944 14 1.00000
203.0 17.74999 14 1.00000
203.1 17.78061 14 1.00000
203.2 17.79638 14 1.00000
203.3 17.81979 14 1.00000
203.4 17.83923 14 1.00000
203.5 17.86809 14 1.00000
203.6 17.88512 14 1.00000
203.7 17.74739 14 1.00000
203.8 17.76345 14 1.00000
203.9 17.84598 14 1.00000
204.0 17.87267 14 1.00000
204.1 17.88829 14 1.00000
204.2 17.74739 14 1.00000
204.3 17.76462 14 1.00000
204.4 17.79215 14 1.00000
204.5 17.80834 14 1.00000
204.6 17.83533 14 1.00000
204.7 17.87201 14 1.00000
204.8 17.87687 14 1.00000
204.9 17.74196 14 1.00000
205.0 17.75430 14 1.00000
205.1 17.83971 14 1.00000
205.2 17.86721 14 1.00000
205.3 17.88265 14 1.00000
205.4 17.74702 14 1.00000
205.5 17.75736 14 1.00000
205.6 17.78341 14 1.00000
205.7 17.80185 14 1.00000
205.8 17.83188 14 1.00000
205.9 17.84365 14 1.00000
206.0 17.87267 14 1.00000
206.1 17.89263 14 1.00000
206.2 17.74821 14 1.00000
206.3 17.83580 14 1.00000
206.4 17.87169 14 1.00000
206.5 17.87688 14 1.00000
206.6 17.73717 14 1.00000
206.7 17.74835 14 1.00000
206.8 17.77999 14 1.00000
206.9 17.79570 14 1.00000
207.0 17.81694 14 1.00000
207.1 17.83897 14 1.00000
207.2 17.86740 14 1.00000
207.3 17.88496 14 1.00000
207.4 17.74739 14 1.00000
207.5 17.76340 14 1.00000
207.6 17.84626 14 1.00000
207.7 17.87275 14 1.00000
207.8 17.88858 14 1.00000
207.9 17.74740 14 1.00000
208.0 17.76610 14 1.00000
208.1 17.79271 14 1.00000
208.2 17.80867 14 1.00000
208.3 17.83605 14 1.00000
208.4 17.87163 14 1.00000
208.5 17.87804 14 1.00000
208.6 17.74433 14 1.00000
208.7 17.75710 14 1.00000
208.8 17.84172 14 1.00000
208.9 17.86833 14 1.00000
209.0 17.88590 14 1.00000
209.1 17.74778 14 1.00000
209.2 17.75956 14 1.00000
209.3 17.78474 14 1.00000
209.4 17.80316 14 1.00000
209.5 17.83336 14 1.00000
209.6 17.84684 14 1.00000
209.7 17.87509 14 1.00000
209.8 17.73658 14 1.00000
209.9 17.75073 14 1.00000
210.0 17.83777 14 1.00000
210.1 17.86596 14 1.00000
210.2 17.87913 14 1.00000
210.3 17.74285 14 1.00000
210.4 17.75713 14 1.00000
210.5 17.78274 14 1.00000
210.6 17.80140 14 1.00000
210.7 17.82659 14 1.00000
210.8 17.84324 14 1.00000
210.9 17.87212 14 1.00000
211.0 17.89258 14 1.00000
211.1 17.74825 14 1.00000
211.2 17.83582 14 1.00000
211.3 17.87156 14 1.00000
211.4 17.87696 14 1.00000
211.5 17.73805 14 1.00000
211.6 17.74852 14 1.00000
211.7 17.78065 14 1.00000
211.8 17.79675 14 1.00000
211.9 17.82017 14 1.00000
212.0 17.84013 14 1.00000
212.1 17.86882 14 1.00000
212.2 17.88674 14 1.00000
212.3 17.74770 14 1.00000
212.4 17.76534 14 1.00000
212.5 17.87248 14 1.00000
212.6 17.87528 14 1.00000
212.7 17.73611 14 1.00000
212.8 17.74802 14 1.00000
212.9 17.77913 14 1.00000
213.0 17.79528 14 1.00000
213.1 17.81444 14 1.00000
213.2 17.83892 14 1.00000
213.3 17.86721 14 1.00000
213.4 17.88493 14 1.00000
213.5 17.74739 14 1.00000
213.6 17.76376 14 1.00000
213.7 17.84697 14 1.00000
213.8 17.87337 14 1.00000
213.9 17.89279 14 1.00000
214.0 17.74773 14 1.00000
214.1 17.77158 14 1.00000
214.2 17.79402 14 1.00000
214.3 17.81105 14 1.00000
214.4 17.83798 14 1.00000
214.5 17.86628 14 1.00000
214.6 17.88305 14 1.00000
214.7 17.74764 14 1.00000
214.8 17.76233 14 1.00000
214.9 17.84610 14 1.00000
215.0 17.87284 14 1.00000
215.1 17.88880 14 1.00000
215.2 17.74756 14 1.00000
215.3 17.76669 14 1.00000
215.4 17.79347 14 1.00000
215.5 17.80957 14 1.00000
215.6 17.83734 14 1.00000
215.7 17.86587 14 1.00000
215.8 17.88033 14 1.00000
215.9 17.74778 14 1.00000
216.0 17.76196 14 1.00000
216.1 17.84562 14 1.00000
216.2 17.87261 14 1.00000
216.3 17.88854 14 1.00000
216.4 17.74740 14 1.00000
216.5 17.76668 14 1.00000
216.6 17.79334 14 1.00000
216.7 17.80936 14 1.00000
216.8 17.83726 14 1.00000
216.9 17.86575 14 1.00000
217.0 17.88279 14 1.00000
217.1 17.74773 14 1.00000
217.2 17.76211 14 1.00000
217.3 17.84570 14 1.00000
217.4 17.87267 14 1.00000
217.5 17.88888 14 1.00000
217.6 17.74756 14 1.00000
217.7 17.76763 14 1.00000
217.8 17.79367 14 1.00000
217.9 17.81324 14 1.00000
218.0 17.83804 14 1.00000
218.1 17.86626 14 1.00000
218.2 17.88325 14 1.00000
218.3 17.74761 14 1.00000
218.4 17.76324 14 1.00000
218.5 17.84676 14 1.00000
218.6 17.87365 14 1.00000
218.7 17.89296 14 1.00000
218.8 17.74768 14 1.00000
218.9 17.77880 14 1.00000
219.0 17.79454 14 1.00000
219.1 17.81450 14 1.00000
219.2 17.83883 14 1.00000
219.3 17.86729 14 1.00000
219.4 17.88548 14 1.00000
219.5 17.74741 14 1.00000
219.6 17.76516 14 1.00000
219.7 17.87259 14 1.00000
219.8 17.87573 14 1.00000
219.9 17.73661 14 1.00000
220.0 17.74816 14 1.00000
220.1 17.78005 14 1.00000
220.2 17.79591 14 1.00000
220.3 17.82062 14 1.00000
220.4 17.84021 14 1.00000
220.5 17.86934 14 1.00000
220.6 17.88767 14 1.00000
220.7 17.74798 14 1.00000
220.8 17.83566 14 1.00000
220.9 17.87160 14 1.00000
221.0 17.87760 14 1.00000
221.1 17.73848 14 1.00000
221.2 17.75299 14 1.00000
221.3 17.78190 14 1.00000
221.4 17.80100 14 1.00000
221.5 17.82703 14 1.00000
221.6 17.84353 14 1.00000
221.7 17.87403 14 1.00000
221.8 17.89366 14 1.00000
221.9 17.75006 14 1.00000
222.0 17.83765 14 1.00000
222.1 17.86619 14 1.00000
222.2 17.88030 14 1.00000
222.3 17.74719 14 1.00000
222.4 17.75907 14 1.00000
222.5 17.78464 14 1.00000
222.6 17.80330 14 1.00000
222.7 17.83430 14 1.00000
222.8 17.87261 14 1.00000
222.9 17.87689 14 1.00000
223.0 17.74016 14 1.00000
223.1 17.75785 14 1.00000
223.2 17.84226 14 1.00000
223.3 17.86950 14 1.00000
223.4 17.88734 14 1.00000
223.5 17.74739 14 1.00000
223.6 17.76523 14 1.00000
223.7 17.79237 14 1.00000
223.8 17.80950 14 1.00000
223.9 17.83721 14 1.00000
224.0 17.86599 14 1.00000
224.1 17.88348 14 1.00000
224.2 17.74759 14 1.00000
224.3 17.76434 14 1.00000
224.4 17.84968 14 1.00000
224.5 17.87572 14 1.00000
224.6 17.73629 14 1.00000
224.7 17.74820 14 1.00000
224.8 17.78037 14 1.00000
224.9 17.79680 14 1.00000
225.0 17.82188 14 1.00000
225.1 17.84218 14 1.00000
225.2 17.87253 14 1.00000
225.3 17.89297 14 1.00000
225.4 17.74875 14 1.00000
225.5 17.83708 14 1.00000
225.6 17.87443 14 1.00000
225.7 17.87999 14 1.00000
225.8 17.74504 14 1.00000
225.9 17.75927 14 1.00000
226.0 17.78473 14 1.00000
226.1 17.80351 14 1.00000
226.2 17.83483 14 1.00000
226.3 17.87217 14 1.00000
226.4 17.87784 14 1.00000
226.5 17.74329 14 1.00000
226.6 17.75938 14 1.00000
226.7 17.84374 14 1.00000
226.8 17.87249 14 1.00000
226.9 17.88911 14 1.00000
227.0 17.74763 14 1.00000
227.1 17.77899 14 1.00000
227.2 17.79481 14 1.00000
227.3 17.81738 14 1.00000
227.4 17.83970 14 1.00000
227.5 17.86958 14 1.00000
227.6 17.88807 14 1.00000
227.7 17.74815 14 1.00000
227.8 17.83637 14 1.00000
227.9 17.87069 14 1.00000
228.0 17.87947 14 1.00000
228.1 17.74311 14 1.00000
228.2 17.75887 14 1.00000
228.3 17.78407 14 1.00000
228.4 17.80345 14 1.00000
228.5 17.83470 14 1.00000
228.6 17.87225 14 1.00000
228.7 17.87791 14 1.00000
228.8 17.74498 14 1.00000
228.9 17.75990 14 1.00000
229.0 17.84397 14 1.00000
229.1 17.87300 14 1.00000
229.2 17.89331 14 1.00000
229.3 17.74786 14 1.00000
229.4 17.77969 14 1.00000
229.5 17.79597 14 1.00000
229.6 17.82146 14 1.00000
229.7 17.84215 14 1.00000
229.8 17.87303 14 1.00000
229.9 17.89337 14 1.00000
230.0 17.75035 14 1.00000
230.1 17.83799 14 1.00000
230.2 17.86713 14 1.00000
230.3 17.88324 14 1.00000
230.4 17.74776 14 1.00000
230.5 17.76347 14 1.00000
230.6 17.79061 14 1.00000
230.7 17.80784 14 1.00000
230.8 17.83710 14 1.00000
230.9 17.86635 14 1.00000
231.0 17.88487 14 1.00000
231.1 17.74739 14 1.00000
231.2 17.76605 14 1.00000
231.3 17.87197 14 1.00000
231.4 17.87752 14 1.00000
231.5 17.73880 14 1.00000
231.6 17.75769 14 1.00000
231.7 17.78334 14 1.00000
231.8 17.80272 14 1.00000
231.9 17.83403 14 1.00000
232.0 17.87251 14 1.00000
232.1 17.87781 14 1.00000
232.2 17.74346 14 1.00000
232.3 17.76000 14 1.00000
232.4 17.84567 14 1.00000
232.5 17.87386 14 1.00000
232.6 17.73599 14 1.00000
232.7 17.74815 14 1.00000
232.8 17.78068 14 1.00000
232.9 17.79742 14 1.00000
233.0 17.82404 14 1.00000
233.1 17.84406 14 1.00000
233.2 17.87519 14 1.00000
233.3 17.73797 14 1.00000
233.4 17.75560 14 1.00000
233.5 17.84209 14 1.00000
233.6 17.87123 14 1.00000
233.7 17.88876 14 1.00000
233.8 17.74744 14 1.00000
233.9 17.77898 14 1.00000
234.0 17.79557 14 1.00000
234.1 17.82104 14 1.00000
234.2 17.84077 14 1.00000
234.3 17.87322 14 1.00000
234.4 17.89373 14 1.00000
234.5 17.75123 14 1.00000
234.6 17.83910 14 1.00000
234.7 17.86821 14 1.00000
234.8 17.88735 14 1.00000
234.9 17.74739 14 1.00000
235.0 17.76714 14 1.00000
235.1 17.79426 14 1.00000
235.2 17.81773 14 1.00000
235.3 17.83978 14 1.00000
235.4 17.87185 14 1.00000
235.5 17.88929 14 1.00000
235.6 17.75052 14 1.00000
235.7 17.83860 14 1.00000
235.8 17.86767 14 1.00000
235.9 17.88651 14 1.00000
236.0 17.74741 14 1.00000
236.1 17.76679 14 1.00000
236.2 17.79398 14 1.00000
236.3 17.81549 14 1.00000
236.4 17.83972 14 1.00000
236.5 17.87177 14 1.00000
236.6 17.88920 14 1.00000
236.7 17.75077 14 1.00000
236.8 17.83875 14 1.00000
236.9 17.86781 14 1.00000
237.0 17.88663 14 1.00000
237.1 17.74739 14 1.00000
237.2 17.76723 14 1.00000
237.3 17.79430 14 1.00000
237.4 17.81776 14 1.00000
237.5 17.84059 14 1.00000
237.6 17.87268 14 1.00000
237.7 17.89342 14 1.00000
237.8 17.75156 14 1.00000
237.9 17.83955 14 1.00000
238.0 17.86864 14 1.00000
238.1 17.88800 14 1.00000
238.2 17.74746 14 1.00000
238.3 17.77915 14 1.00000
238.4 17.79565 14 1.00000
238.5 17.82158 14 1.00000
238.6 17.84347 14 1.00000
238.7 17.87458 14 1.00000
238.8 17.73690 14 1.00000
238.9 17.75820 14 1.00000
239.0 17.84284 14 1.00000
239.1 17.87237 14 1.00000
239.2 17.88966 14 1.00000
239.3 17.74826 14 1.00000
239.4 17.78092 14 1.00000
239.5 17.79753 14 1.00000
239.6 17.83201 14 1.00000
239.7 17.84749 14 1.00000
239.8 17.87703 14 1.00000
239.9 17.74337 14 1.00000
240.0 17.76379 14 1.00000
240.1 17.84739 14 1.00000
240.2 17.87594 14 1.00000
240.3 17.73794 14 1.00000
240.4 17.75824 14 1.00000
240.5 17.78364 14 1.00000
240.6 17.80325 14 1.00000
240.7 17.83669 14 1.00000
240.8 17.86319 14 1.00000
240.9 17.88356 14 1.00000
241.0 17.74770 14 1.00000
241.1 17.83628 14 1.00000
241.2 17.87069 14 1.00000
241.3 17.87984 14 1.00000
241.4 17.74758 14 1.00000
241.5 17.76474 14 1.00000
241.6 17.79318 14 1.00000
241.7 17.81432 14 1.00000
241.8 17.84055 14 1.00000
241.9 17.87258 14 1.00000
242.0 17.88990 14 1.00000
242.1 17.75592 14 1.00000
242.2 17.84104 14 1.00000
242.3 17.87003 14 1.00000
242.4 17.88919 14 1.00000
242.5 17.74827 14 1.00000
242.6 17.78092 14 1.00000
242.7 17.79772 14 1.00000
242.8 17.83415 14 1.00000
242.9 17.87242 14 1.00000
243.0 17.87791 14 1.00000
243.1 17.74757 14 1.00000
243.2 17.76614 14 1.00000
243.3 17.87218 14 1.00000
243.4 17.87810 14 1.00000
243.5 17.74534 14 1.00000
243.6 17.76286 14 1.00000
243.7 17.78916 14 1.00000
243.8 17.80956 14 1.00000
243.9 17.83974 14 1.00000
244.0 17.86997 14 1.00000
244.1 17.88955 14 1.00000
244.2 17.75390 14 1.00000
244.3 17.84093 14 1.00000
244.4 17.87163 14 1.00000
244.5 17.88983 14 1.00000
244.6 17.74839 14 1.00000
244.7 17.78152 14 1.00000
244.8 17.80223 14 1.00000
244.9 17.83533 14 1.00000
245.0 17.87172 14 1.00000
245.1 17.87952 14 1.00000
245.2 17.74749 14 1.00000
245.3 17.83634 14 1.00000
245.4 17.87044 14 1.00000
245.5 17.88060 14 1.00000
245.6 17.74739 14 1.00000
245.7 17.76750 14 1.00000
245.8 17.79463 14 1.00000
245.9 17.81930 14 1.00000
246.0 17.84452 14 1.00000
246.1 17.87607 14 1.00000
246.2 17.74071 14 1.00000
246.3 17.76361 14 1.00000
246.4 17.84780 14 1.00000
246.5 17.87715 14 1.00000
246.6 17.74113 14 1.00000
246.7 17.76049 14 1.00000
246.8 17.78864 14 1.00000
246.9 17.80954 14 1.00000
247.0 17.83993 14 1.00000
247.1 17.87270 14 1.00000
247.2 17.89355 14 1.00000
247.3 17.75624 14 1.00000
247.4 17.84316 14 1.00000
247.5 17.87341 14 1.00000
247.6 17.73704 14 1.00000
247.7 17.75797 14 1.00000
247.8 17.78413 14 1.00000
247.9 17.80624 14 1.00000
248.0 17.83816 14 1.00000
248.1 17.86817 14 1.00000
248.2 17.88868 14 1.00000
248.3 17.75170 14 1.00000
248.4 17.84098 14 1.00000
248.5 17.87202 14 1.00000
248.6 17.89350 14 1.00000
248.7 17.74890 14 1.00000
248.8 17.78271 14 1.00000
248.9 17.80364 14 1.00000
249.0 17.83745 14 1.00000
249.1 17.86701 14 1.00000
249.2 17.88771 14 1.00000
249.3 17.75116 14 1.00000
249.4 17.84032 14 1.00000
249.5 17.87176 14 1.00000
249.6 17.89345 14 1.00000
249.7 17.74883 14 1.00000
249.8 17.78279 14 1.00000
249.9 17.80369 14 1.00000
250.0 17.83751 14 1.00000
