15.0 1.44729 13 0.04453
15.1 1.45486 13 0.04489
15.2 1.46242 13 0.04525
15.3 1.46999 13 0.04561
15.4 1.47755 13 0.04596
15.5 1.48512 13 0.04631
15.6 1.49268 13 0.04660
15.7 1.50024 13 0.04694
15.8 1.50780 13 0.04727
15.9 1.51536 13 0.04760
16.0 1.52292 13 0.04793
16.1 1.53048 13 0.04826
16.2 1.53803 13 0.04858
16.3 1.54559 13 0.04889
16.4 1.55314 13 0.04921
16.5 1.56070 13 0.04952
16.6 1.56825 13 0.04982
16.7 1.57580 13 0.05013
16.8 1.58335 13 0.05043
16.9 1.59089 13 0.05072
17.0 1.59844 13 0.05102
17.1 1.60598 13 0.05131
17.2 1.61353 13 0.05160
17.3 1.62107 13 0.05188
17.4 1.62861 13 0.05216
17.5 1.63615 13 0.05244
17.6 1.64368 13 0.05271
17.7 1.65122 13 0.05299
17.8 1.65875 13 0.05318
17.9 1.66629 13 0.05345
18.0 1.67382 13 0.05371
18.1 1.68134 13 0.05397
18.2 1.68887 13 0.05423
18.3 1.69640 13 0.05449
18.4 1.70392 13 0.05474
18.5 1.71144 13 0.05499
18.6 1.72172 13 0.05545
18.7 1.73400 13 0.05605
18.8 1.74636 13 0.05666
18.9 1.75882 13 0.05727
19.0 1.77137 13 0.05788
19.1 1.78401 13 0.05849
19.2 1.79675 13 0.05910
19.3 1.80959 13 0.05972
19.4 1.82252 13 0.06034
19.5 1.83555 13 0.06096
19.6 1.84868 13 0.06158
19.7 1.86190 13 0.06220
19.8 1.87523 13 0.06283
19.9 1.88865 13 0.06346
20.0 1.90217 13 0.06409
20.1 1.91580 13 0.06473
20.2 17.54343 14 1.00000
20.3 17.62548 14 1.00000
20.4 17.70748 14 1.00000
20.5 17.78939 14 1.00000
20.6 17.87135 14 1.00000
20.7 17.95325 14 1.00000
20.8 18.03511 14 1.00000
20.9 18.11692 14 1.00000
21.0 18.19883 14 1.00000
21.1 18.28027 14 1.00000
21.2 18.36155 14 1.00000
21.3 18.44263 14 1.00000
21.4 18.52326 14 1.00000
21.5 18.60347 14 1.00000
21.6 18.65201 14 1.00000
21.7 18.73185 14 1.00000
21.8 18.81152 14 1.00000
21.9 18.89319 14 1.00000
22.0 18.97289 14 1.00000
22.1 19.05189 14 1.00000
22.2 19.13105 14 1.00000
22.3 19.20997 14 1.00000
22.4 19.25577 14 1.00000
22.5 19.33437 14 1.00000
22.6 19.41236 14 1.00000
22.7 19.49156 14 1.00000
22.8 19.57067 14 1.00000
22.9 19.64871 14 1.00000
23.0 19.72639 14 1.00000
23.1 5.53663 14 0.24527
23.2 5.65068 14 0.25029
23.3 5.76556 14 0.25577
23.4 5.88232 14 0.26085
23.5 6.00057 14 0.26598
23.6 6.12043 14 0.27111
23.7 6.24170 14 0.27631
23.8 6.36444 14 0.28156
23.9 6.48869 14 0.28684
24.0 6.61445 14 0.29216
24.1 6.73872 14 0.29791
24.2 6.86720 14 0.30329
24.3 6.99718 14 0.30872
24.4 7.12861 14 0.31419
24.5 7.26188 14 0.31967
24.6 7.39639 14 0.32521
24.7 7.53241 14 0.33079
24.8 7.66996 14 0.33640
24.9 7.80901 14 0.34205
25.0 7.94367 14 0.34809
25.1 8.08531 14 0.35382
25.2 8.22851 14 0.35958
25.3 8.37323 14 0.36537
25.4 8.52008 14 0.37117
25.5 8.66793 14 0.37704
25.6 8.81731 14 0.38293
25.7 8.96820 14 0.38887
25.8 9.12043 14 0.39485
25.9 9.26506 14 0.40118
26.0 9.42007 14 0.40721
26.1 9.57661 14 0.41329
26.2 9.73465 14 0.41940
26.3 9.89522 14 0.42551
26.4 10.05647 14 0.43169
26.5 10.21901 14 0.43790
26.6 10.38315 14 0.44415
26.7 10.54882 14 0.45043
26.8 10.70314 14 0.45704
26.9 10.87149 14 0.46338
27.0 11.04141 14 0.46976
27.1 11.21286 14 0.47617
27.2 11.38697 14 0.48260
27.3 11.56141 14 0.48908
27.4 11.73739 14 0.49560
27.5 11.91490 14 0.50215
27.6 12.07727 14 0.50899
27.7 12.25747 14 0.51560
27.8 12.43919 14 0.52225
27.9 12.62243 14 0.52893
28.0 12.80698 14 0.53564
28.1 12.99483 14 0.54237
28.2 13.18260 14 0.54915
28.3 13.37192 14 0.55596
28.4 13.56277 14 0.56281
28.5 13.73384 14 0.56991
28.6 13.92737 14 0.57682
28.7 14.12232 14 0.58376
28.8 14.31881 14 0.59073
28.9 14.51649 14 0.59774
29.0 14.71805 14 0.60476
29.1 14.91911 14 0.61183
29.2 15.12172 14 0.61894
29.3 15.32588 14 0.62607
29.4 15.50494 14 0.63343
29.5 15.71157 14 0.64063
29.6 15.91969 14 0.64786
29.7 16.12938 14 0.65512
29.8 16.34012 14 0.66242
29.9 16.55432 14 0.66974
30.0 16.76966 14 0.67709
30.1 16.98545 14 0.68448
30.2 17.20270 14 0.69191
30.3 17.38882 14 0.69952
30.4 17.60851 14 0.70701
30.5 17.82967 14 0.71452
30.6 18.05240 14 0.72207
30.7 18.27628 14 0.72965
30.8 18.50239 14 0.73726
30.9 18.73251 14 0.74490
31.0 18.96119 14 0.75257
31.1 19.19133 14 0.76028
31.2 19.38357 14 0.76815
31.3 19.61614 14 0.77592
31.4 19.85020 14 0.78372
31.5 20.08582 14 0.79155
31.6 20.32293 14 0.79941
31.7 20.56106 14 0.80731
31.8 20.80527 14 0.81523
31.9 21.04660 14 0.82319
32.0 21.28943 14 0.83118
32.1 21.53378 14 0.83920
32.2 21.73195 14 0.84734
32.3 21.97866 14 0.85543
32.4 22.22692 14 0.86354
32.5 22.47660 14 0.87169
32.6 22.72768 14 0.87986
32.7 22.98552 14 0.88807
32.8 23.23902 14 0.89631
32.9 23.49431 14 0.90458
33.0 23.75105 14 0.91289
33.1 23.95274 14 0.92127
33.2 24.21183 14 0.92964
33.3 24.47238 14 0.93803
33.4 24.73432 14 0.94646
33.5 24.99750 14 0.95492
33.6 25.26198 14 0.96341
33.7 25.53484 14 0.97193
33.8 25.80283 14 0.98049
33.9 26.07136 14 0.98907
34.0 26.27485 14 0.99769
34.1 26.38435 14 1.00000
34.2 26.43499 14 1.00000
34.3 26.48512 14 1.00000
34.4 26.53482 14 1.00000
34.5 26.58432 14 1.00000
34.6 26.63688 14 1.00000
34.7 26.69000 14 1.00000
34.8 26.73910 14 1.00000
34.9 26.71613 14 1.00000
35.0 26.76480 14 1.00000
35.1 26.68368 14 1.00000
35.2 26.73114 14 1.00000
35.3 26.77838 14 1.00000
35.4 26.82543 14 1.00000
35.5 26.73066 14 1.00000
35.6 26.78526 14 1.00000
35.7 26.83225 14 1.00000
35.8 26.87904 14 1.00000
35.9 26.84810 14 1.00000
36.0 26.75109 14 1.00000
36.1 26.79719 14 1.00000
36.2 26.84296 14 1.00000
36.3 26.88755 14 1.00000
36.4 26.93191 14 1.00000
36.5 26.63417 14 1.00000
36.6 23.58048 14 1.00000
36.7 22.25080 14 1.00000
36.8 19.65209 14 1.00000
36.9 18.25646 14 1.00000
37.0 15.67629 14 1.00000
37.1 14.38888 14 1.00000
37.2 13.80109 14 1.00000
37.3 13.69399 14 1.00000
37.4 13.69522 14 1.00000
37.5 13.68880 14 1.00000
37.6 13.68425 14 1.00000
37.7 13.64950 14 1.00000
37.8 13.54804 14 1.00000
37.9 13.52702 14 1.00000
38.0 13.49999 14 1.00000
38.1 13.45454 14 1.00000
38.2 13.41542 14 1.00000
38.3 13.36519 14 1.00000
38.4 13.32145 14 1.00000
38.5 13.28838 14 1.00000
38.6 13.23949 14 1.00000
38.7 13.26706 14 1.00000
38.8 13.06439 14 0.99296
38.9 13.14076 14 0.99684
39.0 13.21237 14 1.00000
39.1 13.24484 14 1.00000
39.2 13.27210 14 1.00000
39.3 13.30531 14 1.00000
39.4 13.33820 14 1.00000
39.5 13.37082 14 1.00000
39.6 13.39762 14 1.00000
39.7 13.43082 14 1.00000
39.8 13.46365 14 1.00000
39.9 13.49641 14 1.00000
40.0 13.52294 14 1.00000
40.1 13.55601 14 1.00000
40.2 13.58899 14 1.00000
40.3 13.61308 14 1.00000
40.4 13.64817 14 1.00000
40.5 13.68098 14 1.00000
40.6 13.64239 14 1.00000
40.7 13.73791 14 1.00000
40.8 13.64902 14 1.00000
40.9 13.65268 14 1.00000
41.0 13.68015 14 1.00000
41.1 13.55676 14 1.00000
41.2 13.58692 14 1.00000
41.3 13.61672 14 1.00000
41.4 13.65032 14 1.00000
41.5 13.69393 14 1.00000
41.6 13.84091 14 1.00000
41.7 13.87543 14 1.00000
41.8 13.91098 14 1.00000
41.9 13.94127 14 1.00000
42.0 13.97274 14 1.00000
42.1 14.00422 14 1.00000
42.2 14.03547 14 1.00000
42.3 14.06605 14 1.00000
42.4 14.09614 14 1.00000
42.5 14.12664 14 1.00000
42.6 14.17052 14 1.00000
42.7 14.21443 14 1.00000
42.8 14.35840 14 1.00000
42.9 14.39411 14 1.00000
43.0 14.42970 14 1.00000
43.1 14.46052 14 1.00000
43.2 14.49245 14 1.00000
43.3 14.52423 14 1.00000
43.4 14.55574 14 1.00000
43.5 14.58657 14 1.00000
43.6 14.61687 14 1.00000
43.7 14.64992 14 1.00000
43.8 14.69412 14 1.00000
43.9 14.73832 14 1.00000
44.0 14.79788 14 1.00000
44.1 14.92220 14 1.00000
44.2 14.95722 14 1.00000
44.3 14.99111 14 1.00000
44.4 15.02312 14 1.00000
44.5 15.05552 14 1.00000
44.6 15.08748 14 1.00000
44.7 15.11910 14 1.00000
44.8 15.14993 14 1.00000
44.9 15.18026 14 1.00000
45.0 15.22093 14 1.00000
45.1 15.26541 14 1.00000
45.2 15.31482 14 1.00000
45.3 15.38449 14 1.00000
45.4 15.43880 14 1.00000
45.5 15.53047 14 1.00000
45.6 15.56580 14 1.00000
45.7 15.59778 14 1.00000
45.8 15.63053 14 1.00000
45.9 15.66293 14 1.00000
46.0 15.69465 14 1.00000
46.1 15.72609 14 1.00000
46.2 15.75666 14 1.00000
46.3 15.79551 14 1.00000
46.4 15.86125 14 1.00000
46.5 15.92246 14 1.00000
46.6 15.97663 14 1.00000
46.7 16.02520 14 1.00000
46.8 16.06917 14 1.00000
46.9 16.15133 14 1.00000
47.0 16.18464 14 1.00000
47.1 16.21755 14 1.00000
47.2 16.25050 14 1.00000
47.3 16.28316 14 1.00000
47.4 16.31523 14 1.00000
47.5 16.34663 14 1.00000
47.6 16.37769 14 1.00000
47.7 16.41854 14 1.00000
47.8 16.48759 14 1.00000
47.9 16.54878 14 1.00000
48.0 16.60318 14 1.00000
48.1 16.65242 14 1.00000
48.2 16.69725 14 1.00000
48.3 16.78182 14 1.00000
48.4 16.81699 14 1.00000
48.5 16.85017 14 1.00000
48.6 16.88333 14 1.00000
48.7 16.91665 14 1.00000
48.8 16.94917 14 1.00000
48.9 16.98106 14 1.00000
49.0 17.01217 14 1.00000
49.1 17.04445 14 1.00000
49.2 17.09014 14 1.00000
49.3 17.16538 14 1.00000
49.4 17.22494 14 1.00000
49.5 17.27845 14 1.00000
49.6 17.32704 14 1.00000
49.7 17.37206 14 1.00000
49.8 17.45991 14 1.00000
49.9 17.50197 14 1.00000
50.0 17.53774 14 1.00000
50.1 17.57140 14 1.00000
50.2 17.61778 14 1.00000
50.3 17.64850 14 1.00000
50.4 17.69871 14 1.00000
50.5 17.72883 14 1.00000
50.6 17.78221 14 1.00000
50.7 17.81127 14 1.00000
50.8 17.86432 14 1.00000
50.9 17.91882 14 1.00000
51.0 17.95035 14 1.00000
51.1 18.00663 14 1.00000
51.2 18.03552 14 1.00000
51.3 18.09276 14 1.00000
51.4 18.11954 14 1.00000
51.5 18.17880 14 1.00000
51.6 18.23714 14 1.00000
51.7 18.26324 14 1.00000
51.8 18.32440 14 1.00000
51.9 18.34577 14 1.00000
52.0 18.40758 14 1.00000
52.1 18.47046 14 1.00000
52.2 18.49056 14 1.00000
52.3 18.55433 14 1.00000
52.4 18.61802 14 1.00000
52.5 18.63527 14 1.00000
52.6 18.69924 14 1.00000
52.7 18.76476 14 1.00000
52.8 18.77884 14 1.00000
52.9 18.84394 14 1.00000
53.0 18.91165 14 1.00000
53.1 18.92108 14 1.00000
53.2 18.98731 14 1.00000
53.3 19.05075 14 1.00000
53.4 19.06182 14 1.00000
53.5 19.12774 14 1.00000
53.6 19.14091 14 1.00000
53.7 19.19956 14 1.00000
53.8 19.26644 14 1.00000
53.9 19.27816 14 1.00000
54.0 19.32662 14 1.00000
54.1 19.40208 14 1.00000
54.2 19.46837 14 1.00000
54.3 19.46459 14 1.00000
54.4 19.51042 14 1.00000
54.5 19.60164 14 1.00000
54.6 19.60236 14 1.00000
54.7 19.64232 14 1.00000
54.8 19.73081 14 1.00000
54.9 19.73849 14 1.00000
55.0 19.78431 14 1.00000
55.1 19.81636 14 1.00000
55.2 19.92264 14 1.00000
55.3 19.92400 14 1.00000
55.4 19.96491 14 1.00000
55.5 19.98948 14 1.00000
55.6 19.99016 14 1.00000
55.7 20.10821 14 1.00000
55.8 20.14808 14 1.00000
55.9 20.14841 14 1.00000
56.0 20.17358 14 1.00000
56.1 20.29246 14 1.00000
56.2 20.33310 14 1.00000
56.3 20.35553 14 1.00000
56.4 20.35749 14 1.00000
56.5 20.41752 14 1.00000
56.6 20.52090 14 1.00000
56.7 20.55066 14 1.00000
56.8 20.54962 14 1.00000
56.9 20.59116 14 1.00000
57.0 20.66648 14 1.00000
57.1 20.74796 14 1.00000
57.2 20.77281 14 1.00000
57.3 20.77188 14 1.00000
57.4 20.82881 14 1.00000
57.5 20.90267 14 1.00000
57.6 20.97795 14 1.00000
57.7 21.00142 14 1.00000
57.8 21.00261 14 1.00000
57.9 21.05861 14 1.00000
58.0 21.13559 14 1.00000
58.1 21.15759 14 1.00000
58.2 21.24108 14 1.00000
58.3 21.24216 14 1.00000
58.4 21.28080 14 1.00000
58.5 21.35491 14 1.00000
58.6 21.42751 14 1.00000
58.7 21.48645 14 1.00000
58.8 21.48985 14 1.00000
58.9 21.51145 14 1.00000
59.0 21.56384 14 1.00000
59.1 21.63979 14 1.00000
59.2 21.70836 14 1.00000
59.3 21.71429 14 1.00000
59.4 21.79300 14 1.00000
59.5 21.79275 14 1.00000
59.6 21.83853 14 1.00000
59.7 21.91309 14 1.00000
59.8 21.98080 14 1.00000
59.9 22.05392 14 1.00000
60.0 22.08633 14 1.00000
60.1 22.08724 14 1.00000
60.2 22.11479 14 1.00000
60.3 22.16934 14 1.00000
60.4 22.24326 14 1.00000
60.5 22.31254 14 1.00000
60.6 22.38355 14 1.00000
60.7 22.41545 14 1.00000
60.8 22.41680 14 1.00000
60.9 22.44080 14 1.00000
61.0 22.48919 14 1.00000
61.1 22.55995 14 1.00000
61.2 22.62982 14 1.00000
61.3 22.69891 14 1.00000
61.4 22.74607 14 1.00000
61.5 22.78499 14 1.00000
61.6 22.78818 14 1.00000
61.7 22.81391 14 1.00000
61.8 22.86139 14 1.00000
61.9 22.93063 14 1.00000
62.0 23.00088 14 1.00000
62.1 23.07022 14 1.00000
62.2 23.13170 14 1.00000
62.3 23.16998 14 1.00000
62.4 23.20025 14 1.00000
62.5 23.19910 14 1.00000
62.6 23.23463 14 1.00000
62.7 23.28284 14 1.00000
62.8 23.35125 14 1.00000
62.9 23.42382 14 1.00000
63.0 23.49044 14 1.00000
63.1 23.46871 14 1.00000
63.2 23.59792 14 1.00000
63.3 23.62858 14 1.00000
63.4 23.63414 14 1.00000
63.5 23.65862 14 1.00000
63.6 23.70327 14 1.00000
63.7 23.75226 14 1.00000
63.8 23.82050 14 1.00000
63.9 23.89111 14 1.00000
64.0 23.89910 14 1.00000
64.1 24.02375 14 1.00000
64.2 24.06679 14 1.00000
64.3 24.10917 14 1.00000
64.4 24.14504 14 1.00000
64.5 24.14751 14 1.00000
64.6 24.17365 14 1.00000
64.7 24.22027 14 1.00000
64.8 24.26692 14 1.00000
64.9 24.33026 14 1.00000
65.0 24.36164 14 1.00000
65.1 24.55286 14 1.00000
65.2 24.61285 14 1.00000
65.3 24.58834 14 1.00000
65.4 24.63734 14 1.00000
65.5 24.68098 14 1.00000
65.6 24.71727 14 1.00000
65.7 24.74405 14 1.00000
65.8 24.74471 14 1.00000
65.9 24.78609 14 1.00000
66.0 24.83288 14 1.00000
66.1 24.88020 14 1.00000
66.2 25.03671 14 1.00000
66.3 25.09802 14 1.00000
66.4 25.15803 14 1.00000
66.5 25.21701 14 1.00000
66.6 25.28016 14 1.00000
66.7 25.25175 14 1.00000
66.8 25.30022 14 1.00000
66.9 25.34213 14 1.00000
67.0 25.38090 14 1.00000
67.1 25.41146 14 1.00000
67.2 25.41049 14 1.00000
67.3 25.45486 14 1.00000
67.4 25.55210 14 1.00000
67.5 25.61477 14 1.00000
67.6 25.67464 14 1.00000
67.7 25.73045 14 1.00000
67.8 25.79048 14 1.00000
67.9 25.85940 14 1.00000
68.0 25.92085 14 1.00000
68.1 25.98304 14 1.00000
68.2 26.04638 14 1.00000
68.3 26.00702 14 1.00000
68.4 26.05432 14 1.00000
68.5 26.09801 14 1.00000
68.6 26.14754 14 1.00000
68.7 26.23741 14 1.00000
68.8 26.15861 14 1.00000
68.9 26.20586 14 1.00000
69.0 26.26423 14 1.00000
69.1 26.33076 14 1.00000
69.2 26.39599 14 1.00000
69.3 26.45647 14 1.00000
69.4 26.52042 14 1.00000
69.5 26.58049 14 1.00000
69.6 26.63546 14 1.00000
69.7 26.69930 14 1.00000
69.8 26.75363 14 1.00000
69.9 26.82048 14 1.00000
70.0 26.88267 14 1.00000
70.1 26.85434 14 1.00000
70.2 26.87451 14 1.00000
70.3 26.87103 14 1.00000
70.4 26.90165 14 1.00000
70.5 26.94669 14 1.00000
70.6 26.99173 14 1.00000
70.7 27.03682 14 1.00000
70.8 27.08193 14 1.00000
70.9 27.13177 14 1.00000
71.0 27.19588 14 1.00000
71.1 27.26305 14 1.00000
71.2 27.32556 14 1.00000
71.3 27.38787 14 1.00000
71.4 27.44821 14 1.00000
71.5 27.49944 14 1.00000
71.6 27.56519 14 1.00000
71.7 27.49474 14 1.00000
71.8 27.63138 14 1.00000
71.9 27.67476 14 1.00000
72.0 27.72613 14 1.00000
72.1 27.76920 14 1.00000
72.2 27.81461 14 1.00000
72.3 27.85275 14 1.00000
72.4 27.89158 14 1.00000
72.5 27.89082 14 1.00000
72.6 27.91965 14 1.00000
72.7 27.95012 14 1.00000
72.8 27.99491 14 1.00000
72.9 28.04049 14 1.00000
73.0 28.08608 14 1.00000
73.1 28.13171 14 1.00000
73.2 28.17845 14 1.00000
73.3 28.23551 14 1.00000
73.4 28.29952 14 1.00000
73.5 28.36307 14 1.00000
73.6 28.37211 14 1.00000
73.7 28.48691 14 1.00000
73.8 28.59281 14 1.00000
73.9 28.64912 14 1.00000
74.0 28.70863 14 1.00000
74.1 28.75127 14 1.00000
74.2 28.81845 14 1.00000
74.3 28.87339 14 1.00000
74.4 28.93055 14 1.00000
74.5 28.87724 14 1.00000
74.6 28.93326 14 1.00000
74.7 28.97966 14 1.00000
74.8 29.01790 14 1.00000
74.9 29.06931 14 1.00000
75.0 29.11140 14 1.00000
75.1 29.16599 14 1.00000
75.2 29.21228 14 1.00000
75.3 29.25294 14 1.00000
75.4 29.39654 14 1.00000
75.5 29.38290 14 1.00000
75.6 29.34835 14 1.00000
75.7 29.33216 14 1.00000
75.8 29.37861 14 1.00000
75.9 29.42489 14 1.00000
76.0 29.47118 14 1.00000
76.1 29.52299 14 1.00000
76.2 29.57862 14 1.00000
76.3 29.63891 14 1.00000
76.4 29.69935 14 1.00000
76.5 29.75864 14 1.00000
76.6 29.81705 14 1.00000
76.7 29.86944 14 1.00000
76.8 29.92541 14 1.00000
76.9 29.98304 14 1.00000
77.0 30.03370 14 1.00000
77.1 30.09102 14 1.00000
77.2 30.14589 14 1.00000
77.3 30.19375 14 1.00000
77.4 30.25120 14 1.00000
77.5 30.30876 14 1.00000
77.6 30.36219 14 1.00000
77.7 30.41263 14 1.00000
77.8 30.46249 14 1.00000
77.9 30.51246 14 1.00000
78.0 30.57037 14 1.00000
78.1 30.62637 14 1.00000
78.2 30.67547 14 1.00000
78.3 30.70256 14 1.00000
78.4 30.68162 14 1.00000
78.5 30.64143 14 1.00000
78.6 30.81877 14 1.00000
78.7 30.86699 14 1.00000
78.8 30.91275 14 1.00000
78.9 30.95409 14 1.00000
79.0 31.00288 14 1.00000
79.1 31.05384 14 1.00000
79.2 31.10313 14 1.00000
79.3 31.15125 14 1.00000
79.4 31.19877 14 1.00000
79.5 31.24551 14 1.00000
79.6 31.29172 14 1.00000
79.7 31.33704 14 1.00000
79.8 31.38139 14 1.00000
79.9 31.43566 14 1.00000
80.0 31.47868 14 1.00000
80.1 31.53094 14 1.00000
80.2 31.57814 14 1.00000
80.3 31.69104 14 1.00000
80.4 31.56318 14 1.00000
80.5 31.65940 14 1.00000
80.6 31.70983 14 1.00000
80.7 31.76105 14 1.00000
80.8 31.80808 14 1.00000
80.9 31.85547 14 1.00000
81.0 31.90293 14 1.00000
81.1 31.94941 14 1.00000
81.2 31.99380 14 1.00000
81.3 32.03565 14 1.00000
81.4 32.07682 14 1.00000
81.5 32.11794 14 1.00000
81.6 32.15880 14 1.00000
81.7 32.19910 14 1.00000
81.8 32.24060 14 1.00000
81.9 32.28114 14 1.00000
82.0 32.32171 14 1.00000
82.1 32.36189 14 1.00000
82.2 32.40500 14 1.00000
82.3 32.45005 14 1.00000
82.4 32.49500 14 1.00000
82.5 32.54076 14 1.00000
82.6 32.58864 14 1.00000
82.7 32.63657 14 1.00000
82.8 32.68450 14 1.00000
82.9 32.73246 14 1.00000
83.0 32.78046 14 1.00000
83.1 32.82846 14 1.00000
83.2 32.87650 14 1.00000
83.3 32.92458 14 1.00000
83.4 32.97267 14 1.00000
83.5 33.02078 14 1.00000
83.6 33.06894 14 1.00000
83.7 33.11710 14 1.00000
83.8 33.16581 14 1.00000
83.9 33.21468 14 1.00000
84.0 33.26334 14 1.00000
84.1 33.31211 14 1.00000
84.2 33.36094 14 1.00000
84.3 33.40946 14 1.00000
84.4 33.45808 14 1.00000
84.5 33.50660 14 1.00000
84.6 33.55498 14 1.00000
84.7 33.60353 14 1.00000
84.8 33.65181 14 1.00000
84.9 33.70011 14 1.00000
85.0 33.74850 14 1.00000
85.1 33.79668 14 1.00000
85.2 33.84486 14 1.00000
85.3 33.89330 14 1.00000
85.4 33.94136 14 1.00000
85.5 33.99323 14 1.00000
85.6 34.10620 14 1.00000
85.7 34.21555 14 1.00000
85.8 34.35994 14 1.00000
85.9 34.20417 14 1.00000
86.0 34.24999 14 1.00000
86.1 34.29668 14 1.00000
86.2 34.34268 14 1.00000
86.3 34.38907 14 1.00000
86.4 34.43653 14 1.00000
86.5 34.48428 14 1.00000
86.6 34.53184 14 1.00000
86.7 34.57946 14 1.00000
86.8 34.62711 14 1.00000
86.9 34.67456 14 1.00000
87.0 34.72213 14 1.00000
87.1 34.76960 14 1.00000
87.2 34.81821 14 1.00000
87.3 34.86887 14 1.00000
87.4 34.92182 14 1.00000
87.5 34.97453 14 1.00000
87.6 35.03130 14 1.00000
87.7 35.09154 14 1.00000
87.8 35.15166 14 1.00000
87.9 35.23396 14 1.00000
88.0 35.39156 14 1.00000
88.1 35.27211 14 1.00000
88.2 35.33509 14 1.00000
88.3 35.39838 14 1.00000
88.4 35.46106 14 1.00000
88.5 35.52104 14 1.00000
88.6 35.57962 14 1.00000
88.7 35.63730 14 1.00000
88.8 35.69505 14 1.00000
88.9 35.74790 14 1.00000
89.0 35.79958 14 1.00000
89.1 35.84863 14 1.00000
89.2 35.91105 14 1.00000
89.3 35.97134 14 1.00000
89.4 36.02288 14 1.00000
89.5 36.06189 14 1.00000
89.6 36.12851 14 1.00000
89.7 36.18924 14 1.00000
89.8 36.24474 14 1.00000
89.9 36.34468 14 1.00000
90.0 36.40094 14 1.00000
90.1 36.39011 14 1.00000
90.2 36.43917 14 1.00000
90.3 36.48193 14 1.00000
90.4 36.54738 14 1.00000
90.5 36.60554 14 1.00000
90.6 36.65280 14 1.00000
90.7 36.69430 14 1.00000
90.8 36.75755 14 1.00000
90.9 36.81412 14 1.00000
91.0 36.86769 14 1.00000
91.1 36.93572 14 1.00000
91.2 36.98091 14 1.00000
91.3 37.04138 14 1.00000
91.4 37.09727 14 1.00000
91.5 37.14831 14 1.00000
91.6 37.19621 14 1.00000
91.7 37.24648 14 1.00000
91.8 37.28228 14 1.00000
91.9 37.33969 14 1.00000
92.0 37.39385 14 1.00000
92.1 37.44600 14 1.00000
92.2 37.49630 14 1.00000
92.3 37.53986 14 1.00000
92.4 37.60118 14 1.00000
92.5 37.61992 14 1.00000
92.6 37.71769 14 1.00000
92.7 37.63567 14 1.00000
92.8 37.78771 14 1.00000
92.9 37.85233 14 1.00000
93.0 37.90601 14 1.00000
93.1 37.95670 14 1.00000
93.2 37.99934 14 1.00000
93.3 38.03291 14 1.00000
93.4 38.09921 14 1.00000
93.5 38.14841 14 1.00000
93.6 38.18392 14 1.00000
93.7 38.24092 14 1.00000
93.8 38.28969 14 1.00000
93.9 38.31672 14 1.00000
94.0 38.46302 14 1.00000
94.1 38.50028 14 1.00000
94.2 38.47417 14 1.00000
94.3 38.60138 14 1.00000
94.4 38.65705 14 1.00000
94.5 38.70691 14 1.00000
94.6 38.74583 14 1.00000
94.7 38.78502 14 1.00000
94.8 38.83987 14 1.00000
94.9 38.88342 14 1.00000
95.0 38.92426 14 1.00000
95.1 38.96287 14 1.00000
95.2 39.01567 14 1.00000
95.3 39.06427 14 1.00000
95.4 39.10979 14 1.00000
95.5 39.15710 14 1.00000
95.6 39.20095 14 1.00000
95.7 39.24936 14 1.00000
95.8 39.29020 14 1.00000
95.9 39.34225 14 1.00000
96.0 39.36872 14 1.00000
96.1 39.43077 14 1.00000
96.2 39.47125 14 1.00000
96.3 39.50175 14 1.00000
96.4 39.56468 14 1.00000
96.5 39.60643 14 1.00000
96.6 39.63859 14 1.00000
96.7 39.69024 14 1.00000
96.8 39.73902 14 1.00000
96.9 39.78250 14 1.00000
97.0 39.82206 14 1.00000
97.1 39.86056 14 1.00000
97.2 39.89878 14 1.00000
97.3 39.93625 14 1.00000
97.4 39.97353 14 1.00000
97.5 40.01339 14 1.00000
97.6 40.09370 14 1.00000
97.7 40.17229 14 1.00000
97.8 40.24723 14 1.00000
97.9 40.30898 14 1.00000
98.0 40.37150 14 1.00000
98.1 40.44258 14 1.00000
98.2 40.49224 14 1.00000
98.3 40.58244 14 1.00000
98.4 40.62738 14 1.00000
98.5 40.67233 14 1.00000
98.6 40.71729 14 1.00000
98.7 40.76224 14 1.00000
98.8 40.81055 14 1.00000
98.9 40.86301 14 1.00000
99.0 40.91350 14 1.00000
99.1 40.96334 14 1.00000
99.2 41.01407 14 1.00000
99.3 41.07056 14 1.00000
99.4 41.09497 14 1.00000
99.5 41.15944 14 1.00000
99.6 41.20816 14 1.00000
99.7 41.25656 14 1.00000
99.8 41.30463 14 1.00000
99.9 41.35246 14 1.00000
100.0 41.40003 14 1.00000
100.1 41.44751 14 1.00000
100.2 41.49480 14 1.00000
100.3 41.54195 14 1.00000
100.4 41.58898 14 1.00000
100.5 41.63590 14 1.00000
100.6 41.68272 14 1.00000
100.7 41.72939 14 1.00000
100.8 41.77601 14 1.00000
100.9 41.82252 14 1.00000
101.0 41.88117 14 1.00000
101.1 41.91783 14 1.00000
101.2 41.95564 14 1.00000
101.3 42.02243 14 1.00000
101.4 42.06002 14 1.00000
101.5 42.09848 14 1.00000
101.6 42.16830 14 1.00000
101.7 42.20647 14 1.00000
101.8 42.24565 14 1.00000
101.9 42.28582 14 1.00000
102.0 42.32662 14 1.00000
102.1 42.39952 14 1.00000
102.2 42.44097 14 1.00000
102.3 42.48319 14 1.00000
102.4 42.52629 14 1.00000
102.5 42.57009 14 1.00000
102.6 42.61487 14 1.00000
102.7 42.69618 14 1.00000
102.8 42.74328 14 1.00000
102.9 42.79163 14 1.00000
103.0 42.84124 14 1.00000
103.1 42.89228 14 1.00000
103.2 42.94453 14 1.00000
103.3 42.99867 14 1.00000
103.4 43.07433 14 1.00000
103.5 43.16241 14 1.00000
103.6 43.25084 14 1.00000
103.7 43.33894 14 1.00000
103.8 43.42734 14 1.00000
103.9 43.51580 14 1.00000
104.0 43.60392 14 1.00000
104.1 43.69239 14 1.00000
104.2 43.78057 14 1.00000
104.3 43.86901 14 1.00000
104.4 43.95739 14 1.00000
104.5 44.04559 14 1.00000
104.6 44.13404 14 1.00000
104.7 44.22255 14 1.00000
104.8 44.31076 14 1.00000
104.9 44.39918 14 1.00000
105.0 44.48740 14 1.00000
105.1 44.57593 14 1.00000
105.2 44.66441 14 1.00000
105.3 44.75260 14 1.00000
105.4 44.84113 14 1.00000
105.5 44.92962 14 1.00000
105.6 45.01782 14 1.00000
105.7 45.10637 14 1.00000
105.8 45.19458 14 1.00000
105.9 45.28308 14 1.00000
106.0 45.37159 14 1.00000
106.1 45.45991 14 1.00000
106.2 45.54837 14 1.00000
106.3 45.63693 14 1.00000
106.4 45.72521 14 1.00000
106.5 45.81373 14 1.00000
106.6 45.90225 14 1.00000
106.7 45.99053 14 1.00000
106.8 46.07905 14 1.00000
106.9 46.16734 14 1.00000
107.0 46.25581 14 1.00000
107.1 46.34434 14 1.00000
107.2 46.43263 14 1.00000
107.3 46.52116 14 1.00000
107.4 46.60969 14 1.00000
107.5 46.69803 14 1.00000
107.6 46.78656 14 1.00000
107.7 46.87510 14 1.00000
107.8 46.96334 14 1.00000
107.9 47.05192 14 1.00000
108.0 47.14040 14 1.00000
108.1 47.22875 14 1.00000
108.2 47.31723 14 1.00000
108.3 47.40552 14 1.00000
108.4 47.49410 14 1.00000
108.5 47.58258 14 1.00000
108.6 47.67092 14 1.00000
108.7 47.75945 14 1.00000
108.8 47.84797 14 1.00000
108.9 47.93626 14 1.00000
109.0 48.02478 14 1.00000
109.1 48.11331 14 1.00000
109.2 48.20154 14 1.00000
109.3 48.29011 14 1.00000
109.4 48.37862 14 1.00000
109.5 48.46685 14 1.00000
109.6 48.55542 14 1.00000
109.7 48.64387 14 1.00000
109.8 48.73220 14 1.00000
109.9 48.82070 14 1.00000
110.0 48.90915 14 1.00000
110.1 48.99741 14 1.00000
110.2 49.08591 14 1.00000
110.3 49.17440 14 1.00000
110.4 49.26271 14 1.00000
110.5 49.35120 14 1.00000
110.6 49.43968 14 1.00000
110.7 49.52788 14 1.00000
110.8 49.61635 14 1.00000
110.9 49.70488 14 1.00000
111.0 49.79311 14 1.00000
111.1 49.88153 14 1.00000
111.2 49.96999 14 1.00000
111.3 50.05826 14 1.00000
111.4 50.14672 14 1.00000
111.5 50.23516 14 1.00000
111.6 50.32333 14 1.00000
111.7 50.41182 14 1.00000
111.8 50.50025 14 1.00000
111.9 50.58840 14 1.00000
112.0 50.67683 14 1.00000
112.1 50.76524 14 1.00000
112.2 50.85348 14 1.00000
112.3 50.94189 14 1.00000
112.4 51.03025 14 1.00000
112.5 51.11847 14 1.00000
112.6 51.20681 14 1.00000
112.7 51.29520 14 1.00000
112.8 51.38341 14 1.00000
112.9 51.47178 14 1.00000
113.0 51.56015 14 1.00000
113.1 51.64824 14 1.00000
113.2 51.73666 14 1.00000
113.3 51.82501 14 1.00000
113.4 51.91331 14 1.00000
113.5 52.00147 14 1.00000
113.6 52.08976 14 1.00000
113.7 52.17809 14 1.00000
113.8 52.26619 14 1.00000
113.9 52.35450 14 1.00000
114.0 52.44286 14 1.00000
114.1 52.53094 14 1.00000
114.2 52.61924 14 1.00000
114.3 52.70753 14 1.00000
114.4 52.79559 14 1.00000
114.5 52.88381 14 1.00000
114.6 52.97213 14 1.00000
114.7 53.06012 14 1.00000
114.8 53.14842 14 1.00000
114.9 53.23667 14 1.00000
115.0 53.32486 14 1.00000
115.1 53.41287 14 1.00000
115.2 53.50114 14 1.00000
115.3 53.58936 14 1.00000
115.4 53.67730 14 1.00000
115.5 53.76555 14 1.00000
115.6 53.85369 14 1.00000
115.7 53.94166 14 1.00000
115.8 54.02989 14 1.00000
115.9 54.11806 14 1.00000
116.0 54.20622 14 1.00000
116.1 54.29416 14 1.00000
116.2 54.38225 14 1.00000
116.3 54.47044 14 1.00000
116.4 54.55835 14 1.00000
116.5 54.64642 14 1.00000
116.6 54.73454 14 1.00000
116.7 54.82247 14 1.00000
116.8 54.91057 14 1.00000
116.9 54.99865 14 1.00000
117.0 55.08673 14 1.00000
117.1 55.17453 14 1.00000
117.2 55.26265 14 1.00000
117.3 55.35070 14 1.00000
117.4 55.43852 14 1.00000
117.5 55.52651 14 1.00000
117.6 55.61459 14 1.00000
117.7 55.70255 14 1.00000
117.8 55.79039 14 1.00000
117.9 55.87834 14 1.00000
118.0 55.96633 14 1.00000
118.1 56.05414 14 1.00000
118.2 56.14211 14 1.00000
118.3 56.23007 14 1.00000
118.4 56.31802 14 1.00000
118.5 56.40570 14 1.00000
118.6 56.49363 14 1.00000
118.7 56.58160 14 1.00000
118.8 56.66930 14 1.00000
118.9 56.75716 14 1.00000
119.0 56.84505 14 1.00000
119.1 56.93298 14 1.00000
119.2 57.02059 14 1.00000
119.3 57.10846 14 1.00000
119.4 57.19636 14 1.00000
119.5 57.28399 14 1.00000
119.6 57.37177 14 1.00000
119.7 57.45960 14 1.00000
119.8 57.54741 14 1.00000
119.9 57.63500 14 1.00000
120.0 57.72285 14 1.00000
120.1 57.81063 14 1.00000
120.2 57.89814 14 1.00000
120.3 57.98590 14 1.00000
120.4 58.07365 14 1.00000
120.5 58.16140 14 1.00000
120.6 58.24891 14 1.00000
120.7 58.33668 14 1.00000
120.8 58.42434 14 1.00000
120.9 58.51204 14 1.00000
121.0 58.59957 14 1.00000
121.1 58.68719 14 1.00000
121.2 58.77491 14 1.00000
121.3 58.86252 14 1.00000
121.4 58.94995 14 1.00000
121.5 59.03759 14 1.00000
121.6 59.12521 14 1.00000
121.7 59.21261 14 1.00000
121.8 59.30022 14 1.00000
121.9 59.38786 14 1.00000
122.0 59.47538 14 1.00000
122.1 59.56274 14 1.00000
122.2 59.65035 14 1.00000
122.3 59.73790 14 1.00000
122.4 59.82538 14 1.00000
122.5 59.91275 14 1.00000
122.6 60.00021 14 1.00000
122.7 60.08771 14 1.00000
122.8 60.17525 14 1.00000
122.9 60.26247 14 1.00000
123.0 60.34998 14 1.00000
123.1 60.43739 14 1.00000
123.2 60.52468 14 1.00000
123.3 60.61206 14 1.00000
123.4 60.69948 14 1.00000
123.5 60.78694 14 1.00000
123.6 60.87413 14 1.00000
123.7 60.96146 14 1.00000
123.8 61.04889 14 1.00000
123.9 61.13620 14 1.00000
124.0 61.22334 14 1.00000
124.1 61.31073 14 1.00000
124.2 61.39806 14 1.00000
124.3 61.48537 14 1.00000
124.4 61.57263 14 1.00000
124.5 61.65976 14 1.00000
124.6 61.74699 14 1.00000
124.7 61.83426 14 1.00000
124.8 61.92157 14 1.00000
124.9 62.00856 14 1.00000
125.0 62.09584 14 1.00000
125.1 62.18306 14 1.00000
125.2 62.27026 14 1.00000
125.3 62.35746 14 1.00000
125.4 62.44439 14 1.00000
125.5 62.53156 14 1.00000
125.6 62.61877 14 1.00000
125.7 62.70591 14 1.00000
125.8 62.79284 14 1.00000
125.9 62.87997 14 1.00000
126.0 62.96703 14 1.00000
126.1 63.05412 14 1.00000
126.2 63.14121 14 1.00000
126.3 63.22813 14 1.00000
126.4 63.31514 14 1.00000
126.5 63.40219 14 1.00000
126.6 63.48922 14 1.00000
126.7 63.57604 14 1.00000
126.8 63.66310 14 1.00000
126.9 63.75010 14 1.00000
127.0 63.83704 14 1.00000
127.1 63.92401 14 1.00000
127.2 64.01082 14 1.00000
127.3 64.09772 14 1.00000
127.4 64.18465 14 1.00000
127.5 64.27162 14 1.00000
127.6 64.35828 14 1.00000
127.7 64.44523 14 1.00000
127.8 64.53211 14 1.00000
127.9 64.61893 14 1.00000
128.0 64.70584 14 1.00000
128.1 64.79249 14 1.00000
128.2 64.87932 14 1.00000
128.3 64.96609 14 1.00000
128.4 65.05295 14 1.00000
128.5 65.13969 14 1.00000
128.6 65.22627 14 1.00000
128.7 65.31310 14 1.00000
128.8 65.39985 14 1.00000
128.9 65.48654 14 1.00000
129.0 65.10363 14 1.00000
129.1 65.19035 14 1.00000
129.2 65.27711 14 1.00000
129.3 65.36398 14 1.00000
129.4 65.45078 14 1.00000
129.5 65.06797 14 1.00000
129.6 65.15469 14 1.00000
129.7 65.24156 14 1.00000
129.8 65.32842 14 1.00000
129.9 65.41522 14 1.00000
130.0 65.50232 14 1.00000
130.1 65.11961 14 1.00000
130.2 65.20628 14 1.00000
130.3 65.29319 14 1.00000
130.4 65.38013 14 1.00000
130.5 65.46697 14 1.00000
130.6 65.08466 14 1.00000
130.7 65.17142 14 1.00000
130.8 65.25839 14 1.00000
130.9 65.34539 14 1.00000
131.0 65.43233 14 1.00000
131.1 65.51920 14 1.00000
131.2 65.13721 14 1.00000
131.3 65.22402 14 1.00000
131.4 65.31097 14 1.00000
131.5 65.39796 14 1.00000
131.6 65.48498 14 1.00000
131.7 65.10229 14 1.00000
131.8 65.18999 14 1.00000
131.9 65.27699 14 1.00000
132.0 65.36403 14 1.00000
132.1 65.45105 14 1.00000
132.2 65.06841 14 1.00000
132.3 65.15533 14 1.00000
132.4 65.24339 14 1.00000
132.5 65.33047 14 1.00000
132.6 65.41759 14 1.00000
132.7 65.50465 14 1.00000
132.8 65.12208 14 1.00000
132.9 65.20898 14 1.00000
133.0 65.29729 14 1.00000
133.1 65.38447 14 1.00000
133.2 65.47153 14 1.00000
133.3 65.08896 14 1.00000
133.4 65.17596 14 1.00000
133.5 65.26314 14 1.00000
133.6 65.35172 14 1.00000
133.7 65.43888 14 1.00000
133.8 65.52602 14 1.00000
133.9 65.14331 14 1.00000
134.0 65.23060 14 1.00000
134.1 65.31782 14 1.00000
134.2 65.40656 14 1.00000
134.3 65.49371 14 1.00000
134.4 65.11124 14 1.00000
134.5 65.19833 14 1.00000
134.6 65.28564 14 1.00000
134.7 65.37286 14 1.00000
134.8 65.46181 14 1.00000
134.9 65.07941 14 1.00000
135.0 65.16649 14 1.00000
135.1 65.25381 14 1.00000
135.2 65.34111 14 1.00000
135.3 65.42840 14 1.00000
135.4 65.51761 14 1.00000
135.5 65.13522 14 1.00000
135.6 65.22238 14 1.00000
135.7 65.30974 14 1.00000
135.8 65.39713 14 1.00000
135.9 65.48440 14 1.00000
136.0 65.10412 14 1.00000
136.1 65.19134 14 1.00000
136.2 65.27879 14 1.00000
136.3 65.36612 14 1.00000
136.4 65.45349 14 1.00000
136.5 65.54085 14 1.00000
136.6 65.16071 14 1.00000
136.7 65.24815 14 1.00000
136.8 65.33554 14 1.00000
136.9 65.42296 14 1.00000
137.0 65.51041 14 1.00000
137.1 65.59755 14 1.00000
137.2 65.21784 14 1.00000
137.3 65.30537 14 1.00000
137.4 65.39279 14 1.00000
137.5 65.48029 14 1.00000
137.6 65.56748 14 1.00000
137.7 65.65495 14 1.00000
137.8 65.74232 14 1.00000
137.9 65.36304 14 1.00000
138.0 65.45049 14 1.00000
138.1 65.53802 14 1.00000
138.2 65.62524 14 1.00000
138.3 65.71275 14 1.00000
138.4 65.80019 14 1.00000
138.5 65.42110 14 1.00000
138.6 65.50864 14 1.00000
138.7 65.59600 14 1.00000
138.8 65.68346 14 1.00000
138.9 65.77100 14 1.00000
139.0 65.85842 14 1.00000
139.1 65.47966 14 1.00000
139.2 65.56702 14 1.00000
139.3 65.65457 14 1.00000
139.4 65.74211 14 1.00000
139.5 65.82963 14 1.00000
139.6 65.91714 14 1.00000
139.7 65.53870 14 1.00000
139.8 65.62610 14 1.00000
139.9 65.71363 14 1.00000
140.0 65.80120 14 1.00000
140.1 65.88875 14 1.00000
140.2 65.50724 14 1.00000
140.3 65.59789 14 1.00000
140.4 65.68552 14 1.00000
140.5 65.77312 14 1.00000
140.6 65.86078 14 1.00000
140.7 65.94816 14 1.00000
140.8 65.56671 14 1.00000
140.9 65.65776 14 1.00000
141.0 65.74541 14 1.00000
141.1 65.83306 14 1.00000
141.2 65.92069 14 1.00000
141.3 65.53935 14 1.00000
141.4 65.62682 14 1.00000
141.5 65.71811 14 1.00000
141.6 65.80575 14 1.00000
141.7 65.89347 14 1.00000
141.8 65.51209 14 1.00000
141.9 65.59961 14 1.00000
142.0 65.68736 14 1.00000
142.1 65.77885 14 1.00000
142.2 65.86652 14 1.00000
142.3 65.48519 14 1.00000
142.4 65.57280 14 1.00000
142.5 65.66055 14 1.00000
142.6 65.74837 14 1.00000
142.7 65.83614 14 1.00000
142.8 65.92776 14 1.00000
142.9 65.54630 14 1.00000
143.0 65.63409 14 1.00000
143.1 65.72191 14 1.00000
143.2 65.80972 14 1.00000
143.3 65.89751 14 1.00000
143.4 65.52029 14 1.00000
143.5 65.60798 14 1.00000
143.6 65.69585 14 1.00000
143.7 65.78375 14 1.00000
143.8 65.87154 14 1.00000
143.9 65.95916 14 1.00000
144.0 65.58228 14 1.00000
144.1 65.67014 14 1.00000
144.2 65.75808 14 1.00000
144.3 65.84591 14 1.00000
144.4 65.93378 14 1.00000
144.5 66.02148 14 1.00000
144.6 65.64477 14 1.00000
144.7 65.73276 14 1.00000
144.8 65.82063 14 1.00000
144.9 65.90859 14 1.00000
145.0 65.99629 14 1.00000
145.1 66.08412 14 1.00000
145.2 66.17204 14 1.00000
145.3 65.79570 14 1.00000
145.4 65.88366 14 1.00000
145.5 65.97140 14 1.00000
145.6 66.05932 14 1.00000
145.7 66.14723 14 1.00000
145.8 66.23517 14 1.00000
145.9 65.85916 14 1.00000
146.0 65.94695 14 1.00000
146.1 66.03491 14 1.00000
146.2 66.12286 14 1.00000
146.3 66.21080 14 1.00000
146.4 66.29872 14 1.00000
146.5 65.92294 14 1.00000
146.6 66.01074 14 1.00000
146.7 66.09874 14 1.00000
146.8 66.18672 14 1.00000
146.9 66.27473 14 1.00000
147.0 66.36243 14 1.00000
147.1 65.98697 14 1.00000
147.2 66.07500 14 1.00000
147.3 66.16302 14 1.00000
147.4 66.25108 14 1.00000
147.5 66.33907 14 1.00000
147.6 66.42680 14 1.00000
147.7 66.51481 14 1.00000
147.8 66.13972 14 1.00000
147.9 66.22777 14 1.00000
148.0 66.31575 14 1.00000
148.1 66.40363 14 1.00000
148.2 66.49158 14 1.00000
148.3 66.57961 14 1.00000
148.4 66.20474 14 1.00000
148.5 66.29282 14 1.00000
148.6 66.38068 14 1.00000
148.7 66.46877 14 1.00000
148.8 66.55676 14 1.00000
148.9 66.64481 14 1.00000
149.0 66.27026 14 1.00000
149.1 66.35817 14 1.00000
149.2 66.44621 14 1.00000
149.3 66.53432 14 1.00000
149.4 66.62238 14 1.00000
149.5 66.71043 14 1.00000
149.6 66.79825 14 1.00000
149.7 66.42402 14 1.00000
149.8 66.51213 14 1.00000
149.9 66.60028 14 1.00000
150.0 66.68836 14 1.00000
150.1 66.77623 14 1.00000
150.2 66.86427 14 1.00000
150.3 66.49036 14 1.00000
150.4 66.57851 14 1.00000
150.5 66.66658 14 1.00000
150.6 66.75468 14 1.00000
150.7 66.84258 14 1.00000
150.8 66.93070 14 1.00000
150.9 66.55701 14 1.00000
151.0 66.64522 14 1.00000
151.1 66.73337 14 1.00000
151.2 66.82130 14 1.00000
151.3 66.90936 14 1.00000
151.4 66.99751 14 1.00000
151.5 66.61817 14 1.00000
151.6 66.71233 14 1.00000
151.7 66.80025 14 1.00000
151.8 66.88846 14 1.00000
151.9 66.97659 14 1.00000
152.0 66.59727 14 1.00000
152.1 66.68554 14 1.00000
152.2 66.77962 14 1.00000
152.3 66.86777 14 1.00000
152.4 66.95595 14 1.00000
152.5 66.57673 14 1.00000
152.6 66.66500 14 1.00000
152.7 66.75320 14 1.00000
152.8 66.84124 14 1.00000
152.9 66.93571 14 1.00000
153.0 66.55646 14 1.00000
153.1 66.64477 14 1.00000
153.2 66.73306 14 1.00000
153.3 66.82114 14 1.00000
153.4 66.90936 14 1.00000
153.5 67.00400 14 1.00000
153.6 66.62486 14 1.00000
153.7 66.71320 14 1.00000
153.8 66.80126 14 1.00000
153.9 66.88961 14 1.00000
154.0 66.97784 14 1.00000
154.1 66.60526 14 1.00000
154.2 66.69363 14 1.00000
154.3 66.78179 14 1.00000
154.4 66.87013 14 1.00000
154.5 66.95846 14 1.00000
154.6 67.04671 14 1.00000
154.7 67.13501 14 1.00000
154.8 66.76254 14 1.00000
154.9 66.85092 14 1.00000
155.0 66.93933 14 1.00000
155.1 67.02768 14 1.00000
155.2 67.11596 14 1.00000
155.3 67.20408 14 1.00000
155.4 66.83206 14 1.00000
155.5 66.92047 14 1.00000
155.6 67.00886 14 1.00000
155.7 67.09723 14 1.00000
155.8 67.18539 14 1.00000
155.9 67.27372 14 1.00000
156.0 67.36209 14 1.00000
156.1 66.99043 14 1.00000
156.2 67.07880 14 1.00000
156.3 67.16699 14 1.00000
156.4 67.25542 14 1.00000
156.5 67.34377 14 1.00000
156.6 67.43212 14 1.00000
156.7 67.06072 14 1.00000
156.8 67.14910 14 1.00000
156.9 67.23732 14 1.00000
157.0 67.32577 14 1.00000
157.1 67.41415 14 1.00000
157.2 67.50251 14 1.00000
157.3 67.59067 14 1.00000
157.4 67.21957 14 1.00000
157.5 67.30806 14 1.00000
157.6 67.39648 14 1.00000
157.7 67.48488 14 1.00000
157.8 67.57322 14 1.00000
157.9 67.66139 14 1.00000
158.0 67.29065 14 1.00000
158.1 67.37910 14 1.00000
158.2 67.46755 14 1.00000
158.3 67.55598 14 1.00000
158.4 67.64413 14 1.00000
158.5 67.73257 14 1.00000
158.6 67.82095 14 1.00000
158.7 67.45046 14 1.00000
158.8 67.53893 14 1.00000
158.9 67.62717 14 1.00000
159.0 67.71566 14 1.00000
159.1 67.80407 14 1.00000
159.2 67.89242 14 1.00000
159.3 67.98084 14 1.00000
159.4 67.61056 14 1.00000
159.5 67.69903 14 1.00000
159.6 67.78748 14 1.00000
159.7 67.87586 14 1.00000
159.8 67.96432 14 1.00000
159.9 68.05248 14 1.00000
160.0 67.68269 14 1.00000
160.1 67.77118 14 1.00000
160.2 67.85960 14 1.00000
160.3 67.94810 14 1.00000
160.4 68.03635 14 1.00000
160.5 68.12472 14 1.00000
160.6 68.21312 14 1.00000
160.7 67.84367 14 1.00000
160.8 67.93211 14 1.00000
160.9 68.02044 14 1.00000
161.0 68.10890 14 1.00000
161.1 68.19734 14 1.00000
161.2 68.28572 14 1.00000
161.3 67.91646 14 1.00000
161.4 68.00482 14 1.00000
161.5 68.09332 14 1.00000
161.6 68.18179 14 1.00000
161.7 68.27026 14 1.00000
161.8 68.35865 14 1.00000
161.9 68.44694 14 1.00000
162.0 68.07802 14 1.00000
162.1 68.16653 14 1.00000
162.2 68.25498 14 1.00000
162.3 68.34351 14 1.00000
162.4 68.43179 14 1.00000
162.5 68.52018 14 1.00000
162.6 68.60861 14 1.00000
162.7 68.24004 14 1.00000
162.8 68.32861 14 1.00000
162.9 68.41685 14 1.00000
163.0 68.50534 14 1.00000
163.1 68.59381 14 1.00000
163.2 68.68226 14 1.00000
163.3 68.31392 14 1.00000
163.4 68.40231 14 1.00000
163.5 68.49083 14 1.00000
163.6 68.57934 14 1.00000
163.7 68.66777 14 1.00000
163.8 68.75623 14 1.00000
163.9 68.84454 14 1.00000
164.0 68.47649 14 1.00000
164.1 68.56503 14 1.00000
164.2 68.65355 14 1.00000
164.3 68.74210 14 1.00000
164.4 68.83040 14 1.00000
164.5 68.91882 14 1.00000
164.6 68.54285 14 1.00000
164.7 68.63966 14 1.00000
164.8 68.72814 14 1.00000
164.9 68.81672 14 1.00000
165.0 68.90502 14 1.00000
165.1 68.52903 14 1.00000
165.2 68.61761 14 1.00000
165.3 68.71450 14 1.00000
165.4 68.80305 14 1.00000
165.5 68.89140 14 1.00000
165.6 68.51542 14 1.00000
165.7 68.60405 14 1.00000
165.8 68.69270 14 1.00000
165.9 68.78130 14 1.00000
166.0 68.87809 14 1.00000
166.1 68.50217 14 1.00000
166.2 68.59079 14 1.00000
166.3 68.67948 14 1.00000
166.4 68.76806 14 1.00000
166.5 68.85647 14 1.00000
166.6 68.94511 14 1.00000
166.7 68.57784 14 1.00000
166.8 68.66652 14 1.00000
166.9 68.75513 14 1.00000
167.0 68.84363 14 1.00000
167.1 68.93226 14 1.00000
167.2 69.02087 14 1.00000
167.3 69.10945 14 1.00000
167.4 68.74251 14 1.00000
167.5 68.83094 14 1.00000
167.6 68.91965 14 1.00000
167.7 69.00829 14 1.00000
167.8 69.09692 14 1.00000
167.9 69.18552 14 1.00000
168.0 68.81861 14 1.00000
168.1 68.90726 14 1.00000
168.2 68.99599 14 1.00000
168.3 69.08459 14 1.00000
168.4 69.17329 14 1.00000
168.5 69.26172 14 1.00000
168.6 69.35033 14 1.00000
168.7 68.98392 14 1.00000
168.8 69.07262 14 1.00000
168.9 69.16129 14 1.00000
169.0 69.24970 14 1.00000
169.1 69.33839 14 1.00000
169.2 69.42702 14 1.00000
169.3 69.51558 14 1.00000
169.4 69.14954 14 1.00000
169.5 69.23800 14 1.00000
169.6 69.32668 14 1.00000
169.7 69.41537 14 1.00000
169.8 69.50397 14 1.00000
169.9 69.59259 14 1.00000
170.0 69.68105 14 1.00000
170.1 69.31528 14 1.00000
170.2 69.40392 14 1.00000
170.3 69.49265 14 1.00000
170.4 69.58125 14 1.00000
170.5 69.66975 14 1.00000
170.6 69.75832 14 1.00000
170.7 69.84697 14 1.00000
170.8 69.48148 14 1.00000
170.9 69.57017 14 1.00000
171.0 69.65869 14 1.00000
171.1 69.74734 14 1.00000
171.2 69.83598 14 1.00000
171.3 69.92459 14 1.00000
171.4 69.55931 14 1.00000
171.5 69.64801 14 1.00000
171.6 69.73656 14 1.00000
171.7 69.82517 14 1.00000
171.8 69.91383 14 1.00000
171.9 70.00250 14 1.00000
172.0 70.09093 14 1.00000
172.1 69.72601 14 1.00000
172.2 69.81466 14 1.00000
172.3 69.90339 14 1.00000
172.4 69.99205 14 1.00000
172.5 70.08051 14 1.00000
172.6 70.16908 14 1.00000
172.7 70.25774 14 1.00000
172.8 69.89308 14 1.00000
172.9 69.98177 14 1.00000
173.0 70.07050 14 1.00000
173.1 70.15892 14 1.00000
173.2 70.24762 14 1.00000
173.3 70.33620 14 1.00000
173.4 70.42480 14 1.00000
173.5 70.06055 14 1.00000
173.6 70.14899 14 1.00000
173.7 70.23772 14 1.00000
173.8 70.32637 14 1.00000
173.9 70.41496 14 1.00000
174.0 70.50340 14 1.00000
174.1 70.59200 14 1.00000
174.2 70.22804 14 1.00000
174.3 70.31673 14 1.00000
174.4 70.40540 14 1.00000
174.5 70.49406 14 1.00000
174.6 70.58250 14 1.00000
174.7 70.67112 14 1.00000
174.8 70.75972 14 1.00000
174.9 70.39597 14 1.00000
175.0 70.48465 14 1.00000
175.1 70.57317 14 1.00000
175.2 70.66177 14 1.00000
175.3 70.75045 14 1.00000
175.4 70.83906 14 1.00000
175.5 70.92747 14 1.00000
175.6 70.56401 14 1.00000
175.7 70.65274 14 1.00000
175.8 70.74140 14 1.00000
175.9 70.82999 14 1.00000
176.0 70.91862 14 1.00000
176.1 71.00709 14 1.00000
176.2 71.09563 14 1.00000
176.3 70.73257 14 1.00000
176.4 70.82124 14 1.00000
176.5 70.90984 14 1.00000
176.6 70.99829 14 1.00000
176.7 71.08691 14 1.00000
176.8 71.17557 14 1.00000
176.9 71.26415 14 1.00000
177.0 70.90128 14 1.00000
177.1 70.98981 14 1.00000
177.2 71.07846 14 1.00000
177.3 71.16705 14 1.00000
177.4 71.25566 14 1.00000
177.5 71.34431 14 1.00000
177.6 71.43265 14 1.00000
177.7 71.07017 14 1.00000
177.8 71.15878 14 1.00000
177.9 71.24747 14 1.00000
178.0 71.33605 14 1.00000
178.1 71.42447 14 1.00000
178.2 71.51306 14 1.00000
178.3 71.60168 14 1.00000
178.4 71.23940 14 1.00000
178.5 71.32805 14 1.00000
178.6 71.41650 14 1.00000
178.7 71.50512 14 1.00000
178.8 71.59373 14 1.00000
178.9 71.68236 14 1.00000
179.0 71.77087 14 1.00000
179.1 71.40878 14 1.00000
179.2 71.49742 14 1.00000
179.3 71.58605 14 1.00000
179.4 71.67467 14 1.00000
179.5 71.76326 14 1.00000
179.6 71.85165 14 1.00000
179.7 71.94016 14 1.00000
179.8 71.57854 14 1.00000
179.9 71.66718 14 1.00000
180.0 71.75576 14 1.00000
180.1 71.84418 14 1.00000
180.2 71.93276 14 1.00000
180.3 71.56139 14 1.00000
180.4 71.65012 14 1.00000
180.5 71.74854 14 1.00000
180.6 71.83698 14 1.00000
180.7 71.92560 14 1.00000
180.8 71.55420 14 1.00000
180.9 71.64290 14 1.00000
181.0 71.73158 14 1.00000
181.1 71.82011 14 1.00000
181.2 71.91859 14 1.00000
181.3 71.54725 14 1.00000
181.4 71.63598 14 1.00000
181.5 71.72465 14 1.00000
181.6 71.81315 14 1.00000
181.7 71.90182 14 1.00000
181.8 71.99052 14 1.00000
181.9 71.62920 14 1.00000
182.0 71.71793 14 1.00000
182.1 71.80646 14 1.00000
182.2 71.89516 14 1.00000
182.3 71.98385 14 1.00000
182.4 72.07246 14 1.00000
182.5 72.16116 14 1.00000
182.6 71.79987 14 1.00000
182.7 71.88860 14 1.00000
182.8 71.97736 14 1.00000
182.9 72.06605 14 1.00000
183.0 72.15472 14 1.00000
183.1 72.24319 14 1.00000
183.2 72.33183 14 1.00000
183.3 71.97104 14 1.00000
183.4 72.05976 14 1.00000
183.5 72.14841 14 1.00000
183.6 72.23691 14 1.00000
183.7 72.32557 14 1.00000
183.8 72.41427 14 1.00000
183.9 72.50285 14 1.00000
184.0 72.59151 14 1.00000
184.1 72.23085 14 1.00000
184.2 72.31954 14 1.00000
184.3 72.40822 14 1.00000
184.4 72.49693 14 1.00000
184.5 72.58551 14 1.00000
184.6 72.67394 14 1.00000
184.7 72.76259 14 1.00000
184.8 72.40244 14 1.00000
184.9 72.49111 14 1.00000
185.0 72.57978 14 1.00000
185.1 72.66818 14 1.00000
185.2 72.75686 14 1.00000
185.3 72.84547 14 1.00000
185.4 72.93401 14 1.00000
185.5 72.57412 14 1.00000
185.6 72.66265 14 1.00000
185.7 72.75126 14 1.00000
185.8 72.83994 14 1.00000
185.9 72.92856 14 1.00000
186.0 73.01716 14 1.00000
186.1 73.10555 14 1.00000
186.2 72.74591 14 1.00000
186.3 72.83456 14 1.00000
186.4 72.92321 14 1.00000
186.5 73.01183 14 1.00000
186.6 73.10020 14 1.00000
186.7 73.18884 14 1.00000
186.8 73.27737 14 1.00000
186.9 72.91798 14 1.00000
187.0 73.00663 14 1.00000
187.1 73.09512 14 1.00000
187.2 73.18374 14 1.00000
187.3 73.27233 14 1.00000
187.4 73.36091 14 1.00000
187.5 73.44944 14 1.00000
187.6 73.53782 14 1.00000
187.7 73.17878 14 1.00000
187.8 73.26740 14 1.00000
187.9 73.35596 14 1.00000
188.0 73.44453 14 1.00000
188.1 73.53297 14 1.00000
188.2 73.62151 14 1.00000
188.3 73.70999 14 1.00000
188.4 73.35126 14 1.00000
188.5 73.43987 14 1.00000
188.6 73.52822 14 1.00000
188.7 73.61679 14 1.00000
188.8 73.70540 14 1.00000
188.9 73.79393 14 1.00000
189.0 73.88240 14 1.00000
189.1 73.52371 14 1.00000
189.2 73.61231 14 1.00000
189.3 73.70084 14 1.00000
189.4 73.78944 14 1.00000
189.5 73.87794 14 1.00000
189.6 73.96628 14 1.00000
189.7 74.05478 14 1.00000
189.8 74.14327 14 1.00000
189.9 73.78511 14 1.00000
190.0 73.87363 14 1.00000
190.1 73.96199 14 1.00000
190.2 74.05052 14 1.00000
190.3 74.13908 14 1.00000
190.4 74.22758 14 1.00000
190.5 74.31605 14 1.00000
190.6 73.95789 14 1.00000
190.7 74.04639 14 1.00000
190.8 74.13493 14 1.00000
190.9 74.22350 14 1.00000
191.0 74.31199 14 1.00000
191.1 74.40028 14 1.00000
191.2 74.48875 14 1.00000
191.3 74.13097 14 1.00000
191.4 74.21956 14 1.00000
191.5 74.30807 14 1.00000
191.6 74.39639 14 1.00000
191.7 74.48488 14 1.00000
191.8 74.57330 14 1.00000
191.9 74.66180 14 1.00000
192.0 74.75018 14 1.00000
192.1 74.39259 14 1.00000
192.2 74.48109 14 1.00000
192.3 74.56958 14 1.00000
192.4 74.65805 14 1.00000
192.5 74.74655 14 1.00000
192.6 74.83479 14 1.00000
192.7 74.92321 14 1.00000
192.8 74.56604 14 1.00000
192.9 74.65449 14 1.00000
193.0 74.74296 14 1.00000
193.1 74.83123 14 1.00000
193.2 74.91972 14 1.00000
193.3 75.00814 14 1.00000
193.4 75.09654 14 1.00000
193.5 75.18492 14 1.00000
193.6 74.82789 14 1.00000
193.7 74.91634 14 1.00000
193.8 75.00478 14 1.00000
193.9 75.09316 14 1.00000
194.0 75.18162 14 1.00000
194.1 75.26977 14 1.00000
194.2 75.35814 14 1.00000
194.3 75.00156 14 1.00000
194.4 75.09000 14 1.00000
194.5 75.17843 14 1.00000
194.6 75.26665 14 1.00000
194.7 75.35505 14 1.00000
194.8 75.44342 14 1.00000
194.9 75.53173 14 1.00000
195.0 75.17539 14 1.00000
195.1 75.26382 14 1.00000
195.2 75.35210 14 1.00000
195.3 75.44051 14 1.00000
195.4 75.52888 14 1.00000
195.5 75.61725 14 1.00000
195.6 75.70555 14 1.00000
195.7 75.79374 14 1.00000
195.8 75.43777 14 1.00000
195.9 75.52622 14 1.00000
196.0 75.61461 14 1.00000
196.1 75.70293 14 1.00000
196.2 75.79110 14 1.00000
196.3 75.87949 14 1.00000
196.4 75.96780 14 1.00000
196.5 75.61214 14 1.00000
196.6 75.70054 14 1.00000
196.7 75.78873 14 1.00000
196.8 75.87710 14 1.00000
196.9 75.96544 14 1.00000
197.0 76.05382 14 1.00000
197.1 76.14212 14 1.00000
197.2 76.23018 14 1.00000
197.3 75.87502 14 1.00000
197.4 75.96339 14 1.00000
197.5 76.05170 14 1.00000
197.6 76.14008 14 1.00000
197.7 76.22821 14 1.00000
197.8 76.31651 14 1.00000
197.9 76.40474 14 1.00000
198.0 76.04990 14 1.00000
198.1 76.13825 14 1.00000
198.2 76.22641 14 1.00000
198.3 76.31474 14 1.00000
198.4 76.40299 14 1.00000
198.5 76.03790 14 1.00000
198.6 76.12629 14 1.00000
198.7 76.21448 14 1.00000
198.8 76.31318 14 1.00000
198.9 76.40146 14 1.00000
199.0 76.03639 14 1.00000
199.1 76.12486 14 1.00000
199.2 76.21307 14 1.00000
199.3 76.30140 14 1.00000
199.4 76.38976 14 1.00000
199.5 76.47815 14 1.00000
199.6 76.12360 14 1.00000
199.7 76.21184 14 1.00000
199.8 76.30024 14 1.00000
199.9 76.38857 14 1.00000
200.0 76.47694 14 1.00000
200.1 76.56535 14 1.00000
200.2 76.65350 14 1.00000
200.3 76.29925 14 1.00000
200.4 76.38766 14 1.00000
200.5 76.47601 14 1.00000
200.6 76.56442 14 1.00000
200.7 76.65260 14 1.00000
200.8 76.74094 14 1.00000
200.9 76.82926 14 1.00000
201.0 76.91756 14 1.00000
201.1 76.56373 14 1.00000
201.2 76.65188 14 1.00000
201.3 76.74030 14 1.00000
201.4 76.82859 14 1.00000
201.5 76.91692 14 1.00000
201.6 77.00523 14 1.00000
201.7 77.09339 14 1.00000
201.8 76.73981 14 1.00000
201.9 76.82819 14 1.00000
202.0 76.91654 14 1.00000
202.1 77.00488 14 1.00000
202.2 77.09302 14 1.00000
202.3 77.18137 14 1.00000
202.4 77.26960 14 1.00000
202.5 77.35786 14 1.00000
202.6 77.00479 14 1.00000
202.7 77.09290 14 1.00000
202.8 77.18127 14 1.00000
202.9 77.26954 14 1.00000
203.0 77.35787 14 1.00000
203.1 77.44610 14 1.00000
203.2 77.53423 14 1.00000
203.3 77.62246 14 1.00000
203.4 77.26969 14 1.00000
203.5 77.35800 14 1.00000
203.6 77.44630 14 1.00000
203.7 77.53445 14 1.00000
203.8 77.62271 14 1.00000
203.9 77.71096 14 1.00000
204.0 77.79913 14 1.00000
204.1 77.44677 14 1.00000
204.2 77.53484 14 1.00000
204.3 77.62313 14 1.00000
204.4 77.71145 14 1.00000
204.5 77.79965 14 1.00000
204.6 77.88793 14 1.00000
204.7 77.97597 14 1.00000
204.8 78.06412 14 1.00000
204.9 77.71211 14 1.00000
205.0 77.80043 14 1.00000
205.1 77.88864 14 1.00000
205.2 77.97671 14 1.00000
205.3 78.06498 14 1.00000
205.4 78.15318 14 1.00000
205.5 78.24132 14 1.00000
205.6 78.32949 14 1.00000
205.7 77.97770 14 1.00000
205.8 78.06595 14 1.00000
205.9 78.15423 14 1.00000
206.0 78.24239 14 1.00000
206.1 78.33064 14 1.00000
206.2 78.41879 14 1.00000
206.3 78.50674 14 1.00000
206.4 78.59493 14 1.00000
206.5 78.24373 14 1.00000
206.6 78.33189 14 1.00000
206.7 78.41995 14 1.00000
206.8 78.50810 14 1.00000
206.9 78.59627 14 1.00000
207.0 78.68446 14 1.00000
207.1 78.77255 14 1.00000
207.2 78.42152 14 1.00000
207.3 78.50967 14 1.00000
207.4 78.59792 14 1.00000
207.5 78.68609 14 1.00000
207.6 78.77419 14 1.00000
207.7 78.86238 14 1.00000
207.8 78.95027 14 1.00000
207.9 79.03843 14 1.00000
208.0 78.68787 14 1.00000
208.1 78.77610 14 1.00000
208.2 78.86421 14 1.00000
208.3 78.95223 14 1.00000
208.4 79.04031 14 1.00000
208.5 79.12842 14 1.00000
208.6 79.21656 14 1.00000
208.7 79.30463 14 1.00000
208.8 78.95430 14 1.00000
208.9 79.04245 14 1.00000
209.0 79.13064 14 1.00000
209.1 79.21870 14 1.00000
209.2 79.30680 14 1.00000
209.3 79.39471 14 1.00000
209.4 79.48277 14 1.00000
209.5 79.57082 14 1.00000
209.6 79.22115 14 1.00000
209.7 79.30928 14 1.00000
209.8 79.39720 14 1.00000
209.9 79.48524 14 1.00000
210.0 79.57336 14 1.00000
210.1 79.66137 14 1.00000
210.2 79.74945 14 1.00000
210.3 79.83730 14 1.00000
210.4 79.48798 14 1.00000
210.5 79.57603 14 1.00000
210.6 79.66411 14 1.00000
210.7 79.75217 14 1.00000
210.8 79.84003 14 1.00000
210.9 79.92810 14 1.00000
211.0 80.01611 14 1.00000
211.1 80.10405 14 1.00000
211.2 79.75513 14 1.00000
211.3 79.84303 14 1.00000
211.4 79.93112 14 1.00000
211.5 80.01915 14 1.00000
211.6 80.10717 14 1.00000
211.7 80.19511 14 1.00000
211.8 80.28297 14 1.00000
211.9 80.37093 14 1.00000
212.0 80.02241 14 1.00000
212.1 80.11044 14 1.00000
212.2 80.19842 14 1.00000
212.3 80.28629 14 1.00000
212.4 80.37428 14 1.00000
212.5 80.46220 14 1.00000
212.6 80.55015 14 1.00000
212.7 80.63808 14 1.00000
212.8 80.28978 14 1.00000
212.9 80.37778 14 1.00000
213.0 80.46583 14 1.00000
213.1 80.55380 14 1.00000
213.2 80.64176 14 1.00000
213.3 80.72970 14 1.00000
213.4 80.81740 14 1.00000
213.5 80.90535 14 1.00000
213.6 80.55762 14 1.00000
213.7 80.64560 14 1.00000
213.8 80.73338 14 1.00000
213.9 80.82128 14 1.00000
214.0 80.90921 14 1.00000
214.1 80.99718 14 1.00000
214.2 81.08507 14 1.00000
214.3 80.73741 14 1.00000
214.4 80.82543 14 1.00000
214.5 80.91338 14 1.00000
214.6 81.00132 14 1.00000
214.7 81.08919 14 1.00000
214.8 81.17714 14 1.00000
214.9 81.26485 14 1.00000
215.0 81.35271 14 1.00000
215.1 81.00567 14 1.00000
215.2 81.09361 14 1.00000
215.3 81.18149 14 1.00000
215.4 81.26922 14 1.00000
215.5 81.35715 14 1.00000
215.6 81.44503 14 1.00000
215.7 81.53288 14 1.00000
215.8 81.62067 14 1.00000
215.9 81.70837 14 1.00000
216.0 81.36176 14 1.00000
216.1 81.44971 14 1.00000
216.2 81.53759 14 1.00000
216.3 81.62545 14 1.00000
216.4 81.71307 14 1.00000
216.5 81.80095 14 1.00000
216.6 81.88876 14 1.00000
216.7 81.97650 14 1.00000
216.8 81.63033 14 1.00000
216.9 81.71803 14 1.00000
217.0 81.80588 14 1.00000
217.1 81.89376 14 1.00000
217.2 81.98153 14 1.00000
217.3 82.06937 14 1.00000
217.4 82.15698 14 1.00000
217.5 82.24470 14 1.00000
217.6 81.89896 14 1.00000
217.7 81.98676 14 1.00000
217.8 82.07458 14 1.00000
217.9 82.16222 14 1.00000
218.0 82.25005 14 1.00000
218.1 82.33778 14 1.00000
218.2 82.42558 14 1.00000
218.3 82.51331 14 1.00000
218.4 82.16775 14 1.00000
218.5 82.25555 14 1.00000
218.6 82.34331 14 1.00000
218.7 82.43108 14 1.00000
218.8 82.51889 14 1.00000
218.9 82.60664 14 1.00000
219.0 82.69414 14 1.00000
219.1 82.78185 14 1.00000
219.2 82.43689 14 1.00000
219.3 82.52467 14 1.00000
219.4 82.61244 14 1.00000
219.5 82.69997 14 1.00000
219.6 82.78770 14 1.00000
219.7 82.87547 14 1.00000
219.8 82.51882 14 1.00000
219.9 82.60657 14 1.00000
220.0 82.70605 14 1.00000
220.1 82.79381 14 1.00000
220.2 82.43710 14 1.00000
220.3 82.52493 14 1.00000
220.4 82.61275 14 1.00000
220.5 82.70033 14 1.00000
220.6 82.78812 14 1.00000
220.7 82.87589 14 1.00000
220.8 82.53125 14 1.00000
220.9 82.61909 14 1.00000
221.0 82.70670 14 1.00000
221.1 82.79450 14 1.00000
221.2 82.88229 14 1.00000
221.3 82.97007 14 1.00000
221.4 83.05782 14 1.00000
221.5 83.14544 14 1.00000
221.6 82.80109 14 1.00000
221.7 82.88895 14 1.00000
221.8 82.97675 14 1.00000
221.9 83.06448 14 1.00000
222.0 83.15208 14 1.00000
222.1 83.23987 14 1.00000
222.2 83.32755 14 1.00000
222.3 83.41527 14 1.00000
222.4 83.07140 14 1.00000
222.5 83.15897 14 1.00000
222.6 83.24678 14 1.00000
222.7 83.33453 14 1.00000
222.8 83.42227 14 1.00000
222.9 83.50994 14 1.00000
223.0 83.59747 14 1.00000
223.1 83.68515 14 1.00000
223.2 83.77282 14 1.00000
223.3 83.42938 14 1.00000
223.4 83.51717 14 1.00000
223.5 83.60472 14 1.00000
223.6 83.69238 14 1.00000
223.7 83.78012 14 1.00000
223.8 83.86775 14 1.00000
223.9 83.95541 14 1.00000
224.0 84.04310 14 1.00000
224.1 83.69981 14 1.00000
224.2 83.78753 14 1.00000
224.3 83.87523 14 1.00000
224.4 83.96295 14 1.00000
224.5 84.05057 14 1.00000
224.6 84.13809 14 1.00000
224.7 84.22568 14 1.00000
224.8 84.31329 14 1.00000
224.9 83.97066 14 1.00000
225.0 84.05812 14 1.00000
225.1 84.14579 14 1.00000
225.2 84.23344 14 1.00000
225.3 84.32108 14 1.00000
225.4 84.40875 14 1.00000
225.5 84.49630 14 1.00000
225.6 84.58376 14 1.00000
225.7 84.24147 14 1.00000
225.8 84.32908 14 1.00000
225.9 84.41672 14 1.00000
226.0 84.50439 14 1.00000
226.1 84.59178 14 1.00000
226.2 84.67942 14 1.00000
226.3 84.76700 14 1.00000
226.4 84.85455 14 1.00000
226.5 84.94205 14 1.00000
226.6 84.60004 14 1.00000
226.7 84.68771 14 1.00000
226.8 84.77531 14 1.00000
226.9 84.86289 14 1.00000
227.0 84.95045 14 1.00000
227.1 85.03778 14 1.00000
227.2 85.12536 14 1.00000
227.3 85.21283 14 1.00000
227.4 84.87142 14 1.00000
227.5 84.95896 14 1.00000
227.6 85.04636 14 1.00000
227.7 85.13396 14 1.00000
227.8 85.22150 14 1.00000
227.9 85.30898 14 1.00000
228.0 85.39653 14 1.00000
228.1 85.48402 14 1.00000
228.2 85.57127 14 1.00000
228.3 85.23033 14 1.00000
228.4 85.31783 14 1.00000
228.5 85.40535 14 1.00000
228.6 85.49286 14 1.00000
228.7 85.58018 14 1.00000
228.8 85.66771 14 1.00000
228.9 85.75517 14 1.00000
229.0 85.84261 14 1.00000
229.1 85.50195 14 1.00000
229.2 85.58935 14 1.00000
229.3 85.67685 14 1.00000
229.4 85.76428 14 1.00000
229.5 85.85175 14 1.00000
229.6 85.93920 14 1.00000
229.7 86.02646 14 1.00000
229.8 86.11393 14 1.00000
229.9 85.77364 14 1.00000
230.0 85.86113 14 1.00000
230.1 85.94865 14 1.00000
230.2 86.03589 14 1.00000
230.3 86.12337 14 1.00000
230.4 86.21077 14 1.00000
230.5 86.29816 14 1.00000
230.6 86.38560 14 1.00000
230.7 86.47292 14 1.00000
230.8 86.13298 14 1.00000
230.9 86.22043 14 1.00000
231.0 86.30790 14 1.00000
231.1 86.39532 14 1.00000
231.2 86.48267 14 1.00000
231.3 86.56987 14 1.00000
231.4 86.65729 14 1.00000
231.5 86.74463 14 1.00000
231.6 86.40518 14 1.00000
231.7 86.49265 14 1.00000
231.8 86.57983 14 1.00000
231.9 86.66722 14 1.00000
232.0 86.75464 14 1.00000
232.1 86.84194 14 1.00000
232.2 86.92933 14 1.00000
232.3 87.01648 14 1.00000
232.4 87.10376 14 1.00000
232.5 86.76484 14 1.00000
232.6 86.85222 14 1.00000
232.7 86.93958 14 1.00000
232.8 87.02670 14 1.00000
232.9 87.11407 14 1.00000
233.0 87.20134 14 1.00000
233.1 87.28868 14 1.00000
233.2 87.37596 14 1.00000
233.3 87.03717 14 1.00000
233.4 87.12457 14 1.00000
233.5 87.21185 14 1.00000
233.6 87.29922 14 1.00000
233.7 87.38647 14 1.00000
233.8 87.47380 14 1.00000
233.9 87.56090 14 1.00000
234.0 87.64810 14 1.00000
234.1 87.73534 14 1.00000
234.2 87.39727 14 1.00000
234.3 87.48453 14 1.00000
234.4 87.57165 14 1.00000
234.5 87.65897 14 1.00000
234.6 87.74623 14 1.00000
234.7 87.83347 14 1.00000
234.8 87.92065 14 1.00000
234.9 88.00769 14 1.00000
235.0 87.66999 14 1.00000
235.1 87.75722 14 1.00000
235.2 87.84454 14 1.00000
235.3 87.93178 14 1.00000
235.4 88.01879 14 1.00000
235.5 88.10601 14 1.00000
235.6 88.19321 14 1.00000
235.7 88.28040 14 1.00000
235.8 88.36756 14 1.00000
235.9 88.03010 14 1.00000
236.0 88.11733 14 1.00000
236.1 88.20456 14 1.00000
236.2 88.29181 14 1.00000
236.3 88.37900 14 1.00000
236.4 88.46613 14 1.00000
236.5 88.55312 14 1.00000
236.6 88.64030 14 1.00000
236.7 88.30338 14 1.00000
236.8 88.39059 14 1.00000
236.9 88.47773 14 1.00000
237.0 88.56479 14 1.00000
237.1 88.65195 14 1.00000
237.2 88.73905 14 1.00000
237.3 88.82623 14 1.00000
237.4 88.91330 14 1.00000
237.5 89.00028 14 1.00000
237.6 88.66380 14 1.00000
237.7 88.75092 14 1.00000
237.8 88.83807 14 1.00000
237.9 88.92526 14 1.00000
238.0 89.01217 14 1.00000
238.1 89.09927 14 1.00000
238.2 89.18636 14 1.00000
238.3 89.27348 14 1.00000
238.4 89.36054 14 1.00000
238.5 89.02430 14 1.00000
238.6 89.11143 14 1.00000
238.7 89.19859 14 1.00000
238.8 89.28568 14 1.00000
238.9 89.37276 14 1.00000
239.0 89.45982 14 1.00000
239.1 89.54666 14 1.00000
239.2 89.63374 14 1.00000
239.3 89.29807 14 1.00000
239.4 89.38518 14 1.00000
239.5 89.47226 14 1.00000
239.6 89.55917 14 1.00000
239.7 89.64617 14 1.00000
239.8 89.73326 14 1.00000
239.9 89.82023 14 1.00000
240.0 89.90724 14 1.00000
240.1 89.99428 14 1.00000
240.2 89.65889 14 1.00000
240.3 89.74595 14 1.00000
240.4 89.83300 14 1.00000
240.5 89.91998 14 1.00000
240.6 90.00699 14 1.00000
240.7 90.09382 14 1.00000
240.8 90.18080 14 1.00000
240.9 90.26781 14 1.00000
241.0 90.35472 14 1.00000
241.1 90.01983 14 1.00000
241.2 90.10680 14 1.00000
241.3 90.19380 14 1.00000
241.4 90.28078 14 1.00000
241.5 90.36776 14 1.00000
241.6 90.45477 14 1.00000
241.7 90.54154 14 1.00000
241.8 90.62846 14 1.00000
241.9 90.71532 14 1.00000
242.0 90.38104 14 1.00000
242.1 90.46802 14 1.00000
242.2 90.55477 14 1.00000
242.3 90.64172 14 1.00000
242.4 90.72870 14 1.00000
242.5 90.81556 14 1.00000
242.6 90.90251 14 1.00000
242.7 90.98940 14 1.00000
242.8 90.65520 14 1.00000
242.9 90.74216 14 1.00000
243.0 90.82910 14 1.00000
243.1 90.91607 14 1.00000
243.2 91.00298 14 1.00000
243.3 91.08970 14 1.00000
243.4 91.17653 14 1.00000
243.5 91.26344 14 1.00000
243.6 91.35023 14 1.00000
243.7 91.01675 14 1.00000
243.8 91.10345 14 1.00000
243.9 91.19034 14 1.00000
244.0 91.27722 14 1.00000
244.1 91.36409 14 1.00000
244.2 91.45099 14 1.00000
244.3 91.53782 14 1.00000
244.4 91.62447 14 1.00000
244.5 91.71124 14 1.00000
244.6 91.37819 14 1.00000
244.7 91.46506 14 1.00000
244.8 91.55170 14 1.00000
244.9 91.63854 14 1.00000
245.0 91.72537 14 1.00000
245.1 91.81218 14 1.00000
245.2 91.89902 14 1.00000
245.3 91.96345 14 1.00000
245.4 92.05019 14 1.00000
245.5 91.73969 14 1.00000
245.6 91.82658 14 1.00000
245.7 91.89091 14 1.00000
245.8 91.97778 14 1.00000
245.9 92.06455 14 1.00000
246.0 92.15124 14 1.00000
246.1 92.23798 14 1.00000
246.2 92.32475 14 1.00000
246.3 92.41154 14 1.00000
246.4 92.07899 14 1.00000
246.5 92.16581 14 1.00000
246.6 92.25256 14 1.00000
246.7 92.33936 14 1.00000
246.8 92.42619 14 1.00000
246.9 92.51286 14 1.00000
247.0 92.59949 14 1.00000
247.1 92.68622 14 1.00000
247.2 92.77288 14 1.00000
247.3 92.44096 14 1.00000
247.4 92.52770 14 1.00000
247.5 92.61435 14 1.00000
247.6 92.70106 14 1.00000
247.7 92.78784 14 1.00000
247.8 92.87451 14 1.00000
247.9 92.96122 14 1.00000
248.0 93.04796 14 1.00000
248.1 93.13443 14 1.00000
248.2 92.80294 14 1.00000
248.3 92.88964 14 1.00000
248.4 92.97636 14 1.00000
248.5 93.06313 14 1.00000
248.6 93.14961 14 1.00000
248.7 93.23634 14 1.00000
248.8 93.32297 14 1.00000
248.9 93.40967 14 1.00000
249.0 93.49629 14 1.00000
249.1 93.16499 14 1.00000
249.2 93.25169 14 1.00000
249.3 93.33839 14 1.00000
249.4 93.42506 14 1.00000
249.5 93.51172 14 1.00000
249.6 93.59836 14 1.00000
249.7 93.68483 14 1.00000
249.8 93.77144 14 1.00000
249.9 93.85804 14 1.00000
250.0 93.52742 14 1.00000
