15.0 1.43926 13 0.04395
15.1 1.44687 13 0.04433
15.2 1.45447 13 0.04470
15.3 1.46207 13 0.04502
15.4 1.46967 13 0.04539
15.5 1.47728 13 0.04574
15.6 1.48488 13 0.04610
15.7 1.49248 13 0.04645
15.8 1.50008 13 0.04679
15.9 1.50767 13 0.04714
16.0 1.51527 13 0.04747
16.1 1.52287 13 0.04781
16.2 1.53047 13 0.04814
16.3 1.53806 13 0.04846
16.4 1.54566 13 0.04879
16.5 1.55325 13 0.04911
16.6 1.56084 13 0.04942
16.7 1.56843 13 0.04973
16.8 1.57602 13 0.04998
16.9 1.58361 13 0.05029
17.0 1.59120 13 0.05059
17.1 1.59879 13 0.05089
17.2 1.60638 13 0.05118
17.3 1.61396 13 0.05148
17.4 1.62154 13 0.05176
17.5 1.62913 13 0.05205
17.6 1.63671 13 0.05233
17.7 1.64429 13 0.05261
17.8 1.65187 13 0.05289
17.9 1.65944 13 0.05316
18.0 1.66702 13 0.05344
18.1 1.67459 13 0.05370
18.2 1.68217 13 0.05397
18.3 1.68974 13 0.05423
18.4 1.69731 13 0.05449
18.5 1.70487 13 0.05475
18.6 1.71244 13 0.05501
18.7 1.72001 13 0.05526
18.8 1.72859 13 0.05559
18.9 1.74085 13 0.05619
19.0 1.75319 13 0.05680
19.1 1.76563 13 0.05741
19.2 1.77817 13 0.05802
19.3 1.79079 13 0.05864
19.4 1.80351 13 0.05926
19.5 1.81632 13 0.05988
19.6 1.82923 13 0.06051
19.7 1.84223 13 0.06113
19.8 1.85533 13 0.06176
19.9 1.86853 13 0.06250
20.0 1.88182 13 0.06313
20.1 1.89521 13 0.06378
20.2 1.90870 13 0.06442
20.3 1.92229 13 0.06507
20.4 17.56721 14 1.00000
20.5 17.64640 14 1.00000
20.6 17.72355 14 1.00000
20.7 17.77356 14 1.00000
20.8 17.85020 14 1.00000
20.9 17.92669 14 1.00000
21.0 18.00303 14 1.00000
21.1 18.07906 14 1.00000
21.2 18.15574 14 1.00000
21.3 18.23291 14 1.00000
21.4 18.30870 14 1.00000
21.5 18.35506 14 1.00000
21.6 18.43015 14 1.00000
21.7 18.50494 14 1.00000
21.8 18.57948 14 1.00000
21.9 18.65384 14 1.00000
22.0 18.73055 14 1.00000
22.1 18.80488 14 1.00000
22.2 18.87846 14 1.00000
22.3 18.92143 14 1.00000
22.4 18.99467 14 1.00000
22.5 19.06774 14 1.00000
22.6 19.14061 14 1.00000
22.7 19.21295 14 1.00000
22.8 19.28787 14 1.00000
22.9 19.36003 14 1.00000
23.0 19.40005 14 1.00000
23.1 19.47175 14 1.00000
23.2 19.54326 14 1.00000
23.3 5.53553 14 0.24770
23.4 5.64690 14 0.25270
23.5 5.75967 14 0.25771
23.6 5.87381 14 0.26277
23.7 5.98930 14 0.26788
23.8 6.10474 14 0.27342
23.9 6.22268 14 0.27860
24.0 6.34198 14 0.28382
24.1 6.46265 14 0.28907
24.2 6.58466 14 0.29436
24.3 6.70830 14 0.29965
24.4 6.83309 14 0.30501
24.5 6.95920 14 0.31041
24.6 7.08296 14 0.31622
24.7 7.21152 14 0.32169
24.8 7.34140 14 0.32719
24.9 7.47264 14 0.33272
25.0 7.60549 14 0.33828
25.1 7.73972 14 0.34386
25.2 7.87500 14 0.34951
25.3 8.00570 14 0.35553
25.4 8.14340 14 0.36124
25.5 8.28243 14 0.36698
25.6 8.42280 14 0.37275
25.7 8.56451 14 0.37856
25.8 8.70832 14 0.38437
25.9 8.85276 14 0.39025
26.0 8.99002 14 0.39649
26.1 9.13675 14 0.40243
26.2 9.28484 14 0.40840
26.3 9.43424 14 0.41441
26.4 9.58498 14 0.42044
26.5 9.73755 14 0.42650
26.6 9.89147 14 0.43259
26.7 10.04615 14 0.43873
26.8 10.19052 14 0.44520
26.9 10.34752 14 0.45140
27.0 10.50584 14 0.45763
27.1 10.66548 14 0.46390
27.2 10.82644 14 0.47019
27.3 10.98994 14 0.47649
27.4 11.15345 14 0.48286
27.5 11.30345 14 0.48953
27.6 11.46923 14 0.49595
27.7 11.63631 14 0.50240
27.8 11.80468 14 0.50888
27.9 11.97430 14 0.51540
28.0 12.14701 14 0.52192
28.1 12.31902 14 0.52850
28.2 12.49247 14 0.53511
28.3 12.64843 14 0.54201
28.4 12.82410 14 0.54867
28.5 13.00099 14 0.55537
28.6 13.17906 14 0.56210
28.7 13.35825 14 0.56887
28.8 13.54145 14 0.57563
28.9 13.72315 14 0.58246
29.0 13.88345 14 0.58954
29.1 14.06743 14 0.59643
29.2 14.25260 14 0.60334
29.3 14.43891 14 0.61028
29.4 14.62645 14 0.61725
29.5 14.81818 14 0.62423
29.6 15.00853 14 0.63126
29.7 15.17231 14 0.63854
29.8 15.36437 14 0.64563
29.9 15.55747 14 0.65275
30.0 15.75180 14 0.65990
30.1 15.94732 14 0.66708
30.2 16.14403 14 0.67430
30.3 16.34574 14 0.68152
30.4 16.54526 14 0.68879
30.5 16.71272 14 0.69627
30.6 16.91339 14 0.70360
30.7 17.11537 14 0.71095
30.8 17.31857 14 0.71834
30.9 17.52298 14 0.72576
31.0 17.73114 14 0.73319
31.1 17.93989 14 0.74066
31.2 18.10873 14 0.74832
31.3 18.31741 14 0.75585
31.4 18.52727 14 0.76341
31.5 18.73774 14 0.77100
31.6 18.94936 14 0.77862
31.7 19.16210 14 0.78627
31.8 19.38127 14 0.79394
31.9 19.59642 14 0.80164
32.0 19.76598 14 0.80951
32.1 19.98289 14 0.81727
32.2 20.20094 14 0.82506
32.3 20.42002 14 0.83288
32.4 20.64022 14 0.84073
32.5 20.86199 14 0.84860
32.6 21.08832 14 0.85650
32.7 21.25630 14 0.86453
32.8 21.47984 14 0.87250
32.9 21.70446 14 0.88049
33.0 21.93013 14 0.88851
33.1 22.15684 14 0.89655
33.2 22.38442 14 0.90463
33.3 22.61983 14 0.91273
33.4 22.84979 14 0.92087
33.5 23.01437 14 0.92909
33.6 23.24506 14 0.93727
33.7 23.47689 14 0.94549
33.8 23.70959 14 0.95374
33.9 23.94327 14 0.96201
34.0 24.17752 14 0.97032
34.1 24.42090 14 0.97865
34.2 24.58271 14 0.98702
34.3 24.81895 14 0.99541
34.4 24.96428 14 1.00000
34.5 24.99875 14 1.00000
34.6 25.03304 14 1.00000
34.7 25.06650 14 1.00000
34.8 25.09978 14 1.00000
34.9 25.14135 14 1.00000
35.0 25.09411 14 1.00000
35.1 25.12595 14 1.00000
35.2 25.15754 14 1.00000
35.3 25.06446 14 1.00000
35.4 25.09542 14 1.00000
35.5 25.12585 14 1.00000
35.6 25.15576 14 1.00000
35.7 25.11132 14 1.00000
35.8 25.00418 14 1.00000
35.9 25.03337 14 1.00000
36.0 25.06233 14 1.00000
36.1 25.09086 14 1.00000
36.2 25.11861 14 1.00000
36.3 25.00774 14 1.00000
36.4 24.94768 14 1.00000
36.5 24.97736 14 1.00000
36.6 25.01017 14 1.00000
36.7 25.03615 14 1.00000
36.8 24.32451 14 1.00000
36.9 21.72758 14 1.00000
37.0 20.40004 14 1.00000
37.1 17.73704 14 1.00000
37.2 16.42248 14 1.00000
37.3 13.92717 14 1.00000
37.4 13.89465 14 1.00000
37.5 13.87615 14 1.00000
37.6 13.79761 14 1.00000
37.7 13.78310 14 1.00000
37.8 13.74064 14 1.00000
37.9 13.71694 14 1.00000
38.0 13.63861 14 1.00000
38.1 13.61362 14 1.00000
38.2 13.56458 14 1.00000
38.3 13.53406 14 1.00000
38.4 13.40164 14 1.00000
38.5 13.38496 14 1.00000
38.6 13.35041 14 1.00000
38.7 13.30514 14 1.00000
38.8 13.25115 14 1.00000
38.9 13.28627 14 1.00000
39.0 13.23823 14 1.00000
39.1 13.17260 14 0.99876
39.2 13.00567 14 0.99029
39.3 12.84891 14 0.98230
39.4 12.65230 14 0.97224
39.5 12.80604 14 0.98011
39.6 12.60311 14 0.96971
39.7 12.49930 14 0.96437
39.8 12.28142 14 0.95312
39.9 12.41088 14 0.95981
40.0 12.22293 14 0.95009
40.1 12.28256 14 0.95318
40.2 12.38642 14 0.95855
40.3 12.69850 14 0.97461
40.4 12.78315 14 0.97894
40.5 12.86494 14 0.98312
40.6 12.94380 14 0.98714
40.7 13.02237 14 0.99114
40.8 13.10001 14 0.99508
40.9 13.17565 14 0.99891
41.0 13.21727 14 1.00000
41.1 13.25760 14 1.00000
41.2 13.29991 14 1.00000
41.3 13.36428 14 1.00000
41.4 13.42061 14 1.00000
41.5 13.50075 14 1.00000
41.6 13.53363 14 1.00000
41.7 13.56399 14 1.00000
41.8 13.59439 14 1.00000
41.9 13.62443 14 1.00000
42.0 13.65353 14 1.00000
42.1 13.68163 14 1.00000
42.2 13.71987 14 1.00000
42.3 13.78644 14 1.00000
42.4 13.84187 14 1.00000
42.5 13.88980 14 1.00000
42.6 13.97074 14 1.00000
42.7 14.00540 14 1.00000
42.8 14.03656 14 1.00000
42.9 14.06775 14 1.00000
43.0 14.09823 14 1.00000
43.1 14.12837 14 1.00000
43.2 14.15731 14 1.00000
43.3 14.18655 14 1.00000
43.4 14.23739 14 1.00000
43.5 14.30077 14 1.00000
43.6 14.35469 14 1.00000
43.7 14.40223 14 1.00000
43.8 14.48318 14 1.00000
43.9 14.51866 14 1.00000
44.0 14.55037 14 1.00000
44.1 14.58187 14 1.00000
44.2 14.61271 14 1.00000
44.3 14.64322 14 1.00000
44.4 14.67294 14 1.00000
44.5 14.70156 14 1.00000
44.6 14.73948 14 1.00000
44.7 14.80890 14 1.00000
44.8 14.86622 14 1.00000
44.9 14.91648 14 1.00000
45.0 14.96131 14 1.00000
45.1 15.04037 14 1.00000
45.2 15.07509 14 1.00000
45.3 15.10645 14 1.00000
45.4 15.13811 14 1.00000
45.5 15.17109 14 1.00000
45.6 15.20311 14 1.00000
45.7 15.23401 14 1.00000
45.8 15.27267 14 1.00000
45.9 15.30461 14 1.00000
46.0 15.34084 14 1.00000
46.1 15.38397 14 1.00000
46.2 15.44710 14 1.00000
46.3 15.47049 14 1.00000
46.4 15.54685 14 1.00000
46.5 15.55886 14 1.00000
46.6 15.63772 14 1.00000
46.7 15.69317 14 1.00000
46.8 15.72842 14 1.00000
46.9 15.78261 14 1.00000
47.0 15.81860 14 1.00000
47.1 15.87174 14 1.00000
47.2 15.90747 14 1.00000
47.3 15.92945 14 1.00000
47.4 15.99763 14 1.00000
47.5 16.02181 14 1.00000
47.6 16.08773 14 1.00000
47.7 16.11389 14 1.00000
47.8 16.17755 14 1.00000
47.9 16.20971 14 1.00000
48.0 16.21407 14 1.00000
48.1 16.30338 14 1.00000
48.2 16.30293 14 1.00000
48.3 16.39582 14 1.00000
48.4 16.42310 14 1.00000
48.5 16.42680 14 1.00000
48.6 16.52237 14 1.00000
48.7 16.52203 14 1.00000
48.8 16.61757 14 1.00000
48.9 16.64744 14 1.00000
49.0 16.64901 14 1.00000
49.1 16.74811 14 1.00000
49.2 16.77376 14 1.00000
49.3 16.77699 14 1.00000
49.4 16.87880 14 1.00000
49.5 16.90331 14 1.00000
49.6 16.91107 14 1.00000
49.7 16.98320 14 1.00000
49.8 17.03705 14 1.00000
49.9 17.04065 14 1.00000
50.0 17.11054 14 1.00000
50.1 17.17454 14 1.00000
50.2 17.17642 14 1.00000
50.3 17.23499 14 1.00000
50.4 17.29626 14 1.00000
50.5 17.31796 14 1.00000
50.6 17.35237 14 1.00000
50.7 17.42364 14 1.00000
50.8 17.48604 14 1.00000
50.9 17.48988 14 1.00000
51.0 17.53725 14 1.00000
51.1 17.61036 14 1.00000
51.2 17.66174 14 1.00000
51.3 17.66591 14 1.00000
51.4 17.71629 14 1.00000
51.5 17.78679 14 1.00000
51.6 17.84264 14 1.00000
51.7 17.84600 14 1.00000
51.8 17.88633 14 1.00000
51.9 17.95800 14 1.00000
52.0 18.02655 14 1.00000
52.1 18.04907 14 1.00000
52.2 18.05366 14 1.00000
52.3 18.12034 14 1.00000
52.4 18.19014 14 1.00000
52.5 18.25889 14 1.00000
52.6 18.25116 14 1.00000
52.7 18.27482 14 1.00000
52.8 18.34421 14 1.00000
52.9 18.41436 14 1.00000
53.0 18.48139 14 1.00000
53.1 18.49874 14 1.00000
53.2 18.50299 14 1.00000
53.3 18.55702 14 1.00000
53.4 18.62602 14 1.00000
53.5 18.69501 14 1.00000
53.6 18.73657 14 1.00000
53.7 18.74345 14 1.00000
53.8 18.76602 14 1.00000
53.9 18.82837 14 1.00000
54.0 18.89800 14 1.00000
54.1 18.96316 14 1.00000
54.2 19.00820 14 1.00000
54.3 19.03784 14 1.00000
54.4 19.04502 14 1.00000
54.5 19.08410 14 1.00000
54.6 19.15437 14 1.00000
54.7 19.21940 14 1.00000
54.8 19.25171 14 1.00000
54.9 19.32360 14 1.00000
55.0 19.35300 14 1.00000
55.1 19.36269 14 1.00000
55.2 19.39170 14 1.00000
55.3 19.46113 14 1.00000
55.4 19.52654 14 1.00000
55.5 19.55667 14 1.00000
55.6 19.64366 14 1.00000
55.7 19.68412 14 1.00000
55.8 19.71459 14 1.00000
55.9 19.72565 14 1.00000
56.0 19.74800 14 1.00000
56.1 19.81357 14 1.00000
56.2 19.87904 14 1.00000
56.3 19.95050 14 1.00000
56.4 20.00586 14 1.00000
56.5 20.04966 14 1.00000
56.6 20.09208 14 1.00000
56.7 20.12547 14 1.00000
56.8 20.13789 14 1.00000
56.9 20.16332 14 1.00000
57.0 20.20494 14 1.00000
57.1 20.26527 14 1.00000
57.2 20.39601 14 1.00000
57.3 20.45287 14 1.00000
57.4 20.45698 14 1.00000
57.5 20.50612 14 1.00000
57.6 20.55044 14 1.00000
57.7 20.58992 14 1.00000
57.8 20.62365 14 1.00000
57.9 20.63857 14 1.00000
58.0 20.66793 14 1.00000
58.1 20.77777 14 1.00000
58.2 20.82072 14 1.00000
58.3 20.87705 14 1.00000
58.4 20.93566 14 1.00000
58.5 20.99366 14 1.00000
58.6 21.04960 14 1.00000
58.7 21.05054 14 1.00000
58.8 21.09873 14 1.00000
58.9 21.14380 14 1.00000
59.0 21.18532 14 1.00000
59.1 21.22396 14 1.00000
59.2 21.32184 14 1.00000
59.3 21.26997 14 1.00000
59.4 21.32766 14 1.00000
59.5 21.38659 14 1.00000
59.6 21.44053 14 1.00000
59.7 21.50029 14 1.00000
59.8 21.55568 14 1.00000
59.9 21.61094 14 1.00000
60.0 21.66622 14 1.00000
60.1 21.72358 14 1.00000
60.2 21.78242 14 1.00000
60.3 21.83664 14 1.00000
60.4 21.84431 14 1.00000
60.5 21.86294 14 1.00000
60.6 21.87831 14 1.00000
60.7 21.91956 14 1.00000
60.8 21.95604 14 1.00000
60.9 21.98911 14 1.00000
61.0 22.01916 14 1.00000
61.1 22.06331 14 1.00000
61.2 22.11799 14 1.00000
61.3 22.17518 14 1.00000
61.4 22.23259 14 1.00000
61.5 22.28789 14 1.00000
61.6 22.34186 14 1.00000
61.7 22.38891 14 1.00000
61.8 22.47803 14 1.00000
61.9 22.54419 14 1.00000
62.0 22.59726 14 1.00000
62.1 22.65110 14 1.00000
62.2 22.70428 14 1.00000
62.3 22.75351 14 1.00000
62.4 22.74915 14 1.00000
62.5 22.79752 14 1.00000
62.6 22.84694 14 1.00000
62.7 22.89381 14 1.00000
62.8 22.94139 14 1.00000
62.9 22.98773 14 1.00000
63.0 23.03308 14 1.00000
63.1 23.07357 14 1.00000
63.2 23.12433 14 1.00000
63.3 23.16710 14 1.00000
63.4 23.21301 14 1.00000
63.5 23.25387 14 1.00000
63.6 23.31173 14 1.00000
63.7 23.33284 14 1.00000
63.8 23.32732 14 1.00000
63.9 23.36769 14 1.00000
64.0 23.40801 14 1.00000
64.1 23.44947 14 1.00000
64.2 23.49197 14 1.00000
64.3 23.53473 14 1.00000
64.4 23.58049 14 1.00000
64.5 23.62859 14 1.00000
64.6 23.67641 14 1.00000
64.7 23.72419 14 1.00000
64.8 23.77236 14 1.00000
64.9 23.82369 14 1.00000
65.0 23.87593 14 1.00000
65.1 23.92781 14 1.00000
65.2 23.97931 14 1.00000
65.3 24.01801 14 1.00000
65.4 24.05144 14 1.00000
65.5 24.09462 14 1.00000
65.6 24.15812 14 1.00000
65.7 24.24256 14 1.00000
65.8 24.34023 14 1.00000
65.9 24.40900 14 1.00000
66.0 24.41055 14 1.00000
66.1 24.45901 14 1.00000
66.2 24.50706 14 1.00000
66.3 24.55481 14 1.00000
66.4 24.60231 14 1.00000
66.5 24.64985 14 1.00000
66.6 24.69200 14 1.00000
66.7 24.74416 14 1.00000
66.8 24.79085 14 1.00000
66.9 24.83711 14 1.00000
67.0 24.88159 14 1.00000
67.1 24.92829 14 1.00000
67.2 24.97387 14 1.00000
67.3 25.01972 14 1.00000
67.4 25.06372 14 1.00000
67.5 25.10506 14 1.00000
67.6 25.16000 14 1.00000
67.7 25.20509 14 1.00000
67.8 25.24978 14 1.00000
67.9 25.29401 14 1.00000
68.0 25.33491 14 1.00000
68.1 25.32892 14 1.00000
68.2 25.46825 14 1.00000
68.3 25.49761 14 1.00000
68.4 25.53562 14 1.00000
68.5 25.58397 14 1.00000
68.6 25.62370 14 1.00000
68.7 25.66997 14 1.00000
68.8 25.71198 14 1.00000
68.9 25.75390 14 1.00000
69.0 25.79504 14 1.00000
69.1 25.84525 14 1.00000
69.2 25.88727 14 1.00000
69.3 25.90184 14 1.00000
69.4 26.08173 14 1.00000
69.5 26.03093 14 1.00000
69.6 26.08076 14 1.00000
69.7 26.12196 14 1.00000
69.8 26.16249 14 1.00000
69.9 26.20230 14 1.00000
70.0 26.24151 14 1.00000
70.1 26.27913 14 1.00000
70.2 26.31548 14 1.00000
70.3 26.34899 14 1.00000
70.4 26.48916 14 1.00000
70.5 26.56367 14 1.00000
70.6 26.61072 14 1.00000
70.7 26.65313 14 1.00000
70.8 26.78456 14 1.00000
70.9 26.78701 14 1.00000
71.0 26.79331 14 1.00000
71.1 26.74561 14 1.00000
71.2 26.77143 14 1.00000
71.3 26.81903 14 1.00000
71.4 26.87277 14 1.00000
71.5 26.93301 14 1.00000
71.6 26.99406 14 1.00000
71.7 27.05388 14 1.00000
71.8 27.11212 14 1.00000
71.9 27.16914 14 1.00000
72.0 27.22325 14 1.00000
72.1 27.27614 14 1.00000
72.2 27.35460 14 1.00000
72.3 27.40422 14 1.00000
72.4 27.45787 14 1.00000
72.5 27.45996 14 1.00000
72.6 27.55730 14 1.00000
72.7 27.60562 14 1.00000
72.8 27.65916 14 1.00000
72.9 27.70999 14 1.00000
73.0 27.75907 14 1.00000
73.1 27.79720 14 1.00000
73.2 27.85455 14 1.00000
73.3 27.84761 14 1.00000
73.4 28.02615 14 1.00000
73.5 27.99047 14 1.00000
73.6 28.03541 14 1.00000
73.7 28.17740 14 1.00000
73.8 28.20773 14 1.00000
73.9 28.25546 14 1.00000
74.0 28.29835 14 1.00000
74.1 28.33939 14 1.00000
74.2 28.38102 14 1.00000
74.3 28.42169 14 1.00000
74.4 28.46240 14 1.00000
74.5 28.50247 14 1.00000
74.6 28.54293 14 1.00000
74.7 28.58421 14 1.00000
74.8 28.62688 14 1.00000
74.9 28.66829 14 1.00000
75.0 28.68732 14 1.00000
75.1 28.74145 14 1.00000
75.2 28.78592 14 1.00000
75.3 28.81926 14 1.00000
75.4 28.86077 14 1.00000
75.5 28.90112 14 1.00000
75.6 28.93379 14 1.00000
75.7 28.96420 14 1.00000
75.8 28.99233 14 1.00000
75.9 29.09749 14 1.00000
76.0 29.07049 14 1.00000
76.1 29.11464 14 1.00000
76.2 29.16304 14 1.00000
76.3 29.21077 14 1.00000
76.4 29.25732 14 1.00000
76.5 29.30390 14 1.00000
76.6 29.35050 14 1.00000
76.7 29.39810 14 1.00000
76.8 29.45473 14 1.00000
76.9 29.52133 14 1.00000
77.0 29.58516 14 1.00000
77.1 29.66645 14 1.00000
77.2 29.75435 14 1.00000
77.3 29.81612 14 1.00000
77.4 29.95686 14 1.00000
77.5 29.88554 14 1.00000
77.6 29.94324 14 1.00000
77.7 29.99438 14 1.00000
77.8 30.04958 14 1.00000
77.9 30.09667 14 1.00000
78.0 30.23535 14 1.00000
78.1 30.19129 14 1.00000
78.2 30.23799 14 1.00000
78.3 30.28560 14 1.00000
78.4 30.33401 14 1.00000
78.5 30.38138 14 1.00000
78.6 30.42682 14 1.00000
78.7 30.33170 14 1.00000
78.8 30.47011 14 1.00000
78.9 30.56315 14 1.00000
79.0 30.62875 14 1.00000
79.1 30.67523 14 1.00000
79.2 30.56726 14 1.00000
79.3 30.81605 14 1.00000
79.4 30.85540 14 1.00000
79.5 30.89572 14 1.00000
79.6 30.93215 14 1.00000
79.7 30.97025 14 1.00000
79.8 30.99448 14 1.00000
79.9 31.04757 14 1.00000
80.0 31.09451 14 1.00000
80.1 31.12506 14 1.00000
80.2 31.17010 14 1.00000
80.3 31.20613 14 1.00000
80.4 31.24615 14 1.00000
80.5 31.26360 14 1.00000
80.6 31.38686 14 1.00000
80.7 31.34558 14 1.00000
80.8 31.39022 14 1.00000
80.9 31.42027 14 1.00000
81.0 31.45007 14 1.00000
81.1 31.47902 14 1.00000
81.2 31.51869 14 1.00000
81.3 31.56189 14 1.00000
81.4 31.60975 14 1.00000
81.5 31.65767 14 1.00000
81.6 31.70558 14 1.00000
81.7 31.76305 14 1.00000
81.8 31.84128 14 1.00000
81.9 31.94044 14 1.00000
82.0 32.04525 14 1.00000
82.1 32.11166 14 1.00000
82.2 32.08260 14 1.00000
82.3 32.15412 14 1.00000
82.4 32.21315 14 1.00000
82.5 32.22862 14 1.00000
82.6 32.35372 14 1.00000
82.7 32.40187 14 1.00000
82.8 32.44880 14 1.00000
82.9 32.49838 14 1.00000
83.0 32.54579 14 1.00000
83.1 32.59324 14 1.00000
83.2 32.64299 14 1.00000
83.3 32.69245 14 1.00000
83.4 32.72472 14 1.00000
83.5 32.77047 14 1.00000
83.6 32.82670 14 1.00000
83.7 32.86805 14 1.00000
83.8 32.85875 14 1.00000
83.9 33.05109 14 1.00000
84.0 33.09090 14 1.00000
84.1 33.11929 14 1.00000
84.2 33.13574 14 1.00000
84.3 33.20980 14 1.00000
84.4 33.16892 14 1.00000
84.5 33.28747 14 1.00000
84.6 33.32411 14 1.00000
84.7 33.34349 14 1.00000
84.8 33.24978 14 1.00000
84.9 33.44585 14 1.00000
85.0 33.47613 14 1.00000
85.1 33.39376 14 1.00000
85.2 33.54462 14 1.00000
85.3 33.68809 14 1.00000
85.4 33.64058 14 1.00000
85.5 33.67165 14 1.00000
85.6 33.74676 14 1.00000
85.7 33.72887 14 1.00000
85.8 33.75536 14 1.00000
85.9 33.78921 14 1.00000
86.0 33.83228 14 1.00000
86.1 33.87939 14 1.00000
86.2 34.03428 14 1.00000
86.3 34.00962 14 1.00000
86.4 34.11315 14 1.00000
86.5 34.17658 14 1.00000
86.6 34.23279 14 1.00000
86.7 34.40480 14 1.00000
86.8 34.35943 14 1.00000
86.9 34.43351 14 1.00000
87.0 34.51950 14 1.00000
87.1 34.52915 14 1.00000
87.2 34.60604 14 1.00000
87.3 34.63647 14 1.00000
87.4 34.70608 14 1.00000
87.5 34.76669 14 1.00000
87.6 34.81554 14 1.00000
87.7 34.86603 14 1.00000
87.8 34.91632 14 1.00000
87.9 34.96620 14 1.00000
88.0 35.01275 14 1.00000
88.1 35.04423 14 1.00000
88.2 35.10275 14 1.00000
88.3 35.14505 14 1.00000
88.4 35.18950 14 1.00000
88.5 35.32670 14 1.00000
88.6 35.35440 14 1.00000
88.7 35.39614 14 1.00000
88.8 35.42536 14 1.00000
88.9 35.41955 14 1.00000
89.0 35.44809 14 1.00000
89.1 35.38006 14 1.00000
89.2 35.55800 14 1.00000
89.3 35.63992 14 1.00000
89.4 35.70239 14 1.00000
89.5 35.73872 14 1.00000
89.6 35.76964 14 1.00000
89.7 35.82280 14 1.00000
89.8 35.83583 14 1.00000
89.9 35.90164 14 1.00000
90.0 35.92854 14 1.00000
90.1 35.97389 14 1.00000
90.2 36.01674 14 1.00000
90.3 36.05082 14 1.00000
90.4 36.07969 14 1.00000
90.5 36.10712 14 1.00000
90.6 36.13456 14 1.00000
90.7 36.16681 14 1.00000
90.8 36.21064 14 1.00000
90.9 36.27368 14 1.00000
91.0 36.36611 14 1.00000
91.1 36.45355 14 1.00000
91.2 36.52485 14 1.00000
91.3 36.57328 14 1.00000
91.4 36.65559 14 1.00000
91.5 36.68107 14 1.00000
91.6 36.77628 14 1.00000
91.7 36.83353 14 1.00000
91.8 36.88040 14 1.00000
91.9 36.94722 14 1.00000
92.0 37.00115 14 1.00000
92.1 37.07841 14 1.00000
92.2 37.11020 14 1.00000
92.3 37.18364 14 1.00000
92.4 37.23975 14 1.00000
92.5 37.29195 14 1.00000
92.6 37.34285 14 1.00000
92.7 37.39248 14 1.00000
92.8 37.43834 14 1.00000
92.9 37.46885 14 1.00000
93.0 37.53730 14 1.00000
93.1 37.58530 14 1.00000
93.2 37.60917 14 1.00000
93.3 37.67694 14 1.00000
93.4 37.70897 14 1.00000
93.5 37.85936 14 1.00000
93.6 37.89955 14 1.00000
93.7 37.94069 14 1.00000
93.8 37.94740 14 1.00000
93.9 38.01437 14 1.00000
94.0 38.06593 14 1.00000
94.1 38.11100 14 1.00000
94.2 38.15231 14 1.00000
94.3 38.15836 14 1.00000
94.4 38.23188 14 1.00000
94.5 38.27789 14 1.00000
94.6 38.28764 14 1.00000
94.7 38.36036 14 1.00000
94.8 38.36372 14 1.00000
94.9 38.44178 14 1.00000
95.0 38.47225 14 1.00000
95.1 38.51133 14 1.00000
95.2 38.56018 14 1.00000
95.3 38.59742 14 1.00000
95.4 38.62977 14 1.00000
95.5 38.65843 14 1.00000
95.6 38.68534 14 1.00000
95.7 38.71255 14 1.00000
95.8 38.77977 14 1.00000
95.9 38.87835 14 1.00000
96.0 38.96339 14 1.00000
96.1 39.03391 14 1.00000
96.2 39.10017 14 1.00000
96.3 39.17034 14 1.00000
96.4 39.22939 14 1.00000
96.5 39.29688 14 1.00000
96.6 39.35130 14 1.00000
96.7 39.41763 14 1.00000
96.8 39.44983 14 1.00000
96.9 39.53093 14 1.00000
97.0 39.58857 14 1.00000
97.1 39.64215 14 1.00000
97.2 39.72005 14 1.00000
97.3 39.74510 14 1.00000
97.4 39.81185 14 1.00000
97.5 39.87478 14 1.00000
97.6 39.92962 14 1.00000
97.7 39.97946 14 1.00000
97.8 40.02184 14 1.00000
97.9 40.05680 14 1.00000
98.0 40.13957 14 1.00000
98.1 40.18927 14 1.00000
98.2 40.22344 14 1.00000
98.3 40.28455 14 1.00000
98.4 40.33117 14 1.00000
98.5 40.35740 14 1.00000
98.6 40.42452 14 1.00000
98.7 40.53254 14 1.00000
98.8 40.58939 14 1.00000
98.9 40.64540 14 1.00000
99.0 40.69060 14 1.00000
99.1 40.71468 14 1.00000
99.2 40.76465 14 1.00000
99.3 40.82020 14 1.00000
99.4 40.86427 14 1.00000
99.5 40.87093 14 1.00000
99.6 40.94773 14 1.00000
99.7 40.99340 14 1.00000
99.8 41.02112 14 1.00000
99.9 41.07901 14 1.00000
100.0 41.10575 14 1.00000
100.1 41.16268 14 1.00000
100.2 41.20240 14 1.00000
100.3 41.21821 14 1.00000
100.4 41.28505 14 1.00000
100.5 41.32618 14 1.00000
100.6 41.36311 14 1.00000
100.7 41.39585 14 1.00000
100.8 41.42514 14 1.00000
100.9 41.45337 14 1.00000
101.0 41.54284 14 1.00000
101.1 41.63512 14 1.00000
101.2 41.71069 14 1.00000
101.3 41.77670 14 1.00000
101.4 41.85410 14 1.00000
101.5 41.91604 14 1.00000
101.6 41.98638 14 1.00000
101.7 42.04943 14 1.00000
101.8 42.11227 14 1.00000
101.9 42.17191 14 1.00000
102.0 42.23511 14 1.00000
102.1 42.27064 14 1.00000
102.2 42.35048 14 1.00000
102.3 42.40958 14 1.00000
102.4 42.46469 14 1.00000
102.5 42.55511 14 1.00000
102.6 42.59983 14 1.00000
102.7 42.64455 14 1.00000
102.8 42.68927 14 1.00000
102.9 42.73399 14 1.00000
103.0 42.77872 14 1.00000
103.1 42.82344 14 1.00000
103.2 42.86816 14 1.00000
103.3 42.91288 14 1.00000
103.4 42.95760 14 1.00000
103.5 43.00232 14 1.00000
103.6 43.04704 14 1.00000
103.7 43.09175 14 1.00000
103.8 43.13658 14 1.00000
103.9 43.18283 14 1.00000
104.0 43.22850 14 1.00000
104.1 43.27437 14 1.00000
104.2 43.34873 14 1.00000
104.3 43.39331 14 1.00000
104.4 43.43798 14 1.00000
104.5 43.48293 14 1.00000
104.6 43.52764 14 1.00000
104.7 43.57227 14 1.00000
104.8 43.61702 14 1.00000
104.9 43.66171 14 1.00000
105.0 43.70628 14 1.00000
105.1 43.75098 14 1.00000
105.2 43.79556 14 1.00000
105.3 43.84010 14 1.00000
105.4 43.88458 14 1.00000
105.5 43.92907 14 1.00000
105.6 43.97333 14 1.00000
105.7 44.02743 14 1.00000
105.8 44.07897 14 1.00000
105.9 44.12117 14 1.00000
106.0 44.17170 14 1.00000
106.1 44.21436 14 1.00000
106.2 44.25704 14 1.00000
106.3 44.30746 14 1.00000
106.4 44.35049 14 1.00000
106.5 44.39359 14 1.00000
106.6 44.44395 14 1.00000
106.7 44.48739 14 1.00000
106.8 44.53088 14 1.00000
106.9 44.58138 14 1.00000
107.0 44.62524 14 1.00000
107.1 44.66913 14 1.00000
107.2 44.71313 14 1.00000
107.3 44.76424 14 1.00000
107.4 44.80867 14 1.00000
107.5 44.85330 14 1.00000
107.6 44.89808 14 1.00000
107.7 44.94308 14 1.00000
107.8 44.98824 14 1.00000
107.9 45.03369 14 1.00000
108.0 45.08705 14 1.00000
108.1 45.13340 14 1.00000
108.2 45.18026 14 1.00000
108.3 45.22768 14 1.00000
108.4 45.27571 14 1.00000
108.5 45.32450 14 1.00000
108.6 45.37449 14 1.00000
108.7 45.42596 14 1.00000
108.8 45.47899 14 1.00000
108.9 45.52058 14 1.00000
109.0 45.57848 14 1.00000
109.1 45.63998 14 1.00000
109.2 45.70588 14 1.00000
109.3 45.78035 14 1.00000
109.4 45.86560 14 1.00000
109.5 45.95110 14 1.00000
109.6 46.03660 14 1.00000
109.7 46.12209 14 1.00000
109.8 46.20737 14 1.00000
109.9 46.29279 14 1.00000
110.0 46.37825 14 1.00000
110.1 46.46351 14 1.00000
110.2 46.54892 14 1.00000
110.3 46.63436 14 1.00000
110.4 46.71955 14 1.00000
110.5 46.80503 14 1.00000
110.6 46.89045 14 1.00000
110.7 46.97562 14 1.00000
110.8 47.06098 14 1.00000
110.9 47.14643 14 1.00000
111.0 47.23182 14 1.00000
111.1 47.31696 14 1.00000
111.2 47.40233 14 1.00000
111.3 47.48765 14 1.00000
111.4 47.57281 14 1.00000
111.5 47.65811 14 1.00000
111.6 47.74346 14 1.00000
111.7 47.82854 14 1.00000
111.8 47.91387 14 1.00000
111.9 47.99924 14 1.00000
112.0 48.08455 14 1.00000
112.1 48.16960 14 1.00000
112.2 48.25489 14 1.00000
112.3 48.34012 14 1.00000
112.4 48.42514 14 1.00000
112.5 48.51046 14 1.00000
112.6 48.59566 14 1.00000
112.7 48.68066 14 1.00000
112.8 48.76589 14 1.00000
112.9 48.85117 14 1.00000
113.0 48.93633 14 1.00000
113.1 49.02129 14 1.00000
113.2 49.10654 14 1.00000
113.3 49.19172 14 1.00000
113.4 49.27665 14 1.00000
113.5 49.36182 14 1.00000
113.6 49.44692 14 1.00000
113.7 49.53182 14 1.00000
113.8 49.61700 14 1.00000
113.9 49.70208 14 1.00000
114.0 49.78719 14 1.00000
114.1 49.87210 14 1.00000
114.2 49.95720 14 1.00000
114.3 50.04227 14 1.00000
114.4 50.12710 14 1.00000
114.5 50.21211 14 1.00000
114.6 50.29716 14 1.00000
114.7 50.38195 14 1.00000
114.8 50.46703 14 1.00000
114.9 50.55205 14 1.00000
115.0 50.63700 14 1.00000
115.1 50.72175 14 1.00000
115.2 50.80679 14 1.00000
115.3 50.89175 14 1.00000
115.4 50.97647 14 1.00000
115.5 51.06137 14 1.00000
115.6 51.14630 14 1.00000
115.7 51.23128 14 1.00000
115.8 51.31590 14 1.00000
115.9 51.40080 14 1.00000
116.0 51.48574 14 1.00000
116.1 51.57037 14 1.00000
116.2 51.65519 14 1.00000
116.3 51.74004 14 1.00000
116.4 51.82464 14 1.00000
116.5 51.90952 14 1.00000
116.6 51.99428 14 1.00000
116.7 52.07914 14 1.00000
116.8 52.16369 14 1.00000
116.9 52.24842 14 1.00000
117.0 52.33318 14 1.00000
117.1 52.41770 14 1.00000
117.2 52.50249 14 1.00000
117.3 52.58722 14 1.00000
117.4 52.67188 14 1.00000
117.5 52.75635 14 1.00000
117.6 52.84104 14 1.00000
117.7 52.92577 14 1.00000
117.8 52.52517 14 1.00000
117.9 52.60993 14 1.00000
118.0 52.69468 14 1.00000
118.1 52.77924 14 1.00000
118.2 52.86391 14 1.00000
118.3 52.94877 14 1.00000
118.4 52.54830 14 1.00000
118.5 52.63309 14 1.00000
118.6 52.71765 14 1.00000
118.7 52.80243 14 1.00000
118.8 52.88745 14 1.00000
118.9 52.97235 14 1.00000
119.0 52.57190 14 1.00000
119.1 52.65673 14 1.00000
119.2 52.74137 14 1.00000
119.3 52.82637 14 1.00000
119.4 52.91138 14 1.00000
119.5 52.99612 14 1.00000
119.6 52.59592 14 1.00000
119.7 52.68084 14 1.00000
119.8 52.76548 14 1.00000
119.9 52.85084 14 1.00000
120.0 52.93597 14 1.00000
120.1 52.53561 14 1.00000
120.2 52.62058 14 1.00000
120.3 52.70526 14 1.00000
120.4 52.79062 14 1.00000
120.5 52.87595 14 1.00000
120.6 52.96091 14 1.00000
120.7 52.56057 14 1.00000
120.8 52.64558 14 1.00000
120.9 52.73075 14 1.00000
121.0 52.81592 14 1.00000
121.1 52.90128 14 1.00000
121.2 52.98634 14 1.00000
121.3 52.58611 14 1.00000
121.4 52.67134 14 1.00000
121.5 52.75660 14 1.00000
121.6 52.84203 14 1.00000
121.7 52.92729 14 1.00000
121.8 52.52703 14 1.00000
121.9 52.61236 14 1.00000
122.0 52.69786 14 1.00000
122.1 52.78305 14 1.00000
122.2 52.86855 14 1.00000
122.3 52.95364 14 1.00000
122.4 52.55345 14 1.00000
122.5 52.63904 14 1.00000
122.6 52.72434 14 1.00000
122.7 52.80981 14 1.00000
122.8 52.89534 14 1.00000
122.9 52.98046 14 1.00000
123.0 52.58076 14 1.00000
123.1 52.66639 14 1.00000
123.2 52.75172 14 1.00000
123.3 52.83732 14 1.00000
123.4 52.92269 14 1.00000
123.5 52.52279 14 1.00000
123.6 52.60869 14 1.00000
123.7 52.69426 14 1.00000
123.8 52.77967 14 1.00000
123.9 52.86502 14 1.00000
124.0 52.95067 14 1.00000
124.1 52.55102 14 1.00000
124.2 52.63672 14 1.00000
124.3 52.72219 14 1.00000
124.4 52.80777 14 1.00000
124.5 52.89336 14 1.00000
124.6 52.97940 14 1.00000
124.7 52.57977 14 1.00000
124.8 52.66551 14 1.00000
124.9 52.75101 14 1.00000
125.0 52.83667 14 1.00000
125.1 52.92254 14 1.00000
125.2 52.52302 14 1.00000
125.3 52.60904 14 1.00000
125.4 52.69482 14 1.00000
125.5 52.78030 14 1.00000
125.6 52.86600 14 1.00000
125.7 52.95223 14 1.00000
125.8 52.55269 14 1.00000
125.9 52.63857 14 1.00000
126.0 52.72409 14 1.00000
126.1 52.81002 14 1.00000
126.2 52.89625 14 1.00000
126.3 52.98235 14 1.00000
126.4 52.58284 14 1.00000
126.5 52.66869 14 1.00000
126.6 52.75424 14 1.00000
126.7 52.84073 14 1.00000
126.8 52.92685 14 1.00000
126.9 52.52760 14 1.00000
127.0 52.61349 14 1.00000
127.1 52.69933 14 1.00000
127.2 52.78544 14 1.00000
127.3 52.87189 14 1.00000
127.4 52.95783 14 1.00000
127.5 52.55846 14 1.00000
127.6 52.64439 14 1.00000
127.7 52.73021 14 1.00000
127.8 52.81683 14 1.00000
127.9 52.90307 14 1.00000
128.0 52.98928 14 1.00000
128.1 52.58998 14 1.00000
128.2 52.67589 14 1.00000
128.3 52.76232 14 1.00000
128.4 52.84887 14 1.00000
128.5 52.93515 14 1.00000
128.6 52.53601 14 1.00000
128.7 52.62201 14 1.00000
128.8 52.70820 14 1.00000
128.9 52.79479 14 1.00000
129.0 52.88140 14 1.00000
129.1 52.96750 14 1.00000
129.2 52.56843 14 1.00000
129.3 52.65471 14 1.00000
129.4 52.74111 14 1.00000
129.5 52.82783 14 1.00000
129.6 52.91418 14 1.00000
129.7 53.00008 14 1.00000
129.8 52.60109 14 1.00000
129.9 52.68806 14 1.00000
130.0 52.77460 14 1.00000
130.1 52.86106 14 1.00000
130.2 52.94763 14 1.00000
130.3 52.54832 14 1.00000
130.4 52.63491 14 1.00000
130.5 52.72174 14 1.00000
130.6 52.80849 14 1.00000
130.7 52.89495 14 1.00000
130.8 52.98135 14 1.00000
130.9 52.58241 14 1.00000
131.0 52.66945 14 1.00000
131.1 52.75607 14 1.00000
131.2 52.84284 14 1.00000
131.3 52.92924 14 1.00000
131.4 52.53022 14 1.00000
131.5 52.61742 14 1.00000
131.6 52.70403 14 1.00000
131.7 52.79080 14 1.00000
131.8 52.87758 14 1.00000
131.9 52.96381 14 1.00000
132.0 52.56521 14 1.00000
132.1 52.65262 14 1.00000
132.2 52.73925 14 1.00000
132.3 52.82605 14 1.00000
132.4 52.91262 14 1.00000
132.5 52.99888 14 1.00000
132.6 52.60103 14 1.00000
132.7 52.68804 14 1.00000
132.8 52.77465 14 1.00000
132.9 52.86152 14 1.00000
133.0 52.94827 14 1.00000
133.1 52.55021 14 1.00000
133.2 52.63716 14 1.00000
133.3 52.72416 14 1.00000
133.4 52.81108 14 1.00000
133.5 52.89772 14 1.00000
133.6 52.98476 14 1.00000
133.7 52.58673 14 1.00000
133.8 52.67400 14 1.00000
133.9 52.76073 14 1.00000
134.0 52.84768 14 1.00000
134.1 52.93426 14 1.00000
134.2 52.53667 14 1.00000
134.3 52.62394 14 1.00000
134.4 52.71077 14 1.00000
134.5 52.79776 14 1.00000
134.6 52.88465 14 1.00000
134.7 52.97178 14 1.00000
134.8 52.57432 14 1.00000
134.9 52.66142 14 1.00000
135.0 52.74841 14 1.00000
135.1 52.83519 14 1.00000
135.2 52.92223 14 1.00000
135.3 52.52460 14 1.00000
135.4 52.61223 14 1.00000
135.5 52.69955 14 1.00000
135.6 52.78638 14 1.00000
135.7 52.87311 14 1.00000
135.8 52.96107 14 1.00000
135.9 52.56314 14 1.00000
136.0 52.65051 14 1.00000
136.1 52.73766 14 1.00000
136.2 52.82447 14 1.00000
136.3 52.91204 14 1.00000
136.4 52.99970 14 1.00000
136.5 52.60213 14 1.00000
136.6 52.68933 14 1.00000
136.7 52.77623 14 1.00000
136.8 52.86329 14 1.00000
136.9 52.95176 14 1.00000
137.0 52.55413 14 1.00000
137.1 52.64162 14 1.00000
137.2 52.72851 14 1.00000
137.3 52.81566 14 1.00000
137.4 52.90326 14 1.00000
137.5 52.99150 14 1.00000
137.6 52.59400 14 1.00000
137.7 52.68127 14 1.00000
137.8 52.76823 14 1.00000
137.9 52.85541 14 1.00000
138.0 52.94391 14 1.00000
138.1 52.54657 14 1.00000
138.2 52.63408 14 1.00000
138.3 52.72132 14 1.00000
138.4 52.80831 14 1.00000
138.5 52.89645 14 1.00000
138.6 52.98505 14 1.00000
138.7 52.58732 14 1.00000
138.8 52.67489 14 1.00000
138.9 52.76192 14 1.00000
139.0 52.84917 14 1.00000
139.1 52.93821 14 1.00000
139.2 52.54089 14 1.00000
139.3 52.62856 14 1.00000
139.4 52.71563 14 1.00000
139.5 52.80288 14 1.00000
139.6 52.89161 14 1.00000
139.7 52.98000 14 1.00000
139.8 52.58255 14 1.00000
139.9 52.67015 14 1.00000
140.0 52.75724 14 1.00000
140.1 52.84455 14 1.00000
140.2 52.93419 14 1.00000
140.3 52.53698 14 1.00000
140.4 52.62461 14 1.00000
140.5 52.71175 14 1.00000
140.6 52.79911 14 1.00000
140.7 52.88839 14 1.00000
140.8 52.97655 14 1.00000
140.9 52.57941 14 1.00000
141.0 52.66688 14 1.00000
141.1 52.75428 14 1.00000
141.2 52.84147 14 1.00000
141.3 52.93146 14 1.00000
141.4 52.53440 14 1.00000
141.5 52.62239 14 1.00000
141.6 52.70959 14 1.00000
141.7 52.79702 14 1.00000
141.8 52.88660 14 1.00000
141.9 52.97511 14 1.00000
142.0 52.57804 14 1.00000
142.1 52.66552 14 1.00000
142.2 52.75304 14 1.00000
142.3 52.84024 14 1.00000
142.4 52.93076 14 1.00000
142.5 52.53382 14 1.00000
142.6 52.62188 14 1.00000
142.7 52.70915 14 1.00000
142.8 52.79659 14 1.00000
142.9 52.88670 14 1.00000
143.0 52.97528 14 1.00000
143.1 52.57827 14 1.00000
143.2 52.66582 14 1.00000
143.3 52.75340 14 1.00000
143.4 52.84062 14 1.00000
143.5 52.93172 14 1.00000
143.6 52.53480 14 1.00000
143.7 52.62292 14 1.00000
143.8 52.71030 14 1.00000
143.9 52.79781 14 1.00000
144.0 52.88840 14 1.00000
144.1 52.97710 14 1.00000
144.2 52.58016 14 1.00000
144.3 52.66782 14 1.00000
144.4 52.75536 14 1.00000
144.5 52.84270 14 1.00000
144.6 52.93447 14 1.00000
144.7 52.53771 14 1.00000
144.8 52.62571 14 1.00000
144.9 52.71305 14 1.00000
145.0 52.80072 14 1.00000
145.1 52.89203 14 1.00000
145.2 52.98050 14 1.00000
145.3 52.58363 14 1.00000
145.4 52.67160 14 1.00000
145.5 52.75902 14 1.00000
145.6 52.84670 14 1.00000
145.7 52.93891 14 1.00000
145.8 52.54207 14 1.00000
145.9 52.63003 14 1.00000
146.0 52.71754 14 1.00000
146.1 52.80522 14 1.00000
146.2 52.89280 14 1.00000
146.3 52.98607 14 1.00000
146.4 52.58884 14 1.00000
146.5 52.67682 14 1.00000
146.6 52.76431 14 1.00000
146.7 52.85200 14 1.00000
146.8 52.94478 14 1.00000
146.9 52.54797 14 1.00000
147.0 52.63604 14 1.00000
147.1 52.72356 14 1.00000
147.2 52.81135 14 1.00000
147.3 52.89905 14 1.00000
147.4 52.99284 14 1.00000
147.5 52.59557 14 1.00000
147.6 52.68372 14 1.00000
147.7 52.77121 14 1.00000
147.8 52.85897 14 1.00000
147.9 52.95280 14 1.00000
148.0 52.55577 14 1.00000
148.1 52.64371 14 1.00000
148.2 52.73154 14 1.00000
148.3 52.81934 14 1.00000
148.4 52.90681 14 1.00000
148.5 53.00093 14 1.00000
148.6 52.60422 14 1.00000
148.7 52.69213 14 1.00000
148.8 52.77974 14 1.00000
148.9 52.86756 14 1.00000
149.0 52.95530 14 1.00000
149.1 52.56495 14 1.00000
149.2 52.65319 14 1.00000
149.3 52.74084 14 1.00000
149.4 52.82865 14 1.00000
149.5 52.91647 14 1.00000
149.6 52.52608 14 1.00000
149.7 52.61432 14 1.00000
149.8 52.70243 14 1.00000
149.9 52.79034 14 1.00000
150.0 52.87780 14 1.00000
150.1 52.96550 14 1.00000
150.2 52.57577 14 1.00000
150.3 52.66421 14 1.00000
150.4 52.75197 14 1.00000
150.5 52.83984 14 1.00000
150.6 52.92749 14 1.00000
150.7 52.52962 14 1.00000
150.8 52.62640 14 1.00000
150.9 52.71410 14 1.00000
151.0 52.80211 14 1.00000
151.1 52.88998 14 1.00000
151.2 52.97740 14 1.00000
151.3 52.58856 14 1.00000
151.4 52.67693 14 1.00000
151.5 52.76469 14 1.00000
151.6 52.85268 14 1.00000
151.7 52.94029 14 1.00000
151.8 52.54254 14 1.00000
151.9 52.63954 14 1.00000
152.0 52.72759 14 1.00000
152.1 52.81543 14 1.00000
152.2 52.90340 14 1.00000
152.3 52.99101 14 1.00000
152.4 52.59316 14 1.00000
152.5 52.69088 14 1.00000
152.6 52.77876 14 1.00000
152.7 52.86680 14 1.00000
152.8 52.95467 14 1.00000
152.9 52.55676 14 1.00000
153.0 52.65459 14 1.00000
153.1 52.74241 14 1.00000
153.2 52.83054 14 1.00000
153.3 52.91858 14 1.00000
153.4 52.52081 14 1.00000
153.5 52.60825 14 1.00000
153.6 52.70675 14 1.00000
153.7 52.79482 14 1.00000
153.8 52.88290 14 1.00000
153.9 52.97042 14 1.00000
154.0 52.57264 14 1.00000
154.1 52.66009 14 1.00000
154.2 52.75932 14 1.00000
154.3 52.84722 14 1.00000
154.4 52.93504 14 1.00000
154.5 52.53739 14 1.00000
154.6 52.62517 14 1.00000
154.7 52.71241 14 1.00000
154.8 52.81201 14 1.00000
154.9 52.90015 14 1.00000
155.0 52.98779 14 1.00000
155.1 52.59022 14 1.00000
155.2 52.67783 14 1.00000
155.3 52.77726 14 1.00000
155.4 52.86540 14 1.00000
155.5 52.95347 14 1.00000
155.6 52.55577 14 1.00000
155.7 52.64331 14 1.00000
155.8 52.73061 14 1.00000
155.9 52.83099 14 1.00000
156.0 52.91918 14 1.00000
156.1 52.52156 14 1.00000
156.2 52.60921 14 1.00000
156.3 52.69678 14 1.00000
156.4 52.78414 14 1.00000
156.5 52.88544 14 1.00000
156.6 52.97307 14 1.00000
156.7 52.57545 14 1.00000
156.8 52.66334 14 1.00000
156.9 52.75064 14 1.00000
157.0 52.83820 14 1.00000
157.1 52.93966 14 1.00000
157.2 52.54203 14 1.00000
157.3 52.62996 14 1.00000
157.4 52.71730 14 1.00000
157.5 52.80496 14 1.00000
157.6 52.90649 14 1.00000
157.7 52.99442 14 1.00000
157.8 52.59689 14 1.00000
157.9 52.68455 14 1.00000
158.0 52.77196 14 1.00000
158.1 52.85958 14 1.00000
158.2 52.96179 14 1.00000
158.3 52.56415 14 1.00000
158.4 52.65190 14 1.00000
158.5 52.73940 14 1.00000
158.6 52.82701 14 1.00000
158.7 52.91464 14 1.00000
158.8 52.53185 14 1.00000
158.9 52.61964 14 1.00000
159.0 52.70737 14 1.00000
159.1 52.79507 14 1.00000
159.2 52.88247 14 1.00000
159.3 52.97003 14 1.00000
159.4 52.58788 14 1.00000
159.5 52.67568 14 1.00000
159.6 52.76314 14 1.00000
159.7 52.85091 14 1.00000
159.8 52.93831 14 1.00000
159.9 52.54044 14 1.00000
160.0 52.64410 14 1.00000
160.1 52.73164 14 1.00000
160.2 52.81940 14 1.00000
160.3 52.90707 14 1.00000
160.4 52.99452 14 1.00000
160.5 52.61285 14 1.00000
160.6 52.70067 14 1.00000
160.7 52.78823 14 1.00000
160.8 52.87601 14 1.00000
160.9 52.96361 14 1.00000
161.0 52.56574 14 1.00000
161.1 52.67004 14 1.00000
161.2 52.75763 14 1.00000
161.3 52.84545 14 1.00000
161.4 52.93299 14 1.00000
161.5 52.53516 14 1.00000
161.6 52.62267 14 1.00000
161.7 52.72713 14 1.00000
161.8 52.81494 14 1.00000
161.9 52.90275 14 1.00000
162.0 52.99025 14 1.00000
162.1 52.59247 14 1.00000
162.2 52.67995 14 1.00000
162.3 52.78486 14 1.00000
162.4 52.87268 14 1.00000
162.5 52.96048 14 1.00000
162.6 52.56260 14 1.00000
162.7 52.65011 14 1.00000
162.8 52.73733 14 1.00000
162.9 52.84315 14 1.00000
163.0 52.93079 14 1.00000
163.1 52.53315 14 1.00000
163.2 52.62071 14 1.00000
163.3 52.70796 14 1.00000
163.4 52.79543 14 1.00000
163.5 52.90168 14 1.00000
163.6 52.98922 14 1.00000
163.7 52.59153 14 1.00000
163.8 52.67905 14 1.00000
163.9 52.76638 14 1.00000
164.0 52.85386 14 1.00000
164.1 52.96048 14 1.00000
164.2 52.56274 14 1.00000
164.3 52.65030 14 1.00000
164.4 52.73760 14 1.00000
164.5 52.82518 14 1.00000
164.6 52.93181 14 1.00000
164.7 52.53427 14 1.00000
164.8 52.62186 14 1.00000
164.9 52.70921 14 1.00000
165.0 52.79676 14 1.00000
165.1 52.88436 14 1.00000
165.2 52.99139 14 1.00000
165.3 52.59370 14 1.00000
165.4 52.68136 14 1.00000
165.5 52.76873 14 1.00000
165.6 52.85635 14 1.00000
165.7 52.94391 14 1.00000
165.8 52.56596 14 1.00000
165.9 52.65361 14 1.00000
166.0 52.74106 14 1.00000
166.1 52.82868 14 1.00000
166.2 52.91622 14 1.00000
166.3 53.00356 14 1.00000
166.4 52.62618 14 1.00000
166.5 52.71367 14 1.00000
166.6 52.80127 14 1.00000
166.7 52.88895 14 1.00000
166.8 52.97651 14 1.00000
166.9 52.57897 14 1.00000
167.0 52.68682 14 1.00000
167.1 52.77427 14 1.00000
167.2 52.86189 14 1.00000
167.3 52.94954 14 1.00000
167.4 52.55200 14 1.00000
167.5 52.63968 14 1.00000
167.6 52.74755 14 1.00000
167.7 52.83521 14 1.00000
167.8 52.92294 14 1.00000
167.9 52.52530 14 1.00000
168.0 52.61312 14 1.00000
168.1 52.70086 14 1.00000
168.2 52.80883 14 1.00000
168.3 52.89660 14 1.00000
168.4 52.98430 14 1.00000
168.5 52.58677 14 1.00000
168.6 52.67459 14 1.00000
168.7 52.76207 14 1.00000
168.8 52.87052 14 1.00000
168.9 52.95826 14 1.00000
169.0 52.56082 14 1.00000
169.1 52.64859 14 1.00000
169.2 52.73620 14 1.00000
169.3 52.82393 14 1.00000
169.4 52.93263 14 1.00000
169.5 52.53509 14 1.00000
169.6 52.62294 14 1.00000
169.7 52.71054 14 1.00000
169.8 52.79836 14 1.00000
169.9 52.88615 14 1.00000
170.0 52.99500 14 1.00000
170.1 52.59766 14 1.00000
170.2 52.68553 14 1.00000
170.3 52.77314 14 1.00000
170.4 52.86092 14 1.00000
170.5 52.94873 14 1.00000
170.6 52.57263 14 1.00000
170.7 52.66053 14 1.00000
170.8 52.74813 14 1.00000
170.9 52.83600 14 1.00000
171.0 52.92389 14 1.00000
171.1 53.01143 14 1.00000
171.2 52.63579 14 1.00000
171.3 52.72348 14 1.00000
171.4 52.81143 14 1.00000
171.5 52.89931 14 1.00000
171.6 52.98717 14 1.00000
171.7 53.07473 14 1.00000
171.8 52.69941 14 1.00000
171.9 52.78706 14 1.00000
172.0 52.87498 14 1.00000
172.1 52.96292 14 1.00000
172.2 53.05051 14 1.00000
172.3 53.13842 14 1.00000
172.4 52.76309 14 1.00000
172.5 52.85104 14 1.00000
172.6 52.93892 14 1.00000
172.7 53.02660 14 1.00000
172.8 53.11454 14 1.00000
172.9 53.20241 14 1.00000
173.0 52.82735 14 1.00000
173.1 52.91527 14 1.00000
173.2 53.00303 14 1.00000
173.3 53.09096 14 1.00000
173.4 53.17881 14 1.00000
173.5 53.26675 14 1.00000
173.6 52.89191 14 1.00000
173.7 52.97995 14 1.00000
173.8 53.06762 14 1.00000
173.9 53.15556 14 1.00000
174.0 53.24348 14 1.00000
174.1 52.84671 14 1.00000
174.2 52.95691 14 1.00000
174.3 53.04467 14 1.00000
174.4 53.13260 14 1.00000
174.5 53.22060 14 1.00000
174.6 52.82379 14 1.00000
174.7 52.91182 14 1.00000
174.8 53.02197 14 1.00000
174.9 53.10997 14 1.00000
175.0 53.19791 14 1.00000
175.1 52.80115 14 1.00000
175.2 52.88923 14 1.00000
175.3 52.97723 14 1.00000
175.4 53.08754 14 1.00000
175.5 53.17562 14 1.00000
175.6 53.26362 14 1.00000
175.7 52.86686 14 1.00000
175.8 52.95495 14 1.00000
175.9 53.04278 14 1.00000
176.0 53.13083 14 1.00000
176.1 53.24154 14 1.00000
176.2 52.84484 14 1.00000
176.3 52.93301 14 1.00000
176.4 53.02087 14 1.00000
176.5 53.10895 14 1.00000
176.6 53.19701 14 1.00000
176.7 52.82309 14 1.00000
176.8 52.91124 14 1.00000
176.9 52.99914 14 1.00000
177.0 53.08726 14 1.00000
177.1 53.17535 14 1.00000
177.2 53.26348 14 1.00000
177.3 52.88981 14 1.00000
177.4 52.97798 14 1.00000
177.5 53.06595 14 1.00000
177.6 53.15408 14 1.00000
177.7 53.24213 14 1.00000
177.8 53.33004 14 1.00000
177.9 52.95692 14 1.00000
178.0 53.04487 14 1.00000
178.1 53.13303 14 1.00000
178.2 53.22117 14 1.00000
178.3 53.30901 14 1.00000
178.4 53.39711 14 1.00000
178.5 53.02406 14 1.00000
178.6 53.11225 14 1.00000
178.7 53.20037 14 1.00000
178.8 53.28858 14 1.00000
178.9 53.37648 14 1.00000
179.0 53.46459 14 1.00000
179.1 53.09169 14 1.00000
179.2 53.17990 14 1.00000
179.3 53.26814 14 1.00000
179.4 53.35608 14 1.00000
179.5 53.44423 14 1.00000
179.6 53.53236 14 1.00000
179.7 53.15976 14 1.00000
179.8 53.24793 14 1.00000
179.9 53.33595 14 1.00000
180.0 53.42413 14 1.00000
180.1 53.51229 14 1.00000
180.2 53.60015 14 1.00000
180.3 53.68827 14 1.00000
180.4 53.31603 14 1.00000
180.5 53.40430 14 1.00000
180.6 53.49249 14 1.00000
180.7 53.58067 14 1.00000
180.8 53.66858 14 1.00000
180.9 53.75666 14 1.00000
181.0 53.38473 14 1.00000
181.1 53.47296 14 1.00000
181.2 53.56111 14 1.00000
181.3 53.64906 14 1.00000
181.4 53.73723 14 1.00000
181.5 53.82543 14 1.00000
181.6 53.45369 14 1.00000
181.7 53.54187 14 1.00000
181.8 53.62986 14 1.00000
181.9 53.71811 14 1.00000
182.0 53.80624 14 1.00000
182.1 53.89419 14 1.00000
182.2 53.52295 14 1.00000
182.3 53.61092 14 1.00000
182.4 53.69915 14 1.00000
182.5 53.78741 14 1.00000
182.6 53.87555 14 1.00000
182.7 53.96354 14 1.00000
182.8 53.56847 14 1.00000
182.9 53.68049 14 1.00000
183.0 53.76873 14 1.00000
183.1 53.85696 14 1.00000
183.2 53.94497 14 1.00000
183.3 54.03315 14 1.00000
183.4 53.63796 14 1.00000
183.5 53.75036 14 1.00000
183.6 53.83862 14 1.00000
183.7 53.92662 14 1.00000
183.8 54.01488 14 1.00000
183.9 53.61964 14 1.00000
184.0 53.70799 14 1.00000
184.1 53.82058 14 1.00000
184.2 53.90857 14 1.00000
184.3 53.99686 14 1.00000
184.4 53.60163 14 1.00000
184.5 53.69001 14 1.00000
184.6 53.77832 14 1.00000
184.7 53.89082 14 1.00000
184.8 53.97909 14 1.00000
184.9 53.58415 14 1.00000
185.0 53.67228 14 1.00000
185.1 53.76062 14 1.00000
185.2 53.84888 14 1.00000
185.3 53.93695 14 1.00000
185.4 53.56663 14 1.00000
185.5 53.65474 14 1.00000
185.6 53.74316 14 1.00000
185.7 53.83146 14 1.00000
185.8 53.91961 14 1.00000
185.9 54.00787 14 1.00000
186.0 53.63754 14 1.00000
186.1 53.72589 14 1.00000
186.2 53.81433 14 1.00000
186.3 53.90241 14 1.00000
186.4 53.99075 14 1.00000
186.5 54.07907 14 1.00000
186.6 53.70897 14 1.00000
186.7 53.79739 14 1.00000
186.8 53.88555 14 1.00000
186.9 53.97393 14 1.00000
187.0 54.06223 14 1.00000
187.1 54.15056 14 1.00000
187.2 54.23869 14 1.00000
187.3 53.86906 14 1.00000
187.4 53.95723 14 1.00000
187.5 54.04561 14 1.00000
187.6 54.13398 14 1.00000
187.7 54.22213 14 1.00000
187.8 54.31041 14 1.00000
187.9 53.94082 14 1.00000
188.0 54.02924 14 1.00000
188.1 54.11763 14 1.00000
188.2 54.20582 14 1.00000
188.3 54.29412 14 1.00000
188.4 54.38245 14 1.00000
188.5 54.01314 14 1.00000
188.6 54.10152 14 1.00000
188.7 54.18969 14 1.00000
188.8 54.27812 14 1.00000
188.9 54.36649 14 1.00000
189.0 54.45478 14 1.00000
189.1 54.54292 14 1.00000
189.2 54.17412 14 1.00000
189.3 54.26225 14 1.00000
189.4 54.35065 14 1.00000
189.5 54.43907 14 1.00000
189.6 54.52719 14 1.00000
189.7 54.61547 14 1.00000
189.8 54.24670 14 1.00000
189.9 54.33508 14 1.00000
190.0 54.42353 14 1.00000
190.1 54.51168 14 1.00000
190.2 54.60004 14 1.00000
190.3 54.68833 14 1.00000
190.4 54.31973 14 1.00000
190.5 54.40816 14 1.00000
190.6 54.49640 14 1.00000
190.7 54.58479 14 1.00000
190.8 54.67316 14 1.00000
190.9 54.76151 14 1.00000
191.0 54.84961 14 1.00000
191.1 54.48151 14 1.00000
191.2 54.56976 14 1.00000
191.3 54.65816 14 1.00000
191.4 54.74649 14 1.00000
191.5 54.83467 14 1.00000
191.6 54.92295 14 1.00000
191.7 54.55494 14 1.00000
191.8 54.64338 14 1.00000
191.9 54.73174 14 1.00000
192.0 54.81989 14 1.00000
192.1 54.90826 14 1.00000
192.2 54.99665 14 1.00000
192.3 55.08470 14 1.00000
192.4 54.71724 14 1.00000
192.5 54.80537 14 1.00000
192.6 54.89377 14 1.00000
192.7 54.98215 14 1.00000
192.8 55.07050 14 1.00000
192.9 55.15860 14 1.00000
193.0 54.79112 14 1.00000
193.1 54.87950 14 1.00000
193.2 54.96790 14 1.00000
193.3 55.05634 14 1.00000
193.4 55.14447 14 1.00000
193.5 55.23281 14 1.00000
193.6 55.32108 14 1.00000
193.7 54.95392 14 1.00000
193.8 55.04234 14 1.00000
193.9 55.13045 14 1.00000
194.0 55.21887 14 1.00000
194.1 55.30717 14 1.00000
194.2 55.39532 14 1.00000
194.3 55.02854 14 1.00000
194.4 55.11668 14 1.00000
194.5 55.20513 14 1.00000
194.6 55.29351 14 1.00000
194.7 55.38182 14 1.00000
194.8 55.46992 14 1.00000
194.9 55.07765 14 1.00000
195.0 55.19159 14 1.00000
195.1 55.27999 14 1.00000
195.2 55.36838 14 1.00000
195.3 55.45647 14 1.00000
195.4 55.06426 14 1.00000
195.5 55.15248 14 1.00000
195.6 55.26668 14 1.00000
195.7 55.35505 14 1.00000
195.8 55.44321 14 1.00000
195.9 55.05096 14 1.00000
196.0 55.13926 14 1.00000
196.1 55.22772 14 1.00000
196.2 55.31610 14 1.00000
196.3 55.43020 14 1.00000
196.4 55.03796 14 1.00000
196.5 55.12624 14 1.00000
196.6 55.21473 14 1.00000
196.7 55.30319 14 1.00000
196.8 55.39141 14 1.00000
196.9 55.02505 14 1.00000
197.0 55.11341 14 1.00000
197.1 55.20188 14 1.00000
197.2 55.29037 14 1.00000
197.3 55.37885 14 1.00000
197.4 55.46711 14 1.00000
197.5 55.55549 14 1.00000
197.6 55.18926 14 1.00000
197.7 55.27781 14 1.00000
197.8 55.36633 14 1.00000
197.9 55.45453 14 1.00000
198.0 55.54299 14 1.00000
198.1 55.63148 14 1.00000
198.2 55.26538 14 1.00000
198.3 55.35396 14 1.00000
198.4 55.44224 14 1.00000
198.5 55.53072 14 1.00000
198.6 55.61914 14 1.00000
198.7 55.70740 14 1.00000
198.8 55.79577 14 1.00000
198.9 55.43008 14 1.00000
199.0 55.51854 14 1.00000
199.1 55.60709 14 1.00000
199.2 55.69533 14 1.00000
199.3 55.78378 14 1.00000
199.4 55.87216 14 1.00000
199.5 55.96061 14 1.00000
199.6 55.59517 14 1.00000
199.7 55.68367 14 1.00000
199.8 55.77192 14 1.00000
199.9 55.86032 14 1.00000
200.0 55.94880 14 1.00000
200.1 56.03693 14 1.00000
200.2 55.67189 14 1.00000
200.3 55.76022 14 1.00000
200.4 55.84870 14 1.00000
200.5 55.93716 14 1.00000
200.6 56.02532 14 1.00000
200.7 56.11374 14 1.00000
200.8 56.20218 14 1.00000
200.9 55.83720 14 1.00000
201.0 55.92564 14 1.00000
201.1 56.01388 14 1.00000
201.2 56.10232 14 1.00000
201.3 56.19075 14 1.00000
201.4 56.27915 14 1.00000
201.5 56.36730 14 1.00000
201.6 56.00266 14 1.00000
201.7 56.09108 14 1.00000
201.8 56.17953 14 1.00000
201.9 56.26801 14 1.00000
202.0 56.35614 14 1.00000
202.1 56.44453 14 1.00000
202.2 56.08001 14 1.00000
202.3 56.16849 14 1.00000
202.4 56.25699 14 1.00000
202.5 56.34520 14 1.00000
202.6 56.43361 14 1.00000
202.7 56.52201 14 1.00000
202.8 56.61010 14 1.00000
202.9 56.24609 14 1.00000
203.0 56.33437 14 1.00000
203.1 56.42281 14 1.00000
203.2 56.51122 14 1.00000
203.3 56.59939 14 1.00000
203.4 56.68771 14 1.00000
203.5 56.77607 14 1.00000
203.6 56.41216 14 1.00000
203.7 56.50055 14 1.00000
203.8 56.58902 14 1.00000
203.9 56.67719 14 1.00000
204.0 56.76552 14 1.00000
204.1 56.85388 14 1.00000
204.2 56.49013 14 1.00000
204.3 56.57853 14 1.00000
204.4 56.66673 14 1.00000
204.5 56.75518 14 1.00000
204.6 56.84352 14 1.00000
204.7 56.93170 14 1.00000
204.8 57.01999 14 1.00000
204.9 56.65652 14 1.00000
205.0 56.74490 14 1.00000
205.1 56.83336 14 1.00000
205.2 56.92152 14 1.00000
205.3 57.00984 14 1.00000
205.4 57.09823 14 1.00000
205.5 57.18656 14 1.00000
205.6 56.82326 14 1.00000
205.7 56.91150 14 1.00000
205.8 56.99984 14 1.00000
205.9 57.08826 14 1.00000
206.0 57.17655 14 1.00000
206.1 57.26465 14 1.00000
206.2 57.35295 14 1.00000
206.3 56.99002 14 1.00000
206.4 57.07841 14 1.00000
206.5 57.16674 14 1.00000
206.6 57.25491 14 1.00000
206.7 57.34319 14 1.00000
206.8 57.43149 14 1.00000
206.9 57.51960 14 1.00000
207.0 57.15712 14 1.00000
207.1 57.24522 14 1.00000
207.2 57.33362 14 1.00000
207.3 57.42195 14 1.00000
207.4 57.51026 14 1.00000
207.5 57.59827 14 1.00000
207.6 57.23571 14 1.00000
207.7 57.32414 14 1.00000
207.8 57.41250 14 1.00000
207.9 57.50084 14 1.00000
208.0 57.58887 14 1.00000
208.1 57.67717 14 1.00000
208.2 57.28867 14 1.00000
208.3 57.40321 14 1.00000
208.4 57.49162 14 1.00000
208.5 57.57974 14 1.00000
208.6 57.66806 14 1.00000
208.7 57.27953 14 1.00000
208.8 57.36794 14 1.00000
208.9 57.45633 14 1.00000
209.0 57.57081 14 1.00000
209.1 57.65910 14 1.00000
209.2 57.27064 14 1.00000
209.3 57.35908 14 1.00000
209.4 57.44749 14 1.00000
209.5 57.53561 14 1.00000
209.6 57.62397 14 1.00000
209.7 57.26200 14 1.00000
209.8 57.35047 14 1.00000
209.9 57.43891 14 1.00000
210.0 57.52710 14 1.00000
210.1 57.61545 14 1.00000
210.2 57.70388 14 1.00000
210.3 57.79223 14 1.00000
210.4 57.43058 14 1.00000
210.5 57.51880 14 1.00000
210.6 57.60723 14 1.00000
210.7 57.69563 14 1.00000
210.8 57.78401 14 1.00000
210.9 57.87215 14 1.00000
211.0 57.96048 14 1.00000
211.1 57.59920 14 1.00000
211.2 57.68763 14 1.00000
211.3 57.77599 14 1.00000
211.4 57.86420 14 1.00000
211.5 57.95252 14 1.00000
211.6 58.04092 14 1.00000
211.7 58.12901 14 1.00000
211.8 57.76833 14 1.00000
211.9 57.85652 14 1.00000
212.0 57.94491 14 1.00000
212.1 58.03328 14 1.00000
212.2 58.12163 14 1.00000
212.3 58.20974 14 1.00000
212.4 57.84908 14 1.00000
212.5 57.93750 14 1.00000
212.6 58.02590 14 1.00000
212.7 58.11423 14 1.00000
212.8 58.20241 14 1.00000
212.9 58.29069 14 1.00000
213.0 58.37906 14 1.00000
213.1 58.01877 14 1.00000
213.2 58.10712 14 1.00000
213.3 58.19533 14 1.00000
213.4 58.28370 14 1.00000
213.5 58.37203 14 1.00000
213.6 58.46012 14 1.00000
213.7 58.54837 14 1.00000
213.8 58.18846 14 1.00000
213.9 58.27690 14 1.00000
214.0 58.36526 14 1.00000
214.1 58.45338 14 1.00000
214.2 58.54171 14 1.00000
214.3 58.62996 14 1.00000
214.4 58.71829 14 1.00000
214.5 58.35874 14 1.00000
214.6 58.44684 14 1.00000
214.7 58.53519 14 1.00000
214.8 58.62357 14 1.00000
214.9 58.71183 14 1.00000
215.0 58.79988 14 1.00000
215.1 58.88815 14 1.00000
215.2 58.52897 14 1.00000
215.3 58.61738 14 1.00000
215.4 58.70572 14 1.00000
215.5 58.79375 14 1.00000
215.6 58.88204 14 1.00000
215.7 58.97036 14 1.00000
215.8 59.05838 14 1.00000
215.9 58.69975 14 1.00000
216.0 58.78791 14 1.00000
216.1 58.87618 14 1.00000
216.2 58.96448 14 1.00000
216.3 59.05275 14 1.00000
216.4 59.14083 14 1.00000
216.5 59.22901 14 1.00000
216.6 58.87062 14 1.00000
216.7 58.95895 14 1.00000
216.8 59.04720 14 1.00000
216.9 59.13530 14 1.00000
217.0 59.22351 14 1.00000
217.1 59.31180 14 1.00000
217.2 59.39979 14 1.00000
217.3 59.04189 14 1.00000
217.4 59.12997 14 1.00000
217.5 59.21831 14 1.00000
217.6 59.30652 14 1.00000
217.7 59.39459 14 1.00000
217.8 59.48276 14 1.00000
217.9 59.57100 14 1.00000
218.0 59.21331 14 1.00000
218.1 59.30159 14 1.00000
218.2 59.38959 14 1.00000
218.3 59.47784 14 1.00000
218.4 59.56611 14 1.00000
218.5 59.65431 14 1.00000
218.6 59.74222 14 1.00000
218.7 59.38489 14 1.00000
218.8 59.47316 14 1.00000
218.9 59.56141 14 1.00000
219.0 59.64964 14 1.00000
219.1 59.73763 14 1.00000
219.2 59.82586 14 1.00000
219.3 59.91397 14 1.00000
219.4 60.00194 14 1.00000
219.5 59.64527 14 1.00000
219.6 59.73333 14 1.00000
219.7 59.82154 14 1.00000
219.8 59.90968 14 1.00000
219.9 59.99768 14 1.00000
220.0 60.08577 14 1.00000
220.1 60.17390 14 1.00000
220.2 59.81747 14 1.00000
220.3 59.90569 14 1.00000
220.4 59.99361 14 1.00000
220.5 60.08178 14 1.00000
220.6 60.16999 14 1.00000
220.7 60.25806 14 1.00000
220.8 60.34600 14 1.00000
220.9 59.99011 14 1.00000
221.0 60.07804 14 1.00000
221.1 60.16627 14 1.00000
221.2 60.25443 14 1.00000
221.3 60.34229 14 1.00000
221.4 60.43045 14 1.00000
221.5 60.51854 14 1.00000
221.6 60.16280 14 1.00000
221.7 60.25098 14 1.00000
221.8 60.33887 14 1.00000
221.9 60.42701 14 1.00000
222.0 60.51518 14 1.00000
222.1 60.60327 14 1.00000
222.2 60.69112 14 1.00000
222.3 60.33575 14 1.00000
222.4 60.42392 14 1.00000
222.5 60.51201 14 1.00000
222.6 60.60018 14 1.00000
222.7 60.68801 14 1.00000
222.8 60.77614 14 1.00000
222.9 60.86420 14 1.00000
223.0 60.50919 14 1.00000
223.1 60.59734 14 1.00000
223.2 60.68520 14 1.00000
223.3 60.77330 14 1.00000
223.4 60.86143 14 1.00000
223.5 60.94927 14 1.00000
223.6 61.03726 14 1.00000
223.7 60.65469 14 1.00000
223.8 60.77081 14 1.00000
223.9 60.85891 14 1.00000
224.0 60.94678 14 1.00000
224.1 61.03480 14 1.00000
224.2 60.65225 14 1.00000
224.3 60.74041 14 1.00000
224.4 60.82854 14 1.00000
224.5 60.94448 14 1.00000
224.6 61.03263 14 1.00000
224.7 60.65000 14 1.00000
224.8 60.73824 14 1.00000
224.9 60.82640 14 1.00000
225.0 60.91449 14 1.00000
225.1 61.00244 14 1.00000
225.2 60.64810 14 1.00000
225.3 60.73626 14 1.00000
225.4 60.82445 14 1.00000
225.5 60.91267 14 1.00000
225.6 61.00059 14 1.00000
225.7 61.08866 14 1.00000
225.8 61.17682 14 1.00000
225.9 60.82279 14 1.00000
226.0 60.91104 14 1.00000
226.1 60.99894 14 1.00000
226.2 61.08714 14 1.00000
226.3 61.17527 14 1.00000
226.4 61.26315 14 1.00000
226.5 61.35118 14 1.00000
226.6 60.99758 14 1.00000
226.7 61.08576 14 1.00000
226.8 61.17396 14 1.00000
226.9 61.26188 14 1.00000
227.0 61.34999 14 1.00000
227.1 61.43802 14 1.00000
227.2 61.52614 14 1.00000
227.3 61.61391 14 1.00000
227.4 61.26084 14 1.00000
227.5 61.34898 14 1.00000
227.6 61.43709 14 1.00000
227.7 61.52518 14 1.00000
227.8 61.61304 14 1.00000
227.9 61.70104 14 1.00000
228.0 61.78912 14 1.00000
228.1 61.43636 14 1.00000
228.2 61.52443 14 1.00000
228.3 61.61235 14 1.00000
228.4 61.70043 14 1.00000
228.5 61.78848 14 1.00000
228.6 61.87651 14 1.00000
228.7 61.96426 14 1.00000
228.8 61.61191 14 1.00000
228.9 61.70002 14 1.00000
229.0 61.78810 14 1.00000
229.1 61.87611 14 1.00000
229.2 61.96392 14 1.00000
229.3 62.05199 14 1.00000
229.4 62.13993 14 1.00000
229.5 62.22773 14 1.00000
229.6 61.87603 14 1.00000
229.7 61.96383 14 1.00000
229.8 62.05192 14 1.00000
229.9 62.13989 14 1.00000
230.0 62.22772 14 1.00000
230.1 62.31565 14 1.00000
230.2 62.40360 14 1.00000
230.3 62.05205 14 1.00000
230.4 62.14014 14 1.00000
230.5 62.22795 14 1.00000
230.6 62.31590 14 1.00000
230.7 62.40393 14 1.00000
230.8 62.49189 14 1.00000
230.9 62.57961 14 1.00000
231.0 62.22842 14 1.00000
231.1 62.31645 14 1.00000
231.2 62.40440 14 1.00000
231.3 62.49244 14 1.00000
231.4 62.58018 14 1.00000
231.5 62.66808 14 1.00000
231.6 62.75599 14 1.00000
231.7 62.84367 14 1.00000
231.8 62.49323 14 1.00000
231.9 62.58100 14 1.00000
232.0 62.66892 14 1.00000
232.1 62.75686 14 1.00000
232.2 62.84462 14 1.00000
232.3 62.93252 14 1.00000
232.4 63.02040 14 1.00000
232.5 62.67005 14 1.00000
232.6 62.75803 14 1.00000
232.7 62.84571 14 1.00000
232.8 62.93364 14 1.00000
232.9 63.02159 14 1.00000
233.0 63.10947 14 1.00000
233.1 63.19707 14 1.00000
233.2 63.28491 14 1.00000
233.3 62.93509 14 1.00000
233.4 63.02302 14 1.00000
233.5 63.11088 14 1.00000
233.6 63.19860 14 1.00000
233.7 63.28642 14 1.00000
233.8 63.37426 14 1.00000
233.9 63.46214 14 1.00000
234.0 63.11258 14 1.00000
234.1 63.20033 14 1.00000
234.2 63.28822 14 1.00000
234.3 63.37604 14 1.00000
234.4 63.46389 14 1.00000
234.5 63.55155 14 1.00000
234.6 63.63935 14 1.00000
234.7 63.72714 14 1.00000
234.8 63.37806 14 1.00000
234.9 63.46593 14 1.00000
235.0 63.55357 14 1.00000
235.1 63.64140 14 1.00000
235.2 63.72921 14 1.00000
235.3 63.81678 14 1.00000
235.4 63.90460 14 1.00000
235.5 63.55588 14 1.00000
235.6 63.64373 14 1.00000
235.7 63.73162 14 1.00000
235.8 63.81922 14 1.00000
235.9 63.90701 14 1.00000
236.0 63.99478 14 1.00000
236.1 64.08253 14 1.00000
236.2 64.16999 14 1.00000
236.3 63.82184 14 1.00000
236.4 63.90961 14 1.00000
236.5 63.99746 14 1.00000
236.6 64.08518 14 1.00000
236.7 64.17278 14 1.00000
236.8 64.26045 14 1.00000
236.9 64.34816 14 1.00000
237.0 64.00033 14 1.00000
237.1 64.08813 14 1.00000
237.2 64.17574 14 1.00000
237.3 64.26350 14 1.00000
237.4 64.35123 14 1.00000
237.5 64.43890 14 1.00000
237.6 64.52637 14 1.00000
237.7 64.61410 14 1.00000
237.8 64.26673 14 1.00000
237.9 64.35444 14 1.00000
238.0 64.44218 14 1.00000
238.1 64.52973 14 1.00000
238.2 64.61743 14 1.00000
238.3 64.70506 14 1.00000
238.4 64.79250 14 1.00000
238.5 64.44570 14 1.00000
238.6 64.53323 14 1.00000
238.7 64.62100 14 1.00000
238.8 64.70871 14 1.00000
238.9 64.79617 14 1.00000
239.0 64.88383 14 1.00000
239.1 64.97141 14 1.00000
239.2 65.05908 14 1.00000
239.3 64.71255 14 1.00000
239.4 64.79999 14 1.00000
239.5 64.88772 14 1.00000
239.6 64.97533 14 1.00000
239.7 65.06297 14 1.00000
239.8 65.15038 14 1.00000
239.9 65.23802 14 1.00000
240.0 65.32560 14 1.00000
240.1 64.97948 14 1.00000
240.2 65.06720 14 1.00000
240.3 65.15458 14 1.00000
240.4 65.24226 14 1.00000
240.5 65.32980 14 1.00000
240.6 65.41738 14 1.00000
240.7 65.50473 14 1.00000
240.8 65.15907 14 1.00000
240.9 65.24672 14 1.00000
241.0 65.33430 14 1.00000
241.1 65.42195 14 1.00000
241.2 65.50927 14 1.00000
241.3 65.59689 14 1.00000
241.4 65.68437 14 1.00000
241.5 65.30989 14 1.00000
241.6 65.42649 14 1.00000
241.7 65.51405 14 1.00000
241.8 65.60164 14 1.00000
241.9 65.68921 14 1.00000
242.0 65.31481 14 1.00000
242.1 65.40247 14 1.00000
242.2 65.48990 14 1.00000
242.3 65.57746 14 1.00000
242.4 65.69433 14 1.00000
242.5 65.31986 14 1.00000
242.6 65.40755 14 1.00000
242.7 65.49505 14 1.00000
242.8 65.58270 14 1.00000
242.9 65.67032 14 1.00000
243.0 65.75765 14 1.00000
243.1 65.41296 14 1.00000
243.2 65.50044 14 1.00000
243.3 65.58806 14 1.00000
243.4 65.67576 14 1.00000
243.5 65.76317 14 1.00000
243.6 65.85078 14 1.00000
243.7 65.93831 14 1.00000
243.8 66.02587 14 1.00000
243.9 65.68143 14 1.00000
244.0 65.76882 14 1.00000
244.1 65.85651 14 1.00000
244.2 65.94411 14 1.00000
244.3 66.03170 14 1.00000
244.4 66.11900 14 1.00000
244.5 66.20658 14 1.00000
244.6 66.29407 14 1.00000
244.7 65.95010 14 1.00000
244.8 66.03771 14 1.00000
244.9 66.12505 14 1.00000
245.0 66.21266 14 1.00000
245.1 66.30016 14 1.00000
245.2 66.38774 14 1.00000
245.3 66.47504 14 1.00000
245.4 66.13137 14 1.00000
245.5 66.21891 14 1.00000
245.6 66.30649 14 1.00000
245.7 66.39404 14 1.00000
245.8 66.48141 14 1.00000
245.9 66.56892 14 1.00000
246.0 66.65641 14 1.00000
246.1 66.74361 14 1.00000
246.2 66.40067 14 1.00000
246.3 66.48798 14 1.00000
246.4 66.57551 14 1.00000
246.5 66.66302 14 1.00000
246.6 66.75035 14 1.00000
246.7 66.83778 14 1.00000
246.8 66.92528 14 1.00000
246.9 67.01270 14 1.00000
247.0 66.66997 14 1.00000
247.1 66.75723 14 1.00000
247.2 66.84473 14 1.00000
247.3 66.93225 14 1.00000
247.4 67.01970 14 1.00000
247.5 67.10693 14 1.00000
247.6 67.19434 14 1.00000
247.7 67.28173 14 1.00000
247.8 66.93941 14 1.00000
247.9 67.02689 14 1.00000
248.0 67.11414 14 1.00000
248.1 67.20162 14 1.00000
248.2 67.28904 14 1.00000
248.3 67.37638 14 1.00000
248.4 67.46359 14 1.00000
248.5 67.55095 14 1.00000
248.6 67.20914 14 1.00000
248.7 67.29658 14 1.00000
248.8 67.38395 14 1.00000
248.9 67.47119 14 1.00000
249.0 67.55852 14 1.00000
249.1 67.64592 14 1.00000
249.2 67.73305 14 1.00000
249.3 67.82031 14 1.00000
249.4 67.47901 14 1.00000
249.5 67.56641 14 1.00000
249.6 67.65375 14 1.00000
249.7 67.74090 14 1.00000
249.8 67.82824 14 1.00000
249.9 67.91556 14 1.00000
250.0 68.00285 14 1.00000
