15.0 1.40817 13 0.04346
15.1 1.41582 13 0.04391
15.2 1.42346 13 0.04435
15.3 1.43111 13 0.04479
15.4 1.43876 13 0.04522
15.5 1.44640 13 0.04565
15.6 1.45405 13 0.04608
15.7 1.46170 13 0.04650
15.8 1.46935 13 0.04692
15.9 1.47699 13 0.04734
16.0 1.48464 13 0.04775
16.1 1.49229 13 0.04816
16.2 1.49993 13 0.04857
16.3 1.50758 13 0.04897
16.4 1.51523 13 0.04937
16.5 1.52287 13 0.04977
16.6 1.53052 13 0.05016
16.7 1.53817 13 0.05055
16.8 1.54581 13 0.05094
16.9 1.55346 13 0.05133
17.0 1.56110 13 0.05171
17.1 1.56875 13 0.05209
17.2 1.57639 13 0.05247
17.3 1.58403 13 0.05284
17.4 1.59167 13 0.05322
17.5 1.59932 13 0.05364
17.6 1.60696 13 0.05400
17.7 1.61460 13 0.05436
17.8 1.62223 13 0.05472
17.9 1.62987 13 0.05508
18.0 1.63751 13 0.05544
18.1 1.64514 13 0.05580
18.2 1.65278 13 0.05616
18.3 1.66041 13 0.05652
18.4 1.66804 13 0.05687
18.5 1.67567 13 0.05722
18.6 1.68330 13 0.05757
18.7 1.69093 13 0.05798
18.8 1.69856 13 0.05831
18.9 1.70618 13 0.05866
19.0 1.71381 13 0.05900
19.1 1.72143 13 0.05934
19.2 1.73154 13 0.05990
19.3 1.74364 13 0.06063
19.4 1.75582 13 0.06136
19.5 1.76809 13 0.06209
19.6 1.78044 13 0.06290
19.7 1.79288 13 0.06364
19.8 1.80542 13 0.06438
19.9 1.81804 13 0.06514
20.0 1.83074 13 0.06590
20.1 1.84354 13 0.06667
20.2 1.85643 13 0.06744
20.3 1.86941 13 0.06830
20.4 1.88248 13 0.06909
20.5 1.89565 13 0.06987
20.6 1.90890 13 0.07066
20.7 1.92225 13 0.07146
20.8 16.05091 14 1.00000
20.9 16.09633 14 1.00000
21.0 16.12273 14 1.00000
21.1 16.16685 14 1.00000
21.2 16.21012 14 1.00000
21.3 16.25922 14 1.00000
21.4 16.30195 14 1.00000
21.5 16.34402 14 1.00000
21.6 16.36602 14 1.00000
21.7 16.40629 14 1.00000
21.8 16.44603 14 1.00000
21.9 16.48607 14 1.00000
22.0 16.53006 14 1.00000
22.1 16.54803 14 1.00000
22.2 16.58508 14 1.00000
22.3 16.62152 14 1.00000
22.4 16.65723 14 1.00000
22.5 16.69225 14 1.00000
22.6 16.71233 14 1.00000
22.7 16.74641 14 1.00000
22.8 16.77937 14 1.00000
22.9 16.81161 14 1.00000
23.0 16.84308 14 1.00000
23.1 16.85178 14 1.00000
23.2 16.88866 14 1.00000
23.3 16.91833 14 1.00000
23.4 16.94719 14 1.00000
23.5 16.95245 14 1.00000
23.6 16.97920 14 1.00000
23.7 17.00542 14 1.00000
23.8 17.03475 14 1.00000
23.9 5.57208 14 0.28947
24.0 5.66049 14 0.29451
24.1 5.74943 14 0.29959
24.2 5.83816 14 0.30510
24.3 5.92791 14 0.31024
24.4 6.01850 14 0.31528
24.5 6.10800 14 0.32087
24.6 6.19902 14 0.32610
24.7 6.29046 14 0.33136
24.8 6.38042 14 0.33704
24.9 6.47243 14 0.34237
25.0 6.56332 14 0.34797
25.1 6.65594 14 0.35335
25.2 6.74619 14 0.35914
25.3 6.83634 14 0.36496
25.4 6.91209 14 0.37258
25.5 7.00406 14 0.37808
25.6 7.09749 14 0.38348
25.7 7.19000 14 0.38903
25.8 7.28268 14 0.39461
25.9 7.37548 14 0.40022
26.0 7.46840 14 0.40586
26.1 7.56143 14 0.41152
26.2 7.65638 14 0.41708
26.3 7.74975 14 0.42279
26.4 7.84318 14 0.42852
26.5 7.93665 14 0.43428
26.6 8.03011 14 0.44007
26.7 8.12390 14 0.44586
26.8 8.21932 14 0.45159
26.9 8.31282 14 0.45745
27.0 8.40625 14 0.46333
27.1 8.49959 14 0.46924
27.2 8.59266 14 0.47518
27.3 8.68864 14 0.48100
27.4 8.78181 14 0.48697
27.5 8.87473 14 0.49297
27.6 8.96746 14 0.49899
27.7 9.05980 14 0.50504
27.8 9.15179 14 0.51111
27.9 9.24741 14 0.51706
28.0 9.33924 14 0.52317
28.1 9.43069 14 0.52930
28.2 9.52173 14 0.53545
28.3 9.61230 14 0.54162
28.4 9.70510 14 0.54774
28.5 9.79706 14 0.55389
28.6 9.88676 14 0.56011
28.7 9.97587 14 0.56636
28.8 10.06431 14 0.57264
28.9 10.15219 14 0.57893
29.0 10.24498 14 0.58510
29.1 10.33231 14 0.59142
29.2 10.41885 14 0.59776
29.3 10.50466 14 0.60412
29.4 10.58988 14 0.61049
29.5 10.67411 14 0.61689
29.6 10.76458 14 0.62316
29.7 10.84778 14 0.62958
29.8 10.93034 14 0.63602
29.9 11.01190 14 0.64248
30.0 11.09260 14 0.64895
30.1 11.17975 14 0.65531
30.2 11.25926 14 0.66180
30.3 11.33772 14 0.66831
30.4 11.41546 14 0.67484
30.5 11.49195 14 0.68137
30.6 11.56728 14 0.68793
30.7 11.64984 14 0.69437
30.8 11.72370 14 0.70094
30.9 11.79641 14 0.70752
31.0 11.86795 14 0.71412
31.1 11.93795 14 0.72073
31.2 12.00686 14 0.72735
31.3 12.08455 14 0.73385
31.4 12.15174 14 0.74048
31.5 12.21745 14 0.74712
31.6 12.28127 14 0.75378
31.7 12.34388 14 0.76044
31.8 12.40560 14 0.76710
31.9 12.47527 14 0.77367
32.0 12.53354 14 0.78035
32.1 12.58996 14 0.78704
32.2 12.64419 14 0.79374
32.3 12.69670 14 0.80044
32.4 12.74784 14 0.80715
32.5 12.81002 14 0.81375
32.6 12.85841 14 0.82045
32.7 12.90517 14 0.82715
32.8 12.95014 14 0.83385
32.9 12.99329 14 0.84055
33.0 13.03763 14 0.84723
33.1 13.08917 14 0.85385
33.2 13.12504 14 0.86055
33.3 13.13981 14 0.86736
33.4 13.12049 14 0.87432
33.5 13.06894 14 0.88140
33.6 12.92370 14 0.88889
33.7 12.62114 14 0.89708
33.8 12.18575 14 0.90581
33.9 11.82959 14 0.91401
34.0 11.54099 14 0.92170
34.1 11.64477 14 0.92731
34.2 11.75291 14 0.93296
34.3 11.88011 14 0.93858
34.4 11.99429 14 0.94431
34.5 12.11102 14 0.95008
34.6 12.15019 14 0.95610
34.7 12.27763 14 0.96192
34.8 12.39791 14 0.96781
34.9 12.50260 14 0.97378
35.0 12.61237 14 0.97977
35.1 12.73541 14 0.98580
35.2 12.84153 14 0.99188
35.3 12.94087 14 0.99800
35.4 13.01351 14 1.00000
35.5 13.06870 14 1.00000
35.6 13.10586 14 1.00000
35.7 13.12850 14 1.00000
35.8 13.18967 14 1.00000
35.9 13.20649 14 1.00000
36.0 13.26225 14 1.00000
36.1 13.29587 14 1.00000
36.2 13.32977 14 1.00000
36.3 13.35663 14 1.00000
36.4 13.38544 14 1.00000
36.5 13.38012 14 1.00000
36.6 13.38860 14 1.00000
36.7 13.41248 14 1.00000
36.8 13.43139 14 1.00000
36.9 13.45382 14 1.00000
37.0 13.47381 14 1.00000
37.1 13.50133 14 1.00000
37.2 13.52326 14 1.00000
37.3 13.53999 14 1.00000
37.4 13.55399 14 1.00000
37.5 13.57154 14 1.00000
37.6 13.59284 14 1.00000
37.7 13.61847 14 1.00000
37.8 13.63712 14 1.00000
37.9 13.65561 14 1.00000
38.0 13.63868 14 1.00000
38.1 13.60142 14 1.00000
38.2 13.46084 14 1.00000
38.3 13.46441 14 1.00000
38.4 13.43484 14 1.00000
38.5 13.33688 14 1.00000
38.6 13.33885 14 1.00000
38.7 13.33544 14 1.00000
38.8 13.25492 14 1.00000
38.9 13.18514 14 1.00000
39.0 13.18364 14 1.00000
39.1 13.18948 14 1.00000
39.2 12.98193 14 0.99043
39.3 12.92931 14 0.98775
39.4 12.93518 14 0.98805
39.5 12.70233 14 0.97617
39.6 12.58174 14 0.96999
39.7 12.58555 14 0.97019
39.8 12.58757 14 0.97029
39.9 12.41484 14 0.96141
40.0 12.23804 14 0.95229
40.1 12.22798 14 0.95176
40.2 12.12121 14 0.94623
40.3 12.01384 14 0.94065
40.4 12.02692 14 0.94133
40.5 11.93293 14 0.93644
40.6 11.92691 14 0.93612
40.7 11.74878 14 0.92681
40.8 11.76943 14 0.92789
40.9 11.74987 14 0.92687
41.0 11.57803 14 0.91785
41.1 11.53008 14 0.91532
41.2 11.41095 14 0.90904
41.3 11.47991 14 0.91268
41.4 11.26858 14 0.90151
41.5 11.22304 14 0.89909
41.6 11.32721 14 0.90461
41.7 11.33152 14 0.90484
41.8 11.44028 14 0.91059
41.9 11.55257 14 0.91651
42.0 11.53560 14 0.91562
42.1 11.65327 14 0.92180
42.2 11.78181 14 0.92854
42.3 11.84039 14 0.93161
42.4 11.86368 14 0.93282
42.5 12.05822 14 0.94296
42.6 12.14066 14 0.94724
42.7 12.20353 14 0.95050
42.8 12.38426 14 0.95984
42.9 12.41811 14 0.96158
43.0 12.47227 14 0.96437
43.1 12.66574 14 0.97430
43.2 12.70124 14 0.97612
43.3 12.76178 14 0.97921
43.4 12.94130 14 0.98836
43.5 12.99061 14 0.99087
43.6 13.06951 14 0.99487
43.7 13.11689 14 0.99727
43.8 13.23870 14 1.00000
43.9 13.25091 14 1.00000
44.0 13.27749 14 1.00000
44.1 13.27730 14 1.00000
44.2 13.38688 14 1.00000
44.3 13.40102 14 1.00000
44.4 13.43116 14 1.00000
44.5 13.42420 14 1.00000
44.6 13.53456 14 1.00000
44.7 13.55034 14 1.00000
44.8 13.58823 14 1.00000
44.9 13.61403 14 1.00000
45.0 13.61109 14 1.00000
45.1 13.71620 14 1.00000
45.2 13.76259 14 1.00000
45.3 13.77690 14 1.00000
45.4 13.81122 14 1.00000
45.5 13.83202 14 1.00000
45.6 13.83740 14 1.00000
45.7 13.93382 14 1.00000
45.8 13.98499 14 1.00000
45.9 13.99976 14 1.00000
46.0 14.04176 14 1.00000
46.1 14.07521 14 1.00000
46.2 14.10014 14 1.00000
46.3 14.13352 14 1.00000
46.4 14.18698 14 1.00000
46.5 14.23473 14 1.00000
46.6 14.28079 14 1.00000
46.7 14.32697 14 1.00000
46.8 14.34365 14 1.00000
46.9 14.38136 14 1.00000
47.0 14.41960 14 1.00000
47.1 14.45141 14 1.00000
47.2 14.45357 14 1.00000
47.3 14.50114 14 1.00000
47.4 14.54718 14 1.00000
47.5 14.59309 14 1.00000
47.6 14.63938 14 1.00000
47.7 14.68644 14 1.00000
47.8 14.73229 14 1.00000
47.9 14.77746 14 1.00000
48.0 14.82031 14 1.00000
48.1 14.82825 14 1.00000
48.2 14.87921 14 1.00000
48.3 14.91718 14 1.00000
48.4 14.95381 14 1.00000
48.5 14.99063 14 1.00000
48.6 15.02926 14 1.00000
48.7 15.06551 14 1.00000
48.8 15.10059 14 1.00000
48.9 15.13601 14 1.00000
49.0 15.20724 14 1.00000
49.1 15.17591 14 1.00000
49.2 15.21517 14 1.00000
49.3 15.25433 14 1.00000
49.4 15.29292 14 1.00000
49.5 15.33254 14 1.00000
49.6 15.37736 14 1.00000
49.7 15.45889 14 1.00000
49.8 15.49433 14 1.00000
49.9 15.49675 14 1.00000
50.0 15.53417 14 1.00000
50.1 15.57206 14 1.00000
50.2 15.60916 14 1.00000
50.3 15.64622 14 1.00000
50.4 15.68187 14 1.00000
50.5 15.71438 14 1.00000
50.6 15.78679 14 1.00000
50.7 15.79855 14 1.00000
50.8 15.83110 14 1.00000
50.9 15.87635 14 1.00000
51.0 15.97603 14 1.00000
51.1 16.00359 14 1.00000
51.2 16.00117 14 1.00000
51.3 16.04105 14 1.00000
51.4 16.07687 14 1.00000
51.5 16.11994 14 1.00000
51.6 16.16100 14 1.00000
51.7 16.18268 14 1.00000
51.8 16.26588 14 1.00000
51.9 16.31742 14 1.00000
52.0 16.31337 14 1.00000
52.1 16.39394 14 1.00000
52.2 16.43606 14 1.00000
52.3 16.47570 14 1.00000
52.4 16.51456 14 1.00000
52.5 16.55346 14 1.00000
52.6 16.59279 14 1.00000
52.7 16.62931 14 1.00000
52.8 16.66349 14 1.00000
52.9 16.72921 14 1.00000
53.0 16.76737 14 1.00000
53.1 16.79637 14 1.00000
53.2 16.83085 14 1.00000
53.3 16.86135 14 1.00000
53.4 16.88910 14 1.00000
53.5 16.92197 14 1.00000
53.6 16.95196 14 1.00000
53.7 17.02580 14 1.00000
53.8 17.02594 14 1.00000
53.9 17.05781 14 1.00000
54.0 17.10843 14 1.00000
54.1 17.14506 14 1.00000
54.2 17.18502 14 1.00000
54.3 17.23989 14 1.00000
54.4 17.26216 14 1.00000
54.5 17.33564 14 1.00000
54.6 17.38095 14 1.00000
54.7 17.42013 14 1.00000
54.8 17.45423 14 1.00000
54.9 17.49313 14 1.00000
55.0 17.55289 14 1.00000
55.1 17.59109 14 1.00000
55.2 17.62290 14 1.00000
55.3 17.64934 14 1.00000
55.4 17.68354 14 1.00000
55.5 17.71151 14 1.00000
55.6 17.73769 14 1.00000
55.7 17.76760 14 1.00000
55.8 17.85502 14 1.00000
55.9 17.89207 14 1.00000
56.0 17.89190 14 1.00000
56.1 17.96753 14 1.00000
56.2 17.99637 14 1.00000
56.3 18.04497 14 1.00000
56.4 18.08662 14 1.00000
56.5 18.13355 14 1.00000
56.6 18.17278 14 1.00000
56.7 18.15321 14 1.00000
56.8 18.21053 14 1.00000
56.9 18.31212 14 1.00000
57.0 18.34325 14 1.00000
57.1 18.36737 14 1.00000
57.2 18.35649 14 1.00000
57.3 18.43164 14 1.00000
57.4 18.49029 14 1.00000
57.5 18.48771 14 1.00000
57.6 18.50993 14 1.00000
57.7 18.56758 14 1.00000
57.8 18.61413 14 1.00000
57.9 18.67846 14 1.00000
58.0 18.68630 14 1.00000
58.1 18.76370 14 1.00000
58.2 18.77345 14 1.00000
58.3 18.85334 14 1.00000
58.4 18.89441 14 1.00000
58.5 18.92958 14 1.00000
58.6 18.96821 14 1.00000
58.7 19.03576 14 1.00000
58.8 19.06214 14 1.00000
58.9 19.07998 14 1.00000
59.0 19.07517 14 1.00000
59.1 19.17227 14 1.00000
59.2 19.18493 14 1.00000
59.3 19.21595 14 1.00000
59.4 19.24083 14 1.00000
59.5 19.27047 14 1.00000
59.6 19.32892 14 1.00000
59.7 19.37831 14 1.00000
59.8 19.42645 14 1.00000
59.9 19.47688 14 1.00000
60.0 19.53302 14 1.00000
60.1 19.57448 14 1.00000
60.2 19.62292 14 1.00000
60.3 19.66358 14 1.00000
60.4 19.69723 14 1.00000
60.5 19.73874 14 1.00000
60.6 19.76534 14 1.00000
60.7 19.84664 14 1.00000
60.8 19.87131 14 1.00000
60.9 19.90074 14 1.00000
61.0 19.92906 14 1.00000
61.1 19.95944 14 1.00000
61.2 19.98617 14 1.00000
61.3 20.01583 14 1.00000
61.4 20.04286 14 1.00000
61.5 20.09615 14 1.00000
61.6 20.14745 14 1.00000
61.7 20.20015 14 1.00000
61.8 20.24553 14 1.00000
61.9 20.30377 14 1.00000
62.0 20.35140 14 1.00000
62.1 20.39699 14 1.00000
62.2 20.44155 14 1.00000
62.3 20.48075 14 1.00000
62.4 20.52063 14 1.00000
62.5 20.55611 14 1.00000
62.6 20.59180 14 1.00000
62.7 20.66258 14 1.00000
62.8 20.69013 14 1.00000
62.9 20.72142 14 1.00000
63.0 20.75137 14 1.00000
63.1 20.78214 14 1.00000
63.2 20.81054 14 1.00000
63.3 20.84002 14 1.00000
63.4 20.86734 14 1.00000
63.5 20.91160 14 1.00000
63.6 20.97201 14 1.00000
63.7 21.02199 14 1.00000
63.8 21.07123 14 1.00000
63.9 21.11382 14 1.00000
64.0 21.17543 14 1.00000
64.1 21.22420 14 1.00000
64.2 21.26598 14 1.00000
64.3 21.30988 14 1.00000
64.4 21.34489 14 1.00000
64.5 21.38624 14 1.00000
64.6 21.42176 14 1.00000
64.7 21.45956 14 1.00000
64.8 21.53379 14 1.00000
64.9 21.56388 14 1.00000
65.0 21.59031 14 1.00000
65.1 21.62320 14 1.00000
65.2 21.64252 14 1.00000
65.3 21.68449 14 1.00000
65.4 21.70795 14 1.00000
65.5 21.73169 14 1.00000
65.6 21.77358 14 1.00000
65.7 21.84139 14 1.00000
65.8 21.89180 14 1.00000
65.9 21.94649 14 1.00000
66.0 21.99310 14 1.00000
66.1 22.05010 14 1.00000
66.2 22.10143 14 1.00000
66.3 22.14730 14 1.00000
66.4 22.18662 14 1.00000
66.5 22.22745 14 1.00000
66.6 22.27275 14 1.00000
66.7 22.31214 14 1.00000
66.8 22.34842 14 1.00000
66.9 22.37726 14 1.00000
67.0 22.46029 14 1.00000
67.1 22.48290 14 1.00000
67.2 22.50828 14 1.00000
67.3 22.54788 14 1.00000
67.4 22.57220 14 1.00000
67.5 22.60159 14 1.00000
67.6 22.63755 14 1.00000
67.7 22.66369 14 1.00000
67.8 22.70248 14 1.00000
67.9 22.75709 14 1.00000
68.0 22.82177 14 1.00000
68.1 22.87084 14 1.00000
68.2 22.92201 14 1.00000
68.3 22.96479 14 1.00000
68.4 23.03041 14 1.00000
68.5 23.06340 14 1.00000
68.6 23.12346 14 1.00000
68.7 23.15149 14 1.00000
68.8 23.21037 14 1.00000
68.9 23.24265 14 1.00000
69.0 23.28416 14 1.00000
69.1 23.32025 14 1.00000
69.2 23.34610 14 1.00000
69.3 23.42895 14 1.00000
69.4 23.45286 14 1.00000
69.5 23.50041 14 1.00000
69.6 23.53089 14 1.00000
69.7 23.55987 14 1.00000
69.8 23.59089 14 1.00000
69.9 23.62486 14 1.00000
70.0 23.65243 14 1.00000
70.1 23.68209 14 1.00000
70.2 23.73533 14 1.00000
70.3 23.78735 14 1.00000
70.4 23.85310 14 1.00000
70.5 23.89646 14 1.00000
70.6 23.94578 14 1.00000
70.7 24.00066 14 1.00000
70.8 24.04303 14 1.00000
70.9 24.11117 14 1.00000
71.0 24.15172 14 1.00000
71.1 24.19959 14 1.00000
71.2 24.23807 14 1.00000
71.3 24.27164 14 1.00000
71.4 24.30848 14 1.00000
71.5 24.34894 14 1.00000
71.6 24.39848 14 1.00000
71.7 24.47538 14 1.00000
71.8 24.49871 14 1.00000
71.9 24.52164 14 1.00000
72.0 24.55304 14 1.00000
72.1 24.59296 14 1.00000
72.2 24.62724 14 1.00000
72.3 24.66494 14 1.00000
72.4 24.68801 14 1.00000
72.5 24.71853 14 1.00000
72.6 24.75981 14 1.00000
72.7 24.80473 14 1.00000
72.8 24.88233 14 1.00000
72.9 24.92802 14 1.00000
73.0 24.98785 14 1.00000
73.1 25.03353 14 1.00000
73.2 25.09058 14 1.00000
73.3 25.14892 14 1.00000
73.4 25.19468 14 1.00000
73.5 25.22801 14 1.00000
73.6 25.28100 14 1.00000
73.7 25.31574 14 1.00000
73.8 25.37654 14 1.00000
73.9 25.39559 14 1.00000
74.0 25.44342 14 1.00000
74.1 25.48096 14 1.00000
74.2 25.51554 14 1.00000
74.3 25.60064 14 1.00000
74.4 25.64113 14 1.00000
74.5 25.67447 14 1.00000
74.6 25.69011 14 1.00000
74.7 25.73394 14 1.00000
74.8 25.77155 14 1.00000
74.9 25.79332 14 1.00000
75.0 25.81940 14 1.00000
75.1 25.85244 14 1.00000
75.2 25.89690 14 1.00000
75.3 25.94255 14 1.00000
75.4 26.01905 14 1.00000
75.5 26.08091 14 1.00000
75.6 26.11904 14 1.00000
75.7 26.16052 14 1.00000
75.8 26.23532 14 1.00000
75.9 26.28112 14 1.00000
76.0 26.34496 14 1.00000
76.1 26.38751 14 1.00000
76.2 26.44080 14 1.00000
76.3 26.48564 14 1.00000
76.4 26.52792 14 1.00000
76.5 26.54553 14 1.00000
76.6 26.60568 14 1.00000
76.7 26.64929 14 1.00000
76.8 26.68718 14 1.00000
76.9 26.72370 14 1.00000
77.0 26.80888 14 1.00000
77.1 26.82931 14 1.00000
77.2 26.87143 14 1.00000
77.3 26.90502 14 1.00000
77.4 26.93466 14 1.00000
77.5 26.95869 14 1.00000
77.6 27.00298 14 1.00000
77.7 27.03310 14 1.00000
77.8 27.06543 14 1.00000
77.9 27.09563 14 1.00000
78.0 27.14354 14 1.00000
78.1 27.21471 14 1.00000
78.2 27.26474 14 1.00000
78.3 27.32139 14 1.00000
78.4 27.37602 14 1.00000
78.5 27.42324 14 1.00000
78.6 27.48751 14 1.00000
78.7 27.52608 14 1.00000
78.8 27.59288 14 1.00000
78.9 27.63750 14 1.00000
79.0 27.68542 14 1.00000
79.1 27.73201 14 1.00000
79.2 27.76192 14 1.00000
79.3 27.82769 14 1.00000
79.4 27.85094 14 1.00000
79.5 27.90677 14 1.00000
79.6 27.94835 14 1.00000
79.7 27.98601 14 1.00000
79.8 28.02268 14 1.00000
79.9 28.10884 14 1.00000
80.0 28.13124 14 1.00000
80.1 28.17416 14 1.00000
80.2 28.19032 14 1.00000
80.3 28.24192 14 1.00000
80.4 28.27436 14 1.00000
80.5 28.30158 14 1.00000
80.6 28.33417 14 1.00000
80.7 28.37106 14 1.00000
80.8 28.40225 14 1.00000
80.9 28.43868 14 1.00000
81.0 28.51127 14 1.00000
81.1 28.58180 14 1.00000
81.2 28.64210 14 1.00000
81.3 28.69824 14 1.00000
81.4 28.75076 14 1.00000
81.5 28.79123 14 1.00000
81.6 28.85199 14 1.00000
81.7 28.89989 14 1.00000
81.8 28.94835 14 1.00000
81.9 29.01343 14 1.00000
82.0 29.06298 14 1.00000
82.1 29.10909 14 1.00000
82.2 29.15167 14 1.00000
82.3 29.18357 14 1.00000
82.4 29.23748 14 1.00000
82.5 29.25206 14 1.00000
82.6 29.31013 14 1.00000
82.7 29.35552 14 1.00000
82.8 29.39400 14 1.00000
82.9 29.48746 14 1.00000
83.0 29.51674 14 1.00000
83.1 29.55232 14 1.00000
83.2 29.57833 14 1.00000
83.3 29.60181 14 1.00000
83.4 29.65575 14 1.00000
83.5 29.69020 14 1.00000
83.6 29.72387 14 1.00000
83.7 29.73650 14 1.00000
83.8 29.78323 14 1.00000
83.9 29.82033 14 1.00000
84.0 29.85791 14 1.00000
84.1 29.92500 14 1.00000
84.2 29.99602 14 1.00000
84.3 30.06074 14 1.00000
84.4 30.11630 14 1.00000
84.5 30.16052 14 1.00000
84.6 30.23376 14 1.00000
84.7 30.27008 14 1.00000
84.8 30.33259 14 1.00000
84.9 30.39134 14 1.00000
85.0 30.44941 14 1.00000
85.1 30.47266 14 1.00000
85.2 30.53187 14 1.00000
85.3 30.56940 14 1.00000
85.4 30.63770 14 1.00000
85.5 30.67940 14 1.00000
85.6 30.70784 14 1.00000
85.7 30.76315 14 1.00000
85.8 30.80636 14 1.00000
85.9 30.82016 14 1.00000
86.0 30.87102 14 1.00000
86.1 30.96680 14 1.00000
86.2 31.01222 14 1.00000
86.3 31.04403 14 1.00000
86.4 31.07532 14 1.00000
86.5 31.10275 14 1.00000
86.6 31.12959 14 1.00000
86.7 31.16498 14 1.00000
86.8 31.20942 14 1.00000
86.9 31.25361 14 1.00000
87.0 31.29243 14 1.00000
87.1 31.30886 14 1.00000
87.2 31.35728 14 1.00000
87.3 31.39537 14 1.00000
87.4 31.47457 14 1.00000
87.5 31.53771 14 1.00000
87.6 31.61250 14 1.00000
87.7 31.67238 14 1.00000
87.8 31.72907 14 1.00000
87.9 31.77054 14 1.00000
88.0 31.83704 14 1.00000
88.1 31.86193 14 1.00000
88.2 31.92147 14 1.00000
88.3 31.99084 14 1.00000
88.4 32.04158 14 1.00000
88.5 32.10234 14 1.00000
88.6 32.15159 14 1.00000
88.7 32.19355 14 1.00000
88.8 32.22020 14 1.00000
88.9 32.28913 14 1.00000
89.0 32.32648 14 1.00000
89.1 32.37457 14 1.00000
89.2 32.40930 14 1.00000
89.3 32.45850 14 1.00000
89.4 32.48577 14 1.00000
89.5 32.60202 14 1.00000
89.6 32.62577 14 1.00000
89.7 32.65091 14 1.00000
89.8 32.68971 14 1.00000
89.9 32.72595 14 1.00000
90.0 32.76556 14 1.00000
90.1 32.80722 14 1.00000
90.2 32.84954 14 1.00000
90.3 32.88583 14 1.00000
90.4 32.90097 14 1.00000
90.5 32.95480 14 1.00000
90.6 32.96364 14 1.00000
90.7 33.02257 14 1.00000
90.8 33.07775 14 1.00000
90.9 33.15009 14 1.00000
91.0 33.21548 14 1.00000
91.1 33.27121 14 1.00000
91.2 33.32026 14 1.00000
91.3 33.40121 14 1.00000
91.4 33.45759 14 1.00000
91.5 33.49862 14 1.00000
91.6 33.56325 14 1.00000
91.7 33.61903 14 1.00000
91.8 33.66922 14 1.00000
91.9 33.73127 14 1.00000
92.0 33.78875 14 1.00000
92.1 33.83939 14 1.00000
92.2 33.88858 14 1.00000
92.3 33.93609 14 1.00000
92.4 33.98087 14 1.00000
92.5 34.01012 14 1.00000
92.6 34.07250 14 1.00000
92.7 34.11438 14 1.00000
92.8 34.15155 14 1.00000
92.9 34.20047 14 1.00000
93.0 34.24360 14 1.00000
93.1 34.26281 14 1.00000
93.2 34.38777 14 1.00000
93.3 34.41463 14 1.00000
93.4 34.45684 14 1.00000
93.5 34.49729 14 1.00000
93.6 34.53681 14 1.00000
93.7 34.57395 14 1.00000
93.8 34.58757 14 1.00000
93.9 34.64256 14 1.00000
94.0 34.68575 14 1.00000
94.1 34.70050 14 1.00000
94.2 34.75777 14 1.00000
94.3 34.77092 14 1.00000
94.4 34.82737 14 1.00000
94.5 34.86079 14 1.00000
94.6 34.93066 14 1.00000
94.7 35.00470 14 1.00000
94.8 35.06591 14 1.00000
94.9 35.11388 14 1.00000
95.0 35.19982 14 1.00000
95.1 35.25375 14 1.00000
95.2 35.30629 14 1.00000
95.3 35.37094 14 1.00000
95.4 35.42933 14 1.00000
95.5 35.46026 14 1.00000
95.6 35.52527 14 1.00000
95.7 35.57507 14 1.00000
95.8 35.65631 14 1.00000
95.9 35.70666 14 1.00000
96.0 35.74576 14 1.00000
96.1 35.80310 14 1.00000
96.2 35.85677 14 1.00000
96.3 35.90565 14 1.00000
96.4 35.94663 14 1.00000
96.5 35.97214 14 1.00000
96.6 36.04276 14 1.00000
96.7 36.08072 14 1.00000
96.8 36.12935 14 1.00000
96.9 36.16674 14 1.00000
97.0 36.21440 14 1.00000
97.1 36.31392 14 1.00000
97.2 36.35959 14 1.00000
97.3 36.37767 14 1.00000
97.4 36.43524 14 1.00000
97.5 36.47971 14 1.00000
97.6 36.51641 14 1.00000
97.7 36.53628 14 1.00000
97.8 36.59521 14 1.00000
97.9 36.63012 14 1.00000
98.0 36.66767 14 1.00000
98.1 36.43089 14 1.00000
98.2 36.48628 14 1.00000
98.3 36.52692 14 1.00000
98.4 36.54047 14 1.00000
98.5 36.59961 14 1.00000
98.6 36.64230 14 1.00000
98.7 36.66870 14 1.00000
98.8 36.43124 14 1.00000
98.9 36.48695 14 1.00000
99.0 36.53582 14 1.00000
99.1 36.57288 14 1.00000
99.2 36.59858 14 1.00000
99.3 36.65198 14 1.00000
99.4 36.66331 14 1.00000
99.5 36.46520 14 1.00000
99.6 36.48037 14 1.00000
99.7 36.54105 14 1.00000
99.8 36.58368 14 1.00000
99.9 36.59953 14 1.00000
100.0 36.66042 14 1.00000
100.1 36.67311 14 1.00000
100.2 36.47621 14 1.00000
100.3 36.50321 14 1.00000
100.4 36.53924 14 1.00000
100.5 36.59312 14 1.00000
100.6 36.61507 14 1.00000
100.7 36.66655 14 1.00000
100.8 36.43337 14 1.00000
100.9 36.48478 14 1.00000
101.0 36.52410 14 1.00000
101.1 36.53886 14 1.00000
101.2 36.59897 14 1.00000
101.3 36.63994 14 1.00000
101.4 36.66884 14 1.00000
101.5 36.43123 14 1.00000
101.6 36.48746 14 1.00000
101.7 36.53453 14 1.00000
101.8 36.57119 14 1.00000
101.9 36.59914 14 1.00000
102.0 36.65088 14 1.00000
102.1 36.66415 14 1.00000
102.2 36.46401 14 1.00000
102.3 36.47743 14 1.00000
102.4 36.54086 14 1.00000
102.5 36.58324 14 1.00000
102.6 36.59800 14 1.00000
102.7 36.66022 14 1.00000
102.8 36.67278 14 1.00000
102.9 36.47625 14 1.00000
103.0 36.50424 14 1.00000
103.1 36.53901 14 1.00000
103.2 36.59351 14 1.00000
103.3 36.61783 14 1.00000
103.4 36.66688 14 1.00000
103.5 36.43279 14 1.00000
103.6 36.48541 14 1.00000
103.7 36.52527 14 1.00000
103.8 36.53695 14 1.00000
103.9 36.59940 14 1.00000
104.0 36.64157 14 1.00000
104.1 36.66874 14 1.00000
104.2 36.43149 14 1.00000
104.3 36.48686 14 1.00000
104.4 36.53621 14 1.00000
104.5 36.57381 14 1.00000
104.6 36.59799 14 1.00000
104.7 36.65329 14 1.00000
104.8 36.66280 14 1.00000
104.9 36.46738 14 1.00000
105.0 36.48351 14 1.00000
105.1 36.54143 14 1.00000
105.2 36.58646 14 1.00000
105.3 36.59816 14 1.00000
105.4 36.66267 14 1.00000
105.5 36.67749 14 1.00000
105.6 36.47997 14 1.00000
105.7 36.51694 14 1.00000
105.8 36.53506 14 1.00000
105.9 36.59600 14 1.00000
106.0 36.63402 14 1.00000
106.1 36.66827 14 1.00000
106.2 36.42742 14 1.00000
106.3 36.48730 14 1.00000
106.4 36.53048 14 1.00000
106.5 36.54974 14 1.00000
106.6 36.59999 14 1.00000
106.7 36.64718 14 1.00000
106.8 36.66737 14 1.00000
106.9 36.45165 14 1.00000
107.0 36.48079 14 1.00000
107.1 36.53983 14 1.00000
107.2 36.58035 14 1.00000
107.3 36.59248 14 1.00000
107.4 36.65859 14 1.00000
107.5 36.66928 14 1.00000
107.6 36.47454 14 1.00000
107.7 36.49696 14 1.00000
107.8 36.53970 14 1.00000
107.9 36.59277 14 1.00000
108.0 36.61518 14 1.00000
108.1 36.66662 14 1.00000
108.2 36.43279 14 1.00000
108.3 36.48541 14 1.00000
108.4 36.52575 14 1.00000
108.5 36.53789 14 1.00000
108.6 36.59963 14 1.00000
108.7 36.64269 14 1.00000
108.8 36.66856 14 1.00000
108.9 36.43194 14 1.00000
109.0 36.48602 14 1.00000
109.1 36.53770 14 1.00000
109.2 36.57619 14 1.00000
109.3 36.59618 14 1.00000
109.4 36.65557 14 1.00000
109.5 36.67293 14 1.00000
109.6 36.47097 14 1.00000
109.7 36.48920 14 1.00000
109.8 36.54110 14 1.00000
109.9 36.59019 14 1.00000
110.0 36.60429 14 1.00000
110.1 36.66519 14 1.00000
110.2 36.43443 14 1.00000
110.3 36.48370 14 1.00000
110.4 36.52318 14 1.00000
110.5 36.53957 14 1.00000
110.6 36.59900 14 1.00000
110.7 36.64031 14 1.00000
110.8 36.66880 14 1.00000
110.9 36.42923 14 1.00000
111.0 36.48690 14 1.00000
111.1 36.53646 14 1.00000
111.2 36.57417 14 1.00000
111.3 36.59728 14 1.00000
111.4 36.65427 14 1.00000
111.5 36.66838 14 1.00000
111.6 36.46950 14 1.00000
111.7 36.48506 14 1.00000
111.8 36.54130 14 1.00000
111.9 36.58944 14 1.00000
112.0 36.60665 14 1.00000
112.1 36.66472 14 1.00000
112.2 36.43464 14 1.00000
112.3 36.48333 14 1.00000
112.4 36.52277 14 1.00000
112.5 36.54002 14 1.00000
112.6 36.59898 14 1.00000
112.7 36.64025 14 1.00000
112.8 36.66880 14 1.00000
112.9 36.42960 14 1.00000
113.0 36.48680 14 1.00000
113.1 36.53677 14 1.00000
113.2 36.57464 14 1.00000
113.3 36.59687 14 1.00000
113.4 36.65477 14 1.00000
113.5 36.67122 14 1.00000
113.6 36.47050 14 1.00000
113.7 36.48955 14 1.00000
113.8 36.54108 14 1.00000
113.9 36.59053 14 1.00000
114.0 36.60564 14 1.00000
114.1 36.66545 14 1.00000
114.2 36.43393 14 1.00000
114.3 36.48436 14 1.00000
114.4 36.52481 14 1.00000
114.5 36.53766 14 1.00000
114.6 36.59957 14 1.00000
114.7 36.64237 14 1.00000
114.8 36.66849 14 1.00000
114.9 36.43340 14 1.00000
115.0 36.48549 14 1.00000
115.1 36.53842 14 1.00000
115.2 36.57741 14 1.00000
115.3 36.59437 14 1.00000
115.4 36.65718 14 1.00000
115.5 36.66981 14 1.00000
115.6 36.47372 14 1.00000
115.7 36.49724 14 1.00000
115.8 36.53967 14 1.00000
115.9 36.59359 14 1.00000
116.0 36.62029 14 1.00000
116.1 36.66719 14 1.00000
116.2 36.43080 14 1.00000
116.3 36.48642 14 1.00000
116.4 36.52893 14 1.00000
116.5 36.54345 14 1.00000
116.6 36.60000 14 1.00000
116.7 36.64679 14 1.00000
116.8 36.66705 14 1.00000
116.9 36.45698 14 1.00000
117.0 36.47866 14 1.00000
117.1 36.54068 14 1.00000
117.2 36.58257 14 1.00000
117.3 36.60185 14 1.00000
117.4 36.66102 14 1.00000
117.5 36.68056 14 1.00000
117.6 36.47898 14 1.00000
117.7 36.51738 14 1.00000
117.8 36.53445 14 1.00000
117.9 36.59686 14 1.00000
118.0 36.63616 14 1.00000
118.1 36.66871 14 1.00000
118.2 36.43347 14 1.00000
118.3 36.48764 14 1.00000
118.4 36.53463 14 1.00000
118.5 36.57164 14 1.00000
118.6 36.59833 14 1.00000
118.7 36.65314 14 1.00000
118.8 36.66560 14 1.00000
118.9 36.46922 14 1.00000
119.0 36.48466 14 1.00000
119.1 36.54119 14 1.00000
119.2 36.59007 14 1.00000
119.3 36.60472 14 1.00000
119.4 36.66553 14 1.00000
119.5 36.43364 14 1.00000
119.6 36.48489 14 1.00000
119.7 36.52586 14 1.00000
119.8 36.53934 14 1.00000
119.9 36.59988 14 1.00000
120.0 36.64446 14 1.00000
120.1 36.66794 14 1.00000
120.2 36.44485 14 1.00000
120.3 36.48105 14 1.00000
120.4 36.54007 14 1.00000
120.5 36.58126 14 1.00000
120.6 36.59705 14 1.00000
120.7 36.66035 14 1.00000
120.8 36.67823 14 1.00000
120.9 36.47845 14 1.00000
121.0 36.51668 14 1.00000
121.1 36.53476 14 1.00000
121.2 36.59694 14 1.00000
121.3 36.63627 14 1.00000
121.4 36.66876 14 1.00000
121.5 36.43290 14 1.00000
121.6 36.48757 14 1.00000
121.7 36.53543 14 1.00000
121.8 36.57297 14 1.00000
121.9 36.59755 14 1.00000
122.0 36.65449 14 1.00000
122.1 36.67069 14 1.00000
122.2 36.47128 14 1.00000
122.3 36.48692 14 1.00000
122.4 36.54049 14 1.00000
122.5 36.59212 14 1.00000
122.6 36.61556 14 1.00000
122.7 36.66677 14 1.00000
122.8 36.43105 14 1.00000
122.9 36.48646 14 1.00000
123.0 36.52937 14 1.00000
123.1 36.54738 14 1.00000
123.2 36.59990 14 1.00000
123.3 36.64845 14 1.00000
123.4 36.66602 14 1.00000
123.5 36.46430 14 1.00000
123.6 36.48561 14 1.00000
123.7 36.54139 14 1.00000
123.8 36.58656 14 1.00000
123.9 36.60026 14 1.00000
124.0 36.66397 14 1.00000
124.1 36.43484 14 1.00000
124.2 36.48336 14 1.00000
124.3 36.52361 14 1.00000
124.4 36.53828 14 1.00000
124.5 36.59955 14 1.00000
124.6 36.64318 14 1.00000
124.7 36.66823 14 1.00000
124.8 36.44130 14 1.00000
124.9 36.48166 14 1.00000
125.0 36.54000 14 1.00000
125.1 36.58148 14 1.00000
125.2 36.59918 14 1.00000
125.3 36.66090 14 1.00000
125.4 36.68179 14 1.00000
125.5 36.47963 14 1.00000
125.6 36.51861 14 1.00000
125.7 36.53217 14 1.00000
125.8 36.59797 14 1.00000
125.9 36.63885 14 1.00000
126.0 36.66884 14 1.00000
126.1 36.43058 14 1.00000
126.2 36.48661 14 1.00000
126.3 36.53791 14 1.00000
126.4 36.57730 14 1.00000
126.5 36.59379 14 1.00000
126.6 36.65821 14 1.00000
126.7 36.66967 14 1.00000
126.8 36.47648 14 1.00000
126.9 36.51472 14 1.00000
127.0 36.53644 14 1.00000
127.1 36.59626 14 1.00000
127.2 36.63541 14 1.00000
127.3 36.66870 14 1.00000
127.4 36.43296 14 1.00000
127.5 36.48753 14 1.00000
127.6 36.53597 14 1.00000
127.7 36.57444 14 1.00000
127.8 36.59652 14 1.00000
127.9 36.65625 14 1.00000
128.0 36.67044 14 1.00000
128.1 36.47403 14 1.00000
128.2 36.50148 14 1.00000
128.3 36.53848 14 1.00000
128.4 36.59474 14 1.00000
128.5 36.63320 14 1.00000
128.6 36.66833 14 1.00000
128.7 36.42560 14 1.00000
128.8 36.48764 14 1.00000
128.9 36.53454 14 1.00000
129.0 36.57260 14 1.00000
129.1 36.59752 14 1.00000
129.2 36.65503 14 1.00000
129.3 36.67386 14 1.00000
129.4 36.47273 14 1.00000
129.5 36.49436 14 1.00000
129.6 36.53923 14 1.00000
129.7 36.59424 14 1.00000
129.8 36.63204 14 1.00000
129.9 36.66805 14 1.00000
130.0 36.42590 14 1.00000
130.1 36.48762 14 1.00000
130.2 36.53390 14 1.00000
130.3 36.57185 14 1.00000
130.4 36.59780 14 1.00000
130.5 36.65462 14 1.00000
130.6 36.67307 14 1.00000
130.7 36.47271 14 1.00000
130.8 36.49417 14 1.00000
130.9 36.53927 14 1.00000
131.0 36.59436 14 1.00000
131.1 36.63246 14 1.00000
131.2 36.66815 14 1.00000
131.3 36.42527 14 1.00000
131.4 36.48764 14 1.00000
131.5 36.53437 14 1.00000
131.6 36.57273 14 1.00000
131.7 36.59731 14 1.00000
131.8 36.65528 14 1.00000
131.9 36.66917 14 1.00000
132.0 36.47373 14 1.00000
132.1 36.50010 14 1.00000
132.2 36.53841 14 1.00000
132.3 36.59479 14 1.00000
132.4 36.63398 14 1.00000
132.5 36.66850 14 1.00000
132.6 36.43387 14 1.00000
132.7 36.48759 14 1.00000
132.8 36.53571 14 1.00000
132.9 36.57475 14 1.00000
133.0 36.59597 14 1.00000
133.1 36.65697 14 1.00000
133.2 36.66970 14 1.00000
133.3 36.47575 14 1.00000
133.4 36.51412 14 1.00000
133.5 36.53638 14 1.00000
133.6 36.59667 14 1.00000
133.7 36.63659 14 1.00000
133.8 36.66881 14 1.00000
133.9 36.43016 14 1.00000
134.0 36.48682 14 1.00000
134.1 36.53784 14 1.00000
134.2 36.57785 14 1.00000
134.3 36.59249 14 1.00000
134.4 36.65956 14 1.00000
134.5 36.67567 14 1.00000
134.6 36.47886 14 1.00000
134.7 36.51834 14 1.00000
134.8 36.53244 14 1.00000
134.9 36.59839 14 1.00000
135.0 36.64052 14 1.00000
135.1 36.66869 14 1.00000
135.2 36.43608 14 1.00000
135.3 36.48241 14 1.00000
135.4 36.54004 14 1.00000
135.5 36.58237 14 1.00000
135.6 36.59959 14 1.00000
135.7 36.66244 14 1.00000
135.8 36.68408 14 1.00000
135.9 36.48266 14 1.00000
136.0 36.52358 14 1.00000
136.1 36.53754 14 1.00000
136.2 36.59975 14 1.00000
136.3 36.64540 14 1.00000
136.4 36.66722 14 1.00000
136.5 36.46236 14 1.00000
136.6 36.48607 14 1.00000
136.7 36.54144 14 1.00000
136.8 36.58773 14 1.00000
136.9 36.60871 14 1.00000
137.0 36.66556 14 1.00000
137.1 36.43271 14 1.00000
137.2 36.48618 14 1.00000
137.3 36.52949 14 1.00000
137.4 36.55241 14 1.00000
137.5 36.59946 14 1.00000
137.6 36.65126 14 1.00000
137.7 36.66547 14 1.00000
137.8 36.46996 14 1.00000
137.9 36.48625 14 1.00000
138.0 36.53999 14 1.00000
138.1 36.59372 14 1.00000
138.2 36.62957 14 1.00000
138.3 36.66811 14 1.00000
138.4 36.43489 14 1.00000
138.5 36.48762 14 1.00000
138.6 36.53555 14 1.00000
138.7 36.57541 14 1.00000
138.8 36.59504 14 1.00000
138.9 36.65796 14 1.00000
139.0 36.67177 14 1.00000
139.1 36.47802 14 1.00000
139.2 36.51753 14 1.00000
139.3 36.53223 14 1.00000
139.4 36.59827 14 1.00000
139.5 36.64068 14 1.00000
139.6 36.66856 14 1.00000
139.7 36.43967 14 1.00000
139.8 36.48073 14 1.00000
139.9 36.54074 14 1.00000
140.0 36.58409 14 1.00000
140.1 36.59821 14 1.00000
140.2 36.66391 14 1.00000
140.3 36.43430 14 1.00000
140.4 36.48487 14 1.00000
140.5 36.52697 14 1.00000
140.6 36.54446 14 1.00000
140.7 36.59986 14 1.00000
140.8 36.64989 14 1.00000
140.9 36.66254 14 1.00000
141.0 36.46856 14 1.00000
141.1 36.48917 14 1.00000
141.2 36.54015 14 1.00000
141.3 36.59347 14 1.00000
141.4 36.62900 14 1.00000
141.5 36.66814 14 1.00000
141.6 36.43452 14 1.00000
141.7 36.48753 14 1.00000
141.8 36.53614 14 1.00000
141.9 36.57653 14 1.00000
142.0 36.59350 14 1.00000
142.1 36.65930 14 1.00000
142.2 36.67742 14 1.00000
142.3 36.47977 14 1.00000
142.4 36.51996 14 1.00000
142.5 36.54021 14 1.00000
142.6 36.59922 14 1.00000
142.7 36.64388 14 1.00000
142.8 36.66763 14 1.00000
142.9 36.45755 14 1.00000
143.0 36.48046 14 1.00000
143.1 36.54145 14 1.00000
143.2 36.58843 14 1.00000
143.3 36.60750 14 1.00000
143.4 36.66623 14 1.00000
143.5 36.43046 14 1.00000
143.6 36.48720 14 1.00000
143.7 36.53230 14 1.00000
143.8 36.57106 14 1.00000
143.9 36.59757 14 1.00000
144.0 36.65589 14 1.00000
144.1 36.66963 14 1.00000
144.2 36.47575 14 1.00000
144.3 36.51551 14 1.00000
144.4 36.53355 14 1.00000
144.5 36.59795 14 1.00000
144.6 36.64072 14 1.00000
144.7 36.66851 14 1.00000
144.8 36.44188 14 1.00000
144.9 36.47948 14 1.00000
145.0 36.54106 14 1.00000
145.1 36.58597 14 1.00000
145.2 36.60536 14 1.00000
145.3 36.66520 14 1.00000
145.4 36.43253 14 1.00000
145.5 36.48657 14 1.00000
145.6 36.53080 14 1.00000
145.7 36.56276 14 1.00000
145.8 36.59837 14 1.00000
145.9 36.65436 14 1.00000
146.0 36.67041 14 1.00000
146.1 36.47482 14 1.00000
146.2 36.51445 14 1.00000
146.3 36.53447 14 1.00000
146.4 36.59757 14 1.00000
146.5 36.64024 14 1.00000
146.6 36.66855 14 1.00000
146.7 36.44207 14 1.00000
146.8 36.47972 14 1.00000
146.9 36.54112 14 1.00000
147.0 36.58622 14 1.00000
147.1 36.60723 14 1.00000
147.2 36.66558 14 1.00000
147.3 36.43187 14 1.00000
147.4 36.48693 14 1.00000
147.5 36.53171 14 1.00000
147.6 36.56991 14 1.00000
147.7 36.59752 14 1.00000
147.8 36.65563 14 1.00000
147.9 36.66923 14 1.00000
148.0 36.47652 14 1.00000
148.1 36.51718 14 1.00000
148.2 36.53325 14 1.00000
148.3 36.59870 14 1.00000
148.4 36.64280 14 1.00000
148.5 36.66797 14 1.00000
148.6 36.45695 14 1.00000
148.7 36.48602 14 1.00000
148.8 36.54145 14 1.00000
148.9 36.58921 14 1.00000
149.0 36.61354 14 1.00000
149.1 36.66708 14 1.00000
149.2 36.42744 14 1.00000
149.3 36.48764 14 1.00000
149.4 36.53505 14 1.00000
149.5 36.57605 14 1.00000
149.6 36.59379 14 1.00000
149.7 36.65967 14 1.00000
149.8 36.68111 14 1.00000
149.9 36.48141 14 1.00000
150.0 36.52290 14 1.00000
150.1 36.53747 14 1.00000
150.2 36.59995 14 1.00000
150.3 36.64796 14 1.00000
150.4 36.66336 14 1.00000
150.5 36.46796 14 1.00000
150.6 36.49023 14 1.00000
150.7 36.53968 14 1.00000
150.8 36.59483 14 1.00000
150.9 36.63510 14 1.00000
151.0 36.66875 14 1.00000
151.1 36.43114 14 1.00000
151.2 36.48531 14 1.00000
151.3 36.53979 14 1.00000
151.4 36.58361 14 1.00000
151.5 36.59870 14 1.00000
151.6 36.66467 14 1.00000
151.7 36.43328 14 1.00000
151.8 36.48640 14 1.00000
151.9 36.53101 14 1.00000
152.0 36.56837 14 1.00000
152.1 36.59753 14 1.00000
152.2 36.65583 14 1.00000
152.3 36.66922 14 1.00000
152.4 36.47747 14 1.00000
152.5 36.51888 14 1.00000
152.6 36.54067 14 1.00000
152.7 36.59935 14 1.00000
152.8 36.64506 14 1.00000
152.9 36.66671 14 1.00000
153.0 36.46504 14 1.00000
153.1 36.48101 14 1.00000
153.2 36.54071 14 1.00000
153.3 36.59312 14 1.00000
153.4 36.63321 14 1.00000
153.5 36.66857 14 1.00000
153.6 36.43032 14 1.00000
153.7 36.48620 14 1.00000
153.8 36.53936 14 1.00000
153.9 36.58295 14 1.00000
154.0 36.59746 14 1.00000
154.1 36.66460 14 1.00000
154.2 36.43337 14 1.00000
154.3 36.48645 14 1.00000
154.4 36.53136 14 1.00000
154.5 36.57102 14 1.00000
154.6 36.59692 14 1.00000
154.7 36.65657 14 1.00000
154.8 36.67237 14 1.00000
154.9 36.47924 14 1.00000
155.0 36.52097 14 1.00000
155.1 36.53823 14 1.00000
155.2 36.59982 14 1.00000
155.3 36.64722 14 1.00000
155.4 36.66383 14 1.00000
155.5 36.46810 14 1.00000
155.6 36.48723 14 1.00000
155.7 36.53902 14 1.00000
155.8 36.59530 14 1.00000
155.9 36.63704 14 1.00000
156.0 36.66881 14 1.00000
156.1 36.43803 14 1.00000
156.2 36.47982 14 1.00000
156.3 36.54111 14 1.00000
156.4 36.58752 14 1.00000
156.5 36.60942 14 1.00000
156.6 36.66697 14 1.00000
156.7 36.42711 14 1.00000
156.8 36.48765 14 1.00000
156.9 36.53599 14 1.00000
157.0 36.57823 14 1.00000
157.1 36.59648 14 1.00000
157.2 36.66216 14 1.00000
157.3 36.68665 14 1.00000
157.4 36.48466 14 1.00000
157.5 36.52838 14 1.00000
157.6 36.55582 14 1.00000
157.7 36.59864 14 1.00000
157.8 36.65430 14 1.00000
157.9 36.66945 14 1.00000
158.0 36.47723 14 1.00000
158.1 36.51917 14 1.00000
158.2 36.53982 14 1.00000
158.3 36.59955 14 1.00000
158.4 36.64662 14 1.00000
158.5 36.66408 14 1.00000
158.6 36.46800 14 1.00000
158.7 36.48793 14 1.00000
158.8 36.53889 14 1.00000
158.9 36.59575 14 1.00000
159.0 36.63844 14 1.00000
159.1 36.66868 14 1.00000
159.2 36.44374 14 1.00000
159.3 36.47729 14 1.00000
159.4 36.54144 14 1.00000
159.5 36.58961 14 1.00000
159.6 36.61986 14 1.00000
159.7 36.66783 14 1.00000
159.8 36.43382 14 1.00000
159.9 36.48706 14 1.00000
160.0 36.53853 14 1.00000
160.1 36.58253 14 1.00000
160.2 36.59744 14 1.00000
160.3 36.66466 14 1.00000
160.4 36.43271 14 1.00000
160.5 36.48706 14 1.00000
160.6 36.53310 14 1.00000
160.7 36.57381 14 1.00000
160.8 36.59409 14 1.00000
160.9 36.66003 14 1.00000
161.0 36.67930 14 1.00000
161.1 36.48317 14 1.00000
161.2 36.52644 14 1.00000
161.3 36.54818 14 1.00000
161.4 36.59949 14 1.00000
161.5 36.65371 14 1.00000
161.6 36.66991 14 1.00000
161.7 36.47690 14 1.00000
161.8 36.51932 14 1.00000
161.9 36.53934 14 1.00000
162.0 36.59974 14 1.00000
162.1 36.64780 14 1.00000
162.2 36.66300 14 1.00000
162.3 36.47009 14 1.00000
162.4 36.49755 14 1.00000
162.5 36.53644 14 1.00000
162.6 36.59736 14 1.00000
162.7 36.64192 14 1.00000
162.8 36.66782 14 1.00000
162.9 36.46330 14 1.00000
163.0 36.48244 14 1.00000
163.1 36.54068 14 1.00000
163.2 36.59399 14 1.00000
163.3 36.63530 14 1.00000
163.4 36.66883 14 1.00000
163.5 36.43489 14 1.00000
163.6 36.48004 14 1.00000
163.7 36.54128 14 1.00000
163.8 36.58906 14 1.00000
163.9 36.61831 14 1.00000
164.0 36.66788 14 1.00000
164.1 36.43292 14 1.00000
164.2 36.48668 14 1.00000
164.3 36.53929 14 1.00000
164.4 36.58410 14 1.00000
164.5 36.60386 14 1.00000
164.6 36.66611 14 1.00000
164.7 36.42957 14 1.00000
164.8 36.48764 14 1.00000
164.9 36.53606 14 1.00000
165.0 36.57892 14 1.00000
165.1 36.60173 14 1.00000
165.2 36.66358 14 1.00000
165.3 36.43380 14 1.00000
165.4 36.48660 14 1.00000
165.5 36.53204 14 1.00000
165.6 36.57352 14 1.00000
165.7 36.59405 14 1.00000
165.8 36.66043 14 1.00000
165.9 36.68178 14 1.00000
166.0 36.48394 14 1.00000
166.1 36.52810 14 1.00000
166.2 36.55945 14 1.00000
166.3 36.59784 14 1.00000
166.4 36.65629 14 1.00000
166.5 36.67508 14 1.00000
166.6 36.48077 14 1.00000
166.7 36.52404 14 1.00000
166.8 36.54140 14 1.00000
166.9 36.59983 14 1.00000
167.0 36.65289 14 1.00000
167.1 36.67017 14 1.00000
167.2 36.47705 14 1.00000
167.3 36.51991 14 1.00000
167.4 36.53775 14 1.00000
167.5 36.59995 14 1.00000
167.6 36.64977 14 1.00000
167.7 36.66841 14 1.00000
167.8 36.47393 14 1.00000
167.9 36.51558 14 1.00000
168.0 36.53619 14 1.00000
168.1 36.59945 14 1.00000
168.2 36.64701 14 1.00000
168.3 36.66337 14 1.00000
168.4 36.47025 14 1.00000
168.5 36.50192 14 1.00000
168.6 36.53517 14 1.00000
168.7 36.59838 14 1.00000
168.8 36.64445 14 1.00000
168.9 36.66657 14 1.00000
169.0 36.46740 14 1.00000
169.1 36.48734 14 1.00000
169.2 36.53781 14 1.00000
169.3 36.59716 14 1.00000
169.4 36.64210 14 1.00000
169.5 36.66763 14 1.00000
169.6 36.46478 14 1.00000
169.7 36.48442 14 1.00000
169.8 36.53951 14 1.00000
169.9 36.59562 14 1.00000
170.0 36.63937 14 1.00000
170.1 36.66831 14 1.00000
170.2 36.46274 14 1.00000
170.3 36.48233 14 1.00000
170.4 36.54043 14 1.00000
170.5 36.59487 14 1.00000
170.6 36.63744 14 1.00000
170.7 36.66866 14 1.00000
170.8 36.45273 14 1.00000
170.9 36.48460 14 1.00000
171.0 36.54102 14 1.00000
171.1 36.59351 14 1.00000
171.2 36.63560 14 1.00000
171.3 36.66883 14 1.00000
171.4 36.44477 14 1.00000
171.5 36.47966 14 1.00000
171.6 36.54132 14 1.00000
171.7 36.59238 14 1.00000
171.8 36.63433 14 1.00000
171.9 36.66885 14 1.00000
172.0 36.44034 14 1.00000
172.1 36.47697 14 1.00000
172.2 36.54144 14 1.00000
172.3 36.59185 14 1.00000
172.4 36.63363 14 1.00000
172.5 36.66883 14 1.00000
172.6 36.43663 14 1.00000
172.7 36.47834 14 1.00000
172.8 36.54145 14 1.00000
172.9 36.59154 14 1.00000
173.0 36.63324 14 1.00000
173.1 36.66882 14 1.00000
173.2 36.43516 14 1.00000
173.3 36.47957 14 1.00000
173.4 36.54145 14 1.00000
173.5 36.59146 14 1.00000
173.6 36.63315 14 1.00000
173.7 36.66882 14 1.00000
173.8 36.43490 14 1.00000
173.9 36.47931 14 1.00000
174.0 36.54145 14 1.00000
174.1 36.59164 14 1.00000
174.2 36.63338 14 1.00000
174.3 36.66883 14 1.00000
174.4 36.43684 14 1.00000
174.5 36.47786 14 1.00000
174.6 36.54143 14 1.00000
174.7 36.59203 14 1.00000
174.8 36.63391 14 1.00000
174.9 36.66885 14 1.00000
175.0 36.44109 14 1.00000
175.1 36.47671 14 1.00000
175.2 36.54132 14 1.00000
175.3 36.59266 14 1.00000
175.4 36.63475 14 1.00000
175.5 36.66883 14 1.00000
175.6 36.44622 14 1.00000
175.7 36.48576 14 1.00000
175.8 36.54111 14 1.00000
175.9 36.59368 14 1.00000
176.0 36.63642 14 1.00000
176.1 36.66872 14 1.00000
176.2 36.45508 14 1.00000
176.3 36.48335 14 1.00000
176.4 36.54052 14 1.00000
176.5 36.59469 14 1.00000
176.6 36.63839 14 1.00000
176.7 36.66826 14 1.00000
176.8 36.46335 14 1.00000
176.9 36.48184 14 1.00000
177.0 36.53972 14 1.00000
177.1 36.59591 14 1.00000
177.2 36.64060 14 1.00000
177.3 36.66770 14 1.00000
177.4 36.46552 14 1.00000
177.5 36.48943 14 1.00000
177.6 36.53804 14 1.00000
177.7 36.59746 14 1.00000
177.8 36.64378 14 1.00000
177.9 36.66660 14 1.00000
178.0 36.46798 14 1.00000
178.1 36.49422 14 1.00000
178.2 36.53533 14 1.00000
178.3 36.59856 14 1.00000
178.4 36.64624 14 1.00000
178.5 36.66351 14 1.00000
178.6 36.47070 14 1.00000
178.7 36.51208 14 1.00000
178.8 36.53415 14 1.00000
178.9 36.59961 14 1.00000
179.0 36.64889 14 1.00000
179.1 36.66630 14 1.00000
179.2 36.47473 14 1.00000
179.3 36.51772 14 1.00000
179.4 36.53796 14 1.00000
179.5 36.60001 14 1.00000
179.6 36.65172 14 1.00000
179.7 36.67041 14 1.00000
179.8 36.47814 14 1.00000
179.9 36.52232 14 1.00000
180.0 36.54136 14 1.00000
180.1 36.59961 14 1.00000
180.2 36.65487 14 1.00000
180.3 36.67342 14 1.00000
180.4 36.48141 14 1.00000
180.5 36.52684 14 1.00000
180.6 36.55758 14 1.00000
180.7 36.59755 14 1.00000
180.8 36.65841 14 1.00000
180.9 36.67997 14 1.00000
181.0 36.48485 14 1.00000
181.1 36.53101 14 1.00000
181.2 36.57296 14 1.00000
181.3 36.59246 14 1.00000
181.4 36.66235 14 1.00000
181.5 36.43406 14 1.00000
181.6 36.48714 14 1.00000
181.7 36.53493 14 1.00000
181.8 36.57862 14 1.00000
181.9 36.59930 14 1.00000
182.0 36.66523 14 1.00000
182.1 36.42975 14 1.00000
182.2 36.48758 14 1.00000
182.3 36.53821 14 1.00000
182.4 36.58392 14 1.00000
182.5 36.60377 14 1.00000
182.6 36.66736 14 1.00000
182.7 36.43244 14 1.00000
182.8 36.48592 14 1.00000
182.9 36.54085 14 1.00000
183.0 36.58947 14 1.00000
183.1 36.62729 14 1.00000
183.2 36.66870 14 1.00000
183.3 36.43586 14 1.00000
183.4 36.47807 14 1.00000
183.5 36.54129 14 1.00000
183.6 36.59382 14 1.00000
183.7 36.63749 14 1.00000
183.8 36.66845 14 1.00000
183.9 36.46316 14 1.00000
184.0 36.48628 14 1.00000
184.1 36.53840 14 1.00000
184.2 36.59764 14 1.00000
184.3 36.64471 14 1.00000
184.4 36.66579 14 1.00000
184.5 36.47000 14 1.00000
184.6 36.51142 14 1.00000
184.7 36.53503 14 1.00000
184.8 36.59983 14 1.00000
184.9 36.65036 14 1.00000
185.0 36.67403 14 1.00000
185.1 36.47736 14 1.00000
185.2 36.52180 14 1.00000
185.3 36.54309 14 1.00000
185.4 36.59933 14 1.00000
185.5 36.65600 14 1.00000
185.6 36.67756 14 1.00000
185.7 36.48362 14 1.00000
185.8 36.52977 14 1.00000
185.9 36.57202 14 1.00000
186.0 36.59280 14 1.00000
186.1 36.66222 14 1.00000
186.2 36.43389 14 1.00000
186.3 36.48735 14 1.00000
186.4 36.53598 14 1.00000
186.5 36.58064 14 1.00000
186.6 36.59863 14 1.00000
186.7 36.66632 14 1.00000
186.8 36.42478 14 1.00000
186.9 36.48664 14 1.00000
187.0 36.54050 14 1.00000
187.1 36.58865 14 1.00000
187.2 36.62263 14 1.00000
187.3 36.66864 14 1.00000
187.4 36.43826 14 1.00000
187.5 36.47659 14 1.00000
187.6 36.54097 14 1.00000
187.7 36.59491 14 1.00000
187.8 36.63937 14 1.00000
187.9 36.66765 14 1.00000
188.0 36.46690 14 1.00000
188.1 36.49370 14 1.00000
188.2 36.53472 14 1.00000
188.3 36.59898 14 1.00000
188.4 36.64837 14 1.00000
188.5 36.66850 14 1.00000
188.6 36.47607 14 1.00000
188.7 36.52068 14 1.00000
188.8 36.54499 14 1.00000
188.9 36.59953 14 1.00000
189.0 36.65603 14 1.00000
189.1 36.67919 14 1.00000
189.2 36.48402 14 1.00000
189.3 36.53041 14 1.00000
189.4 36.57285 14 1.00000
189.5 36.59404 14 1.00000
189.6 36.66345 14 1.00000
189.7 36.43174 14 1.00000
189.8 36.48764 14 1.00000
189.9 36.53779 14 1.00000
190.0 36.58382 14 1.00000
190.1 36.60607 14 1.00000
190.2 36.66783 14 1.00000
190.3 36.42901 14 1.00000
190.4 36.48129 14 1.00000
190.5 36.54144 14 1.00000
190.6 36.59286 14 1.00000
190.7 36.63674 14 1.00000
190.8 36.66850 14 1.00000
190.9 36.46421 14 1.00000
191.0 36.48541 14 1.00000
191.1 36.53698 14 1.00000
191.2 36.59867 14 1.00000
191.3 36.64783 14 1.00000
191.4 36.66633 14 1.00000
191.5 36.47516 14 1.00000
191.6 36.51949 14 1.00000
191.7 36.54618 14 1.00000
191.8 36.59930 14 1.00000
191.9 36.65672 14 1.00000
192.0 36.67641 14 1.00000
192.1 36.48463 14 1.00000
192.2 36.53153 14 1.00000
192.3 36.57524 14 1.00000
192.4 36.60028 14 1.00000
192.5 36.66500 14 1.00000
192.6 36.42921 14 1.00000
192.7 36.48739 14 1.00000
192.8 36.53950 14 1.00000
192.9 36.58772 14 1.00000
193.0 36.62130 14 1.00000
193.1 36.66865 14 1.00000
193.2 36.43919 14 1.00000
193.3 36.47871 14 1.00000
193.4 36.54043 14 1.00000
193.5 36.59630 14 1.00000
193.6 36.64272 14 1.00000
193.7 36.66590 14 1.00000
193.8 36.47049 14 1.00000
193.9 36.51508 14 1.00000
194.0 36.53926 14 1.00000
194.1 36.59999 14 1.00000
194.2 36.65392 14 1.00000
194.3 36.67299 14 1.00000
194.4 36.48203 14 1.00000
194.5 36.52913 14 1.00000
194.6 36.57240 14 1.00000
194.7 36.59389 14 1.00000
194.8 36.66362 14 1.00000
194.9 36.43137 14 1.00000
195.0 36.48764 14 1.00000
195.1 36.53888 14 1.00000
195.2 36.58659 14 1.00000
195.3 36.61727 14 1.00000
195.4 36.66853 14 1.00000
195.5 36.43573 14 1.00000
195.6 36.47890 14 1.00000
195.7 36.54039 14 1.00000
195.8 36.59639 14 1.00000
195.9 36.64293 14 1.00000
196.0 36.66574 14 1.00000
196.1 36.47082 14 1.00000
196.2 36.51640 14 1.00000
196.3 36.53699 14 1.00000
196.4 36.59985 14 1.00000
196.5 36.65525 14 1.00000
196.6 36.67691 14 1.00000
196.7 36.48367 14 1.00000
196.8 36.53148 14 1.00000
196.9 36.57551 14 1.00000
197.0 36.59996 14 1.00000
197.1 36.66524 14 1.00000
197.2 36.42846 14 1.00000
197.3 36.48682 14 1.00000
197.4 36.54077 14 1.00000
197.5 36.59027 14 1.00000
197.6 36.63331 14 1.00000
197.7 36.66884 14 1.00000
197.8 36.45722 14 1.00000
197.9 36.48858 14 1.00000
198.0 36.53672 14 1.00000
198.1 36.59883 14 1.00000
198.2 36.64838 14 1.00000
198.3 36.66847 14 1.00000
198.4 36.47764 14 1.00000
198.5 36.52373 14 1.00000
198.6 36.55529 14 1.00000
198.7 36.59729 14 1.00000
198.8 36.66012 14 1.00000
198.9 36.43469 14 1.00000
199.0 36.48738 14 1.00000
199.1 36.53735 14 1.00000
199.2 36.58400 14 1.00000
199.3 36.60826 14 1.00000
199.4 36.66806 14 1.00000
199.5 36.43447 14 1.00000
199.6 36.47718 14 1.00000
199.7 36.54063 14 1.00000
199.8 36.59624 14 1.00000
199.9 36.64261 14 1.00000
200.0 36.66578 14 1.00000
200.1 36.47227 14 1.00000
200.2 36.51804 14 1.00000
200.3 36.54346 14 1.00000
200.4 36.59951 14 1.00000
200.5 36.65671 14 1.00000
200.6 36.67619 14 1.00000
200.7 36.48588 14 1.00000
200.8 36.53468 14 1.00000
200.9 36.58000 14 1.00000
201.0 36.60138 14 1.00000
201.1 36.66697 14 1.00000
201.2 36.43343 14 1.00000
201.3 36.48043 14 1.00000
201.4 36.54138 14 1.00000
201.5 36.59471 14 1.00000
201.6 36.63984 14 1.00000
201.7 36.66726 14 1.00000
201.8 36.47044 14 1.00000
201.9 36.51615 14 1.00000
202.0 36.53710 14 1.00000
202.1 36.59988 14 1.00000
202.2 36.65523 14 1.00000
202.3 36.67792 14 1.00000
202.4 36.48541 14 1.00000
202.5 36.53397 14 1.00000
202.6 36.57912 14 1.00000
202.7 36.59797 14 1.00000
202.8 36.66668 14 1.00000
202.9 36.43426 14 1.00000
203.0 36.48114 14 1.00000
203.1 36.54139 14 1.00000
203.2 36.59468 14 1.00000
203.3 36.63985 14 1.00000
203.4 36.66724 14 1.00000
203.5 36.47112 14 1.00000
203.6 36.51691 14 1.00000
203.7 36.53844 14 1.00000
203.8 36.59976 14 1.00000
203.9 36.65610 14 1.00000
204.0 36.68049 14 1.00000
204.1 36.48611 14 1.00000
204.2 36.53514 14 1.00000
204.3 36.58122 14 1.00000
204.4 36.60396 14 1.00000
204.5 36.66729 14 1.00000
204.6 36.43184 14 1.00000
204.7 36.47710 14 1.00000
204.8 36.54073 14 1.00000
204.9 36.59594 14 1.00000
205.0 36.64261 14 1.00000
205.1 36.66596 14 1.00000
205.2 36.47113 14 1.00000
205.3 36.52054 14 1.00000
205.4 36.54647 14 1.00000
205.5 36.59849 14 1.00000
205.6 36.65860 14 1.00000
205.7 36.68526 14 1.00000
205.8 36.48634 14 1.00000
205.9 36.53806 14 1.00000
206.0 36.58549 14 1.00000
206.1 36.61382 14 1.00000
206.2 36.66842 14 1.00000
206.3 36.43437 14 1.00000
206.4 36.48315 14 1.00000
206.5 36.53724 14 1.00000
206.6 36.59861 14 1.00000
206.7 36.64828 14 1.00000
206.8 36.66883 14 1.00000
206.9 36.47636 14 1.00000
207.0 36.52793 14 1.00000
207.1 36.57138 14 1.00000
207.2 36.59191 14 1.00000
207.3 36.66360 14 1.00000
207.4 36.43152 14 1.00000
207.5 36.48763 14 1.00000
207.6 36.54116 14 1.00000
207.7 36.59179 14 1.00000
207.8 36.63577 14 1.00000
207.9 36.66858 14 1.00000
208.0 36.46407 14 1.00000
208.1 36.48758 14 1.00000
208.2 36.53951 14 1.00000
208.3 36.59995 14 1.00000
208.4 36.65477 14 1.00000
208.5 36.67682 14 1.00000
208.6 36.48328 14 1.00000
208.7 36.53031 14 1.00000
208.8 36.58170 14 1.00000
208.9 36.60605 14 1.00000
209.0 36.66753 14 1.00000
209.1 36.43015 14 1.00000
209.2 36.48212 14 1.00000
209.3 36.54145 14 1.00000
209.4 36.59754 14 1.00000
209.5 36.64562 14 1.00000
209.6 36.66235 14 1.00000
209.7 36.47415 14 1.00000
209.8 36.51901 14 1.00000
209.9 36.56881 14 1.00000
210.0 36.59336 14 1.00000
210.1 36.66283 14 1.00000
210.2 36.43231 14 1.00000
210.3 36.48764 14 1.00000
210.4 36.53826 14 1.00000
210.5 36.59209 14 1.00000
210.6 36.63623 14 1.00000
210.7 36.66848 14 1.00000
210.8 36.46475 14 1.00000
210.9 36.49034 14 1.00000
211.0 36.53536 14 1.00000
211.1 36.59973 14 1.00000
211.2 36.65619 14 1.00000
211.3 36.68221 14 1.00000
211.4 36.48465 14 1.00000
211.5 36.53228 14 1.00000
211.6 36.57573 14 1.00000
211.7 36.61218 14 1.00000
211.8 36.66837 14 1.00000
211.9 36.43397 14 1.00000
212.0 36.47659 14 1.00000
212.1 36.54097 14 1.00000
212.2 36.59517 14 1.00000
212.3 36.65026 14 1.00000
212.4 36.67019 14 1.00000
212.5 36.47926 14 1.00000
212.6 36.52473 14 1.00000
212.7 36.55765 14 1.00000
212.8 36.59732 14 1.00000
212.9 36.66626 14 1.00000
213.0 36.42474 14 1.00000
213.1 36.48592 14 1.00000
213.2 36.54099 14 1.00000
213.3 36.59109 14 1.00000
213.4 36.63381 14 1.00000
213.5 36.66344 14 1.00000
213.6 36.47285 14 1.00000
213.7 36.51773 14 1.00000
213.8 36.53720 14 1.00000
213.9 36.59983 14 1.00000
214.0 36.65525 14 1.00000
214.1 36.43202 14 1.00000
214.2 36.48763 14 1.00000
214.3 36.53859 14 1.00000
214.4 36.58555 14 1.00000
214.5 36.61334 14 1.00000
214.6 36.66831 14 1.00000
214.7 36.46735 14 1.00000
214.8 36.50042 14 1.00000
214.9 36.53199 14 1.00000
215.0 36.59974 14 1.00000
215.1 36.65131 14 1.00000
215.2 36.67044 14 1.00000
215.3 36.48682 14 1.00000
215.4 36.53559 14 1.00000
215.5 36.58076 14 1.00000
215.6 36.60212 14 1.00000
215.7 36.66706 14 1.00000
215.8 36.43351 14 1.00000
215.9 36.48789 14 1.00000
216.0 36.53682 14 1.00000
216.1 36.59864 14 1.00000
216.2 36.64774 14 1.00000
216.3 36.66594 14 1.00000
216.4 36.47510 14 1.00000
216.5 36.53285 14 1.00000
216.6 36.57660 14 1.00000
216.7 36.59933 14 1.00000
216.8 36.66563 14 1.00000
216.9 36.42719 14 1.00000
217.0 36.48700 14 1.00000
217.1 36.53940 14 1.00000
217.2 36.59726 14 1.00000
217.3 36.64429 14 1.00000
217.4 36.66378 14 1.00000
217.5 36.47246 14 1.00000
217.6 36.51646 14 1.00000
217.7 36.57386 14 1.00000
217.8 36.59830 14 1.00000
217.9 36.66434 14 1.00000
218.0 36.43058 14 1.00000
218.1 36.48755 14 1.00000
218.2 36.53889 14 1.00000
218.3 36.59589 14 1.00000
218.4 36.64215 14 1.00000
218.5 36.66618 14 1.00000
218.6 36.47064 14 1.00000
218.7 36.51412 14 1.00000
218.8 36.54057 14 1.00000
218.9 36.59207 14 1.00000
219.0 36.66326 14 1.00000
219.1 36.43218 14 1.00000
219.2 36.48765 14 1.00000
219.3 36.53820 14 1.00000
219.4 36.58460 14 1.00000
219.5 36.64097 14 1.00000
219.6 36.66694 14 1.00000
219.7 36.46975 14 1.00000
219.8 36.50909 14 1.00000
219.9 36.53641 14 1.00000
220.0 36.59985 14 1.00000
220.1 36.66285 14 1.00000
220.2 36.43292 14 1.00000
220.3 36.48763 14 1.00000
220.4 36.53782 14 1.00000
220.5 36.58429 14 1.00000
220.6 36.60529 14 1.00000
220.7 36.66695 14 1.00000
220.8 36.46977 14 1.00000
220.9 36.50942 14 1.00000
221.0 36.53674 14 1.00000
221.1 36.59987 14 1.00000
221.2 36.65183 14 1.00000
221.3 36.43217 14 1.00000
221.4 36.48765 14 1.00000
221.5 36.53828 14 1.00000
221.6 36.58481 14 1.00000
221.7 36.60781 14 1.00000
221.8 36.66794 14 1.00000
221.9 36.47071 14 1.00000
222.0 36.51455 14 1.00000
222.1 36.54028 14 1.00000
222.2 36.59998 14 1.00000
222.3 36.65274 14 1.00000
222.4 36.66957 14 1.00000
222.5 36.48033 14 1.00000
222.6 36.53904 14 1.00000
222.7 36.58614 14 1.00000
222.8 36.61491 14 1.00000
222.9 36.66835 14 1.00000
223.0 36.43643 14 1.00000
223.1 36.47971 14 1.00000
223.2 36.53818 14 1.00000
223.3 36.59994 14 1.00000
223.4 36.65435 14 1.00000
223.5 36.67277 14 1.00000
223.6 36.48187 14 1.00000
223.7 36.52772 14 1.00000
223.8 36.58841 14 1.00000
223.9 36.62487 14 1.00000
224.0 36.66870 14 1.00000
224.1 36.44068 14 1.00000
224.2 36.47881 14 1.00000
224.3 36.54092 14 1.00000
224.4 36.59944 14 1.00000
224.5 36.65658 14 1.00000
224.6 36.68202 14 1.00000
224.7 36.48397 14 1.00000
224.8 36.53081 14 1.00000
224.9 36.57332 14 1.00000
225.0 36.63457 14 1.00000
225.1 36.66883 14 1.00000
225.2 36.45917 14 1.00000
225.3 36.48238 14 1.00000
225.4 36.53886 14 1.00000
225.5 36.59731 14 1.00000
225.6 36.65946 14 1.00000
225.7 36.68701 14 1.00000
225.8 36.48632 14 1.00000
225.9 36.53413 14 1.00000
226.0 36.57777 14 1.00000
226.1 36.59891 14 1.00000
226.2 36.66549 14 1.00000
226.3 36.46634 14 1.00000
226.4 36.49442 14 1.00000
226.5 36.53453 14 1.00000
226.6 36.59912 14 1.00000
226.7 36.64870 14 1.00000
226.8 36.66639 14 1.00000
226.9 36.48762 14 1.00000
227.0 36.53747 14 1.00000
227.1 36.58363 14 1.00000
227.2 36.60815 14 1.00000
227.3 36.66753 14 1.00000
227.4 36.43294 14 1.00000
227.5 36.51587 14 1.00000
227.6 36.53933 14 1.00000
227.7 36.60001 14 1.00000
227.8 36.65313 14 1.00000
227.9 36.66932 14 1.00000
228.0 36.48034 14 1.00000
228.1 36.54044 14 1.00000
228.2 36.58895 14 1.00000
228.3 36.62607 14 1.00000
228.4 36.66872 14 1.00000
228.5 36.43962 14 1.00000
228.6 36.47745 14 1.00000
228.7 36.54111 14 1.00000
228.8 36.59866 14 1.00000
228.9 36.65798 14 1.00000
229.0 36.67970 14 1.00000
229.1 36.48463 14 1.00000
229.2 36.53164 14 1.00000
229.3 36.57449 14 1.00000
229.4 36.63818 14 1.00000
229.5 36.66827 14 1.00000
229.6 36.46494 14 1.00000
229.7 36.48603 14 1.00000
229.8 36.53657 14 1.00000
229.9 36.59827 14 1.00000
230.0 36.66282 14 1.00000
230.1 36.43280 14 1.00000
230.2 36.48759 14 1.00000
230.3 36.53711 14 1.00000
230.4 36.58216 14 1.00000
230.5 36.60418 14 1.00000
230.6 36.66708 14 1.00000
230.7 36.47314 14 1.00000
230.8 36.51654 14 1.00000
230.9 36.53901 14 1.00000
231.0 36.60001 14 1.00000
231.1 36.65286 14 1.00000
231.2 36.66964 14 1.00000
231.3 36.48538 14 1.00000
231.4 36.54092 14 1.00000
231.5 36.59014 14 1.00000
231.6 36.63199 14 1.00000
231.7 36.66879 14 1.00000
231.8 36.44127 14 1.00000
231.9 36.52588 14 1.00000
232.0 36.56020 14 1.00000
232.1 36.59750 14 1.00000
232.2 36.65931 14 1.00000
232.3 36.68449 14 1.00000
232.4 36.48557 14 1.00000
232.5 36.53275 14 1.00000
232.6 36.59583 14 1.00000
232.7 36.64122 14 1.00000
232.8 36.66742 14 1.00000
232.9 36.46790 14 1.00000
233.0 36.49711 14 1.00000
233.1 36.53421 14 1.00000
233.2 36.59874 14 1.00000
233.3 36.66555 14 1.00000
233.4 36.42839 14 1.00000
233.5 36.48737 14 1.00000
233.6 36.53914 14 1.00000
233.7 36.58567 14 1.00000
233.8 36.65085 14 1.00000
233.9 36.67469 14 1.00000
234.0 36.47755 14 1.00000
234.1 36.52160 14 1.00000
234.2 36.54203 14 1.00000
234.3 36.59943 14 1.00000
234.4 36.65581 14 1.00000
234.5 36.43583 14 1.00000
234.6 36.47783 14 1.00000
234.7 36.54131 14 1.00000
234.8 36.59410 14 1.00000
234.9 36.63774 14 1.00000
235.0 36.66866 14 1.00000
235.1 36.48524 14 1.00000
235.2 36.53253 14 1.00000
235.3 36.57521 14 1.00000
235.4 36.59662 14 1.00000
235.5 36.66352 14 1.00000
235.6 36.43250 14 1.00000
235.7 36.48753 14 1.00000
235.8 36.53338 14 1.00000
235.9 36.59932 14 1.00000
236.0 36.64860 14 1.00000
236.1 36.66542 14 1.00000
236.2 36.47469 14 1.00000
236.3 36.51786 14 1.00000
236.4 36.58709 14 1.00000
236.5 36.61557 14 1.00000
236.6 36.66836 14 1.00000
236.7 36.42997 14 1.00000
236.8 36.48146 14 1.00000
236.9 36.54140 14 1.00000
237.0 36.59177 14 1.00000
237.1 36.65778 14 1.00000
237.2 36.67887 14 1.00000
237.3 36.48428 14 1.00000
237.4 36.53065 14 1.00000
237.5 36.57269 14 1.00000
237.6 36.59441 14 1.00000
237.7 36.66768 14 1.00000
237.8 36.46689 14 1.00000
237.9 36.49281 14 1.00000
238.0 36.53528 14 1.00000
238.1 36.59864 14 1.00000
238.2 36.64634 14 1.00000
238.3 36.66339 14 1.00000
238.4 36.48715 14 1.00000
238.5 36.53937 14 1.00000
238.6 36.58600 14 1.00000
238.7 36.60895 14 1.00000
238.8 36.66793 14 1.00000
238.9 36.43172 14 1.00000
239.0 36.52406 14 1.00000
239.1 36.54951 14 1.00000
239.2 36.59879 14 1.00000
239.3 36.65718 14 1.00000
239.4 36.68191 14 1.00000
239.5 36.48337 14 1.00000
239.6 36.52916 14 1.00000
239.7 36.59579 14 1.00000
239.8 36.64083 14 1.00000
239.9 36.66782 14 1.00000
240.0 36.46618 14 1.00000
240.1 36.48846 14 1.00000
240.2 36.53692 14 1.00000
240.3 36.59784 14 1.00000
240.4 36.66608 14 1.00000
240.5 36.42689 14 1.00000
240.6 36.48725 14 1.00000
240.7 36.53910 14 1.00000
240.8 36.58508 14 1.00000
240.9 36.60473 14 1.00000
241.0 36.66908 14 1.00000
241.1 36.48008 14 1.00000
241.2 36.52451 14 1.00000
241.3 36.54965 14 1.00000
241.4 36.59886 14 1.00000
241.5 36.65688 14 1.00000
241.6 36.46027 14 1.00000
241.7 36.48296 14 1.00000
241.8 36.53999 14 1.00000
241.9 36.59600 14 1.00000
242.0 36.64097 14 1.00000
242.1 36.66784 14 1.00000
242.2 36.46587 14 1.00000
242.3 36.53716 14 1.00000
242.4 36.58154 14 1.00000
242.5 36.60064 14 1.00000
242.6 36.66628 14 1.00000
242.7 36.42655 14 1.00000
242.8 36.48724 14 1.00000
242.9 36.53913 14 1.00000
243.0 36.59967 14 1.00000
243.1 36.65476 14 1.00000
243.2 36.67212 14 1.00000
243.3 36.48091 14 1.00000
243.4 36.52508 14 1.00000
243.5 36.55111 14 1.00000
243.6 36.63873 14 1.00000
243.7 36.66855 14 1.00000
243.8 36.46326 14 1.00000
243.9 36.48137 14 1.00000
244.0 36.53928 14 1.00000
244.1 36.59636 14 1.00000
244.2 36.64138 14 1.00000
244.3 36.42952 14 1.00000
244.4 36.48759 14 1.00000
244.5 36.53815 14 1.00000
244.6 36.58292 14 1.00000
244.7 36.60450 14 1.00000
244.8 36.66687 14 1.00000
244.9 36.42534 14 1.00000
245.0 36.52333 14 1.00000
245.1 36.54631 14 1.00000
245.2 36.59923 14 1.00000
245.3 36.65594 14 1.00000
245.4 36.67548 14 1.00000
245.5 36.48170 14 1.00000
245.6 36.53998 14 1.00000
245.7 36.59591 14 1.00000
245.8 36.64066 14 1.00000
245.9 36.66799 14 1.00000
246.0 36.46545 14 1.00000
246.1 36.48872 14 1.00000
246.2 36.53836 14 1.00000
246.3 36.60328 14 1.00000
246.4 36.66665 14 1.00000
246.5 36.42579 14 1.00000
246.6 36.48716 14 1.00000
246.7 36.53921 14 1.00000
246.8 36.58492 14 1.00000
246.9 36.60293 14 1.00000
247.0 36.67574 14 1.00000
247.1 36.48181 14 1.00000
247.2 36.52634 14 1.00000
247.3 36.55595 14 1.00000
247.4 36.59839 14 1.00000
247.5 36.65741 14 1.00000
247.6 36.68097 14 1.00000
247.7 36.48484 14 1.00000
247.8 36.53766 14 1.00000
247.9 36.59742 14 1.00000
248.0 36.64294 14 1.00000
248.1 36.66727 14 1.00000
248.2 36.46749 14 1.00000
248.3 36.53966 14 1.00000
248.4 36.58586 14 1.00000
248.5 36.60635 14 1.00000
248.6 36.66763 14 1.00000
248.7 36.43341 14 1.00000
248.8 36.48610 14 1.00000
248.9 36.54016 14 1.00000
249.0 36.59747 14 1.00000
249.1 36.65869 14 1.00000
249.2 36.67945 14 1.00000
249.3 36.48380 14 1.00000
249.4 36.52924 14 1.00000
249.5 36.56915 14 1.00000
249.6 36.59698 14 1.00000
249.7 36.66600 14 1.00000
249.8 36.46994 14 1.00000
249.9 36.50233 14 1.00000
250.0 36.53364 14 1.00000
