15.0 1.45148 13 0.04466
15.1 1.45898 13 0.04502
15.2 1.46648 13 0.04532
15.3 1.47398 13 0.04566
15.4 1.48148 13 0.04600
15.5 1.48898 13 0.04634
15.6 1.49647 13 0.04667
15.7 1.50397 13 0.04700
15.8 1.51146 13 0.04732
15.9 1.51895 13 0.04764
16.0 1.52644 13 0.04796
16.1 1.53393 13 0.04827
16.2 1.54142 13 0.04858
16.3 1.54890 13 0.04889
16.4 1.55639 13 0.04919
16.5 1.56387 13 0.04949
16.6 1.57135 13 0.04979
16.7 1.57883 13 0.05008
16.8 1.58631 13 0.05037
16.9 1.59378 13 0.05065
17.0 1.60126 13 0.05094
17.1 1.60873 13 0.05122
17.2 1.61620 13 0.05149
17.3 1.62367 13 0.05176
17.4 1.63114 13 0.05204
17.5 1.63860 13 0.05230
17.6 1.64606 13 0.05257
17.7 1.65353 13 0.05283
17.8 1.66099 13 0.05309
17.9 1.66844 13 0.05334
18.0 1.67590 13 0.05360
18.1 1.68537 13 0.05400
18.2 1.69748 13 0.05461
18.3 1.70969 13 0.05522
18.4 1.72199 13 0.05575
18.5 1.73438 13 0.05636
18.6 1.74687 13 0.05697
18.7 1.75945 13 0.05758
18.8 1.77213 13 0.05819
18.9 1.78491 13 0.05881
19.0 1.79778 13 0.05943
19.1 1.81075 13 0.06005
19.2 1.82382 13 0.06067
19.3 1.83698 13 0.06130
19.4 1.85025 13 0.06193
19.5 1.86362 13 0.06256
19.6 1.87709 13 0.06319
19.7 1.89066 13 0.06382
19.8 1.90433 13 0.06446
19.9 1.91810 13 0.06510
20.0 17.49159 14 1.00000
20.1 17.57527 14 1.00000
20.2 17.65891 14 1.00000
20.3 17.74249 14 1.00000
20.4 17.82613 14 1.00000
20.5 17.90972 14 1.00000
20.6 17.99327 14 1.00000
20.7 18.07678 14 1.00000
20.8 18.16024 14 1.00000
20.9 18.24367 14 1.00000
21.0 18.32704 14 1.00000
21.1 18.41038 14 1.00000
21.2 18.49368 14 1.00000
21.3 18.57693 14 1.00000
21.4 18.66014 14 1.00000
21.5 18.74330 14 1.00000
21.6 18.82642 14 1.00000
21.7 18.90950 14 1.00000
21.8 18.99254 14 1.00000
21.9 19.07553 14 1.00000
22.0 19.15848 14 1.00000
22.1 19.24138 14 1.00000
22.2 19.32424 14 1.00000
22.3 19.40706 14 1.00000
22.4 19.48983 14 1.00000
22.5 19.57256 14 1.00000
22.6 19.65525 14 1.00000
22.7 19.73789 14 1.00000
22.8 5.50727 14 0.24351
22.9 5.62321 14 0.24855
23.0 5.74077 14 0.25364
23.1 5.85994 14 0.25876
23.2 5.98073 14 0.26393
23.3 6.10315 14 0.26914
23.4 6.22720 14 0.27438
23.5 6.35289 14 0.27967
23.6 6.48021 14 0.28500
23.7 6.60919 14 0.29037
23.8 6.73982 14 0.29578
23.9 6.87211 14 0.30122
24.0 7.00606 14 0.30671
24.1 7.14169 14 0.31224
24.2 7.27899 14 0.31780
24.3 7.41797 14 0.32341
24.4 7.55863 14 0.32905
24.5 7.70100 14 0.33473
24.6 7.84505 14 0.34045
24.7 7.99082 14 0.34621
24.8 8.13829 14 0.35200
24.9 8.28748 14 0.35784
25.0 8.43839 14 0.36371
25.1 8.59103 14 0.36962
25.2 8.74539 14 0.37557
25.3 8.90150 14 0.38155
25.4 9.05936 14 0.38758
25.5 9.21896 14 0.39364
25.6 9.38032 14 0.39973
25.7 9.54345 14 0.40587
25.8 9.70834 14 0.41204
25.9 9.87501 14 0.41825
26.0 10.04345 14 0.42449
26.1 10.21368 14 0.43077
26.2 10.38571 14 0.43709
26.3 10.55954 14 0.44344
26.4 10.73517 14 0.44984
26.5 10.91261 14 0.45626
26.6 11.09186 14 0.46273
26.7 11.27294 14 0.46923
26.8 11.45586 14 0.47576
26.9 11.64060 14 0.48233
27.0 11.82719 14 0.48894
27.1 12.01561 14 0.49559
27.2 12.20575 14 0.50227
27.3 12.39775 14 0.50898
27.4 12.59161 14 0.51574
27.5 12.76424 14 0.52283
27.6 12.96095 14 0.52965
27.7 13.15964 14 0.53651
27.8 13.36020 14 0.54340
27.9 13.56264 14 0.55033
28.0 13.76697 14 0.55729
28.1 13.97320 14 0.56429
28.2 14.18132 14 0.57132
28.3 14.39105 14 0.57839
28.4 14.57310 14 0.58576
28.5 14.78609 14 0.59290
28.6 15.00100 14 0.60007
28.7 15.21778 14 0.60727
28.8 15.43649 14 0.61451
28.9 15.65713 14 0.62178
29.0 15.87971 14 0.62909
29.1 16.10422 14 0.63644
29.2 16.33010 14 0.64382
29.3 16.55824 14 0.65123
29.4 16.75040 14 0.65890
29.5 16.98168 14 0.66638
29.6 17.21498 14 0.67390
29.7 17.45020 14 0.68144
29.8 17.68739 14 0.68903
29.9 17.92656 14 0.69665
30.0 18.16717 14 0.70430
30.1 18.40990 14 0.71199
30.2 18.65462 14 0.71971
30.3 18.90133 14 0.72747
30.4 19.10271 14 0.73544
30.5 19.35275 14 0.74326
30.6 19.60478 14 0.75111
30.7 19.85873 14 0.75900
30.8 20.11465 14 0.76693
30.9 20.37184 14 0.77489
31.0 20.63137 14 0.78289
31.1 20.89293 14 0.79092
31.2 21.15650 14 0.79899
31.3 21.42212 14 0.80709
31.4 21.63165 14 0.81534
31.5 21.90079 14 0.82351
31.6 22.17159 14 0.83170
31.7 22.44445 14 0.83994
31.8 22.71862 14 0.84821
31.9 22.99512 14 0.85651
32.0 23.27368 14 0.86485
32.1 23.55430 14 0.87322
32.2 23.83698 14 0.88163
32.3 24.12175 14 0.89007
32.4 24.33806 14 0.89862
32.5 24.62623 14 0.90712
32.6 24.91619 14 0.91566
32.7 25.20825 14 0.92424
32.8 25.50129 14 0.93285
32.9 25.79698 14 0.94150
33.0 26.09476 14 0.95018
33.1 26.39464 14 0.95889
33.2 26.69662 14 0.96764
33.3 27.00072 14 0.97643
33.4 27.22215 14 0.98526
33.5 27.52947 14 0.99411
33.6 27.75838 14 1.00000
33.7 27.82938 14 1.00000
33.8 27.89901 14 1.00000
33.9 27.96920 14 1.00000
34.0 28.03932 14 1.00000
34.1 28.10935 14 1.00000
34.2 28.17928 14 1.00000
34.3 28.24914 14 1.00000
34.4 28.22604 14 1.00000
34.5 28.29534 14 1.00000
34.6 28.36485 14 1.00000
34.7 28.30165 14 1.00000
34.8 28.37010 14 1.00000
34.9 28.43887 14 1.00000
35.0 28.50746 14 1.00000
35.1 28.57603 14 1.00000
35.2 28.49927 14 1.00000
35.3 28.56803 14 1.00000
35.4 28.63646 14 1.00000
35.5 28.60500 14 1.00000
35.6 28.52623 14 1.00000
35.7 28.59486 14 1.00000
35.8 28.66329 14 1.00000
35.9 28.73026 14 1.00000
36.0 28.79784 14 1.00000
36.1 27.40693 14 1.00000
36.2 26.09730 14 1.00000
36.3 23.49021 14 1.00000
36.4 22.18920 14 1.00000
36.5 19.49391 14 1.00000
36.6 17.37836 14 1.00000
36.7 15.08796 14 1.00000
36.8 13.62519 14 1.00000
36.9 13.54126 14 1.00000
37.0 13.52106 14 1.00000
37.1 13.49148 14 1.00000
37.2 13.45702 14 1.00000
37.3 13.46801 14 1.00000
37.4 13.50296 14 1.00000
37.5 13.46711 14 1.00000
37.6 13.39602 14 1.00000
37.7 13.32765 14 1.00000
37.8 13.31792 14 1.00000
37.9 13.36048 14 1.00000
38.0 13.40462 14 1.00000
38.1 13.44877 14 1.00000
38.2 13.50214 14 1.00000
38.3 13.55822 14 1.00000
38.4 13.53327 14 1.00000
38.5 13.57749 14 1.00000
38.6 13.62172 14 1.00000
38.7 13.67783 14 1.00000
38.8 13.73290 14 1.00000
38.9 13.83884 14 1.00000
39.0 13.75081 14 1.00000
39.1 13.79513 14 1.00000
39.2 13.85456 14 1.00000
39.3 13.90829 14 1.00000
39.4 14.01147 14 1.00000
39.5 14.04852 14 1.00000
39.6 14.08385 14 1.00000
39.7 14.03202 14 1.00000
39.8 14.14790 14 1.00000
39.9 14.18419 14 1.00000
40.0 14.22136 14 1.00000
40.1 14.25615 14 1.00000
40.2 14.29152 14 1.00000
40.3 14.32022 14 1.00000
40.4 14.35736 14 1.00000
40.5 14.39333 14 1.00000
40.6 14.42841 14 1.00000
40.7 14.46363 14 1.00000
40.8 14.49883 14 1.00000
40.9 14.53051 14 1.00000
41.0 14.56520 14 1.00000
41.1 14.60045 14 1.00000
41.2 14.63557 14 1.00000
41.3 14.67075 14 1.00000
41.4 14.70202 14 1.00000
41.5 14.73704 14 1.00000
41.6 14.77218 14 1.00000
41.7 14.80733 14 1.00000
41.8 14.84234 14 1.00000
41.9 14.87721 14 1.00000
42.0 14.90873 14 1.00000
42.1 14.94389 14 1.00000
42.2 14.97885 14 1.00000
42.3 15.01381 14 1.00000
42.4 15.04848 14 1.00000
42.5 15.08020 14 1.00000
42.6 15.11523 14 1.00000
42.7 15.15024 14 1.00000
42.8 15.18498 14 1.00000
42.9 15.21640 14 1.00000
43.0 15.25147 14 1.00000
43.1 15.28644 14 1.00000
43.2 15.32125 14 1.00000
43.3 15.35579 14 1.00000
43.4 15.38744 14 1.00000
43.5 15.42246 14 1.00000
43.6 15.45722 14 1.00000
43.7 15.49182 14 1.00000
43.8 15.52331 14 1.00000
43.9 15.55836 14 1.00000
44.0 15.59319 14 1.00000
44.1 15.62407 14 1.00000
44.2 15.65911 14 1.00000
44.3 15.69411 14 1.00000
44.4 15.72456 14 1.00000
44.5 15.75970 14 1.00000
44.6 15.79464 14 1.00000
44.7 15.82563 14 1.00000
44.8 15.86006 14 1.00000
44.9 15.88747 14 1.00000
45.0 15.77784 14 1.00000
45.1 15.78826 14 1.00000
45.2 15.82023 14 1.00000
45.3 15.84526 14 1.00000
45.4 15.71098 14 1.00000
45.5 15.74307 14 1.00000
45.6 15.92656 14 1.00000
45.7 15.96251 14 1.00000
45.8 16.00026 14 1.00000
45.9 16.03571 14 1.00000
46.0 16.07335 14 1.00000
46.1 16.10607 14 1.00000
46.2 16.13925 14 1.00000
46.3 16.17302 14 1.00000
46.4 16.20672 14 1.00000
46.5 16.24045 14 1.00000
46.6 16.27386 14 1.00000
46.7 16.30689 14 1.00000
46.8 16.33961 14 1.00000
46.9 16.37216 14 1.00000
47.0 16.41306 14 1.00000
47.1 16.45886 14 1.00000
47.2 16.63729 14 1.00000
47.3 16.67298 14 1.00000
47.4 16.71096 14 1.00000
47.5 16.74593 14 1.00000
47.6 16.77951 14 1.00000
47.7 16.81362 14 1.00000
47.8 16.84780 14 1.00000
47.9 16.88167 14 1.00000
48.0 16.91548 14 1.00000
48.1 16.94891 14 1.00000
48.2 16.98234 14 1.00000
48.3 17.01521 14 1.00000
48.4 17.04966 14 1.00000
48.5 17.09559 14 1.00000
48.6 17.14152 14 1.00000
48.7 17.18747 14 1.00000
48.8 17.35801 14 1.00000
48.9 17.39568 14 1.00000
49.0 17.43279 14 1.00000
49.1 17.46635 14 1.00000
49.2 17.50082 14 1.00000
49.3 17.53540 14 1.00000
49.4 17.56961 14 1.00000
49.5 17.60385 14 1.00000
49.6 17.63801 14 1.00000
49.7 17.67164 14 1.00000
49.8 17.70504 14 1.00000
49.9 17.73826 14 1.00000
50.0 17.78060 14 1.00000
50.1 17.82674 14 1.00000
50.2 17.87291 14 1.00000
50.3 17.91909 14 1.00000
50.4 17.97329 14 1.00000
50.5 18.12976 14 1.00000
50.6 18.16721 14 1.00000
50.7 18.20266 14 1.00000
50.8 18.23716 14 1.00000
50.9 18.27217 14 1.00000
51.0 18.30700 14 1.00000
51.1 18.34156 14 1.00000
51.2 18.37637 14 1.00000
51.3 18.41043 14 1.00000
51.4 18.44417 14 1.00000
51.5 18.47738 14 1.00000
51.6 18.51493 14 1.00000
51.7 18.56129 14 1.00000
51.8 18.60766 14 1.00000
51.9 18.65407 14 1.00000
52.0 18.70047 14 1.00000
52.1 18.76567 14 1.00000
52.2 18.82600 14 1.00000
52.3 18.95119 14 1.00000
52.4 18.99037 14 1.00000
52.5 19.02465 14 1.00000
52.6 19.05991 14 1.00000
52.7 19.09523 14 1.00000
52.8 19.13047 14 1.00000
52.9 19.16532 14 1.00000
53.0 19.19995 14 1.00000
53.1 19.23417 14 1.00000
53.2 19.26781 14 1.00000
53.3 19.30197 14 1.00000
53.4 19.34544 14 1.00000
53.5 19.39202 14 1.00000
53.6 19.43860 14 1.00000
53.7 19.50822 14 1.00000
53.8 19.56794 14 1.00000
53.9 19.62274 14 1.00000
54.0 19.67333 14 1.00000
54.1 19.72016 14 1.00000
54.2 19.83034 14 1.00000
54.3 19.86437 14 1.00000
54.4 19.90022 14 1.00000
54.5 19.93591 14 1.00000
54.6 19.97157 14 1.00000
54.7 20.00686 14 1.00000
54.8 20.04199 14 1.00000
54.9 20.07693 14 1.00000
55.0 20.11123 14 1.00000
55.1 20.14509 14 1.00000
55.2 20.18010 14 1.00000
55.3 20.22614 14 1.00000
55.4 20.27291 14 1.00000
55.5 20.31968 14 1.00000
55.6 20.38435 14 1.00000
55.7 20.44572 14 1.00000
55.8 20.50212 14 1.00000
55.9 20.55446 14 1.00000
56.0 20.60317 14 1.00000
56.1 20.72252 14 1.00000
56.2 20.75908 14 1.00000
56.3 20.79464 14 1.00000
56.4 20.83088 14 1.00000
56.5 20.86712 14 1.00000
56.6 20.90292 14 1.00000
56.7 20.93866 14 1.00000
56.8 20.97415 14 1.00000
56.9 21.00910 14 1.00000
57.0 21.04399 14 1.00000
57.1 21.07775 14 1.00000
57.2 21.11256 14 1.00000
57.3 21.15708 14 1.00000
57.4 21.20401 14 1.00000
57.5 21.25096 14 1.00000
57.6 21.29790 14 1.00000
57.7 21.36396 14 1.00000
57.8 21.42474 14 1.00000
57.9 21.48095 14 1.00000
58.0 21.53299 14 1.00000
58.1 21.58145 14 1.00000
58.2 21.70947 14 1.00000
58.3 21.75328 14 1.00000
58.4 21.78708 14 1.00000
58.5 21.83045 14 1.00000
58.6 21.87763 14 1.00000
58.7 21.90954 14 1.00000
58.8 21.95819 14 1.00000
58.9 21.99001 14 1.00000
59.0 22.04061 14 1.00000
59.1 22.08967 14 1.00000
59.2 22.11885 14 1.00000
59.3 22.17298 14 1.00000
59.4 22.22554 14 1.00000
59.5 22.25107 14 1.00000
59.6 22.30717 14 1.00000
59.7 22.36356 14 1.00000
59.8 22.38523 14 1.00000
59.9 22.44506 14 1.00000
60.0 22.50188 14 1.00000
60.1 22.52152 14 1.00000
60.2 22.58187 14 1.00000
60.3 22.64041 14 1.00000
60.4 22.65681 14 1.00000
60.5 22.71776 14 1.00000
60.6 22.77859 14 1.00000
60.7 22.84220 14 1.00000
60.8 22.85365 14 1.00000
60.9 22.91867 14 1.00000
61.0 22.97994 14 1.00000
61.1 23.04393 14 1.00000
61.2 23.05259 14 1.00000
61.3 23.11767 14 1.00000
61.4 23.18256 14 1.00000
61.5 23.18446 14 1.00000
61.6 23.24943 14 1.00000
61.7 23.31757 14 1.00000
61.8 23.38152 14 1.00000
61.9 23.38309 14 1.00000
62.0 23.44838 14 1.00000
62.1 23.51651 14 1.00000
62.2 23.58392 14 1.00000
62.3 23.63983 14 1.00000
62.4 23.64583 14 1.00000
62.5 23.71338 14 1.00000
62.6 23.78063 14 1.00000
62.7 23.72831 14 1.00000
62.8 23.83969 14 1.00000
62.9 23.90652 14 1.00000
63.0 23.97729 14 1.00000
63.1 23.91302 14 1.00000
63.2 23.95910 14 1.00000
63.3 24.09789 14 1.00000
63.4 24.04759 14 1.00000
63.5 24.07986 14 1.00000
63.6 24.09492 14 1.00000
63.7 24.28773 14 1.00000
63.8 24.22348 14 1.00000
63.9 24.24590 14 1.00000
64.0 24.27097 14 1.00000
64.1 24.31454 14 1.00000
64.2 24.38689 14 1.00000
64.3 24.41883 14 1.00000
64.4 24.44744 14 1.00000
64.5 24.49108 14 1.00000
64.6 24.53587 14 1.00000
64.7 24.61238 14 1.00000
64.8 24.62431 14 1.00000
64.9 24.66797 14 1.00000
65.0 24.71209 14 1.00000
65.1 24.78695 14 1.00000
65.2 24.86211 14 1.00000
65.3 24.84530 14 1.00000
65.4 24.88909 14 1.00000
65.5 24.95630 14 1.00000
65.6 25.02985 14 1.00000
65.7 25.10189 14 1.00000
65.8 25.17714 14 1.00000
65.9 25.11643 14 1.00000
66.0 25.19197 14 1.00000
66.1 25.26616 14 1.00000
66.2 25.33492 14 1.00000
66.3 25.40804 14 1.00000
66.4 25.48192 14 1.00000
66.5 25.49230 14 1.00000
66.6 25.49096 14 1.00000
66.7 25.56558 14 1.00000
66.8 25.63540 14 1.00000
66.9 25.70551 14 1.00000
67.0 25.65973 14 1.00000
67.1 25.69244 14 1.00000
67.2 25.78512 14 1.00000
67.3 25.85527 14 1.00000
67.4 25.92653 14 1.00000
67.5 25.88410 14 1.00000
67.6 25.92585 14 1.00000
67.7 25.94711 14 1.00000
67.8 25.95936 14 1.00000
67.9 26.13642 14 1.00000
68.0 26.20513 14 1.00000
68.1 26.15413 14 1.00000
68.2 26.19013 14 1.00000
68.3 26.18384 14 1.00000
68.4 26.22810 14 1.00000
68.5 26.27231 14 1.00000
68.6 26.37829 14 1.00000
68.7 26.42628 14 1.00000
68.8 26.46342 14 1.00000
68.9 26.45568 14 1.00000
69.0 26.49765 14 1.00000
69.1 26.54201 14 1.00000
69.2 26.59074 14 1.00000
69.3 26.66763 14 1.00000
69.4 26.73997 14 1.00000
69.5 26.76976 14 1.00000
69.6 26.76806 14 1.00000
69.7 26.81256 14 1.00000
69.8 26.85708 14 1.00000
69.9 26.91470 14 1.00000
70.0 26.99315 14 1.00000
70.1 27.06644 14 1.00000
70.2 27.06677 14 1.00000
70.3 27.08399 14 1.00000
70.4 27.12858 14 1.00000
70.5 27.17322 14 1.00000
70.6 27.22975 14 1.00000
70.7 27.30726 14 1.00000
70.8 27.37554 14 1.00000
70.9 27.45066 14 1.00000
71.0 27.51920 14 1.00000
71.1 27.44475 14 1.00000
71.2 27.49056 14 1.00000
71.3 27.53532 14 1.00000
71.4 27.60570 14 1.00000
71.5 27.67770 14 1.00000
71.6 27.74836 14 1.00000
71.7 27.82082 14 1.00000
71.8 27.88806 14 1.00000
71.9 27.95460 14 1.00000
72.0 28.02601 14 1.00000
72.1 27.89894 14 1.00000
72.2 27.95991 14 1.00000
72.3 28.03523 14 1.00000
72.4 28.10347 14 1.00000
72.5 28.17425 14 1.00000
72.6 28.24191 14 1.00000
72.7 28.30892 14 1.00000
72.8 28.37817 14 1.00000
72.9 28.34242 14 1.00000
73.0 28.39387 14 1.00000
73.1 28.37021 14 1.00000
73.2 28.44447 14 1.00000
73.3 28.51497 14 1.00000
73.4 28.58430 14 1.00000
73.5 28.64963 14 1.00000
73.6 28.71888 14 1.00000
73.7 28.78489 14 1.00000
73.8 28.85257 14 1.00000
73.9 28.80909 14 1.00000
74.0 28.85468 14 1.00000
74.1 28.89033 14 1.00000
74.2 28.90615 14 1.00000
74.3 28.97471 14 1.00000
74.4 29.04336 14 1.00000
74.5 29.11148 14 1.00000
74.6 29.17615 14 1.00000
74.7 29.24210 14 1.00000
74.8 29.30688 14 1.00000
74.9 29.27058 14 1.00000
75.0 29.31676 14 1.00000
75.1 29.36215 14 1.00000
75.2 29.39512 14 1.00000
75.3 29.45458 14 1.00000
75.4 29.48142 14 1.00000
75.5 29.54817 14 1.00000
75.6 29.61383 14 1.00000
75.7 29.68023 14 1.00000
75.8 29.74441 14 1.00000
75.9 29.81069 14 1.00000
76.0 29.77929 14 1.00000
76.1 29.82987 14 1.00000
76.2 29.87693 14 1.00000
76.3 29.91881 14 1.00000
76.4 29.95146 14 1.00000
76.5 29.95805 14 1.00000
76.6 30.15043 14 1.00000
76.7 30.09613 14 1.00000
76.8 30.16556 14 1.00000
76.9 30.22920 14 1.00000
77.0 30.29424 14 1.00000
77.1 30.35848 14 1.00000
77.2 30.41944 14 1.00000
77.3 30.38400 14 1.00000
77.4 30.43908 14 1.00000
77.5 30.48548 14 1.00000
77.6 30.52430 14 1.00000
77.7 30.56178 14 1.00000
77.8 30.57623 14 1.00000
77.9 30.62634 14 1.00000
78.0 30.68978 14 1.00000
78.1 30.74982 14 1.00000
78.2 30.81736 14 1.00000
78.3 30.88077 14 1.00000
78.4 30.94503 14 1.00000
78.5 31.00733 14 1.00000
78.6 31.07187 14 1.00000
78.7 31.13861 14 1.00000
78.8 31.09332 14 1.00000
78.9 31.14308 14 1.00000
79.0 31.18920 14 1.00000
79.1 31.23323 14 1.00000
79.2 31.27045 14 1.00000
79.3 31.28220 14 1.00000
79.4 31.37318 14 1.00000
79.5 31.37226 14 1.00000
79.6 31.43603 14 1.00000
79.7 31.49858 14 1.00000
79.8 31.56244 14 1.00000
79.9 31.63011 14 1.00000
80.0 31.69304 14 1.00000
80.1 31.75533 14 1.00000
80.2 31.81616 14 1.00000
80.3 31.87770 14 1.00000
80.4 31.84547 14 1.00000
80.5 31.89819 14 1.00000
80.6 31.94737 14 1.00000
80.7 31.99483 14 1.00000
80.8 32.03727 14 1.00000
80.9 32.07871 14 1.00000
81.0 32.09631 14 1.00000
81.1 32.18297 14 1.00000
81.2 32.15007 14 1.00000
81.3 32.21665 14 1.00000
81.4 32.27757 14 1.00000
81.5 32.33961 14 1.00000
81.6 32.40213 14 1.00000
81.7 32.46000 14 1.00000
81.8 32.52511 14 1.00000
81.9 32.58690 14 1.00000
82.0 32.64872 14 1.00000
82.1 32.70575 14 1.00000
82.2 32.77055 14 1.00000
82.3 32.83294 14 1.00000
82.4 32.79447 14 1.00000
82.5 32.84734 14 1.00000
82.6 32.89993 14 1.00000
82.7 32.94895 14 1.00000
82.8 32.99200 14 1.00000
82.9 33.04443 14 1.00000
83.0 33.10350 14 1.00000
83.1 33.00993 14 1.00000
83.2 33.06776 14 1.00000
83.3 33.13230 14 1.00000
83.4 33.19674 14 1.00000
83.5 33.26014 14 1.00000
83.6 33.31631 14 1.00000
83.7 33.38067 14 1.00000
83.8 33.44137 14 1.00000
83.9 33.49885 14 1.00000
84.0 33.56266 14 1.00000
84.1 33.61603 14 1.00000
84.2 33.67799 14 1.00000
84.3 33.73737 14 1.00000
84.4 33.79461 14 1.00000
84.5 33.85826 14 1.00000
84.6 33.91931 14 1.00000
84.7 33.97894 14 1.00000
84.8 34.03267 14 1.00000
84.9 34.01313 14 1.00000
85.0 33.91473 14 1.00000
85.1 34.05054 14 1.00000
85.2 34.09124 14 1.00000
85.3 34.12601 14 1.00000
85.4 34.15968 14 1.00000
85.5 34.18636 14 1.00000
85.6 34.21112 14 1.00000
85.7 34.24945 14 1.00000
85.8 34.29835 14 1.00000
85.9 34.35487 14 1.00000
86.0 34.41581 14 1.00000
86.1 34.47818 14 1.00000
86.2 34.54121 14 1.00000
86.3 34.60236 14 1.00000
86.4 34.65755 14 1.00000
86.5 34.72301 14 1.00000
86.6 34.78072 14 1.00000
86.7 34.83894 14 1.00000
86.8 34.89774 14 1.00000
86.9 34.95798 14 1.00000
87.0 34.99846 14 1.00000
87.1 34.92780 14 1.00000
87.2 35.10303 14 1.00000
87.3 35.15799 14 1.00000
87.4 35.20645 14 1.00000
87.5 35.26072 14 1.00000
87.6 35.31205 14 1.00000
87.7 35.35866 14 1.00000
87.8 35.40573 14 1.00000
87.9 35.45561 14 1.00000
88.0 35.50585 14 1.00000
88.1 35.55174 14 1.00000
88.2 35.59548 14 1.00000
88.3 35.61919 14 1.00000
88.4 35.66816 14 1.00000
88.5 35.70812 14 1.00000
88.6 35.75473 14 1.00000
88.7 35.79295 14 1.00000
88.8 35.83671 14 1.00000
88.9 35.87141 14 1.00000
89.0 35.91122 14 1.00000
89.1 35.94287 14 1.00000
89.2 35.97289 14 1.00000
89.3 36.00058 14 1.00000
89.4 36.03555 14 1.00000
89.5 36.08721 14 1.00000
89.6 36.14262 14 1.00000
89.7 36.18919 14 1.00000
89.8 36.33903 14 1.00000
89.9 36.42468 14 1.00000
90.0 36.45252 14 1.00000
90.1 36.50465 14 1.00000
90.2 36.56333 14 1.00000
90.3 36.62074 14 1.00000
90.4 36.67767 14 1.00000
90.5 36.73293 14 1.00000
90.6 36.78869 14 1.00000
90.7 36.84433 14 1.00000
90.8 36.89975 14 1.00000
90.9 36.96193 14 1.00000
91.0 37.00661 14 1.00000
91.1 37.05280 14 1.00000
91.2 37.10407 14 1.00000
91.3 37.15511 14 1.00000
91.4 37.20621 14 1.00000
91.5 37.25797 14 1.00000
91.6 37.25207 14 1.00000
91.7 37.30173 14 1.00000
91.8 37.36416 14 1.00000
91.9 37.40528 14 1.00000
92.0 37.45358 14 1.00000
92.1 37.54488 14 1.00000
92.2 37.54302 14 1.00000
92.3 37.60186 14 1.00000
92.4 37.64917 14 1.00000
92.5 37.69627 14 1.00000
92.6 37.72969 14 1.00000
92.7 37.77692 14 1.00000
92.8 37.82375 14 1.00000
92.9 37.86966 14 1.00000
93.0 37.91641 14 1.00000
93.1 37.96264 14 1.00000
93.2 38.00797 14 1.00000
93.3 38.05369 14 1.00000
93.4 38.09901 14 1.00000
93.5 38.14352 14 1.00000
93.6 38.18860 14 1.00000
93.7 38.23267 14 1.00000
93.8 38.27674 14 1.00000
93.9 38.32076 14 1.00000
94.0 38.36413 14 1.00000
94.1 38.40677 14 1.00000
94.2 38.44949 14 1.00000
94.3 38.49092 14 1.00000
94.4 38.53214 14 1.00000
94.5 38.57289 14 1.00000
94.6 38.61737 14 1.00000
94.7 38.65144 14 1.00000
94.8 38.69171 14 1.00000
94.9 38.74287 14 1.00000
95.0 38.80592 14 1.00000
95.1 38.90255 14 1.00000
95.2 38.99725 14 1.00000
95.3 39.09458 14 1.00000
95.4 39.12209 14 1.00000
95.5 39.15076 14 1.00000
95.6 39.18091 14 1.00000
95.7 39.27911 14 1.00000
95.8 39.31106 14 1.00000
95.9 39.37983 14 1.00000
96.0 39.46884 14 1.00000
96.1 39.55770 14 1.00000
96.2 39.64660 14 1.00000
96.3 39.73582 14 1.00000
96.4 39.82474 14 1.00000
96.5 39.91398 14 1.00000
96.6 40.00302 14 1.00000
96.7 40.09239 14 1.00000
96.8 40.18150 14 1.00000
96.9 40.27084 14 1.00000
97.0 40.36002 14 1.00000
97.1 40.44952 14 1.00000
97.2 40.53872 14 1.00000
97.3 40.62800 14 1.00000
97.4 40.71760 14 1.00000
97.5 40.80690 14 1.00000
97.6 40.89656 14 1.00000
97.7 40.98592 14 1.00000
97.8 41.07565 14 1.00000
97.9 41.16512 14 1.00000
98.0 41.25481 14 1.00000
98.1 41.34439 14 1.00000
98.2 41.43419 14 1.00000
98.3 41.52377 14 1.00000
98.4 41.61363 14 1.00000
98.5 41.70328 14 1.00000
98.6 41.79314 14 1.00000
98.7 41.88289 14 1.00000
98.8 41.97257 14 1.00000
98.9 42.06261 14 1.00000
99.0 42.15235 14 1.00000
99.1 42.24239 14 1.00000
99.2 42.33228 14 1.00000
99.3 42.42233 14 1.00000
99.4 42.51227 14 1.00000
99.5 42.60237 14 1.00000
99.6 42.69231 14 1.00000
99.7 42.78251 14 1.00000
99.8 42.87254 14 1.00000
99.9 42.96274 14 1.00000
100.0 43.05277 14 1.00000
100.1 43.14306 14 1.00000
100.2 43.23315 14 1.00000
100.3 43.32348 14 1.00000
100.4 43.41366 14 1.00000
100.5 43.50404 14 1.00000
100.6 43.59422 14 1.00000
100.7 43.68459 14 1.00000
100.8 43.77485 14 1.00000
100.9 43.86532 14 1.00000
101.0 43.95558 14 1.00000
101.1 44.04603 14 1.00000
101.2 44.13638 14 1.00000
101.3 44.22688 14 1.00000
101.4 44.31721 14 1.00000
101.5 44.40785 14 1.00000
101.6 44.49823 14 1.00000
101.7 44.58880 14 1.00000
101.8 44.67921 14 1.00000
101.9 44.76987 14 1.00000
102.0 44.86037 14 1.00000
102.1 44.95107 14 1.00000
102.2 45.04155 14 1.00000
102.3 45.13223 14 1.00000
102.4 45.22303 14 1.00000
102.5 45.31351 14 1.00000
102.6 45.40434 14 1.00000
102.7 45.49486 14 1.00000
102.8 45.58567 14 1.00000
102.9 45.67632 14 1.00000
103.0 45.76716 14 1.00000
103.1 45.85774 14 1.00000
103.2 45.94862 14 1.00000
103.3 46.03933 14 1.00000
103.4 46.13018 14 1.00000
103.5 46.22092 14 1.00000
103.6 46.31186 14 1.00000
103.7 46.40257 14 1.00000
103.8 46.49353 14 1.00000
103.9 46.58450 14 1.00000
104.0 46.67526 14 1.00000
104.1 46.76621 14 1.00000
104.2 46.85704 14 1.00000
104.3 46.94802 14 1.00000
104.4 47.03883 14 1.00000
104.5 47.12988 14 1.00000
104.6 47.22076 14 1.00000
104.7 47.31178 14 1.00000
104.8 47.40269 14 1.00000
104.9 47.49374 14 1.00000
105.0 47.58484 14 1.00000
105.1 47.67579 14 1.00000
105.2 47.76691 14 1.00000
105.3 47.85778 14 1.00000
105.4 47.94893 14 1.00000
105.5 48.03991 14 1.00000
105.6 48.13103 14 1.00000
105.7 48.22204 14 1.00000
105.8 48.31318 14 1.00000
105.9 48.40437 14 1.00000
106.0 48.49541 14 1.00000
106.1 48.58662 14 1.00000
106.2 48.67763 14 1.00000
106.3 48.76881 14 1.00000
106.4 48.85988 14 1.00000
106.5 48.95108 14 1.00000
106.6 49.04239 14 1.00000
106.7 49.13344 14 1.00000
106.8 49.22466 14 1.00000
106.9 49.31578 14 1.00000
107.0 49.40701 14 1.00000
107.1 49.49815 14 1.00000
107.2 49.58940 14 1.00000
107.3 49.68071 14 1.00000
107.4 49.77186 14 1.00000
107.5 49.86313 14 1.00000
107.6 49.95430 14 1.00000
107.7 50.04564 14 1.00000
107.8 50.13676 14 1.00000
107.9 50.22812 14 1.00000
108.0 50.31942 14 1.00000
108.1 50.41062 14 1.00000
108.2 50.50193 14 1.00000
108.3 50.59314 14 1.00000
108.4 50.68452 14 1.00000
108.5 50.77585 14 1.00000
108.6 50.86708 14 1.00000
108.7 50.95842 14 1.00000
108.8 51.04966 14 1.00000
108.9 51.14101 14 1.00000
109.0 51.23225 14 1.00000
109.1 51.32367 14 1.00000
109.2 51.41503 14 1.00000
109.3 51.50624 14 1.00000
109.4 51.59767 14 1.00000
109.5 51.68893 14 1.00000
109.6 51.78036 14 1.00000
109.7 51.87175 14 1.00000
109.8 51.96303 14 1.00000
109.9 52.05442 14 1.00000
110.0 52.14566 14 1.00000
110.1 52.23711 14 1.00000
110.2 52.32856 14 1.00000
110.3 52.41980 14 1.00000
110.4 52.51126 14 1.00000
110.5 52.60256 14 1.00000
110.6 52.69397 14 1.00000
110.7 52.78544 14 1.00000
110.8 52.87675 14 1.00000
110.9 52.96822 14 1.00000
111.0 53.05948 14 1.00000
111.1 53.15090 14 1.00000
111.2 53.24243 14 1.00000
111.3 53.33369 14 1.00000
111.4 53.42517 14 1.00000
111.5 53.51665 14 1.00000
111.6 53.60793 14 1.00000
111.7 53.69941 14 1.00000
111.8 53.79064 14 1.00000
111.9 53.88217 14 1.00000
112.0 53.97361 14 1.00000
112.1 54.06494 14 1.00000
112.2 54.15643 14 1.00000
112.3 54.24786 14 1.00000
112.4 54.33915 14 1.00000
112.5 54.43069 14 1.00000
112.6 54.52197 14 1.00000
112.7 54.61346 14 1.00000
112.8 54.70490 14 1.00000
112.9 54.79618 14 1.00000
113.0 54.88772 14 1.00000
113.1 54.97921 14 1.00000
113.2 55.07045 14 1.00000
113.3 55.16198 14 1.00000
113.4 55.25327 14 1.00000
113.5 55.34476 14 1.00000
113.6 55.43624 14 1.00000
113.7 55.52753 14 1.00000
113.8 55.61901 14 1.00000
113.9 55.71045 14 1.00000
114.0 55.80173 14 1.00000
114.1 55.89326 14 1.00000
114.2 55.98449 14 1.00000
114.3 56.07602 14 1.00000
114.4 56.16750 14 1.00000
114.5 56.25877 14 1.00000
114.6 56.35020 14 1.00000
114.7 56.44172 14 1.00000
114.8 56.53294 14 1.00000
114.9 56.62442 14 1.00000
115.0 56.71589 14 1.00000
115.1 56.80715 14 1.00000
115.2 56.89862 14 1.00000
115.3 56.99008 14 1.00000
115.4 57.08139 14 1.00000
115.5 57.17280 14 1.00000
115.6 57.26410 14 1.00000
115.7 57.35556 14 1.00000
115.8 57.44696 14 1.00000
115.9 57.53826 14 1.00000
116.0 57.62965 14 1.00000
116.1 57.72115 14 1.00000
116.2 57.81234 14 1.00000
116.3 57.90383 14 1.00000
116.4 57.99527 14 1.00000
116.5 58.08650 14 1.00000
116.6 58.17793 14 1.00000
116.7 58.26930 14 1.00000
116.8 58.36058 14 1.00000
116.9 58.45195 14 1.00000
117.0 58.54342 14 1.00000
117.1 58.63463 14 1.00000
117.2 58.72604 14 1.00000
117.3 58.81739 14 1.00000
117.4 58.90865 14 1.00000
117.5 59.00000 14 1.00000
117.6 59.09140 14 1.00000
117.7 59.18264 14 1.00000
117.8 59.27398 14 1.00000
117.9 59.36541 14 1.00000
118.0 59.45655 14 1.00000
118.1 59.54797 14 1.00000
118.2 59.63934 14 1.00000
118.3 59.73046 14 1.00000
118.4 59.82188 14 1.00000
118.5 59.91319 14 1.00000
118.6 60.00440 14 1.00000
118.7 60.09570 14 1.00000
118.8 60.18709 14 1.00000
118.9 60.27819 14 1.00000
119.0 60.36958 14 1.00000
119.1 60.46091 14 1.00000
119.2 60.55199 14 1.00000
119.3 60.64337 14 1.00000
119.4 60.73468 14 1.00000
119.5 60.82581 14 1.00000
119.6 60.91706 14 1.00000
119.7 61.00837 14 1.00000
119.8 61.09947 14 1.00000
119.9 61.19077 14 1.00000
120.0 61.28205 14 1.00000
120.1 61.37320 14 1.00000
120.2 61.46447 14 1.00000
120.3 61.55575 14 1.00000
120.4 61.64682 14 1.00000
120.5 61.73809 14 1.00000
120.6 61.82934 14 1.00000
120.7 61.92040 14 1.00000
120.8 62.01165 14 1.00000
120.9 62.10289 14 1.00000
121.0 62.19407 14 1.00000
121.1 62.28516 14 1.00000
121.2 62.37634 14 1.00000
121.3 62.46761 14 1.00000
121.4 62.55858 14 1.00000
121.5 62.64978 14 1.00000
121.6 62.74099 14 1.00000
121.7 62.83199 14 1.00000
121.8 62.92318 14 1.00000
121.9 63.01441 14 1.00000
122.0 63.10540 14 1.00000
122.1 63.19652 14 1.00000
122.2 63.28773 14 1.00000
122.3 63.37885 14 1.00000
122.4 63.46981 14 1.00000
122.5 63.56100 14 1.00000
122.6 63.65215 14 1.00000
122.7 63.74309 14 1.00000
122.8 63.83422 14 1.00000
122.9 63.92534 14 1.00000
123.0 64.01621 14 1.00000
123.1 64.10738 14 1.00000
123.2 64.19843 14 1.00000
123.3 64.28938 14 1.00000
123.4 64.38047 14 1.00000
123.5 64.47155 14 1.00000
123.6 64.56263 14 1.00000
123.7 64.65346 14 1.00000
123.8 64.74452 14 1.00000
123.9 64.83558 14 1.00000
124.0 64.92644 14 1.00000
124.1 65.01753 14 1.00000
124.2 65.10852 14 1.00000
124.3 65.19955 14 1.00000
124.4 65.29038 14 1.00000
124.5 65.38145 14 1.00000
124.6 65.47240 14 1.00000
124.7 65.56327 14 1.00000
124.8 65.65421 14 1.00000
124.9 65.74525 14 1.00000
125.0 65.83604 14 1.00000
125.1 65.92701 14 1.00000
125.2 66.01793 14 1.00000
125.3 66.10889 14 1.00000
125.4 66.19970 14 1.00000
125.5 66.29060 14 1.00000
125.6 66.38158 14 1.00000
125.7 66.47232 14 1.00000
125.8 66.56324 14 1.00000
125.9 66.65411 14 1.00000
126.0 66.74506 14 1.00000
126.1 66.83578 14 1.00000
126.2 66.92662 14 1.00000
126.3 67.01756 14 1.00000
126.4 67.10825 14 1.00000
126.5 67.19907 14 1.00000
126.6 67.28992 14 1.00000
126.7 67.38083 14 1.00000
126.8 67.47144 14 1.00000
126.9 67.56233 14 1.00000
127.0 67.65311 14 1.00000
127.1 67.74393 14 1.00000
127.2 67.83457 14 1.00000
127.3 67.92538 14 1.00000
127.4 68.01623 14 1.00000
127.5 68.10683 14 1.00000
127.6 68.19757 14 1.00000
127.7 68.28835 14 1.00000
127.8 68.37911 14 1.00000
127.9 68.46970 14 1.00000
128.0 68.56050 14 1.00000
128.1 68.65125 14 1.00000
128.2 68.74197 14 1.00000
128.3 68.83247 14 1.00000
128.4 68.92325 14 1.00000
128.5 69.01396 14 1.00000
128.6 69.10444 14 1.00000
128.7 69.19513 14 1.00000
128.8 69.28582 14 1.00000
128.9 69.37655 14 1.00000
129.0 69.46700 14 1.00000
129.1 69.55766 14 1.00000
129.2 69.64831 14 1.00000
129.3 69.73901 14 1.00000
129.4 69.82942 14 1.00000
129.5 69.92005 14 1.00000
129.6 70.01068 14 1.00000
129.7 70.10116 14 1.00000
129.8 70.19176 14 1.00000
129.9 70.28231 14 1.00000
130.0 70.37295 14 1.00000
130.1 70.46330 14 1.00000
130.2 70.55392 14 1.00000
130.3 70.64444 14 1.00000
130.4 70.73505 14 1.00000
130.5 70.82537 14 1.00000
130.6 70.91591 14 1.00000
130.7 71.00648 14 1.00000
130.8 71.09701 14 1.00000
130.9 71.18729 14 1.00000
131.0 71.27780 14 1.00000
131.1 71.36835 14 1.00000
131.2 71.45879 14 1.00000
131.3 71.54909 14 1.00000
131.4 71.63961 14 1.00000
131.5 71.73002 14 1.00000
131.6 71.82047 14 1.00000
131.7 71.91079 14 1.00000
131.8 72.00123 14 1.00000
131.9 72.09165 14 1.00000
132.0 72.18208 14 1.00000
132.1 72.27226 14 1.00000
132.2 72.36266 14 1.00000
132.3 72.45306 14 1.00000
132.4 72.54343 14 1.00000
132.5 72.63364 14 1.00000
132.6 72.72405 14 1.00000
132.7 72.81441 14 1.00000
132.8 72.90471 14 1.00000
132.9 72.99488 14 1.00000
133.0 73.08526 14 1.00000
133.1 73.17558 14 1.00000
133.2 73.26589 14 1.00000
133.3 73.35597 14 1.00000
133.4 73.44632 14 1.00000
133.5 73.53661 14 1.00000
133.6 73.62684 14 1.00000
133.7 73.71698 14 1.00000
133.8 73.80719 14 1.00000
133.9 73.89749 14 1.00000
134.0 73.98773 14 1.00000
134.1 74.07774 14 1.00000
134.2 74.16802 14 1.00000
134.3 74.25823 14 1.00000
134.4 74.34844 14 1.00000
134.5 74.43847 14 1.00000
134.6 74.52866 14 1.00000
134.7 74.61878 14 1.00000
134.8 74.70901 14 1.00000
134.9 74.79900 14 1.00000
135.0 74.88914 14 1.00000
135.1 74.97924 14 1.00000
135.2 75.06942 14 1.00000
135.3 75.15955 14 1.00000
135.4 75.24944 14 1.00000
135.5 75.33960 14 1.00000
135.6 75.42970 14 1.00000
135.7 75.51974 14 1.00000
135.8 75.60965 14 1.00000
135.9 75.23654 14 1.00000
136.0 75.32675 14 1.00000
136.1 75.41685 14 1.00000
136.2 75.50704 14 1.00000
136.3 75.59701 14 1.00000
136.4 75.22399 14 1.00000
136.5 75.31416 14 1.00000
136.6 75.40436 14 1.00000
136.7 75.49460 14 1.00000
136.8 75.58456 14 1.00000
136.9 75.21172 14 1.00000
137.0 75.30198 14 1.00000
137.1 75.39218 14 1.00000
137.2 75.48242 14 1.00000
137.3 75.57249 14 1.00000
137.4 75.19948 14 1.00000
137.5 75.29008 14 1.00000
137.6 75.38039 14 1.00000
137.7 75.47068 14 1.00000
137.8 75.56079 14 1.00000
137.9 75.18777 14 1.00000
138.0 75.27814 14 1.00000
138.1 75.36882 14 1.00000
138.2 75.45921 14 1.00000
138.3 75.54938 14 1.00000
138.4 75.17639 14 1.00000
138.5 75.26681 14 1.00000
138.6 75.35726 14 1.00000
138.7 75.44807 14 1.00000
138.8 75.53841 14 1.00000
138.9 75.62861 14 1.00000
139.0 75.25580 14 1.00000
139.1 75.34631 14 1.00000
139.2 75.43670 14 1.00000
139.3 75.52768 14 1.00000
139.4 75.61794 14 1.00000
139.5 75.24517 14 1.00000
139.6 75.33567 14 1.00000
139.7 75.42612 14 1.00000
139.8 75.51665 14 1.00000
139.9 75.60754 14 1.00000
140.0 75.23476 14 1.00000
140.1 75.32531 14 1.00000
140.2 75.41585 14 1.00000
140.3 75.50643 14 1.00000
140.4 75.59679 14 1.00000
140.5 75.22476 14 1.00000
140.6 75.31536 14 1.00000
140.7 75.40595 14 1.00000
140.8 75.49648 14 1.00000
140.9 75.58689 14 1.00000
141.0 75.67750 14 1.00000
141.1 75.30569 14 1.00000
141.2 75.39632 14 1.00000
141.3 75.48695 14 1.00000
141.4 75.57735 14 1.00000
141.5 75.66801 14 1.00000
141.6 75.75856 14 1.00000
141.7 75.38701 14 1.00000
141.8 75.47764 14 1.00000
141.9 75.56813 14 1.00000
142.0 75.65884 14 1.00000
142.1 75.74949 14 1.00000
142.2 75.84013 14 1.00000
142.3 75.46873 14 1.00000
142.4 75.55922 14 1.00000
142.5 75.64993 14 1.00000
142.6 75.74062 14 1.00000
142.7 75.83136 14 1.00000
142.8 75.92198 14 1.00000
142.9 76.01247 14 1.00000
143.0 75.64143 14 1.00000
143.1 75.73216 14 1.00000
143.2 75.82285 14 1.00000
143.3 75.91362 14 1.00000
143.4 76.00416 14 1.00000
143.5 76.09481 14 1.00000
143.6 75.72392 14 1.00000
143.7 75.81474 14 1.00000
143.8 75.90546 14 1.00000
143.9 75.99605 14 1.00000
144.0 76.08685 14 1.00000
144.1 76.17758 14 1.00000
144.2 75.80689 14 1.00000
144.3 75.89771 14 1.00000
144.4 75.98834 14 1.00000
144.5 76.07913 14 1.00000
144.6 76.16987 14 1.00000
144.7 75.79813 14 1.00000
144.8 75.89021 14 1.00000
144.9 75.98083 14 1.00000
145.0 76.07172 14 1.00000
145.1 76.16251 14 1.00000
145.2 75.79079 14 1.00000
145.3 75.88165 14 1.00000
145.4 75.97368 14 1.00000
145.5 76.06457 14 1.00000
145.6 76.15544 14 1.00000
145.7 75.78372 14 1.00000
145.8 75.87467 14 1.00000
145.9 75.96549 14 1.00000
146.0 76.05637 14 1.00000
146.1 76.14867 14 1.00000
146.2 75.77704 14 1.00000
146.3 75.86799 14 1.00000
146.4 75.95880 14 1.00000
146.5 76.04983 14 1.00000
146.6 76.14074 14 1.00000
146.7 75.77060 14 1.00000
146.8 75.86164 14 1.00000
146.9 75.95245 14 1.00000
147.0 76.04353 14 1.00000
147.1 76.13448 14 1.00000
147.2 76.22552 14 1.00000
147.3 75.85554 14 1.00000
147.4 75.94645 14 1.00000
147.5 76.03751 14 1.00000
147.6 76.12856 14 1.00000
147.7 76.21956 14 1.00000
147.8 76.31064 14 1.00000
147.9 76.40149 14 1.00000
148.0 76.03178 14 1.00000
148.1 76.12283 14 1.00000
148.2 76.21392 14 1.00000
148.3 76.30505 14 1.00000
148.4 76.39594 14 1.00000
148.5 76.48695 14 1.00000
148.6 76.11745 14 1.00000
148.7 76.20857 14 1.00000
148.8 76.29969 14 1.00000
148.9 76.39063 14 1.00000
149.0 76.48173 14 1.00000
149.1 76.57286 14 1.00000
149.2 76.20351 14 1.00000
149.3 76.29467 14 1.00000
149.4 76.38570 14 1.00000
149.5 76.47679 14 1.00000
149.6 76.56792 14 1.00000
149.7 76.65903 14 1.00000
149.8 76.74998 14 1.00000
149.9 76.38100 14 1.00000
150.0 76.47219 14 1.00000
150.1 76.56336 14 1.00000
150.2 76.65447 14 1.00000
150.3 76.74550 14 1.00000
150.4 76.83659 14 1.00000
150.5 76.46781 14 1.00000
150.6 76.55901 14 1.00000
150.7 76.65023 14 1.00000
150.8 76.74120 14 1.00000
150.9 76.83243 14 1.00000
151.0 76.92355 14 1.00000
151.1 76.55497 14 1.00000
151.2 76.64616 14 1.00000
151.3 76.73723 14 1.00000
151.4 76.82850 14 1.00000
151.5 76.91971 14 1.00000
151.6 77.01086 14 1.00000
151.7 77.10210 14 1.00000
151.8 76.73354 14 1.00000
151.9 76.82480 14 1.00000
152.0 76.91610 14 1.00000
152.1 77.00729 14 1.00000
152.2 77.09852 14 1.00000
152.3 77.18957 14 1.00000
152.4 76.82146 14 1.00000
152.5 76.91270 14 1.00000
152.6 77.00399 14 1.00000
152.7 77.09525 14 1.00000
152.8 77.18639 14 1.00000
152.9 77.27764 14 1.00000
153.0 76.90964 14 1.00000
153.1 77.00095 14 1.00000
153.2 77.09226 14 1.00000
153.3 77.18340 14 1.00000
153.4 77.27468 14 1.00000
153.5 77.36596 14 1.00000
153.6 77.45727 14 1.00000
153.7 77.08954 14 1.00000
153.8 77.18076 14 1.00000
153.9 77.27209 14 1.00000
154.0 77.36340 14 1.00000
154.1 77.45466 14 1.00000
154.2 77.08488 14 1.00000
154.3 77.17829 14 1.00000
154.4 77.26971 14 1.00000
154.5 77.36106 14 1.00000
154.6 77.45240 14 1.00000
154.7 77.08257 14 1.00000
154.8 77.17382 14 1.00000
154.9 77.26527 14 1.00000
155.0 77.35898 14 1.00000
155.1 77.45031 14 1.00000
155.2 77.08061 14 1.00000
155.3 77.17186 14 1.00000
155.4 77.26331 14 1.00000
155.5 77.35479 14 1.00000
155.6 77.44858 14 1.00000
155.7 77.07887 14 1.00000
155.8 77.17015 14 1.00000
155.9 77.26169 14 1.00000
156.0 77.35311 14 1.00000
156.1 77.44457 14 1.00000
156.2 77.53590 14 1.00000
156.3 77.16870 14 1.00000
156.4 77.26028 14 1.00000
156.5 77.35178 14 1.00000
156.6 77.44328 14 1.00000
156.7 77.53456 14 1.00000
156.8 77.62608 14 1.00000
156.9 77.25906 14 1.00000
157.0 77.35062 14 1.00000
157.1 77.44221 14 1.00000
157.2 77.53356 14 1.00000
157.3 77.62508 14 1.00000
157.4 77.71658 14 1.00000
157.5 77.80807 14 1.00000
157.6 77.44132 14 1.00000
157.7 77.53278 14 1.00000
157.8 77.62428 14 1.00000
157.9 77.71587 14 1.00000
158.0 77.80734 14 1.00000
158.1 77.89891 14 1.00000
158.2 77.53218 14 1.00000
158.3 77.62377 14 1.00000
158.4 77.71539 14 1.00000
158.5 77.80696 14 1.00000
158.6 77.89851 14 1.00000
158.7 77.98985 14 1.00000
158.8 78.08138 14 1.00000
158.9 77.71512 14 1.00000
159.0 77.80677 14 1.00000
159.1 77.89836 14 1.00000
159.2 77.98978 14 1.00000
159.3 78.08129 14 1.00000
159.4 78.17290 14 1.00000
159.5 78.26444 14 1.00000
159.6 77.89841 14 1.00000
159.7 77.98985 14 1.00000
159.8 78.08146 14 1.00000
159.9 78.17310 14 1.00000
160.0 78.26463 14 1.00000
160.1 78.35603 14 1.00000
160.2 77.99023 14 1.00000
160.3 78.08186 14 1.00000
160.4 78.17349 14 1.00000
160.5 78.26515 14 1.00000
160.6 78.35659 14 1.00000
160.7 78.44814 14 1.00000
160.8 78.53971 14 1.00000
160.9 78.17417 14 1.00000
161.0 78.26587 14 1.00000
161.1 78.35729 14 1.00000
161.2 78.44892 14 1.00000
161.3 78.54058 14 1.00000
161.4 78.63218 14 1.00000
161.5 78.26682 14 1.00000
161.6 78.35828 14 1.00000
161.7 78.44994 14 1.00000
161.8 78.54163 14 1.00000
161.9 78.63322 14 1.00000
162.0 78.72473 14 1.00000
162.1 78.81635 14 1.00000
162.2 78.45119 14 1.00000
162.3 78.54287 14 1.00000
162.4 78.63459 14 1.00000
162.5 78.72609 14 1.00000
162.6 78.81773 14 1.00000
162.7 78.90937 14 1.00000
162.8 79.00099 14 1.00000
162.9 78.63609 14 1.00000
163.0 78.72767 14 1.00000
163.1 78.81931 14 1.00000
163.2 78.91097 14 1.00000
163.3 79.00263 14 1.00000
163.4 79.09432 14 1.00000
163.5 78.72943 14 1.00000
163.6 78.82114 14 1.00000
163.7 78.91290 14 1.00000
163.8 79.00459 14 1.00000
163.9 79.09622 14 1.00000
164.0 79.18777 14 1.00000
164.1 79.27937 14 1.00000
164.2 78.91499 14 1.00000
164.3 79.00672 14 1.00000
164.4 79.09840 14 1.00000
164.5 79.18992 14 1.00000
164.6 79.28161 14 1.00000
164.7 79.37333 14 1.00000
164.8 79.46500 14 1.00000
164.9 79.10077 14 1.00000
165.0 79.19234 14 1.00000
165.1 79.28411 14 1.00000
165.2 79.37582 14 1.00000
165.3 79.46747 14 1.00000
165.4 79.55898 14 1.00000
165.5 79.65070 14 1.00000
165.6 79.28673 14 1.00000
165.7 79.37852 14 1.00000
165.8 79.47020 14 1.00000
165.9 79.56181 14 1.00000
166.0 79.65351 14 1.00000
166.1 79.74515 14 1.00000
166.2 79.38144 14 1.00000
166.3 79.47315 14 1.00000
166.4 79.56478 14 1.00000
166.5 79.65652 14 1.00000
166.6 79.74820 14 1.00000
166.7 79.83990 14 1.00000
166.8 79.47315 14 1.00000
166.9 79.56798 14 1.00000
167.0 79.65974 14 1.00000
167.1 79.75150 14 1.00000
167.2 79.84325 14 1.00000
167.3 79.47652 14 1.00000
167.4 79.56813 14 1.00000
167.5 79.65998 14 1.00000
167.6 79.75497 14 1.00000
167.7 79.84674 14 1.00000
167.8 79.48001 14 1.00000
167.9 79.57169 14 1.00000
168.0 79.66357 14 1.00000
168.1 79.75540 14 1.00000
168.2 79.84721 14 1.00000
168.3 79.48375 14 1.00000
168.4 79.57546 14 1.00000
168.5 79.66738 14 1.00000
168.6 79.75923 14 1.00000
168.7 79.85107 14 1.00000
168.8 79.94285 14 1.00000
168.9 80.03455 14 1.00000
169.0 79.67138 14 1.00000
169.1 79.76321 14 1.00000
169.2 79.85509 14 1.00000
169.3 79.94699 14 1.00000
169.4 80.03863 14 1.00000
169.5 80.13046 14 1.00000
169.6 80.22233 14 1.00000
169.7 79.85940 14 1.00000
169.8 79.95129 14 1.00000
169.9 80.04300 14 1.00000
170.0 80.13486 14 1.00000
170.1 80.22666 14 1.00000
170.2 80.31850 14 1.00000
170.3 79.95558 14 1.00000
170.4 80.04752 14 1.00000
170.5 80.13941 14 1.00000
170.6 80.23124 14 1.00000
170.7 80.32316 14 1.00000
170.8 80.41485 14 1.00000
170.9 80.50669 14 1.00000
171.0 80.14415 14 1.00000
171.1 80.23602 14 1.00000
171.2 80.32796 14 1.00000
171.3 80.41963 14 1.00000
171.4 80.51155 14 1.00000
171.5 80.60341 14 1.00000
171.6 80.69521 14 1.00000
171.7 80.33290 14 1.00000
171.8 80.42465 14 1.00000
171.9 80.51656 14 1.00000
172.0 80.60849 14 1.00000
172.1 80.70036 14 1.00000
172.2 80.79222 14 1.00000
172.3 80.88390 14 1.00000
172.4 80.52179 14 1.00000
172.5 80.61371 14 1.00000
172.6 80.70560 14 1.00000
172.7 80.79739 14 1.00000
172.8 80.88926 14 1.00000
172.9 80.98112 14 1.00000
173.0 81.07292 14 1.00000
173.1 80.71114 14 1.00000
173.2 80.80289 14 1.00000
173.3 80.89480 14 1.00000
173.4 80.98664 14 1.00000
173.5 81.07857 14 1.00000
173.6 81.17043 14 1.00000
173.7 81.26208 14 1.00000
173.8 80.90047 14 1.00000
173.9 80.99239 14 1.00000
174.0 81.08434 14 1.00000
174.1 81.17619 14 1.00000
174.2 81.26795 14 1.00000
174.3 81.35982 14 1.00000
174.4 81.45162 14 1.00000
174.5 81.09024 14 1.00000
174.6 81.18221 14 1.00000
174.7 81.27391 14 1.00000
174.8 81.36585 14 1.00000
174.9 81.45768 14 1.00000
175.0 81.54960 14 1.00000
175.1 81.64146 14 1.00000
175.2 81.28009 14 1.00000
175.3 81.37201 14 1.00000
175.4 81.46397 14 1.00000
175.5 81.55586 14 1.00000
175.6 81.64770 14 1.00000
175.7 81.73945 14 1.00000
175.8 81.83125 14 1.00000
175.9 81.47037 14 1.00000
176.0 81.56229 14 1.00000
176.1 81.65420 14 1.00000
176.2 81.74593 14 1.00000
176.3 81.83782 14 1.00000
176.4 81.92969 14 1.00000
176.5 82.02155 14 1.00000
176.6 81.66061 14 1.00000
176.7 81.75254 14 1.00000
176.8 81.84450 14 1.00000
176.9 81.93639 14 1.00000
177.0 82.02827 14 1.00000
177.1 82.11998 14 1.00000
177.2 82.21179 14 1.00000
177.3 81.85130 14 1.00000
177.4 81.94321 14 1.00000
177.5 82.03512 14 1.00000
177.6 82.12685 14 1.00000
177.7 82.21878 14 1.00000
177.8 82.31060 14 1.00000
177.9 82.40246 14 1.00000
178.0 82.49435 14 1.00000
178.1 82.13394 14 1.00000
178.2 82.22589 14 1.00000
178.3 82.31773 14 1.00000
178.4 82.40961 14 1.00000
178.5 82.50148 14 1.00000
178.6 82.59318 14 1.00000
178.7 82.68501 14 1.00000
178.8 82.32508 14 1.00000
178.9 82.41694 14 1.00000
179.0 82.50887 14 1.00000
179.1 82.60059 14 1.00000
179.2 82.69245 14 1.00000
179.3 82.78426 14 1.00000
179.4 82.87614 14 1.00000
179.5 82.51637 14 1.00000
179.6 82.60806 14 1.00000
179.7 82.69995 14 1.00000
179.8 82.79188 14 1.00000
179.9 82.88374 14 1.00000
180.0 82.97538 14 1.00000
180.1 83.06726 14 1.00000
180.2 82.70765 14 1.00000
180.3 82.79955 14 1.00000
180.4 82.89148 14 1.00000
180.5 82.98320 14 1.00000
180.6 83.07506 14 1.00000
180.7 83.16690 14 1.00000
180.8 83.25874 14 1.00000
180.9 82.89933 14 1.00000
181.0 82.99107 14 1.00000
181.1 83.08295 14 1.00000
181.2 83.17487 14 1.00000
181.3 83.26667 14 1.00000
181.4 83.35857 14 1.00000
181.5 83.45023 14 1.00000
181.6 83.09109 14 1.00000
181.7 83.18293 14 1.00000
181.8 83.27486 14 1.00000
181.9 83.36667 14 1.00000
182.0 83.45841 14 1.00000
182.1 83.55020 14 1.00000
182.2 83.18761 14 1.00000
182.3 83.27952 14 1.00000
182.4 83.37497 14 1.00000
182.5 83.46674 14 1.00000
182.6 83.55859 14 1.00000
182.7 83.19604 14 1.00000
182.8 83.28796 14 1.00000
182.9 83.37988 14 1.00000
183.0 83.47162 14 1.00000
183.1 83.56708 14 1.00000
183.2 83.20450 14 1.00000
183.3 83.29650 14 1.00000
183.4 83.38844 14 1.00000
183.5 83.48020 14 1.00000
183.6 83.57211 14 1.00000
183.7 83.66401 14 1.00000
183.8 83.30512 14 1.00000
183.9 83.39708 14 1.00000
184.0 83.48887 14 1.00000
184.1 83.58085 14 1.00000
184.2 83.67277 14 1.00000
184.3 83.76463 14 1.00000
184.4 83.85656 14 1.00000
184.5 83.94828 14 1.00000
184.6 83.58967 14 1.00000
184.7 83.68161 14 1.00000
184.8 83.77354 14 1.00000
184.9 83.86533 14 1.00000
185.0 83.95724 14 1.00000
185.1 84.04907 14 1.00000
185.2 84.14099 14 1.00000
185.3 83.78261 14 1.00000
185.4 83.87444 14 1.00000
185.5 83.96636 14 1.00000
185.6 84.05822 14 1.00000
185.7 84.15017 14 1.00000
185.8 84.24200 14 1.00000
185.9 84.33377 14 1.00000
186.0 83.97563 14 1.00000
186.1 84.06761 14 1.00000
186.2 84.15949 14 1.00000
186.3 84.25145 14 1.00000
186.4 84.34314 14 1.00000
186.5 84.43507 14 1.00000
186.6 84.52689 14 1.00000
186.7 84.61880 14 1.00000
186.8 84.26099 14 1.00000
186.9 84.35280 14 1.00000
187.0 84.44470 14 1.00000
187.1 84.53655 14 1.00000
187.2 84.62843 14 1.00000
187.3 84.72030 14 1.00000
187.4 84.81204 14 1.00000
187.5 84.45448 14 1.00000
187.6 84.54640 14 1.00000
187.7 84.63835 14 1.00000
187.8 84.73020 14 1.00000
187.9 84.82192 14 1.00000
188.0 84.91383 14 1.00000
188.1 85.00564 14 1.00000
188.2 85.09753 14 1.00000
188.3 84.74033 14 1.00000
188.4 84.83204 14 1.00000
188.5 84.92393 14 1.00000
188.6 85.01585 14 1.00000
188.7 85.10767 14 1.00000
188.8 85.19956 14 1.00000
188.9 85.29120 14 1.00000
189.0 84.93430 14 1.00000
189.1 85.02620 14 1.00000
189.2 85.11804 14 1.00000
189.3 85.20993 14 1.00000
189.4 85.30162 14 1.00000
189.5 85.39347 14 1.00000
189.6 85.48531 14 1.00000
189.7 85.12865 14 1.00000
189.8 85.22055 14 1.00000
189.9 85.31223 14 1.00000
190.0 85.40411 14 1.00000
190.1 85.49596 14 1.00000
190.2 85.58786 14 1.00000
190.3 85.67964 14 1.00000
190.4 85.77135 14 1.00000
190.5 85.41498 14 1.00000
190.6 85.50681 14 1.00000
190.7 85.59869 14 1.00000
190.8 85.69059 14 1.00000
190.9 85.78223 14 1.00000
191.0 85.87405 14 1.00000
191.1 85.96587 14 1.00000
191.2 86.05768 14 1.00000
191.3 85.70152 14 1.00000
191.4 85.79338 14 1.00000
191.5 85.88519 14 1.00000
191.6 85.97703 14 1.00000
191.7 86.06886 14 1.00000
191.8 86.16071 14 1.00000
191.9 86.25236 14 1.00000
192.0 85.89650 14 1.00000
192.1 85.98841 14 1.00000
192.2 86.08026 14 1.00000
192.3 86.17194 14 1.00000
192.4 86.26372 14 1.00000
192.5 86.35558 14 1.00000
192.6 86.44737 14 1.00000
192.7 86.53911 14 1.00000
192.8 86.18351 14 1.00000
192.9 86.27536 14 1.00000
193.0 86.36720 14 1.00000
193.1 86.45897 14 1.00000
193.2 86.55077 14 1.00000
193.3 86.64246 14 1.00000
193.4 86.73424 14 1.00000
193.5 86.37894 14 1.00000
193.6 86.47083 14 1.00000
193.7 86.56261 14 1.00000
193.8 86.65428 14 1.00000
193.9 86.74613 14 1.00000
194.0 86.83792 14 1.00000
194.1 86.92965 14 1.00000
194.2 87.02146 14 1.00000
194.3 86.66638 14 1.00000
194.4 86.75821 14 1.00000
194.5 86.84998 14 1.00000
194.6 86.94182 14 1.00000
194.7 87.03356 14 1.00000
194.8 87.12523 14 1.00000
194.9 87.21694 14 1.00000
195.0 87.30874 14 1.00000
195.1 86.95407 14 1.00000
195.2 87.04588 14 1.00000
195.3 87.13757 14 1.00000
195.4 87.22931 14 1.00000
195.5 87.32113 14 1.00000
195.6 87.41284 14 1.00000
195.7 87.50463 14 1.00000
195.8 87.15005 14 1.00000
195.9 87.24186 14 1.00000
196.0 87.33370 14 1.00000
196.1 87.42548 14 1.00000
196.2 87.51720 14 1.00000
196.3 87.60885 14 1.00000
196.4 87.70059 14 1.00000
196.5 87.79227 14 1.00000
196.6 87.43826 14 1.00000
196.7 87.53000 14 1.00000
196.8 87.62162 14 1.00000
196.9 87.71339 14 1.00000
197.0 87.80514 14 1.00000
197.1 87.89687 14 1.00000
197.2 87.98864 14 1.00000
197.3 88.08030 14 1.00000
197.4 87.72641 14 1.00000
197.5 87.81818 14 1.00000
197.6 87.90995 14 1.00000
197.7 88.00173 14 1.00000
197.8 88.09326 14 1.00000
197.9 88.18503 14 1.00000
198.0 88.27669 14 1.00000
198.1 88.36842 14 1.00000
198.2 88.01495 14 1.00000
198.3 88.10655 14 1.00000
198.4 88.19830 14 1.00000
198.5 88.29002 14 1.00000
198.6 88.38174 14 1.00000
198.7 88.47349 14 1.00000
198.8 88.56518 14 1.00000
198.9 88.21183 14 1.00000
199.0 88.30354 14 1.00000
199.1 88.39532 14 1.00000
199.2 88.48700 14 1.00000
199.3 88.57861 14 1.00000
199.4 88.67030 14 1.00000
199.5 88.76199 14 1.00000
199.6 88.85365 14 1.00000
199.7 88.50078 14 1.00000
199.8 88.59235 14 1.00000
199.9 88.68403 14 1.00000
200.0 88.77573 14 1.00000
200.1 88.86742 14 1.00000
200.2 88.95915 14 1.00000
200.3 89.05082 14 1.00000
200.4 89.14232 14 1.00000
200.5 88.78976 14 1.00000
200.6 88.88147 14 1.00000
200.7 88.97312 14 1.00000
200.8 89.06486 14 1.00000
200.9 89.15633 14 1.00000
201.0 88.79942 14 1.00000
201.1 88.89115 14 1.00000
201.2 88.98283 14 1.00000
201.3 89.07893 14 1.00000
201.4 88.72191 14 1.00000
201.5 88.81368 14 1.00000
201.6 88.90545 14 1.00000
201.7 88.99715 14 1.00000
201.8 89.08873 14 1.00000
201.9 89.18045 14 1.00000
202.0 89.27216 14 1.00000
202.1 88.91991 14 1.00000
202.2 89.01168 14 1.00000
202.3 89.10329 14 1.00000
202.4 89.19503 14 1.00000
202.5 89.28676 14 1.00000
202.6 89.37843 14 1.00000
202.7 89.47013 14 1.00000
202.8 89.56182 14 1.00000
202.9 89.20969 14 1.00000
203.0 89.30144 14 1.00000
203.1 89.39323 14 1.00000
203.2 89.48490 14 1.00000
203.3 89.57651 14 1.00000
203.4 89.66821 14 1.00000
203.5 89.75990 14 1.00000
203.6 89.85156 14 1.00000
203.7 89.49985 14 1.00000
203.8 89.59148 14 1.00000
203.9 89.68314 14 1.00000
204.0 89.77490 14 1.00000
204.1 89.86659 14 1.00000
204.2 89.95827 14 1.00000
204.3 90.04989 14 1.00000
204.4 90.14139 14 1.00000
204.5 89.79003 14 1.00000
204.6 89.88174 14 1.00000
204.7 89.97350 14 1.00000
204.8 90.06518 14 1.00000
204.9 90.15670 14 1.00000
205.0 90.24837 14 1.00000
205.1 90.33997 14 1.00000
205.2 90.43165 14 1.00000
205.3 90.08040 14 1.00000
205.4 90.17209 14 1.00000
205.5 90.26382 14 1.00000
205.6 90.35549 14 1.00000
205.7 90.44714 14 1.00000
205.8 90.53874 14 1.00000
205.9 90.63022 14 1.00000
206.0 90.72183 14 1.00000
206.1 90.37109 14 1.00000
206.2 90.46276 14 1.00000
206.3 90.55447 14 1.00000
206.4 90.64593 14 1.00000
206.5 90.73756 14 1.00000
206.6 90.82919 14 1.00000
206.7 90.92080 14 1.00000
206.8 91.01244 14 1.00000
206.9 90.66183 14 1.00000
207.0 90.75351 14 1.00000
207.1 90.84515 14 1.00000
207.2 90.93679 14 1.00000
207.3 91.02840 14 1.00000
207.4 91.11986 14 1.00000
207.5 91.21140 14 1.00000
207.6 91.30303 14 1.00000
207.7 90.95285 14 1.00000
207.8 91.04453 14 1.00000
207.9 91.13596 14 1.00000
208.0 91.22762 14 1.00000
208.1 91.31922 14 1.00000
208.2 91.41081 14 1.00000
208.3 91.50238 14 1.00000
208.4 91.59394 14 1.00000
208.5 91.24391 14 1.00000
208.6 91.33558 14 1.00000
208.7 91.42719 14 1.00000
208.8 91.51874 14 1.00000
208.9 91.61031 14 1.00000
209.0 91.70174 14 1.00000
209.1 91.79329 14 1.00000
209.2 91.88483 14 1.00000
209.3 91.53530 14 1.00000
209.4 91.62675 14 1.00000
209.5 91.71835 14 1.00000
209.6 91.80991 14 1.00000
209.7 91.90148 14 1.00000
209.8 91.99303 14 1.00000
209.9 92.08461 14 1.00000
210.0 92.17599 14 1.00000
210.1 92.26745 14 1.00000
210.2 91.91834 14 1.00000
210.3 92.00986 14 1.00000
210.4 92.10146 14 1.00000
210.5 92.19281 14 1.00000
210.6 92.28434 14 1.00000
210.7 92.37586 14 1.00000
210.8 92.46736 14 1.00000
210.9 92.55890 14 1.00000
211.0 92.20990 14 1.00000
211.1 92.30141 14 1.00000
211.2 92.39299 14 1.00000
211.3 92.48447 14 1.00000
211.4 92.57597 14 1.00000
211.5 92.66747 14 1.00000
211.6 92.75881 14 1.00000
211.7 92.85033 14 1.00000
211.8 92.50173 14 1.00000
211.9 92.59331 14 1.00000
212.0 92.68468 14 1.00000
212.1 92.77618 14 1.00000
212.2 92.86768 14 1.00000
212.3 92.95911 14 1.00000
212.4 93.05062 14 1.00000
212.5 93.14202 14 1.00000
212.6 93.23337 14 1.00000
212.7 92.88519 14 1.00000
212.8 92.97668 14 1.00000
212.9 93.06812 14 1.00000
213.0 93.15960 14 1.00000
213.1 93.25095 14 1.00000
213.2 93.34235 14 1.00000
213.3 93.43384 14 1.00000
213.4 93.52521 14 1.00000
213.5 93.17733 14 1.00000
213.6 93.26871 14 1.00000
213.7 93.36013 14 1.00000
213.8 93.45163 14 1.00000
213.9 93.54302 14 1.00000
214.0 93.63450 14 1.00000
214.1 93.72586 14 1.00000
214.2 93.81712 14 1.00000
214.3 93.46954 14 1.00000
214.4 93.56104 14 1.00000
214.5 93.65244 14 1.00000
214.6 93.74388 14 1.00000
214.7 93.83521 14 1.00000
214.8 93.92661 14 1.00000
214.9 94.01801 14 1.00000
215.0 94.10939 14 1.00000
215.1 94.20071 14 1.00000
215.2 93.85339 14 1.00000
215.3 93.94482 14 1.00000
215.4 94.03624 14 1.00000
215.5 94.12759 14 1.00000
215.6 94.21903 14 1.00000
215.7 94.31022 14 1.00000
215.8 94.40163 14 1.00000
215.9 94.49298 14 1.00000
216.0 94.14606 14 1.00000
216.1 94.23742 14 1.00000
216.2 94.32872 14 1.00000
216.3 94.42010 14 1.00000
216.4 94.51142 14 1.00000
216.5 94.60283 14 1.00000
216.6 94.69418 14 1.00000
216.7 94.78545 14 1.00000
216.8 94.87668 14 1.00000
216.9 94.53008 14 1.00000
217.0 94.62150 14 1.00000
217.1 94.71287 14 1.00000
217.2 94.80417 14 1.00000
217.3 94.89541 14 1.00000
217.4 94.98669 14 1.00000
217.5 95.07805 14 1.00000
217.6 95.16930 14 1.00000
217.7 94.82309 14 1.00000
217.8 94.91430 14 1.00000
217.9 95.00565 14 1.00000
218.0 95.09698 14 1.00000
218.1 95.18829 14 1.00000
218.2 95.27956 14 1.00000
218.3 95.37085 14 1.00000
218.4 95.46204 14 1.00000
218.5 95.55330 14 1.00000
218.6 95.20735 14 1.00000
218.7 95.29868 14 1.00000
218.8 95.38999 14 1.00000
218.9 95.48115 14 1.00000
219.0 95.57243 14 1.00000
219.1 95.66371 14 1.00000
219.2 95.75497 14 1.00000
219.3 95.84622 14 1.00000
219.4 95.93746 14 1.00000
219.5 95.59183 14 1.00000
219.6 95.68312 14 1.00000
219.7 95.77440 14 1.00000
219.8 95.86567 14 1.00000
219.9 95.95692 14 1.00000
220.0 96.04802 14 1.00000
220.1 96.13921 14 1.00000
220.2 96.23047 14 1.00000
220.3 95.88522 14 1.00000
220.4 95.97650 14 1.00000
220.5 96.06762 14 1.00000
220.6 96.15887 14 1.00000
220.7 96.25005 14 1.00000
220.8 96.34132 14 1.00000
220.9 96.43249 14 1.00000
221.0 96.52369 14 1.00000
221.1 96.61488 14 1.00000
221.2 96.26989 14 1.00000
221.3 96.36108 14 1.00000
221.4 96.45232 14 1.00000
221.5 96.54353 14 1.00000
221.6 96.63464 14 1.00000
221.7 96.72584 14 1.00000
221.8 96.81702 14 1.00000
221.9 96.90818 14 1.00000
222.0 96.99929 14 1.00000
222.1 96.65466 14 1.00000
222.2 96.74583 14 1.00000
222.3 96.83707 14 1.00000
222.4 96.92821 14 1.00000
222.5 97.01938 14 1.00000
222.6 97.11059 14 1.00000
222.7 97.20174 14 1.00000
222.8 97.29269 14 1.00000
222.9 97.38380 14 1.00000
223.0 97.03963 14 1.00000
223.1 97.13086 14 1.00000
223.2 97.22188 14 1.00000
223.3 97.31299 14 1.00000
223.4 96.96317 14 1.00000
223.5 97.05438 14 1.00000
223.6 97.14558 14 1.00000
223.7 97.23667 14 1.00000
223.8 97.33350 14 1.00000
223.9 96.98371 14 1.00000
224.0 97.07490 14 1.00000
224.1 97.16611 14 1.00000
224.2 97.25718 14 1.00000
224.3 97.34837 14 1.00000
224.4 97.43960 14 1.00000
224.5 97.53077 14 1.00000
224.6 97.62193 14 1.00000
224.7 97.27792 14 1.00000
224.8 97.36914 14 1.00000
224.9 97.46034 14 1.00000
225.0 97.55148 14 1.00000
225.1 97.64265 14 1.00000
225.2 97.73382 14 1.00000
225.3 97.82501 14 1.00000
225.4 97.91601 14 1.00000
225.5 98.00709 14 1.00000
225.6 97.66364 14 1.00000
225.7 97.75481 14 1.00000
225.8 97.84584 14 1.00000
225.9 97.93695 14 1.00000
226.0 98.02814 14 1.00000
226.1 98.11927 14 1.00000
226.2 98.21039 14 1.00000
226.3 98.30145 14 1.00000
226.4 98.39259 14 1.00000
226.5 98.04930 14 1.00000
226.6 98.14045 14 1.00000
226.7 98.23158 14 1.00000
226.8 98.32271 14 1.00000
226.9 98.41382 14 1.00000
227.0 98.50478 14 1.00000
227.1 98.59586 14 1.00000
227.2 98.68689 14 1.00000
227.3 98.77795 14 1.00000
227.4 98.43520 14 1.00000
227.5 98.52613 14 1.00000
227.6 98.61723 14 1.00000
227.7 98.70832 14 1.00000
227.8 98.79945 14 1.00000
227.9 98.89047 14 1.00000
228.0 98.98158 14 1.00000
228.1 99.07243 14 1.00000
228.2 99.16346 14 1.00000
228.3 98.82106 14 1.00000
228.4 98.91214 14 1.00000
228.5 99.00322 14 1.00000
228.6 99.09414 14 1.00000
228.7 99.18513 14 1.00000
228.8 99.27617 14 1.00000
228.9 99.36724 14 1.00000
229.0 99.45821 14 1.00000
229.1 99.54921 14 1.00000
229.2 99.20696 14 1.00000
229.3 99.29802 14 1.00000
229.4 99.38911 14 1.00000
229.5 99.48014 14 1.00000
229.6 99.57111 14 1.00000
229.7 99.66211 14 1.00000
229.8 99.75297 14 1.00000
229.9 99.84395 14 1.00000
230.0 99.93496 14 1.00000
230.1 100.02587 14 1.00000
230.2 99.68409 14 1.00000
230.3 99.77510 14 1.00000
230.4 99.86610 14 1.00000
230.5 99.95704 14 1.00000
230.6 100.04801 14 1.00000
230.7 100.13897 14 1.00000
230.8 100.22992 14 1.00000
230.9 100.32072 14 1.00000
231.0 100.41164 14 1.00000
231.1 100.07030 14 1.00000
231.2 100.16128 14 1.00000
231.3 100.25224 14 1.00000
231.4 100.34311 14 1.00000
231.5 100.43405 14 1.00000
231.6 100.52498 14 1.00000
231.7 100.61585 14 1.00000
231.8 100.70680 14 1.00000
231.9 100.79770 14 1.00000
232.0 100.45651 14 1.00000
232.1 100.54746 14 1.00000
232.2 100.63844 14 1.00000
232.3 100.72937 14 1.00000
232.4 100.82028 14 1.00000
232.5 100.91118 14 1.00000
232.6 101.00188 14 1.00000
232.7 101.09276 14 1.00000
232.8 101.18362 14 1.00000
232.9 100.84301 14 1.00000
233.0 100.93388 14 1.00000
233.1 101.02469 14 1.00000
233.2 101.11553 14 1.00000
233.3 101.20641 14 1.00000
233.4 101.29733 14 1.00000
233.5 101.38819 14 1.00000
233.6 101.47899 14 1.00000
233.7 101.56982 14 1.00000
233.8 101.66055 14 1.00000
233.9 101.32025 14 1.00000
234.0 101.41117 14 1.00000
234.1 101.50203 14 1.00000
234.2 101.59270 14 1.00000
234.3 101.68353 14 1.00000
234.4 101.77436 14 1.00000
234.5 101.86517 14 1.00000
234.6 101.95602 14 1.00000
234.7 102.04681 14 1.00000
234.8 101.70671 14 1.00000
234.9 101.79761 14 1.00000
235.0 101.88844 14 1.00000
235.1 101.97921 14 1.00000
235.2 102.07007 14 1.00000
235.3 102.16086 14 1.00000
235.4 102.25150 14 1.00000
235.5 102.34228 14 1.00000
235.6 102.43299 14 1.00000
235.7 102.52379 14 1.00000
235.8 102.18427 14 1.00000
235.9 102.27489 14 1.00000
236.0 102.36568 14 1.00000
236.1 102.45646 14 1.00000
236.2 102.54727 14 1.00000
236.3 102.63798 14 1.00000
236.4 102.72871 14 1.00000
236.5 102.81944 14 1.00000
236.6 102.91003 14 1.00000
236.7 102.57085 14 1.00000
236.8 102.66162 14 1.00000
236.9 102.75238 14 1.00000
237.0 102.84317 14 1.00000
237.1 102.93377 14 1.00000
237.2 103.02450 14 1.00000
237.3 103.11516 14 1.00000
237.4 103.20586 14 1.00000
237.5 103.29659 14 1.00000
237.6 103.38722 14 1.00000
237.7 103.04831 14 1.00000
237.8 103.13908 14 1.00000
237.9 103.22980 14 1.00000
238.0 103.32046 14 1.00000
238.1 103.41115 14 1.00000
238.2 103.50183 14 1.00000
238.3 103.59241 14 1.00000
238.4 103.68307 14 1.00000
238.5 103.77367 14 1.00000
238.6 103.43527 14 1.00000
238.7 103.52583 14 1.00000
238.8 103.61652 14 1.00000
238.9 103.70719 14 1.00000
239.0 103.79781 14 1.00000
239.1 103.88851 14 1.00000
239.2 103.97915 14 1.00000
239.3 104.06973 14 1.00000
239.4 104.16035 14 1.00000
239.5 104.25082 14 1.00000
239.6 103.91281 14 1.00000
239.7 104.00346 14 1.00000
239.8 104.09406 14 1.00000
239.9 104.18456 14 1.00000
240.0 104.27518 14 1.00000
240.1 104.36584 14 1.00000
240.2 104.45639 14 1.00000
240.3 104.54703 14 1.00000
240.4 104.63756 14 1.00000
240.5 104.72812 14 1.00000
240.6 104.39037 14 1.00000
240.7 104.48094 14 1.00000
240.8 104.57159 14 1.00000
240.9 104.66213 14 1.00000
241.0 104.75276 14 1.00000
241.1 104.84320 14 1.00000
241.2 104.93371 14 1.00000
241.3 105.02425 14 1.00000
241.4 105.11484 14 1.00000
241.5 105.20536 14 1.00000
241.6 104.86790 14 1.00000
241.7 104.95848 14 1.00000
241.8 105.04904 14 1.00000
241.9 105.13964 14 1.00000
242.0 105.23013 14 1.00000
242.1 105.32066 14 1.00000
242.2 105.41118 14 1.00000
242.3 105.50169 14 1.00000
242.4 105.59209 14 1.00000
242.5 105.68257 14 1.00000
242.6 105.34564 14 1.00000
242.7 105.43623 14 1.00000
242.8 105.52661 14 1.00000
242.9 105.61707 14 1.00000
243.0 105.70763 14 1.00000
243.1 105.79807 14 1.00000
243.2 105.88854 14 1.00000
243.3 105.97900 14 1.00000
243.4 106.06950 14 1.00000
243.5 106.15994 14 1.00000
243.6 105.82332 14 1.00000
243.7 105.91381 14 1.00000
243.8 106.00429 14 1.00000
243.9 106.09471 14 1.00000
244.0 106.18522 14 1.00000
244.1 106.27554 14 1.00000
244.2 106.36592 14 1.00000
244.3 106.45634 14 1.00000
244.4 106.54676 14 1.00000
244.5 106.63716 14 1.00000
244.6 106.30092 14 1.00000
244.7 106.39142 14 1.00000
244.8 106.48186 14 1.00000
244.9 106.57229 14 1.00000
245.0 106.66266 14 1.00000
245.1 106.75307 14 1.00000
245.2 106.84351 14 1.00000
245.3 106.93371 14 1.00000
245.4 107.02413 14 1.00000
245.5 107.11449 14 1.00000
245.6 106.77872 14 1.00000
245.7 106.86913 14 1.00000
245.8 106.95945 14 1.00000
245.9 107.04984 14 1.00000
246.0 107.14021 14 1.00000
246.1 107.23056 14 1.00000
246.2 107.32094 14 1.00000
246.3 107.41123 14 1.00000
246.4 107.50156 14 1.00000
246.5 107.59180 14 1.00000
246.6 107.25641 14 1.00000
246.7 107.34679 14 1.00000
246.8 107.43719 14 1.00000
246.9 107.52750 14 1.00000
247.0 107.61774 14 1.00000
247.1 107.70803 14 1.00000
247.2 107.79834 14 1.00000
247.3 107.88865 14 1.00000
247.4 107.97899 14 1.00000
247.5 108.06927 14 1.00000
247.6 107.73412 14 1.00000
247.7 107.82446 14 1.00000
247.8 107.91478 14 1.00000
247.9 108.00513 14 1.00000
248.0 108.09539 14 1.00000
248.1 108.18568 14 1.00000
248.2 108.27587 14 1.00000
248.3 108.36613 14 1.00000
248.4 108.45639 14 1.00000
248.5 108.54663 14 1.00000
248.6 108.63682 14 1.00000
248.7 108.30215 14 1.00000
248.8 108.39249 14 1.00000
248.9 108.48271 14 1.00000
249.0 108.57297 14 1.00000
249.1 108.66326 14 1.00000
249.2 108.75350 14 1.00000
249.3 108.84373 14 1.00000
249.4 108.93394 14 1.00000
249.5 109.02397 14 1.00000
249.6 109.11417 14 1.00000
249.7 108.78006 14 1.00000
249.8 108.87025 14 1.00000
249.9 108.96035 14 1.00000
250.0 109.05058 14 1.00000
