15.0 1.34297 13 0.04449
15.1 1.35059 13 0.04513
15.2 1.35822 13 0.04577
15.3 1.36574 13 0.04641
15.4 1.37339 13 0.04705
15.5 1.38105 13 0.04769
15.6 1.38859 13 0.04832
15.7 1.39628 13 0.04896
15.8 1.40383 13 0.04958
15.9 1.41139 13 0.05021
16.0 1.41909 13 0.05084
16.1 1.42666 13 0.05146
16.2 1.43459 13 0.05211
16.3 1.44218 13 0.05272
16.4 1.44977 13 0.05333
16.5 1.45736 13 0.05395
16.6 1.46512 13 0.05458
16.7 1.47273 13 0.05520
16.8 1.48034 13 0.05581
16.9 1.48796 13 0.05643
17.0 1.49558 13 0.05705
17.1 1.50320 13 0.05767
17.2 1.51083 13 0.05828
17.3 1.51847 13 0.05888
17.4 1.52611 13 0.05951
17.5 1.53376 13 0.06013
17.6 1.54141 13 0.06075
17.7 1.54907 13 0.06138
17.8 1.55701 13 0.06203
17.9 1.56446 13 0.06264
18.0 1.57214 13 0.06325
18.1 1.57982 13 0.06388
18.2 1.58751 13 0.06452
18.3 1.59520 13 0.06516
18.4 1.60265 13 0.06578
18.5 1.61035 13 0.06643
18.6 1.61806 13 0.06705
18.7 1.62550 13 0.06768
18.8 1.63322 13 0.06834
18.9 1.64094 13 0.06900
19.0 1.64838 13 0.06964
19.1 1.65611 13 0.07031
19.2 1.66385 13 0.07095
19.3 1.67164 13 0.07164
19.4 1.67938 13 0.07232
19.5 1.68683 13 0.07299
19.6 1.69605 13 0.07386
19.7 1.70732 13 0.07498
19.8 1.71915 13 0.07615
19.9 1.73107 13 0.07737
20.0 1.74257 13 0.07856
20.1 1.75467 13 0.07982
20.2 1.76632 13 0.08103
20.3 1.77804 13 0.08224
20.4 1.79040 13 0.08356
20.5 1.80228 13 0.08484
20.6 1.81482 13 0.08621
20.7 1.82685 13 0.08748
20.8 1.84026 13 0.08897
20.9 1.85247 13 0.09034
21.0 1.86475 13 0.09173
21.1 1.87776 13 0.09323
21.2 1.89020 13 0.09461
21.3 1.90341 13 0.09615
21.4 1.91601 13 0.09764
21.5 11.86106 14 1.00000
21.6 11.84669 14 1.00000
21.7 11.82545 14 1.00000
21.8 11.80307 14 1.00000
21.9 11.77637 14 1.00000
22.0 11.75320 14 1.00000
22.1 11.73395 14 1.00000
22.2 11.70541 14 1.00000
22.3 11.67748 14 1.00000
22.4 11.64775 14 1.00000
22.5 11.62707 14 1.00000
22.6 11.59465 14 1.00000
22.7 11.56076 14 1.00000
22.8 11.52789 14 1.00000
22.9 11.50113 14 1.00000
23.0 11.46426 14 1.00000
23.1 11.42886 14 1.00000
23.2 11.39236 14 1.00000
23.3 11.36466 14 1.00000
23.4 11.32744 14 1.00000
23.5 11.28938 14 1.00000
23.6 11.25045 14 1.00000
23.7 11.21042 14 1.00000
23.8 11.18027 14 1.00000
23.9 11.13944 14 1.00000
24.0 11.09762 14 1.00000
24.1 11.05494 14 1.00000
24.2 11.01907 14 1.00000
24.3 10.98021 14 1.00000
24.4 10.93707 14 1.00000
24.5 10.89317 14 1.00000
24.6 10.84875 14 1.00000
24.7 10.80362 14 1.00000
24.8 10.76980 14 1.00000
24.9 5.50438 14 0.46869
25.0 5.54097 14 0.47466
25.1 5.57694 14 0.48065
25.2 5.61257 14 0.48609
25.3 5.64743 14 0.49200
25.4 5.68168 14 0.49792
25.5 5.71530 14 0.50385
25.6 5.74828 14 0.50979
25.7 5.78062 14 0.51576
25.8 5.81129 14 0.52246
25.9 5.83975 14 0.53007
26.0 5.85953 14 0.54233
26.1 5.87323 14 0.55695
26.2 5.88624 14 0.57058
26.3 5.90128 14 0.58193
26.4 5.90805 14 0.59668
26.5 5.92166 14 0.60686
26.6 5.95183 14 0.60843
26.7 5.98280 14 0.60988
26.8 6.01509 14 0.61104
26.9 6.04950 14 0.61168
27.0 6.08481 14 0.61234
27.1 6.12023 14 0.61328
27.2 6.15542 14 0.61459
27.3 6.18986 14 0.61635
27.4 6.22798 14 0.61728
27.5 6.26236 14 0.61946
27.6 6.28467 14 0.62478
27.7 6.31048 14 0.62913
27.8 6.33487 14 0.63374
27.9 6.36603 14 0.63677
28.0 6.40274 14 0.63866
28.1 6.34737 14 0.63028
28.2 6.38954 14 0.63247
28.3 6.37392 14 0.64314
28.4 6.39091 14 0.64393
28.5 6.40687 14 0.64467
28.6 6.42238 14 0.64541
28.7 6.43609 14 0.64605
28.8 6.45064 14 0.64675
28.9 6.47192 14 0.64776
29.0 6.48709 14 0.64849
29.1 6.50224 14 0.64923
29.2 6.51396 14 0.64979
29.3 6.53677 14 0.65090
29.4 6.54318 14 0.65122
29.5 6.56832 14 0.65245
29.6 6.58924 14 0.65348
29.7 6.60595 14 0.65431
29.8 6.62375 14 0.65519
29.9 6.64334 14 0.65617
30.0 6.65045 14 0.65652
30.1 6.67487 14 0.65775
30.2 6.69177 14 0.65860
30.3 6.70829 14 0.65943
30.4 6.72982 14 0.66052
30.5 6.74615 14 0.66135
30.6 6.76092 14 0.66210
30.7 6.77590 14 0.66287
30.8 6.79796 14 0.66400
30.9 6.81288 14 0.66477
31.0 6.83702 14 0.66601
31.1 6.85139 14 0.66675
31.2 6.87075 14 0.66776
31.3 6.89313 14 0.66892
31.4 6.91107 14 0.66986
31.5 6.93007 14 0.67085
31.6 6.95454 14 0.67213
31.7 6.97083 14 0.67298
31.8 6.97853 14 0.67339
31.9 6.99953 14 0.67449
32.0 7.01815 14 0.67548
32.1 7.03917 14 0.67659
32.2 7.06030 14 0.67771
32.3 7.07584 14 0.67853
32.4 7.10024 14 0.67983
32.5 7.11000 14 0.68035
32.6 7.13279 14 0.68156
32.7 7.15883 14 0.68295
32.8 7.17187 14 0.68365
32.9 7.18467 14 0.68433
33.0 7.21727 14 0.68608
33.1 7.23190 14 0.68687
33.2 7.24577 14 0.68761
33.3 7.26691 14 0.68875
33.4 7.28695 14 0.68983
33.5 7.30958 14 0.69105
33.6 7.34061 14 0.69273
33.7 7.35622 14 0.69358
33.8 7.38353 14 0.69506
33.9 7.39374 14 0.69561
34.0 7.41553 14 0.69680
34.1 7.43288 14 0.69774
34.2 7.45389 14 0.69888
34.3 7.47634 14 0.70011
34.4 7.49599 14 0.70118
34.5 7.52881 14 0.70297
34.6 7.55125 14 0.70420
34.7 7.56129 14 0.70475
34.8 7.58508 14 0.70605
34.9 7.59994 14 0.70686
35.0 7.62560 14 0.70827
35.1 7.64791 14 0.70949
35.2 7.66565 14 0.71047
35.3 7.68316 14 0.71143
35.4 7.71000 14 0.71290
35.5 7.72762 14 0.71387
35.6 7.74142 14 0.71463
35.7 7.77743 14 0.71661
35.8 7.79590 14 0.71763
35.9 7.81785 14 0.71884
36.0 7.83735 14 0.71991
36.1 7.85639 14 0.72096
36.2 7.87107 14 0.72177
36.3 7.89900 14 0.72332
36.4 7.91696 14 0.72431
36.5 7.94180 14 0.72568
36.6 7.96115 14 0.72675
36.7 7.97807 14 0.72769
36.8 8.00301 14 0.72907
36.9 8.02901 14 0.73050
37.0 8.05941 14 0.73219
37.1 8.07677 14 0.73315
37.2 8.09415 14 0.73411
37.3 8.11339 14 0.73518
37.4 8.14406 14 0.73687
37.5 8.15879 14 0.73769
37.6 8.17360 14 0.73851
37.7 8.19689 14 0.73980
37.8 8.22412 14 0.74131
37.9 8.25385 14 0.74296
38.0 8.27112 14 0.74391
38.1 8.28772 14 0.74483
38.2 8.31172 14 0.74616
38.3 8.32834 14 0.74708
38.4 8.36111 14 0.74890
38.5 8.37807 14 0.74984
38.6 8.39105 14 0.75056
38.7 8.40204 14 0.75117
38.8 8.43561 14 0.75303
38.9 8.47339 14 0.75512
39.0 8.48853 14 0.75596
39.1 8.52312 14 0.75788
39.2 8.54356 14 0.75901
39.3 8.57590 14 0.76080
39.4 8.59259 14 0.76173
39.5 8.61760 14 0.76311
39.6 8.63985 14 0.76435
39.7 8.64460 14 0.76461
39.8 8.68088 14 0.76662
39.9 8.69664 14 0.76749
40.0 8.73150 14 0.76942
40.1 8.75007 14 0.77045
40.2 8.77799 14 0.77199
40.3 8.79589 14 0.77299
40.4 8.80874 14 0.77370
40.5 8.83964 14 0.77541
40.6 8.87574 14 0.77740
40.7 8.88062 14 0.77767
40.8 8.91359 14 0.77949
40.9 8.94385 14 0.78116
41.0 8.96443 14 0.78230
41.1 8.98260 14 0.78330
41.2 9.01011 14 0.78482
41.3 9.03976 14 0.78646
41.4 9.05945 14 0.78754
41.5 9.06522 14 0.78786
41.6 9.10664 14 0.79015
41.7 9.11549 14 0.79063
41.8 9.13959 14 0.79196
41.9 9.16851 14 0.79355
42.0 9.20068 14 0.79532
42.1 9.22586 14 0.79671
42.2 9.23844 14 0.79740
42.3 9.26966 14 0.79912
42.4 9.28338 14 0.79987
42.5 9.31733 14 0.80174
42.6 9.27658 14 0.79950
42.7 9.21996 14 0.79639
42.8 9.10924 14 0.79029
42.9 9.01188 14 0.78492
43.0 8.92709 14 0.78024
43.1 8.92320 14 0.78002
43.2 8.88977 14 0.77818
43.3 8.87221 14 0.77721
43.4 8.83533 14 0.77517
43.5 8.81712 14 0.77416
43.6 8.78388 14 0.77232
43.7 8.70063 14 0.76771
43.8 8.65062 14 0.76494
43.9 8.57943 14 0.76100
44.0 8.53392 14 0.75848
44.1 8.48236 14 0.75562
44.2 8.48104 14 0.75554
44.3 8.45505 14 0.75410
44.4 8.44061 14 0.75330
44.5 8.42844 14 0.75263
44.6 8.38989 14 0.75049
44.7 8.36609 14 0.74918
44.8 8.30048 14 0.74554
44.9 8.27245 14 0.74399
45.0 8.23024 14 0.74165
45.1 8.18159 14 0.73895
45.2 8.18363 14 0.73907
45.3 8.11629 14 0.73534
45.4 8.11351 14 0.73518
45.5 8.09821 14 0.73433
45.6 8.07876 14 0.73326
45.7 8.07950 14 0.73330
45.8 8.05964 14 0.73220
45.9 8.05625 14 0.73201
46.0 8.02834 14 0.73047
46.1 7.96526 14 0.72698
46.2 7.95948 14 0.72666
46.3 7.98152 14 0.72788
46.4 7.94023 14 0.72559
46.5 8.02867 14 0.73049
46.6 8.09328 14 0.73406
46.7 8.12490 14 0.73581
46.8 8.14273 14 0.73680
46.9 8.17591 14 0.73864
47.0 8.20155 14 0.74006
47.1 8.22422 14 0.74131
47.2 8.25233 14 0.74287
47.3 8.26817 14 0.74375
47.4 8.29938 14 0.74548
47.5 8.34807 14 0.74818
47.6 8.40928 14 0.75157
47.7 8.45494 14 0.75410
47.8 8.47762 14 0.75536
47.9 8.51933 14 0.75767
48.0 8.55709 14 0.75976
48.1 8.58071 14 0.76107
48.2 8.64811 14 0.76480
48.3 8.68035 14 0.76659
48.4 8.70717 14 0.76807
48.5 8.73326 14 0.76952
48.6 8.76391 14 0.77122
48.7 8.78792 14 0.77254
48.8 8.81977 14 0.77431
48.9 8.83649 14 0.77523
49.0 8.88200 14 0.77775
49.1 8.95858 14 0.78198
49.2 9.01249 14 0.78495
49.3 9.06502 14 0.78785
49.4 9.08375 14 0.78888
49.5 9.13472 14 0.79169
49.6 9.17356 14 0.79383
49.7 9.18396 14 0.79440
49.8 9.26489 14 0.79886
49.9 9.30209 14 0.80090
50.0 9.33070 14 0.80248
50.1 9.36263 14 0.80423
50.2 9.39414 14 0.80596
50.3 9.42185 14 0.80748
50.4 9.43861 14 0.80840
50.5 9.47243 14 0.81025
50.6 9.52588 14 0.81318
50.7 9.57400 14 0.81582
50.8 9.62148 14 0.81842
50.9 9.67374 14 0.82127
51.0 9.72418 14 0.82402
51.1 9.77508 14 0.82680
51.2 9.82588 14 0.82957
51.3 9.87433 14 0.83220
51.4 9.94363 14 0.83597
51.5 9.98756 14 0.83835
51.6 10.01928 14 0.84007
51.7 10.05383 14 0.84195
51.8 10.09127 14 0.84397
51.9 10.11650 14 0.84534
52.0 10.15441 14 0.84739
52.1 10.15345 14 0.84734
52.2 10.20084 14 0.84990
52.3 10.26337 14 0.85328
52.4 10.29874 14 0.85518
52.5 10.38994 14 0.86010
52.6 10.45626 14 0.86366
52.7 10.49487 14 0.86574
52.8 10.56264 14 0.86937
52.9 10.60731 14 0.87176
53.0 10.65563 14 0.87435
53.1 10.74019 14 0.87886
53.2 10.74825 14 0.87929
53.3 10.79748 14 0.88192
53.4 10.83053 14 0.88368
53.5 10.84463 14 0.88443
53.6 10.86270 14 0.88539
53.7 10.91478 14 0.88816
53.8 10.93690 14 0.88933
53.9 10.98175 14 0.89171
54.0 11.02248 14 0.89387
54.1 11.09214 14 0.89756
54.2 11.14814 14 0.90052
54.3 11.21980 14 0.90430
54.4 11.28813 14 0.90791
54.5 11.35331 14 0.91134
54.6 11.41408 14 0.91453
54.7 11.46555 14 0.91723
54.8 11.47879 14 0.91793
54.9 11.52857 14 0.92053
55.0 11.59247 14 0.92388
55.1 11.66759 14 0.92780
55.2 11.69620 14 0.92929
55.3 11.72099 14 0.93058
55.4 11.77376 14 0.93333
55.5 11.80730 14 0.93508
55.6 11.85094 14 0.93734
55.7 11.88534 14 0.93913
55.8 11.95431 14 0.94270
55.9 12.00937 14 0.94555
56.0 12.07210 14 0.94879
56.1 12.16563 14 0.95362
56.2 12.17633 14 0.95417
56.3 12.25290 14 0.95811
56.4 12.31499 14 0.96130
56.5 12.36057 14 0.96363
56.6 12.42709 14 0.96704
56.7 12.46644 14 0.96905
56.8 12.58112 14 0.97491
56.9 12.59511 14 0.97562
57.0 12.66752 14 0.97931
57.1 12.69142 14 0.98053
57.2 12.74898 14 0.98345
57.3 12.78707 14 0.98539
57.4 12.82888 14 0.98751
57.5 12.86053 14 0.98911
57.6 12.85882 14 0.98902
57.7 12.94676 14 0.99347
57.8 13.01810 14 0.99707
57.9 13.06866 14 0.99962
58.0 13.11029 14 1.00000
58.1 13.13725 14 1.00000
58.2 13.16402 14 1.00000
58.3 13.18654 14 1.00000
58.4 13.21371 14 1.00000
58.5 13.23161 14 1.00000
58.6 13.25673 14 1.00000
58.7 13.27595 14 1.00000
58.8 13.31035 14 1.00000
58.9 13.30615 14 1.00000
59.0 13.33710 14 1.00000
59.1 13.33674 14 1.00000
59.2 13.35108 14 1.00000
59.3 13.37138 14 1.00000
59.4 13.38732 14 1.00000
59.5 13.40242 14 1.00000
59.6 13.41756 14 1.00000
59.7 13.44203 14 1.00000
59.8 13.46379 14 1.00000
59.9 13.49705 14 1.00000
60.0 13.51241 14 1.00000
60.1 13.54985 14 1.00000
60.2 13.58119 14 1.00000
60.3 13.58029 14 1.00000
60.4 13.60646 14 1.00000
60.5 13.63625 14 1.00000
60.6 13.65894 14 1.00000
60.7 13.67558 14 1.00000
60.8 13.70000 14 1.00000
60.9 13.71842 14 1.00000
61.0 13.74601 14 1.00000
61.1 13.76999 14 1.00000
61.2 13.79183 14 1.00000
61.3 13.80772 14 1.00000
61.4 13.82375 14 1.00000
61.5 13.84026 14 1.00000
61.6 13.85042 14 1.00000
61.7 13.84789 14 1.00000
61.8 13.87897 14 1.00000
61.9 13.90434 14 1.00000
62.0 13.93280 14 1.00000
62.1 13.96101 14 1.00000
62.2 13.98376 14 1.00000
62.3 14.01667 14 1.00000
62.4 14.04497 14 1.00000
62.5 14.07042 14 1.00000
62.6 14.08488 14 1.00000
62.7 14.11110 14 1.00000
62.8 14.13809 14 1.00000
62.9 14.15870 14 1.00000
63.0 14.17826 14 1.00000
63.1 14.17979 14 1.00000
63.2 14.21174 14 1.00000
63.3 14.23790 14 1.00000
63.4 14.25166 14 1.00000
63.5 14.26197 14 1.00000
63.6 14.27641 14 1.00000
63.7 14.29738 14 1.00000
63.8 14.31646 14 1.00000
63.9 14.33243 14 1.00000
64.0 14.35302 14 1.00000
64.1 14.38985 14 1.00000
64.2 14.41432 14 1.00000
64.3 14.44294 14 1.00000
64.4 14.46568 14 1.00000
64.5 14.46651 14 1.00000
64.6 14.49020 14 1.00000
64.7 14.52232 14 1.00000
64.8 14.54469 14 1.00000
64.9 14.57467 14 1.00000
65.0 14.59467 14 1.00000
65.1 14.61988 14 1.00000
65.2 14.63930 14 1.00000
65.3 14.65271 14 1.00000
65.4 14.69139 14 1.00000
65.5 14.72104 14 1.00000
65.6 14.73348 14 1.00000
65.7 14.74939 14 1.00000
65.8 14.76568 14 1.00000
65.9 14.77174 14 1.00000
66.0 14.77289 14 1.00000
66.1 14.79712 14 1.00000
66.2 14.80834 14 1.00000
66.3 14.83879 14 1.00000
66.4 14.86283 14 1.00000
66.5 14.89426 14 1.00000
66.6 14.91634 14 1.00000
66.7 14.94590 14 1.00000
66.8 14.96825 14 1.00000
66.9 15.00090 14 1.00000
67.0 15.02828 14 1.00000
67.1 15.05149 14 1.00000
67.2 15.07897 14 1.00000
67.3 15.10129 14 1.00000
67.4 15.09995 14 1.00000
67.5 15.11448 14 1.00000
67.6 15.13916 14 1.00000
67.7 15.15942 14 1.00000
67.8 15.15601 14 1.00000
67.9 15.17523 14 1.00000
68.0 15.20333 14 1.00000
68.1 15.23570 14 1.00000
68.2 15.24245 14 1.00000
68.3 15.26242 14 1.00000
68.4 15.28120 14 1.00000
68.5 15.28790 14 1.00000
68.6 15.31262 14 1.00000
68.7 15.32581 14 1.00000
68.8 15.35128 14 1.00000
68.9 15.34336 14 1.00000
69.0 15.38188 14 1.00000
69.1 15.41061 14 1.00000
69.2 15.43677 14 1.00000
69.3 15.45485 14 1.00000
69.4 15.48095 14 1.00000
69.5 15.49784 14 1.00000
69.6 15.53623 14 1.00000
69.7 15.56304 14 1.00000
69.8 15.59300 14 1.00000
69.9 15.60543 14 1.00000
70.0 15.63844 14 1.00000
70.1 15.65343 14 1.00000
70.2 15.67700 14 1.00000
70.3 15.69663 14 1.00000
70.4 15.69381 14 1.00000
70.5 15.71280 14 1.00000
70.6 15.73511 14 1.00000
70.7 15.77457 14 1.00000
70.8 15.78083 14 1.00000
70.9 15.80188 14 1.00000
71.0 15.81857 14 1.00000
71.1 15.83297 14 1.00000
71.2 15.85059 14 1.00000
71.3 15.86698 14 1.00000
71.4 15.88628 14 1.00000
71.5 15.92275 14 1.00000
71.6 15.94409 14 1.00000
71.7 15.97227 14 1.00000
71.8 16.00339 14 1.00000
71.9 15.99710 14 1.00000
72.0 16.02149 14 1.00000
72.1 16.04110 14 1.00000
72.2 16.06638 14 1.00000
72.3 16.10151 14 1.00000
72.4 16.12845 14 1.00000
72.5 16.14837 14 1.00000
72.6 16.17594 14 1.00000
72.7 16.19332 14 1.00000
72.8 16.21890 14 1.00000
72.9 16.23791 14 1.00000
73.0 16.25619 14 1.00000
73.1 16.27094 14 1.00000
73.2 16.30656 14 1.00000
73.3 16.32933 14 1.00000
73.4 16.35145 14 1.00000
73.5 16.34642 14 1.00000
73.6 16.36012 14 1.00000
73.7 16.37243 14 1.00000
73.8 16.39344 14 1.00000
73.9 16.39892 14 1.00000
74.0 16.42649 14 1.00000
74.1 16.44236 14 1.00000
74.2 16.47194 14 1.00000
74.3 16.49807 14 1.00000
74.4 16.53005 14 1.00000
74.5 16.55663 14 1.00000
74.6 16.57313 14 1.00000
74.7 16.60526 14 1.00000
74.8 16.62901 14 1.00000
74.9 16.64818 14 1.00000
75.0 16.64218 14 1.00000
75.1 16.67637 14 1.00000
75.2 16.70425 14 1.00000
75.3 16.72802 14 1.00000
75.4 16.75502 14 1.00000
75.5 16.77769 14 1.00000
75.6 16.79603 14 1.00000
75.7 16.81813 14 1.00000
75.8 16.83517 14 1.00000
75.9 16.85216 14 1.00000
76.0 16.86092 14 1.00000
76.1 16.87746 14 1.00000
76.2 16.91416 14 1.00000
76.3 16.93750 14 1.00000
76.4 16.95100 14 1.00000
76.5 16.97329 14 1.00000
76.6 16.96434 14 1.00000
76.7 16.97109 14 1.00000
76.8 16.99805 14 1.00000
76.9 17.01179 14 1.00000
77.0 17.02354 14 1.00000
77.1 17.04870 14 1.00000
77.2 17.08005 14 1.00000
77.3 17.10180 14 1.00000
77.4 17.13161 14 1.00000
77.5 17.15051 14 1.00000
77.6 17.18342 14 1.00000
77.7 17.20201 14 1.00000
77.8 17.21736 14 1.00000
77.9 17.24874 14 1.00000
78.0 17.27811 14 1.00000
78.1 17.29877 14 1.00000
78.2 17.29607 14 1.00000
78.3 17.31997 14 1.00000
78.4 17.34527 14 1.00000
78.5 17.34353 14 1.00000
78.6 17.38793 14 1.00000
78.7 17.40054 14 1.00000
78.8 17.42461 14 1.00000
78.9 17.44122 14 1.00000
79.0 17.45799 14 1.00000
79.1 17.47485 14 1.00000
79.2 17.48338 14 1.00000
79.3 17.51514 14 1.00000
79.4 17.54942 14 1.00000
79.5 17.55587 14 1.00000
79.6 17.57801 14 1.00000
79.7 17.59405 14 1.00000
79.8 17.60746 14 1.00000
79.9 17.58930 14 1.00000
80.0 17.61613 14 1.00000
80.1 17.63174 14 1.00000
80.2 17.64092 14 1.00000
80.3 17.67941 14 1.00000
80.4 17.69887 14 1.00000
80.5 17.72617 14 1.00000
80.6 17.74802 14 1.00000
80.7 17.78468 14 1.00000
80.8 17.80293 14 1.00000
80.9 17.83118 14 1.00000
81.0 17.80699 14 1.00000
81.1 17.83366 14 1.00000
81.2 17.85528 14 1.00000
81.3 17.87424 14 1.00000
81.4 17.91039 14 1.00000
81.5 17.87893 14 1.00000
81.6 17.91552 14 1.00000
81.7 17.94505 14 1.00000
81.8 17.94045 14 1.00000
81.9 17.96337 14 1.00000
82.0 17.98278 14 1.00000
82.1 17.99863 14 1.00000
82.2 18.03979 14 1.00000
82.3 18.06477 14 1.00000
82.4 18.08104 14 1.00000
82.5 18.09769 14 1.00000
82.6 18.11441 14 1.00000
82.7 18.13125 14 1.00000
82.8 18.14481 14 1.00000
82.9 18.18905 14 1.00000
83.0 18.19384 14 1.00000
83.1 18.21633 14 1.00000
83.2 18.23262 14 1.00000
83.3 18.22135 14 1.00000
83.4 18.23594 14 1.00000
83.5 18.24925 14 1.00000
83.6 18.26210 14 1.00000
83.7 18.27849 14 1.00000
83.8 18.30368 14 1.00000
83.9 18.33836 14 1.00000
84.0 18.36570 14 1.00000
84.1 18.39162 14 1.00000
84.2 18.41663 14 1.00000
84.3 18.43671 14 1.00000
84.4 18.46548 14 1.00000
84.5 18.47967 14 1.00000
84.6 18.50387 14 1.00000
84.7 18.52009 14 1.00000
84.8 18.55036 14 1.00000
84.9 18.56324 14 1.00000
85.0 18.55406 14 1.00000
85.1 18.56258 14 1.00000
85.2 18.58351 14 1.00000
85.3 18.60905 14 1.00000
85.4 18.63042 14 1.00000
85.5 18.64843 14 1.00000
85.6 18.66199 14 1.00000
85.7 18.71095 14 1.00000
85.8 18.73551 14 1.00000
85.9 18.75102 14 1.00000
86.0 18.76646 14 1.00000
86.1 18.77363 14 1.00000
86.2 18.79334 14 1.00000
86.3 18.81660 14 1.00000
86.4 18.86008 14 1.00000
86.5 18.87163 14 1.00000
86.6 18.88449 14 1.00000
86.7 18.89970 14 1.00000
86.8 18.88420 14 1.00000
86.9 18.89931 14 1.00000
87.0 18.91209 14 1.00000
87.1 18.92609 14 1.00000
87.2 18.94159 14 1.00000
87.3 18.96069 14 1.00000
87.4 18.99394 14 1.00000
87.5 19.02188 14 1.00000
87.6 19.03674 14 1.00000
87.7 19.07201 14 1.00000
87.8 19.10030 14 1.00000
87.9 19.12509 14 1.00000
88.0 19.14168 14 1.00000
88.1 19.17467 14 1.00000
88.2 19.19763 14 1.00000
88.3 19.21875 14 1.00000
88.4 19.23827 14 1.00000
88.5 19.25203 14 1.00000
88.6 19.23873 14 1.00000
88.7 19.25212 14 1.00000
88.8 19.25953 14 1.00000
88.9 19.28276 14 1.00000
89.0 19.30478 14 1.00000
89.1 19.32582 14 1.00000
89.2 19.34623 14 1.00000
89.3 19.36535 14 1.00000
89.4 19.39113 14 1.00000
89.5 19.43367 14 1.00000
89.6 19.45054 14 1.00000
89.7 19.46764 14 1.00000
89.8 19.48411 14 1.00000
89.9 19.50008 14 1.00000
90.0 19.50490 14 1.00000
90.1 19.53795 14 1.00000
90.2 19.57072 14 1.00000
90.3 19.58880 14 1.00000
90.4 19.57358 14 1.00000
90.5 19.58812 14 1.00000
90.6 19.60065 14 1.00000
90.7 19.61597 14 1.00000
90.8 19.63246 14 1.00000
90.9 19.64787 14 1.00000
91.0 19.66355 14 1.00000
91.1 19.67880 14 1.00000
91.2 19.69611 14 1.00000
91.3 19.73017 14 1.00000
91.4 19.75850 14 1.00000
91.5 19.78429 14 1.00000
91.6 19.80887 14 1.00000
91.7 19.83123 14 1.00000
91.8 19.85074 14 1.00000
91.9 19.88807 14 1.00000
92.0 19.90288 14 1.00000
92.1 19.93119 14 1.00000
92.2 19.95405 14 1.00000
92.3 19.92677 14 1.00000
92.4 19.95058 14 1.00000
92.5 19.96838 14 1.00000
92.6 19.98100 14 1.00000
92.7 20.00990 14 1.00000
92.8 20.00977 14 1.00000
92.9 20.03161 14 1.00000
93.0 20.05258 14 1.00000
93.1 20.07338 14 1.00000
93.2 20.09388 14 1.00000
93.3 20.11354 14 1.00000
93.4 20.13123 14 1.00000
93.5 20.15547 14 1.00000
93.6 20.20390 14 1.00000
93.7 20.21919 14 1.00000
93.8 20.22605 14 1.00000
93.9 20.24255 14 1.00000
94.0 20.26348 14 1.00000
94.1 20.28121 14 1.00000
94.2 20.29889 14 1.00000
94.3 20.27044 14 1.00000
94.4 20.28788 14 1.00000
94.5 20.33937 14 1.00000
94.6 20.34916 14 1.00000
94.7 20.36060 14 1.00000
94.8 20.37678 14 1.00000
94.9 20.39325 14 1.00000
95.0 20.40865 14 1.00000
95.1 20.42357 14 1.00000
95.2 20.42811 14 1.00000
95.3 20.44701 14 1.00000
95.4 20.48285 14 1.00000
95.5 20.51314 14 1.00000
95.6 20.53788 14 1.00000
95.7 20.55886 14 1.00000
95.8 20.58048 14 1.00000
95.9 20.62055 14 1.00000
96.0 20.64780 14 1.00000
96.1 20.66394 14 1.00000
96.2 20.63441 14 1.00000
96.3 20.65849 14 1.00000
96.4 20.68723 14 1.00000
96.5 20.67203 14 1.00000
96.6 20.69510 14 1.00000
96.7 20.71546 14 1.00000
96.8 20.73306 14 1.00000
96.9 20.79060 14 1.00000
97.0 20.79676 14 1.00000
97.1 20.80436 14 1.00000
97.2 20.82525 14 1.00000
97.3 20.68705 14 1.00000
97.4 20.67190 14 1.00000
97.5 20.69609 14 1.00000
97.6 20.71636 14 1.00000
97.7 20.73381 14 1.00000
97.8 20.79188 14 1.00000
97.9 20.80351 14 1.00000
98.0 20.80666 14 1.00000
98.1 20.82878 14 1.00000
98.2 20.79646 14 1.00000
98.3 20.81858 14 1.00000
98.4 20.67621 14 1.00000
98.5 20.66332 14 1.00000
98.6 20.69016 14 1.00000
98.7 20.71093 14 1.00000
98.8 20.73021 14 1.00000
98.9 20.78893 14 1.00000
99.0 20.79554 14 1.00000
99.1 20.80288 14 1.00000
99.2 20.82497 14 1.00000
99.3 20.68655 14 1.00000
99.4 20.67437 14 1.00000
99.5 20.69815 14 1.00000
99.6 20.71924 14 1.00000
99.7 20.73695 14 1.00000
99.8 20.79377 14 1.00000
99.9 20.79103 14 1.00000
100.0 20.81464 14 1.00000
100.1 20.83534 14 1.00000
100.2 20.66158 14 1.00000
100.3 20.82283 14 1.00000
100.4 20.68507 14 1.00000
100.5 20.67307 14 1.00000
100.6 20.69694 14 1.00000
100.7 20.71920 14 1.00000
100.8 20.73685 14 1.00000
100.9 20.79407 14 1.00000
101.0 20.79198 14 1.00000
101.1 20.81546 14 1.00000
101.2 20.83729 14 1.00000
101.3 20.66401 14 1.00000
101.4 20.69193 14 1.00000
101.5 20.71371 14 1.00000
101.6 20.73344 14 1.00000
101.7 20.79220 14 1.00000
101.8 20.78841 14 1.00000
101.9 20.81330 14 1.00000
102.0 20.83519 14 1.00000
102.1 20.66132 14 1.00000
102.2 20.68985 14 1.00000
102.3 20.71301 14 1.00000
102.4 20.66848 14 1.00000
102.5 20.69681 14 1.00000
102.6 20.71793 14 1.00000
102.7 20.73733 14 1.00000
102.8 20.79453 14 1.00000
102.9 20.79674 14 1.00000
103.0 20.82002 14 1.00000
103.1 20.68265 14 1.00000
103.2 20.67110 14 1.00000
103.3 20.69905 14 1.00000
103.4 20.72210 14 1.00000
103.5 20.74034 14 1.00000
103.6 20.79438 14 1.00000
103.7 20.80156 14 1.00000
103.8 20.82486 14 1.00000
103.9 20.69137 14 1.00000
104.0 20.68119 14 1.00000
104.1 20.70762 14 1.00000
104.2 20.72840 14 1.00000
104.3 20.79066 14 1.00000
104.4 20.80894 14 1.00000
104.5 20.81302 14 1.00000
104.6 20.79225 14 1.00000
104.7 20.78967 14 1.00000
104.8 20.81681 14 1.00000
104.9 20.83976 14 1.00000
105.0 20.66860 14 1.00000
105.1 20.69937 14 1.00000
105.2 20.72236 14 1.00000
105.3 20.74122 14 1.00000
105.4 20.79316 14 1.00000
105.5 20.80545 14 1.00000
105.6 20.83106 14 1.00000
105.7 20.66051 14 1.00000
105.8 20.69042 14 1.00000
105.9 20.71677 14 1.00000
106.0 20.73733 14 1.00000
106.1 20.79465 14 1.00000
106.2 20.80172 14 1.00000
106.3 20.82863 14 1.00000
106.4 20.65731 14 1.00000
106.5 20.68920 14 1.00000
106.6 20.71579 14 1.00000
106.7 20.73744 14 1.00000
106.8 20.68923 14 1.00000
106.9 20.71459 14 1.00000
107.0 20.73749 14 1.00000
107.1 20.79465 14 1.00000
107.2 20.80269 14 1.00000
107.3 20.82952 14 1.00000
107.4 20.65998 14 1.00000
107.5 20.69118 14 1.00000
107.6 20.71749 14 1.00000
107.7 20.73863 14 1.00000
107.8 20.79421 14 1.00000
107.9 20.71733 14 1.00000
108.0 20.73842 14 1.00000
108.1 20.79430 14 1.00000
108.2 20.80432 14 1.00000
108.3 20.83105 14 1.00000
108.4 20.66210 14 1.00000
108.5 20.69408 14 1.00000
108.6 20.71882 14 1.00000
108.7 20.74027 14 1.00000
108.8 20.79336 14 1.00000
108.9 20.71860 14 1.00000
109.0 20.73929 14 1.00000
109.1 20.79358 14 1.00000
109.2 20.80555 14 1.00000
109.3 20.83220 14 1.00000
109.4 20.66369 14 1.00000
109.5 20.69529 14 1.00000
109.6 20.72091 14 1.00000
109.7 20.74089 14 1.00000
109.8 20.79572 14 1.00000
109.9 20.71942 14 1.00000
110.0 20.74063 14 1.00000
110.1 20.79317 14 1.00000
110.2 20.80642 14 1.00000
110.3 20.83299 14 1.00000
110.4 20.66463 14 1.00000
110.5 20.69612 14 1.00000
110.6 20.72155 14 1.00000
110.7 20.74129 14 1.00000
110.8 20.79549 14 1.00000
110.9 20.72099 14 1.00000
111.0 20.74099 14 1.00000
111.1 20.79573 14 1.00000
111.2 20.80690 14 1.00000
111.3 20.83340 14 1.00000
111.4 20.66507 14 1.00000
111.5 20.69654 14 1.00000
111.6 20.72186 14 1.00000
111.7 20.74145 14 1.00000
111.8 20.79539 14 1.00000
111.9 20.72004 14 1.00000
112.0 20.74112 14 1.00000
112.1 20.79568 14 1.00000
112.2 20.80700 14 1.00000
112.3 20.83344 14 1.00000
112.4 20.66504 14 1.00000
112.5 20.69659 14 1.00000
112.6 20.72184 14 1.00000
112.7 20.74141 14 1.00000
112.8 20.79545 14 1.00000
112.9 20.71985 14 1.00000
113.0 20.74103 14 1.00000
113.1 20.79575 14 1.00000
113.2 20.80672 14 1.00000
113.3 20.83309 14 1.00000
113.4 20.66451 14 1.00000
113.5 20.69622 14 1.00000
113.6 20.72147 14 1.00000
113.7 20.74112 14 1.00000
113.8 20.79567 14 1.00000
113.9 20.71931 14 1.00000
114.0 20.73998 14 1.00000
114.1 20.79323 14 1.00000
114.2 20.80603 14 1.00000
114.3 20.83235 14 1.00000
114.4 20.66331 14 1.00000
114.5 20.69532 14 1.00000
114.6 20.71966 14 1.00000
114.7 20.73988 14 1.00000
114.8 20.79378 14 1.00000
114.9 20.71830 14 1.00000
115.0 20.73924 14 1.00000
115.1 20.79406 14 1.00000
115.2 20.80497 14 1.00000
115.3 20.83125 14 1.00000
115.4 20.66177 14 1.00000
115.5 20.69274 14 1.00000
115.6 20.71860 14 1.00000
115.7 20.73909 14 1.00000
115.8 20.79417 14 1.00000
115.9 20.71596 14 1.00000
116.0 20.73831 14 1.00000
116.1 20.79435 14 1.00000
116.2 20.80350 14 1.00000
116.3 20.82851 14 1.00000
116.4 20.65782 14 1.00000
116.5 20.69093 14 1.00000
116.6 20.71607 14 1.00000
116.7 20.73801 14 1.00000
116.8 20.79462 14 1.00000
116.9 20.80161 14 1.00000
117.0 20.73650 14 1.00000
117.1 20.79466 14 1.00000
117.2 20.80046 14 1.00000
117.3 20.82547 14 1.00000
117.4 20.69432 14 1.00000
117.5 20.68636 14 1.00000
117.6 20.71402 14 1.00000
117.7 20.73605 14 1.00000
117.8 20.79423 14 1.00000
117.9 20.79823 14 1.00000
118.0 20.73483 14 1.00000
118.1 20.79387 14 1.00000
118.2 20.79577 14 1.00000
118.3 20.82321 14 1.00000
118.4 20.68975 14 1.00000
118.5 20.68370 14 1.00000
118.6 20.71058 14 1.00000
118.7 20.73430 14 1.00000
118.8 20.79346 14 1.00000
118.9 20.79314 14 1.00000
119.0 20.73007 14 1.00000
119.1 20.79279 14 1.00000
119.2 20.79171 14 1.00000
119.3 20.82054 14 1.00000
119.4 20.68590 14 1.00000
119.5 20.68040 14 1.00000
119.6 20.70663 14 1.00000
119.7 20.72911 14 1.00000
119.8 20.79218 14 1.00000
119.9 20.79008 14 1.00000
120.0 20.72756 14 1.00000
120.1 20.79120 14 1.00000
120.2 20.78847 14 1.00000
120.3 20.81630 14 1.00000
120.4 20.84083 14 1.00000
120.5 20.67228 14 1.00000
120.6 20.70332 14 1.00000
120.7 20.72641 14 1.00000
120.8 20.78947 14 1.00000
120.9 20.80361 14 1.00000
121.0 20.72465 14 1.00000
121.1 20.78811 14 1.00000
121.2 20.79792 14 1.00000
121.3 20.81025 14 1.00000
121.4 20.83736 14 1.00000
121.5 20.66777 14 1.00000
121.6 20.69834 14 1.00000
121.7 20.72315 14 1.00000
121.8 20.74215 14 1.00000
121.9 20.79498 14 1.00000
122.0 20.72020 14 1.00000
122.1 20.74028 14 1.00000
122.2 20.79360 14 1.00000
122.3 20.80613 14 1.00000
122.4 20.83219 14 1.00000
122.5 20.66242 14 1.00000
122.6 20.69292 14 1.00000
122.7 20.71846 14 1.00000
122.8 20.73886 14 1.00000
122.9 20.79428 14 1.00000
123.0 20.80268 14 1.00000
123.1 20.73695 14 1.00000
123.2 20.79466 14 1.00000
123.3 20.79940 14 1.00000
123.4 20.82547 14 1.00000
123.5 20.69415 14 1.00000
123.6 20.68578 14 1.00000
123.7 20.71206 14 1.00000
123.8 20.73520 14 1.00000
123.9 20.79387 14 1.00000
124.0 20.79428 14 1.00000
124.1 20.73078 14 1.00000
124.2 20.79304 14 1.00000
124.3 20.79198 14 1.00000
124.4 20.82059 14 1.00000
124.5 20.68404 14 1.00000
124.6 20.67610 14 1.00000
124.7 20.70611 14 1.00000
124.8 20.72852 14 1.00000
124.9 20.79161 14 1.00000
125.0 20.78890 14 1.00000
125.1 20.72647 14 1.00000
125.2 20.78951 14 1.00000
125.3 20.80334 14 1.00000
125.4 20.81177 14 1.00000
125.5 20.83874 14 1.00000
125.6 20.66948 14 1.00000
125.7 20.69961 14 1.00000
125.8 20.72401 14 1.00000
125.9 20.78641 14 1.00000
126.0 20.79470 14 1.00000
126.1 20.72063 14 1.00000
126.2 20.74049 14 1.00000
126.3 20.79351 14 1.00000
126.4 20.80610 14 1.00000
126.5 20.83190 14 1.00000
126.6 20.66022 14 1.00000
126.7 20.69233 14 1.00000
126.8 20.71687 14 1.00000
126.9 20.73756 14 1.00000
127.0 20.79461 14 1.00000
127.1 20.80003 14 1.00000
127.2 20.73591 14 1.00000
127.3 20.79420 14 1.00000
127.4 20.79638 14 1.00000
127.5 20.82347 14 1.00000
127.6 20.68966 14 1.00000
127.7 20.68312 14 1.00000
127.8 20.70872 14 1.00000
127.9 20.73058 14 1.00000
128.0 20.79287 14 1.00000
128.1 20.79131 14 1.00000
128.2 20.72819 14 1.00000
128.3 20.79149 14 1.00000
128.4 20.78868 14 1.00000
128.5 20.81489 14 1.00000
128.6 20.84037 14 1.00000
128.7 20.67140 14 1.00000
128.8 20.70101 14 1.00000
128.9 20.72531 14 1.00000
129.0 20.78747 14 1.00000
129.1 20.79743 14 1.00000
129.2 20.72150 14 1.00000
129.3 20.74104 14 1.00000
129.4 20.79318 14 1.00000
129.5 20.80706 14 1.00000
129.6 20.83265 14 1.00000
129.7 20.66095 14 1.00000
129.8 20.69270 14 1.00000
129.9 20.71700 14 1.00000
130.0 20.73781 14 1.00000
130.1 20.79457 14 1.00000
130.2 20.80023 14 1.00000
130.3 20.73591 14 1.00000
130.4 20.79415 14 1.00000
130.5 20.79496 14 1.00000
130.6 20.82352 14 1.00000
130.7 20.68945 14 1.00000
130.8 20.68272 14 1.00000
130.9 20.70818 14 1.00000
131.0 20.72998 14 1.00000
131.1 20.79263 14 1.00000
131.2 20.79080 14 1.00000
131.3 20.72763 14 1.00000
131.4 20.79017 14 1.00000
131.5 20.80675 14 1.00000
131.6 20.81255 14 1.00000
131.7 20.83956 14 1.00000
131.8 20.67000 14 1.00000
131.9 20.69964 14 1.00000
132.0 20.72291 14 1.00000
132.1 20.74177 14 1.00000
132.2 20.79480 14 1.00000
132.3 20.72021 14 1.00000
132.4 20.73996 14 1.00000
132.5 20.79393 14 1.00000
132.6 20.80393 14 1.00000
132.7 20.82952 14 1.00000
132.8 20.65552 14 1.00000
132.9 20.68843 14 1.00000
133.0 20.71499 14 1.00000
133.1 20.73648 14 1.00000
133.2 20.79426 14 1.00000
133.3 20.79562 14 1.00000
133.4 20.73160 14 1.00000
133.5 20.79329 14 1.00000
133.6 20.79233 14 1.00000
133.7 20.82078 14 1.00000
133.8 20.68376 14 1.00000
133.9 20.67559 14 1.00000
134.0 20.70548 14 1.00000
134.1 20.72768 14 1.00000
134.2 20.79020 14 1.00000
134.3 20.80577 14 1.00000
134.4 20.72505 14 1.00000
134.5 20.78730 14 1.00000
134.6 20.79627 14 1.00000
134.7 20.80908 14 1.00000
134.8 20.83453 14 1.00000
134.9 20.66534 14 1.00000
135.0 20.69485 14 1.00000
135.1 20.71886 14 1.00000
135.2 20.73954 14 1.00000
135.3 20.79413 14 1.00000
135.4 20.80283 14 1.00000
135.5 20.73692 14 1.00000
135.6 20.79444 14 1.00000
135.7 20.79602 14 1.00000
135.8 20.82421 14 1.00000
135.9 20.69025 14 1.00000
136.0 20.68354 14 1.00000
136.1 20.70881 14 1.00000
136.2 20.73043 14 1.00000
136.3 20.79268 14 1.00000
136.4 20.79081 14 1.00000
136.5 20.72756 14 1.00000
136.6 20.79014 14 1.00000
136.7 20.80722 14 1.00000
136.8 20.81221 14 1.00000
136.9 20.83784 14 1.00000
137.0 20.66906 14 1.00000
137.1 20.69915 14 1.00000
137.2 20.72242 14 1.00000
137.3 20.74140 14 1.00000
137.4 20.79578 14 1.00000
137.5 20.80673 14 1.00000
137.6 20.73850 14 1.00000
137.7 20.79425 14 1.00000
137.8 20.80137 14 1.00000
137.9 20.82699 14 1.00000
138.0 20.69401 14 1.00000
138.1 20.68620 14 1.00000
138.2 20.71098 14 1.00000
138.3 20.73336 14 1.00000
138.4 20.79375 14 1.00000
138.5 20.79343 14 1.00000
138.6 20.72949 14 1.00000
138.7 20.79226 14 1.00000
138.8 20.78975 14 1.00000
138.9 20.81598 14 1.00000
139.0 20.84126 14 1.00000
139.1 20.67180 14 1.00000
139.2 20.70116 14 1.00000
139.3 20.72509 14 1.00000
139.4 20.78726 14 1.00000
139.5 20.79682 14 1.00000
139.6 20.72082 14 1.00000
139.7 20.74039 14 1.00000
139.8 20.79377 14 1.00000
139.9 20.80448 14 1.00000
140.0 20.82871 14 1.00000
140.1 20.65572 14 1.00000
140.2 20.68822 14 1.00000
140.3 20.71388 14 1.00000
140.4 20.73632 14 1.00000
140.5 20.79415 14 1.00000
140.6 20.79524 14 1.00000
140.7 20.73086 14 1.00000
140.8 20.79296 14 1.00000
140.9 20.79130 14 1.00000
141.0 20.81721 14 1.00000
141.1 20.84261 14 1.00000
141.2 20.67375 14 1.00000
141.3 20.70266 14 1.00000
141.4 20.72613 14 1.00000
141.5 20.78824 14 1.00000
141.6 20.79961 14 1.00000
141.7 20.72235 14 1.00000
141.8 20.74114 14 1.00000
141.9 20.79329 14 1.00000
142.0 20.80667 14 1.00000
142.1 20.83074 14 1.00000
142.2 20.65713 14 1.00000
142.3 20.68961 14 1.00000
142.4 20.71592 14 1.00000
142.5 20.73696 14 1.00000
142.6 20.79439 14 1.00000
142.7 20.79592 14 1.00000
142.8 20.73148 14 1.00000
142.9 20.79335 14 1.00000
143.0 20.79214 14 1.00000
143.1 20.81912 14 1.00000
143.2 20.84316 14 1.00000
143.3 20.67459 14 1.00000
143.4 20.70469 14 1.00000
143.5 20.72685 14 1.00000
143.6 20.78867 14 1.00000
143.7 20.80106 14 1.00000
143.8 20.72266 14 1.00000
143.9 20.74151 14 1.00000
144.0 20.79570 14 1.00000
144.1 20.80720 14 1.00000
144.2 20.83114 14 1.00000
144.3 20.65750 14 1.00000
144.4 20.68977 14 1.00000
144.5 20.71645 14 1.00000
144.6 20.73726 14 1.00000
144.7 20.79445 14 1.00000
144.8 20.79612 14 1.00000
144.9 20.73154 14 1.00000
145.0 20.79343 14 1.00000
145.1 20.79254 14 1.00000
145.2 20.81938 14 1.00000
145.3 20.84330 14 1.00000
145.4 20.67428 14 1.00000
145.5 20.70458 14 1.00000
145.6 20.72677 14 1.00000
145.7 20.78881 14 1.00000
145.8 20.80129 14 1.00000
145.9 20.72261 14 1.00000
146.0 20.74133 14 1.00000
146.1 20.79312 14 1.00000
146.2 20.80734 14 1.00000
146.3 20.83116 14 1.00000
146.4 20.65735 14 1.00000
146.5 20.68952 14 1.00000
146.6 20.71505 14 1.00000
146.7 20.73713 14 1.00000
146.8 20.79439 14 1.00000
146.9 20.79596 14 1.00000
147.0 20.73133 14 1.00000
147.1 20.79328 14 1.00000
147.2 20.79200 14 1.00000
147.3 20.81809 14 1.00000
147.4 20.84311 14 1.00000
147.5 20.67375 14 1.00000
147.6 20.70296 14 1.00000
147.7 20.72631 14 1.00000
147.8 20.78853 14 1.00000
147.9 20.80058 14 1.00000
148.0 20.72220 14 1.00000
148.1 20.74105 14 1.00000
148.2 20.79341 14 1.00000
148.3 20.80545 14 1.00000
148.4 20.82945 14 1.00000
148.5 20.65683 14 1.00000
148.6 20.68884 14 1.00000
148.7 20.71447 14 1.00000
148.8 20.73662 14 1.00000
148.9 20.79421 14 1.00000
149.0 20.79555 14 1.00000
149.1 20.73092 14 1.00000
149.2 20.79301 14 1.00000
149.3 20.79107 14 1.00000
149.4 20.81720 14 1.00000
149.5 20.84240 14 1.00000
149.6 20.67311 14 1.00000
149.7 20.70217 14 1.00000
149.8 20.72460 14 1.00000
149.9 20.78683 14 1.00000
150.0 20.79465 14 1.00000
150.1 20.72151 14 1.00000
150.2 20.74066 14 1.00000
150.3 20.79373 14 1.00000
150.4 20.80453 14 1.00000
150.5 20.82843 14 1.00000
150.6 20.69626 14 1.00000
150.7 20.68812 14 1.00000
150.8 20.71208 14 1.00000
150.9 20.73321 14 1.00000
151.0 20.79392 14 1.00000
151.1 20.79436 14 1.00000
151.2 20.73006 14 1.00000
151.3 20.79266 14 1.00000
151.4 20.78883 14 1.00000
151.5 20.81437 14 1.00000
151.6 20.84126 14 1.00000
151.7 20.67144 14 1.00000
151.8 20.70139 14 1.00000
151.9 20.72383 14 1.00000
152.0 20.74230 14 1.00000
152.1 20.79527 14 1.00000
152.2 20.80771 14 1.00000
152.3 20.73929 14 1.00000
152.4 20.79463 14 1.00000
152.5 20.80066 14 1.00000
152.6 20.82733 14 1.00000
152.7 20.69429 14 1.00000
152.8 20.68651 14 1.00000
152.9 20.71127 14 1.00000
153.0 20.73230 14 1.00000
153.1 20.79351 14 1.00000
153.2 20.79297 14 1.00000
153.3 20.72890 14 1.00000
153.4 20.79108 14 1.00000
153.5 20.81207 14 1.00000
153.6 20.81318 14 1.00000
153.7 20.83878 14 1.00000
153.8 20.66970 14 1.00000
153.9 20.69873 14 1.00000
154.0 20.72278 14 1.00000
154.1 20.74133 14 1.00000
154.2 20.79578 14 1.00000
154.3 20.80527 14 1.00000
154.4 20.73833 14 1.00000
154.5 20.79465 14 1.00000
154.6 20.79975 14 1.00000
154.7 20.82610 14 1.00000
154.8 20.69202 14 1.00000
154.9 20.68505 14 1.00000
155.0 20.70948 14 1.00000
155.1 20.73133 14 1.00000
155.2 20.79309 14 1.00000
155.3 20.79151 14 1.00000
155.4 20.72786 14 1.00000
155.5 20.78943 14 1.00000
155.6 20.80602 14 1.00000
155.7 20.81217 14 1.00000
155.8 20.83767 14 1.00000
155.9 20.66818 14 1.00000
156.0 20.69682 14 1.00000
156.1 20.72025 14 1.00000
156.2 20.73988 14 1.00000
156.3 20.79348 14 1.00000
156.4 20.80280 14 1.00000
156.5 20.73747 14 1.00000
156.6 20.79450 14 1.00000
156.7 20.79644 14 1.00000
156.8 20.82480 14 1.00000
156.9 20.68889 14 1.00000
157.0 20.67944 14 1.00000
157.1 20.70819 14 1.00000
157.2 20.73019 14 1.00000
157.3 20.79175 14 1.00000
157.4 20.78854 14 1.00000
157.5 20.72691 14 1.00000
157.6 20.78836 14 1.00000
157.7 20.79781 14 1.00000
157.8 20.81036 14 1.00000
157.9 20.83617 14 1.00000
158.0 20.66511 14 1.00000
158.1 20.69405 14 1.00000
158.2 20.71898 14 1.00000
158.3 20.73899 14 1.00000
158.4 20.79464 14 1.00000
158.5 20.80056 14 1.00000
158.6 20.73396 14 1.00000
158.7 20.79424 14 1.00000
158.8 20.79509 14 1.00000
158.9 20.82338 14 1.00000
159.0 20.68718 14 1.00000
159.1 20.67827 14 1.00000
159.2 20.70698 14 1.00000
159.3 20.72878 14 1.00000
159.4 20.79024 14 1.00000
159.5 20.80974 14 1.00000
159.6 20.72473 14 1.00000
159.7 20.78672 14 1.00000
159.8 20.79465 14 1.00000
159.9 20.80911 14 1.00000
160.0 20.83306 14 1.00000
160.1 20.66056 14 1.00000
160.2 20.69186 14 1.00000
160.3 20.71805 14 1.00000
160.4 20.73805 14 1.00000
160.5 20.79464 14 1.00000
160.6 20.79805 14 1.00000
160.7 20.73278 14 1.00000
160.8 20.79400 14 1.00000
160.9 20.79370 14 1.00000
161.0 20.81961 14 1.00000
161.1 20.84479 14 1.00000
161.2 20.67610 14 1.00000
161.3 20.70618 14 1.00000
161.4 20.72792 14 1.00000
161.5 20.78957 14 1.00000
161.6 20.80527 14 1.00000
161.7 20.72367 14 1.00000
161.8 20.74207 14 1.00000
161.9 20.79536 14 1.00000
162.0 20.80702 14 1.00000
162.1 20.83089 14 1.00000
162.2 20.65863 14 1.00000
162.3 20.69048 14 1.00000
162.4 20.71636 14 1.00000
162.5 20.73752 14 1.00000
162.6 20.79450 14 1.00000
162.7 20.79669 14 1.00000
162.8 20.73194 14 1.00000
162.9 20.79372 14 1.00000
163.0 20.79288 14 1.00000
163.1 20.81884 14 1.00000
163.2 20.84393 14 1.00000
163.3 20.67445 14 1.00000
163.4 20.70382 14 1.00000
163.5 20.72749 14 1.00000
163.6 20.78899 14 1.00000
163.7 20.79901 14 1.00000
163.8 20.72263 14 1.00000
163.9 20.74154 14 1.00000
164.0 20.79565 14 1.00000
164.1 20.80653 14 1.00000
164.2 20.83030 14 1.00000
164.3 20.65768 14 1.00000
164.4 20.68962 14 1.00000
164.5 20.71553 14 1.00000
164.6 20.73750 14 1.00000
164.7 20.79443 14 1.00000
164.8 20.79612 14 1.00000
164.9 20.73133 14 1.00000
165.0 20.79345 14 1.00000
165.1 20.79234 14 1.00000
165.2 20.81854 14 1.00000
165.3 20.84321 14 1.00000
165.4 20.67370 14 1.00000
165.5 20.70322 14 1.00000
165.6 20.72561 14 1.00000
165.7 20.78889 14 1.00000
165.8 20.79831 14 1.00000
165.9 20.81049 14 1.00000
166.0 20.74128 14 1.00000
166.1 20.79584 14 1.00000
166.2 20.80621 14 1.00000
166.3 20.83022 14 1.00000
166.4 20.65581 14 1.00000
166.5 20.68918 14 1.00000
166.6 20.71354 14 1.00000
166.7 20.73534 14 1.00000
166.8 20.79445 14 1.00000
166.9 20.79610 14 1.00000
167.0 20.73124 14 1.00000
167.1 20.79336 14 1.00000
167.2 20.79071 14 1.00000
167.3 20.81720 14 1.00000
167.4 20.84336 14 1.00000
167.5 20.67376 14 1.00000
167.6 20.70317 14 1.00000
167.7 20.72548 14 1.00000
167.8 20.78786 14 1.00000
167.9 20.79926 14 1.00000
168.0 20.81072 14 1.00000
168.1 20.74136 14 1.00000
168.2 20.79583 14 1.00000
168.3 20.80614 14 1.00000
168.4 20.83039 14 1.00000
168.5 20.65799 14 1.00000
168.6 20.68952 14 1.00000
168.7 20.71374 14 1.00000
168.8 20.73457 14 1.00000
168.9 20.79445 14 1.00000
169.0 20.79672 14 1.00000
169.1 20.73163 14 1.00000
169.2 20.79352 14 1.00000
169.3 20.79103 14 1.00000
169.4 20.81741 14 1.00000
169.5 20.84413 14 1.00000
169.6 20.67474 14 1.00000
169.7 20.70377 14 1.00000
169.8 20.72590 14 1.00000
169.9 20.78815 14 1.00000
170.0 20.80018 14 1.00000
170.1 20.81190 14 1.00000
170.2 20.74182 14 1.00000
170.3 20.79558 14 1.00000
170.4 20.80675 14 1.00000
170.5 20.83089 14 1.00000
170.6 20.65901 14 1.00000
170.7 20.69073 14 1.00000
170.8 20.71621 14 1.00000
170.9 20.73758 14 1.00000
171.0 20.79455 14 1.00000
171.1 20.79736 14 1.00000
171.2 20.73265 14 1.00000
171.3 20.79390 14 1.00000
171.4 20.79338 14 1.00000
171.5 20.81959 14 1.00000
171.6 20.84495 14 1.00000
171.7 20.67636 14 1.00000
171.8 20.70520 14 1.00000
171.9 20.72821 14 1.00000
172.0 20.78991 14 1.00000
172.1 20.80793 14 1.00000
172.2 20.81323 14 1.00000
172.3 20.78656 14 1.00000
172.4 20.79490 14 1.00000
172.5 20.80928 14 1.00000
172.6 20.83330 14 1.00000
172.7 20.66057 14 1.00000
172.8 20.69266 14 1.00000
172.9 20.71879 14 1.00000
173.0 20.73862 14 1.00000
173.1 20.79465 14 1.00000
173.2 20.79912 14 1.00000
173.3 20.73363 14 1.00000
173.4 20.79438 14 1.00000
173.5 20.79569 14 1.00000
173.6 20.82274 14 1.00000
173.7 20.68793 14 1.00000
173.8 20.67887 14 1.00000
173.9 20.70857 14 1.00000
174.0 20.72996 14 1.00000
174.1 20.79180 14 1.00000
174.2 20.78851 14 1.00000
174.3 20.72618 14 1.00000
174.4 20.78824 14 1.00000
174.5 20.80151 14 1.00000
174.6 20.81148 14 1.00000
174.7 20.83715 14 1.00000
174.8 20.66661 14 1.00000
174.9 20.69727 14 1.00000
175.0 20.72115 14 1.00000
175.1 20.74035 14 1.00000
175.2 20.79324 14 1.00000
175.3 20.80253 14 1.00000
175.4 20.73860 14 1.00000
175.5 20.79465 14 1.00000
175.6 20.79844 14 1.00000
175.7 20.82650 14 1.00000
175.8 20.69131 14 1.00000
175.9 20.68389 14 1.00000
176.0 20.71078 14 1.00000
176.1 20.73266 14 1.00000
176.2 20.79363 14 1.00000
176.3 20.79325 14 1.00000
176.4 20.72974 14 1.00000
176.5 20.79180 14 1.00000
176.6 20.78947 14 1.00000
176.7 20.81490 14 1.00000
176.8 20.84036 14 1.00000
176.9 20.67230 14 1.00000
177.0 20.70235 14 1.00000
177.1 20.72533 14 1.00000
177.2 20.78734 14 1.00000
177.3 20.79562 14 1.00000
177.4 20.80976 14 1.00000
177.5 20.74061 14 1.00000
177.6 20.79565 14 1.00000
177.7 20.80696 14 1.00000
177.8 20.83078 14 1.00000
177.9 20.65683 14 1.00000
178.0 20.69016 14 1.00000
178.1 20.71651 14 1.00000
178.2 20.73830 14 1.00000
178.3 20.79463 14 1.00000
178.4 20.79782 14 1.00000
178.5 20.73276 14 1.00000
178.6 20.79414 14 1.00000
178.7 20.79586 14 1.00000
178.8 20.82246 14 1.00000
178.9 20.84628 14 1.00000
179.0 20.67801 14 1.00000
179.1 20.70775 14 1.00000
179.2 20.73005 14 1.00000
179.3 20.79213 14 1.00000
179.4 20.78892 14 1.00000
179.5 20.81551 14 1.00000
179.6 20.78822 14 1.00000
179.7 20.80295 14 1.00000
179.8 20.81279 14 1.00000
179.9 20.83822 14 1.00000
180.0 20.66923 14 1.00000
180.1 20.69793 14 1.00000
180.2 20.72183 14 1.00000
180.3 20.74218 14 1.00000
180.4 20.79529 14 1.00000
180.5 20.80535 14 1.00000
180.6 20.73946 14 1.00000
180.7 20.79459 14 1.00000
180.8 20.80247 14 1.00000
180.9 20.82940 14 1.00000
181.0 20.69684 14 1.00000
181.1 20.68876 14 1.00000
181.2 20.71356 14 1.00000
181.3 20.73481 14 1.00000
181.4 20.79457 14 1.00000
181.5 20.79707 14 1.00000
181.6 20.73201 14 1.00000
181.7 20.79386 14 1.00000
181.8 20.79390 14 1.00000
181.9 20.82109 14 1.00000
182.0 20.84600 14 1.00000
182.1 20.67709 14 1.00000
182.2 20.70607 14 1.00000
182.3 20.72953 14 1.00000
182.4 20.79228 14 1.00000
182.5 20.78911 14 1.00000
182.6 20.81524 14 1.00000
182.7 20.78817 14 1.00000
182.8 20.80233 14 1.00000
182.9 20.81351 14 1.00000
183.0 20.83886 14 1.00000
183.1 20.66987 14 1.00000
183.2 20.69847 14 1.00000
183.3 20.72207 14 1.00000
183.4 20.74227 14 1.00000
183.5 20.79469 14 1.00000
183.6 20.80796 14 1.00000
183.7 20.74008 14 1.00000
183.8 20.79449 14 1.00000
183.9 20.80311 14 1.00000
184.0 20.83132 14 1.00000
184.1 20.65723 14 1.00000
184.2 20.69021 14 1.00000
184.3 20.71470 14 1.00000
184.4 20.73824 14 1.00000
184.5 20.79461 14 1.00000
184.6 20.79940 14 1.00000
184.7 20.73349 14 1.00000
184.8 20.79431 14 1.00000
184.9 20.79636 14 1.00000
185.0 20.82626 14 1.00000
185.1 20.69049 14 1.00000
185.2 20.68048 14 1.00000
185.3 20.70948 14 1.00000
185.4 20.73187 14 1.00000
185.5 20.79398 14 1.00000
185.6 20.79404 14 1.00000
185.7 20.73005 14 1.00000
185.8 20.79093 14 1.00000
185.9 20.78924 14 1.00000
186.0 20.81633 14 1.00000
186.1 20.84414 14 1.00000
186.2 20.67457 14 1.00000
186.3 20.70376 14 1.00000
186.4 20.72650 14 1.00000
186.5 20.78997 14 1.00000
186.6 20.81236 14 1.00000
186.7 20.81418 14 1.00000
186.8 20.78710 14 1.00000
186.9 20.79788 14 1.00000
187.0 20.81132 14 1.00000
187.1 20.83864 14 1.00000
187.2 20.66788 14 1.00000
187.3 20.69640 14 1.00000
187.4 20.72148 14 1.00000
187.5 20.74114 14 1.00000
187.6 20.79551 14 1.00000
187.7 20.80828 14 1.00000
187.8 20.74018 14 1.00000
187.9 20.79448 14 1.00000
188.0 20.80297 14 1.00000
188.1 20.83247 14 1.00000
188.2 20.66017 14 1.00000
188.3 20.69126 14 1.00000
188.4 20.71697 14 1.00000
188.5 20.73860 14 1.00000
188.6 20.79411 14 1.00000
188.7 20.80226 14 1.00000
188.8 20.73495 14 1.00000
188.9 20.79455 14 1.00000
189.0 20.79765 14 1.00000
189.1 20.82880 14 1.00000
189.2 20.69516 14 1.00000
189.3 20.68792 14 1.00000
189.4 20.71150 14 1.00000
189.5 20.73338 14 1.00000
189.6 20.79465 14 1.00000
189.7 20.79799 14 1.00000
189.8 20.73246 14 1.00000
189.9 20.79395 14 1.00000
190.0 20.79389 14 1.00000
190.1 20.82307 14 1.00000
190.2 20.69028 14 1.00000
190.3 20.68009 14 1.00000
190.4 20.70886 14 1.00000
190.5 20.73063 14 1.00000
190.6 20.79296 14 1.00000
190.7 20.79481 14 1.00000
190.8 20.73050 14 1.00000
190.9 20.79116 14 1.00000
191.0 20.78909 14 1.00000
191.1 20.81635 14 1.00000
191.2 20.84610 14 1.00000
191.3 20.67646 14 1.00000
191.4 20.70538 14 1.00000
191.5 20.72845 14 1.00000
191.6 20.79092 14 1.00000
191.7 20.79087 14 1.00000
191.8 20.81693 14 1.00000
191.9 20.78888 14 1.00000
192.0 20.80466 14 1.00000
192.1 20.81386 14 1.00000
192.2 20.84400 14 1.00000
192.3 20.67400 14 1.00000
192.4 20.70320 14 1.00000
192.5 20.72527 14 1.00000
192.6 20.78825 14 1.00000
192.7 20.78920 14 1.00000
192.8 20.81495 14 1.00000
192.9 20.78751 14 1.00000
193.0 20.79885 14 1.00000
193.1 20.81145 14 1.00000
193.2 20.84096 14 1.00000
193.3 20.67229 14 1.00000
193.4 20.70025 14 1.00000
193.5 20.72296 14 1.00000
193.6 20.78662 14 1.00000
193.7 20.81215 14 1.00000
193.8 20.81334 14 1.00000
193.9 20.78629 14 1.00000
194.0 20.79497 14 1.00000
194.1 20.81048 14 1.00000
194.2 20.83973 14 1.00000
194.3 20.67046 14 1.00000
194.4 20.69843 14 1.00000
194.5 20.72181 14 1.00000
194.6 20.74143 14 1.00000
194.7 20.80532 14 1.00000
194.8 20.81223 14 1.00000
194.9 20.74134 14 1.00000
195.0 20.79554 14 1.00000
195.1 20.80838 14 1.00000
195.2 20.83914 14 1.00000
195.3 20.66816 14 1.00000
195.4 20.69636 14 1.00000
195.5 20.72109 14 1.00000
195.6 20.74122 14 1.00000
195.7 20.80393 14 1.00000
195.8 20.81124 14 1.00000
195.9 20.74108 14 1.00000
196.0 20.79391 14 1.00000
196.1 20.80823 14 1.00000
196.2 20.83896 14 1.00000
196.3 20.66789 14 1.00000
196.4 20.69489 14 1.00000
196.5 20.72084 14 1.00000
196.6 20.74125 14 1.00000
196.7 20.80401 14 1.00000
196.8 20.81123 14 1.00000
196.9 20.74105 14 1.00000
197.0 20.79393 14 1.00000
197.1 20.80849 14 1.00000
197.2 20.83919 14 1.00000
197.3 20.66814 14 1.00000
197.4 20.69628 14 1.00000
197.5 20.72097 14 1.00000
197.6 20.74152 14 1.00000
197.7 20.80558 14 1.00000
197.8 20.81208 14 1.00000
197.9 20.74128 14 1.00000
198.0 20.79547 14 1.00000
198.1 20.81070 14 1.00000
198.2 20.83984 14 1.00000
198.3 20.67043 14 1.00000
198.4 20.69689 14 1.00000
198.5 20.72189 14 1.00000
198.6 20.78684 14 1.00000
198.7 20.81227 14 1.00000
198.8 20.81332 14 1.00000
198.9 20.74238 14 1.00000
199.0 20.79474 14 1.00000
199.1 20.81182 14 1.00000
199.2 20.84114 14 1.00000
199.3 20.67186 14 1.00000
199.4 20.69945 14 1.00000
199.5 20.72460 14 1.00000
199.6 20.78857 14 1.00000
199.7 20.78944 14 1.00000
199.8 20.81497 14 1.00000
199.9 20.78736 14 1.00000
200.0 20.80084 14 1.00000
200.1 20.81440 14 1.00000
200.2 20.84429 14 1.00000
200.3 20.67405 14 1.00000
200.4 20.70213 14 1.00000
200.5 20.72639 14 1.00000
200.6 20.79130 14 1.00000
200.7 20.79125 14 1.00000
200.8 20.81701 14 1.00000
200.9 20.78924 14 1.00000
201.0 20.81247 14 1.00000
201.1 20.81711 14 1.00000
201.2 20.84654 14 1.00000
201.3 20.67646 14 1.00000
201.4 20.70592 14 1.00000
201.5 20.73005 14 1.00000
201.6 20.79333 14 1.00000
201.7 20.79537 14 1.00000
201.8 20.82125 14 1.00000
201.9 20.79186 14 1.00000
202.0 20.79144 14 1.00000
202.1 20.82585 14 1.00000
202.2 20.69114 14 1.00000
202.3 20.68081 14 1.00000
202.4 20.71028 14 1.00000
202.5 20.73292 14 1.00000
202.6 20.79463 14 1.00000
202.7 20.79879 14 1.00000
202.8 20.73328 14 1.00000
202.9 20.79439 14 1.00000
203.0 20.79724 14 1.00000
203.1 20.83058 14 1.00000
203.2 20.69672 14 1.00000
203.3 20.68960 14 1.00000
203.4 20.71428 14 1.00000
203.5 20.73697 14 1.00000
203.6 20.79528 14 1.00000
203.7 20.80372 14 1.00000
203.8 20.73920 14 1.00000
203.9 20.79461 14 1.00000
204.0 20.80304 14 1.00000
204.1 20.83536 14 1.00000
204.2 20.66276 14 1.00000
204.3 20.69364 14 1.00000
204.4 20.72053 14 1.00000
204.5 20.74133 14 1.00000
204.6 20.80498 14 1.00000
204.7 20.81244 14 1.00000
204.8 20.74178 14 1.00000
204.9 20.79481 14 1.00000
205.0 20.81194 14 1.00000
205.1 20.84180 14 1.00000
205.2 20.67375 14 1.00000
205.3 20.70211 14 1.00000
205.4 20.72598 14 1.00000
205.5 20.79134 14 1.00000
205.6 20.79156 14 1.00000
205.7 20.81802 14 1.00000
205.8 20.79073 14 1.00000
205.9 20.78932 14 1.00000
206.0 20.81969 14 1.00000
206.1 20.69035 14 1.00000
206.2 20.68016 14 1.00000
206.3 20.70973 14 1.00000
206.4 20.73223 14 1.00000
206.5 20.79462 14 1.00000
206.6 20.79949 14 1.00000
206.7 20.73372 14 1.00000
206.8 20.79447 14 1.00000
206.9 20.79800 14 1.00000
207.0 20.83226 14 1.00000
207.1 20.65820 14 1.00000
207.2 20.69122 14 1.00000
207.3 20.71592 14 1.00000
207.4 20.74001 14 1.00000
207.5 20.79847 14 1.00000
207.6 20.80951 14 1.00000
207.7 20.74098 14 1.00000
207.8 20.79356 14 1.00000
207.9 20.81146 14 1.00000
208.0 20.84126 14 1.00000
208.1 20.67260 14 1.00000
208.2 20.70142 14 1.00000
208.3 20.72594 14 1.00000
208.4 20.79147 14 1.00000
208.5 20.79173 14 1.00000
208.6 20.81812 14 1.00000
208.7 20.79096 14 1.00000
208.8 20.79098 14 1.00000
208.9 20.82225 14 1.00000
209.0 20.69150 14 1.00000
209.1 20.68174 14 1.00000
209.2 20.71123 14 1.00000
209.3 20.73435 14 1.00000
209.4 20.79406 14 1.00000
209.5 20.80136 14 1.00000
209.6 20.73519 14 1.00000
209.7 20.79465 14 1.00000
209.8 20.80132 14 1.00000
209.9 20.83578 14 1.00000
210.0 20.66358 14 1.00000
210.1 20.69488 14 1.00000
210.2 20.72208 14 1.00000
210.3 20.78714 14 1.00000
210.4 20.78893 14 1.00000
210.5 20.81564 14 1.00000
210.6 20.78877 14 1.00000
210.7 20.80796 14 1.00000
210.8 20.81676 14 1.00000
210.9 20.84733 14 1.00000
211.0 20.67888 14 1.00000
211.1 20.70961 14 1.00000
211.2 20.73191 14 1.00000
211.3 20.79459 14 1.00000
211.4 20.80034 14 1.00000
211.5 20.73444 14 1.00000
211.6 20.79463 14 1.00000
211.7 20.79972 14 1.00000
211.8 20.83381 14 1.00000
211.9 20.66293 14 1.00000
212.0 20.69395 14 1.00000
212.1 20.72157 14 1.00000
212.2 20.78693 14 1.00000
212.3 20.78896 14 1.00000
212.4 20.81563 14 1.00000
212.5 20.78873 14 1.00000
212.6 20.78846 14 1.00000
212.7 20.81768 14 1.00000
212.8 20.84783 14 1.00000
212.9 20.67958 14 1.00000
213.0 20.71003 14 1.00000
213.1 20.73316 14 1.00000
213.2 20.79413 14 1.00000
213.3 20.80138 14 1.00000
213.4 20.73515 14 1.00000
213.5 20.79465 14 1.00000
213.6 20.80336 14 1.00000
213.7 20.83651 14 1.00000
213.8 20.66681 14 1.00000
213.9 20.69777 14 1.00000
214.0 20.72403 14 1.00000
214.1 20.78941 14 1.00000
214.2 20.79111 14 1.00000
214.3 20.81797 14 1.00000
214.4 20.79128 14 1.00000
214.5 20.79179 14 1.00000
214.6 20.82659 14 1.00000
214.7 20.69310 14 1.00000
214.8 20.68903 14 1.00000
214.9 20.71378 14 1.00000
215.0 20.73916 14 1.00000
215.1 20.79627 14 1.00000
215.2 20.80889 14 1.00000
215.3 20.74134 14 1.00000
215.4 20.79476 14 1.00000
215.5 20.81317 14 1.00000
215.6 20.84324 14 1.00000
215.7 20.67600 14 1.00000
215.8 20.70623 14 1.00000
215.9 20.73060 14 1.00000
216.0 20.79446 14 1.00000
216.1 20.79938 14 1.00000
216.2 20.73400 14 1.00000
216.3 20.79462 14 1.00000
216.4 20.79977 14 1.00000
216.5 20.83561 14 1.00000
216.6 20.66408 14 1.00000
216.7 20.69550 14 1.00000
216.8 20.72290 14 1.00000
216.9 20.78878 14 1.00000
217.0 20.79095 14 1.00000
217.1 20.81811 14 1.00000
217.2 20.79133 14 1.00000
217.3 20.79218 14 1.00000
217.4 20.82905 14 1.00000
217.5 20.69430 14 1.00000
217.6 20.68999 14 1.00000
217.7 20.71594 14 1.00000
217.8 20.74031 14 1.00000
217.9 20.80179 14 1.00000
218.0 20.81213 14 1.00000
218.1 20.78715 14 1.00000
218.2 20.80305 14 1.00000
218.3 20.81679 14 1.00000
218.4 20.84755 14 1.00000
218.5 20.67990 14 1.00000
218.6 20.71098 14 1.00000
218.7 20.73425 14 1.00000
218.8 20.79371 14 1.00000
218.9 20.80453 14 1.00000
219.0 20.74055 14 1.00000
219.1 20.79362 14 1.00000
219.2 20.81179 14 1.00000
219.3 20.84273 14 1.00000
219.4 20.67586 14 1.00000
219.5 20.70639 14 1.00000
219.6 20.73104 14 1.00000
219.7 20.79464 14 1.00000
219.8 20.80029 14 1.00000
219.9 20.73501 14 1.00000
220.0 20.79465 14 1.00000
220.1 20.80397 14 1.00000
220.2 20.83978 14 1.00000
220.3 20.67187 14 1.00000
220.4 20.70210 14 1.00000
220.5 20.72772 14 1.00000
220.6 20.79346 14 1.00000
220.7 20.79820 14 1.00000
220.8 20.82528 14 1.00000
220.9 20.79456 14 1.00000
221.0 20.79936 14 1.00000
221.1 20.83582 14 1.00000
221.2 20.66426 14 1.00000
221.3 20.69782 14 1.00000
221.4 20.72556 14 1.00000
221.5 20.79165 14 1.00000
221.6 20.79253 14 1.00000
221.7 20.82266 14 1.00000
221.8 20.79385 14 1.00000
221.9 20.79804 14 1.00000
222.0 20.83269 14 1.00000
222.1 20.66298 14 1.00000
222.2 20.69485 14 1.00000
222.3 20.72317 14 1.00000
222.4 20.78893 14 1.00000
222.5 20.79178 14 1.00000
222.6 20.82194 14 1.00000
222.7 20.79321 14 1.00000
222.8 20.79658 14 1.00000
222.9 20.83191 14 1.00000
223.0 20.66194 14 1.00000
223.1 20.69423 14 1.00000
223.2 20.72276 14 1.00000
223.3 20.78882 14 1.00000
223.4 20.79160 14 1.00000
223.5 20.82174 14 1.00000
223.6 20.79313 14 1.00000
223.7 20.79670 14 1.00000
223.8 20.83202 14 1.00000
223.9 20.66205 14 1.00000
224.0 20.69479 14 1.00000
224.1 20.72309 14 1.00000
224.2 20.78908 14 1.00000
224.3 20.79198 14 1.00000
224.4 20.82243 14 1.00000
224.5 20.79375 14 1.00000
224.6 20.79805 14 1.00000
224.7 20.83299 14 1.00000
224.8 20.66374 14 1.00000
224.9 20.69769 14 1.00000
225.0 20.72439 14 1.00000
225.1 20.79138 14 1.00000
225.2 20.79621 14 1.00000
225.3 20.82499 14 1.00000
225.4 20.79455 14 1.00000
225.5 20.79927 14 1.00000
225.6 20.83632 14 1.00000
225.7 20.66942 14 1.00000
225.8 20.70072 14 1.00000
225.9 20.72747 14 1.00000
226.0 20.79358 14 1.00000
226.1 20.79911 14 1.00000
226.2 20.82840 14 1.00000
226.3 20.79464 14 1.00000
226.4 20.80410 14 1.00000
226.5 20.84047 14 1.00000
226.6 20.67438 14 1.00000
226.7 20.70580 14 1.00000
226.8 20.73153 14 1.00000
226.9 20.79456 14 1.00000
227.0 20.80172 14 1.00000
227.1 20.73969 14 1.00000
227.2 20.79356 14 1.00000
227.3 20.81317 14 1.00000
227.4 20.84560 14 1.00000
227.5 20.67807 14 1.00000
227.6 20.71055 14 1.00000
227.7 20.73492 14 1.00000
227.8 20.79527 14 1.00000
227.9 20.80933 14 1.00000
228.0 20.74204 14 1.00000
228.1 20.80158 14 1.00000
228.2 20.81840 14 1.00000
228.3 20.69256 14 1.00000
228.4 20.68472 14 1.00000
228.5 20.71524 14 1.00000
228.6 20.74078 14 1.00000
228.7 20.81166 14 1.00000
228.8 20.81681 14 1.00000
228.9 20.79124 14 1.00000
229.0 20.79320 14 1.00000
229.1 20.83051 14 1.00000
229.2 20.65985 14 1.00000
229.3 20.69487 14 1.00000
229.4 20.72338 14 1.00000
229.5 20.79001 14 1.00000
229.6 20.79648 14 1.00000
229.7 20.82552 14 1.00000
229.8 20.79465 14 1.00000
229.9 20.80131 14 1.00000
230.0 20.84007 14 1.00000
230.1 20.67461 14 1.00000
230.2 20.70595 14 1.00000
230.3 20.73211 14 1.00000
230.4 20.79406 14 1.00000
230.5 20.80424 14 1.00000
230.6 20.74106 14 1.00000
230.7 20.79677 14 1.00000
230.8 20.81703 14 1.00000
230.9 20.69077 14 1.00000
231.0 20.68294 14 1.00000
231.1 20.71440 14 1.00000
231.2 20.74067 14 1.00000
231.3 20.81072 14 1.00000
231.4 20.81721 14 1.00000
231.5 20.79145 14 1.00000
231.6 20.79425 14 1.00000
231.7 20.83188 14 1.00000
231.8 20.66345 14 1.00000
231.9 20.69836 14 1.00000
232.0 20.72616 14 1.00000
232.1 20.79368 14 1.00000
232.2 20.79967 14 1.00000
232.3 20.82951 14 1.00000
232.4 20.79402 14 1.00000
232.5 20.81245 14 1.00000
232.6 20.84580 14 1.00000
232.7 20.67860 14 1.00000
232.8 20.71166 14 1.00000
232.9 20.73755 14 1.00000
233.0 20.80161 14 1.00000
233.1 20.81478 14 1.00000
233.2 20.78935 14 1.00000
233.3 20.79241 14 1.00000
233.4 20.83035 14 1.00000
233.5 20.66040 14 1.00000
233.6 20.69783 14 1.00000
233.7 20.72571 14 1.00000
233.8 20.79360 14 1.00000
233.9 20.79941 14 1.00000
234.0 20.82954 14 1.00000
234.1 20.79410 14 1.00000
234.2 20.81276 14 1.00000
234.3 20.84640 14 1.00000
234.4 20.67928 14 1.00000
234.5 20.71279 14 1.00000
234.6 20.73979 14 1.00000
234.7 20.80860 14 1.00000
234.8 20.81730 14 1.00000
234.9 20.79148 14 1.00000
235.0 20.79618 14 1.00000
235.1 20.83314 14 1.00000
235.2 20.66579 14 1.00000
235.3 20.70285 14 1.00000
235.4 20.72998 14 1.00000
235.5 20.79452 14 1.00000
235.6 20.80257 14 1.00000
235.7 20.74112 14 1.00000
235.8 20.79949 14 1.00000
235.9 20.81831 14 1.00000
236.0 20.69353 14 1.00000
236.1 20.69082 14 1.00000
236.2 20.71944 14 1.00000
236.3 20.78819 14 1.00000
236.4 20.79246 14 1.00000
236.5 20.82565 14 1.00000
236.6 20.79466 14 1.00000
236.7 20.80468 14 1.00000
236.8 20.84336 14 1.00000
236.9 20.67750 14 1.00000
237.0 20.71141 14 1.00000
237.1 20.73627 14 1.00000
237.2 20.80399 14 1.00000
237.3 20.81700 14 1.00000
237.4 20.79038 14 1.00000
237.5 20.79646 14 1.00000
237.6 20.83339 14 1.00000
237.7 20.66982 14 1.00000
237.8 20.70551 14 1.00000
237.9 20.73171 14 1.00000
238.0 20.79387 14 1.00000
238.1 20.80545 14 1.00000
238.2 20.74229 14 1.00000
238.3 20.78971 14 1.00000
238.4 20.82506 14 1.00000
238.5 20.65826 14 1.00000
238.6 20.69481 14 1.00000
238.7 20.72465 14 1.00000
238.8 20.79387 14 1.00000
238.9 20.80011 14 1.00000
239.0 20.73999 14 1.00000
239.1 20.79684 14 1.00000
239.2 20.81729 14 1.00000
239.3 20.69341 14 1.00000
239.4 20.69126 14 1.00000
239.5 20.71985 14 1.00000
239.6 20.78961 14 1.00000
239.7 20.79676 14 1.00000
239.8 20.82888 14 1.00000
239.9 20.79416 14 1.00000
240.0 20.81355 14 1.00000
240.1 20.84794 14 1.00000
240.2 20.68182 14 1.00000
240.3 20.71669 14 1.00000
240.4 20.74230 14 1.00000
240.5 20.79198 14 1.00000
240.6 20.82547 14 1.00000
240.7 20.79465 14 1.00000
240.8 20.80985 14 1.00000
240.9 20.84621 14 1.00000
241.0 20.68001 14 1.00000
241.1 20.71362 14 1.00000
241.2 20.74124 14 1.00000
241.3 20.79102 14 1.00000
241.4 20.82319 14 1.00000
241.5 20.79464 14 1.00000
241.6 20.80467 14 1.00000
241.7 20.84390 14 1.00000
241.8 20.67892 14 1.00000
241.9 20.71327 14 1.00000
242.0 20.74102 14 1.00000
242.1 20.79062 14 1.00000
242.2 20.82309 14 1.00000
242.3 20.79463 14 1.00000
242.4 20.80456 14 1.00000
242.5 20.84420 14 1.00000
242.6 20.67911 14 1.00000
242.7 20.71343 14 1.00000
242.8 20.74128 14 1.00000
242.9 20.79108 14 1.00000
243.0 20.82353 14 1.00000
243.1 20.79465 14 1.00000
243.2 20.80958 14 1.00000
243.3 20.84643 14 1.00000
243.4 20.68072 14 1.00000
243.5 20.71509 14 1.00000
243.6 20.74221 14 1.00000
243.7 20.79239 14 1.00000
243.8 20.82613 14 1.00000
243.9 20.79454 14 1.00000
244.0 20.81355 14 1.00000
244.1 20.84820 14 1.00000
244.2 20.68375 14 1.00000
244.3 20.71951 14 1.00000
244.4 20.78945 14 1.00000
244.5 20.79720 14 1.00000
244.6 20.83013 14 1.00000
244.7 20.79320 14 1.00000
244.8 20.81697 14 1.00000
244.9 20.69450 14 1.00000
245.0 20.69244 14 1.00000
245.1 20.72362 14 1.00000
245.2 20.79393 14 1.00000
245.3 20.80116 14 1.00000
245.4 20.74155 14 1.00000
245.5 20.81182 14 1.00000
245.6 20.82625 14 1.00000
245.7 20.66265 14 1.00000
245.8 20.70278 14 1.00000
245.9 20.73133 14 1.00000
246.0 20.79360 14 1.00000
246.1 20.81055 14 1.00000
246.2 20.78888 14 1.00000
246.3 20.79622 14 1.00000
246.4 20.83425 14 1.00000
246.5 20.67335 14 1.00000
246.6 20.71015 14 1.00000
246.7 20.73605 14 1.00000
246.8 20.80914 14 1.00000
246.9 20.81954 14 1.00000
247.0 20.79441 14 1.00000
247.1 20.80285 14 1.00000
247.2 20.84610 14 1.00000
247.3 20.68064 14 1.00000
247.4 20.71696 14 1.00000
247.5 20.78827 14 1.00000
247.6 20.79693 14 1.00000
247.7 20.83013 14 1.00000
247.8 20.79576 14 1.00000
247.9 20.81850 14 1.00000
248.0 20.65611 14 1.00000
248.1 20.69539 14 1.00000
248.2 20.72799 14 1.00000
248.3 20.79411 14 1.00000
248.4 20.80783 14 1.00000
248.5 20.78872 14 1.00000
248.6 20.79472 14 1.00000
248.7 20.83430 14 1.00000
248.8 20.67501 14 1.00000
248.9 20.71070 14 1.00000
249.0 20.73969 14 1.00000
249.1 20.79019 14 1.00000
249.2 20.82348 14 1.00000
249.3 20.79464 14 1.00000
249.4 20.81322 14 1.00000
249.5 20.69144 14 1.00000
249.6 20.69167 14 1.00000
249.7 20.72311 14 1.00000
249.8 20.79439 14 1.00000
249.9 20.80296 14 1.00000
250.0 20.74233 14 1.00000
