15.0 1.36301 13 0.04291
15.1 1.37071 13 0.04346
15.2 1.37832 13 0.04399
15.3 1.38603 13 0.04453
15.4 1.39366 13 0.04506
15.5 1.40128 13 0.04558
15.6 1.40902 13 0.04611
15.7 1.41666 13 0.04663
15.8 1.42430 13 0.04715
15.9 1.43210 13 0.04768
16.0 1.43976 13 0.04819
16.1 1.44754 13 0.04871
16.2 1.45520 13 0.04922
16.3 1.46288 13 0.04972
16.4 1.47055 13 0.05024
16.5 1.47823 13 0.05074
16.6 1.48591 13 0.05124
16.7 1.49360 13 0.05175
16.8 1.50129 13 0.05225
16.9 1.50899 13 0.05275
17.0 1.51687 13 0.05328
17.1 1.52458 13 0.05379
17.2 1.53229 13 0.05438
17.3 1.53986 13 0.05486
17.4 1.54758 13 0.05536
17.5 1.55531 13 0.05586
17.6 1.56304 13 0.05636
17.7 1.57078 13 0.05686
17.8 1.57834 13 0.05732
17.9 1.58629 13 0.05783
18.0 1.59404 13 0.05833
18.1 1.60180 13 0.05883
18.2 1.60937 13 0.05932
18.3 1.61713 13 0.05982
18.4 1.62490 13 0.06032
18.5 1.63269 13 0.06081
18.6 1.64047 13 0.06131
18.7 1.64826 13 0.06181
18.8 1.65584 13 0.06231
18.9 1.66386 13 0.06283
19.0 1.67144 13 0.06333
19.1 1.67947 13 0.06383
19.2 1.68705 13 0.06433
19.3 1.69464 13 0.06484
19.4 1.70402 13 0.06552
19.5 1.71564 13 0.06643
19.6 1.72733 13 0.06735
19.7 1.73910 13 0.06826
19.8 1.75095 13 0.06920
19.9 1.76288 13 0.07015
20.0 1.77489 13 0.07112
20.1 1.78697 13 0.07209
20.2 1.79914 13 0.07305
20.3 1.81138 13 0.07405
20.4 1.82370 13 0.07506
20.5 1.83610 13 0.07609
20.6 1.84858 13 0.07710
20.7 1.86115 13 0.07815
20.8 1.87379 13 0.07921
20.9 1.88652 13 0.08029
21.0 1.89932 13 0.08138
21.1 1.91221 13 0.08245
21.2 13.85666 14 1.00000
21.3 13.86164 14 1.00000
21.4 13.86535 14 1.00000
21.5 13.87425 14 1.00000
21.6 13.87654 14 1.00000
21.7 13.87771 14 1.00000
21.8 13.87755 14 1.00000
21.9 13.88243 14 1.00000
22.0 13.88067 14 1.00000
22.1 13.87760 14 1.00000
22.2 13.87301 14 1.00000
22.3 13.87410 14 1.00000
22.4 13.86826 14 1.00000
22.5 13.86103 14 1.00000
22.6 13.85258 14 1.00000
22.7 13.84998 14 1.00000
22.8 13.84003 14 1.00000
22.9 13.82883 14 1.00000
23.0 13.81639 14 1.00000
23.1 13.81049 14 1.00000
23.2 13.79675 14 1.00000
23.3 13.78181 14 1.00000
23.4 13.76573 14 1.00000
23.5 13.75629 14 1.00000
23.6 13.73901 14 1.00000
23.7 13.72047 14 1.00000
23.8 13.70095 14 1.00000
23.9 13.68869 14 1.00000
24.0 13.66791 14 1.00000
24.1 13.64590 14 1.00000
24.2 13.62303 14 1.00000
24.3 13.60820 14 1.00000
24.4 13.58436 14 1.00000
24.5 13.55945 14 1.00000
24.6 5.54315 14 0.36752
24.7 5.60148 14 0.37266
24.8 5.65945 14 0.37805
24.9 5.71710 14 0.38347
25.0 5.77441 14 0.38891
25.1 5.83177 14 0.39411
25.2 5.88845 14 0.39957
25.3 5.94474 14 0.40506
25.4 6.00062 14 0.41058
25.5 6.05685 14 0.41581
25.6 6.11206 14 0.42133
25.7 6.16683 14 0.42686
25.8 6.22115 14 0.43242
25.9 6.27553 14 0.43784
26.0 6.32956 14 0.44328
26.1 6.38261 14 0.44886
26.2 6.43525 14 0.45444
26.3 6.48735 14 0.46004
26.4 6.54050 14 0.46535
26.5 6.59177 14 0.47095
26.6 6.64250 14 0.47657
26.7 6.69272 14 0.48220
26.8 6.74237 14 0.48784
26.9 6.79356 14 0.49317
27.0 6.84249 14 0.49879
27.1 6.89083 14 0.50442
27.2 6.93863 14 0.51005
27.3 6.98587 14 0.51569
27.4 7.03255 14 0.52134
27.5 7.08142 14 0.52666
27.6 7.12705 14 0.53232
27.7 7.17213 14 0.53797
27.8 7.21651 14 0.54364
27.9 7.26312 14 0.54903
28.0 7.30773 14 0.55457
28.1 7.35115 14 0.56018
28.2 7.39398 14 0.56579
28.3 7.43623 14 0.57140
28.4 7.47773 14 0.57702
28.5 7.51852 14 0.58266
28.6 7.55887 14 0.58827
28.7 7.59832 14 0.59392
28.8 7.64214 14 0.59918
28.9 7.68046 14 0.60481
29.0 7.71834 14 0.61044
29.1 7.75703 14 0.61596
29.2 7.79635 14 0.62139
29.3 7.83184 14 0.62704
29.4 7.86956 14 0.63250
29.5 7.90667 14 0.63796
29.6 7.94316 14 0.64342
29.7 7.97901 14 0.64889
29.8 8.01408 14 0.65436
29.9 8.04838 14 0.65983
30.0 8.08195 14 0.66531
30.1 8.11451 14 0.67081
30.2 8.14653 14 0.67629
30.3 8.17820 14 0.68175
30.4 8.20906 14 0.68722
30.5 8.23894 14 0.69270
30.6 8.27400 14 0.69789
30.7 8.30310 14 0.70333
30.8 8.33327 14 0.70868
30.9 8.36231 14 0.71406
31.0 8.38940 14 0.71948
31.1 8.42492 14 0.72451
31.2 8.45144 14 0.72989
31.3 8.48499 14 0.73495
31.4 8.51673 14 0.74007
31.5 8.54476 14 0.74530
31.6 8.57985 14 0.75025
31.7 8.63464 14 0.75449
31.8 8.69395 14 0.75861
31.9 8.76193 14 0.76249
32.0 8.82461 14 0.76659
32.1 8.85365 14 0.76806
32.2 8.83958 14 0.77293
32.3 8.87696 14 0.77501
32.4 8.91459 14 0.77709
32.5 8.93899 14 0.77844
32.6 8.98041 14 0.78074
32.7 9.01469 14 0.78263
32.8 9.04056 14 0.78407
32.9 9.06893 14 0.78564
33.0 9.10852 14 0.78782
33.1 9.13057 14 0.78904
33.2 9.17822 14 0.79167
33.3 9.20081 14 0.79292
33.4 9.24542 14 0.79538
33.5 9.27435 14 0.79698
33.6 9.30024 14 0.79840
33.7 9.34486 14 0.80086
33.8 9.37608 14 0.80258
33.9 9.40609 14 0.80423
34.0 9.44069 14 0.80614
34.1 9.48610 14 0.80863
34.2 9.51511 14 0.81023
34.3 9.54452 14 0.81184
34.4 9.57619 14 0.81358
34.5 9.61994 14 0.81598
34.6 9.65245 14 0.81776
34.7 9.68865 14 0.81974
34.8 9.73160 14 0.82209
34.9 9.76849 14 0.82411
35.0 9.79540 14 0.82558
35.1 9.83810 14 0.82791
35.2 9.87233 14 0.82978
35.3 9.91264 14 0.83197
35.4 9.94196 14 0.83357
35.5 9.98448 14 0.83589
35.6 10.00373 14 0.83693
35.7 10.04388 14 0.83911
35.8 10.08144 14 0.84115
35.9 10.10545 14 0.84246
36.0 10.14672 14 0.84470
36.1 10.18709 14 0.84688
36.2 10.20272 14 0.84773
36.3 10.24444 14 0.84999
36.4 10.28318 14 0.85208
36.5 10.32226 14 0.85420
36.6 10.36074 14 0.85627
36.7 10.39888 14 0.85833
36.8 10.43674 14 0.86037
36.9 10.47445 14 0.86240
37.0 10.51205 14 0.86443
37.1 10.54954 14 0.86644
37.2 10.58694 14 0.86845
37.3 10.62422 14 0.87045
37.4 10.66135 14 0.87244
37.5 10.69829 14 0.87442
37.6 10.73493 14 0.87638
37.7 10.77100 14 0.87831
37.8 10.80614 14 0.88019
37.9 10.84105 14 0.88205
38.0 10.87016 14 0.88360
38.1 10.92214 14 0.88637
38.2 10.96781 14 0.88880
38.3 11.01278 14 0.89120
38.4 11.04624 14 0.89297
38.5 11.07396 14 0.89444
38.6 11.11760 14 0.89676
38.7 11.17152 14 0.89961
38.8 11.20980 14 0.90164
38.9 11.24531 14 0.90352
39.0 11.26730 14 0.90468
39.1 11.32677 14 0.90782
39.2 11.36052 14 0.90960
39.3 11.41487 14 0.91246
39.4 11.45166 14 0.91439
39.5 11.48610 14 0.91621
39.6 11.51487 14 0.91772
39.7 11.56399 14 0.92029
39.8 11.59368 14 0.92185
39.9 11.62788 14 0.92364
40.0 11.67423 14 0.92607
40.1 11.69832 14 0.92733
40.2 11.74732 14 0.92988
40.3 11.80169 14 0.93272
40.4 11.83890 14 0.93466
40.5 11.87408 14 0.93649
40.6 11.77578 14 0.93137
40.7 11.46012 14 0.91484
40.8 11.41939 14 0.91270
40.9 11.36628 14 0.90990
41.0 11.28186 14 0.90545
41.1 11.10985 14 0.89635
41.2 10.96061 14 0.88842
41.3 10.85421 14 0.88275
41.4 10.83165 14 0.88155
41.5 10.77389 14 0.87846
41.6 10.72416 14 0.87581
41.7 10.61383 14 0.86989
41.8 10.47661 14 0.86252
41.9 10.35549 14 0.85599
42.0 10.31996 14 0.85407
42.1 10.30318 14 0.85317
42.2 10.25091 14 0.85034
42.3 10.13811 14 0.84423
42.4 10.07731 14 0.84093
42.5 9.97800 14 0.83553
42.6 9.87945 14 0.83017
42.7 9.87246 14 0.82978
42.8 9.84720 14 0.82841
42.9 9.81775 14 0.82680
43.0 9.71130 14 0.82098
43.1 9.62445 14 0.81623
43.2 9.60592 14 0.81521
43.3 9.48423 14 0.80853
43.4 9.47093 14 0.80780
43.5 9.43623 14 0.80589
43.6 9.43930 14 0.80606
43.7 9.33499 14 0.80032
43.8 9.32191 14 0.79960
43.9 9.21779 14 0.79386
44.0 9.15536 14 0.79041
44.1 9.12969 14 0.78899
44.2 9.13144 14 0.78909
44.3 9.09220 14 0.78692
44.4 9.07740 14 0.78610
44.5 9.09482 14 0.78707
44.6 9.10168 14 0.78745
44.7 9.12977 14 0.78900
44.8 9.23012 14 0.79454
44.9 9.30982 14 0.79893
45.0 9.33409 14 0.80027
45.1 9.33284 14 0.80020
45.2 9.33958 14 0.80057
45.3 9.42899 14 0.80549
45.4 9.50638 14 0.80975
45.5 9.57283 14 0.81340
45.6 9.63828 14 0.81698
45.7 9.68538 14 0.81956
45.8 9.78662 14 0.82510
45.9 9.83345 14 0.82766
46.0 9.87822 14 0.83010
46.1 9.91930 14 0.83234
46.2 9.95356 14 0.83420
46.3 9.99634 14 0.83653
46.4 10.03513 14 0.83864
46.5 10.06297 14 0.84015
46.6 10.10727 14 0.84256
46.7 10.21635 14 0.84847
46.8 10.29848 14 0.85291
46.9 10.37393 14 0.85699
47.0 10.43805 14 0.86044
47.1 10.49449 14 0.86348
47.2 10.59007 14 0.86862
47.3 10.65414 14 0.87206
47.4 10.68274 14 0.87359
47.5 10.73442 14 0.87635
47.6 10.78243 14 0.87892
47.7 10.82073 14 0.88097
47.8 10.86454 14 0.88330
47.9 10.89399 14 0.88487
48.0 10.95800 14 0.88828
48.1 11.07376 14 0.89443
48.2 11.15995 14 0.89900
48.3 11.23822 14 0.90314
48.4 11.30799 14 0.90683
48.5 11.37160 14 0.91018
48.6 11.47771 14 0.91576
48.7 11.52818 14 0.91841
48.8 11.58039 14 0.92115
48.9 11.63393 14 0.92396
49.0 11.67424 14 0.92607
49.1 11.72182 14 0.92855
49.2 11.76888 14 0.93101
49.3 11.81069 14 0.93319
49.4 11.87199 14 0.93638
49.5 11.95107 14 0.94049
49.6 12.07374 14 0.94685
49.7 12.15743 14 0.95118
49.8 12.24408 14 0.95565
49.9 12.31355 14 0.95923
50.0 12.37217 14 0.96224
50.1 12.49202 14 0.96839
50.2 12.57029 14 0.97240
50.3 12.60862 14 0.97435
50.4 12.66665 14 0.97732
50.5 12.71578 14 0.97982
50.6 12.76768 14 0.98246
50.7 12.80685 14 0.98446
50.8 12.85326 14 0.98681
50.9 12.93762 14 0.99109
51.0 13.02278 14 0.99540
51.1 13.12680 14 1.00000
51.2 13.16158 14 1.00000
51.3 13.19238 14 1.00000
51.4 13.22541 14 1.00000
51.5 13.25200 14 1.00000
51.6 13.29648 14 1.00000
51.7 13.32199 14 1.00000
51.8 13.34641 14 1.00000
51.9 13.36232 14 1.00000
52.0 13.38862 14 1.00000
52.1 13.40282 14 1.00000
52.2 13.42275 14 1.00000
52.3 13.44576 14 1.00000
52.4 13.47172 14 1.00000
52.5 13.50296 14 1.00000
52.6 13.53555 14 1.00000
52.7 13.58478 14 1.00000
52.8 13.62114 14 1.00000
52.9 13.65372 14 1.00000
53.0 13.67876 14 1.00000
53.1 13.70949 14 1.00000
53.2 13.75124 14 1.00000
53.3 13.77061 14 1.00000
53.4 13.79674 14 1.00000
53.5 13.82537 14 1.00000
53.6 13.84563 14 1.00000
53.7 13.86045 14 1.00000
53.8 13.87893 14 1.00000
53.9 13.90398 14 1.00000
54.0 13.93354 14 1.00000
54.1 13.96834 14 1.00000
54.2 13.99221 14 1.00000
54.3 14.04350 14 1.00000
54.4 14.08114 14 1.00000
54.5 14.10539 14 1.00000
54.6 14.14252 14 1.00000
54.7 14.16797 14 1.00000
54.8 14.19496 14 1.00000
54.9 14.24525 14 1.00000
55.0 14.27258 14 1.00000
55.1 14.28700 14 1.00000
55.2 14.30947 14 1.00000
55.3 14.33182 14 1.00000
55.4 14.34920 14 1.00000
55.5 14.37100 14 1.00000
55.6 14.39047 14 1.00000
55.7 14.42949 14 1.00000
55.8 14.46297 14 1.00000
55.9 14.49598 14 1.00000
56.0 14.53874 14 1.00000
56.1 14.57299 14 1.00000
56.2 14.60641 14 1.00000
56.3 14.63906 14 1.00000
56.4 14.66444 14 1.00000
56.5 14.69184 14 1.00000
56.6 14.74250 14 1.00000
56.7 14.76357 14 1.00000
56.8 14.78614 14 1.00000
56.9 14.80886 14 1.00000
57.0 14.82288 14 1.00000
57.1 14.85029 14 1.00000
57.2 14.85870 14 1.00000
57.3 14.88896 14 1.00000
57.4 14.92677 14 1.00000
57.5 14.96353 14 1.00000
57.6 14.99403 14 1.00000
57.7 15.03711 14 1.00000
57.8 15.07417 14 1.00000
57.9 15.10276 14 1.00000
58.0 15.13927 14 1.00000
58.1 15.16874 14 1.00000
58.2 15.19166 14 1.00000
58.3 15.21689 14 1.00000
58.4 15.26294 14 1.00000
58.5 15.28530 14 1.00000
58.6 15.31673 14 1.00000
58.7 15.33246 14 1.00000
58.8 15.35853 14 1.00000
58.9 15.37790 14 1.00000
59.0 15.38870 14 1.00000
59.1 15.40711 14 1.00000
59.2 15.45596 14 1.00000
59.3 15.49563 14 1.00000
59.4 15.52506 14 1.00000
59.5 15.55792 14 1.00000
59.6 15.59352 14 1.00000
59.7 15.63675 14 1.00000
59.8 15.66086 14 1.00000
59.9 15.69580 14 1.00000
60.0 15.73163 14 1.00000
60.1 15.75897 14 1.00000
60.2 15.81062 14 1.00000
60.3 15.83835 14 1.00000
60.4 15.84512 14 1.00000
60.5 15.87597 14 1.00000
60.6 15.88946 14 1.00000
60.7 15.91980 14 1.00000
60.8 15.93263 14 1.00000
60.9 15.95930 14 1.00000
61.0 15.99256 14 1.00000
61.1 16.02714 14 1.00000
61.2 16.06616 14 1.00000
61.3 16.09371 14 1.00000
61.4 16.12477 14 1.00000
61.5 16.17576 14 1.00000
61.6 16.21134 14 1.00000
61.7 16.23792 14 1.00000
61.8 16.26970 14 1.00000
61.9 16.30203 14 1.00000
62.0 16.31898 14 1.00000
62.1 16.35513 14 1.00000
62.2 16.39715 14 1.00000
62.3 16.43000 14 1.00000
62.4 16.43612 14 1.00000
62.5 16.47212 14 1.00000
62.6 16.49322 14 1.00000
62.7 16.51478 14 1.00000
62.8 16.52458 14 1.00000
62.9 16.56148 14 1.00000
63.0 16.59691 14 1.00000
63.1 16.64100 14 1.00000
63.2 16.67575 14 1.00000
63.3 16.69581 14 1.00000
63.4 16.74900 14 1.00000
63.5 16.77987 14 1.00000
63.6 16.81065 14 1.00000
63.7 16.84969 14 1.00000
63.8 16.87786 14 1.00000
63.9 16.90576 14 1.00000
64.0 16.92048 14 1.00000
64.1 16.95722 14 1.00000
64.2 16.99329 14 1.00000
64.3 17.02992 14 1.00000
64.4 17.03797 14 1.00000
64.5 17.07142 14 1.00000
64.6 17.09277 14 1.00000
64.7 17.11302 14 1.00000
64.8 17.13097 14 1.00000
64.9 17.15778 14 1.00000
65.0 17.19627 14 1.00000
65.1 17.23619 14 1.00000
65.2 17.25768 14 1.00000
65.3 17.30382 14 1.00000
65.4 17.33375 14 1.00000
65.5 17.37543 14 1.00000
65.6 17.39842 14 1.00000
65.7 17.44240 14 1.00000
65.8 17.47281 14 1.00000
65.9 17.50026 14 1.00000
66.0 17.52810 14 1.00000
66.1 17.55400 14 1.00000
66.2 17.57952 14 1.00000
66.3 17.63711 14 1.00000
66.4 17.65197 14 1.00000
66.5 17.67255 14 1.00000
66.6 17.69413 14 1.00000
66.7 17.71567 14 1.00000
66.8 17.73617 14 1.00000
66.9 17.75562 14 1.00000
67.0 17.76893 14 1.00000
67.1 17.82529 14 1.00000
67.2 17.85986 14 1.00000
67.3 17.89843 14 1.00000
67.4 17.92631 14 1.00000
67.5 17.96267 14 1.00000
67.6 18.00287 14 1.00000
67.7 18.03735 14 1.00000
67.8 18.07146 14 1.00000
67.9 18.09302 14 1.00000
68.0 18.13223 14 1.00000
68.1 18.15468 14 1.00000
68.2 18.18537 14 1.00000
68.3 18.21121 14 1.00000
68.4 18.25636 14 1.00000
68.5 18.29340 14 1.00000
68.6 18.29807 14 1.00000
68.7 18.31876 14 1.00000
68.8 18.34461 14 1.00000
68.9 18.37049 14 1.00000
69.0 18.39596 14 1.00000
69.1 18.39770 14 1.00000
69.2 18.41402 14 1.00000
69.3 18.40980 14 1.00000
69.4 18.45492 14 1.00000
69.5 18.49931 14 1.00000
69.6 18.52759 14 1.00000
69.7 18.56706 14 1.00000
69.8 18.60494 14 1.00000
69.9 18.60845 14 1.00000
70.0 18.62943 14 1.00000
70.1 18.67064 14 1.00000
70.2 18.70691 14 1.00000
70.3 18.74818 14 1.00000
70.4 18.76737 14 1.00000
70.5 18.80889 14 1.00000
70.6 18.83497 14 1.00000
70.7 18.86316 14 1.00000
70.8 18.88892 14 1.00000
70.9 18.91440 14 1.00000
71.0 18.91584 14 1.00000
71.1 18.94777 14 1.00000
71.2 18.96260 14 1.00000
71.3 18.99183 14 1.00000
71.4 19.01217 14 1.00000
71.5 19.03460 14 1.00000
71.6 19.04443 14 1.00000
71.7 19.07674 14 1.00000
71.8 19.08781 14 1.00000
71.9 19.11042 14 1.00000
72.0 19.16173 14 1.00000
72.1 19.19548 14 1.00000
72.2 19.23984 14 1.00000
72.3 19.27536 14 1.00000
72.4 19.30482 14 1.00000
72.5 19.34011 14 1.00000
72.6 19.36996 14 1.00000
72.7 19.37090 14 1.00000
72.8 19.41191 14 1.00000
72.9 19.44900 14 1.00000
73.0 19.47206 14 1.00000
73.1 19.50414 14 1.00000
73.2 19.54070 14 1.00000
73.3 19.55971 14 1.00000
73.4 19.59169 14 1.00000
73.5 19.61796 14 1.00000
73.6 19.64314 14 1.00000
73.7 19.68216 14 1.00000
73.8 19.71725 14 1.00000
73.9 19.73896 14 1.00000
74.0 19.76170 14 1.00000
74.1 19.77928 14 1.00000
74.2 19.77962 14 1.00000
74.3 19.80561 14 1.00000
74.4 19.82560 14 1.00000
74.5 19.84349 14 1.00000
74.6 19.88265 14 1.00000
74.7 19.87630 14 1.00000
74.8 19.92438 14 1.00000
74.9 19.95964 14 1.00000
75.0 19.99952 14 1.00000
75.1 20.03126 14 1.00000
75.2 20.06716 14 1.00000
75.3 20.08504 14 1.00000
75.4 20.12803 14 1.00000
75.5 20.16612 14 1.00000
75.6 20.20360 14 1.00000
75.7 20.20548 14 1.00000
75.8 20.23197 14 1.00000
75.9 20.26353 14 1.00000
76.0 20.28342 14 1.00000
76.1 20.32144 14 1.00000
76.2 20.34976 14 1.00000
76.3 20.37453 14 1.00000
76.4 20.39961 14 1.00000
76.5 20.42469 14 1.00000
76.6 20.47775 14 1.00000
76.7 20.49317 14 1.00000
76.8 20.52093 14 1.00000
76.9 20.53810 14 1.00000
77.0 20.56548 14 1.00000
77.1 20.58516 14 1.00000
77.2 20.58492 14 1.00000
77.3 20.60249 14 1.00000
77.4 20.62207 14 1.00000
77.5 20.67035 14 1.00000
77.6 20.70671 14 1.00000
77.7 20.75019 14 1.00000
77.8 20.78671 14 1.00000
77.9 20.82150 14 1.00000
78.0 20.84380 14 1.00000
78.1 20.88363 14 1.00000
78.2 20.91402 14 1.00000
78.3 20.93528 14 1.00000
78.4 20.99632 14 1.00000
78.5 21.02663 14 1.00000
78.6 21.06083 14 1.00000
78.7 21.08589 14 1.00000
78.8 21.08285 14 1.00000
78.9 21.11410 14 1.00000
79.0 21.13345 14 1.00000
79.1 21.16419 14 1.00000
79.2 21.19006 14 1.00000
79.3 21.21512 14 1.00000
79.4 21.24018 14 1.00000
79.5 21.29201 14 1.00000
79.6 21.30796 14 1.00000
79.7 21.33745 14 1.00000
79.8 21.35810 14 1.00000
79.9 21.36639 14 1.00000
80.0 21.40482 14 1.00000
80.1 21.42652 14 1.00000
80.2 21.44788 14 1.00000
80.3 21.48784 14 1.00000
80.4 21.47079 14 1.00000
80.5 21.52112 14 1.00000
80.6 21.55365 14 1.00000
80.7 21.59814 14 1.00000
80.8 21.63201 14 1.00000
80.9 21.65380 14 1.00000
81.0 21.65834 14 1.00000
81.1 21.68583 14 1.00000
81.2 21.72489 14 1.00000
81.3 21.75627 14 1.00000
81.4 21.78459 14 1.00000
81.5 21.83410 14 1.00000
81.6 21.86078 14 1.00000
81.7 21.90030 14 1.00000
81.8 21.92987 14 1.00000
81.9 21.94741 14 1.00000
82.0 21.94336 14 1.00000
82.1 21.97961 14 1.00000
82.2 21.98890 14 1.00000
82.3 22.02454 14 1.00000
82.4 22.05329 14 1.00000
82.5 22.07876 14 1.00000
82.6 22.10340 14 1.00000
82.7 22.15647 14 1.00000
82.8 22.17472 14 1.00000
82.9 22.20229 14 1.00000
83.0 22.22551 14 1.00000
83.1 22.24635 14 1.00000
83.2 22.26037 14 1.00000
83.3 22.27626 14 1.00000
83.4 22.29917 14 1.00000
83.5 22.33123 14 1.00000
83.6 22.32990 14 1.00000
83.7 22.36171 14 1.00000
83.8 22.41424 14 1.00000
83.9 22.45507 14 1.00000
84.0 22.49230 14 1.00000
84.1 22.52868 14 1.00000
84.2 22.55453 14 1.00000
84.3 22.59799 14 1.00000
84.4 22.63028 14 1.00000
84.5 22.66120 14 1.00000
84.6 22.69131 14 1.00000
84.7 22.74035 14 1.00000
84.8 22.77295 14 1.00000
84.9 22.77126 14 1.00000
85.0 22.83877 14 1.00000
85.1 22.86025 14 1.00000
85.2 22.89434 14 1.00000
85.3 22.87702 14 1.00000
85.4 22.90890 14 1.00000
85.5 22.93397 14 1.00000
85.6 22.95752 14 1.00000
85.7 22.97129 14 1.00000
85.8 23.00594 14 1.00000
85.9 23.03299 14 1.00000
86.0 23.09325 14 1.00000
86.1 23.11103 14 1.00000
86.2 23.13111 14 1.00000
86.3 23.15387 14 1.00000
86.4 23.17263 14 1.00000
86.5 23.18787 14 1.00000
86.6 23.21048 14 1.00000
86.7 23.23527 14 1.00000
86.8 23.26013 14 1.00000
86.9 23.25806 14 1.00000
87.0 23.29945 14 1.00000
87.1 23.33180 14 1.00000
87.2 23.38089 14 1.00000
87.3 23.41980 14 1.00000
87.4 23.45232 14 1.00000
87.5 23.47663 14 1.00000
87.6 23.52854 14 1.00000
87.7 23.54624 14 1.00000
87.8 23.58518 14 1.00000
87.9 23.61715 14 1.00000
88.0 23.64271 14 1.00000
88.1 23.69184 14 1.00000
88.2 23.68896 14 1.00000
88.3 23.72352 14 1.00000
88.4 23.75378 14 1.00000
88.5 23.77939 14 1.00000
88.6 23.76706 14 1.00000
88.7 23.79177 14 1.00000
88.8 23.87346 14 1.00000
88.9 23.88750 14 1.00000
89.0 23.91460 14 1.00000
89.1 23.94503 14 1.00000
89.2 23.96986 14 1.00000
89.3 23.97887 14 1.00000
89.4 24.01810 14 1.00000
89.5 24.08286 14 1.00000
89.6 24.09700 14 1.00000
89.7 24.11420 14 1.00000
89.8 24.14019 14 1.00000
89.9 24.16121 14 1.00000
90.0 24.18175 14 1.00000
90.1 24.20584 14 1.00000
90.2 24.23202 14 1.00000
90.3 24.26190 14 1.00000
90.4 24.23326 14 1.00000
90.5 24.27900 14 1.00000
90.6 24.32348 14 1.00000
90.7 24.34791 14 1.00000
90.8 24.38964 14 1.00000
90.9 24.44033 14 1.00000
91.0 24.47829 14 1.00000
91.1 24.43440 14 1.00000
91.2 24.48559 14 1.00000
91.3 24.52138 14 1.00000
91.4 24.55139 14 1.00000
91.5 24.59123 14 1.00000
91.6 24.62668 14 1.00000
91.7 24.65751 14 1.00000
91.8 24.68390 14 1.00000
91.9 24.70084 14 1.00000
92.0 24.71600 14 1.00000
92.1 24.74918 14 1.00000
92.2 24.72773 14 1.00000
92.3 24.75972 14 1.00000
92.4 24.78955 14 1.00000
92.5 24.81616 14 1.00000
92.6 24.83878 14 1.00000
92.7 24.92263 14 1.00000
92.8 24.94904 14 1.00000
92.9 24.95794 14 1.00000
93.0 24.98955 14 1.00000
93.1 24.77950 14 1.00000
93.2 24.80764 14 1.00000
93.3 24.83078 14 1.00000
93.4 24.87180 14 1.00000
93.5 24.93394 14 1.00000
93.6 24.95754 14 1.00000
93.7 24.98593 14 1.00000
93.8 24.77162 14 1.00000
93.9 24.80163 14 1.00000
94.0 24.78076 14 1.00000
94.1 24.80871 14 1.00000
94.2 24.83139 14 1.00000
94.3 24.87406 14 1.00000
94.4 24.94295 14 1.00000
94.5 24.95622 14 1.00000
94.6 24.98932 14 1.00000
94.7 24.77474 14 1.00000
94.8 24.80439 14 1.00000
94.9 24.82938 14 1.00000
95.0 24.86832 14 1.00000
95.1 24.93269 14 1.00000
95.2 24.95766 14 1.00000
95.3 24.98851 14 1.00000
95.4 24.77365 14 1.00000
95.5 24.80349 14 1.00000
95.6 24.82884 14 1.00000
95.7 24.86907 14 1.00000
95.8 24.83250 14 1.00000
95.9 24.92015 14 1.00000
96.0 24.94605 14 1.00000
96.1 24.95330 14 1.00000
96.2 24.98957 14 1.00000
96.3 24.78151 14 1.00000
96.4 24.81137 14 1.00000
96.5 24.83341 14 1.00000
96.6 24.92194 14 1.00000
96.7 24.94883 14 1.00000
96.8 24.96868 14 1.00000
96.9 24.98790 14 1.00000
97.0 24.78606 14 1.00000
97.1 24.81518 14 1.00000
97.2 24.83966 14 1.00000
97.3 24.92355 14 1.00000
97.4 24.95407 14 1.00000
97.5 24.97993 14 1.00000
97.6 24.99954 14 1.00000
97.7 24.98236 14 1.00000
97.8 25.00776 14 1.00000
97.9 24.79815 14 1.00000
98.0 24.82568 14 1.00000
98.1 24.85942 14 1.00000
98.2 24.92394 14 1.00000
98.3 24.95765 14 1.00000
98.4 24.98932 14 1.00000
98.5 24.77711 14 1.00000
98.6 24.80762 14 1.00000
98.7 24.83252 14 1.00000
98.8 24.81119 14 1.00000
98.9 24.83739 14 1.00000
99.0 24.92283 14 1.00000
99.1 24.95113 14 1.00000
99.2 24.97632 14 1.00000
99.3 24.98664 14 1.00000
99.4 24.79227 14 1.00000
99.5 24.82035 14 1.00000
99.6 24.84431 14 1.00000
99.7 24.82262 14 1.00000
99.8 24.84973 14 1.00000
99.9 24.92116 14 1.00000
100.0 24.95858 14 1.00000
100.1 24.98588 14 1.00000
100.2 24.77361 14 1.00000
100.3 24.80443 14 1.00000
100.4 24.83006 14 1.00000
100.5 24.80695 14 1.00000
100.6 24.83162 14 1.00000
100.7 24.92037 14 1.00000
100.8 24.94730 14 1.00000
100.9 24.97025 14 1.00000
101.0 24.98765 14 1.00000
101.1 24.78751 14 1.00000
101.2 24.81632 14 1.00000
101.3 24.84013 14 1.00000
101.4 24.81857 14 1.00000
101.5 24.84101 14 1.00000
101.6 24.92344 14 1.00000
101.7 24.95763 14 1.00000
101.8 24.98387 14 1.00000
101.9 25.01022 14 1.00000
102.0 24.80058 14 1.00000
102.1 24.82747 14 1.00000
102.2 24.86561 14 1.00000
102.3 24.82916 14 1.00000
102.4 24.87230 14 1.00000
102.5 24.94331 14 1.00000
102.6 24.95658 14 1.00000
102.7 24.98954 14 1.00000
102.8 24.78297 14 1.00000
102.9 24.81265 14 1.00000
103.0 24.83818 14 1.00000
103.1 24.81456 14 1.00000
103.2 24.83937 14 1.00000
103.3 24.92359 14 1.00000
103.4 24.95404 14 1.00000
103.5 24.98048 14 1.00000
103.6 25.00408 14 1.00000
103.7 24.79590 14 1.00000
103.8 24.82319 14 1.00000
103.9 24.85105 14 1.00000
104.0 24.82500 14 1.00000
104.1 24.85912 14 1.00000
104.2 24.92318 14 1.00000
104.3 24.95785 14 1.00000
104.4 24.98912 14 1.00000
104.5 24.77633 14 1.00000
104.6 24.80685 14 1.00000
104.7 24.83151 14 1.00000
104.8 24.80910 14 1.00000
104.9 24.83268 14 1.00000
105.0 24.92216 14 1.00000
105.1 24.94995 14 1.00000
105.2 24.97464 14 1.00000
105.3 24.98567 14 1.00000
105.4 24.78914 14 1.00000
105.5 24.81769 14 1.00000
105.6 24.84068 14 1.00000
105.7 24.81970 14 1.00000
105.8 24.84236 14 1.00000
105.9 24.92315 14 1.00000
106.0 24.95803 14 1.00000
106.1 24.98441 14 1.00000
106.2 25.01093 14 1.00000
106.3 24.80117 14 1.00000
106.4 24.82790 14 1.00000
106.5 24.86701 14 1.00000
106.6 24.82938 14 1.00000
106.7 24.87243 14 1.00000
106.8 24.94342 14 1.00000
106.9 24.95659 14 1.00000
107.0 24.98954 14 1.00000
107.1 24.78270 14 1.00000
107.2 24.81230 14 1.00000
107.3 24.83792 14 1.00000
107.4 24.81409 14 1.00000
107.5 24.83909 14 1.00000
107.6 24.92340 14 1.00000
107.7 24.95301 14 1.00000
107.8 24.97871 14 1.00000
107.9 24.99091 14 1.00000
108.0 24.79451 14 1.00000
108.1 24.82197 14 1.00000
108.2 24.84781 14 1.00000
108.3 24.82371 14 1.00000
108.4 24.85270 14 1.00000
108.5 24.92376 14 1.00000
108.6 24.95858 14 1.00000
108.7 24.98577 14 1.00000
108.8 24.77213 14 1.00000
108.9 24.80466 14 1.00000
109.0 24.83006 14 1.00000
109.1 24.80660 14 1.00000
109.2 24.83129 14 1.00000
109.3 24.91988 14 1.00000
109.4 24.94650 14 1.00000
109.5 24.95728 14 1.00000
109.6 24.98856 14 1.00000
109.7 24.78570 14 1.00000
109.8 24.81477 14 1.00000
109.9 24.83927 14 1.00000
110.0 24.81644 14 1.00000
110.1 24.84013 14 1.00000
110.2 24.92372 14 1.00000
110.3 24.95464 14 1.00000
110.4 24.98158 14 1.00000
110.5 25.00644 14 1.00000
110.6 24.79674 14 1.00000
110.7 24.82373 14 1.00000
110.8 24.85246 14 1.00000
110.9 24.82527 14 1.00000
111.0 24.85703 14 1.00000
111.1 24.92181 14 1.00000
111.2 24.95829 14 1.00000
111.3 24.98855 14 1.00000
111.4 24.77464 14 1.00000
111.5 24.80605 14 1.00000
111.6 24.83089 14 1.00000
111.7 24.80802 14 1.00000
111.8 24.83201 14 1.00000
111.9 24.92066 14 1.00000
112.0 24.94746 14 1.00000
112.1 24.96304 14 1.00000
112.2 24.98792 14 1.00000
112.3 24.78668 14 1.00000
112.4 24.81547 14 1.00000
112.5 24.83959 14 1.00000
112.6 24.81706 14 1.00000
112.7 24.84037 14 1.00000
112.8 24.92372 14 1.00000
112.9 24.95475 14 1.00000
113.0 24.98184 14 1.00000
113.1 25.00675 14 1.00000
113.2 24.79700 14 1.00000
113.3 24.82382 14 1.00000
113.4 24.85238 14 1.00000
113.5 24.82522 14 1.00000
113.6 24.85677 14 1.00000
113.7 24.92199 14 1.00000
113.8 24.95837 14 1.00000
113.9 24.98599 14 1.00000
114.0 24.77346 14 1.00000
114.1 24.80566 14 1.00000
114.2 24.83057 14 1.00000
114.3 24.87439 14 1.00000
114.4 24.83162 14 1.00000
114.5 24.92016 14 1.00000
114.6 24.94672 14 1.00000
114.7 24.95804 14 1.00000
114.8 24.98857 14 1.00000
114.9 24.78548 14 1.00000
115.0 24.81431 14 1.00000
115.1 24.83905 14 1.00000
115.2 24.81585 14 1.00000
115.3 24.83974 14 1.00000
115.4 24.92364 14 1.00000
115.5 24.95372 14 1.00000
115.6 24.97973 14 1.00000
115.7 24.99502 14 1.00000
115.8 24.79407 14 1.00000
115.9 24.82144 14 1.00000
116.0 24.84601 14 1.00000
116.1 24.82371 14 1.00000
116.2 24.85192 14 1.00000
116.3 24.92424 14 1.00000
116.4 24.95858 14 1.00000
116.5 24.98551 14 1.00000
116.6 24.77094 14 1.00000
116.7 24.80338 14 1.00000
116.8 24.82911 14 1.00000
116.9 24.87164 14 1.00000
117.0 24.83029 14 1.00000
117.1 24.87368 14 1.00000
117.2 24.94405 14 1.00000
117.3 24.95593 14 1.00000
117.4 24.98951 14 1.00000
117.5 24.78157 14 1.00000
117.6 24.81097 14 1.00000
117.7 24.83351 14 1.00000
117.8 24.81350 14 1.00000
117.9 24.83848 14 1.00000
118.0 24.92305 14 1.00000
118.1 24.95124 14 1.00000
118.2 24.97692 14 1.00000
118.3 24.98651 14 1.00000
118.4 24.79086 14 1.00000
118.5 24.81893 14 1.00000
118.6 24.84092 14 1.00000
118.7 24.82017 14 1.00000
118.8 24.84280 14 1.00000
118.9 24.92315 14 1.00000
119.0 24.95788 14 1.00000
119.1 24.98392 14 1.00000
119.2 25.00984 14 1.00000
119.3 24.79985 14 1.00000
119.4 24.82592 14 1.00000
119.5 24.85868 14 1.00000
119.6 24.82709 14 1.00000
119.7 24.86263 14 1.00000
119.8 24.92685 14 1.00000
119.9 24.95750 14 1.00000
120.0 24.98926 14 1.00000
120.1 24.77651 14 1.00000
120.2 24.80751 14 1.00000
120.3 24.83162 14 1.00000
120.4 24.80894 14 1.00000
120.5 24.83252 14 1.00000
120.6 24.92114 14 1.00000
120.7 24.94797 14 1.00000
120.8 24.96566 14 1.00000
120.9 24.98770 14 1.00000
121.0 24.78679 14 1.00000
121.1 24.81527 14 1.00000
121.2 24.83945 14 1.00000
121.3 24.81667 14 1.00000
121.4 24.84013 14 1.00000
121.5 24.92371 14 1.00000
121.6 24.95402 14 1.00000
121.7 24.98012 14 1.00000
121.8 24.99776 14 1.00000
121.9 24.79449 14 1.00000
122.0 24.82173 14 1.00000
122.1 24.84638 14 1.00000
122.2 24.82290 14 1.00000
122.3 24.84957 14 1.00000
122.4 24.92416 14 1.00000
122.5 24.95857 14 1.00000
122.6 24.98539 14 1.00000
122.7 25.01283 14 1.00000
122.8 24.80291 14 1.00000
122.9 24.82829 14 1.00000
123.0 24.87042 14 1.00000
123.1 24.82970 14 1.00000
123.2 24.87301 14 1.00000
123.3 24.94329 14 1.00000
123.4 24.95694 14 1.00000
123.5 24.98963 14 1.00000
123.6 24.78047 14 1.00000
123.7 24.81005 14 1.00000
123.8 24.83301 14 1.00000
123.9 24.81166 14 1.00000
124.0 24.83730 14 1.00000
124.1 24.92249 14 1.00000
124.2 24.95010 14 1.00000
124.3 24.97455 14 1.00000
124.4 24.98825 14 1.00000
124.5 24.78942 14 1.00000
124.6 24.81730 14 1.00000
124.7 24.84037 14 1.00000
124.8 24.81869 14 1.00000
124.9 24.84095 14 1.00000
125.0 24.92356 14 1.00000
125.1 24.95479 14 1.00000
125.2 24.98185 14 1.00000
125.3 25.00666 14 1.00000
125.4 24.79682 14 1.00000
125.5 24.82351 14 1.00000
125.6 24.85108 14 1.00000
125.7 24.82529 14 1.00000
125.8 24.85674 14 1.00000
125.9 24.92211 14 1.00000
126.0 24.95843 14 1.00000
126.1 24.98594 14 1.00000
126.2 24.77249 14 1.00000
126.3 24.80483 14 1.00000
126.4 24.83008 14 1.00000
126.5 24.87321 14 1.00000
126.6 24.83103 14 1.00000
126.7 24.87488 14 1.00000
126.8 24.94520 14 1.00000
126.9 24.95413 14 1.00000
127.0 24.98930 14 1.00000
127.1 24.78237 14 1.00000
127.2 24.81151 14 1.00000
127.3 24.83736 14 1.00000
127.4 24.81315 14 1.00000
127.5 24.83817 14 1.00000
127.6 24.92279 14 1.00000
127.7 24.95123 14 1.00000
127.8 24.97602 14 1.00000
127.9 24.98603 14 1.00000
128.0 24.79101 14 1.00000
128.1 24.81875 14 1.00000
128.2 24.84089 14 1.00000
128.3 24.81985 14 1.00000
128.4 24.84250 14 1.00000
128.5 24.92323 14 1.00000
128.6 24.95763 14 1.00000
128.7 24.98359 14 1.00000
128.8 25.00903 14 1.00000
128.9 24.79916 14 1.00000
129.0 24.82538 14 1.00000
129.1 24.85663 14 1.00000
129.2 24.82637 14 1.00000
129.3 24.85974 14 1.00000
129.4 24.92279 14 1.00000
129.5 24.95808 14 1.00000
129.6 24.98874 14 1.00000
129.7 24.77394 14 1.00000
129.8 24.80591 14 1.00000
129.9 24.83076 14 1.00000
130.0 24.87453 14 1.00000
130.1 24.83171 14 1.00000
130.2 24.92008 14 1.00000
130.3 24.94621 14 1.00000
130.4 24.95535 14 1.00000
130.5 24.98889 14 1.00000
130.6 24.78361 14 1.00000
130.7 24.81263 14 1.00000
130.8 24.83790 14 1.00000
130.9 24.81421 14 1.00000
131.0 24.83870 14 1.00000
131.1 24.92316 14 1.00000
131.2 24.95231 14 1.00000
131.3 24.97694 14 1.00000
131.4 24.98684 14 1.00000
131.5 24.79209 14 1.00000
131.6 24.81969 14 1.00000
131.7 24.84161 14 1.00000
131.8 24.82063 14 1.00000
131.9 24.84443 14 1.00000
132.0 24.92283 14 1.00000
132.1 24.95811 14 1.00000
132.2 24.98424 14 1.00000
132.3 25.00994 14 1.00000
132.4 24.80012 14 1.00000
132.5 24.82616 14 1.00000
132.6 24.85929 14 1.00000
132.7 24.82721 14 1.00000
132.8 24.86213 14 1.00000
132.9 24.92637 14 1.00000
133.0 24.95765 14 1.00000
133.1 24.98922 14 1.00000
133.2 24.77515 14 1.00000
133.3 24.80678 14 1.00000
133.4 24.83131 14 1.00000
133.5 24.91777 14 1.00000
133.6 24.83227 14 1.00000
133.7 24.92064 14 1.00000
133.8 24.94706 14 1.00000
133.9 24.96106 14 1.00000
134.0 24.98838 14 1.00000
134.1 24.78476 14 1.00000
134.2 24.81365 14 1.00000
134.3 24.83838 14 1.00000
134.4 24.81582 14 1.00000
134.5 24.83929 14 1.00000
134.6 24.92343 14 1.00000
134.7 24.95288 14 1.00000
134.8 24.97786 14 1.00000
134.9 24.99140 14 1.00000
135.0 24.79321 14 1.00000
135.1 24.82067 14 1.00000
135.2 24.84346 14 1.00000
135.3 24.82157 14 1.00000
135.4 24.84662 14 1.00000
135.5 24.92193 14 1.00000
135.6 24.95841 14 1.00000
135.7 24.98476 14 1.00000
135.8 25.01101 14 1.00000
135.9 24.80125 14 1.00000
136.0 24.82708 14 1.00000
136.1 24.86268 14 1.00000
136.2 24.82798 14 1.00000
136.3 24.86533 14 1.00000
136.4 24.93160 14 1.00000
136.5 24.95674 14 1.00000
136.6 24.98958 14 1.00000
136.7 24.77660 14 1.00000
136.8 24.80794 14 1.00000
136.9 24.83201 14 1.00000
137.0 24.92060 14 1.00000
137.1 24.83299 14 1.00000
137.2 24.92167 14 1.00000
137.3 24.94825 14 1.00000
137.4 24.96966 14 1.00000
137.5 24.98740 14 1.00000
137.6 24.78756 14 1.00000
137.7 24.81490 14 1.00000
137.8 24.83911 14 1.00000
137.9 24.81713 14 1.00000
138.0 24.84033 14 1.00000
138.1 24.92372 14 1.00000
138.2 24.95416 14 1.00000
138.3 24.98021 14 1.00000
138.4 25.00026 14 1.00000
138.5 24.79493 14 1.00000
138.6 24.82208 14 1.00000
138.7 24.84660 14 1.00000
138.8 24.82291 14 1.00000
138.9 24.85028 14 1.00000
139.0 24.92384 14 1.00000
139.1 24.95858 14 1.00000
139.2 24.98545 14 1.00000
139.3 25.01280 14 1.00000
139.4 24.80320 14 1.00000
139.5 24.82845 14 1.00000
139.6 24.86775 14 1.00000
139.7 24.82916 14 1.00000
139.8 24.87125 14 1.00000
139.9 24.94259 14 1.00000
140.0 24.95435 14 1.00000
140.1 24.98965 14 1.00000
140.2 24.77989 14 1.00000
140.3 24.81009 14 1.00000
140.4 24.83321 14 1.00000
140.5 24.81191 14 1.00000
140.6 24.83758 14 1.00000
140.7 24.92275 14 1.00000
140.8 24.95024 14 1.00000
140.9 24.97509 14 1.00000
141.0 24.98741 14 1.00000
141.1 24.78988 14 1.00000
141.2 24.81795 14 1.00000
141.3 24.84049 14 1.00000
141.4 24.81904 14 1.00000
141.5 24.84115 14 1.00000
141.6 24.92344 14 1.00000
141.7 24.95500 14 1.00000
141.8 24.98226 14 1.00000
141.9 25.00734 14 1.00000
142.0 24.79776 14 1.00000
142.1 24.82441 14 1.00000
142.2 24.85333 14 1.00000
142.3 24.82514 14 1.00000
142.4 24.85627 14 1.00000
142.5 24.92219 14 1.00000
142.6 24.95802 14 1.00000
142.7 24.98884 14 1.00000
142.8 24.77362 14 1.00000
142.9 24.80594 14 1.00000
143.0 24.83034 14 1.00000
143.1 24.87487 14 1.00000
143.2 24.83180 14 1.00000
143.3 24.92042 14 1.00000
143.4 24.94657 14 1.00000
143.5 24.95858 14 1.00000
143.6 24.98858 14 1.00000
143.7 24.78453 14 1.00000
143.8 24.81354 14 1.00000
143.9 24.83845 14 1.00000
144.0 24.81498 14 1.00000
144.1 24.83929 14 1.00000
144.2 24.92349 14 1.00000
144.3 24.95285 14 1.00000
144.4 24.97845 14 1.00000
144.5 24.99494 14 1.00000
144.6 24.79396 14 1.00000
144.7 24.82132 14 1.00000
144.8 24.84510 14 1.00000
144.9 24.82253 14 1.00000
145.0 24.84921 14 1.00000
145.1 24.92428 14 1.00000
145.2 24.95857 14 1.00000
145.3 24.98534 14 1.00000
145.4 25.01266 14 1.00000
145.5 24.80302 14 1.00000
145.6 24.82838 14 1.00000
145.7 24.86825 14 1.00000
145.8 24.82924 14 1.00000
145.9 24.87149 14 1.00000
146.0 24.94298 14 1.00000
146.1 24.95378 14 1.00000
146.2 24.98964 14 1.00000
146.3 24.78051 14 1.00000
146.4 24.81061 14 1.00000
146.5 24.83360 14 1.00000
146.6 24.81266 14 1.00000
146.7 24.83815 14 1.00000
146.8 24.92278 14 1.00000
146.9 24.95105 14 1.00000
147.0 24.97639 14 1.00000
147.1 24.98528 14 1.00000
147.2 24.79120 14 1.00000
147.3 24.81929 14 1.00000
147.4 24.84097 14 1.00000
147.5 24.82059 14 1.00000
147.6 24.84490 14 1.00000
147.7 24.92285 14 1.00000
147.8 24.95786 14 1.00000
147.9 24.98365 14 1.00000
148.0 25.00974 14 1.00000
148.1 24.80122 14 1.00000
148.2 24.82621 14 1.00000
148.3 24.86029 14 1.00000
148.4 24.82804 14 1.00000
148.5 24.86613 14 1.00000
148.6 24.93576 14 1.00000
148.7 24.95631 14 1.00000
148.8 24.98960 14 1.00000
148.9 24.77792 14 1.00000
149.0 24.80904 14 1.00000
149.1 24.83289 14 1.00000
149.2 24.92159 14 1.00000
149.3 24.83733 14 1.00000
149.4 24.92275 14 1.00000
149.5 24.95011 14 1.00000
149.6 24.97511 14 1.00000
149.7 24.98718 14 1.00000
149.8 24.79020 14 1.00000
149.9 24.81852 14 1.00000
150.0 24.84070 14 1.00000
150.1 24.81998 14 1.00000
150.2 24.84299 14 1.00000
150.3 24.92313 14 1.00000
150.4 24.95768 14 1.00000
150.5 24.98326 14 1.00000
150.6 25.00900 14 1.00000
150.7 24.79966 14 1.00000
150.8 24.82593 14 1.00000
150.9 24.85982 14 1.00000
151.0 24.82783 14 1.00000
151.1 24.86577 14 1.00000
151.2 24.93443 14 1.00000
151.3 24.95636 14 1.00000
151.4 24.98955 14 1.00000
151.5 24.77770 14 1.00000
151.6 24.80922 14 1.00000
151.7 24.83278 14 1.00000
151.8 24.92173 14 1.00000
151.9 24.83740 14 1.00000
152.0 24.92289 14 1.00000
152.1 24.95052 14 1.00000
152.2 24.97549 14 1.00000
152.3 24.98628 14 1.00000
152.4 24.79066 14 1.00000
152.5 24.81917 14 1.00000
152.6 24.84095 14 1.00000
152.7 24.82058 14 1.00000
152.8 24.84500 14 1.00000
152.9 24.92278 14 1.00000
153.0 24.95804 14 1.00000
153.1 24.98398 14 1.00000
153.2 25.01036 14 1.00000
153.3 24.80190 14 1.00000
153.4 24.82678 14 1.00000
153.5 24.86626 14 1.00000
153.6 24.82898 14 1.00000
153.7 24.87003 14 1.00000
153.8 24.94263 14 1.00000
153.9 24.95428 14 1.00000
154.0 24.98962 14 1.00000
154.1 24.78082 14 1.00000
154.2 24.81104 14 1.00000
154.3 24.83745 14 1.00000
154.4 24.92266 14 1.00000
154.5 24.83875 14 1.00000
154.6 24.92325 14 1.00000
154.7 24.95206 14 1.00000
154.8 24.97798 14 1.00000
154.9 24.99128 14 1.00000
155.0 24.79366 14 1.00000
155.1 24.82145 14 1.00000
155.2 24.84515 14 1.00000
155.3 24.82275 14 1.00000
155.4 24.85031 14 1.00000
155.5 24.92346 14 1.00000
155.6 24.95853 14 1.00000
155.7 24.98579 14 1.00000
155.8 24.77207 14 1.00000
155.9 24.80486 14 1.00000
156.0 24.82959 14 1.00000
156.1 24.87295 14 1.00000
156.2 24.83105 14 1.00000
156.3 24.92003 14 1.00000
156.4 24.94695 14 1.00000
156.5 24.96064 14 1.00000
156.6 24.98797 14 1.00000
156.7 24.78595 14 1.00000
156.8 24.81483 14 1.00000
156.9 24.83937 14 1.00000
157.0 24.81673 14 1.00000
157.1 24.84042 14 1.00000
157.2 24.92363 14 1.00000
157.3 24.95493 14 1.00000
157.4 24.98233 14 1.00000
157.5 25.00762 14 1.00000
157.6 24.79823 14 1.00000
157.7 24.82540 14 1.00000
157.8 24.85750 14 1.00000
157.9 24.82663 14 1.00000
158.0 24.86168 14 1.00000
158.1 24.93293 14 1.00000
158.2 24.95608 14 1.00000
158.3 24.98960 14 1.00000
158.4 24.77814 14 1.00000
158.5 24.80987 14 1.00000
158.6 24.83341 14 1.00000
158.7 24.92245 14 1.00000
158.8 24.83828 14 1.00000
158.9 24.92311 14 1.00000
159.0 24.95182 14 1.00000
159.1 24.97777 14 1.00000
159.2 24.99253 14 1.00000
159.3 24.79349 14 1.00000
159.4 24.82152 14 1.00000
159.5 24.84584 14 1.00000
159.6 24.82314 14 1.00000
159.7 24.85246 14 1.00000
159.8 24.92266 14 1.00000
159.9 24.95837 14 1.00000
160.0 24.98598 14 1.00000
160.1 24.77337 14 1.00000
160.2 24.80648 14 1.00000
160.3 24.83067 14 1.00000
160.4 24.91750 14 1.00000
160.5 24.83257 14 1.00000
160.6 24.92164 14 1.00000
160.7 24.94929 14 1.00000
160.8 24.97384 14 1.00000
160.9 24.98519 14 1.00000
161.0 24.78852 14 1.00000
161.1 24.81764 14 1.00000
161.2 24.84052 14 1.00000
161.3 24.82051 14 1.00000
161.4 24.84517 14 1.00000
161.5 24.92242 14 1.00000
161.6 24.95826 14 1.00000
161.7 24.98455 14 1.00000
161.8 25.01166 14 1.00000
161.9 24.80347 14 1.00000
162.0 24.82881 14 1.00000
162.1 24.87204 14 1.00000
162.2 24.83049 14 1.00000
162.3 24.87437 14 1.00000
162.4 24.94575 14 1.00000
162.5 24.95496 14 1.00000
162.6 24.98781 14 1.00000
162.7 24.78629 14 1.00000
162.8 24.81549 14 1.00000
162.9 24.83972 14 1.00000
163.0 24.81760 14 1.00000
163.1 24.84113 14 1.00000
163.2 24.92328 14 1.00000
163.3 24.95773 14 1.00000
163.4 24.98361 14 1.00000
163.5 25.00963 14 1.00000
163.6 24.80103 14 1.00000
163.7 24.82730 14 1.00000
163.8 24.86908 14 1.00000
163.9 24.82969 14 1.00000
164.0 24.87247 14 1.00000
164.1 24.94455 14 1.00000
164.2 24.95381 14 1.00000
164.3 24.98846 14 1.00000
164.4 24.78524 14 1.00000
164.5 24.81423 14 1.00000
164.6 24.83938 14 1.00000
164.7 24.81706 14 1.00000
164.8 24.84066 14 1.00000
164.9 24.92350 14 1.00000
165.0 24.95510 14 1.00000
165.1 24.98333 14 1.00000
165.2 25.00948 14 1.00000
165.3 24.80069 14 1.00000
165.4 24.82708 14 1.00000
165.5 24.86493 14 1.00000
165.6 24.82964 14 1.00000
165.7 24.87268 14 1.00000
165.8 24.94467 14 1.00000
165.9 24.95370 14 1.00000
166.0 24.98846 14 1.00000
166.1 24.78553 14 1.00000
166.2 24.81453 14 1.00000
166.3 24.83959 14 1.00000
166.4 24.81742 14 1.00000
166.5 24.84107 14 1.00000
166.6 24.92329 14 1.00000
166.7 24.95781 14 1.00000
166.8 24.98386 14 1.00000
166.9 25.01025 14 1.00000
167.0 24.80151 14 1.00000
167.1 24.82782 14 1.00000
167.2 24.87165 14 1.00000
167.3 24.83037 14 1.00000
167.4 24.87430 14 1.00000
167.5 24.94582 14 1.00000
167.6 24.95751 14 1.00000
167.7 24.98726 14 1.00000
167.8 24.78719 14 1.00000
167.9 24.81638 14 1.00000
168.0 24.84017 14 1.00000
168.1 24.81989 14 1.00000
168.2 24.84515 14 1.00000
168.3 24.92208 14 1.00000
168.4 24.95837 14 1.00000
168.5 24.98482 14 1.00000
168.6 25.01353 14 1.00000
168.7 24.80485 14 1.00000
168.8 24.82995 14 1.00000
168.9 24.87417 14 1.00000
169.0 24.83161 14 1.00000
169.1 24.92141 14 1.00000
169.2 24.94927 14 1.00000
169.3 24.97493 14 1.00000
169.4 24.98674 14 1.00000
169.5 24.79170 14 1.00000
169.6 24.82057 14 1.00000
169.7 24.84428 14 1.00000
169.8 24.82323 14 1.00000
169.9 24.85339 14 1.00000
170.0 24.92184 14 1.00000
170.1 24.95795 14 1.00000
170.2 24.98911 14 1.00000
170.3 24.77617 14 1.00000
170.4 24.80890 14 1.00000
170.5 24.83295 14 1.00000
170.6 24.92238 14 1.00000
170.7 24.83852 14 1.00000
170.8 24.92337 14 1.00000
170.9 24.95284 14 1.00000
171.0 24.97969 14 1.00000
171.1 25.00584 14 1.00000
171.2 24.79737 14 1.00000
171.3 24.82444 14 1.00000
171.4 24.85532 14 1.00000
171.5 24.82709 14 1.00000
171.6 24.86475 14 1.00000
171.7 24.94300 14 1.00000
171.8 24.95663 14 1.00000
171.9 24.98932 14 1.00000
172.0 24.78347 14 1.00000
172.1 24.81371 14 1.00000
172.2 24.83946 14 1.00000
172.3 24.81726 14 1.00000
172.4 24.84080 14 1.00000
172.5 24.92316 14 1.00000
172.6 24.95802 14 1.00000
172.7 24.98445 14 1.00000
172.8 25.01173 14 1.00000
172.9 24.80416 14 1.00000
173.0 24.82965 14 1.00000
173.1 24.87383 14 1.00000
173.2 24.83175 14 1.00000
173.3 24.92148 14 1.00000
173.4 24.94953 14 1.00000
173.5 24.97544 14 1.00000
173.6 24.98669 14 1.00000
173.7 24.79302 14 1.00000
173.8 24.82180 14 1.00000
173.9 24.84775 14 1.00000
174.0 24.82447 14 1.00000
174.1 24.85758 14 1.00000
174.2 24.92925 14 1.00000
174.3 24.95672 14 1.00000
174.4 24.98963 14 1.00000
174.5 24.77972 14 1.00000
174.6 24.81163 14 1.00000
174.7 24.83864 14 1.00000
174.8 24.81574 14 1.00000
174.9 24.84026 14 1.00000
175.0 24.92368 14 1.00000
175.1 24.95750 14 1.00000
175.2 24.98381 14 1.00000
175.3 25.01058 14 1.00000
175.4 24.80223 14 1.00000
175.5 24.82922 14 1.00000
175.6 24.87338 14 1.00000
175.7 24.83149 14 1.00000
175.8 24.92128 14 1.00000
175.9 24.94927 14 1.00000
176.0 24.97541 14 1.00000
176.1 24.98770 14 1.00000
176.2 24.79318 14 1.00000
176.3 24.82215 14 1.00000
176.4 24.84849 14 1.00000
176.5 24.82531 14 1.00000
176.6 24.85987 14 1.00000
176.7 24.93471 14 1.00000
176.8 24.95469 14 1.00000
176.9 24.98963 14 1.00000
177.0 24.78238 14 1.00000
177.1 24.81358 14 1.00000
177.2 24.83932 14 1.00000
177.3 24.81748 14 1.00000
177.4 24.84093 14 1.00000
177.5 24.92293 14 1.00000
177.6 24.95834 14 1.00000
177.7 24.98494 14 1.00000
177.8 25.01412 14 1.00000
177.9 24.80586 14 1.00000
178.0 24.83101 14 1.00000
178.1 24.92145 14 1.00000
178.2 24.83743 14 1.00000
178.3 24.92307 14 1.00000
178.4 24.95258 14 1.00000
178.5 24.97972 14 1.00000
178.6 25.00637 14 1.00000
178.7 24.79798 14 1.00000
178.8 24.82574 14 1.00000
178.9 24.86279 14 1.00000
179.0 24.82849 14 1.00000
179.1 24.87342 14 1.00000
179.2 24.94589 14 1.00000
179.3 24.95996 14 1.00000
179.4 24.98573 14 1.00000
179.5 24.78910 14 1.00000
179.6 24.81877 14 1.00000
179.7 24.84431 14 1.00000
179.8 24.82331 14 1.00000
179.9 24.85605 14 1.00000
180.0 24.92736 14 1.00000
180.1 24.95665 14 1.00000
180.2 24.98965 14 1.00000
180.3 24.78019 14 1.00000
180.4 24.81285 14 1.00000
180.5 24.83917 14 1.00000
180.6 24.81741 14 1.00000
180.7 24.84098 14 1.00000
180.8 24.92288 14 1.00000
180.9 24.95841 14 1.00000
181.0 24.98533 14 1.00000
181.1 24.77283 14 1.00000
181.2 24.80704 14 1.00000
181.3 24.83194 14 1.00000
181.4 24.92230 14 1.00000
181.5 24.83878 14 1.00000
181.6 24.92360 14 1.00000
181.7 24.95375 14 1.00000
181.8 24.98162 14 1.00000
181.9 25.00904 14 1.00000
182.0 24.80117 14 1.00000
182.1 24.82801 14 1.00000
182.2 24.87299 14 1.00000
182.3 24.83158 14 1.00000
182.4 24.92167 14 1.00000
182.5 24.95043 14 1.00000
182.6 24.97694 14 1.00000
182.7 24.99671 14 1.00000
182.8 24.79594 14 1.00000
182.9 24.82431 14 1.00000
183.0 24.85665 14 1.00000
183.1 24.82800 14 1.00000
183.2 24.87247 14 1.00000
183.3 24.94563 14 1.00000
183.4 24.95982 14 1.00000
183.5 24.98541 14 1.00000
183.6 24.78958 14 1.00000
183.7 24.82046 14 1.00000
183.8 24.84621 14 1.00000
183.9 24.82477 14 1.00000
184.0 24.85961 14 1.00000
184.1 24.93688 14 1.00000
184.2 24.95685 14 1.00000
184.3 24.98927 14 1.00000
184.4 24.78476 14 1.00000
184.5 24.81552 14 1.00000
184.6 24.84048 14 1.00000
184.7 24.82134 14 1.00000
184.8 24.84991 14 1.00000
184.9 24.92151 14 1.00000
185.0 24.95737 14 1.00000
185.1 24.98961 14 1.00000
185.2 24.77988 14 1.00000
185.3 24.81247 14 1.00000
185.4 24.83925 14 1.00000
185.5 24.81775 14 1.00000
185.6 24.84362 14 1.00000
185.7 24.92161 14 1.00000
185.8 24.95859 14 1.00000
185.9 24.98870 14 1.00000
186.0 24.77608 14 1.00000
186.1 24.81003 14 1.00000
186.2 24.83776 14 1.00000
186.3 24.81553 14 1.00000
186.4 24.84035 14 1.00000
186.5 24.92356 14 1.00000
186.6 24.95815 14 1.00000
186.7 24.98508 14 1.00000
186.8 24.77315 14 1.00000
186.9 24.80752 14 1.00000
187.0 24.83231 14 1.00000
187.1 24.92289 14 1.00000
187.2 24.83958 14 1.00000
187.3 24.92372 14 1.00000
187.4 24.95487 14 1.00000
187.5 24.98405 14 1.00000
187.6 25.01202 14 1.00000
187.7 24.80573 14 1.00000
187.8 24.83138 14 1.00000
187.9 24.92207 14 1.00000
188.0 24.83879 14 1.00000
188.1 24.92367 14 1.00000
188.2 24.95426 14 1.00000
188.3 24.98259 14 1.00000
188.4 25.01089 14 1.00000
188.5 24.80358 14 1.00000
188.6 24.83049 14 1.00000
188.7 24.92043 14 1.00000
188.8 24.83812 14 1.00000
188.9 24.92349 14 1.00000
189.0 24.95384 14 1.00000
189.1 24.98216 14 1.00000
189.2 25.01029 14 1.00000
189.3 24.80285 14 1.00000
189.4 24.83010 14 1.00000
189.5 24.91998 14 1.00000
189.6 24.83781 14 1.00000
189.7 24.92336 14 1.00000
189.8 24.95366 14 1.00000
189.9 24.98188 14 1.00000
190.0 25.00989 14 1.00000
190.1 24.80279 14 1.00000
190.2 24.83005 14 1.00000
190.3 24.91776 14 1.00000
190.4 24.83743 14 1.00000
190.5 24.92346 14 1.00000
190.6 24.95376 14 1.00000
190.7 24.98201 14 1.00000
190.8 25.01005 14 1.00000
190.9 24.80293 14 1.00000
191.0 24.83034 14 1.00000
191.1 24.92023 14 1.00000
191.2 24.83812 14 1.00000
191.3 24.92354 14 1.00000
191.4 24.95396 14 1.00000
191.5 24.98256 14 1.00000
191.6 25.01077 14 1.00000
191.7 24.80374 14 1.00000
191.8 24.83075 14 1.00000
191.9 24.92101 14 1.00000
192.0 24.83885 14 1.00000
192.1 24.92370 14 1.00000
192.2 24.95438 14 1.00000
192.3 24.98385 14 1.00000
192.4 25.01204 14 1.00000
192.5 24.80598 14 1.00000
192.6 24.83166 14 1.00000
192.7 24.92245 14 1.00000
192.8 24.83941 14 1.00000
192.9 24.92370 14 1.00000
193.0 24.95505 14 1.00000
193.1 24.98491 14 1.00000
193.2 25.01407 14 1.00000
193.3 24.80788 14 1.00000
193.4 24.83342 14 1.00000
193.5 24.92304 14 1.00000
193.6 24.84038 14 1.00000
193.7 24.92343 14 1.00000
193.8 24.95847 14 1.00000
193.9 24.98568 14 1.00000
194.0 24.77605 14 1.00000
194.1 24.81083 14 1.00000
194.2 24.83862 14 1.00000
194.3 24.81733 14 1.00000
194.4 24.84169 14 1.00000
194.5 24.92083 14 1.00000
194.6 24.95827 14 1.00000
194.7 24.98954 14 1.00000
194.8 24.78045 14 1.00000
194.9 24.81373 14 1.00000
195.0 24.83990 14 1.00000
195.1 24.81988 14 1.00000
195.2 24.85092 14 1.00000
195.3 24.92341 14 1.00000
195.4 24.95571 14 1.00000
195.5 24.98942 14 1.00000
195.6 24.78519 14 1.00000
195.7 24.81740 14 1.00000
195.8 24.84113 14 1.00000
195.9 24.82419 14 1.00000
196.0 24.86246 14 1.00000
196.1 24.94337 14 1.00000
196.2 24.95567 14 1.00000
196.3 24.98573 14 1.00000
196.4 24.79028 14 1.00000
196.5 24.82235 14 1.00000
196.6 24.85540 14 1.00000
196.7 24.82817 14 1.00000
196.8 24.87397 14 1.00000
196.9 24.94773 14 1.00000
197.0 24.97528 14 1.00000
197.1 25.00040 14 1.00000
197.2 24.79788 14 1.00000
197.3 24.82667 14 1.00000
197.4 24.87043 14 1.00000
197.5 24.83191 14 1.00000
197.6 24.92275 14 1.00000
197.7 24.95295 14 1.00000
197.8 24.98158 14 1.00000
197.9 25.01005 14 1.00000
198.0 24.80360 14 1.00000
198.1 24.83080 14 1.00000
198.2 24.92198 14 1.00000
198.3 24.83941 14 1.00000
198.4 24.92368 14 1.00000
198.5 24.95811 14 1.00000
198.6 24.98536 14 1.00000
198.7 24.77442 14 1.00000
198.8 24.81039 14 1.00000
198.9 24.83886 14 1.00000
199.0 24.81768 14 1.00000
199.1 24.84617 14 1.00000
199.2 24.92306 14 1.00000
199.3 24.95713 14 1.00000
199.4 24.98960 14 1.00000
199.5 24.78444 14 1.00000
199.6 24.81644 14 1.00000
199.7 24.84126 14 1.00000
199.8 24.82448 14 1.00000
199.9 24.86427 14 1.00000
200.0 24.94430 14 1.00000
200.1 24.96160 14 1.00000
200.2 24.98714 14 1.00000
200.3 24.79428 14 1.00000
200.4 24.82493 14 1.00000
200.5 24.86136 14 1.00000
200.6 24.83078 14 1.00000
200.7 24.92103 14 1.00000
200.8 24.95213 14 1.00000
200.9 24.98118 14 1.00000
201.0 25.00983 14 1.00000
201.1 24.80322 14 1.00000
201.2 24.83101 14 1.00000
201.3 24.92232 14 1.00000
201.4 24.83981 14 1.00000
201.5 24.92356 14 1.00000
201.6 24.95841 14 1.00000
201.7 24.98580 14 1.00000
201.8 24.77721 14 1.00000
201.9 24.81278 14 1.00000
202.0 24.83986 14 1.00000
202.1 24.82028 14 1.00000
202.2 24.85252 14 1.00000
202.3 24.93143 14 1.00000
202.4 24.95474 14 1.00000
202.5 24.98770 14 1.00000
202.6 24.79016 14 1.00000
202.7 24.82246 14 1.00000
202.8 24.85717 14 1.00000
202.9 24.82902 14 1.00000
203.0 24.91996 14 1.00000
203.1 24.95045 14 1.00000
203.2 24.97916 14 1.00000
203.3 25.00871 14 1.00000
203.4 24.80250 14 1.00000
203.5 24.83074 14 1.00000
203.6 24.92207 14 1.00000
203.7 24.83986 14 1.00000
203.8 24.92353 14 1.00000
203.9 24.95852 14 1.00000
204.0 24.98588 14 1.00000
204.1 24.77908 14 1.00000
204.2 24.81371 14 1.00000
204.3 24.84048 14 1.00000
204.4 24.82249 14 1.00000
204.5 24.86007 14 1.00000
204.6 24.94339 14 1.00000
204.7 24.95835 14 1.00000
204.8 24.98717 14 1.00000
204.9 24.79455 14 1.00000
205.0 24.82536 14 1.00000
205.1 24.86871 14 1.00000
205.2 24.83193 14 1.00000
205.3 24.92261 14 1.00000
205.4 24.95395 14 1.00000
205.5 24.98311 14 1.00000
205.6 25.01266 14 1.00000
205.7 24.80773 14 1.00000
205.8 24.83802 14 1.00000
205.9 24.81728 14 1.00000
206.0 24.84642 14 1.00000
206.1 24.92184 14 1.00000
206.2 24.95535 14 1.00000
206.3 24.98908 14 1.00000
206.4 24.78835 14 1.00000
206.5 24.82038 14 1.00000
206.6 24.85605 14 1.00000
206.7 24.82892 14 1.00000
206.8 24.91785 14 1.00000
206.9 24.95078 14 1.00000
207.0 24.98117 14 1.00000
207.1 25.01009 14 1.00000
207.2 24.80418 14 1.00000
207.3 24.83182 14 1.00000
207.4 24.92314 14 1.00000
207.5 24.84086 14 1.00000
207.6 24.92128 14 1.00000
207.7 24.95786 14 1.00000
207.8 24.98964 14 1.00000
207.9 24.78553 14 1.00000
208.0 24.81863 14 1.00000
208.1 24.84991 14 1.00000
208.2 24.82817 14 1.00000
208.3 24.91748 14 1.00000
208.4 24.95011 14 1.00000
208.5 24.97891 14 1.00000
208.6 25.00955 14 1.00000
208.7 24.80384 14 1.00000
208.8 24.83169 14 1.00000
208.9 24.92306 14 1.00000
209.0 24.84078 14 1.00000
209.1 24.92123 14 1.00000
209.2 24.95751 14 1.00000
209.3 24.98954 14 1.00000
209.4 24.78614 14 1.00000
209.5 24.81919 14 1.00000
209.6 24.85286 14 1.00000
209.7 24.82879 14 1.00000
209.8 24.91990 14 1.00000
209.9 24.95110 14 1.00000
210.0 24.98147 14 1.00000
210.1 25.01110 14 1.00000
210.2 24.80644 14 1.00000
210.3 24.83283 14 1.00000
210.4 24.81680 14 1.00000
210.5 24.84680 14 1.00000
210.6 24.92165 14 1.00000
210.7 24.95420 14 1.00000
210.8 24.98833 14 1.00000
210.9 24.79047 14 1.00000
211.0 24.82345 14 1.00000
211.1 24.86185 14 1.00000
211.2 24.83172 14 1.00000
211.3 24.92270 14 1.00000
211.4 24.95432 14 1.00000
211.5 24.98461 14 1.00000
211.6 24.77423 14 1.00000
211.7 24.81133 14 1.00000
211.8 24.83991 14 1.00000
211.9 24.82059 14 1.00000
212.0 24.85830 14 1.00000
212.1 24.94398 14 1.00000
212.2 24.96686 14 1.00000
212.3 24.99054 14 1.00000
212.4 24.79890 14 1.00000
212.5 24.82865 14 1.00000
212.6 24.92025 14 1.00000
212.7 24.83965 14 1.00000
212.8 24.92339 14 1.00000
212.9 24.95858 14 1.00000
213.0 24.98959 14 1.00000
213.1 24.78477 14 1.00000
213.2 24.81836 14 1.00000
213.3 24.85056 14 1.00000
213.4 24.82876 14 1.00000
213.5 24.92006 14 1.00000
213.6 24.95150 14 1.00000
213.7 24.98212 14 1.00000
213.8 25.01220 14 1.00000
213.9 24.80813 14 1.00000
214.0 24.83870 14 1.00000
214.1 24.81914 14 1.00000
214.2 24.85251 14 1.00000
214.3 24.94201 14 1.00000
214.4 24.96096 14 1.00000
214.5 24.98534 14 1.00000
214.6 24.79797 14 1.00000
214.7 24.82840 14 1.00000
214.8 24.92019 14 1.00000
214.9 24.83946 14 1.00000
215.0 24.92333 14 1.00000
215.1 24.95855 14 1.00000
215.2 24.98965 14 1.00000
215.3 24.78575 14 1.00000
215.4 24.81932 14 1.00000
215.5 24.85526 14 1.00000
215.6 24.82966 14 1.00000
215.7 24.92155 14 1.00000
215.8 24.95398 14 1.00000
215.9 24.98372 14 1.00000
216.0 24.77326 14 1.00000
216.1 24.81235 14 1.00000
216.2 24.84019 14 1.00000
216.3 24.82336 14 1.00000
216.4 24.86648 14 1.00000
216.5 24.94675 14 1.00000
216.6 24.97647 14 1.00000
216.7 25.00835 14 1.00000
216.8 24.80333 14 1.00000
216.9 24.83206 14 1.00000
217.0 24.92347 14 1.00000
217.1 24.84435 14 1.00000
217.2 24.92520 14 1.00000
217.3 24.95341 14 1.00000
217.4 24.98777 14 1.00000
217.5 24.79547 14 1.00000
217.6 24.82726 14 1.00000
217.7 24.91774 14 1.00000
217.8 24.83938 14 1.00000
217.9 24.92338 14 1.00000
218.0 24.95854 14 1.00000
218.1 24.98964 14 1.00000
218.2 24.78708 14 1.00000
218.3 24.82069 14 1.00000
218.4 24.86005 14 1.00000
218.5 24.83152 14 1.00000
218.6 24.92317 14 1.00000
218.7 24.95479 14 1.00000
218.8 24.98567 14 1.00000
218.9 24.77826 14 1.00000
219.0 24.81562 14 1.00000
219.1 24.84359 14 1.00000
219.2 24.82790 14 1.00000
219.3 24.91784 14 1.00000
219.4 24.95187 14 1.00000
219.5 24.98271 14 1.00000
219.6 25.01353 14 1.00000
219.7 24.81146 14 1.00000
219.8 24.84007 14 1.00000
219.9 24.82360 14 1.00000
220.0 24.86833 14 1.00000
220.1 24.94764 14 1.00000
220.2 24.97824 14 1.00000
220.3 25.01054 14 1.00000
220.4 24.80648 14 1.00000
220.5 24.83771 14 1.00000
220.6 24.81904 14 1.00000
220.7 24.85415 14 1.00000
220.8 24.94400 14 1.00000
220.9 24.97328 14 1.00000
221.0 25.00661 14 1.00000
221.1 24.80195 14 1.00000
221.2 24.83183 14 1.00000
221.3 24.92350 14 1.00000
221.4 24.84790 14 1.00000
221.5 24.92971 14 1.00000
221.6 24.95840 14 1.00000
221.7 24.98553 14 1.00000
221.8 24.79941 14 1.00000
221.9 24.82974 14 1.00000
222.0 24.92256 14 1.00000
222.1 24.84101 14 1.00000
222.2 24.92192 14 1.00000
222.3 24.95621 14 1.00000
222.4 24.98767 14 1.00000
222.5 24.79652 14 1.00000
222.6 24.82871 14 1.00000
222.7 24.92071 14 1.00000
222.8 24.84049 14 1.00000
222.9 24.92362 14 1.00000
223.0 24.95517 14 1.00000
223.1 24.98748 14 1.00000
223.2 24.79512 14 1.00000
223.3 24.82723 14 1.00000
223.4 24.92003 14 1.00000
223.5 24.84001 14 1.00000
223.6 24.92128 14 1.00000
223.7 24.95702 14 1.00000
223.8 24.98822 14 1.00000
223.9 24.79223 14 1.00000
224.0 24.82691 14 1.00000
224.1 24.91780 14 1.00000
224.2 24.83984 14 1.00000
224.3 24.92169 14 1.00000
224.4 24.95732 14 1.00000
224.5 24.98858 14 1.00000
224.6 24.79210 14 1.00000
224.7 24.82682 14 1.00000
224.8 24.91788 14 1.00000
224.9 24.83991 14 1.00000
225.0 24.92152 14 1.00000
225.1 24.95698 14 1.00000
225.2 24.98800 14 1.00000
225.3 24.79334 14 1.00000
225.4 24.82718 14 1.00000
225.5 24.92019 14 1.00000
225.6 24.84032 14 1.00000
225.7 24.92410 14 1.00000
225.8 24.95502 14 1.00000
225.9 24.98708 14 1.00000
226.0 24.79583 14 1.00000
226.1 24.82870 14 1.00000
226.2 24.92088 14 1.00000
226.3 24.84069 14 1.00000
226.4 24.92239 14 1.00000
226.5 24.95598 14 1.00000
226.6 24.98701 14 1.00000
226.7 24.79860 14 1.00000
226.8 24.82974 14 1.00000
226.9 24.92268 14 1.00000
227.0 24.84201 14 1.00000
227.1 24.92795 14 1.00000
227.2 24.96084 14 1.00000
227.3 24.98929 14 1.00000
227.4 24.80112 14 1.00000
227.5 24.83168 14 1.00000
227.6 24.81757 14 1.00000
227.7 24.85060 14 1.00000
227.8 24.94329 14 1.00000
227.9 24.97382 14 1.00000
228.0 25.00813 14 1.00000
228.1 24.80460 14 1.00000
228.2 24.83729 14 1.00000
228.3 24.82006 14 1.00000
228.4 24.86275 14 1.00000
228.5 24.94699 14 1.00000
228.6 24.97874 14 1.00000
228.7 25.01195 14 1.00000
228.8 24.80901 14 1.00000
228.9 24.84011 14 1.00000
229.0 24.82441 14 1.00000
229.1 24.87321 14 1.00000
229.2 24.95141 14 1.00000
229.3 24.98310 14 1.00000
229.4 24.77530 14 1.00000
229.5 24.81440 14 1.00000
229.6 24.84437 14 1.00000
229.7 24.82876 14 1.00000
229.8 24.92176 14 1.00000
229.9 24.95478 14 1.00000
230.0 24.98597 14 1.00000
230.1 24.78347 14 1.00000
230.2 24.81952 14 1.00000
230.3 24.86194 14 1.00000
230.4 24.83297 14 1.00000
230.5 24.92365 14 1.00000
230.6 24.95855 14 1.00000
230.7 24.98928 14 1.00000
230.8 24.79155 14 1.00000
230.9 24.82638 14 1.00000
231.0 24.92012 14 1.00000
231.1 24.84049 14 1.00000
231.2 24.92239 14 1.00000
231.3 24.95430 14 1.00000
231.4 24.98530 14 1.00000
231.5 24.80031 14 1.00000
231.6 24.83174 14 1.00000
231.7 24.81802 14 1.00000
231.8 24.85218 14 1.00000
231.9 24.94490 14 1.00000
232.0 24.97720 14 1.00000
232.1 25.01128 14 1.00000
232.2 24.80864 14 1.00000
232.3 24.83986 14 1.00000
232.4 24.82478 14 1.00000
232.5 24.91763 14 1.00000
232.6 24.95331 14 1.00000
232.7 24.98414 14 1.00000
232.8 24.77822 14 1.00000
232.9 24.81691 14 1.00000
233.0 24.85588 14 1.00000
233.1 24.83173 14 1.00000
233.2 24.92371 14 1.00000
233.3 24.95858 14 1.00000
233.4 24.98951 14 1.00000
233.5 24.79151 14 1.00000
233.6 24.82705 14 1.00000
233.7 24.92048 14 1.00000
233.8 24.84077 14 1.00000
233.9 24.92359 14 1.00000
234.0 24.96257 14 1.00000
234.1 24.99557 14 1.00000
234.2 24.80262 14 1.00000
234.3 24.83340 14 1.00000
234.4 24.82064 14 1.00000
234.5 24.86932 14 1.00000
234.6 24.94908 14 1.00000
234.7 24.98260 14 1.00000
234.8 24.77366 14 1.00000
234.9 24.81482 14 1.00000
235.0 24.84927 14 1.00000
235.1 24.83013 14 1.00000
235.2 24.92335 14 1.00000
235.3 24.95820 14 1.00000
235.4 24.98963 14 1.00000
235.5 24.79114 14 1.00000
235.6 24.82652 14 1.00000
235.7 24.92045 14 1.00000
235.8 24.84084 14 1.00000
235.9 24.92596 14 1.00000
236.0 24.96702 14 1.00000
236.1 25.00721 14 1.00000
236.2 24.80463 14 1.00000
236.3 24.83877 14 1.00000
236.4 24.82274 14 1.00000
236.5 24.87259 14 1.00000
236.6 24.95209 14 1.00000
236.7 24.98423 14 1.00000
236.8 24.77871 14 1.00000
236.9 24.81758 14 1.00000
237.0 24.86146 14 1.00000
237.1 24.83329 14 1.00000
237.2 24.92338 14 1.00000
237.3 24.95790 14 1.00000
237.4 24.98668 14 1.00000
237.5 24.79807 14 1.00000
237.6 24.83052 14 1.00000
237.7 24.81799 14 1.00000
237.8 24.85498 14 1.00000
237.9 24.94693 14 1.00000
238.0 24.97967 14 1.00000
238.1 25.01379 14 1.00000
238.2 24.81430 14 1.00000
238.3 24.84548 14 1.00000
238.4 24.83002 14 1.00000
238.5 24.92343 14 1.00000
238.6 24.95857 14 1.00000
238.7 24.98945 14 1.00000
238.8 24.79242 14 1.00000
238.9 24.82864 14 1.00000
239.0 24.92292 14 1.00000
239.1 24.84623 14 1.00000
239.2 24.94391 14 1.00000
239.3 24.97737 14 1.00000
239.4 25.01228 14 1.00000
239.5 24.81239 14 1.00000
239.6 24.84139 14 1.00000
239.7 24.82897 14 1.00000
239.8 24.92288 14 1.00000
239.9 24.95789 14 1.00000
240.0 24.98962 14 1.00000
240.1 24.79188 14 1.00000
240.2 24.82796 14 1.00000
240.3 24.92193 14 1.00000
240.4 24.84579 14 1.00000
240.5 24.94396 14 1.00000
240.6 24.97743 14 1.00000
240.7 25.01236 14 1.00000
240.8 24.81303 14 1.00000
240.9 24.84319 14 1.00000
241.0 24.82957 14 1.00000
241.1 24.92339 14 1.00000
241.2 24.95858 14 1.00000
241.3 24.98916 14 1.00000
241.4 24.79311 14 1.00000
241.5 24.82961 14 1.00000
241.6 24.92348 14 1.00000
241.7 24.85276 14 1.00000
241.8 24.94624 14 1.00000
241.9 24.98004 14 1.00000
242.0 25.01465 14 1.00000
242.1 24.81525 14 1.00000
242.2 24.85405 14 1.00000
242.3 24.83257 14 1.00000
242.4 24.92347 14 1.00000
242.5 24.95782 14 1.00000
242.6 24.98874 14 1.00000
242.7 24.80052 14 1.00000
242.8 24.83250 14 1.00000
242.9 24.82037 14 1.00000
243.0 24.87160 14 1.00000
243.1 24.95184 14 1.00000
243.2 24.98510 14 1.00000
243.3 24.78125 14 1.00000
243.4 24.82070 14 1.00000
243.5 24.87287 14 1.00000
243.6 24.84024 14 1.00000
243.7 24.92200 14 1.00000
243.8 24.97032 14 1.00000
243.9 25.00894 14 1.00000
244.0 24.80836 14 1.00000
244.1 24.84059 14 1.00000
244.2 24.82823 14 1.00000
244.3 24.92229 14 1.00000
244.4 24.95800 14 1.00000
244.5 24.98943 14 1.00000
244.6 24.79407 14 1.00000
244.7 24.82991 14 1.00000
244.8 24.92357 14 1.00000
244.9 24.85596 14 1.00000
245.0 24.94859 14 1.00000
245.1 24.98307 14 1.00000
245.2 24.77711 14 1.00000
245.3 24.81840 14 1.00000
245.4 24.86561 14 1.00000
245.5 24.83929 14 1.00000
245.6 24.92236 14 1.00000
245.7 24.96421 14 1.00000
245.8 25.00787 14 1.00000
245.9 24.80769 14 1.00000
246.0 24.84053 14 1.00000
246.1 24.82830 14 1.00000
246.2 24.92292 14 1.00000
246.3 24.95852 14 1.00000
246.4 24.98894 14 1.00000
246.5 24.79641 14 1.00000
246.6 24.83062 14 1.00000
246.7 24.81918 14 1.00000
246.8 24.86971 14 1.00000
246.9 24.95157 14 1.00000
247.0 24.98516 14 1.00000
247.1 24.78174 14 1.00000
247.2 24.82285 14 1.00000
247.3 24.91992 14 1.00000
247.4 24.84101 14 1.00000
247.5 24.94131 14 1.00000
247.6 24.97670 14 1.00000
247.7 25.01295 14 1.00000
247.8 24.81426 14 1.00000
247.9 24.85388 14 1.00000
248.0 24.83282 14 1.00000
248.1 24.92320 14 1.00000
248.2 24.95628 14 1.00000
248.3 24.99059 14 1.00000
248.4 24.80468 14 1.00000
248.5 24.83957 14 1.00000
248.6 24.82622 14 1.00000
248.7 24.92203 14 1.00000
248.8 24.95801 14 1.00000
248.9 24.98928 14 1.00000
249.0 24.79656 14 1.00000
249.1 24.83144 14 1.00000
249.2 24.81976 14 1.00000
249.3 24.87192 14 1.00000
249.4 24.95292 14 1.00000
249.5 24.98586 14 1.00000
249.6 24.78652 14 1.00000
249.7 24.82658 14 1.00000
249.8 24.92167 14 1.00000
249.9 24.85102 14 1.00000
250.0 24.94651 14 1.00000
