15.0 1.43776 13 0.04318
15.1 1.44518 13 0.04353
15.2 1.45259 13 0.04388
15.3 1.46001 13 0.04422
15.4 1.46742 13 0.04456
15.5 1.47484 13 0.04489
15.6 1.48225 13 0.04522
15.7 1.48966 13 0.04555
15.8 1.49707 13 0.04587
15.9 1.50448 13 0.04618
16.0 1.51189 13 0.04650
16.1 1.51930 13 0.04676
16.2 1.52671 13 0.04707
16.3 1.53411 13 0.04737
16.4 1.54151 13 0.04767
16.5 1.54892 13 0.04796
16.6 1.55632 13 0.04826
16.7 1.56372 13 0.04854
16.8 1.57112 13 0.04883
16.9 1.57851 13 0.04911
17.0 1.58591 13 0.04939
17.1 1.59330 13 0.04967
17.2 1.60069 13 0.04994
17.3 1.60981 13 0.05035
17.4 1.62150 13 0.05095
17.5 1.63327 13 0.05156
17.6 1.64514 13 0.05217
17.7 1.65711 13 0.05278
17.8 1.66916 13 0.05339
17.9 1.68131 13 0.05400
18.0 1.69356 13 0.05461
18.1 1.70589 13 0.05523
18.2 1.71833 13 0.05585
18.3 1.73086 13 0.05647
18.4 1.74349 13 0.05709
18.5 1.75621 13 0.05771
18.6 1.76903 13 0.05834
18.7 1.78195 13 0.05896
18.8 1.79497 13 0.05959
18.9 1.80809 13 0.06022
19.0 1.82131 13 0.06086
19.1 1.83464 13 0.06149
19.2 1.84806 13 0.06213
19.3 1.86159 13 0.06277
19.4 1.87522 13 0.06341
19.5 1.88895 13 0.06405
19.6 1.90279 13 0.06470
19.7 1.91673 13 0.06535
19.8 17.40459 14 1.00000
19.9 17.48925 14 1.00000
20.0 17.57387 14 1.00000
20.1 17.65847 14 1.00000
20.2 17.74309 14 1.00000
20.3 17.82768 14 1.00000
20.4 17.91222 14 1.00000
20.5 17.99673 14 1.00000
20.6 18.08120 14 1.00000
20.7 18.16563 14 1.00000
20.8 18.25003 14 1.00000
20.9 18.33438 14 1.00000
21.0 18.41870 14 1.00000
21.1 18.50298 14 1.00000
21.2 18.58721 14 1.00000
21.3 18.67142 14 1.00000
21.4 18.75558 14 1.00000
21.5 18.83970 14 1.00000
21.6 18.92378 14 1.00000
21.7 19.00783 14 1.00000
21.8 19.09183 14 1.00000
21.9 19.17580 14 1.00000
22.0 19.25972 14 1.00000
22.1 19.34361 14 1.00000
22.2 19.42746 14 1.00000
22.3 19.51126 14 1.00000
22.4 19.59503 14 1.00000
22.5 19.67876 14 1.00000
22.6 5.52044 14 0.24495
22.7 5.63873 14 0.25012
22.8 5.75868 14 0.25532
22.9 5.88031 14 0.26057
23.0 6.00362 14 0.26586
23.1 6.12862 14 0.27119
23.2 6.25531 14 0.27656
23.3 6.38370 14 0.28198
23.4 6.51378 14 0.28744
23.5 6.64558 14 0.29294
23.6 6.77910 14 0.29848
23.7 6.91433 14 0.30406
23.8 7.05129 14 0.30968
23.9 7.18999 14 0.31534
24.0 7.33042 14 0.32104
24.1 7.47260 14 0.32679
24.2 7.61652 14 0.33257
24.3 7.76221 14 0.33839
24.4 7.90966 14 0.34425
24.5 8.05888 14 0.35016
24.6 8.20987 14 0.35610
24.7 8.36264 14 0.36208
24.8 8.51720 14 0.36810
24.9 8.67356 14 0.37416
25.0 8.83171 14 0.38026
25.1 8.99167 14 0.38640
25.2 9.15345 14 0.39257
25.3 9.31704 14 0.39879
25.4 9.48246 14 0.40504
25.5 9.64970 14 0.41133
25.6 9.81879 14 0.41766
25.7 9.98972 14 0.42403
25.8 10.16250 14 0.43044
25.9 10.33714 14 0.43688
26.0 10.51364 14 0.44337
26.1 10.69201 14 0.44989
26.2 10.87226 14 0.45644
26.3 11.05439 14 0.46304
26.4 11.23841 14 0.46967
26.5 11.42432 14 0.47634
26.6 11.61214 14 0.48305
26.7 11.80187 14 0.48980
26.8 11.99351 14 0.49658
26.9 12.18708 14 0.50340
27.0 12.38258 14 0.51025
27.1 12.58001 14 0.51715
27.2 12.77938 14 0.52408
27.3 12.98071 14 0.53105
27.4 13.18399 14 0.53805
27.5 13.38923 14 0.54509
27.6 13.59644 14 0.55217
27.7 13.80564 14 0.55929
27.8 14.01681 14 0.56644
27.9 14.22998 14 0.57363
28.0 14.44514 14 0.58085
28.1 14.66231 14 0.58811
28.2 14.88149 14 0.59541
28.3 15.10269 14 0.60275
28.4 15.32591 14 0.61012
28.5 15.55117 14 0.61752
28.6 15.77847 14 0.62497
28.7 16.00781 14 0.63245
28.8 16.23921 14 0.63996
28.9 16.47267 14 0.64752
29.0 16.70820 14 0.65511
29.1 16.94580 14 0.66273
29.2 17.18549 14 0.67039
29.3 17.42727 14 0.67809
29.4 17.67114 14 0.68583
29.5 17.91712 14 0.69360
29.6 18.16521 14 0.70140
29.7 18.41542 14 0.70925
29.8 18.66776 14 0.71712
29.9 18.92224 14 0.72504
30.0 19.17885 14 0.73299
30.1 19.43761 14 0.74098
30.2 19.69854 14 0.74900
30.3 19.96162 14 0.75706
30.4 20.22688 14 0.76516
30.5 20.49432 14 0.77329
30.6 20.76394 14 0.78146
30.7 21.03576 14 0.78966
30.8 21.30978 14 0.79790
30.9 21.58601 14 0.80618
31.0 21.86445 14 0.81449
31.1 22.14512 14 0.82284
31.2 22.42804 14 0.83123
31.3 22.71318 14 0.83965
31.4 23.00058 14 0.84811
31.5 23.29022 14 0.85660
31.6 23.58214 14 0.86514
31.7 23.87633 14 0.87370
31.8 24.17280 14 0.88231
31.9 24.47155 14 0.89095
32.0 24.77260 14 0.89962
32.1 25.07596 14 0.90834
32.2 25.38162 14 0.91709
32.3 25.68960 14 0.92587
32.4 25.99992 14 0.93469
32.5 26.31257 14 0.94355
32.6 26.62756 14 0.95245
32.7 26.86628 14 0.96140
32.8 27.18443 14 0.97037
32.9 27.50491 14 0.97937
33.0 27.82775 14 0.98840
33.1 28.15297 14 0.99748
33.2 28.30007 14 1.00000
33.3 28.37819 14 1.00000
33.4 28.45624 14 1.00000
33.5 28.53367 14 1.00000
33.6 28.61069 14 1.00000
33.7 28.68767 14 1.00000
33.8 28.76457 14 1.00000
33.9 28.84142 14 1.00000
34.0 28.91812 14 1.00000
34.1 28.99534 14 1.00000
34.2 29.07204 14 1.00000
34.3 29.14859 14 1.00000
34.4 29.09047 14 1.00000
34.5 29.16730 14 1.00000
34.6 29.24267 14 1.00000
34.7 29.22306 14 1.00000
34.8 29.29898 14 1.00000
34.9 29.22728 14 1.00000
35.0 29.30350 14 1.00000
35.1 29.37956 14 1.00000
35.2 29.45547 14 1.00000
35.3 29.38210 14 1.00000
35.4 29.45846 14 1.00000
35.5 29.53489 14 1.00000
35.6 29.61104 14 1.00000
35.7 29.53576 14 1.00000
35.8 27.88078 14 1.00000
35.9 26.01594 14 1.00000
36.0 23.55274 14 1.00000
36.1 22.16552 14 1.00000
36.2 20.10022 14 1.00000
36.3 17.88266 14 1.00000
36.4 16.32417 14 1.00000
36.5 14.66829 14 1.00000
36.6 13.37923 14 1.00000
36.7 13.34398 14 1.00000
36.8 13.34801 14 1.00000
36.9 13.38156 14 1.00000
37.0 13.30266 14 1.00000
37.1 13.34638 14 1.00000
37.2 13.39392 14 1.00000
37.3 13.52408 14 1.00000
37.4 13.56073 14 1.00000
37.5 13.47958 14 1.00000
37.6 13.52339 14 1.00000
37.7 13.56966 14 1.00000
37.8 13.70309 14 1.00000
37.9 13.73982 14 1.00000
38.0 13.77687 14 1.00000
38.1 13.81342 14 1.00000
38.2 13.84943 14 1.00000
38.3 13.88205 14 1.00000
38.4 13.91879 14 1.00000
38.5 13.95592 14 1.00000
38.6 13.99242 14 1.00000
38.7 14.02848 14 1.00000
38.8 14.06468 14 1.00000
38.9 14.10083 14 1.00000
39.0 14.13696 14 1.00000
39.1 14.17141 14 1.00000
39.2 14.20741 14 1.00000
39.3 14.24362 14 1.00000
39.4 14.27973 14 1.00000
39.5 14.31586 14 1.00000
39.6 14.35194 14 1.00000
39.7 14.38793 14 1.00000
39.8 14.42393 14 1.00000
39.9 14.45857 14 1.00000
40.0 14.49467 14 1.00000
40.1 14.53078 14 1.00000
40.2 14.56676 14 1.00000
40.3 14.60270 14 1.00000
40.4 14.63857 14 1.00000
40.5 14.67448 14 1.00000
40.6 14.71627 14 1.00000
40.7 14.74548 14 1.00000
40.8 14.78137 14 1.00000
40.9 14.81719 14 1.00000
41.0 14.85319 14 1.00000
41.1 14.89678 14 1.00000
41.2 14.94117 14 1.00000
41.3 14.98557 14 1.00000
41.4 15.02998 14 1.00000
41.5 15.03345 14 1.00000
41.6 15.07791 14 1.00000
41.7 15.12239 14 1.00000
41.8 15.16687 14 1.00000
41.9 15.21137 14 1.00000
42.0 15.26529 14 1.00000
42.1 15.32042 14 1.00000
42.2 15.30423 14 1.00000
42.3 15.34881 14 1.00000
42.4 15.39340 14 1.00000
42.5 15.45103 14 1.00000
42.6 15.50466 14 1.00000
42.7 15.62175 14 1.00000
42.8 15.65911 14 1.00000
42.9 15.69615 14 1.00000
43.0 15.63758 14 1.00000
43.1 15.76471 14 1.00000
43.2 15.80256 14 1.00000
43.3 15.84005 14 1.00000
43.4 15.87620 14 1.00000
43.5 15.91266 14 1.00000
43.6 15.94916 14 1.00000
43.7 15.98560 14 1.00000
43.8 16.01998 14 1.00000
43.9 16.05630 14 1.00000
44.0 16.09280 14 1.00000
44.1 16.12925 14 1.00000
44.2 16.16564 14 1.00000
44.3 16.20202 14 1.00000
44.4 16.23831 14 1.00000
44.5 16.27276 14 1.00000
44.6 16.30925 14 1.00000
44.7 16.34556 14 1.00000
44.8 16.38192 14 1.00000
44.9 16.41816 14 1.00000
45.0 16.45431 14 1.00000
45.1 16.49036 14 1.00000
45.2 16.52546 14 1.00000
45.3 16.56164 14 1.00000
45.4 16.59781 14 1.00000
45.5 16.63390 14 1.00000
45.6 16.66985 14 1.00000
45.7 16.70848 14 1.00000
45.8 16.75357 14 1.00000
45.9 16.77735 14 1.00000
46.0 16.81328 14 1.00000
46.1 16.84985 14 1.00000
46.2 16.89498 14 1.00000
46.3 16.94011 14 1.00000
46.4 16.98525 14 1.00000
46.5 16.99266 14 1.00000
46.6 17.03690 14 1.00000
46.7 17.08211 14 1.00000
46.8 17.12733 14 1.00000
46.9 17.17256 14 1.00000
47.0 17.21780 14 1.00000
47.1 17.27262 14 1.00000
47.2 17.27000 14 1.00000
47.3 17.31531 14 1.00000
47.4 17.36063 14 1.00000
47.5 17.41223 14 1.00000
47.6 17.47032 14 1.00000
47.7 17.52292 14 1.00000
47.8 17.50405 14 1.00000
47.9 17.55345 14 1.00000
48.0 17.61217 14 1.00000
48.1 17.75006 14 1.00000
48.2 17.78842 14 1.00000
48.3 17.69647 14 1.00000
48.4 17.75529 14 1.00000
48.5 17.89478 14 1.00000
48.6 17.93333 14 1.00000
48.7 17.97027 14 1.00000
48.8 17.89970 14 1.00000
48.9 18.03949 14 1.00000
49.0 18.07821 14 1.00000
49.1 18.11438 14 1.00000
49.2 18.15084 14 1.00000
49.3 18.18419 14 1.00000
49.4 18.22208 14 1.00000
49.5 18.25835 14 1.00000
49.6 18.29505 14 1.00000
49.7 18.32894 14 1.00000
49.8 18.36587 14 1.00000
49.9 18.40235 14 1.00000
50.0 18.43913 14 1.00000
50.1 18.47352 14 1.00000
50.2 18.50971 14 1.00000
50.3 18.54637 14 1.00000
50.4 18.58118 14 1.00000
50.5 18.61718 14 1.00000
50.6 18.64866 14 1.00000
50.7 18.68736 14 1.00000
50.8 18.72455 14 1.00000
50.9 18.75586 14 1.00000
51.0 18.79465 14 1.00000
51.1 18.68515 14 1.00000
51.2 18.69612 14 1.00000
51.3 18.70731 14 1.00000
51.4 18.73599 14 1.00000
51.5 18.76852 14 1.00000
51.6 18.79910 14 1.00000
51.7 18.83445 14 1.00000
51.8 18.87023 14 1.00000
51.9 18.90584 14 1.00000
52.0 18.94140 14 1.00000
52.1 18.97690 14 1.00000
52.2 19.01209 14 1.00000
52.3 19.04728 14 1.00000
52.4 19.08255 14 1.00000
52.5 19.11750 14 1.00000
52.6 19.15216 14 1.00000
52.7 19.18723 14 1.00000
52.8 19.23358 14 1.00000
52.9 19.28034 14 1.00000
53.0 19.48934 14 1.00000
53.1 19.52746 14 1.00000
53.2 19.56568 14 1.00000
53.3 19.60330 14 1.00000
53.4 19.63856 14 1.00000
53.5 19.67435 14 1.00000
53.6 19.71026 14 1.00000
53.7 19.74622 14 1.00000
53.8 19.78219 14 1.00000
53.9 19.81808 14 1.00000
54.0 19.85408 14 1.00000
54.1 19.88975 14 1.00000
54.2 19.92527 14 1.00000
54.3 19.96083 14 1.00000
54.4 19.99597 14 1.00000
54.5 20.03079 14 1.00000
54.6 20.07121 14 1.00000
54.7 20.11810 14 1.00000
54.8 20.16500 14 1.00000
54.9 20.21189 14 1.00000
55.0 20.25879 14 1.00000
55.1 20.45620 14 1.00000
55.2 20.49450 14 1.00000
55.3 20.53271 14 1.00000
55.4 20.56842 14 1.00000
55.5 20.60446 14 1.00000
55.6 20.64094 14 1.00000
55.7 20.67761 14 1.00000
55.8 20.71393 14 1.00000
55.9 20.75009 14 1.00000
56.0 20.78652 14 1.00000
56.1 20.82257 14 1.00000
56.2 20.85862 14 1.00000
56.3 20.89421 14 1.00000
56.4 20.92957 14 1.00000
56.5 20.96483 14 1.00000
56.6 21.00485 14 1.00000
56.7 21.05184 14 1.00000
56.8 21.09883 14 1.00000
56.9 21.14583 14 1.00000
57.0 21.19283 14 1.00000
57.1 21.23984 14 1.00000
57.2 21.28684 14 1.00000
57.3 21.47829 14 1.00000
57.4 21.51948 14 1.00000
57.5 21.55499 14 1.00000
57.6 21.59161 14 1.00000
57.7 21.62856 14 1.00000
57.8 21.66564 14 1.00000
57.9 21.70208 14 1.00000
58.0 21.73921 14 1.00000
58.1 21.77533 14 1.00000
58.2 21.81247 14 1.00000
58.3 21.84891 14 1.00000
58.4 21.88440 14 1.00000
58.5 21.92088 14 1.00000
58.6 21.95649 14 1.00000
58.7 21.99176 14 1.00000
58.8 22.03440 14 1.00000
58.9 22.08146 14 1.00000
59.0 22.12708 14 1.00000
59.1 22.17078 14 1.00000
59.2 22.21450 14 1.00000
59.3 22.25823 14 1.00000
59.4 22.30198 14 1.00000
59.5 22.34575 14 1.00000
59.6 22.38953 14 1.00000
59.7 22.43334 14 1.00000
59.8 22.47715 14 1.00000
59.9 22.52099 14 1.00000
60.0 22.56484 14 1.00000
60.1 22.75002 14 1.00000
60.2 22.78973 14 1.00000
60.3 22.82623 14 1.00000
60.4 22.86243 14 1.00000
60.5 22.89997 14 1.00000
60.6 22.93765 14 1.00000
60.7 22.97463 14 1.00000
60.8 23.01247 14 1.00000
60.9 23.04931 14 1.00000
61.0 23.08710 14 1.00000
61.1 23.12468 14 1.00000
61.2 23.16199 14 1.00000
61.3 23.19926 14 1.00000
61.4 23.23586 14 1.00000
61.5 23.27305 14 1.00000
61.6 23.30998 14 1.00000
61.7 23.34662 14 1.00000
61.8 23.38399 14 1.00000
61.9 23.42064 14 1.00000
62.0 23.45710 14 1.00000
62.1 23.49349 14 1.00000
62.2 23.53058 14 1.00000
62.3 23.57247 14 1.00000
62.4 23.61671 14 1.00000
62.5 23.66096 14 1.00000
62.6 23.70523 14 1.00000
62.7 23.74952 14 1.00000
62.8 23.79383 14 1.00000
62.9 23.83815 14 1.00000
63.0 23.88248 14 1.00000
63.1 23.92684 14 1.00000
63.2 23.97121 14 1.00000
63.3 24.02945 14 1.00000
63.4 24.08233 14 1.00000
63.5 24.13356 14 1.00000
63.6 24.18271 14 1.00000
63.7 24.23045 14 1.00000
63.8 24.27751 14 1.00000
63.9 24.32282 14 1.00000
64.0 24.46598 14 1.00000
64.1 24.50517 14 1.00000
64.2 24.54169 14 1.00000
64.3 24.58004 14 1.00000
64.4 24.61751 14 1.00000
64.5 24.65621 14 1.00000
64.6 24.69343 14 1.00000
64.7 24.73202 14 1.00000
64.8 24.76933 14 1.00000
64.9 24.80700 14 1.00000
65.0 24.84492 14 1.00000
65.1 24.88330 14 1.00000
65.2 24.92028 14 1.00000
65.3 24.95845 14 1.00000
65.4 24.99546 14 1.00000
65.5 25.03260 14 1.00000
65.6 25.07051 14 1.00000
65.7 25.10756 14 1.00000
65.8 25.14440 14 1.00000
65.9 25.18115 14 1.00000
66.0 25.21853 14 1.00000
66.1 25.25868 14 1.00000
66.2 25.30353 14 1.00000
66.3 25.34839 14 1.00000
66.4 25.39328 14 1.00000
66.5 25.43818 14 1.00000
66.6 25.48310 14 1.00000
66.7 25.52804 14 1.00000
66.8 25.57299 14 1.00000
66.9 25.61795 14 1.00000
67.0 25.66294 14 1.00000
67.1 25.71106 14 1.00000
67.2 25.78705 14 1.00000
67.3 25.83835 14 1.00000
67.4 25.88961 14 1.00000
67.5 25.93801 14 1.00000
67.6 25.98650 14 1.00000
67.7 26.03324 14 1.00000
67.8 26.07869 14 1.00000
67.9 26.12302 14 1.00000
68.0 26.26285 14 1.00000
68.1 26.30402 14 1.00000
68.2 26.34055 14 1.00000
68.3 26.37965 14 1.00000
68.4 26.42591 14 1.00000
68.5 26.46167 14 1.00000
68.6 26.50624 14 1.00000
68.7 26.55179 14 1.00000
68.8 26.60024 14 1.00000
68.9 26.63290 14 1.00000
69.0 26.67979 14 1.00000
69.1 26.72793 14 1.00000
69.2 26.78082 14 1.00000
69.3 26.80974 14 1.00000
69.4 26.85872 14 1.00000
69.5 26.90968 14 1.00000
69.6 26.96639 14 1.00000
69.7 26.99098 14 1.00000
69.8 27.04319 14 1.00000
69.9 27.09622 14 1.00000
70.0 27.15215 14 1.00000
70.1 27.17478 14 1.00000
70.2 27.22857 14 1.00000
70.3 27.28248 14 1.00000
70.4 27.33774 14 1.00000
70.5 27.30440 14 1.00000
70.6 27.41647 14 1.00000
70.7 27.47160 14 1.00000
70.8 27.53012 14 1.00000
70.9 27.49046 14 1.00000
71.0 27.53710 14 1.00000
71.1 27.66071 14 1.00000
71.2 27.62535 14 1.00000
71.3 27.67438 14 1.00000
71.4 27.71944 14 1.00000
71.5 27.75927 14 1.00000
71.6 27.81103 14 1.00000
71.7 27.85750 14 1.00000
71.8 27.90183 14 1.00000
71.9 27.93969 14 1.00000
72.0 27.94984 14 1.00000
72.1 28.04105 14 1.00000
72.2 28.08404 14 1.00000
72.3 28.12224 14 1.00000
72.4 28.13256 14 1.00000
72.5 28.15762 14 1.00000
72.6 28.19627 14 1.00000
72.7 28.30346 14 1.00000
72.8 28.31486 14 1.00000
72.9 28.34391 14 1.00000
73.0 28.37913 14 1.00000
73.1 28.42433 14 1.00000
73.2 28.47437 14 1.00000
73.3 28.52780 14 1.00000
73.4 28.56231 14 1.00000
73.5 28.60765 14 1.00000
73.6 28.65485 14 1.00000
73.7 28.72162 14 1.00000
73.8 28.78748 14 1.00000
73.9 28.79113 14 1.00000
74.0 28.83651 14 1.00000
74.1 28.89419 14 1.00000
74.2 28.96415 14 1.00000
74.3 29.03375 14 1.00000
74.4 29.09858 14 1.00000
74.5 29.07035 14 1.00000
74.6 29.13685 14 1.00000
74.7 29.20408 14 1.00000
74.8 29.26973 14 1.00000
74.9 29.33702 14 1.00000
75.0 29.40507 14 1.00000
75.1 29.47207 14 1.00000
75.2 29.43964 14 1.00000
75.3 29.50593 14 1.00000
75.4 29.57152 14 1.00000
75.5 29.63700 14 1.00000
75.6 29.70491 14 1.00000
75.7 29.77297 14 1.00000
75.8 29.74904 14 1.00000
75.9 29.87461 14 1.00000
76.0 29.86935 14 1.00000
76.1 29.93455 14 1.00000
76.2 29.99976 14 1.00000
76.3 30.06804 14 1.00000
76.4 30.03352 14 1.00000
76.5 30.07997 14 1.00000
76.6 30.11909 14 1.00000
76.7 30.22597 14 1.00000
76.8 30.29030 14 1.00000
76.9 30.26392 14 1.00000
77.0 30.31422 14 1.00000
77.1 30.35889 14 1.00000
77.2 30.39366 14 1.00000
77.3 30.40662 14 1.00000
77.4 30.42803 14 1.00000
77.5 30.54893 14 1.00000
77.6 30.59579 14 1.00000
77.7 30.63860 14 1.00000
77.8 30.67354 14 1.00000
77.9 30.68706 14 1.00000
78.0 30.70794 14 1.00000
78.1 30.73183 14 1.00000
78.2 30.77772 14 1.00000
78.3 30.84518 14 1.00000
78.4 30.95899 14 1.00000
78.5 30.97250 14 1.00000
78.6 31.00120 14 1.00000
78.7 31.01885 14 1.00000
78.8 31.05750 14 1.00000
78.9 31.11572 14 1.00000
79.0 31.18774 14 1.00000
79.1 31.25676 14 1.00000
79.2 31.32615 14 1.00000
79.3 31.32222 14 1.00000
79.4 31.33826 14 1.00000
79.5 31.38418 14 1.00000
79.6 31.44649 14 1.00000
79.7 31.51618 14 1.00000
79.8 31.58984 14 1.00000
79.9 31.65603 14 1.00000
80.0 31.72420 14 1.00000
80.1 31.78954 14 1.00000
80.2 31.85882 14 1.00000
80.3 31.76922 14 1.00000
80.4 31.83978 14 1.00000
80.5 31.90732 14 1.00000
80.6 31.97605 14 1.00000
80.7 32.04487 14 1.00000
80.8 32.11465 14 1.00000
80.9 32.18015 14 1.00000
81.0 32.24699 14 1.00000
81.1 32.23185 14 1.00000
81.2 32.28836 14 1.00000
81.3 32.29195 14 1.00000
81.4 32.35937 14 1.00000
81.5 32.42588 14 1.00000
81.6 32.49062 14 1.00000
81.7 32.55579 14 1.00000
81.8 32.62516 14 1.00000
81.9 32.69233 14 1.00000
82.0 32.66756 14 1.00000
82.1 32.71947 14 1.00000
82.2 32.76489 14 1.00000
82.3 32.80592 14 1.00000
82.4 32.86290 14 1.00000
82.5 32.92994 14 1.00000
82.6 32.99628 14 1.00000
82.7 33.06020 14 1.00000
82.8 33.04188 14 1.00000
82.9 33.09697 14 1.00000
83.0 33.14753 14 1.00000
83.1 33.19360 14 1.00000
83.2 33.23265 14 1.00000
83.3 33.25244 14 1.00000
83.4 33.28090 14 1.00000
83.5 33.30178 14 1.00000
83.6 33.48850 14 1.00000
83.7 33.47047 14 1.00000
83.8 33.52608 14 1.00000
83.9 33.57673 14 1.00000
84.0 33.62334 14 1.00000
84.1 33.66572 14 1.00000
84.2 33.68806 14 1.00000
84.3 33.72428 14 1.00000
84.4 33.74976 14 1.00000
84.5 33.76751 14 1.00000
84.6 33.78771 14 1.00000
84.7 33.85109 14 1.00000
84.8 33.92919 14 1.00000
84.9 34.05680 14 1.00000
85.0 34.10411 14 1.00000
85.1 34.14740 14 1.00000
85.2 34.16969 14 1.00000
85.3 34.20694 14 1.00000
85.4 34.23616 14 1.00000
85.5 34.25756 14 1.00000
85.6 34.27136 14 1.00000
85.7 34.31987 14 1.00000
85.8 34.38705 14 1.00000
85.9 34.45775 14 1.00000
86.0 34.52575 14 1.00000
86.1 34.57203 14 1.00000
86.2 34.67448 14 1.00000
86.3 34.69921 14 1.00000
86.4 34.73746 14 1.00000
86.5 34.76885 14 1.00000
86.6 34.79571 14 1.00000
86.7 34.81240 14 1.00000
86.8 34.84307 14 1.00000
86.9 34.91026 14 1.00000
87.0 34.97854 14 1.00000
87.1 35.04647 14 1.00000
87.2 35.11329 14 1.00000
87.3 35.17615 14 1.00000
87.4 35.23735 14 1.00000
87.5 35.29779 14 1.00000
87.6 35.31307 14 1.00000
87.7 35.35318 14 1.00000
87.8 35.37751 14 1.00000
87.9 35.39861 14 1.00000
88.0 35.41359 14 1.00000
88.1 35.47933 14 1.00000
88.2 35.55173 14 1.00000
88.3 35.61797 14 1.00000
88.4 35.67857 14 1.00000
88.5 35.73938 14 1.00000
88.6 35.80109 14 1.00000
88.7 35.86091 14 1.00000
88.8 35.92314 14 1.00000
88.9 35.98590 14 1.00000
89.0 36.04877 14 1.00000
89.1 36.04081 14 1.00000
89.2 36.03080 14 1.00000
89.3 36.04796 14 1.00000
89.4 36.09965 14 1.00000
89.5 36.16367 14 1.00000
89.6 36.22534 14 1.00000
89.7 36.28668 14 1.00000
89.8 36.35083 14 1.00000
89.9 36.41228 14 1.00000
90.0 36.47519 14 1.00000
90.1 36.56278 14 1.00000
90.2 36.59002 14 1.00000
90.3 36.61869 14 1.00000
90.4 36.72109 14 1.00000
90.5 36.75176 14 1.00000
90.6 36.78946 14 1.00000
90.7 36.89290 14 1.00000
90.8 36.99599 14 1.00000
90.9 37.09914 14 1.00000
91.0 37.20215 14 1.00000
91.1 37.30517 14 1.00000
91.2 37.40845 14 1.00000
91.3 37.51138 14 1.00000
91.4 37.61422 14 1.00000
91.5 37.71706 14 1.00000
91.6 37.82012 14 1.00000
91.7 37.92288 14 1.00000
91.8 38.02561 14 1.00000
91.9 38.12829 14 1.00000
92.0 38.23118 14 1.00000
92.1 38.33377 14 1.00000
92.2 38.43639 14 1.00000
92.3 38.53885 14 1.00000
92.4 38.64133 14 1.00000
92.5 38.74406 14 1.00000
92.6 38.84646 14 1.00000
92.7 38.94882 14 1.00000
92.8 39.05138 14 1.00000
92.9 39.15360 14 1.00000
93.0 39.25589 14 1.00000
93.1 39.35809 14 1.00000
93.2 39.46049 14 1.00000
93.3 39.56256 14 1.00000
93.4 39.66464 14 1.00000
93.5 39.76668 14 1.00000
93.6 39.86897 14 1.00000
93.7 39.97094 14 1.00000
93.8 40.07281 14 1.00000
93.9 40.17475 14 1.00000
94.0 40.27684 14 1.00000
94.1 40.37865 14 1.00000
94.2 40.48037 14 1.00000
94.3 40.58234 14 1.00000
94.4 40.68409 14 1.00000
94.5 40.78569 14 1.00000
94.6 40.88736 14 1.00000
94.7 40.98919 14 1.00000
94.8 41.09073 14 1.00000
94.9 41.19219 14 1.00000
95.0 41.29390 14 1.00000
95.1 41.39539 14 1.00000
95.2 41.49678 14 1.00000
95.3 41.59838 14 1.00000
95.4 41.69965 14 1.00000
95.5 41.80099 14 1.00000
95.6 41.90243 14 1.00000
95.7 42.00370 14 1.00000
95.8 42.10488 14 1.00000
95.9 42.20597 14 1.00000
96.0 42.30737 14 1.00000
96.1 42.40844 14 1.00000
96.2 42.50948 14 1.00000
96.3 42.61072 14 1.00000
96.4 42.71169 14 1.00000
96.5 42.81262 14 1.00000
96.6 42.91370 14 1.00000
96.7 43.01461 14 1.00000
96.8 43.11539 14 1.00000
96.9 43.21641 14 1.00000
97.0 43.31717 14 1.00000
97.1 43.41790 14 1.00000
97.2 43.51887 14 1.00000
97.3 43.61953 14 1.00000
97.4 43.72010 14 1.00000
97.5 43.82092 14 1.00000
97.6 43.92147 14 1.00000
97.7 44.02222 14 1.00000
97.8 44.12271 14 1.00000
97.9 44.21935 14 1.00000
98.0 44.31025 14 1.00000
98.1 44.40095 14 1.00000
98.2 44.49169 14 1.00000
98.3 44.58264 14 1.00000
98.4 44.67345 14 1.00000
98.5 44.76435 14 1.00000
98.6 44.85540 14 1.00000
98.7 44.94631 14 1.00000
98.8 45.03748 14 1.00000
98.9 45.12851 14 1.00000
99.0 45.21947 14 1.00000
99.1 45.31074 14 1.00000
99.2 45.40187 14 1.00000
99.3 45.49298 14 1.00000
99.4 45.58429 14 1.00000
99.5 45.67545 14 1.00000
99.6 45.76688 14 1.00000
99.7 45.85811 14 1.00000
99.8 45.94937 14 1.00000
99.9 46.04093 14 1.00000
100.0 46.13219 14 1.00000
100.1 46.22359 14 1.00000
100.2 46.31514 14 1.00000
100.3 46.40654 14 1.00000
100.4 46.49820 14 1.00000
100.5 46.58965 14 1.00000
100.6 46.68119 14 1.00000
100.7 46.77287 14 1.00000
100.8 46.86446 14 1.00000
100.9 46.95625 14 1.00000
101.0 47.04779 14 1.00000
101.1 47.13941 14 1.00000
101.2 47.23127 14 1.00000
101.3 47.32299 14 1.00000
101.4 47.41485 14 1.00000
101.5 47.50662 14 1.00000
101.6 47.59853 14 1.00000
101.7 47.69035 14 1.00000
101.8 47.78214 14 1.00000
101.9 47.87417 14 1.00000
102.0 47.96596 14 1.00000
102.1 48.05803 14 1.00000
102.2 48.14997 14 1.00000
102.3 48.24187 14 1.00000
102.4 48.33397 14 1.00000
102.5 48.42591 14 1.00000
102.6 48.51815 14 1.00000
102.7 48.61009 14 1.00000
102.8 48.70237 14 1.00000
102.9 48.79435 14 1.00000
103.0 48.88641 14 1.00000
103.1 48.97870 14 1.00000
103.2 49.07084 14 1.00000
103.3 49.16317 14 1.00000
103.4 49.25526 14 1.00000
103.5 49.34768 14 1.00000
103.6 49.43980 14 1.00000
103.7 49.53225 14 1.00000
103.8 49.62446 14 1.00000
103.9 49.71664 14 1.00000
104.0 49.80910 14 1.00000
104.1 49.90142 14 1.00000
104.2 49.99391 14 1.00000
104.3 50.08622 14 1.00000
104.4 50.17875 14 1.00000
104.5 50.27108 14 1.00000
104.6 50.36364 14 1.00000
104.7 50.45601 14 1.00000
104.8 50.54855 14 1.00000
104.9 50.64101 14 1.00000
105.0 50.73359 14 1.00000
105.1 50.82607 14 1.00000
105.2 50.91852 14 1.00000
105.3 51.01119 14 1.00000
105.4 51.10362 14 1.00000
105.5 51.19638 14 1.00000
105.6 51.28883 14 1.00000
105.7 51.38162 14 1.00000
105.8 51.47416 14 1.00000
105.9 51.56686 14 1.00000
106.0 51.65943 14 1.00000
106.1 51.75222 14 1.00000
106.2 51.84487 14 1.00000
106.3 51.93768 14 1.00000
106.4 52.03025 14 1.00000
106.5 52.12309 14 1.00000
106.6 52.21579 14 1.00000
106.7 52.30866 14 1.00000
106.8 52.40128 14 1.00000
106.9 52.49422 14 1.00000
107.0 52.58686 14 1.00000
107.1 52.67978 14 1.00000
107.2 52.77250 14 1.00000
107.3 52.86549 14 1.00000
107.4 52.95823 14 1.00000
107.5 53.05119 14 1.00000
107.6 53.14396 14 1.00000
107.7 53.23694 14 1.00000
107.8 53.32973 14 1.00000
107.9 53.42268 14 1.00000
108.0 53.51550 14 1.00000
108.1 53.60857 14 1.00000
108.2 53.70135 14 1.00000
108.3 53.79444 14 1.00000
108.4 53.88729 14 1.00000
108.5 53.98030 14 1.00000
108.6 54.07317 14 1.00000
108.7 54.16626 14 1.00000
108.8 54.25914 14 1.00000
108.9 54.35229 14 1.00000
109.0 54.44515 14 1.00000
109.1 54.53827 14 1.00000
109.2 54.63124 14 1.00000
109.3 54.72437 14 1.00000
109.4 54.81731 14 1.00000
109.5 54.91042 14 1.00000
109.6 55.00337 14 1.00000
109.7 55.09654 14 1.00000
109.8 55.18956 14 1.00000
109.9 55.28274 14 1.00000
110.0 55.37568 14 1.00000
110.1 55.46888 14 1.00000
110.2 55.56188 14 1.00000
110.3 55.65514 14 1.00000
110.4 55.74836 14 1.00000
110.5 55.84138 14 1.00000
110.6 55.93456 14 1.00000
110.7 56.02760 14 1.00000
110.8 56.12084 14 1.00000
110.9 56.21389 14 1.00000
111.0 56.30714 14 1.00000
111.1 56.40026 14 1.00000
111.2 56.49352 14 1.00000
111.3 56.58660 14 1.00000
111.4 56.67988 14 1.00000
111.5 56.77291 14 1.00000
111.6 56.86625 14 1.00000
111.7 56.95950 14 1.00000
111.8 57.05260 14 1.00000
111.9 57.14595 14 1.00000
112.0 57.23902 14 1.00000
112.1 57.33233 14 1.00000
112.2 57.42545 14 1.00000
112.3 57.51883 14 1.00000
112.4 57.61191 14 1.00000
112.5 57.70524 14 1.00000
112.6 57.79863 14 1.00000
112.7 57.89177 14 1.00000
112.8 57.98512 14 1.00000
112.9 58.07822 14 1.00000
113.0 58.17162 14 1.00000
113.1 58.26474 14 1.00000
113.2 58.35815 14 1.00000
113.3 58.45151 14 1.00000
113.4 58.54468 14 1.00000
113.5 58.63805 14 1.00000
113.6 58.73118 14 1.00000
113.7 58.82456 14 1.00000
113.8 58.91779 14 1.00000
113.9 59.01113 14 1.00000
114.0 59.10456 14 1.00000
114.1 59.19771 14 1.00000
114.2 59.29115 14 1.00000
114.3 59.38435 14 1.00000
114.4 59.47775 14 1.00000
114.5 59.57090 14 1.00000
114.6 59.66430 14 1.00000
114.7 59.75775 14 1.00000
114.8 59.85091 14 1.00000
114.9 59.94432 14 1.00000
115.0 60.03759 14 1.00000
115.1 60.13095 14 1.00000
115.2 60.22417 14 1.00000
115.3 60.31763 14 1.00000
115.4 60.41100 14 1.00000
115.5 60.50428 14 1.00000
115.6 60.59764 14 1.00000
115.7 60.69093 14 1.00000
115.8 60.78429 14 1.00000
115.9 60.87777 14 1.00000
116.0 60.97095 14 1.00000
116.1 61.06442 14 1.00000
116.2 61.15761 14 1.00000
116.3 61.25104 14 1.00000
116.4 61.34446 14 1.00000
116.5 61.43775 14 1.00000
116.6 61.53118 14 1.00000
116.7 61.62442 14 1.00000
116.8 61.71785 14 1.00000
116.9 61.81123 14 1.00000
117.0 61.90447 14 1.00000
117.1 61.99795 14 1.00000
117.2 62.09114 14 1.00000
117.3 62.18457 14 1.00000
117.4 62.27800 14 1.00000
117.5 62.37125 14 1.00000
117.6 62.46473 14 1.00000
117.7 62.55797 14 1.00000
117.8 62.65140 14 1.00000
117.9 62.74483 14 1.00000
118.0 62.83802 14 1.00000
118.1 62.93150 14 1.00000
118.2 63.02493 14 1.00000
118.3 63.11817 14 1.00000
118.4 63.21155 14 1.00000
118.5 63.30484 14 1.00000
118.6 63.39827 14 1.00000
118.7 63.49169 14 1.00000
118.8 63.58488 14 1.00000
118.9 63.67830 14 1.00000
119.0 63.77177 14 1.00000
119.1 63.86496 14 1.00000
119.2 63.95843 14 1.00000
119.3 64.05167 14 1.00000
119.4 64.14508 14 1.00000
119.5 64.23845 14 1.00000
119.6 64.33173 14 1.00000
119.7 64.42509 14 1.00000
119.8 64.51855 14 1.00000
119.9 64.61173 14 1.00000
120.0 64.70519 14 1.00000
120.1 64.79842 14 1.00000
120.2 64.89177 14 1.00000
120.3 64.98518 14 1.00000
120.4 65.07839 14 1.00000
120.5 65.17184 14 1.00000
120.6 65.26519 14 1.00000
120.7 65.35841 14 1.00000
120.8 65.45180 14 1.00000
120.9 65.54524 14 1.00000
121.0 65.63845 14 1.00000
121.1 65.73183 14 1.00000
121.2 65.82517 14 1.00000
121.3 65.91843 14 1.00000
121.4 66.01180 14 1.00000
121.5 66.10500 14 1.00000
121.6 66.19838 14 1.00000
121.7 66.29176 14 1.00000
121.8 66.38490 14 1.00000
121.9 66.47826 14 1.00000
122.0 66.57168 14 1.00000
122.1 66.66486 14 1.00000
122.2 66.75822 14 1.00000
122.3 66.85158 14 1.00000
122.4 66.94476 14 1.00000
122.5 67.03806 14 1.00000
122.6 67.13145 14 1.00000
122.7 67.22462 14 1.00000
122.8 67.31792 14 1.00000
122.9 67.41130 14 1.00000
123.0 67.50446 14 1.00000
123.1 67.59775 14 1.00000
123.2 67.69112 14 1.00000
123.3 67.78427 14 1.00000
123.4 67.87755 14 1.00000
123.5 67.97092 14 1.00000
123.6 68.06406 14 1.00000
123.7 68.15732 14 1.00000
123.8 68.25068 14 1.00000
123.9 68.34381 14 1.00000
124.0 68.43711 14 1.00000
124.1 68.53036 14 1.00000
124.2 68.62348 14 1.00000
124.3 68.71677 14 1.00000
124.4 68.81006 14 1.00000
124.5 68.90318 14 1.00000
124.6 68.99650 14 1.00000
124.7 69.08973 14 1.00000
124.8 69.18288 14 1.00000
124.9 69.27610 14 1.00000
125.0 69.36942 14 1.00000
125.1 69.46250 14 1.00000
125.2 69.55576 14 1.00000
125.3 69.64896 14 1.00000
125.4 69.74210 14 1.00000
125.5 69.83533 14 1.00000
125.6 69.92853 14 1.00000
125.7 70.02160 14 1.00000
125.8 70.11488 14 1.00000
125.9 70.20806 14 1.00000
126.0 70.30116 14 1.00000
126.1 70.39433 14 1.00000
126.2 70.48755 14 1.00000
126.3 70.58076 14 1.00000
126.4 70.67381 14 1.00000
126.5 70.76701 14 1.00000
126.6 70.86021 14 1.00000
126.7 70.95328 14 1.00000
126.8 71.04647 14 1.00000
126.9 71.13961 14 1.00000
127.0 71.23267 14 1.00000
127.1 71.32580 14 1.00000
127.2 71.41897 14 1.00000
127.3 71.51202 14 1.00000
127.4 71.60519 14 1.00000
127.5 71.69830 14 1.00000
127.6 71.79144 14 1.00000
127.7 71.88443 14 1.00000
127.8 71.97762 14 1.00000
127.9 72.07071 14 1.00000
128.0 72.16373 14 1.00000
128.1 72.25681 14 1.00000
128.2 72.34994 14 1.00000
128.3 72.44294 14 1.00000
128.4 72.53601 14 1.00000
128.5 72.62917 14 1.00000
128.6 72.72227 14 1.00000
128.7 72.81521 14 1.00000
128.8 72.90826 14 1.00000
128.9 73.00140 14 1.00000
129.0 73.09431 14 1.00000
129.1 73.18740 14 1.00000
129.2 73.28043 14 1.00000
129.3 73.37338 14 1.00000
129.4 73.46640 14 1.00000
129.5 73.55946 14 1.00000
129.6 73.65257 14 1.00000
129.7 73.74545 14 1.00000
129.8 73.83849 14 1.00000
129.9 73.93149 14 1.00000
130.0 74.02441 14 1.00000
130.1 74.11743 14 1.00000
130.2 74.21046 14 1.00000
130.3 74.30347 14 1.00000
130.4 74.39628 14 1.00000
130.5 74.48933 14 1.00000
130.6 74.58234 14 1.00000
130.7 74.67513 14 1.00000
130.8 74.76817 14 1.00000
130.9 74.86111 14 1.00000
131.0 74.95409 14 1.00000
131.1 75.04690 14 1.00000
131.2 75.13987 14 1.00000
131.3 75.23283 14 1.00000
131.4 75.32584 14 1.00000
131.5 75.41863 14 1.00000
131.6 75.51154 14 1.00000
131.7 75.60448 14 1.00000
131.8 75.69725 14 1.00000
131.9 75.79018 14 1.00000
132.0 75.88311 14 1.00000
132.1 75.97603 14 1.00000
132.2 76.06883 14 1.00000
132.3 76.16174 14 1.00000
132.4 76.25464 14 1.00000
132.5 76.34749 14 1.00000
132.6 76.44027 14 1.00000
132.7 76.53311 14 1.00000
132.8 76.62604 14 1.00000
132.9 76.71870 14 1.00000
133.0 76.81162 14 1.00000
133.1 76.90448 14 1.00000
133.2 76.99729 14 1.00000
133.3 77.08998 14 1.00000
133.4 77.18283 14 1.00000
133.5 77.27567 14 1.00000
133.6 77.36850 14 1.00000
133.7 77.46117 14 1.00000
133.8 77.55404 14 1.00000
133.9 77.64686 14 1.00000
134.0 77.73966 14 1.00000
134.1 77.83226 14 1.00000
134.2 77.92511 14 1.00000
134.3 78.01790 14 1.00000
134.4 78.11063 14 1.00000
134.5 78.20330 14 1.00000
134.6 78.29607 14 1.00000
134.7 78.38884 14 1.00000
134.8 78.48155 14 1.00000
134.9 78.57420 14 1.00000
135.0 78.66695 14 1.00000
135.1 78.75964 14 1.00000
135.2 78.85237 14 1.00000
135.3 78.94495 14 1.00000
135.4 79.03767 14 1.00000
135.5 79.13043 14 1.00000
135.6 79.22310 14 1.00000
135.7 79.31569 14 1.00000
135.8 79.40839 14 1.00000
135.9 79.50104 14 1.00000
136.0 79.59372 14 1.00000
136.1 79.68624 14 1.00000
136.2 79.77897 14 1.00000
136.3 79.87164 14 1.00000
136.4 79.96429 14 1.00000
136.5 80.05675 14 1.00000
136.6 80.14939 14 1.00000
136.7 80.24209 14 1.00000
136.8 80.33472 14 1.00000
136.9 80.42719 14 1.00000
137.0 80.51982 14 1.00000
137.1 80.61243 14 1.00000
137.2 80.70505 14 1.00000
137.3 80.79765 14 1.00000
137.4 80.89005 14 1.00000
137.5 80.98269 14 1.00000
137.6 81.07527 14 1.00000
137.7 81.16785 14 1.00000
137.8 81.26027 14 1.00000
137.9 81.35278 14 1.00000
138.0 81.44534 14 1.00000
138.1 81.53795 14 1.00000
138.2 81.63029 14 1.00000
138.3 81.72283 14 1.00000
138.4 81.81536 14 1.00000
138.5 81.90789 14 1.00000
138.6 82.00026 14 1.00000
138.7 82.09280 14 1.00000
138.8 82.18533 14 1.00000
138.9 82.27783 14 1.00000
139.0 82.37028 14 1.00000
139.1 82.46261 14 1.00000
139.2 82.55509 14 1.00000
139.3 82.64761 14 1.00000
139.4 82.74004 14 1.00000
139.5 82.83240 14 1.00000
139.6 82.92480 14 1.00000
139.7 83.01725 14 1.00000
139.8 83.10974 14 1.00000
139.9 83.20213 14 1.00000
140.0 83.29446 14 1.00000
140.1 83.38683 14 1.00000
140.2 83.47925 14 1.00000
140.3 83.57170 14 1.00000
140.4 83.66390 14 1.00000
140.5 83.75635 14 1.00000
140.6 83.84874 14 1.00000
140.7 83.94112 14 1.00000
140.8 84.03345 14 1.00000
140.9 84.12566 14 1.00000
141.0 84.21808 14 1.00000
141.1 84.31043 14 1.00000
141.2 84.40273 14 1.00000
141.3 84.49512 14 1.00000
141.4 84.58727 14 1.00000
141.5 84.67964 14 1.00000
141.6 84.77197 14 1.00000
141.7 84.86428 14 1.00000
141.8 84.95659 14 1.00000
141.9 85.04869 14 1.00000
142.0 85.14099 14 1.00000
142.1 85.23328 14 1.00000
142.2 85.32561 14 1.00000
142.3 85.41773 14 1.00000
142.4 85.51000 14 1.00000
142.5 85.60222 14 1.00000
142.6 85.69447 14 1.00000
142.7 85.78672 14 1.00000
142.8 85.87886 14 1.00000
142.9 85.97110 14 1.00000
143.0 86.06332 14 1.00000
143.1 86.15555 14 1.00000
143.2 86.24771 14 1.00000
143.3 86.33977 14 1.00000
143.4 86.43201 14 1.00000
143.5 86.52415 14 1.00000
143.6 86.61634 14 1.00000
143.7 86.70852 14 1.00000
143.8 86.80054 14 1.00000
143.9 86.89276 14 1.00000
144.0 86.98487 14 1.00000
144.1 87.07702 14 1.00000
144.2 87.16921 14 1.00000
144.3 87.26115 14 1.00000
144.4 87.35329 14 1.00000
144.5 87.44546 14 1.00000
144.6 87.53757 14 1.00000
144.7 87.62963 14 1.00000
144.8 87.72160 14 1.00000
144.9 87.81369 14 1.00000
145.0 87.90582 14 1.00000
145.1 87.99791 14 1.00000
145.2 88.08998 14 1.00000
145.3 88.18200 14 1.00000
145.4 88.27396 14 1.00000
145.5 88.36602 14 1.00000
145.6 88.45802 14 1.00000
145.7 88.55011 14 1.00000
145.8 88.64210 14 1.00000
145.9 88.73398 14 1.00000
146.0 88.82600 14 1.00000
146.1 88.91806 14 1.00000
146.2 89.01006 14 1.00000
146.3 89.10207 14 1.00000
146.4 89.19392 14 1.00000
146.5 89.28585 14 1.00000
146.6 89.37788 14 1.00000
146.7 89.46980 14 1.00000
146.8 89.56177 14 1.00000
146.9 89.65372 14 1.00000
147.0 89.74553 14 1.00000
147.1 89.83747 14 1.00000
147.2 89.92946 14 1.00000
147.3 90.02134 14 1.00000
147.4 90.11331 14 1.00000
147.5 90.20518 14 1.00000
147.6 90.29699 14 1.00000
147.7 90.38885 14 1.00000
147.8 90.48074 14 1.00000
147.9 90.57268 14 1.00000
148.0 90.66451 14 1.00000
148.1 90.75624 14 1.00000
148.2 90.84816 14 1.00000
148.3 90.94002 14 1.00000
148.4 91.03187 14 1.00000
148.5 91.12371 14 1.00000
148.6 91.21555 14 1.00000
148.7 91.30724 14 1.00000
148.8 91.39907 14 1.00000
148.9 91.49084 14 1.00000
149.0 91.58270 14 1.00000
149.1 91.67445 14 1.00000
149.2 91.76625 14 1.00000
149.3 91.85789 14 1.00000
149.4 91.94973 14 1.00000
149.5 92.04150 14 1.00000
149.6 92.13327 14 1.00000
149.7 92.22503 14 1.00000
149.8 92.31678 14 1.00000
149.9 92.40834 14 1.00000
150.0 92.50012 14 1.00000
150.1 92.59180 14 1.00000
150.2 92.68358 14 1.00000
150.3 92.77529 14 1.00000
150.4 92.86696 14 1.00000
150.5 92.95852 14 1.00000
150.6 93.05022 14 1.00000
150.7 93.14195 14 1.00000
150.8 93.23359 14 1.00000
150.9 93.32531 14 1.00000
151.0 93.41693 14 1.00000
151.1 93.50850 14 1.00000
151.2 93.60015 14 1.00000
151.3 93.69175 14 1.00000
151.4 93.78344 14 1.00000
151.5 93.87502 14 1.00000
151.6 93.96670 14 1.00000
151.7 94.05813 14 1.00000
151.8 94.14979 14 1.00000
151.9 94.24139 14 1.00000
152.0 94.33298 14 1.00000
152.1 94.42458 14 1.00000
152.2 94.51616 14 1.00000
152.3 94.60768 14 1.00000
152.4 94.69917 14 1.00000
152.5 94.79068 14 1.00000
152.6 94.88228 14 1.00000
152.7 94.97378 14 1.00000
152.8 95.06532 14 1.00000
152.9 95.15690 14 1.00000
153.0 95.24824 14 1.00000
153.1 95.33976 14 1.00000
153.2 95.43127 14 1.00000
153.3 95.52277 14 1.00000
153.4 95.61432 14 1.00000
153.5 95.70576 14 1.00000
153.6 95.79729 14 1.00000
153.7 95.88863 14 1.00000
153.8 95.98005 14 1.00000
153.9 96.07156 14 1.00000
154.0 96.16296 14 1.00000
154.1 96.25440 14 1.00000
154.2 96.34584 14 1.00000
154.3 96.43732 14 1.00000
154.4 96.52856 14 1.00000
154.5 96.61998 14 1.00000
154.6 96.71143 14 1.00000
154.7 96.80279 14 1.00000
154.8 96.89423 14 1.00000
154.9 96.98562 14 1.00000
155.0 97.07700 14 1.00000
155.1 97.16824 14 1.00000
155.2 97.25960 14 1.00000
155.3 97.35091 14 1.00000
155.4 97.44226 14 1.00000
155.5 97.53365 14 1.00000
155.6 97.62499 14 1.00000
155.7 97.71632 14 1.00000
155.8 97.80751 14 1.00000
155.9 97.89883 14 1.00000
156.0 97.99014 14 1.00000
156.1 98.08139 14 1.00000
156.2 98.17273 14 1.00000
156.3 98.26402 14 1.00000
156.4 98.35525 14 1.00000
156.5 98.44657 14 1.00000
156.6 98.53770 14 1.00000
156.7 98.62891 14 1.00000
156.8 98.72020 14 1.00000
156.9 98.81145 14 1.00000
157.0 98.90263 14 1.00000
157.1 98.99390 14 1.00000
157.2 99.08512 14 1.00000
157.3 99.17616 14 1.00000
157.4 99.26736 14 1.00000
157.5 99.35856 14 1.00000
157.6 99.44978 14 1.00000
157.7 99.54093 14 1.00000
157.8 99.63211 14 1.00000
157.9 99.72333 14 1.00000
158.0 99.81448 14 1.00000
158.1 99.90551 14 1.00000
158.2 99.99660 14 1.00000
158.3 100.08779 14 1.00000
158.4 100.17887 14 1.00000
158.5 100.27004 14 1.00000
158.6 100.36111 14 1.00000
158.7 100.45221 14 1.00000
158.8 100.54336 14 1.00000
158.9 100.63432 14 1.00000
159.0 100.72535 14 1.00000
159.1 100.81643 14 1.00000
159.2 100.90750 14 1.00000
159.3 100.99857 14 1.00000
159.4 101.08967 14 1.00000
159.5 101.18067 14 1.00000
159.6 101.27177 14 1.00000
159.7 101.36267 14 1.00000
159.8 101.45366 14 1.00000
159.9 101.54473 14 1.00000
160.0 101.63574 14 1.00000
160.1 101.72671 14 1.00000
160.2 101.81771 14 1.00000
160.3 101.90875 14 1.00000
160.4 101.99975 14 1.00000
160.5 102.09068 14 1.00000
160.6 102.18153 14 1.00000
160.7 102.27250 14 1.00000
160.8 102.36346 14 1.00000
160.9 102.45442 14 1.00000
161.0 102.54542 14 1.00000
161.1 102.63631 14 1.00000
161.2 102.72729 14 1.00000
161.3 102.81822 14 1.00000
161.4 102.90897 14 1.00000
161.5 102.99994 14 1.00000
161.6 103.09080 14 1.00000
161.7 103.18175 14 1.00000
161.8 103.27264 14 1.00000
161.9 103.36349 14 1.00000
162.0 103.45437 14 1.00000
162.1 103.54525 14 1.00000
162.2 103.63612 14 1.00000
162.3 103.72690 14 1.00000
162.4 103.81771 14 1.00000
162.5 103.90856 14 1.00000
162.6 103.99945 14 1.00000
162.7 104.09024 14 1.00000
162.8 104.18107 14 1.00000
162.9 104.27194 14 1.00000
163.0 104.36273 14 1.00000
163.1 104.45357 14 1.00000
163.2 104.54436 14 1.00000
163.3 104.63499 14 1.00000
163.4 104.72583 14 1.00000
163.5 104.81657 14 1.00000
163.6 104.90739 14 1.00000
163.7 104.99812 14 1.00000
163.8 105.08892 14 1.00000
163.9 105.17963 14 1.00000
164.0 105.27043 14 1.00000
164.1 105.36113 14 1.00000
164.2 105.45174 14 1.00000
164.3 105.54247 14 1.00000
164.4 105.63324 14 1.00000
164.5 105.72391 14 1.00000
164.6 105.81462 14 1.00000
164.7 105.90533 14 1.00000
164.8 105.99607 14 1.00000
164.9 106.08676 14 1.00000
165.0 106.17740 14 1.00000
165.1 106.26812 14 1.00000
165.2 106.35875 14 1.00000
165.3 106.44933 14 1.00000
165.4 106.53999 14 1.00000
165.5 106.63065 14 1.00000
165.6 106.72129 14 1.00000
165.7 106.81188 14 1.00000
165.8 106.90251 14 1.00000
165.9 106.99314 14 1.00000
166.0 107.08380 14 1.00000
166.1 107.17437 14 1.00000
166.2 107.26498 14 1.00000
166.3 107.35550 14 1.00000
166.4 107.44604 14 1.00000
166.5 107.53668 14 1.00000
166.6 107.62726 14 1.00000
166.7 107.71779 14 1.00000
166.8 107.80840 14 1.00000
166.9 107.89891 14 1.00000
167.0 107.98952 14 1.00000
167.1 108.08006 14 1.00000
167.2 108.17056 14 1.00000
167.3 108.26109 14 1.00000
167.4 108.35154 14 1.00000
167.5 108.44206 14 1.00000
167.6 108.53253 14 1.00000
167.7 108.62304 14 1.00000
167.8 108.71359 14 1.00000
167.9 108.80408 14 1.00000
168.0 108.89452 14 1.00000
168.1 108.98505 14 1.00000
168.2 109.07553 14 1.00000
168.3 109.16600 14 1.00000
168.4 109.25647 14 1.00000
168.5 109.34688 14 1.00000
168.6 109.43726 14 1.00000
168.7 109.52765 14 1.00000
168.8 109.61809 14 1.00000
168.9 109.70856 14 1.00000
169.0 109.79899 14 1.00000
169.1 109.88941 14 1.00000
169.2 109.97982 14 1.00000
169.3 110.07018 14 1.00000
169.4 110.16058 14 1.00000
169.5 110.25098 14 1.00000
169.6 110.34141 14 1.00000
169.7 110.43179 14 1.00000
169.8 110.52200 14 1.00000
169.9 110.61240 14 1.00000
170.0 110.70272 14 1.00000
170.1 110.79308 14 1.00000
170.2 110.88347 14 1.00000
170.3 110.97377 14 1.00000
170.4 111.06415 14 1.00000
170.5 111.15448 14 1.00000
170.6 111.24480 14 1.00000
170.7 111.33507 14 1.00000
170.8 111.42538 14 1.00000
170.9 111.51569 14 1.00000
171.0 111.60603 14 1.00000
171.1 111.69632 14 1.00000
171.2 111.78648 14 1.00000
171.3 111.87672 14 1.00000
171.4 111.96703 14 1.00000
171.5 112.05726 14 1.00000
171.6 112.14756 14 1.00000
171.7 112.23777 14 1.00000
171.8 112.32802 14 1.00000
171.9 112.41826 14 1.00000
172.0 112.50849 14 1.00000
172.1 112.59872 14 1.00000
172.2 112.68899 14 1.00000
172.3 112.77921 14 1.00000
172.4 112.86942 14 1.00000
172.5 112.95957 14 1.00000
172.6 113.04970 14 1.00000
172.7 113.13984 14 1.00000
172.8 113.23002 14 1.00000
172.9 113.32020 14 1.00000
173.0 113.41042 14 1.00000
173.1 113.50059 14 1.00000
173.2 113.59070 14 1.00000
173.3 113.68085 14 1.00000
173.4 113.77100 14 1.00000
173.5 113.86118 14 1.00000
173.6 113.95132 14 1.00000
173.7 114.04144 14 1.00000
173.8 114.13157 14 1.00000
173.9 114.22168 14 1.00000
174.0 114.31174 14 1.00000
174.1 114.40173 14 1.00000
174.2 114.49187 14 1.00000
174.3 114.58197 14 1.00000
174.4 114.67200 14 1.00000
174.5 114.76208 14 1.00000
174.6 114.85216 14 1.00000
174.7 114.94227 14 1.00000
174.8 115.03228 14 1.00000
174.9 115.12238 14 1.00000
175.0 115.21238 14 1.00000
175.1 115.30247 14 1.00000
175.2 115.39246 14 1.00000
175.3 115.48254 14 1.00000
175.4 115.57251 14 1.00000
175.5 115.66253 14 1.00000
175.6 115.75254 14 1.00000
175.7 115.84254 14 1.00000
175.8 115.93247 14 1.00000
175.9 116.02242 14 1.00000
176.0 116.11240 14 1.00000
176.1 116.20243 14 1.00000
176.2 116.29240 14 1.00000
176.3 116.38232 14 1.00000
176.4 116.47234 14 1.00000
176.5 116.56229 14 1.00000
176.6 116.65224 14 1.00000
176.7 116.74213 14 1.00000
176.8 116.83212 14 1.00000
176.9 116.92205 14 1.00000
177.0 117.01192 14 1.00000
177.1 117.10189 14 1.00000
177.2 117.19176 14 1.00000
177.3 117.28166 14 1.00000
177.4 117.37157 14 1.00000
177.5 117.46151 14 1.00000
177.6 117.55135 14 1.00000
177.7 117.64128 14 1.00000
177.8 117.73100 14 1.00000
177.9 117.82091 14 1.00000
178.0 117.91073 14 1.00000
178.1 118.00063 14 1.00000
178.2 118.09044 14 1.00000
178.3 118.18033 14 1.00000
178.4 118.27013 14 1.00000
178.5 118.36001 14 1.00000
178.6 118.44978 14 1.00000
178.7 118.53966 14 1.00000
178.8 118.62947 14 1.00000
178.9 118.71924 14 1.00000
179.0 118.80908 14 1.00000
179.1 118.89888 14 1.00000
179.2 118.98868 14 1.00000
179.3 119.07846 14 1.00000
179.4 119.16824 14 1.00000
179.5 119.25802 14 1.00000
179.6 119.34779 14 1.00000
179.7 119.43750 14 1.00000
179.8 119.52725 14 1.00000
179.9 119.61705 14 1.00000
180.0 119.70663 14 1.00000
180.1 119.79637 14 1.00000
180.2 119.88611 14 1.00000
180.3 119.97583 14 1.00000
180.4 120.06560 14 1.00000
180.5 120.15527 14 1.00000
180.6 120.24503 14 1.00000
180.7 120.33468 14 1.00000
180.8 120.42438 14 1.00000
180.9 120.51407 14 1.00000
181.0 120.60375 14 1.00000
181.1 120.69343 14 1.00000
181.2 120.78315 14 1.00000
181.3 120.87277 14 1.00000
181.4 120.96243 14 1.00000
181.5 121.05213 14 1.00000
181.6 121.14178 14 1.00000
181.7 121.23142 14 1.00000
181.8 121.32101 14 1.00000
181.9 121.41064 14 1.00000
182.0 121.50032 14 1.00000
182.1 121.58989 14 1.00000
182.2 121.67950 14 1.00000
182.3 121.76911 14 1.00000
182.4 121.85876 14 1.00000
182.5 121.94831 14 1.00000
182.6 122.03790 14 1.00000
182.7 122.12753 14 1.00000
182.8 122.21711 14 1.00000
182.9 122.30657 14 1.00000
183.0 122.39614 14 1.00000
183.1 122.48570 14 1.00000
183.2 122.57521 14 1.00000
183.3 122.66476 14 1.00000
183.4 122.75435 14 1.00000
183.5 122.84389 14 1.00000
183.6 122.93337 14 1.00000
183.7 123.02290 14 1.00000
183.8 123.11242 14 1.00000
183.9 123.20198 14 1.00000
184.0 123.29144 14 1.00000
184.1 123.38100 14 1.00000
184.2 123.47049 14 1.00000
184.3 123.55994 14 1.00000
184.4 123.64947 14 1.00000
184.5 123.73895 14 1.00000
184.6 123.82838 14 1.00000
184.7 123.91789 14 1.00000
184.8 124.00730 14 1.00000
184.9 124.09676 14 1.00000
185.0 124.18621 14 1.00000
185.1 124.27570 14 1.00000
185.2 124.36514 14 1.00000
185.3 124.45453 14 1.00000
185.4 124.54401 14 1.00000
185.5 124.63342 14 1.00000
185.6 124.72279 14 1.00000
185.7 124.81221 14 1.00000
185.8 124.90166 14 1.00000
185.9 124.99106 14 1.00000
186.0 125.08041 14 1.00000
186.1 125.16979 14 1.00000
186.2 125.25922 14 1.00000
186.3 125.34859 14 1.00000
186.4 125.43792 14 1.00000
186.5 125.52733 14 1.00000
186.6 125.61669 14 1.00000
186.7 125.70605 14 1.00000
186.8 125.79539 14 1.00000
186.9 125.88474 14 1.00000
187.0 125.97407 14 1.00000
187.1 126.06335 14 1.00000
187.2 126.15273 14 1.00000
187.3 126.24204 14 1.00000
187.4 126.33131 14 1.00000
187.5 126.42062 14 1.00000
187.6 126.50992 14 1.00000
187.7 126.59927 14 1.00000
187.8 126.68840 14 1.00000
187.9 126.77769 14 1.00000
188.0 126.86701 14 1.00000
188.1 126.95628 14 1.00000
188.2 127.04556 14 1.00000
188.3 127.13482 14 1.00000
188.4 127.22408 14 1.00000
188.5 127.31332 14 1.00000
188.6 127.40253 14 1.00000
188.7 127.49177 14 1.00000
188.8 127.58100 14 1.00000
188.9 127.67027 14 1.00000
189.0 127.75950 14 1.00000
189.1 127.84867 14 1.00000
189.2 127.93793 14 1.00000
189.3 128.02713 14 1.00000
189.4 128.11633 14 1.00000
189.5 128.20549 14 1.00000
189.6 128.29468 14 1.00000
189.7 128.38387 14 1.00000
189.8 128.47308 14 1.00000
189.9 128.56221 14 1.00000
190.0 128.65138 14 1.00000
190.1 128.74054 14 1.00000
190.2 128.82974 14 1.00000
190.3 128.91884 14 1.00000
190.4 129.00801 14 1.00000
190.5 129.09714 14 1.00000
190.6 129.18631 14 1.00000
190.7 129.27544 14 1.00000
190.8 129.36452 14 1.00000
190.9 129.45363 14 1.00000
191.0 129.54274 14 1.00000
191.1 129.63190 14 1.00000
191.2 129.72099 14 1.00000
191.3 129.81004 14 1.00000
191.4 129.89919 14 1.00000
191.5 129.98822 14 1.00000
191.6 130.07730 14 1.00000
191.7 130.16641 14 1.00000
191.8 130.25543 14 1.00000
191.9 130.34450 14 1.00000
192.0 130.43356 14 1.00000
192.1 130.52266 14 1.00000
192.2 130.61169 14 1.00000
192.3 130.70074 14 1.00000
192.4 130.78973 14 1.00000
192.5 130.87880 14 1.00000
192.6 130.96783 14 1.00000
192.7 131.05685 14 1.00000
192.8 131.14581 14 1.00000
192.9 131.23482 14 1.00000
193.0 131.32385 14 1.00000
193.1 131.41287 14 1.00000
193.2 131.50182 14 1.00000
193.3 131.59079 14 1.00000
193.4 131.67978 14 1.00000
193.5 131.76880 14 1.00000
193.6 131.85776 14 1.00000
193.7 131.94673 14 1.00000
193.8 132.03569 14 1.00000
193.9 132.12459 14 1.00000
194.0 132.21359 14 1.00000
194.1 132.30247 14 1.00000
194.2 132.39146 14 1.00000
194.3 132.48035 14 1.00000
194.4 132.56938 14 1.00000
194.5 132.65829 14 1.00000
194.6 132.74721 14 1.00000
194.7 132.83617 14 1.00000
194.8 132.92503 14 1.00000
194.9 133.01393 14 1.00000
195.0 133.10281 14 1.00000
195.1 133.19171 14 1.00000
195.2 133.28064 14 1.00000
195.3 133.36951 14 1.00000
195.4 133.45834 14 1.00000
195.5 133.54726 14 1.00000
195.6 133.63611 14 1.00000
195.7 133.72491 14 1.00000
195.8 133.81377 14 1.00000
195.9 133.90262 14 1.00000
196.0 133.99146 14 1.00000
196.1 134.08029 14 1.00000
196.2 134.16916 14 1.00000
196.3 134.25798 14 1.00000
196.4 134.34676 14 1.00000
196.5 134.43558 14 1.00000
196.6 134.52438 14 1.00000
196.7 134.61322 14 1.00000
196.8 134.70203 14 1.00000
196.9 134.79077 14 1.00000
197.0 134.87961 14 1.00000
197.1 134.96838 14 1.00000
197.2 135.05711 14 1.00000
197.3 135.14592 14 1.00000
197.4 135.23465 14 1.00000
197.5 135.32341 14 1.00000
197.6 135.41220 14 1.00000
197.7 135.50096 14 1.00000
197.8 135.58969 14 1.00000
197.9 135.67839 14 1.00000
198.0 135.76712 14 1.00000
198.1 135.85590 14 1.00000
198.2 135.94463 14 1.00000
198.3 136.03331 14 1.00000
198.4 136.12206 14 1.00000
198.5 136.21071 14 1.00000
198.6 136.29945 14 1.00000
198.7 136.38811 14 1.00000
198.8 136.47679 14 1.00000
198.9 136.56554 14 1.00000
199.0 136.65416 14 1.00000
199.1 136.74284 14 1.00000
199.2 136.83151 14 1.00000
199.3 136.92032 14 1.00000
199.4 137.00893 14 1.00000
199.5 137.09763 14 1.00000
199.6 137.18628 14 1.00000
199.7 137.27492 14 1.00000
199.8 137.36356 14 1.00000
199.9 137.45215 14 1.00000
200.0 137.54077 14 1.00000
200.1 137.62939 14 1.00000
200.2 137.71802 14 1.00000
200.3 137.80663 14 1.00000
200.4 137.89528 14 1.00000
200.5 137.98389 14 1.00000
200.6 138.07243 14 1.00000
200.7 138.16107 14 1.00000
200.8 138.24966 14 1.00000
200.9 138.33820 14 1.00000
201.0 138.42677 14 1.00000
201.1 138.51534 14 1.00000
201.2 138.60396 14 1.00000
201.3 138.69247 14 1.00000
201.4 138.78107 14 1.00000
201.5 138.86957 14 1.00000
201.6 138.95816 14 1.00000
201.7 139.04666 14 1.00000
201.8 139.13524 14 1.00000
201.9 139.22377 14 1.00000
202.0 139.31229 14 1.00000
202.1 139.40082 14 1.00000
202.2 139.48938 14 1.00000
202.3 139.57793 14 1.00000
202.4 139.66640 14 1.00000
202.5 139.75493 14 1.00000
202.6 139.84343 14 1.00000
202.7 139.93187 14 1.00000
202.8 140.02040 14 1.00000
202.9 140.10883 14 1.00000
203.0 140.19731 14 1.00000
203.1 140.28577 14 1.00000
203.2 140.37428 14 1.00000
203.3 140.46274 14 1.00000
203.4 140.55115 14 1.00000
203.5 140.63963 14 1.00000
203.6 140.72807 14 1.00000
203.7 140.81647 14 1.00000
203.8 140.90495 14 1.00000
203.9 140.99338 14 1.00000
204.0 141.08180 14 1.00000
204.1 141.17021 14 1.00000
204.2 141.25858 14 1.00000
204.3 141.34698 14 1.00000
204.4 141.43544 14 1.00000
204.5 141.52393 14 1.00000
204.6 141.61227 14 1.00000
204.7 141.70070 14 1.00000
204.8 141.78909 14 1.00000
204.9 141.87746 14 1.00000
205.0 141.96584 14 1.00000
205.1 142.05415 14 1.00000
205.2 142.14252 14 1.00000
205.3 142.23091 14 1.00000
205.4 142.31927 14 1.00000
205.5 142.40756 14 1.00000
205.6 142.49591 14 1.00000
205.7 142.58429 14 1.00000
205.8 142.67262 14 1.00000
205.9 142.76094 14 1.00000
206.0 142.84923 14 1.00000
206.1 142.93758 14 1.00000
206.2 143.02589 14 1.00000
206.3 143.11420 14 1.00000
206.4 143.20255 14 1.00000
206.5 143.29085 14 1.00000
206.6 143.37918 14 1.00000
206.7 143.46747 14 1.00000
206.8 143.55569 14 1.00000
206.9 143.64403 14 1.00000
207.0 143.73225 14 1.00000
207.1 143.82051 14 1.00000
207.2 143.90877 14 1.00000
207.3 143.99702 14 1.00000
207.4 144.08533 14 1.00000
207.5 144.17352 14 1.00000
207.6 144.26176 14 1.00000
207.7 144.35005 14 1.00000
207.8 144.43823 14 1.00000
207.9 144.52650 14 1.00000
208.0 144.61469 14 1.00000
208.1 144.70303 14 1.00000
208.2 144.79124 14 1.00000
208.3 144.87941 14 1.00000
208.4 144.96765 14 1.00000
208.5 145.05580 14 1.00000
208.6 145.14404 14 1.00000
208.7 145.23222 14 1.00000
208.8 145.32036 14 1.00000
208.9 145.40858 14 1.00000
209.0 145.49670 14 1.00000
209.1 145.58492 14 1.00000
209.2 145.67303 14 1.00000
209.3 145.76125 14 1.00000
209.4 145.84935 14 1.00000
209.5 145.93753 14 1.00000
209.6 146.02563 14 1.00000
209.7 146.11391 14 1.00000
209.8 146.20204 14 1.00000
209.9 146.29013 14 1.00000
210.0 146.37830 14 1.00000
210.1 146.46642 14 1.00000
210.2 146.55447 14 1.00000
210.3 146.64258 14 1.00000
210.4 146.73073 14 1.00000
210.5 146.81879 14 1.00000
210.6 146.90688 14 1.00000
210.7 146.99496 14 1.00000
210.8 147.08308 14 1.00000
210.9 147.17113 14 1.00000
211.0 147.25925 14 1.00000
211.1 147.34740 14 1.00000
211.2 147.43542 14 1.00000
211.3 147.52353 14 1.00000
211.4 147.61157 14 1.00000
211.5 147.69963 14 1.00000
211.6 147.78763 14 1.00000
211.7 147.87567 14 1.00000
211.8 147.96375 14 1.00000
211.9 148.05173 14 1.00000
212.0 148.13980 14 1.00000
212.1 148.22781 14 1.00000
212.2 148.31578 14 1.00000
212.3 148.40384 14 1.00000
212.4 148.49194 14 1.00000
212.5 148.57990 14 1.00000
212.6 148.66794 14 1.00000
212.7 148.75587 14 1.00000
212.8 148.84392 14 1.00000
212.9 148.93190 14 1.00000
213.0 149.01982 14 1.00000
213.1 149.10780 14 1.00000
213.2 149.19577 14 1.00000
213.3 149.28372 14 1.00000
213.4 149.37169 14 1.00000
213.5 149.45969 14 1.00000
213.6 149.54762 14 1.00000
213.7 149.63567 14 1.00000
213.8 149.72356 14 1.00000
213.9 149.81154 14 1.00000
214.0 149.89946 14 1.00000
214.1 149.98734 14 1.00000
214.2 150.07526 14 1.00000
214.3 150.16316 14 1.00000
214.4 150.25113 14 1.00000
214.5 150.33904 14 1.00000
214.6 150.42688 14 1.00000
214.7 150.51477 14 1.00000
214.8 150.60275 14 1.00000
214.9 150.69064 14 1.00000
215.0 150.77852 14 1.00000
215.1 150.86644 14 1.00000
215.2 150.95432 14 1.00000
215.3 151.04218 14 1.00000
215.4 151.13004 14 1.00000
215.5 151.21790 14 1.00000
215.6 151.30576 14 1.00000
215.7 151.39355 14 1.00000
215.8 151.48145 14 1.00000
215.9 151.56932 14 1.00000
216.0 151.65718 14 1.00000
216.1 151.74501 14 1.00000
216.2 151.83279 14 1.00000
216.3 151.92065 14 1.00000
216.4 152.00842 14 1.00000
216.5 152.09622 14 1.00000
216.6 152.18405 14 1.00000
216.7 152.27184 14 1.00000
216.8 152.35968 14 1.00000
216.9 152.44746 14 1.00000
217.0 152.53534 14 1.00000
217.1 152.62308 14 1.00000
217.2 152.71089 14 1.00000
217.3 152.79866 14 1.00000
217.4 152.88643 14 1.00000
217.5 152.97420 14 1.00000
217.6 153.06190 14 1.00000
217.7 153.14966 14 1.00000
217.8 153.23741 14 1.00000
217.9 153.32515 14 1.00000
218.0 153.41302 14 1.00000
218.1 153.50076 14 1.00000
218.2 153.58844 14 1.00000
218.3 153.67621 14 1.00000
218.4 153.76393 14 1.00000
218.5 153.85159 14 1.00000
218.6 153.93932 14 1.00000
218.7 154.02707 14 1.00000
218.8 154.11472 14 1.00000
218.9 154.20245 14 1.00000
219.0 154.29024 14 1.00000
219.1 154.37793 14 1.00000
219.2 154.46561 14 1.00000
219.3 154.55324 14 1.00000
219.4 154.64096 14 1.00000
219.5 154.72858 14 1.00000
219.6 154.81625 14 1.00000
219.7 154.90390 14 1.00000
219.8 154.99156 14 1.00000
219.9 155.07930 14 1.00000
220.0 155.16695 14 1.00000
220.1 155.25462 14 1.00000
220.2 155.34227 14 1.00000
220.3 155.42986 14 1.00000
220.4 155.51747 14 1.00000
220.5 155.60510 14 1.00000
220.6 155.69276 14 1.00000
220.7 155.78038 14 1.00000
220.8 155.86803 14 1.00000
220.9 155.95563 14 1.00000
221.0 156.04323 14 1.00000
221.1 156.13083 14 1.00000
221.2 156.21846 14 1.00000
221.3 156.30605 14 1.00000
221.4 156.39363 14 1.00000
221.5 156.48116 14 1.00000
221.6 156.56877 14 1.00000
221.7 156.65643 14 1.00000
221.8 156.74394 14 1.00000
221.9 156.83154 14 1.00000
222.0 156.91910 14 1.00000
222.1 157.00665 14 1.00000
222.2 157.09419 14 1.00000
222.3 157.18173 14 1.00000
222.4 157.26927 14 1.00000
222.5 157.35684 14 1.00000
222.6 157.44441 14 1.00000
222.7 157.53194 14 1.00000
222.8 157.61945 14 1.00000
222.9 157.70691 14 1.00000
223.0 157.79442 14 1.00000
223.1 157.88197 14 1.00000
223.2 157.96947 14 1.00000
223.3 158.05701 14 1.00000
223.4 158.14453 14 1.00000
223.5 158.23198 14 1.00000
223.6 158.31950 14 1.00000
223.7 158.40694 14 1.00000
223.8 158.49445 14 1.00000
223.9 158.58191 14 1.00000
224.0 158.66933 14 1.00000
224.1 158.75690 14 1.00000
224.2 158.84433 14 1.00000
224.3 158.93182 14 1.00000
224.4 159.01926 14 1.00000
224.5 159.10670 14 1.00000
224.6 159.19409 14 1.00000
224.7 159.28152 14 1.00000
224.8 159.36894 14 1.00000
224.9 159.45645 14 1.00000
225.0 159.54387 14 1.00000
225.1 159.63129 14 1.00000
225.2 159.71873 14 1.00000
225.3 159.80614 14 1.00000
225.4 159.89354 14 1.00000
225.5 159.98093 14 1.00000
225.6 160.06836 14 1.00000
225.7 160.15579 14 1.00000
225.8 160.24312 14 1.00000
225.9 160.33055 14 1.00000
226.0 160.41788 14 1.00000
226.1 160.50528 14 1.00000
226.2 160.59265 14 1.00000
226.3 160.68008 14 1.00000
226.4 160.76744 14 1.00000
226.5 160.85480 14 1.00000
226.6 160.94209 14 1.00000
226.7 161.02943 14 1.00000
226.8 161.11676 14 1.00000
226.9 161.20410 14 1.00000
227.0 161.29155 14 1.00000
227.1 161.37883 14 1.00000
227.2 161.46616 14 1.00000
227.3 161.55351 14 1.00000
227.4 161.64082 14 1.00000
227.5 161.72812 14 1.00000
227.6 161.81537 14 1.00000
227.7 161.90280 14 1.00000
227.8 161.99010 14 1.00000
227.9 162.07738 14 1.00000
228.0 162.16466 14 1.00000
228.1 162.25194 14 1.00000
228.2 162.33917 14 1.00000
228.3 162.42648 14 1.00000
228.4 162.51382 14 1.00000
228.5 162.60104 14 1.00000
228.6 162.68834 14 1.00000
228.7 162.77554 14 1.00000
228.8 162.86284 14 1.00000
228.9 162.95004 14 1.00000
229.0 163.03732 14 1.00000
229.1 163.12463 14 1.00000
229.2 163.21187 14 1.00000
229.3 163.29909 14 1.00000
229.4 163.38631 14 1.00000
229.5 163.47348 14 1.00000
229.6 163.56073 14 1.00000
229.7 163.64803 14 1.00000
229.8 163.73518 14 1.00000
229.9 163.82243 14 1.00000
230.0 163.90958 14 1.00000
230.1 163.99677 14 1.00000
230.2 164.08395 14 1.00000
230.3 164.17125 14 1.00000
230.4 164.25844 14 1.00000
230.5 164.34561 14 1.00000
230.6 164.43277 14 1.00000
230.7 164.51990 14 1.00000
230.8 164.60706 14 1.00000
230.9 164.69420 14 1.00000
231.0 164.78143 14 1.00000
231.1 164.86862 14 1.00000
231.2 164.95572 14 1.00000
231.3 165.04291 14 1.00000
231.4 165.12999 14 1.00000
231.5 165.21716 14 1.00000
231.6 165.30432 14 1.00000
231.7 165.39149 14 1.00000
231.8 165.47856 14 1.00000
231.9 165.56567 14 1.00000
232.0 165.65282 14 1.00000
232.1 165.73991 14 1.00000
232.2 165.82710 14 1.00000
232.3 165.91418 14 1.00000
232.4 166.00128 14 1.00000
232.5 166.08832 14 1.00000
232.6 166.17540 14 1.00000
232.7 166.26256 14 1.00000
232.8 166.34967 14 1.00000
232.9 166.43669 14 1.00000
233.0 166.52380 14 1.00000
233.1 166.61081 14 1.00000
233.2 166.69786 14 1.00000
233.3 166.78500 14 1.00000
233.4 166.87209 14 1.00000
233.5 166.95909 14 1.00000
233.6 167.04613 14 1.00000
233.7 167.13319 14 1.00000
233.8 167.22023 14 1.00000
233.9 167.30728 14 1.00000
234.0 167.39435 14 1.00000
234.1 167.48137 14 1.00000
234.2 167.56837 14 1.00000
234.3 167.65538 14 1.00000
234.4 167.74246 14 1.00000
234.5 167.82947 14 1.00000
234.6 167.91641 14 1.00000
234.7 168.00340 14 1.00000
234.8 168.09038 14 1.00000
234.9 168.17737 14 1.00000
235.0 168.26442 14 1.00000
235.1 168.35144 14 1.00000
235.2 168.43835 14 1.00000
235.3 168.52531 14 1.00000
235.4 168.61232 14 1.00000
235.5 168.69936 14 1.00000
235.6 168.78632 14 1.00000
235.7 168.87326 14 1.00000
235.8 168.96019 14 1.00000
235.9 169.04709 14 1.00000
236.0 169.13414 14 1.00000
236.1 169.22107 14 1.00000
236.2 169.30795 14 1.00000
236.3 169.39487 14 1.00000
236.4 169.48180 14 1.00000
236.5 169.56879 14 1.00000
236.6 169.65573 14 1.00000
236.7 169.74263 14 1.00000
236.8 169.82950 14 1.00000
236.9 169.91638 14 1.00000
237.0 170.00340 14 1.00000
237.1 170.09029 14 1.00000
237.2 170.17712 14 1.00000
237.3 170.26401 14 1.00000
237.4 170.35092 14 1.00000
237.5 170.43782 14 1.00000
237.6 170.52473 14 1.00000
237.7 170.61154 14 1.00000
237.8 170.69841 14 1.00000
237.9 170.78529 14 1.00000
238.0 170.87218 14 1.00000
238.1 170.95903 14 1.00000
238.2 171.04591 14 1.00000
238.3 171.13274 14 1.00000
238.4 171.21953 14 1.00000
238.5 171.30649 14 1.00000
238.6 171.39326 14 1.00000
238.7 171.48007 14 1.00000
238.8 171.56689 14 1.00000
238.9 171.65370 14 1.00000
239.0 171.74059 14 1.00000
239.1 171.82744 14 1.00000
239.2 171.91418 14 1.00000
239.3 172.00102 14 1.00000
239.4 172.08789 14 1.00000
239.5 172.17467 14 1.00000
239.6 172.26144 14 1.00000
239.7 172.34822 14 1.00000
239.8 172.43500 14 1.00000
239.9 172.52180 14 1.00000
240.0 172.60861 14 1.00000
240.1 172.69533 14 1.00000
240.2 172.78212 14 1.00000
240.3 172.86896 14 1.00000
240.4 172.95570 14 1.00000
240.5 173.04243 14 1.00000
240.6 173.12918 14 1.00000
240.7 173.21591 14 1.00000
240.8 173.30267 14 1.00000
240.9 173.38945 14 1.00000
241.0 173.47612 14 1.00000
241.1 173.56288 14 1.00000
241.2 173.64967 14 1.00000
241.3 173.73637 14 1.00000
241.4 173.82304 14 1.00000
241.5 173.90979 14 1.00000
241.6 173.99648 14 1.00000
241.7 174.08321 14 1.00000
241.8 174.16994 14 1.00000
241.9 174.25658 14 1.00000
242.0 174.34331 14 1.00000
242.1 174.43001 14 1.00000
242.2 174.51672 14 1.00000
242.3 174.60335 14 1.00000
242.4 174.69005 14 1.00000
242.5 174.77679 14 1.00000
242.6 174.86345 14 1.00000
242.7 174.95009 14 1.00000
242.8 175.03674 14 1.00000
242.9 175.12346 14 1.00000
243.0 175.21005 14 1.00000
243.1 175.29674 14 1.00000
243.2 175.38333 14 1.00000
243.3 175.47002 14 1.00000
243.4 175.55669 14 1.00000
243.5 175.64325 14 1.00000
243.6 175.72987 14 1.00000
243.7 175.81656 14 1.00000
243.8 175.90315 14 1.00000
243.9 175.98976 14 1.00000
244.0 176.07635 14 1.00000
244.1 176.16307 14 1.00000
244.2 176.24966 14 1.00000
244.3 176.33624 14 1.00000
244.4 176.42282 14 1.00000
244.5 176.50948 14 1.00000
244.6 176.59604 14 1.00000
244.7 176.68262 14 1.00000
244.8 176.76913 14 1.00000
244.9 176.85579 14 1.00000
245.0 176.94237 14 1.00000
245.1 177.02887 14 1.00000
245.2 177.11546 14 1.00000
245.3 177.20209 14 1.00000
245.4 177.28857 14 1.00000
245.5 177.37511 14 1.00000
245.6 177.46169 14 1.00000
245.7 177.54825 14 1.00000
245.8 177.63477 14 1.00000
245.9 177.72133 14 1.00000
246.0 177.80788 14 1.00000
246.1 177.89442 14 1.00000
246.2 177.98088 14 1.00000
246.3 178.06743 14 1.00000
246.4 178.15401 14 1.00000
246.5 178.24049 14 1.00000
246.6 178.32698 14 1.00000
246.7 178.41342 14 1.00000
246.8 178.49998 14 1.00000
246.9 178.58650 14 1.00000
247.0 178.67297 14 1.00000
247.1 178.75952 14 1.00000
247.2 178.84595 14 1.00000
247.3 178.93245 14 1.00000
247.4 179.01886 14 1.00000
247.5 179.10539 14 1.00000
247.6 179.19183 14 1.00000
247.7 179.27827 14 1.00000
247.8 179.36479 14 1.00000
247.9 179.45123 14 1.00000
248.0 179.53766 14 1.00000
248.1 179.62408 14 1.00000
248.2 179.71063 14 1.00000
248.3 179.79706 14 1.00000
248.4 179.88342 14 1.00000
248.5 179.96996 14 1.00000
248.6 180.05637 14 1.00000
248.7 180.14272 14 1.00000
248.8 180.22913 14 1.00000
248.9 180.31560 14 1.00000
249.0 180.40202 14 1.00000
249.1 180.48837 14 1.00000
249.2 180.57483 14 1.00000
249.3 180.66121 14 1.00000
249.4 180.74759 14 1.00000
249.5 180.83408 14 1.00000
249.6 180.92039 14 1.00000
249.7 181.00681 14 1.00000
249.8 181.09311 14 1.00000
249.9 181.17960 14 1.00000
250.0 181.26595 14 1.00000
