15.0 1.54431 13 0.04217
15.1 1.55624 13 0.04307
15.2 1.56821 13 0.04397
15.3 1.58023 13 0.04486
15.4 1.59193 13 0.04572
15.5 1.60365 13 0.04658
15.6 1.61579 13 0.04745
15.7 1.62758 13 0.04829
15.8 1.63940 13 0.04912
15.9 1.65125 13 0.04995
16.0 1.66314 13 0.05077
16.1 1.67460 13 0.05156
16.2 1.68654 13 0.05237
16.3 1.82983 13 0.05852
16.4 1.86854 13 0.06187
16.5 1.90937 13 0.06538
16.6 1.94891 13 0.06877
16.7 1.98883 13 0.07216
16.8 2.03106 13 0.07574
16.9 2.07181 13 0.07917
17.0 2.11295 13 0.08262
17.1 2.15447 13 0.08609
17.2 2.19638 13 0.08957
17.3 2.23868 13 0.09306
17.4 2.28137 13 0.09658
17.5 2.32444 13 0.10011
17.6 2.36544 13 0.10346
17.7 2.40922 13 0.10702
17.8 2.45340 13 0.11060
17.9 2.49529 13 0.11398
18.0 2.55367 14 0.11759
18.1 2.61086 14 0.12099
18.2 2.67289 14 0.12463
18.3 2.73192 14 0.12805
18.4 2.79183 14 0.13147
18.5 2.85705 14 0.13516
18.6 2.91888 14 0.13861
18.7 2.98159 14 0.14207
18.8 3.05015 14 0.14580
18.9 3.11487 14 0.14928
19.0 3.18051 14 0.15277
19.1 3.24710 14 0.15627
19.2 3.31464 14 0.15977
19.3 3.38314 14 0.16328
19.4 3.45261 14 0.16681
19.5 3.52307 14 0.17034
19.6 3.59451 14 0.17388
19.7 3.66696 14 0.17742
19.8 3.74043 14 0.18098
19.9 3.81492 14 0.18455
20.0 3.89044 14 0.18812
20.1 3.95960 14 0.19136
20.2 4.02747 14 0.19495
20.3 4.09324 14 0.19854
20.4 4.15963 14 0.20215
20.5 4.22662 14 0.20576
20.6 4.28717 14 0.20901
20.7 4.35522 14 0.21263
20.8 4.42390 14 0.21627
20.9 4.48563 14 0.21951
21.0 4.55538 14 0.22316
21.1 4.62576 14 0.22682
21.2 4.68867 14 0.23007
21.3 4.76012 14 0.23374
21.4 4.83222 14 0.23742
21.5 4.89629 14 0.24067
21.6 4.96948 14 0.24436
21.7 5.03428 14 0.24761
21.8 5.10855 14 0.25132
21.9 5.17407 14 0.25456
22.0 5.24944 14 0.25828
22.1 5.31567 14 0.26153
22.2 5.39215 14 0.26526
22.3 5.45908 14 0.26851
22.4 5.53667 14 0.27225
22.5 5.60431 14 0.27550
22.6 5.68302 14 0.27926
22.7 5.75136 14 0.28250
22.8 5.83119 14 0.28627
22.9 5.90022 14 0.28951
23.0 5.96949 14 0.29275
23.1 6.05090 14 0.29654
23.2 6.12086 14 0.29978
23.3 6.20339 14 0.30358
23.4 6.27404 14 0.30681
23.5 6.35610 14 0.31073
23.6 6.47435 14 0.31661
23.7 6.57544 14 0.32162
23.8 6.67730 14 0.32664
23.9 6.79953 14 0.33265
24.0 6.90336 14 0.33772
24.1 7.00797 14 0.34282
24.2 7.13427 14 0.34894
24.3 7.24087 14 0.35409
24.4 7.33108 14 0.35826
24.5 7.46270 14 0.36125
24.6 7.52249 14 0.36362
24.7 7.58242 14 0.36600
24.8 7.64248 14 0.36837
24.9 7.71567 14 0.37125
25.0 7.77619 14 0.37362
25.1 7.83685 14 0.37599
25.2 7.89765 14 0.37835
25.3 7.97237 14 0.38125
25.4 8.03363 14 0.38362
25.5 8.09502 14 0.38599
25.6 8.15654 14 0.38835
25.7 8.21819 14 0.39071
25.8 8.29481 14 0.39363
25.9 8.35691 14 0.39599
26.0 8.41915 14 0.39835
26.1 8.48151 14 0.40071
26.2 8.54400 14 0.40306
26.3 8.62251 14 0.40601
26.4 8.68620 14 0.40840
26.5 8.76361 14 0.41156
26.6 8.84118 14 0.41471
26.7 8.91889 14 0.41786
26.8 8.99675 14 0.42100
26.9 9.09591 14 0.42499
27.0 9.17431 14 0.42813
27.1 9.25285 14 0.43127
27.2 9.33153 14 0.43440
27.3 9.41035 14 0.43752
27.4 9.48931 14 0.44064
27.5 9.56840 14 0.44376
27.6 9.67074 14 0.44778
27.7 9.75035 14 0.45089
27.8 9.83009 14 0.45400
27.9 9.90996 14 0.45711
28.0 9.98996 14 0.46021
28.1 10.07007 14 0.46330
28.2 10.15029 14 0.46639
28.3 10.23063 14 0.46948
28.4 10.33658 14 0.47353
28.5 10.41744 14 0.47662
28.6 10.49842 14 0.47969
28.7 10.57949 14 0.48277
28.8 10.66067 14 0.48584
28.9 10.74196 14 0.48890
29.0 10.82336 14 0.49196
29.1 10.90486 14 0.49501
29.2 10.98647 14 0.49806
29.3 11.06817 14 0.50110
29.4 11.17853 14 0.50520
29.5 11.26071 14 0.50824
29.6 11.34300 14 0.51128
29.7 11.42537 14 0.51431
29.8 11.50785 14 0.51734
29.9 11.59042 14 0.52036
30.0 11.67307 14 0.52338
30.1 11.75580 14 0.52639
30.2 11.83861 14 0.52939
30.3 11.92151 14 0.53240
30.4 12.00448 14 0.53539
30.5 12.08755 14 0.53838
30.6 12.17069 14 0.54137
30.7 12.25392 14 0.54435
30.8 12.33721 14 0.54733
30.9 12.42057 14 0.55030
31.0 12.53771 14 0.55446
31.1 12.62154 14 0.55743
31.2 12.70544 14 0.56040
31.3 12.78941 14 0.56336
31.4 12.87345 14 0.56631
31.5 12.95756 14 0.56926
31.6 13.04172 14 0.57221
31.7 13.12593 14 0.57515
31.8 13.21021 14 0.57808
31.9 13.29455 14 0.58101
32.0 13.37895 14 0.58394
32.1 13.46342 14 0.58686
32.2 13.54794 14 0.58977
32.3 13.63251 14 0.59268
32.4 13.71714 14 0.59559
32.5 13.80182 14 0.59849
32.6 13.88654 14 0.60138
32.7 13.97131 14 0.60427
32.8 14.05613 14 0.60716
32.9 14.14100 14 0.61004
33.0 14.22592 14 0.61291
33.1 14.31088 14 0.61578
33.2 14.39590 14 0.61865
33.3 14.48095 14 0.62151
33.4 14.56605 14 0.62436
33.5 14.65116 14 0.62721
33.6 14.73630 14 0.63006
33.7 14.82149 14 0.63290
33.8 14.90672 14 0.63574
33.9 14.99198 14 0.63857
34.0 15.07727 14 0.64139
34.1 15.16261 14 0.64421
34.2 15.24798 14 0.64703
34.3 15.33338 14 0.64984
34.4 15.41881 14 0.65265
34.5 15.50427 14 0.65545
34.6 15.58974 14 0.65824
34.7 15.67522 14 0.66103
34.8 15.76074 14 0.66382
34.9 15.84628 14 0.66660
35.0 15.93184 14 0.66938
35.1 16.01743 14 0.67215
35.2 16.10303 14 0.67492
35.3 16.18866 14 0.67768
35.4 16.27431 14 0.68044
35.5 16.35998 14 0.68319
35.6 16.44566 14 0.68594
35.7 16.53137 14 0.68868
35.8 16.61707 14 0.69142
35.9 16.70277 14 0.69415
36.0 16.78848 14 0.69688
36.1 16.87422 14 0.69960
36.2 16.95996 14 0.70232
36.3 17.04572 14 0.70503
36.4 17.13149 14 0.70774
36.5 17.21727 14 0.71045
36.6 17.30306 14 0.71314
36.7 17.38886 14 0.71584
36.8 17.47467 14 0.71853
36.9 17.56048 14 0.72121
37.0 17.64630 14 0.72389
37.1 17.73211 14 0.72657
37.2 17.81791 14 0.72924
37.3 17.90371 14 0.73191
37.4 17.98951 14 0.73457
37.5 18.07530 14 0.73723
37.6 18.16110 14 0.73988
37.7 18.24690 14 0.74252
37.8 18.33269 14 0.74517
37.9 18.41848 14 0.74780
38.0 18.50427 14 0.75044
38.1 18.59006 14 0.75307
38.2 18.67584 14 0.75569
38.3 18.76162 14 0.75831
38.4 18.84740 14 0.76092
38.5 18.93317 14 0.76353
38.6 19.01893 14 0.76614
38.7 19.10469 14 0.76874
38.8 19.19043 14 0.77134
38.9 19.27613 14 0.77393
39.0 19.36183 14 0.77651
39.1 19.44752 14 0.77910
39.2 19.53319 14 0.78167
39.3 19.61885 14 0.78425
39.4 19.70450 14 0.78682
39.5 19.79013 14 0.78938
39.6 19.87575 14 0.79194
39.7 19.96135 14 0.79450
39.8 20.04694 14 0.79705
39.9 20.13252 14 0.79959
40.0 20.21807 14 0.80213
40.1 20.30361 14 0.80467
40.2 20.38913 14 0.80720
40.3 20.47464 14 0.80973
40.4 20.56013 14 0.81225
40.5 20.64560 14 0.81477
40.6 20.73104 14 0.81729
40.7 20.81648 14 0.81980
40.8 20.83164 14 0.82024
40.9 20.91660 14 0.82274
41.0 21.00151 14 0.82522
41.1 21.08640 14 0.82771
41.2 21.17126 14 0.83019
41.3 21.25611 14 0.83266
41.4 21.34093 14 0.83513
41.5 21.42572 14 0.83760
41.6 21.51048 14 0.84006
41.7 21.59521 14 0.84252
41.8 21.67992 14 0.84497
41.9 21.76460 14 0.84742
42.0 21.84925 14 0.84986
42.1 21.93386 14 0.85230
42.2 22.01846 14 0.85474
42.3 22.10304 14 0.85717
42.4 22.18758 14 0.85959
42.5 22.27209 14 0.86202
42.6 22.35657 14 0.86444
42.7 22.44101 14 0.86685
42.8 22.52543 14 0.86926
42.9 22.60980 14 0.87167
43.0 22.69416 14 0.87407
43.1 22.77846 14 0.87646
43.2 22.86275 14 0.87886
43.3 22.94699 14 0.88125
43.4 23.03118 14 0.88363
43.5 23.11535 14 0.88601
43.6 23.19946 14 0.88839
43.7 23.28353 14 0.89076
43.8 23.36756 14 0.89313
43.9 23.45157 14 0.89549
44.0 23.45226 14 0.89551
44.1 23.53577 14 0.89786
44.2 23.61922 14 0.90020
44.3 23.70266 14 0.90254
44.4 23.78604 14 0.90487
44.5 23.86938 14 0.90720
44.6 23.95268 14 0.90953
44.7 24.03594 14 0.91185
44.8 24.11916 14 0.91416
44.9 24.20234 14 0.91648
45.0 24.28548 14 0.91879
45.1 24.36857 14 0.92109
45.2 24.45163 14 0.92339
45.3 24.53464 14 0.92569
45.4 24.61760 14 0.92798
45.5 24.70052 14 0.93027
45.6 24.78340 14 0.93256
45.7 24.86623 14 0.93484
45.8 24.94901 14 0.93712
45.9 25.03178 14 0.93939
46.0 25.11449 14 0.94166
46.1 25.19716 14 0.94393
46.2 25.27978 14 0.94619
46.3 25.36236 14 0.94845
46.4 25.44489 14 0.95070
46.5 25.52737 14 0.95295
46.6 25.60982 14 0.95520
46.7 25.69223 14 0.95744
46.8 25.67965 14 0.95710
46.9 25.76153 14 0.95932
47.0 25.84336 14 0.96154
47.1 25.92515 14 0.96376
47.2 26.00686 14 0.96598
47.3 26.08854 14 0.96819
47.4 26.17018 14 0.97039
47.5 26.25175 14 0.97260
47.6 26.33329 14 0.97480
47.7 26.41476 14 0.97699
47.8 26.49619 14 0.97918
47.9 26.57755 14 0.98137
48.0 26.65889 14 0.98355
48.1 26.74015 14 0.98573
48.2 26.82139 14 0.98791
48.3 26.90256 14 0.99008
48.4 26.98368 14 0.99225
48.5 27.06475 14 0.99442
48.6 27.14577 14 0.99658
48.7 27.22672 14 0.99874
48.8 27.28448 14 1.00000
48.9 27.30929 14 1.00000
49.0 27.33405 14 1.00000
49.1 27.35875 14 1.00000
49.2 27.38339 14 1.00000
49.3 27.40797 14 1.00000
49.4 27.40029 14 1.00000
49.5 27.42466 14 1.00000
49.6 27.44896 14 1.00000
49.7 27.47322 14 1.00000
49.8 27.49742 14 1.00000
49.9 27.52155 14 1.00000
50.0 27.54563 14 1.00000
50.1 27.56964 14 1.00000
50.2 27.59360 14 1.00000
50.3 27.61748 14 1.00000
50.4 27.64133 14 1.00000
50.5 27.66511 14 1.00000
50.6 27.68882 14 1.00000
50.7 27.71248 14 1.00000
50.8 27.73608 14 1.00000
50.9 27.75962 14 1.00000
51.0 27.78311 14 1.00000
51.1 27.80653 14 1.00000
51.2 27.82990 14 1.00000
51.3 27.85321 14 1.00000
51.4 27.87647 14 1.00000
51.5 27.89966 14 1.00000
51.6 27.92281 14 1.00000
51.7 27.94590 14 1.00000
51.8 27.96893 14 1.00000
51.9 27.99191 14 1.00000
52.0 27.98080 14 1.00000
52.1 28.00359 14 1.00000
52.2 28.02631 14 1.00000
52.3 28.04900 14 1.00000
52.4 28.07162 14 1.00000
52.5 28.09418 14 1.00000
52.6 28.11670 14 1.00000
52.7 28.13917 14 1.00000
52.8 28.16158 14 1.00000
52.9 28.18393 14 1.00000
53.0 28.20621 14 1.00000
53.1 28.22847 14 1.00000
53.2 28.25067 14 1.00000
53.3 28.27280 14 1.00000
53.4 28.29489 14 1.00000
53.5 28.31692 14 1.00000
53.6 28.33890 14 1.00000
53.7 28.36084 14 1.00000
53.8 28.38272 14 1.00000
53.9 28.40455 14 1.00000
54.0 28.42633 14 1.00000
54.1 28.44806 14 1.00000
54.2 28.46973 14 1.00000
54.3 28.49135 14 1.00000
54.4 28.51293 14 1.00000
54.5 28.53443 14 1.00000
54.6 28.52014 14 1.00000
54.7 28.54147 14 1.00000
54.8 28.56278 14 1.00000
54.9 28.58403 14 1.00000
55.0 28.60523 14 1.00000
55.1 28.62636 14 1.00000
55.2 28.64747 14 1.00000
55.3 28.66852 14 1.00000
55.4 28.68952 14 1.00000
55.5 28.71047 14 1.00000
55.6 28.73136 14 1.00000
55.7 28.75221 14 1.00000
55.8 28.77304 14 1.00000
55.9 28.79380 14 1.00000
56.0 28.81450 14 1.00000
56.1 28.83517 14 1.00000
56.2 28.85580 14 1.00000
56.3 28.87638 14 1.00000
56.4 28.89690 14 1.00000
56.5 28.91736 14 1.00000
56.6 28.93779 14 1.00000
56.7 28.95819 14 1.00000
56.8 28.97853 14 1.00000
56.9 28.99882 14 1.00000
57.0 29.01905 14 1.00000
57.1 29.03926 14 1.00000
57.2 29.02195 14 1.00000
57.3 29.04199 14 1.00000
57.4 29.06196 14 1.00000
57.5 29.08192 14 1.00000
57.6 29.10182 14 1.00000
57.7 29.12166 14 1.00000
57.8 29.14147 14 1.00000
57.9 29.16123 14 1.00000
58.0 29.18097 14 1.00000
58.1 29.20065 14 1.00000
58.2 29.22029 14 1.00000
58.3 29.23988 14 1.00000
58.4 29.25943 14 1.00000
58.5 29.27893 14 1.00000
58.6 29.29838 14 1.00000
58.7 29.31781 14 1.00000
58.8 29.33717 14 1.00000
58.9 29.35652 14 1.00000
59.0 29.37580 14 1.00000
59.1 29.39505 14 1.00000
59.2 29.41425 14 1.00000
59.3 29.43341 14 1.00000
59.4 29.45253 14 1.00000
59.5 29.47160 14 1.00000
59.6 29.49062 14 1.00000
59.7 29.50962 14 1.00000
59.8 29.48951 14 1.00000
59.9 29.50834 14 1.00000
60.0 29.52714 14 1.00000
60.1 29.54588 14 1.00000
60.2 29.56459 14 1.00000
60.3 29.58327 14 1.00000
60.4 29.60191 14 1.00000
60.5 29.62050 14 1.00000
60.6 29.63908 14 1.00000
60.7 29.65758 14 1.00000
60.8 29.67605 14 1.00000
60.9 29.69450 14 1.00000
61.0 29.71288 14 1.00000
61.1 29.73124 14 1.00000
61.2 29.74955 14 1.00000
61.3 29.76784 14 1.00000
61.4 29.78608 14 1.00000
61.5 29.80427 14 1.00000
61.6 29.82243 14 1.00000
61.7 29.84055 14 1.00000
61.8 29.85863 14 1.00000
61.9 29.87665 14 1.00000
62.0 29.89467 14 1.00000
62.1 29.91263 14 1.00000
62.2 29.93055 14 1.00000
62.3 29.94842 14 1.00000
62.4 29.96629 14 1.00000
62.5 29.94343 14 1.00000
62.6 29.96112 14 1.00000
62.7 29.97881 14 1.00000
62.8 29.99643 14 1.00000
62.9 30.01404 14 1.00000
63.0 30.03159 14 1.00000
63.1 30.04911 14 1.00000
63.2 30.06660 14 1.00000
63.3 30.08406 14 1.00000
63.4 30.10147 14 1.00000
63.5 30.11884 14 1.00000
63.6 30.13617 14 1.00000
63.7 30.15348 14 1.00000
63.8 30.17074 14 1.00000
63.9 30.18799 14 1.00000
64.0 30.20518 14 1.00000
64.1 30.22232 14 1.00000
64.2 30.23946 14 1.00000
64.3 30.25653 14 1.00000
64.4 30.27360 14 1.00000
64.5 30.29060 14 1.00000
64.6 30.30759 14 1.00000
64.7 30.32452 14 1.00000
64.8 30.34143 14 1.00000
64.9 30.35832 14 1.00000
65.0 30.37517 14 1.00000
65.1 30.39198 14 1.00000
65.2 30.40875 14 1.00000
65.3 30.38322 14 1.00000
65.4 30.39986 14 1.00000
65.5 30.41647 14 1.00000
65.6 30.43304 14 1.00000
65.7 30.44958 14 1.00000
65.8 30.46609 14 1.00000
65.9 30.48254 14 1.00000
66.0 30.49898 14 1.00000
66.1 30.51540 14 1.00000
66.2 30.53177 14 1.00000
66.3 30.54811 14 1.00000
66.4 30.56441 14 1.00000
66.5 30.58068 14 1.00000
66.6 30.59692 14 1.00000
66.7 30.61312 14 1.00000
66.8 30.62928 14 1.00000
66.9 30.64543 14 1.00000
67.0 30.66154 14 1.00000
67.1 30.67761 14 1.00000
67.2 30.69365 14 1.00000
67.3 30.70964 14 1.00000
67.4 30.72564 14 1.00000
67.5 30.74159 14 1.00000
67.6 30.75749 14 1.00000
67.7 30.77337 14 1.00000
67.8 30.78923 14 1.00000
67.9 30.80507 14 1.00000
68.0 30.82086 14 1.00000
68.1 30.83661 14 1.00000
68.2 30.80846 14 1.00000
68.3 30.82412 14 1.00000
68.4 30.83971 14 1.00000
68.5 30.85531 14 1.00000
68.6 30.87085 14 1.00000
68.7 30.88638 14 1.00000
68.8 30.90188 14 1.00000
68.9 30.91732 14 1.00000
69.0 30.93274 14 1.00000
69.1 30.94814 14 1.00000
69.2 30.96353 14 1.00000
69.3 30.97887 14 1.00000
69.4 30.99416 14 1.00000
69.5 31.00945 14 1.00000
69.6 31.02470 14 1.00000
69.7 31.03992 14 1.00000
69.8 31.05510 14 1.00000
69.9 31.07024 14 1.00000
70.0 31.08537 14 1.00000
70.1 31.10047 14 1.00000
70.2 31.11556 14 1.00000
70.3 31.13059 14 1.00000
70.4 31.14561 14 1.00000
70.5 31.16061 14 1.00000
70.6 31.17557 14 1.00000
70.7 31.19048 14 1.00000
70.8 31.20540 14 1.00000
70.9 31.22025 14 1.00000
71.0 31.23510 14 1.00000
71.1 31.24991 14 1.00000
71.2 31.21923 14 1.00000
71.3 31.23393 14 1.00000
71.4 31.24862 14 1.00000
71.5 31.26325 14 1.00000
71.6 31.27783 14 1.00000
71.7 31.29240 14 1.00000
71.8 31.30695 14 1.00000
71.9 31.32145 14 1.00000
72.0 31.33595 14 1.00000
72.1 31.35039 14 1.00000
72.2 31.36483 14 1.00000
72.3 31.37923 14 1.00000
72.4 31.39361 14 1.00000
72.5 31.40795 14 1.00000
72.6 31.42227 14 1.00000
72.7 31.43654 14 1.00000
72.8 31.45082 14 1.00000
72.9 31.46504 14 1.00000
73.0 31.47927 14 1.00000
73.1 31.49346 14 1.00000
73.2 31.50760 14 1.00000
73.3 31.52174 14 1.00000
73.4 31.53585 14 1.00000
73.5 31.54995 14 1.00000
73.6 31.56398 14 1.00000
73.7 31.57801 14 1.00000
73.8 31.59203 14 1.00000
73.9 31.60599 14 1.00000
74.0 31.61996 14 1.00000
74.1 31.63388 14 1.00000
74.2 31.64778 14 1.00000
74.3 31.66163 14 1.00000
74.4 31.62845 14 1.00000
74.5 31.64222 14 1.00000
74.6 31.65597 14 1.00000
74.7 31.66968 14 1.00000
74.8 31.68337 14 1.00000
74.9 31.69703 14 1.00000
75.0 31.71066 14 1.00000
75.1 31.72425 14 1.00000
75.2 31.73785 14 1.00000
75.3 31.75141 14 1.00000
75.4 31.76493 14 1.00000
75.5 31.77844 14 1.00000
75.6 31.79194 14 1.00000
75.7 31.80538 14 1.00000
75.8 31.81883 14 1.00000
75.9 31.83224 14 1.00000
76.0 31.84563 14 1.00000
76.1 31.85897 14 1.00000
76.2 31.87232 14 1.00000
76.3 31.88565 14 1.00000
76.4 31.89894 14 1.00000
76.5 31.91220 14 1.00000
76.6 31.92544 14 1.00000
76.7 31.93868 14 1.00000
76.8 31.95188 14 1.00000
76.9 31.96505 14 1.00000
77.0 31.97820 14 1.00000
77.1 31.99130 14 1.00000
77.2 32.00440 14 1.00000
77.3 32.01750 14 1.00000
77.4 32.03053 14 1.00000
77.5 32.04358 14 1.00000
77.6 32.05659 14 1.00000
77.7 32.02094 14 1.00000
77.8 32.03385 14 1.00000
77.9 32.04673 14 1.00000
78.0 32.05960 14 1.00000
78.1 32.07244 14 1.00000
78.2 32.08525 14 1.00000
78.3 32.09801 14 1.00000
78.4 32.11080 14 1.00000
78.5 32.12354 14 1.00000
78.6 32.13626 14 1.00000
78.7 32.14894 14 1.00000
78.8 32.16163 14 1.00000
78.9 32.17428 14 1.00000
79.0 32.18689 14 1.00000
79.1 32.19952 14 1.00000
79.2 32.21210 14 1.00000
79.3 32.22465 14 1.00000
79.4 32.23722 14 1.00000
79.5 32.24972 14 1.00000
79.6 32.26222 14 1.00000
79.7 32.27472 14 1.00000
79.8 32.28718 14 1.00000
79.9 32.29961 14 1.00000
80.0 32.31201 14 1.00000
80.1 32.32442 14 1.00000
80.2 32.33678 14 1.00000
80.3 32.34911 14 1.00000
80.4 32.36146 14 1.00000
80.5 32.37374 14 1.00000
80.6 32.38603 14 1.00000
80.7 32.39830 14 1.00000
80.8 32.41050 14 1.00000
80.9 32.42271 14 1.00000
81.0 32.43487 14 1.00000
81.1 32.44704 14 1.00000
81.2 32.40903 14 1.00000
81.3 32.42109 14 1.00000
81.4 32.43314 14 1.00000
81.5 32.44516 14 1.00000
81.6 32.45715 14 1.00000
81.7 32.46913 14 1.00000
81.8 32.48108 14 1.00000
81.9 32.49301 14 1.00000
82.0 32.50492 14 1.00000
82.1 32.51682 14 1.00000
82.2 32.52867 14 1.00000
82.3 32.54053 14 1.00000
82.4 32.55237 14 1.00000
82.5 32.56416 14 1.00000
82.6 32.57597 14 1.00000
82.7 32.58775 14 1.00000
82.8 32.59948 14 1.00000
82.9 32.61123 14 1.00000
83.0 32.62294 14 1.00000
83.1 32.63462 14 1.00000
83.2 32.64629 14 1.00000
83.3 32.65797 14 1.00000
83.4 32.66958 14 1.00000
83.5 32.68121 14 1.00000
83.6 32.69279 14 1.00000
83.7 32.70436 14 1.00000
83.8 32.71593 14 1.00000
83.9 32.72745 14 1.00000
84.0 32.73896 14 1.00000
84.1 32.75046 14 1.00000
84.2 32.76193 14 1.00000
84.3 32.77339 14 1.00000
84.4 32.78485 14 1.00000
84.5 32.79626 14 1.00000
84.6 32.80764 14 1.00000
84.7 32.81902 14 1.00000
84.8 32.77871 14 1.00000
84.9 32.79000 14 1.00000
85.0 32.80125 14 1.00000
85.1 32.81252 14 1.00000
85.2 32.82375 14 1.00000
85.3 32.83496 14 1.00000
85.4 32.84614 14 1.00000
85.5 32.85734 14 1.00000
85.6 32.86850 14 1.00000
85.7 32.87963 14 1.00000
85.8 32.89074 14 1.00000
85.9 32.90184 14 1.00000
86.0 32.91292 14 1.00000
86.1 32.92400 14 1.00000
86.2 32.93504 14 1.00000
86.3 32.94607 14 1.00000
86.4 32.95711 14 1.00000
86.5 32.96808 14 1.00000
86.6 32.97908 14 1.00000
86.7 32.99004 14 1.00000
86.8 33.00097 14 1.00000
86.9 33.01189 14 1.00000
87.0 33.02282 14 1.00000
87.1 33.03370 14 1.00000
87.2 33.04457 14 1.00000
87.3 33.05543 14 1.00000
87.4 33.06624 14 1.00000
87.5 33.07708 14 1.00000
87.6 33.08788 14 1.00000
87.7 33.09864 14 1.00000
87.8 33.10942 14 1.00000
87.9 33.12017 14 1.00000
88.0 33.13088 14 1.00000
88.1 33.14161 14 1.00000
88.2 33.15229 14 1.00000
88.3 33.16296 14 1.00000
88.4 33.17364 14 1.00000
88.5 33.18428 14 1.00000
88.6 33.19489 14 1.00000
88.7 33.15218 14 1.00000
88.8 33.16273 14 1.00000
88.9 33.17324 14 1.00000
89.0 33.18377 14 1.00000
89.1 33.19426 14 1.00000
89.2 33.20473 14 1.00000
89.3 33.21517 14 1.00000
89.4 33.22561 14 1.00000
89.5 33.23605 14 1.00000
89.6 33.24644 14 1.00000
89.7 33.25678 14 1.00000
89.8 33.26715 14 1.00000
89.9 33.27746 14 1.00000
90.0 33.28778 14 1.00000
90.1 33.29808 14 1.00000
90.2 33.30839 14 1.00000
90.3 33.31866 14 1.00000
90.4 33.32891 14 1.00000
90.5 33.33914 14 1.00000
90.6 33.34936 14 1.00000
90.7 33.35957 14 1.00000
90.8 33.36973 14 1.00000
90.9 33.37992 14 1.00000
91.0 33.39006 14 1.00000
91.1 33.40019 14 1.00000
91.2 33.41032 14 1.00000
91.3 33.42044 14 1.00000
91.4 33.43053 14 1.00000
91.5 33.44060 14 1.00000
91.6 33.45066 14 1.00000
91.7 33.46070 14 1.00000
91.8 33.47073 14 1.00000
91.9 33.48074 14 1.00000
92.0 33.49071 14 1.00000
92.1 33.50071 14 1.00000
92.2 33.51067 14 1.00000
92.3 33.52061 14 1.00000
92.4 33.53055 14 1.00000
92.5 33.54046 14 1.00000
92.6 33.55036 14 1.00000
92.7 33.56025 14 1.00000
92.8 33.57011 14 1.00000
92.9 33.52511 14 1.00000
93.0 33.53490 14 1.00000
93.1 33.54468 14 1.00000
93.2 33.55442 14 1.00000
93.3 33.56418 14 1.00000
93.4 33.57391 14 1.00000
93.5 33.58363 14 1.00000
93.6 33.59331 14 1.00000
93.7 33.60301 14 1.00000
93.8 33.61268 14 1.00000
93.9 33.62234 14 1.00000
94.0 33.63196 14 1.00000
94.1 33.64161 14 1.00000
94.2 33.65123 14 1.00000
94.3 33.66082 14 1.00000
94.4 33.67041 14 1.00000
94.5 33.67998 14 1.00000
94.6 33.68953 14 1.00000
94.7 33.69907 14 1.00000
94.8 33.70860 14 1.00000
94.9 33.71809 14 1.00000
95.0 33.72759 14 1.00000
95.1 33.73707 14 1.00000
95.2 33.74656 14 1.00000
95.3 33.75601 14 1.00000
95.4 33.76545 14 1.00000
95.5 33.77485 14 1.00000
95.6 33.78428 14 1.00000
95.7 33.79368 14 1.00000
95.8 33.80304 14 1.00000
95.9 33.81242 14 1.00000
96.0 33.82178 14 1.00000
96.1 33.83112 14 1.00000
96.2 33.84044 14 1.00000
96.3 33.84973 14 1.00000
96.4 33.85904 14 1.00000
96.5 33.86833 14 1.00000
96.6 33.87757 14 1.00000
96.7 33.88685 14 1.00000
96.8 33.89609 14 1.00000
96.9 33.90531 14 1.00000
97.0 33.91452 14 1.00000
97.1 33.92372 14 1.00000
97.2 33.93290 14 1.00000
97.3 33.88556 14 1.00000
97.4 33.89465 14 1.00000
97.5 33.90377 14 1.00000
97.6 33.91285 14 1.00000
97.7 33.92190 14 1.00000
97.8 33.93096 14 1.00000
97.9 33.94002 14 1.00000
98.0 33.94904 14 1.00000
98.1 33.95802 14 1.00000
98.2 33.96701 14 1.00000
98.3 33.97598 14 1.00000
98.4 33.98493 14 1.00000
98.5 33.99385 14 1.00000
98.6 34.00277 14 1.00000
98.7 34.01171 14 1.00000
98.8 34.02059 14 1.00000
98.9 34.02949 14 1.00000
99.0 34.03835 14 1.00000
99.1 34.04721 14 1.00000
99.2 34.05605 14 1.00000
99.3 34.06491 14 1.00000
99.4 34.07373 14 1.00000
99.5 34.08251 14 1.00000
99.6 34.09131 14 1.00000
99.7 34.10011 14 1.00000
99.8 34.10888 14 1.00000
99.9 34.11761 14 1.00000
100.0 34.12635 14 1.00000
100.1 34.13508 14 1.00000
100.2 34.14382 14 1.00000
100.3 34.15250 14 1.00000
100.4 34.16121 14 1.00000
100.5 34.16987 14 1.00000
100.6 34.17855 14 1.00000
100.7 34.18719 14 1.00000
100.8 34.19583 14 1.00000
100.9 34.20447 14 1.00000
101.0 34.21309 14 1.00000
101.1 34.22167 14 1.00000
101.2 34.23028 14 1.00000
101.3 34.23885 14 1.00000
101.4 34.24740 14 1.00000
101.5 34.25597 14 1.00000
101.6 34.26449 14 1.00000
101.7 34.27301 14 1.00000
101.8 34.28152 14 1.00000
101.9 34.29005 14 1.00000
102.0 34.24053 14 1.00000
102.1 34.24897 14 1.00000
102.2 34.25737 14 1.00000
102.3 34.26578 14 1.00000
102.4 34.27420 14 1.00000
102.5 34.28258 14 1.00000
102.6 34.29094 14 1.00000
102.7 34.29930 14 1.00000
102.8 34.30766 14 1.00000
102.9 34.31600 14 1.00000
103.0 34.32433 14 1.00000
103.1 34.33265 14 1.00000
103.2 34.34096 14 1.00000
103.3 34.34925 14 1.00000
103.4 34.35751 14 1.00000
103.5 34.36580 14 1.00000
103.6 34.37406 14 1.00000
103.7 34.38229 14 1.00000
103.8 34.39052 14 1.00000
103.9 34.39877 14 1.00000
104.0 34.40697 14 1.00000
104.1 34.41515 14 1.00000
104.2 34.42334 14 1.00000
104.3 34.43154 14 1.00000
104.4 34.43970 14 1.00000
104.5 34.44783 14 1.00000
104.6 34.45597 14 1.00000
104.7 34.46412 14 1.00000
104.8 34.47222 14 1.00000
104.9 34.48032 14 1.00000
105.0 34.48842 14 1.00000
105.1 34.49650 14 1.00000
105.2 34.50459 14 1.00000
105.3 34.51265 14 1.00000
105.4 34.52070 14 1.00000
105.5 34.52874 14 1.00000
105.6 34.53676 14 1.00000
105.7 34.54478 14 1.00000
105.8 34.55276 14 1.00000
105.9 34.56075 14 1.00000
106.0 34.56875 14 1.00000
106.1 34.57670 14 1.00000
106.2 34.58461 14 1.00000
106.3 34.59253 14 1.00000
106.4 34.60046 14 1.00000
106.5 34.60836 14 1.00000
106.6 34.61623 14 1.00000
106.7 34.62412 14 1.00000
106.8 34.63198 14 1.00000
106.9 34.63984 14 1.00000
107.0 34.64768 14 1.00000
107.1 34.59597 14 1.00000
107.2 34.60377 14 1.00000
107.3 34.61152 14 1.00000
107.4 34.61928 14 1.00000
107.5 34.62703 14 1.00000
107.6 34.63478 14 1.00000
107.7 34.64251 14 1.00000
107.8 34.65021 14 1.00000
107.9 34.65791 14 1.00000
108.0 34.66561 14 1.00000
108.1 34.67332 14 1.00000
108.2 34.68100 14 1.00000
108.3 34.68864 14 1.00000
108.4 34.69632 14 1.00000
108.5 34.70395 14 1.00000
108.6 34.71160 14 1.00000
108.7 34.71922 14 1.00000
108.8 34.72684 14 1.00000
108.9 34.73442 14 1.00000
109.0 34.74201 14 1.00000
109.1 34.74959 14 1.00000
109.2 34.75718 14 1.00000
109.3 34.76472 14 1.00000
109.4 34.77227 14 1.00000
109.5 34.77983 14 1.00000
109.6 34.78736 14 1.00000
109.7 34.79486 14 1.00000
109.8 34.80239 14 1.00000
109.9 34.80989 14 1.00000
110.0 34.81738 14 1.00000
110.1 34.82484 14 1.00000
110.2 34.83232 14 1.00000
110.3 34.83978 14 1.00000
110.4 34.84723 14 1.00000
110.5 34.85467 14 1.00000
110.6 34.86208 14 1.00000
110.7 34.86949 14 1.00000
110.8 34.87692 14 1.00000
110.9 34.88432 14 1.00000
111.0 34.89170 14 1.00000
111.1 34.89908 14 1.00000
111.2 34.90644 14 1.00000
111.3 34.91380 14 1.00000
111.4 34.92115 14 1.00000
111.5 34.92847 14 1.00000
111.6 34.93581 14 1.00000
111.7 34.94311 14 1.00000
111.8 34.95042 14 1.00000
111.9 34.95771 14 1.00000
112.0 34.96502 14 1.00000
112.1 34.97230 14 1.00000
112.2 34.97955 14 1.00000
112.3 34.98680 14 1.00000
112.4 34.99407 14 1.00000
112.5 35.00131 14 1.00000
112.6 34.94729 14 1.00000
112.7 34.95445 14 1.00000
112.8 34.96162 14 1.00000
112.9 34.96880 14 1.00000
113.0 34.97595 14 1.00000
113.1 34.98309 14 1.00000
113.2 34.99021 14 1.00000
113.3 34.99735 14 1.00000
113.4 35.00445 14 1.00000
113.5 35.01155 14 1.00000
113.6 35.01868 14 1.00000
113.7 35.02575 14 1.00000
113.8 35.03283 14 1.00000
113.9 35.03991 14 1.00000
114.0 35.04697 14 1.00000
114.1 35.05403 14 1.00000
114.2 35.06107 14 1.00000
114.3 35.06810 14 1.00000
114.4 35.07511 14 1.00000
114.5 35.08214 14 1.00000
114.6 35.08913 14 1.00000
114.7 35.09612 14 1.00000
114.8 35.10311 14 1.00000
114.9 35.11011 14 1.00000
115.0 35.11707 14 1.00000
115.1 35.12403 14 1.00000
115.2 35.13096 14 1.00000
115.3 35.13791 14 1.00000
115.4 35.14481 14 1.00000
115.5 35.15169 14 1.00000
115.6 35.15860 14 1.00000
115.7 35.16547 14 1.00000
115.8 35.17234 14 1.00000
115.9 35.17920 14 1.00000
116.0 35.18605 14 1.00000
116.1 35.19287 14 1.00000
116.2 35.19973 14 1.00000
116.3 35.20655 14 1.00000
116.4 35.21337 14 1.00000
116.5 35.22017 14 1.00000
116.6 35.22695 14 1.00000
116.7 35.23376 14 1.00000
116.8 35.24054 14 1.00000
116.9 35.24729 14 1.00000
117.0 35.25407 14 1.00000
117.1 35.26082 14 1.00000
117.2 35.26754 14 1.00000
117.3 35.27428 14 1.00000
117.4 35.28101 14 1.00000
117.5 35.28772 14 1.00000
117.6 35.29443 14 1.00000
117.7 35.30113 14 1.00000
117.8 35.30782 14 1.00000
117.9 35.31453 14 1.00000
118.0 35.32118 14 1.00000
118.1 35.32785 14 1.00000
118.2 35.33452 14 1.00000
118.3 35.34116 14 1.00000
118.4 35.34782 14 1.00000
118.5 35.29167 14 1.00000
118.6 35.29827 14 1.00000
118.7 35.30485 14 1.00000
118.8 35.31140 14 1.00000
118.9 35.31796 14 1.00000
119.0 35.32454 14 1.00000
119.1 35.33108 14 1.00000
119.2 35.33762 14 1.00000
119.3 35.34415 14 1.00000
119.4 35.35066 14 1.00000
119.5 35.35717 14 1.00000
119.6 35.36368 14 1.00000
119.7 35.37018 14 1.00000
119.8 35.37669 14 1.00000
119.9 35.38317 14 1.00000
120.0 35.38964 14 1.00000
120.1 35.39611 14 1.00000
120.2 35.40257 14 1.00000
120.3 35.40901 14 1.00000
120.4 35.41544 14 1.00000
120.5 35.42187 14 1.00000
120.6 35.42831 14 1.00000
120.7 35.43471 14 1.00000
120.8 35.44114 14 1.00000
120.9 35.44752 14 1.00000
121.0 35.45391 14 1.00000
121.1 35.46032 14 1.00000
121.2 35.46667 14 1.00000
121.3 35.47305 14 1.00000
121.4 35.47940 14 1.00000
121.5 35.48577 14 1.00000
121.6 35.49212 14 1.00000
121.7 35.49846 14 1.00000
121.8 35.50476 14 1.00000
121.9 35.51109 14 1.00000
122.0 35.51741 14 1.00000
122.1 35.52372 14 1.00000
122.2 35.53001 14 1.00000
122.3 35.53630 14 1.00000
122.4 35.54256 14 1.00000
122.5 35.54884 14 1.00000
122.6 35.55510 14 1.00000
122.7 35.56138 14 1.00000
122.8 35.56760 14 1.00000
122.9 35.57385 14 1.00000
123.0 35.58008 14 1.00000
123.1 35.58630 14 1.00000
123.2 35.59254 14 1.00000
123.3 35.59873 14 1.00000
123.4 35.60493 14 1.00000
123.5 35.61115 14 1.00000
123.6 35.61732 14 1.00000
123.7 35.62352 14 1.00000
123.8 35.62967 14 1.00000
123.9 35.63585 14 1.00000
124.0 35.64201 14 1.00000
124.1 35.64816 14 1.00000
124.2 35.65429 14 1.00000
124.3 35.66039 14 1.00000
124.4 35.66649 14 1.00000
124.5 35.67257 14 1.00000
124.6 35.67868 14 1.00000
124.7 35.68474 14 1.00000
124.8 35.69081 14 1.00000
124.9 35.69690 14 1.00000
125.0 35.63858 14 1.00000
125.1 35.64462 14 1.00000
125.2 35.65063 14 1.00000
125.3 35.65665 14 1.00000
125.4 35.66265 14 1.00000
125.5 35.66861 14 1.00000
125.6 35.67461 14 1.00000
125.7 35.68059 14 1.00000
125.8 35.68655 14 1.00000
125.9 35.69251 14 1.00000
126.0 35.69846 14 1.00000
126.1 35.70439 14 1.00000
126.2 35.71033 14 1.00000
126.3 35.71627 14 1.00000
126.4 35.72220 14 1.00000
126.5 35.72809 14 1.00000
126.6 35.73402 14 1.00000
126.7 35.73990 14 1.00000
126.8 35.74580 14 1.00000
126.9 35.75168 14 1.00000
127.0 35.75758 14 1.00000
127.1 35.76345 14 1.00000
127.2 35.76931 14 1.00000
127.3 35.77517 14 1.00000
127.4 35.78100 14 1.00000
127.5 35.78687 14 1.00000
127.6 35.79270 14 1.00000
127.7 35.79853 14 1.00000
127.8 35.80433 14 1.00000
127.9 35.81017 14 1.00000
128.0 35.81598 14 1.00000
128.1 35.82177 14 1.00000
128.2 35.82757 14 1.00000
128.3 35.83335 14 1.00000
128.4 35.83913 14 1.00000
128.5 35.84491 14 1.00000
128.6 35.85067 14 1.00000
128.7 35.85643 14 1.00000
128.8 35.86218 14 1.00000
128.9 35.86792 14 1.00000
129.0 35.87366 14 1.00000
129.1 35.87939 14 1.00000
129.2 35.88510 14 1.00000
129.3 35.89083 14 1.00000
129.4 35.89652 14 1.00000
129.5 35.90224 14 1.00000
129.6 35.90794 14 1.00000
129.7 35.91363 14 1.00000
129.8 35.91930 14 1.00000
129.9 35.92499 14 1.00000
130.0 35.93064 14 1.00000
130.1 35.93632 14 1.00000
130.2 35.94197 14 1.00000
130.3 35.94762 14 1.00000
130.4 35.95327 14 1.00000
130.5 35.95890 14 1.00000
130.6 35.96453 14 1.00000
130.7 35.97013 14 1.00000
130.8 35.97575 14 1.00000
130.9 35.98137 14 1.00000
131.0 35.98696 14 1.00000
131.1 35.99257 14 1.00000
131.2 35.99816 14 1.00000
131.3 36.00372 14 1.00000
131.4 36.00930 14 1.00000
131.5 36.01487 14 1.00000
131.6 36.02044 14 1.00000
131.7 36.02602 14 1.00000
131.8 36.03157 14 1.00000
131.9 36.03709 14 1.00000
132.0 35.97652 14 1.00000
132.1 35.98204 14 1.00000
132.2 35.98753 14 1.00000
132.3 35.99301 14 1.00000
132.4 35.99849 14 1.00000
132.5 36.00396 14 1.00000
132.6 36.00941 14 1.00000
132.7 36.01490 14 1.00000
132.8 36.02035 14 1.00000
132.9 36.02578 14 1.00000
133.0 36.03122 14 1.00000
133.1 36.03668 14 1.00000
133.2 36.04211 14 1.00000
133.3 36.04752 14 1.00000
133.4 36.05293 14 1.00000
133.5 36.05836 14 1.00000
133.6 36.06377 14 1.00000
133.7 36.06917 14 1.00000
133.8 36.07456 14 1.00000
133.9 36.07993 14 1.00000
134.0 36.08530 14 1.00000
134.1 36.09068 14 1.00000
134.2 36.09605 14 1.00000
134.3 36.10143 14 1.00000
134.4 36.10678 14 1.00000
134.5 36.11213 14 1.00000
134.6 36.11745 14 1.00000
134.7 36.12281 14 1.00000
134.8 36.12814 14 1.00000
134.9 36.13344 14 1.00000
135.0 36.13876 14 1.00000
135.1 36.14404 14 1.00000
135.2 36.14931 14 1.00000
135.3 36.15460 14 1.00000
135.4 36.15985 14 1.00000
135.5 36.16513 14 1.00000
135.6 36.17037 14 1.00000
135.7 36.17562 14 1.00000
135.8 36.18088 14 1.00000
135.9 36.18612 14 1.00000
136.0 36.19135 14 1.00000
136.1 36.19658 14 1.00000
136.2 36.20178 14 1.00000
136.3 36.20699 14 1.00000
136.4 36.21222 14 1.00000
136.5 36.21740 14 1.00000
136.6 36.22262 14 1.00000
136.7 36.22779 14 1.00000
136.8 36.23299 14 1.00000
136.9 36.23815 14 1.00000
137.0 36.24332 14 1.00000
137.1 36.24851 14 1.00000
137.2 36.25365 14 1.00000
137.3 36.25882 14 1.00000
137.4 36.26395 14 1.00000
137.5 36.26911 14 1.00000
137.6 36.27425 14 1.00000
137.7 36.27938 14 1.00000
137.8 36.28448 14 1.00000
137.9 36.28962 14 1.00000
138.0 36.29473 14 1.00000
138.1 36.29982 14 1.00000
138.2 36.30492 14 1.00000
138.3 36.31002 14 1.00000
138.4 36.31513 14 1.00000
138.5 36.32021 14 1.00000
138.6 36.32529 14 1.00000
138.7 36.33034 14 1.00000
138.8 36.33543 14 1.00000
138.9 36.34050 14 1.00000
139.0 36.34555 14 1.00000
139.1 36.35059 14 1.00000
139.2 36.35566 14 1.00000
139.3 36.36069 14 1.00000
139.4 36.36571 14 1.00000
139.5 36.37076 14 1.00000
139.6 36.37579 14 1.00000
139.7 36.38079 14 1.00000
139.8 36.31815 14 1.00000
139.9 36.32310 14 1.00000
140.0 36.32809 14 1.00000
140.1 36.33303 14 1.00000
140.2 36.33800 14 1.00000
140.3 36.34297 14 1.00000
140.4 36.34790 14 1.00000
140.5 36.35287 14 1.00000
140.6 36.35781 14 1.00000
140.7 36.36274 14 1.00000
140.8 36.36767 14 1.00000
140.9 36.37259 14 1.00000
141.0 36.37751 14 1.00000
141.1 36.38242 14 1.00000
141.2 36.38731 14 1.00000
141.3 36.39223 14 1.00000
141.4 36.39712 14 1.00000
141.5 36.40201 14 1.00000
141.6 36.40688 14 1.00000
141.7 36.41177 14 1.00000
141.8 36.41663 14 1.00000
141.9 36.42151 14 1.00000
142.0 36.42636 14 1.00000
142.1 36.43123 14 1.00000
142.2 36.43607 14 1.00000
142.3 36.44091 14 1.00000
142.4 36.44577 14 1.00000
142.5 36.45059 14 1.00000
142.6 36.45542 14 1.00000
142.7 36.46024 14 1.00000
142.8 36.46508 14 1.00000
142.9 36.46989 14 1.00000
143.0 36.47470 14 1.00000
143.1 36.47950 14 1.00000
143.2 36.48428 14 1.00000
143.3 36.48909 14 1.00000
143.4 36.49388 14 1.00000
143.5 36.49866 14 1.00000
143.6 36.50344 14 1.00000
143.7 36.50819 14 1.00000
143.8 36.51295 14 1.00000
143.9 36.51773 14 1.00000
144.0 36.52249 14 1.00000
144.1 36.52724 14 1.00000
144.2 36.53197 14 1.00000
144.3 36.53672 14 1.00000
144.4 36.54146 14 1.00000
144.5 36.54619 14 1.00000
144.6 36.55091 14 1.00000
144.7 36.55563 14 1.00000
144.8 36.56034 14 1.00000
144.9 36.56503 14 1.00000
145.0 36.56976 14 1.00000
145.1 36.57445 14 1.00000
145.2 36.57915 14 1.00000
145.3 36.58381 14 1.00000
145.4 36.58851 14 1.00000
145.5 36.59317 14 1.00000
145.6 36.59782 14 1.00000
145.7 36.60244 14 1.00000
145.8 36.60710 14 1.00000
145.9 36.61174 14 1.00000
146.0 36.61635 14 1.00000
146.1 36.62099 14 1.00000
146.2 36.62559 14 1.00000
146.3 36.63021 14 1.00000
146.4 36.63483 14 1.00000
146.5 36.63944 14 1.00000
146.6 36.64402 14 1.00000
146.7 36.64863 14 1.00000
146.8 36.65322 14 1.00000
146.9 36.65781 14 1.00000
147.0 36.66239 14 1.00000
147.1 36.66697 14 1.00000
147.2 36.67152 14 1.00000
147.3 36.67611 14 1.00000
147.4 36.68067 14 1.00000
147.5 36.68521 14 1.00000
147.6 36.68978 14 1.00000
147.7 36.69432 14 1.00000
147.8 36.69887 14 1.00000
147.9 36.70339 14 1.00000
148.0 36.70792 14 1.00000
148.1 36.71247 14 1.00000
148.2 36.71699 14 1.00000
148.3 36.72151 14 1.00000
148.4 36.65679 14 1.00000
148.5 36.66127 14 1.00000
148.6 36.66573 14 1.00000
148.7 36.67022 14 1.00000
148.8 36.67467 14 1.00000
148.9 36.67915 14 1.00000
149.0 36.68361 14 1.00000
149.1 36.68806 14 1.00000
149.2 36.69250 14 1.00000
149.3 36.69696 14 1.00000
149.4 36.70140 14 1.00000
149.5 36.70583 14 1.00000
149.6 36.71024 14 1.00000
149.7 36.71469 14 1.00000
149.8 36.71910 14 1.00000
149.9 36.72352 14 1.00000
150.0 36.72793 14 1.00000
150.1 36.73232 14 1.00000
150.2 36.73672 14 1.00000
150.3 36.74113 14 1.00000
150.4 36.74553 14 1.00000
150.5 36.74992 14 1.00000
150.6 36.75430 14 1.00000
150.7 36.75867 14 1.00000
150.8 36.76303 14 1.00000
150.9 36.76740 14 1.00000
151.0 36.77176 14 1.00000
151.1 36.77614 14 1.00000
151.2 36.78048 14 1.00000
151.3 36.78484 14 1.00000
151.4 36.78917 14 1.00000
151.5 36.79353 14 1.00000
151.6 36.79785 14 1.00000
151.7 36.80218 14 1.00000
151.8 36.80653 14 1.00000
151.9 36.81085 14 1.00000
152.0 36.81515 14 1.00000
152.1 36.81948 14 1.00000
152.2 36.82377 14 1.00000
152.3 36.82809 14 1.00000
152.4 36.83237 14 1.00000
152.5 36.83667 14 1.00000
152.6 36.84096 14 1.00000
152.7 36.84525 14 1.00000
152.8 36.84954 14 1.00000
152.9 36.85382 14 1.00000
153.0 36.85807 14 1.00000
153.1 36.86234 14 1.00000
153.2 36.86663 14 1.00000
153.3 36.87088 14 1.00000
153.4 36.87514 14 1.00000
153.5 36.87939 14 1.00000
153.6 36.88364 14 1.00000
153.7 36.88786 14 1.00000
153.8 36.89209 14 1.00000
153.9 36.89635 14 1.00000
154.0 36.90057 14 1.00000
154.1 36.90480 14 1.00000
154.2 36.90900 14 1.00000
154.3 36.91321 14 1.00000
154.4 36.91744 14 1.00000
154.5 36.92165 14 1.00000
154.6 36.92583 14 1.00000
154.7 36.93005 14 1.00000
154.8 36.93424 14 1.00000
154.9 36.93841 14 1.00000
155.0 36.94261 14 1.00000
155.1 36.94679 14 1.00000
155.2 36.95097 14 1.00000
155.3 36.95514 14 1.00000
155.4 36.95929 14 1.00000
155.5 36.96345 14 1.00000
155.6 36.96762 14 1.00000
155.7 36.97176 14 1.00000
155.8 36.97593 14 1.00000
155.9 36.98008 14 1.00000
156.0 36.98420 14 1.00000
156.1 36.98833 14 1.00000
156.2 36.99247 14 1.00000
156.3 36.99662 14 1.00000
156.4 37.00075 14 1.00000
156.5 37.00485 14 1.00000
156.6 37.00899 14 1.00000
156.7 37.01308 14 1.00000
156.8 37.01722 14 1.00000
156.9 37.02130 14 1.00000
157.0 37.02536 14 1.00000
157.1 37.02944 14 1.00000
157.2 37.03351 14 1.00000
157.3 37.03758 14 1.00000
157.4 37.04164 14 1.00000
157.5 37.04572 14 1.00000
157.6 37.04976 14 1.00000
157.7 37.05383 14 1.00000
157.8 37.05785 14 1.00000
157.9 37.06190 14 1.00000
158.0 36.99504 14 1.00000
158.1 36.99905 14 1.00000
158.2 37.00308 14 1.00000
158.3 37.00710 14 1.00000
158.4 37.01114 14 1.00000
158.5 37.01514 14 1.00000
158.6 37.01914 14 1.00000
158.7 37.02314 14 1.00000
158.8 37.02711 14 1.00000
158.9 37.03109 14 1.00000
159.0 37.03508 14 1.00000
159.1 37.03903 14 1.00000
159.2 37.04299 14 1.00000
159.3 37.04697 14 1.00000
159.4 37.05093 14 1.00000
159.5 37.05489 14 1.00000
159.6 37.05882 14 1.00000
159.7 37.06276 14 1.00000
159.8 37.06672 14 1.00000
159.9 37.07064 14 1.00000
160.0 37.07459 14 1.00000
160.1 37.07852 14 1.00000
160.2 37.08243 14 1.00000
160.3 37.08637 14 1.00000
160.4 37.09027 14 1.00000
160.5 37.09418 14 1.00000
160.6 37.09809 14 1.00000
160.7 37.10201 14 1.00000
160.8 37.10590 14 1.00000
160.9 37.10981 14 1.00000
161.0 37.11370 14 1.00000
161.1 37.11760 14 1.00000
161.2 37.12146 14 1.00000
161.3 37.12536 14 1.00000
161.4 37.12924 14 1.00000
161.5 37.13309 14 1.00000
161.6 37.13699 14 1.00000
161.7 37.14083 14 1.00000
161.8 37.14470 14 1.00000
161.9 37.14857 14 1.00000
162.0 37.15241 14 1.00000
162.1 37.15626 14 1.00000
162.2 37.16013 14 1.00000
162.3 37.16397 14 1.00000
162.4 37.16779 14 1.00000
162.5 37.17164 14 1.00000
162.6 37.17547 14 1.00000
162.7 37.17930 14 1.00000
162.8 37.18311 14 1.00000
162.9 37.18695 14 1.00000
163.0 37.19076 14 1.00000
163.1 37.19457 14 1.00000
163.2 37.19836 14 1.00000
163.3 37.20219 14 1.00000
163.4 37.20599 14 1.00000
163.5 37.20977 14 1.00000
163.6 37.21356 14 1.00000
163.7 37.21737 14 1.00000
163.8 37.22115 14 1.00000
163.9 37.22492 14 1.00000
164.0 37.22869 14 1.00000
164.1 37.23249 14 1.00000
164.2 37.23624 14 1.00000
164.3 37.24001 14 1.00000
164.4 37.24379 14 1.00000
164.5 37.24753 14 1.00000
164.6 37.25129 14 1.00000
164.7 37.25504 14 1.00000
164.8 37.25881 14 1.00000
164.9 37.26253 14 1.00000
165.0 37.26627 14 1.00000
165.1 37.27003 14 1.00000
165.2 37.27377 14 1.00000
165.3 37.27749 14 1.00000
165.4 37.28122 14 1.00000
165.5 37.28494 14 1.00000
165.6 37.28866 14 1.00000
165.7 37.29236 14 1.00000
165.8 37.29607 14 1.00000
165.9 37.29980 14 1.00000
166.0 37.30348 14 1.00000
166.1 37.30720 14 1.00000
166.2 37.31088 14 1.00000
166.3 37.31458 14 1.00000
166.4 37.31829 14 1.00000
166.5 37.32198 14 1.00000
166.6 37.32566 14 1.00000
166.7 37.32933 14 1.00000
166.8 37.33302 14 1.00000
166.9 37.33668 14 1.00000
167.0 37.34035 14 1.00000
167.1 37.34404 14 1.00000
167.2 37.34768 14 1.00000
167.3 37.35136 14 1.00000
167.4 37.35502 14 1.00000
167.5 37.35867 14 1.00000
167.6 37.36232 14 1.00000
167.7 37.36595 14 1.00000
167.8 37.36961 14 1.00000
167.9 37.37325 14 1.00000
168.0 37.37689 14 1.00000
168.1 37.38050 14 1.00000
168.2 37.38415 14 1.00000
168.3 37.38775 14 1.00000
168.4 37.39138 14 1.00000
168.5 37.39499 14 1.00000
168.6 37.39863 14 1.00000
168.7 37.32948 14 1.00000
168.8 37.33308 14 1.00000
168.9 37.33665 14 1.00000
169.0 37.34023 14 1.00000
169.1 37.34380 14 1.00000
169.2 37.34737 14 1.00000
169.3 37.35096 14 1.00000
169.4 37.35450 14 1.00000
169.5 37.35807 14 1.00000
169.6 37.36162 14 1.00000
169.7 37.36520 14 1.00000
169.8 37.36875 14 1.00000
169.9 37.37230 14 1.00000
170.0 37.37584 14 1.00000
170.1 37.37936 14 1.00000
170.2 37.38292 14 1.00000
170.3 37.38643 14 1.00000
170.4 37.38996 14 1.00000
170.5 37.39349 14 1.00000
170.6 37.39701 14 1.00000
170.7 37.40055 14 1.00000
170.8 37.40405 14 1.00000
170.9 37.40758 14 1.00000
171.0 37.41109 14 1.00000
171.1 37.41460 14 1.00000
171.2 37.41810 14 1.00000
171.3 37.42160 14 1.00000
171.4 37.42510 14 1.00000
171.5 37.42858 14 1.00000
171.6 37.43205 14 1.00000
171.7 37.43552 14 1.00000
171.8 37.43898 14 1.00000
171.9 37.44242 14 1.00000
172.0 37.44588 14 1.00000
172.1 37.44934 14 1.00000
172.2 37.45281 14 1.00000
172.3 37.45626 14 1.00000
172.4 37.45968 14 1.00000
172.5 37.46312 14 1.00000
172.6 37.46658 14 1.00000
172.7 37.47001 14 1.00000
172.8 37.47345 14 1.00000
172.9 37.47687 14 1.00000
173.0 37.48028 14 1.00000
173.1 37.48370 14 1.00000
173.2 37.48714 14 1.00000
173.3 37.49055 14 1.00000
173.4 37.49397 14 1.00000
173.5 37.49737 14 1.00000
173.6 37.50076 14 1.00000
173.7 37.50416 14 1.00000
173.8 37.50758 14 1.00000
173.9 37.51097 14 1.00000
174.0 37.51437 14 1.00000
174.1 37.51775 14 1.00000
174.2 37.52112 14 1.00000
174.3 37.52452 14 1.00000
174.4 37.52789 14 1.00000
174.5 37.53128 14 1.00000
174.6 37.53463 14 1.00000
174.7 37.53800 14 1.00000
174.8 37.54137 14 1.00000
174.9 37.54473 14 1.00000
175.0 37.54811 14 1.00000
175.1 37.55147 14 1.00000
175.2 37.55481 14 1.00000
175.3 37.55817 14 1.00000
175.4 37.56152 14 1.00000
175.5 37.56485 14 1.00000
175.6 37.56821 14 1.00000
175.7 37.57155 14 1.00000
175.8 37.57486 14 1.00000
175.9 37.57821 14 1.00000
176.0 37.58152 14 1.00000
176.1 37.58485 14 1.00000
176.2 37.58817 14 1.00000
176.3 37.59149 14 1.00000
176.4 37.59483 14 1.00000
176.5 37.59812 14 1.00000
176.6 37.60145 14 1.00000
176.7 37.60476 14 1.00000
176.8 37.60804 14 1.00000
176.9 37.61136 14 1.00000
177.0 37.61464 14 1.00000
177.1 37.61796 14 1.00000
177.2 37.62125 14 1.00000
177.3 37.62452 14 1.00000
177.4 37.62780 14 1.00000
177.5 37.63110 14 1.00000
177.6 37.63437 14 1.00000
177.7 37.63765 14 1.00000
177.8 37.64092 14 1.00000
177.9 37.64420 14 1.00000
178.0 37.64748 14 1.00000
178.1 37.65075 14 1.00000
178.2 37.65401 14 1.00000
178.3 37.65726 14 1.00000
178.4 37.66053 14 1.00000
178.5 37.66379 14 1.00000
178.6 37.66704 14 1.00000
178.7 37.67027 14 1.00000
178.8 37.67352 14 1.00000
178.9 37.67676 14 1.00000
179.0 37.68002 14 1.00000
179.1 37.68324 14 1.00000
179.2 37.68649 14 1.00000
179.3 37.68970 14 1.00000
179.4 37.69293 14 1.00000
179.5 37.69617 14 1.00000
179.6 37.69939 14 1.00000
179.7 37.70261 14 1.00000
179.8 37.70581 14 1.00000
179.9 37.70904 14 1.00000
180.0 37.71223 14 1.00000
180.1 37.71544 14 1.00000
180.2 37.71865 14 1.00000
180.3 37.72185 14 1.00000
180.4 37.72506 14 1.00000
180.5 37.72826 14 1.00000
180.6 37.73145 14 1.00000
180.7 37.73464 14 1.00000
180.8 37.73783 14 1.00000
180.9 37.66666 14 1.00000
181.0 37.66983 14 1.00000
181.1 37.67299 14 1.00000
181.2 37.67614 14 1.00000
181.3 37.67927 14 1.00000
181.4 37.68244 14 1.00000
181.5 37.68559 14 1.00000
181.6 37.68873 14 1.00000
181.7 37.69187 14 1.00000
181.8 37.69501 14 1.00000
181.9 37.69813 14 1.00000
182.0 37.70126 14 1.00000
182.1 37.70441 14 1.00000
182.2 37.70752 14 1.00000
182.3 37.71064 14 1.00000
182.4 37.71378 14 1.00000
182.5 37.71688 14 1.00000
182.6 37.72001 14 1.00000
182.7 37.72311 14 1.00000
182.8 37.72622 14 1.00000
182.9 37.72934 14 1.00000
183.0 37.73243 14 1.00000
183.1 37.73553 14 1.00000
183.2 37.73862 14 1.00000
183.3 37.74172 14 1.00000
183.4 37.74483 14 1.00000
183.5 37.74792 14 1.00000
183.6 37.75101 14 1.00000
183.7 37.75409 14 1.00000
183.8 37.75718 14 1.00000
183.9 37.76023 14 1.00000
184.0 37.76331 14 1.00000
184.1 37.76638 14 1.00000
184.2 37.76945 14 1.00000
184.3 37.77252 14 1.00000
184.4 37.77560 14 1.00000
184.5 37.77867 14 1.00000
184.6 37.78173 14 1.00000
184.7 37.78479 14 1.00000
184.8 37.78782 14 1.00000
184.9 37.79087 14 1.00000
185.0 37.79394 14 1.00000
185.1 37.79699 14 1.00000
185.2 37.80001 14 1.00000
185.3 37.80307 14 1.00000
185.4 37.80609 14 1.00000
185.5 37.80912 14 1.00000
185.6 37.81217 14 1.00000
185.7 37.81520 14 1.00000
185.8 37.81822 14 1.00000
185.9 37.82122 14 1.00000
186.0 37.82423 14 1.00000
186.1 37.82723 14 1.00000
186.2 37.83021 14 1.00000
186.3 37.83321 14 1.00000
186.4 37.83622 14 1.00000
186.5 37.83921 14 1.00000
186.6 37.84220 14 1.00000
186.7 37.84518 14 1.00000
186.8 37.84817 14 1.00000
186.9 37.85115 14 1.00000
187.0 37.85413 14 1.00000
187.1 37.85710 14 1.00000
187.2 37.86007 14 1.00000
187.3 37.86304 14 1.00000
187.4 37.86601 14 1.00000
187.5 37.86897 14 1.00000
187.6 37.87193 14 1.00000
187.7 37.87489 14 1.00000
187.8 37.87785 14 1.00000
187.9 37.88080 14 1.00000
188.0 37.88374 14 1.00000
188.1 37.88670 14 1.00000
188.2 37.88965 14 1.00000
188.3 37.89257 14 1.00000
188.4 37.89552 14 1.00000
188.5 37.89847 14 1.00000
188.6 37.90141 14 1.00000
188.7 37.90432 14 1.00000
188.8 37.90727 14 1.00000
188.9 37.91020 14 1.00000
189.0 37.91312 14 1.00000
189.1 37.91603 14 1.00000
189.2 37.91895 14 1.00000
189.3 37.92188 14 1.00000
189.4 37.92480 14 1.00000
189.5 37.92771 14 1.00000
189.6 37.93062 14 1.00000
189.7 37.93353 14 1.00000
189.8 37.93643 14 1.00000
189.9 37.93932 14 1.00000
190.0 37.94223 14 1.00000
190.1 37.94513 14 1.00000
190.2 37.94801 14 1.00000
190.3 37.95090 14 1.00000
190.4 37.95378 14 1.00000
190.5 37.95669 14 1.00000
190.6 37.95956 14 1.00000
190.7 37.96244 14 1.00000
190.8 37.96534 14 1.00000
190.9 37.96820 14 1.00000
191.0 37.97108 14 1.00000
191.1 37.97397 14 1.00000
191.2 37.97684 14 1.00000
191.3 37.97971 14 1.00000
191.4 37.98258 14 1.00000
191.5 37.98542 14 1.00000
191.6 37.98830 14 1.00000
191.7 37.99115 14 1.00000
191.8 37.99400 14 1.00000
191.9 37.99686 14 1.00000
192.0 37.99971 14 1.00000
192.1 38.00257 14 1.00000
192.2 38.00540 14 1.00000
192.3 38.00824 14 1.00000
192.4 38.01110 14 1.00000
192.5 38.01392 14 1.00000
192.6 38.01678 14 1.00000
192.7 38.01961 14 1.00000
192.8 38.02245 14 1.00000
192.9 38.02527 14 1.00000
193.0 38.02810 14 1.00000
193.1 38.03091 14 1.00000
193.2 38.03374 14 1.00000
193.3 38.03656 14 1.00000
193.4 38.03936 14 1.00000
193.5 38.04218 14 1.00000
193.6 38.04499 14 1.00000
193.7 38.04782 14 1.00000
193.8 38.05062 14 1.00000
193.9 38.05341 14 1.00000
194.0 38.05621 14 1.00000
194.1 38.05901 14 1.00000
194.2 38.06182 14 1.00000
194.3 38.06462 14 1.00000
194.4 38.06741 14 1.00000
194.5 38.07020 14 1.00000
194.6 38.07298 14 1.00000
194.7 38.07578 14 1.00000
194.8 38.00257 14 1.00000
194.9 38.00536 14 1.00000
195.0 38.00810 14 1.00000
195.1 38.01088 14 1.00000
195.2 38.01363 14 1.00000
195.3 38.01638 14 1.00000
195.4 38.01913 14 1.00000
195.5 38.02188 14 1.00000
195.6 38.02463 14 1.00000
195.7 38.02737 14 1.00000
195.8 38.03011 14 1.00000
195.9 38.03283 14 1.00000
196.0 38.03559 14 1.00000
196.1 38.03832 14 1.00000
196.2 38.04104 14 1.00000
196.3 38.04379 14 1.00000
196.4 38.04651 14 1.00000
196.5 38.04924 14 1.00000
196.6 38.05196 14 1.00000
196.7 38.05466 14 1.00000
196.8 38.05738 14 1.00000
196.9 38.06010 14 1.00000
197.0 38.06283 14 1.00000
197.1 38.06554 14 1.00000
197.2 38.06825 14 1.00000
197.3 38.07095 14 1.00000
197.4 38.07364 14 1.00000
197.5 38.07636 14 1.00000
197.6 38.07906 14 1.00000
197.7 38.08174 14 1.00000
197.8 38.08443 14 1.00000
197.9 38.08713 14 1.00000
198.0 38.08984 14 1.00000
198.1 38.09252 14 1.00000
198.2 38.09521 14 1.00000
198.3 38.09789 14 1.00000
198.4 38.10056 14 1.00000
198.5 38.10325 14 1.00000
198.6 38.10591 14 1.00000
198.7 38.10860 14 1.00000
198.8 38.11128 14 1.00000
198.9 38.11395 14 1.00000
199.0 38.11662 14 1.00000
199.1 38.11928 14 1.00000
199.2 38.12193 14 1.00000
199.3 38.12461 14 1.00000
199.4 38.12725 14 1.00000
199.5 38.12990 14 1.00000
199.6 38.13258 14 1.00000
199.7 38.13521 14 1.00000
199.8 38.13788 14 1.00000
199.9 38.14053 14 1.00000
200.0 38.14317 14 1.00000
200.1 38.14581 14 1.00000
200.2 38.14845 14 1.00000
200.3 38.15108 14 1.00000
200.4 38.15371 14 1.00000
200.5 38.15635 14 1.00000
200.6 38.15898 14 1.00000
200.7 38.16162 14 1.00000
200.8 38.16425 14 1.00000
200.9 38.16686 14 1.00000
201.0 38.16950 14 1.00000
201.1 38.17212 14 1.00000
201.2 38.17474 14 1.00000
201.3 38.17736 14 1.00000
201.4 38.17996 14 1.00000
201.5 38.18259 14 1.00000
201.6 38.18520 14 1.00000
201.7 38.18779 14 1.00000
201.8 38.19041 14 1.00000
201.9 38.19300 14 1.00000
202.0 38.19557 14 1.00000
202.1 38.19817 14 1.00000
202.2 38.20076 14 1.00000
202.3 38.20332 14 1.00000
202.4 38.20589 14 1.00000
202.5 38.20847 14 1.00000
202.6 38.21104 14 1.00000
202.7 38.21363 14 1.00000
202.8 38.21620 14 1.00000
202.9 38.21877 14 1.00000
203.0 38.22133 14 1.00000
203.1 38.22388 14 1.00000
203.2 38.22646 14 1.00000
203.3 38.22900 14 1.00000
203.4 38.23157 14 1.00000
203.5 38.23411 14 1.00000
203.6 38.23668 14 1.00000
203.7 38.23923 14 1.00000
203.8 38.24178 14 1.00000
203.9 38.24432 14 1.00000
204.0 38.24685 14 1.00000
204.1 38.24939 14 1.00000
204.2 38.25195 14 1.00000
204.3 38.25448 14 1.00000
204.4 38.25702 14 1.00000
204.5 38.25953 14 1.00000
204.6 38.26208 14 1.00000
204.7 38.26459 14 1.00000
204.8 38.26714 14 1.00000
204.9 38.26966 14 1.00000
205.0 38.27217 14 1.00000
205.1 38.27469 14 1.00000
205.2 38.27723 14 1.00000
205.3 38.27972 14 1.00000
205.4 38.28226 14 1.00000
205.5 38.28476 14 1.00000
205.6 38.28727 14 1.00000
205.7 38.28979 14 1.00000
205.8 38.29229 14 1.00000
205.9 38.29481 14 1.00000
206.0 38.29731 14 1.00000
206.1 38.29982 14 1.00000
206.2 38.30230 14 1.00000
206.3 38.30479 14 1.00000
206.4 38.30731 14 1.00000
206.5 38.30978 14 1.00000
206.6 38.31228 14 1.00000
206.7 38.31479 14 1.00000
206.8 38.31725 14 1.00000
206.9 38.31976 14 1.00000
207.0 38.32222 14 1.00000
207.1 38.32471 14 1.00000
207.2 38.32720 14 1.00000
207.3 38.32968 14 1.00000
207.4 38.33214 14 1.00000
207.5 38.33461 14 1.00000
207.6 38.33708 14 1.00000
207.7 38.33957 14 1.00000
207.8 38.34204 14 1.00000
207.9 38.34449 14 1.00000
208.0 38.34697 14 1.00000
208.1 38.34941 14 1.00000
208.2 38.35187 14 1.00000
208.3 38.35433 14 1.00000
208.4 38.35680 14 1.00000
208.5 38.35925 14 1.00000
208.6 38.36169 14 1.00000
208.7 38.36415 14 1.00000
208.8 38.36658 14 1.00000
208.9 38.36903 14 1.00000
209.0 38.37147 14 1.00000
209.1 38.37393 14 1.00000
209.2 38.37637 14 1.00000
209.3 38.37881 14 1.00000
209.4 38.38124 14 1.00000
209.5 38.38368 14 1.00000
209.6 38.38609 14 1.00000
209.7 38.38854 14 1.00000
209.8 38.39097 14 1.00000
209.9 38.39339 14 1.00000
210.0 38.39582 14 1.00000
210.1 38.39824 14 1.00000
210.2 38.40064 14 1.00000
210.3 38.40308 14 1.00000
210.4 38.40548 14 1.00000
210.5 38.40791 14 1.00000
210.6 38.41032 14 1.00000
210.7 38.41271 14 1.00000
210.8 38.41514 14 1.00000
210.9 38.41755 14 1.00000
211.0 38.34231 14 1.00000
211.1 38.34469 14 1.00000
211.2 38.34708 14 1.00000
211.3 38.34948 14 1.00000
211.4 38.35186 14 1.00000
211.5 38.35424 14 1.00000
211.6 38.35662 14 1.00000
211.7 38.35897 14 1.00000
211.8 38.36135 14 1.00000
211.9 38.36374 14 1.00000
212.0 38.36610 14 1.00000
212.1 38.36847 14 1.00000
212.2 38.37082 14 1.00000
212.3 38.37320 14 1.00000
212.4 38.37555 14 1.00000
212.5 38.37793 14 1.00000
212.6 38.38028 14 1.00000
212.7 38.38264 14 1.00000
212.8 38.38498 14 1.00000
212.9 38.38735 14 1.00000
213.0 38.38968 14 1.00000
213.1 38.39205 14 1.00000
213.2 38.39437 14 1.00000
213.3 38.39672 14 1.00000
213.4 38.39908 14 1.00000
213.5 38.40141 14 1.00000
213.6 38.40374 14 1.00000
213.7 38.40608 14 1.00000
213.8 38.40842 14 1.00000
213.9 38.41075 14 1.00000
214.0 38.41310 14 1.00000
214.1 38.41543 14 1.00000
214.2 38.41774 14 1.00000
214.3 38.42007 14 1.00000
214.4 38.42241 14 1.00000
214.5 38.42472 14 1.00000
214.6 38.42706 14 1.00000
214.7 38.42937 14 1.00000
214.8 38.43167 14 1.00000
214.9 38.43401 14 1.00000
215.0 38.43631 14 1.00000
215.1 38.43863 14 1.00000
215.2 38.44093 14 1.00000
215.3 38.44325 14 1.00000
215.4 38.44556 14 1.00000
215.5 38.44785 14 1.00000
215.6 38.45016 14 1.00000
215.7 38.45247 14 1.00000
215.8 38.45475 14 1.00000
215.9 38.45706 14 1.00000
216.0 38.45934 14 1.00000
216.1 38.46164 14 1.00000
216.2 38.46394 14 1.00000
216.3 38.46622 14 1.00000
216.4 38.46852 14 1.00000
216.5 38.47079 14 1.00000
216.6 38.47308 14 1.00000
216.7 38.47538 14 1.00000
216.8 38.47764 14 1.00000
216.9 38.47993 14 1.00000
217.0 38.48221 14 1.00000
217.1 38.48449 14 1.00000
217.2 38.48676 14 1.00000
217.3 38.48903 14 1.00000
217.4 38.49130 14 1.00000
217.5 38.49356 14 1.00000
217.6 38.49582 14 1.00000
217.7 38.49809 14 1.00000
217.8 38.50037 14 1.00000
217.9 38.50263 14 1.00000
218.0 38.50487 14 1.00000
218.1 38.50713 14 1.00000
218.2 38.50940 14 1.00000
218.3 38.51166 14 1.00000
218.4 38.51391 14 1.00000
218.5 38.51614 14 1.00000
218.6 38.51839 14 1.00000
218.7 38.52066 14 1.00000
218.8 38.52290 14 1.00000
218.9 38.52515 14 1.00000
219.0 38.52739 14 1.00000
219.1 38.52963 14 1.00000
219.2 38.53185 14 1.00000
219.3 38.53410 14 1.00000
219.4 38.53632 14 1.00000
219.5 38.53856 14 1.00000
219.6 38.54080 14 1.00000
219.7 38.54301 14 1.00000
219.8 38.54526 14 1.00000
219.9 38.54749 14 1.00000
220.0 38.54969 14 1.00000
220.1 38.55191 14 1.00000
220.2 38.55414 14 1.00000
220.3 38.55633 14 1.00000
220.4 38.55855 14 1.00000
220.5 38.56075 14 1.00000
220.6 38.56295 14 1.00000
220.7 38.56513 14 1.00000
220.8 38.56733 14 1.00000
220.9 38.56954 14 1.00000
221.0 38.57174 14 1.00000
221.1 38.57393 14 1.00000
221.2 38.57612 14 1.00000
221.3 38.57831 14 1.00000
221.4 38.58050 14 1.00000
221.5 38.58266 14 1.00000
221.6 38.58487 14 1.00000
221.7 38.58703 14 1.00000
221.8 38.58921 14 1.00000
221.9 38.59141 14 1.00000
222.0 38.59357 14 1.00000
222.1 38.59576 14 1.00000
222.2 38.59792 14 1.00000
222.3 38.60009 14 1.00000
222.4 38.60228 14 1.00000
222.5 38.60444 14 1.00000
222.6 38.60662 14 1.00000
222.7 38.60879 14 1.00000
222.8 38.61096 14 1.00000
222.9 38.61310 14 1.00000
223.0 38.61526 14 1.00000
223.1 38.61744 14 1.00000
223.2 38.61959 14 1.00000
223.3 38.62174 14 1.00000
223.4 38.62392 14 1.00000
223.5 38.62605 14 1.00000
223.6 38.62822 14 1.00000
223.7 38.63037 14 1.00000
223.8 38.63250 14 1.00000
223.9 38.63467 14 1.00000
224.0 38.63681 14 1.00000
224.1 38.63896 14 1.00000
224.2 38.64110 14 1.00000
224.3 38.64324 14 1.00000
224.4 38.64537 14 1.00000
224.5 38.64752 14 1.00000
224.6 38.64965 14 1.00000
224.7 38.65178 14 1.00000
224.8 38.65392 14 1.00000
224.9 38.65606 14 1.00000
225.0 38.65817 14 1.00000
225.1 38.66029 14 1.00000
225.2 38.66242 14 1.00000
225.3 38.66456 14 1.00000
225.4 38.66669 14 1.00000
225.5 38.66879 14 1.00000
225.6 38.67093 14 1.00000
225.7 38.67305 14 1.00000
225.8 38.67514 14 1.00000
225.9 38.67728 14 1.00000
226.0 38.67939 14 1.00000
226.1 38.68150 14 1.00000
226.2 38.68361 14 1.00000
226.3 38.68572 14 1.00000
226.4 38.68783 14 1.00000
226.5 38.68993 14 1.00000
226.6 38.69202 14 1.00000
226.7 38.69414 14 1.00000
226.8 38.69624 14 1.00000
226.9 38.69832 14 1.00000
227.0 38.70044 14 1.00000
227.1 38.70253 14 1.00000
227.2 38.70463 14 1.00000
227.3 38.70672 14 1.00000
227.4 38.70881 14 1.00000
227.5 38.71088 14 1.00000
227.6 38.71299 14 1.00000
227.7 38.71506 14 1.00000
227.8 38.71714 14 1.00000
227.9 38.71925 14 1.00000
228.0 38.72131 14 1.00000
228.1 38.72341 14 1.00000
228.2 38.72549 14 1.00000
228.3 38.72756 14 1.00000
228.4 38.72964 14 1.00000
228.5 38.73169 14 1.00000
228.6 38.73377 14 1.00000
228.7 38.73586 14 1.00000
228.8 38.73792 14 1.00000
228.9 38.73999 14 1.00000
229.0 38.74204 14 1.00000
229.1 38.74411 14 1.00000
229.2 38.74617 14 1.00000
229.3 38.74825 14 1.00000
229.4 38.75031 14 1.00000
229.5 38.75237 14 1.00000
229.6 38.75441 14 1.00000
229.7 38.75646 14 1.00000
229.8 38.75853 14 1.00000
229.9 38.68127 14 1.00000
230.0 38.68331 14 1.00000
230.1 38.68534 14 1.00000
230.2 38.68740 14 1.00000
230.3 38.68943 14 1.00000
230.4 38.69146 14 1.00000
230.5 38.69347 14 1.00000
230.6 38.69552 14 1.00000
230.7 38.69754 14 1.00000
230.8 38.69957 14 1.00000
230.9 38.70159 14 1.00000
231.0 38.70361 14 1.00000
231.1 38.70564 14 1.00000
231.2 38.70765 14 1.00000
231.3 38.70966 14 1.00000
231.4 38.71167 14 1.00000
231.5 38.71368 14 1.00000
231.6 38.71572 14 1.00000
231.7 38.71773 14 1.00000
231.8 38.71974 14 1.00000
231.9 38.72174 14 1.00000
232.0 38.72375 14 1.00000
232.1 38.72576 14 1.00000
232.2 38.72776 14 1.00000
232.3 38.72977 14 1.00000
232.4 38.73177 14 1.00000
232.5 38.73375 14 1.00000
232.6 38.73575 14 1.00000
232.7 38.73776 14 1.00000
232.8 38.73976 14 1.00000
232.9 38.74175 14 1.00000
233.0 38.74374 14 1.00000
233.1 38.74574 14 1.00000
233.2 38.74772 14 1.00000
233.3 38.74969 14 1.00000
233.4 38.75170 14 1.00000
233.5 38.75368 14 1.00000
233.6 38.75566 14 1.00000
233.7 38.75763 14 1.00000
233.8 38.75963 14 1.00000
233.9 38.76161 14 1.00000
234.0 38.76358 14 1.00000
234.1 38.76554 14 1.00000
234.2 38.76752 14 1.00000
234.3 38.76951 14 1.00000
234.4 38.77148 14 1.00000
234.5 38.77344 14 1.00000
234.6 38.77541 14 1.00000
234.7 38.77737 14 1.00000
234.8 38.77935 14 1.00000
234.9 38.78130 14 1.00000
235.0 38.78328 14 1.00000
235.1 38.78523 14 1.00000
235.2 38.78719 14 1.00000
235.3 38.78917 14 1.00000
235.4 38.79112 14 1.00000
235.5 38.79308 14 1.00000
235.6 38.79503 14 1.00000
235.7 38.79699 14 1.00000
235.8 38.79894 14 1.00000
235.9 38.80087 14 1.00000
236.0 38.80282 14 1.00000
236.1 38.80479 14 1.00000
236.2 38.80671 14 1.00000
236.3 38.80866 14 1.00000
236.4 38.81060 14 1.00000
236.5 38.81256 14 1.00000
236.6 38.81448 14 1.00000
236.7 38.81643 14 1.00000
236.8 38.81836 14 1.00000
236.9 38.82032 14 1.00000
237.0 38.82223 14 1.00000
237.1 38.82417 14 1.00000
237.2 38.82610 14 1.00000
237.3 38.82803 14 1.00000
237.4 38.82996 14 1.00000
237.5 38.83190 14 1.00000
237.6 38.83381 14 1.00000
237.7 38.83575 14 1.00000
237.8 38.83766 14 1.00000
237.9 38.83958 14 1.00000
238.0 38.84152 14 1.00000
238.1 38.84343 14 1.00000
238.2 38.84536 14 1.00000
238.3 38.84726 14 1.00000
238.4 38.84917 14 1.00000
238.5 38.85110 14 1.00000
238.6 38.85302 14 1.00000
238.7 38.85493 14 1.00000
238.8 38.85684 14 1.00000
238.9 38.85875 14 1.00000
239.0 38.86066 14 1.00000
239.1 38.86255 14 1.00000
239.2 38.86446 14 1.00000
239.3 38.86637 14 1.00000
239.4 38.86827 14 1.00000
239.5 38.87017 14 1.00000
239.6 38.87205 14 1.00000
239.7 38.87397 14 1.00000
239.8 38.87586 14 1.00000
239.9 38.87317 14 1.00000
240.0 38.87510 14 1.00000
240.1 38.87700 14 1.00000
240.2 38.87894 14 1.00000
240.3 38.88086 14 1.00000
240.4 38.88277 14 1.00000
240.5 38.88467 14 1.00000
240.6 38.88661 14 1.00000
240.7 38.88850 14 1.00000
240.8 38.89042 14 1.00000
240.9 38.89235 14 1.00000
241.0 38.89424 14 1.00000
241.1 38.89617 14 1.00000
241.2 38.89808 14 1.00000
241.3 38.89997 14 1.00000
241.4 38.90186 14 1.00000
241.5 38.90376 14 1.00000
241.6 38.90564 14 1.00000
241.7 38.90753 14 1.00000
241.8 38.90942 14 1.00000
241.9 38.91130 14 1.00000
242.0 38.91319 14 1.00000
242.1 38.83498 14 1.00000
242.2 38.83685 14 1.00000
242.3 38.83872 14 1.00000
242.4 38.84062 14 1.00000
242.5 38.84248 14 1.00000
242.6 38.84437 14 1.00000
242.7 38.84623 14 1.00000
242.8 38.84810 14 1.00000
242.9 38.84999 14 1.00000
243.0 38.85186 14 1.00000
243.1 38.85371 14 1.00000
243.2 38.85558 14 1.00000
243.3 38.85746 14 1.00000
243.4 38.85933 14 1.00000
243.5 38.86118 14 1.00000
243.6 38.86304 14 1.00000
243.7 38.86491 14 1.00000
243.8 38.86676 14 1.00000
243.9 38.86863 14 1.00000
244.0 38.87049 14 1.00000
244.1 38.87235 14 1.00000
244.2 38.87418 14 1.00000
244.3 38.87618 14 1.00000
244.4 38.87347 14 1.00000
244.5 38.87534 14 1.00000
244.6 38.87721 14 1.00000
244.7 38.87910 14 1.00000
244.8 38.88096 14 1.00000
244.9 38.88285 14 1.00000
245.0 38.88471 14 1.00000
245.1 38.88660 14 1.00000
245.2 38.88845 14 1.00000
245.3 38.89032 14 1.00000
245.4 38.89219 14 1.00000
245.5 38.89407 14 1.00000
245.6 38.89594 14 1.00000
245.7 38.89780 14 1.00000
245.8 38.89966 14 1.00000
245.9 38.90151 14 1.00000
246.0 38.90336 14 1.00000
246.1 38.90520 14 1.00000
246.2 38.90704 14 1.00000
246.3 38.90888 14 1.00000
246.4 38.91074 14 1.00000
246.5 38.91271 14 1.00000
246.6 38.83447 14 1.00000
246.7 38.83629 14 1.00000
246.8 38.83813 14 1.00000
246.9 38.83997 14 1.00000
247.0 38.84182 14 1.00000
247.1 38.84364 14 1.00000
247.2 38.84549 14 1.00000
247.3 38.84730 14 1.00000
247.4 38.84915 14 1.00000
247.5 38.85098 14 1.00000
247.6 38.85280 14 1.00000
247.7 38.85463 14 1.00000
247.8 38.85644 14 1.00000
247.9 38.85826 14 1.00000
248.0 38.86010 14 1.00000
248.1 38.86192 14 1.00000
248.2 38.86372 14 1.00000
248.3 38.86554 14 1.00000
248.4 38.86736 14 1.00000
248.5 38.86917 14 1.00000
248.6 38.87100 14 1.00000
248.7 38.87281 14 1.00000
248.8 38.87477 14 1.00000
248.9 38.87212 14 1.00000
249.0 38.87394 14 1.00000
249.1 38.87579 14 1.00000
249.2 38.87763 14 1.00000
249.3 38.87944 14 1.00000
249.4 38.88129 14 1.00000
249.5 38.88313 14 1.00000
249.6 38.88496 14 1.00000
249.7 38.88679 14 1.00000
249.8 38.88860 14 1.00000
249.9 38.89042 14 1.00000
250.0 38.89225 14 1.00000
