15.0 1.57556 13 0.09229
15.1 1.58800 13 0.09709
15.2 1.60016 13 0.10023
15.3 1.61235 13 0.10463
15.4 1.62457 13 0.10887
15.5 1.63682 13 0.11251
15.6 1.64873 13 0.11773
15.7 1.66103 13 0.12087
15.8 1.67298 13 0.12694
15.9 1.68533 13 0.13091
16.0 1.78676 13 0.14110
16.1 1.80009 13 0.14691
16.2 1.81385 13 0.15174
16.3 1.82570 13 0.15874
16.4 1.83879 13 0.16250
16.5 1.84897 13 0.17037
16.6 1.86101 13 0.17481
16.7 1.87098 13 0.18149
16.8 1.88117 13 0.18735
16.9 1.89152 13 0.19267
17.0 1.89922 13 0.19961
17.1 1.90995 13 0.20395
17.2 1.91653 13 0.21174
17.3 1.93039 13 0.21259
17.4 1.94299 13 0.21528
17.5 1.95486 13 0.21806
17.6 1.97038 13 0.21917
17.7 1.98300 13 0.22177
17.8 1.99844 13 0.22355
17.9 2.01160 13 0.22613
18.0 2.02339 13 0.22944
18.1 2.04103 13 0.23018
18.2 2.05315 13 0.23398
18.3 2.06950 13 0.23565
18.4 2.08524 13 0.23772
18.5 2.09923 13 0.24054
18.6 2.11670 13 0.24228
18.7 2.13184 13 0.24490
18.8 2.14516 13 0.24814
18.9 2.16437 13 0.24974
19.0 2.17688 13 0.25330
19.1 2.19712 13 0.25489
19.2 2.21128 13 0.25811
19.3 2.23045 13 0.26021
19.4 2.25033 13 0.26227
19.5 2.26646 13 0.26523
19.6 2.27918 13 0.26845
19.7 2.29840 13 0.27088
19.8 2.31639 13 0.27362
19.9 2.33930 13 0.27557
20.0 2.35653 13 0.27811
20.1 2.37388 13 0.28116
20.2 2.39179 13 0.28416
20.3 2.40894 13 0.28732
20.4 2.42784 13 0.28976
20.5 2.45219 13 0.29200
20.6 2.47096 13 0.29458
20.7 2.48751 13 0.29797
20.8 2.52118 14 0.29994
20.9 2.54748 14 0.30254
21.0 2.57555 14 0.30555
21.1 2.60246 14 0.30819
21.2 2.63196 14 0.31119
21.3 2.65929 14 0.31388
21.4 2.68885 14 0.31698
21.5 2.71711 14 0.31968
21.6 2.74763 14 0.32280
21.7 2.77931 14 0.32537
21.8 2.82520 14 0.32994
21.9 2.86321 14 0.33454
22.0 2.90549 14 0.33980
22.1 2.94486 14 0.34448
22.2 2.98785 14 0.34989
22.3 3.03071 14 0.35455
22.4 3.07322 14 0.35929
22.5 3.12841 14 0.36442
22.6 3.16132 14 0.36973
22.7 3.08556 14 0.35627
22.8 3.11740 14 0.35916
22.9 3.02098 14 0.36492
23.0 3.02314 14 0.36512
23.1 3.02576 14 0.36537
23.2 3.02601 14 0.36539
23.3 3.02634 14 0.36542
23.4 3.02381 14 0.36518
23.5 3.03334 14 0.36608
23.6 3.03362 14 0.36611
23.7 3.03316 14 0.36607
23.8 3.03495 14 0.36623
23.9 3.03581 14 0.36631
24.0 3.04233 14 0.36693
24.1 3.04003 14 0.36671
24.2 3.04148 14 0.36685
24.3 3.04618 14 0.36729
24.4 3.05057 14 0.36770
24.5 3.04877 14 0.36753
24.6 3.05892 14 0.36848
24.7 3.05764 14 0.36836
24.8 3.05630 14 0.36824
24.9 3.06198 14 0.36877
25.0 3.07107 14 0.36962
25.1 3.07137 14 0.36965
25.2 3.07603 14 0.37008
25.3 3.07770 14 0.37024
25.4 3.08921 14 0.37131
25.5 3.09384 14 0.37174
25.6 3.09299 14 0.37166
25.7 3.09928 14 0.37224
25.8 3.10693 14 0.37295
25.9 3.11148 14 0.37337
26.0 3.11495 14 0.37369
26.1 3.12454 14 0.37458
26.2 3.12304 14 0.37444
26.3 3.12753 14 0.37485
26.4 3.13194 14 0.37526
26.5 3.13517 14 0.37555
26.6 3.14176 14 0.37616
26.7 3.14624 14 0.37657
26.8 3.15067 14 0.37698
26.9 3.15483 14 0.37736
27.0 3.16444 14 0.37824
27.1 3.16873 14 0.37863
27.2 3.17219 14 0.37894
27.3 3.17954 14 0.37961
27.4 3.18405 14 0.38002
27.5 3.18874 14 0.38045
27.6 3.19002 14 0.38056
27.7 3.19690 14 0.38119
27.8 3.19959 14 0.38143
27.9 3.20196 14 0.38165
28.0 3.20567 14 0.38198
28.1 3.20906 14 0.38229
28.2 3.21789 14 0.38309
28.3 3.21693 14 0.38300
28.4 3.22127 14 0.38339
28.5 3.22840 14 0.38403
28.6 3.23175 14 0.38433
28.7 3.23604 14 0.38472
28.8 3.24304 14 0.38535
28.9 3.24514 14 0.38554
29.0 3.25319 14 0.38626
29.1 3.25416 14 0.38634
29.2 3.26077 14 0.38693
29.3 3.26558 14 0.38736
29.4 3.27034 14 0.38779
29.5 3.27650 14 0.38834
29.6 3.28178 14 0.38881
29.7 3.29268 14 0.38978
29.8 3.29371 14 0.38987
29.9 3.30262 14 0.39066
30.0 3.30588 14 0.39095
30.1 3.31160 14 0.39145
30.2 3.31787 14 0.39201
30.3 3.32067 14 0.39226
30.4 3.32666 14 0.39278
30.5 3.33624 14 0.39363
30.6 3.34303 14 0.39422
30.7 3.34834 14 0.39469
30.8 3.35206 14 0.39502
30.9 3.35361 14 0.39515
31.0 3.36263 14 0.39594
31.1 3.36925 14 0.39652
31.2 3.37577 14 0.39709
31.3 3.38178 14 0.39761
31.4 3.38711 14 0.39808
31.5 3.39198 14 0.39850
31.6 3.39471 14 0.39874
31.7 3.39884 14 0.39910
31.8 3.40427 14 0.39957
31.9 3.40864 14 0.39995
32.0 3.41463 14 0.40046
32.1 3.42101 14 0.40102
32.2 3.42417 14 0.40129
32.3 3.42732 14 0.40156
32.4 3.43333 14 0.40208
32.5 3.43837 14 0.40251
32.6 3.43933 14 0.40259
32.7 3.44353 14 0.40296
32.8 3.45123 14 0.40362
32.9 3.45946 14 0.40432
33.0 3.46136 14 0.40449
33.1 3.47192 14 0.40539
33.2 3.47398 14 0.40556
33.3 3.47946 14 0.40603
33.4 3.48094 14 0.40616
33.5 3.56174 14 0.40827
33.6 3.56487 14 0.40853
33.7 3.57412 14 0.40932
33.8 3.57685 14 0.40955
33.9 3.58477 14 0.41023
34.0 3.59154 14 0.41080
34.1 3.59973 14 0.41149
34.2 3.60608 14 0.41203
34.3 3.60600 14 0.41202
34.4 3.61182 14 0.41251
34.5 3.61724 14 0.41297
34.6 3.62260 14 0.41342
34.7 3.62795 14 0.41387
34.8 3.63319 14 0.41431
34.9 3.63800 14 0.41471
35.0 3.64023 14 0.41490
35.1 3.64952 14 0.41568
35.2 3.65582 14 0.41620
35.3 3.66103 14 0.41664
35.4 3.66591 14 0.41705
35.5 3.66982 14 0.41737
35.6 3.67386 14 0.41771
35.7 3.67769 14 0.41803
35.8 3.68792 14 0.41888
35.9 3.69031 14 0.41908
36.0 3.69298 14 0.41930
36.1 3.69575 14 0.41953
36.2 3.70528 14 0.42032
36.3 3.70058 14 0.41993
36.4 3.70813 14 0.42055
36.5 3.70935 14 0.42065
36.6 3.71788 14 0.42136
36.7 3.71942 14 0.42148
36.8 3.72878 14 0.42225
36.9 3.72937 14 0.42230
37.0 3.72834 14 0.42222
37.1 3.74132 14 0.42329
37.2 3.74317 14 0.42344
37.3 3.74216 14 0.42336
37.4 3.75542 14 0.42444
37.5 3.75821 14 0.42467
37.6 3.76761 14 0.42544
37.7 3.76942 14 0.42559
37.8 3.77693 14 0.42620
37.9 3.78620 14 0.42696
38.0 3.78618 14 0.42695
38.1 3.79237 14 0.42746
38.2 3.79852 14 0.42796
38.3 3.80383 14 0.42839
38.4 3.81054 14 0.42894
38.5 3.81228 14 0.42908
38.6 3.81891 14 0.42961
38.7 3.82410 14 0.43004
38.8 3.82465 14 0.43008
38.9 3.83485 14 0.43090
39.0 3.83785 14 0.43115
39.1 3.83879 14 0.43122
39.2 3.84523 14 0.43174
39.3 3.85030 14 0.43215
39.4 3.85210 14 0.43229
39.5 3.85652 14 0.43265
39.6 3.86042 14 0.43296
39.7 3.86173 14 0.43307
39.8 3.87489 14 0.43413
39.9 3.87679 14 0.43428
40.0 3.87865 14 0.43443
40.1 3.87553 14 0.43418
40.2 3.88144 14 0.43465
40.3 3.89206 14 0.43550
40.4 3.89407 14 0.43566
40.5 3.89615 14 0.43583
40.6 3.90570 14 0.43659
40.7 3.90534 14 0.43656
40.8 3.90603 14 0.43661
40.9 3.91546 14 0.43737
41.0 3.91079 14 0.43699
41.1 3.92244 14 0.43792
41.2 3.92690 14 0.43827
41.3 3.92916 14 0.43845
41.4 3.93212 14 0.43869
41.5 3.93654 14 0.43904
41.6 3.94404 14 0.43963
41.7 3.94249 14 0.43951
41.8 3.94270 14 0.43953
41.9 3.95572 14 0.44056
42.0 3.96448 14 0.44125
42.1 3.96384 14 0.44120
42.2 3.96971 14 0.44166
42.3 3.97848 14 0.44237
42.4 3.97148 14 0.44180
42.5 3.98156 14 0.44266
42.6 3.98620 14 0.44309
42.7 3.98821 14 0.44328
42.8 3.99424 14 0.44384
42.9 3.99861 14 0.44425
43.0 4.00225 14 0.44459
43.1 4.00514 14 0.44485
43.2 4.00677 14 0.44501
43.3 4.01587 14 0.44585
43.4 4.02054 14 0.44628
43.5 4.02491 14 0.44669
43.6 4.02632 14 0.44682
43.7 4.02738 14 0.44692
43.8 4.02807 14 0.44698
43.9 4.03371 14 0.44750
44.0 4.03928 14 0.44802
44.1 4.03710 14 0.44782
44.2 4.03943 14 0.44803
44.3 4.04135 14 0.44821
44.4 4.04585 14 0.44863
44.5 4.04470 14 0.44852
44.6 4.05648 14 0.44961
44.7 4.05315 14 0.44930
44.8 4.05552 14 0.44952
44.9 4.05547 14 0.44952
45.0 4.06223 14 0.45014
45.1 4.06187 14 0.45011
45.2 4.06436 14 0.45033
45.3 4.07504 14 0.45132
45.4 4.07041 14 0.45089
45.5 4.07669 14 0.45147
45.6 4.08458 14 0.45219
45.7 4.08374 14 0.45212
45.8 4.08233 14 0.45199
45.9 4.08326 14 0.45207
46.0 4.08482 14 0.45222
46.1 4.09241 14 0.45291
46.2 4.09301 14 0.45297
46.3 4.10387 14 0.45396
46.4 4.11076 14 0.45460
46.5 4.10950 14 0.45448
46.6 4.11605 14 0.45508
46.7 4.11556 14 0.45503
46.8 4.12061 14 0.45550
46.9 4.12428 14 0.45583
47.0 4.13002 14 0.45636
47.1 4.13408 14 0.45673
47.2 4.13997 14 0.45726
47.3 4.13716 14 0.45701
47.4 4.14047 14 0.45731
47.5 4.14347 14 0.45758
47.6 4.14519 14 0.45774
47.7 4.14528 14 0.45775
47.8 4.15044 14 0.45822
47.9 4.15377 14 0.45852
48.0 4.15818 14 0.45892
48.1 4.16389 14 0.45944
48.2 4.16753 14 0.45977
48.3 4.17204 14 0.46018
48.4 4.17517 14 0.46046
48.5 4.17553 14 0.46050
48.6 4.18123 14 0.46101
48.7 4.18392 14 0.46126
48.8 4.18493 14 0.46135
48.9 4.18168 14 0.46105
49.0 4.18832 14 0.46165
49.1 4.18719 14 0.46155
49.2 4.19841 14 0.46257
49.3 4.19491 14 0.46225
49.4 4.20010 14 0.46272
49.5 4.20097 14 0.46280
49.6 4.19732 14 0.46247
49.7 4.19743 14 0.46248
49.8 4.21064 14 0.46367
49.9 4.21003 14 0.46362
50.0 4.21064 14 0.46367
50.1 4.21850 14 0.46438
50.2 4.21443 14 0.46401
50.3 4.21873 14 0.46440
50.4 4.22027 14 0.46454
50.5 4.22767 14 0.46521
50.6 4.22660 14 0.46511
50.7 4.22694 14 0.46514
50.8 4.23027 14 0.46544
50.9 4.23326 14 0.46571
51.0 4.23523 14 0.46589
51.1 4.23976 14 0.46629
51.2 4.24164 14 0.46646
51.3 4.25033 14 0.46724
51.4 4.24832 14 0.46706
51.5 4.25083 14 0.46729
51.6 4.25040 14 0.46725
51.7 4.25448 14 0.46762
51.8 4.26376 14 0.46845
51.9 4.26950 14 0.46896
52.0 4.26145 14 0.46824
52.1 4.27092 14 0.46909
52.2 4.27416 14 0.46938
52.3 4.27835 14 0.46975
52.4 4.28202 14 0.47008
52.5 4.28465 14 0.47032
52.6 4.28942 14 0.47074
52.7 4.29270 14 0.47104
52.8 4.29565 14 0.47130
52.9 4.29829 14 0.47153
53.0 4.29600 14 0.47133
53.1 4.30175 14 0.47184
53.2 4.30476 14 0.47211
53.3 4.30395 14 0.47204
53.4 4.30432 14 0.47207
53.5 4.31055 14 0.47263
53.6 4.31402 14 0.47294
53.7 4.31685 14 0.47319
53.8 4.31951 14 0.47342
53.9 4.32198 14 0.47364
54.0 4.31900 14 0.47338
54.1 4.32488 14 0.47390
54.2 4.32603 14 0.47400
54.3 4.32361 14 0.47379
54.4 4.32935 14 0.47430
54.5 4.33433 14 0.47474
54.6 4.33747 14 0.47502
54.7 4.33634 14 0.47492
54.8 4.33961 14 0.47521
54.9 4.34056 14 0.47529
55.0 4.34638 14 0.47581
55.1 4.34823 14 0.47597
55.2 4.34899 14 0.47604
55.3 4.34454 14 0.47565
55.4 4.34598 14 0.47578
55.5 4.35692 14 0.47674
55.6 4.35316 14 0.47641
55.7 4.35690 14 0.47674
55.8 4.35796 14 0.47684
55.9 4.36237 14 0.47723
56.0 4.36611 14 0.47756
56.1 4.36700 14 0.47764
56.2 4.36820 14 0.47774
56.3 4.36537 14 0.47749
56.4 4.37024 14 0.47792
56.5 4.37304 14 0.47817
56.6 4.37137 14 0.47802
56.7 4.37805 14 0.47861
56.8 4.38281 14 0.47903
56.9 4.38779 14 0.47947
57.0 4.39305 14 0.47994
57.1 4.38570 14 0.47929
57.2 4.39498 14 0.48011
57.3 4.40084 14 0.48062
57.4 4.39245 14 0.47988
57.5 4.39819 14 0.48039
57.6 4.40406 14 0.48091
57.7 4.41044 14 0.48147
57.8 4.41494 14 0.48186
57.9 4.41109 14 0.48152
58.0 4.41004 14 0.48143
58.1 4.41639 14 0.48199
58.2 4.42059 14 0.48236
58.3 4.42350 14 0.48261
58.4 4.42542 14 0.48278
58.5 4.42828 14 0.48303
58.6 4.43082 14 0.48326
58.7 4.43954 14 0.48402
58.8 4.43577 14 0.48369
58.9 4.43504 14 0.48363
59.0 4.43683 14 0.48378
59.1 4.43702 14 0.48380
59.2 4.44300 14 0.48432
59.3 4.44442 14 0.48445
59.4 4.44817 14 0.48478
59.5 4.45091 14 0.48502
59.6 4.45335 14 0.48523
59.7 4.45565 14 0.48543
59.8 4.45721 14 0.48557
59.9 4.45894 14 0.48572
60.0 4.45777 14 0.48562
60.1 4.46209 14 0.48599
60.2 4.47056 14 0.48673
60.3 4.47113 14 0.48678
60.4 4.47207 14 0.48687
60.5 4.47198 14 0.48686
60.6 4.47272 14 0.48692
60.7 4.46925 14 0.48662
60.8 4.47537 14 0.48715
60.9 4.47434 14 0.48706
61.0 4.48304 14 0.48782
61.1 4.47931 14 0.48750
61.2 4.48324 14 0.48784
61.3 4.48151 14 0.48769
61.4 4.48407 14 0.48791
61.5 4.48786 14 0.48824
61.6 4.49132 14 0.48854
61.7 4.49144 14 0.48855
61.8 4.49224 14 0.48862
61.9 4.49819 14 0.48914
62.0 4.49659 14 0.48900
62.1 4.49614 14 0.48896
62.2 4.49928 14 0.48923
62.3 4.50289 14 0.48955
62.4 4.50433 14 0.48967
62.5 4.50292 14 0.48955
62.6 4.50716 14 0.48992
62.7 4.50829 14 0.49002
62.8 4.50222 14 0.48949
62.9 4.50866 14 0.49005
63.0 4.50222 14 0.48949
63.1 4.49821 14 0.48914
63.2 4.50329 14 0.48958
63.3 4.50461 14 0.48970
63.4 4.50411 14 0.48965
63.5 4.50848 14 0.49003
63.6 4.50855 14 0.49004
63.7 4.51177 14 0.49032
63.8 4.51435 14 0.49054
63.9 4.51620 14 0.49070
64.0 4.51361 14 0.49048
64.1 4.52168 14 0.49118
64.2 4.52203 14 0.49121
64.3 4.52800 14 0.49173
64.4 4.53285 14 0.49215
64.5 4.53612 14 0.49243
64.6 4.53852 14 0.49264
64.7 4.55483 14 0.49405
64.8 4.56098 14 0.49458
64.9 4.56548 14 0.49497
65.0 4.56101 14 0.49458
65.1 4.56539 14 0.49496
65.2 4.57304 14 0.49562
65.3 4.57930 14 0.49616
65.4 4.58331 14 0.49650
65.5 4.58710 14 0.49683
65.6 4.58907 14 0.49700
65.7 4.59284 14 0.49732
65.8 4.59072 14 0.49714
65.9 4.60040 14 0.49797
66.0 4.60736 14 0.49857
66.1 4.60518 14 0.49838
66.2 4.60822 14 0.49864
66.3 4.60772 14 0.49860
66.4 4.61064 14 0.49885
66.5 4.60773 14 0.49860
66.6 4.61049 14 0.49884
66.7 4.61076 14 0.49886
66.8 4.61068 14 0.49885
66.9 4.61104 14 0.49888
67.0 4.61697 14 0.49939
67.1 4.60945 14 0.49875
67.2 4.61612 14 0.49932
67.3 4.61989 14 0.49964
67.4 4.62285 14 0.49989
67.5 4.63034 14 0.50054
67.6 4.63211 14 0.50069
67.7 4.64217 14 0.50155
67.8 4.64741 14 0.50199
67.9 4.65063 14 0.50227
68.0 4.65611 14 0.50274
68.1 4.65757 14 0.50286
68.2 4.66249 14 0.50328
68.3 4.66483 14 0.50348
68.4 4.66461 14 0.50346
68.5 4.67350 14 0.50422
68.6 4.67171 14 0.50407
68.7 4.68312 14 0.50504
68.8 4.69049 14 0.50566
68.9 4.68929 14 0.50556
69.0 4.68906 14 0.50554
69.1 4.69368 14 0.50593
69.2 4.68873 14 0.50551
69.3 4.69665 14 0.50618
69.4 4.69863 14 0.50635
69.5 4.69938 14 0.50642
69.6 4.70091 14 0.50655
69.7 4.70214 14 0.50665
69.8 4.70012 14 0.50648
69.9 4.70469 14 0.50687
70.0 4.70773 14 0.50712
70.1 4.71152 14 0.50744
70.2 4.71607 14 0.50783
70.3 4.71708 14 0.50792
70.4 4.72613 14 0.50868
70.5 4.73144 14 0.50913
70.6 4.74038 14 0.50989
70.7 4.74930 14 0.51064
70.8 4.75642 14 0.51124
70.9 4.76194 14 0.51170
71.0 4.77494 14 0.51280
71.1 4.78546 14 0.51368
71.2 4.79466 14 0.51445
71.3 4.80315 14 0.51516
71.4 4.80984 14 0.51572
71.5 4.79667 14 0.51462
71.6 4.80726 14 0.51551
71.7 4.81575 14 0.51622
71.8 4.82072 14 0.51663
71.9 4.83144 14 0.51753
72.0 4.83891 14 0.51815
72.1 4.84591 14 0.51874
72.2 4.85275 14 0.51931
72.3 4.85884 14 0.51981
72.4 4.86062 14 0.51996
72.5 4.87137 14 0.52086
72.6 4.87332 14 0.52102
72.7 4.88698 14 0.52215
72.8 4.89446 14 0.52277
72.9 4.89597 14 0.52290
73.0 4.91111 14 0.52415
73.1 4.91627 14 0.52458
73.2 4.91915 14 0.52482
73.3 4.92526 14 0.52532
73.4 4.93026 14 0.52573
73.5 4.93524 14 0.52615
73.6 4.94010 14 0.52655
73.7 4.94470 14 0.52693
73.8 4.93686 14 0.52628
73.9 4.94162 14 0.52667
74.0 4.94664 14 0.52709
74.1 4.95117 14 0.52746
74.2 4.95257 14 0.52757
74.3 4.96117 14 0.52828
74.4 4.97134 14 0.52912
74.5 4.97499 14 0.52942
74.6 4.98325 14 0.53010
74.7 4.99122 14 0.53075
74.8 4.99685 14 0.53121
74.9 5.00202 14 0.53164
75.0 5.01807 14 0.53295
75.1 5.02736 14 0.53371
75.2 5.03532 14 0.53436
75.3 5.04050 14 0.53478
75.4 5.05284 14 0.53579
75.5 5.05971 14 0.53635
75.6 5.06866 14 0.53707
75.7 5.07257 14 0.53739
75.8 5.08217 14 0.53817
75.9 5.08899 14 0.53872
76.0 5.09387 14 0.53912
76.1 5.08339 14 0.53827
76.2 5.08983 14 0.53879
76.3 5.09415 14 0.53914
76.4 5.10362 14 0.53991
76.5 5.10858 14 0.54031
76.6 5.11493 14 0.54083
76.7 5.12020 14 0.54125
76.8 5.12768 14 0.54186
76.9 5.14347 14 0.54313
77.0 5.14534 14 0.54328
77.1 5.14739 14 0.54345
77.2 5.16130 14 0.54457
77.3 5.16417 14 0.54480
77.4 5.16845 14 0.54515
77.5 5.17320 14 0.54553
77.6 5.17797 14 0.54591
77.7 5.18264 14 0.54629
77.8 5.18527 14 0.54650
77.9 5.18780 14 0.54670
78.0 5.19549 14 0.54732
78.1 5.20148 14 0.54780
78.2 5.20817 14 0.54834
78.3 5.21237 14 0.54867
78.4 5.22415 14 0.54962
78.5 5.23140 14 0.55020
78.6 5.21253 14 0.54869
78.7 5.22366 14 0.54958
78.8 5.23093 14 0.55016
78.9 5.23315 14 0.55034
79.0 5.24174 14 0.55102
79.1 5.24753 14 0.55148
79.2 5.25500 14 0.55208
79.3 5.26369 14 0.55277
79.4 5.27617 14 0.55377
79.5 5.28301 14 0.55431
79.6 5.28753 14 0.55467
79.7 5.30107 14 0.55575
79.8 5.30767 14 0.55627
79.9 5.31670 14 0.55699
80.0 5.32368 14 0.55754
80.1 5.33211 14 0.55821
80.2 5.33891 14 0.55874
80.3 5.34552 14 0.55927
80.4 5.35190 14 0.55977
80.5 5.35740 14 0.56020
80.6 5.35919 14 0.56035
80.7 5.36883 14 0.56111
80.8 5.37078 14 0.56126
80.9 5.37965 14 0.56196
81.0 5.38025 14 0.56201
81.1 5.37063 14 0.56125
81.2 5.37811 14 0.56184
81.3 5.38058 14 0.56203
81.4 5.39144 14 0.56289
81.5 5.40382 14 0.56386
81.6 5.40071 14 0.56362
81.7 5.40526 14 0.56397
81.8 5.41965 14 0.56510
81.9 5.42553 14 0.56556
82.0 5.42938 14 0.56587
82.1 5.43400 14 0.56623
82.2 5.43843 14 0.56657
82.3 5.43782 14 0.56653
82.4 5.44527 14 0.56711
82.5 5.45173 14 0.56761
82.6 5.45687 14 0.56802
82.7 5.45596 14 0.56794
82.8 5.46293 14 0.56849
82.9 5.47590 14 0.56950
83.0 5.47945 14 0.56978
83.1 5.49079 14 0.57066
83.2 5.49806 14 0.57123
83.3 5.50230 14 0.57156
83.4 5.50589 14 0.57184
83.5 5.51281 14 0.57238
83.6 5.52372 14 0.57322
83.7 5.50342 14 0.57165
83.8 5.50904 14 0.57208
83.9 5.51741 14 0.57273
84.0 5.52668 14 0.57345
84.1 5.53246 14 0.57390
84.2 5.54105 14 0.57457
84.3 5.55226 14 0.57544
84.4 5.55915 14 0.57597
84.5 5.56229 14 0.57621
84.6 5.57591 14 0.57726
84.7 5.58164 14 0.57771
84.8 5.59136 14 0.57846
84.9 5.59510 14 0.57874
85.0 5.60419 14 0.57945
85.1 5.61141 14 0.58000
85.2 5.61739 14 0.58046
85.3 5.62143 14 0.58077
85.4 5.62569 14 0.58110
85.5 5.63506 14 0.58182
85.6 5.63639 14 0.58192
85.7 5.64504 14 0.58259
85.8 5.64636 14 0.58269
85.9 5.65488 14 0.58334
86.0 5.65541 14 0.58338
86.1 5.67648 14 0.58499
86.2 5.67806 14 0.58511
86.3 5.68073 14 0.58532
86.4 5.66278 14 0.58395
86.5 5.67358 14 0.58477
86.6 5.67849 14 0.58515
86.7 5.67979 14 0.58525
86.8 5.69590 14 0.58648
86.9 5.69843 14 0.58667
87.0 5.70009 14 0.58680
87.1 5.70450 14 0.58713
87.2 5.70982 14 0.58754
87.3 5.71411 14 0.58787
87.4 5.71484 14 0.58792
87.5 5.72231 14 0.58849
87.6 5.72743 14 0.58888
87.7 5.72836 14 0.58895
87.8 5.73500 14 0.58946
87.9 5.74263 14 0.59004
88.0 5.74662 14 0.59034
88.1 5.75805 14 0.59121
88.2 5.76036 14 0.59139
88.3 5.77161 14 0.59224
88.4 5.77903 14 0.59280
88.5 5.78538 14 0.59328
88.6 5.79117 14 0.59372
88.7 5.79729 14 0.59418
88.8 5.80367 14 0.59467
88.9 5.80952 14 0.59511
89.0 5.81474 14 0.59550
89.1 5.81719 14 0.59569
89.2 5.80349 14 0.59465
89.3 5.80929 14 0.59509
89.4 5.81451 14 0.59549
89.5 5.81721 14 0.59569
89.6 5.82838 14 0.59653
89.7 5.84036 14 0.59744
89.8 5.84612 14 0.59787
89.9 5.85479 14 0.59852
90.0 5.86354 14 0.59918
90.1 5.86591 14 0.59936
90.2 5.87758 14 0.60023
90.3 5.88503 14 0.60079
90.4 5.88027 14 0.60044
90.5 5.88641 14 0.60090
90.6 5.89232 14 0.60134
90.7 5.90914 14 0.60260
90.8 5.91433 14 0.60299
90.9 5.91688 14 0.60318
91.0 5.92424 14 0.60373
91.1 5.92807 14 0.60402
91.2 5.93331 14 0.60441
91.3 5.93659 14 0.60465
91.4 5.94243 14 0.60509
91.5 5.94594 14 0.60535
91.6 5.95337 14 0.60591
91.7 5.96436 14 0.60673
91.8 5.96282 14 0.60661
91.9 5.96747 14 0.60696
92.0 5.98627 14 0.60836
92.1 5.98791 14 0.60848
92.2 5.96653 14 0.60689
92.3 5.96822 14 0.60701
92.4 5.97386 14 0.60743
92.5 5.98757 14 0.60845
92.6 5.99025 14 0.60865
92.7 5.99349 14 0.60889
92.8 5.99534 14 0.60903
92.9 5.99933 14 0.60933
93.0 6.00587 14 0.60981
93.1 6.00596 14 0.60982
93.2 6.01249 14 0.61030
93.3 6.01831 14 0.61074
93.4 6.01763 14 0.61069
93.5 6.02658 14 0.61135
93.6 6.03040 14 0.61163
93.7 6.04166 14 0.61247
93.8 6.04611 14 0.61279
93.9 6.05574 14 0.61351
94.0 6.05673 14 0.61358
94.1 6.06764 14 0.61439
94.2 6.07522 14 0.61495
94.3 6.08143 14 0.61540
94.4 6.08734 14 0.61584
94.5 6.09315 14 0.61627
94.6 6.09895 14 0.61668
94.7 6.10462 14 0.61709
94.8 6.10961 14 0.61744
94.9 6.11251 14 0.61765
95.0 6.11979 14 0.61817
95.1 6.13381 14 0.61916
95.2 6.14014 14 0.61961
95.3 6.11097 14 0.61754
95.4 6.11244 14 0.61764
95.5 6.12614 14 0.61862
95.6 6.13591 14 0.61931
95.7 6.14382 14 0.61987
95.8 6.14849 14 0.62021
95.9 6.15962 14 0.62100
96.0 6.16500 14 0.62138
96.1 6.17444 14 0.62205
96.2 6.16815 14 0.62160
96.3 6.17455 14 0.62205
96.4 6.18064 14 0.62248
96.5 6.18658 14 0.62290
96.6 6.19234 14 0.62331
96.7 6.19808 14 0.62372
96.8 6.20362 14 0.62411
96.9 6.20875 14 0.62447
97.0 6.22687 14 0.62575
97.1 6.22837 14 0.62585
97.2 6.23603 14 0.62639
97.3 6.23855 14 0.62657
97.4 6.24441 14 0.62698
97.5 6.24686 14 0.62716
97.6 6.25310 14 0.62759
97.7 6.25587 14 0.62779
97.8 6.26361 14 0.62833
97.9 6.26979 14 0.62877
98.0 6.27772 14 0.62933
98.1 6.28028 14 0.62951
98.2 6.28389 14 0.62976
98.3 6.30021 14 0.63090
98.4 6.30261 14 0.63107
98.5 6.27770 14 0.62932
98.6 6.27946 14 0.62945
98.7 6.28388 14 0.62976
98.8 6.30005 14 0.63089
98.9 6.30244 14 0.63106
99.0 6.30518 14 0.63125
99.1 6.30393 14 0.63116
99.2 6.31267 14 0.63177
99.3 6.31707 14 0.63208
99.4 6.31973 14 0.63227
99.5 6.32565 14 0.63268
99.6 6.32525 14 0.63265
99.7 6.33390 14 0.63326
99.8 6.33162 14 0.63310
99.9 6.34322 14 0.63391
100.0 6.35172 14 0.63450
100.1 6.35864 14 0.63498
100.2 6.36598 14 0.63549
100.3 6.37168 14 0.63589
100.4 6.37990 14 0.63646
100.5 6.38538 14 0.63684
100.6 6.38808 14 0.63703
100.7 6.39718 14 0.63766
100.8 6.40427 14 0.63816
100.9 6.41052 14 0.63859
101.0 6.41626 14 0.63899
101.1 6.42176 14 0.63937
101.2 6.42675 14 0.63971
101.3 6.43071 14 0.63999
101.4 6.43339 14 0.64017
101.5 6.44307 14 0.64084
101.6 6.44855 14 0.64122
101.7 6.46038 14 0.64204
101.8 6.42940 14 0.63990
101.9 6.43183 14 0.64006
102.0 6.43728 14 0.64044
102.1 6.44636 14 0.64107
102.2 6.45282 14 0.64151
102.3 6.46642 14 0.64245
102.4 6.47313 14 0.64292
102.5 6.48138 14 0.64348
102.6 6.48858 14 0.64398
102.7 6.48110 14 0.64346
102.8 6.48830 14 0.64396
102.9 6.49459 14 0.64439
103.0 6.50050 14 0.64480
103.1 6.50633 14 0.64520
103.2 6.51196 14 0.64559
103.3 6.51762 14 0.64597
103.4 6.52323 14 0.64636
103.5 6.52876 14 0.64674
103.6 6.53406 14 0.64710
103.7 6.53932 14 0.64746
103.8 6.54411 14 0.64779
103.9 6.54796 14 0.64805
104.0 6.56741 14 0.64938
104.1 6.56785 14 0.64941
104.2 6.57671 14 0.65002
104.3 6.57503 14 0.64990
104.4 6.58420 14 0.65053
104.5 6.58282 14 0.65043
104.6 6.59253 14 0.65110
104.7 6.59859 14 0.65151
104.8 6.60194 14 0.65174
104.9 6.61275 14 0.65247
105.0 6.61532 14 0.65265
105.1 6.61844 14 0.65286
105.2 6.61988 14 0.65296
105.3 6.63898 14 0.65426
105.4 6.61053 14 0.65232
105.5 6.61082 14 0.65234
105.6 6.61468 14 0.65260
105.7 6.61909 14 0.65290
105.8 6.61923 14 0.65291
105.9 6.63934 14 0.65428
106.0 6.64151 14 0.65443
106.1 6.64415 14 0.65461
106.2 6.64376 14 0.65458
106.3 6.65145 14 0.65510
106.4 6.64969 14 0.65498
106.5 6.65969 14 0.65566
106.6 6.65833 14 0.65557
106.7 6.66742 14 0.65618
106.8 6.66515 14 0.65603
106.9 6.67544 14 0.65672
107.0 6.68074 14 0.65708
107.1 6.68251 14 0.65720
107.2 6.69534 14 0.65807
107.3 6.69704 14 0.65818
107.4 6.70881 14 0.65898
107.5 6.71536 14 0.65942
107.6 6.71790 14 0.65959
107.7 6.72788 14 0.66026
107.8 6.73453 14 0.66071
107.9 6.74031 14 0.66110
108.0 6.74142 14 0.66117
108.1 6.74924 14 0.66170
108.2 6.75634 14 0.66218
108.3 6.76238 14 0.66258
108.4 6.76767 14 0.66294
108.5 6.77193 14 0.66323
108.6 6.77496 14 0.66343
108.7 6.77903 14 0.66370
108.8 6.78959 14 0.66441
108.9 6.79473 14 0.66476
109.0 6.79875 14 0.66503
109.1 6.77094 14 0.66316
109.2 6.77435 14 0.66339
109.3 6.77729 14 0.66359
109.4 6.78808 14 0.66431
109.5 6.79325 14 0.66466
109.6 6.79767 14 0.66495
109.7 6.80017 14 0.66512
109.8 6.81472 14 0.66609
109.9 6.82556 14 0.66682
110.0 6.83075 14 0.66717
110.1 6.82146 14 0.66655
110.2 6.82971 14 0.66710
110.3 6.83637 14 0.66754
110.4 6.84253 14 0.66795
110.5 6.84749 14 0.66828
110.6 6.84861 14 0.66836
110.7 6.85566 14 0.66883
110.8 6.86251 14 0.66929
110.9 6.86827 14 0.66967
111.0 6.87295 14 0.66998
111.1 6.87663 14 0.67023
111.2 6.88021 14 0.67046
111.3 6.89121 14 0.67120
111.4 6.89633 14 0.67154
111.5 6.90097 14 0.67184
111.6 6.90528 14 0.67213
111.7 6.90874 14 0.67236
111.8 6.91048 14 0.67248
111.9 6.93133 14 0.67386
112.0 6.93878 14 0.67435
112.1 6.94178 14 0.67455
112.2 6.94584 14 0.67482
112.3 6.94927 14 0.67504
112.4 6.94972 14 0.67507
112.5 6.95720 14 0.67557
112.6 6.96331 14 0.67597
112.7 6.96617 14 0.67616
112.8 6.97377 14 0.67666
112.9 6.97776 14 0.67693
113.0 6.94912 14 0.67503
113.1 6.95406 14 0.67536
113.2 6.95776 14 0.67561
113.3 6.96427 14 0.67604
113.4 6.97235 14 0.67657
113.5 6.97096 14 0.67648
113.6 6.97623 14 0.67682
113.7 6.98209 14 0.67721
113.8 6.98136 14 0.67716
113.9 7.00407 14 0.67866
114.0 6.99950 14 0.67836
114.1 7.00498 14 0.67872
114.2 7.01126 14 0.67913
114.3 7.00929 14 0.67900
114.4 7.01817 14 0.67959
114.5 7.01551 14 0.67941
114.6 7.02602 14 0.68010
114.7 7.02557 14 0.68007
114.8 7.03380 14 0.68061
114.9 7.03531 14 0.68071
115.0 7.04114 14 0.68109
115.1 7.04652 14 0.68145
115.2 7.05303 14 0.68187
115.3 7.06028 14 0.68235
115.4 7.06590 14 0.68272
115.5 7.07357 14 0.68322
115.6 7.07371 14 0.68323
115.7 7.08573 14 0.68401
115.8 7.09246 14 0.68445
115.9 7.09223 14 0.68444
116.0 7.10353 14 0.68518
116.1 7.11105 14 0.68567
116.2 7.11698 14 0.68605
116.3 7.11794 14 0.68612
116.4 7.12361 14 0.68649
116.5 7.13158 14 0.68700
116.6 7.13792 14 0.68742
116.7 7.14333 14 0.68777
116.8 7.14788 14 0.68807
116.9 7.15129 14 0.68829
117.0 7.15385 14 0.68845
117.1 7.12096 14 0.68631
117.2 7.12949 14 0.68687
117.3 7.13611 14 0.68730
117.4 7.14170 14 0.68766
117.5 7.14648 14 0.68797
117.6 7.15028 14 0.68822
117.7 7.15254 14 0.68837
117.8 7.15869 14 0.68877
117.9 7.16716 14 0.68932
118.0 7.17173 14 0.68961
118.1 7.17533 14 0.68985
118.2 7.17606 14 0.68989
118.3 7.18426 14 0.69043
118.4 7.19623 14 0.69120
118.5 7.18589 14 0.69053
118.6 7.19442 14 0.69108
118.7 7.20266 14 0.69162
118.8 7.20970 14 0.69207
118.9 7.21555 14 0.69245
119.0 7.21462 14 0.69239
119.1 7.22384 14 0.69299
119.2 7.23188 14 0.69351
119.3 7.23836 14 0.69392
119.4 7.24404 14 0.69429
119.5 7.24942 14 0.69464
119.6 7.25460 14 0.69497
119.7 7.25959 14 0.69529
119.8 7.26438 14 0.69560
119.9 7.26859 14 0.69587
120.0 7.27209 14 0.69610
120.1 7.27411 14 0.69623
120.2 7.27634 14 0.69637
120.3 7.28707 14 0.69706
120.4 7.29146 14 0.69734
120.5 7.29524 14 0.69759
120.6 7.29797 14 0.69776
120.7 7.29953 14 0.69786
120.8 7.30464 14 0.69819
120.9 7.32375 14 0.69942
121.0 7.33350 14 0.70004
121.1 7.33513 14 0.70015
121.2 7.33992 14 0.70046
121.3 7.34281 14 0.70064
121.4 7.29829 14 0.69778
121.5 7.29958 14 0.69787
121.6 7.30612 14 0.69829
121.7 7.32361 14 0.69941
121.8 7.33378 14 0.70006
121.9 7.33487 14 0.70013
122.0 7.34012 14 0.70047
122.1 7.34281 14 0.70064
122.2 7.34129 14 0.70054
122.3 7.35021 14 0.70111
122.4 7.35602 14 0.70149
122.5 7.35947 14 0.70171
122.6 7.36640 14 0.70215
122.7 7.37082 14 0.70243
122.8 7.37283 14 0.70256
122.9 7.37403 14 0.70264
123.0 7.37461 14 0.70268
123.1 7.39926 14 0.70425
123.2 7.39549 14 0.70401
123.3 7.40226 14 0.70444
123.4 7.40553 14 0.70465
123.5 7.40491 14 0.70461
123.6 7.41181 14 0.70505
123.7 7.41382 14 0.70518
123.8 7.41761 14 0.70542
123.9 7.42257 14 0.70574
124.0 7.42210 14 0.70571
124.1 7.43004 14 0.70621
124.2 7.43282 14 0.70639
124.3 7.43037 14 0.70623
124.4 7.44225 14 0.70699
124.5 7.44989 14 0.70747
124.6 7.45425 14 0.70775
124.7 7.46267 14 0.70828
124.8 7.46222 14 0.70826
124.9 7.47383 14 0.70899
125.0 7.48101 14 0.70945
125.1 7.48105 14 0.70945
125.2 7.49269 14 0.71019
125.3 7.49967 14 0.71063
125.4 7.49885 14 0.71058
125.5 7.51073 14 0.71133
125.6 7.51825 14 0.71180
125.7 7.52405 14 0.71217
125.8 7.52330 14 0.71212
125.9 7.53352 14 0.71277
126.0 7.48702 14 0.70983
126.1 7.49626 14 0.71041
126.2 7.50228 14 0.71079
126.3 7.50419 14 0.71091
126.4 7.51433 14 0.71156
126.5 7.52070 14 0.71196
126.6 7.52310 14 0.71211
126.7 7.52766 14 0.71240
126.8 7.53623 14 0.71294
126.9 7.54255 14 0.71334
127.0 7.54793 14 0.71368
127.1 7.55300 14 0.71400
127.2 7.55779 14 0.71430
127.3 7.56228 14 0.71458
127.4 7.56625 14 0.71483
127.5 7.56919 14 0.71502
127.6 7.56866 14 0.71498
127.7 7.57938 14 0.71566
127.8 7.58356 14 0.71592
127.9 7.58691 14 0.71613
128.0 7.58733 14 0.71616
128.1 7.59311 14 0.71652
128.2 7.59848 14 0.71686
128.3 7.59146 14 0.71642
128.4 7.59981 14 0.71694
128.5 7.60840 14 0.71748
128.6 7.61462 14 0.71787
128.7 7.61873 14 0.71813
128.8 7.62129 14 0.71829
128.9 7.63048 14 0.71886
129.0 7.63712 14 0.71928
129.1 7.64284 14 0.71964
129.2 7.64815 14 0.71997
129.3 7.65325 14 0.72029
129.4 7.65811 14 0.72059
129.5 7.66017 14 0.72072
129.6 7.66442 14 0.72099
129.7 7.67042 14 0.72136
129.8 7.67735 14 0.72179
129.9 7.68198 14 0.72208
130.0 7.68637 14 0.72236
130.1 7.69068 14 0.72262
130.2 7.69462 14 0.72287
130.3 7.69784 14 0.72307
130.4 7.69914 14 0.72315
130.5 7.70015 14 0.72321
130.6 7.71075 14 0.72387
130.7 7.71481 14 0.72413
130.8 7.71812 14 0.72433
130.9 7.68528 14 0.72229
131.0 7.68958 14 0.72256
131.1 7.69358 14 0.72280
131.2 7.69704 14 0.72302
131.3 7.69899 14 0.72314
131.4 7.69839 14 0.72310
131.5 7.70928 14 0.72378
131.6 7.71343 14 0.72404
131.7 7.71702 14 0.72426
131.8 7.71920 14 0.72440
131.9 7.71977 14 0.72443
132.0 7.72312 14 0.72464
132.1 7.73345 14 0.72528
132.2 7.74897 14 0.72625
132.3 7.75895 14 0.72687
132.4 7.76068 14 0.72697
132.5 7.76184 14 0.72705
132.6 7.76775 14 0.72741
132.7 7.76669 14 0.72735
132.8 7.77367 14 0.72778
132.9 7.77661 14 0.72796
133.0 7.78286 14 0.72835
133.1 7.78543 14 0.72851
133.2 7.79378 14 0.72902
133.3 7.79398 14 0.72904
133.4 7.79783 14 0.72927
133.5 7.79754 14 0.72926
133.6 7.80122 14 0.72948
133.7 7.82202 14 0.73077
133.8 7.82684 14 0.73107
133.9 7.82953 14 0.73123
134.0 7.82555 14 0.73099
134.1 7.83366 14 0.73149
134.2 7.83179 14 0.73137
134.3 7.83947 14 0.73184
134.4 7.84190 14 0.73199
134.5 7.83932 14 0.73183
134.6 7.84971 14 0.73247
134.7 7.85221 14 0.73263
134.8 7.84910 14 0.73244
134.9 7.86011 14 0.73311
135.0 7.86264 14 0.73327
135.1 7.86857 14 0.73363
135.2 7.87045 14 0.73375
135.3 7.87982 14 0.73433
135.4 7.88670 14 0.73475
135.5 7.88506 14 0.73465
135.6 7.89765 14 0.73542
135.7 7.90438 14 0.73583
135.8 7.90355 14 0.73578
135.9 7.91599 14 0.73655
136.0 7.86261 14 0.73327
136.1 7.86819 14 0.73361
136.2 7.87195 14 0.73384
136.3 7.87908 14 0.73428
136.4 7.88613 14 0.73471
136.5 7.88443 14 0.73461
136.6 7.89654 14 0.73535
136.7 7.90352 14 0.73578
136.8 7.90212 14 0.73569
136.9 7.91447 14 0.73645
137.0 7.92147 14 0.73688
137.1 7.92145 14 0.73688
137.2 7.93343 14 0.73762
137.3 7.94001 14 0.73802
137.4 7.94149 14 0.73811
137.5 7.95140 14 0.73872
137.6 7.95787 14 0.73911
137.7 7.96327 14 0.73944
137.8 7.94960 14 0.73861
137.9 7.95431 14 0.73889
138.0 7.95895 14 0.73918
138.1 7.96354 14 0.73946
138.2 7.96810 14 0.73974
138.3 7.97243 14 0.74000
138.4 7.97635 14 0.74024
138.5 7.98132 14 0.74055
138.6 7.98609 14 0.74084
138.7 7.99057 14 0.74111
138.8 7.99502 14 0.74138
138.9 7.99945 14 0.74165
139.0 8.00370 14 0.74191
139.1 8.02058 14 0.74294
139.2 8.03095 14 0.74357
139.3 8.03456 14 0.74379
139.4 8.03728 14 0.74396
139.5 8.03757 14 0.74397
139.6 8.04413 14 0.74437
139.7 8.04743 14 0.74457
139.8 8.04122 14 0.74420
139.9 8.04779 14 0.74460
140.0 8.05322 14 0.74493
140.1 8.05137 14 0.74481
140.2 8.06200 14 0.74546
140.3 8.06936 14 0.74591
140.4 8.07520 14 0.74626
140.5 8.07088 14 0.74600
140.6 8.07761 14 0.74641
140.7 8.08364 14 0.74677
140.8 8.08915 14 0.74711
140.9 8.09420 14 0.74741
141.0 8.09898 14 0.74770
141.1 8.10369 14 0.74799
141.2 8.10827 14 0.74826
141.3 8.11275 14 0.74853
141.4 8.11710 14 0.74880
141.5 8.07564 14 0.74629
141.6 8.07133 14 0.74603
141.7 8.07791 14 0.74642
141.8 8.08381 14 0.74678
141.9 8.08921 14 0.74711
142.0 8.09418 14 0.74741
142.1 8.09887 14 0.74769
142.2 8.10350 14 0.74797
142.3 8.10802 14 0.74825
142.4 8.11242 14 0.74851
142.5 8.11671 14 0.74877
142.6 8.12089 14 0.74903
142.7 8.12493 14 0.74927
142.8 8.12866 14 0.74950
142.9 8.13223 14 0.74971
143.0 8.13536 14 0.74990
143.1 8.13800 14 0.75006
143.2 8.13999 14 0.75018
143.3 8.15385 14 0.75102
143.4 8.15664 14 0.75118
143.5 8.15756 14 0.75124
143.6 8.15742 14 0.75123
143.7 8.16780 14 0.75186
143.8 8.17149 14 0.75208
143.9 8.17462 14 0.75227
144.0 8.17670 14 0.75239
144.1 8.17584 14 0.75234
144.2 8.18099 14 0.75265
144.3 8.18925 14 0.75315
144.4 8.19332 14 0.75339
144.5 8.21579 14 0.75474
144.6 8.22017 14 0.75501
144.7 8.22130 14 0.75507
144.8 8.21883 14 0.75493
144.9 8.22825 14 0.75549
145.0 8.22852 14 0.75551
145.1 8.22979 14 0.75558
145.2 8.23627 14 0.75597
145.3 8.23875 14 0.75612
145.4 8.24497 14 0.75649
145.5 8.24668 14 0.75660
145.6 8.24372 14 0.75642
145.7 8.24840 14 0.75670
145.8 8.25787 14 0.75727
145.9 8.25692 14 0.75721
146.0 8.26291 14 0.75757
146.1 8.26672 14 0.75779
146.2 8.28979 14 0.75917
146.3 8.28677 14 0.75899
146.4 8.29268 14 0.75935
146.5 8.28755 14 0.75904
146.6 8.29673 14 0.75959
146.7 8.29643 14 0.75957
146.8 8.30169 14 0.75988
146.9 8.30465 14 0.76006
147.0 8.30514 14 0.76009
147.1 8.30876 14 0.76031
147.2 8.31416 14 0.76063
147.3 8.31651 14 0.76077
147.4 8.28988 14 0.75918
147.5 8.28597 14 0.75895
147.6 8.29270 14 0.75935
147.7 8.28705 14 0.75901
147.8 8.29676 14 0.75959
147.9 8.29645 14 0.75957
148.0 8.30162 14 0.75988
148.1 8.30457 14 0.76006
148.2 8.30528 14 0.76010
148.3 8.30555 14 0.76011
148.4 8.31387 14 0.76061
148.5 8.31636 14 0.76076
148.6 8.31581 14 0.76073
148.7 8.32334 14 0.76117
148.8 8.32675 14 0.76138
148.9 8.33166 14 0.76167
149.0 8.33499 14 0.76187
149.1 8.34289 14 0.76234
149.2 8.34808 14 0.76265
149.3 8.35042 14 0.76279
149.4 8.35905 14 0.76330
149.5 8.36471 14 0.76364
149.6 8.36666 14 0.76375
149.7 8.37621 14 0.76432
149.8 8.38214 14 0.76467
149.9 8.38644 14 0.76492
150.0 8.39468 14 0.76541
150.1 8.39356 14 0.76535
150.2 8.40530 14 0.76604
150.3 8.41256 14 0.76647
150.4 8.39686 14 0.76554
150.5 8.40160 14 0.76582
150.6 8.40601 14 0.76608
150.7 8.41038 14 0.76634
150.8 8.41128 14 0.76640
150.9 8.41172 14 0.76642
151.0 8.42016 14 0.76692
151.1 8.42686 14 0.76732
151.2 8.43243 14 0.76765
151.3 8.43752 14 0.76795
151.4 8.44221 14 0.76823
151.5 8.44674 14 0.76849
151.6 8.45110 14 0.76875
151.7 8.45533 14 0.76900
151.8 8.45944 14 0.76924
151.9 8.46342 14 0.76948
152.0 8.46725 14 0.76970
152.1 8.47088 14 0.76992
152.2 8.47405 14 0.77010
152.3 8.47700 14 0.77028
152.4 8.47921 14 0.77041
152.5 8.48006 14 0.77046
152.6 8.48323 14 0.77064
152.7 8.49355 14 0.77125
152.8 8.49756 14 0.77149
152.9 8.50150 14 0.77172
153.0 8.50520 14 0.77194
153.1 8.50885 14 0.77215
153.2 8.53403 14 0.77363
153.3 8.53645 14 0.77377
153.4 8.53704 14 0.77381
153.5 8.52762 14 0.77325
153.6 8.53669 14 0.77379
153.7 8.53462 14 0.77367
153.8 8.48005 14 0.77046
153.9 8.48259 14 0.77061
154.0 8.49292 14 0.77121
154.1 8.49716 14 0.77146
154.2 8.50104 14 0.77169
154.3 8.50469 14 0.77191
154.4 8.50830 14 0.77212
154.5 8.53350 14 0.77360
154.6 8.53609 14 0.77375
154.7 8.53713 14 0.77381
154.8 8.52487 14 0.77309
154.9 8.53481 14 0.77368
155.0 8.53244 14 0.77354
155.1 8.54008 14 0.77399
155.2 8.54624 14 0.77435
155.3 8.55165 14 0.77466
155.4 8.55670 14 0.77496
155.5 8.56148 14 0.77524
155.6 8.56605 14 0.77551
155.7 8.57048 14 0.77577
155.8 8.57480 14 0.77602
155.9 8.57895 14 0.77626
156.0 8.58313 14 0.77651
156.1 8.58727 14 0.77675
156.2 8.59137 14 0.77699
156.3 8.59544 14 0.77723
156.4 8.59947 14 0.77746
156.5 8.60347 14 0.77770
156.6 8.60744 14 0.77793
156.7 8.61124 14 0.77815
156.8 8.61512 14 0.77838
156.9 8.61895 14 0.77860
157.0 8.62272 14 0.77882
157.1 8.62639 14 0.77904
157.2 8.62995 14 0.77925
157.3 8.63336 14 0.77945
157.4 8.63657 14 0.77963
157.5 8.63952 14 0.77980
157.6 8.64189 14 0.77994
157.7 8.64372 14 0.78005
157.8 8.64458 14 0.78010
157.9 8.65446 14 0.78068
158.0 8.65314 14 0.78060
158.1 8.66299 14 0.78117
158.2 8.66663 14 0.78139
158.3 8.66962 14 0.78156
158.4 8.67159 14 0.78167
158.5 8.67256 14 0.78173
158.6 8.67066 14 0.78162
158.7 8.68177 14 0.78227
158.8 8.68553 14 0.78249
158.9 8.68916 14 0.78270
159.0 8.69257 14 0.78290
159.1 8.71867 14 0.78441
159.2 8.72050 14 0.78452
159.3 8.72035 14 0.78451
159.4 8.71978 14 0.78448
159.5 8.72812 14 0.78496
159.6 8.72904 14 0.78501
159.7 8.72535 14 0.78480
159.8 8.73519 14 0.78537
159.9 8.73758 14 0.78551
160.0 8.74336 14 0.78585
160.1 8.74577 14 0.78598
160.2 8.74680 14 0.78604
160.3 8.74431 14 0.78590
160.4 8.74955 14 0.78620
160.5 8.75679 14 0.78662
160.6 8.72034 14 0.78451
160.7 8.72072 14 0.78453
160.8 8.71721 14 0.78433
160.9 8.72728 14 0.78491
161.0 8.72901 14 0.78501
161.1 8.72793 14 0.78495
161.2 8.73367 14 0.78528
161.3 8.73669 14 0.78546
161.4 8.73574 14 0.78540
161.5 8.74466 14 0.78592
161.6 8.74656 14 0.78603
161.7 8.74640 14 0.78602
161.8 8.74665 14 0.78604
161.9 8.75574 14 0.78656
162.0 8.75701 14 0.78664
162.1 8.75355 14 0.78644
162.2 8.76222 14 0.78694
162.3 8.76548 14 0.78713
162.4 8.76784 14 0.78726
162.5 8.79156 14 0.78863
162.6 8.78765 14 0.78841
162.7 8.79550 14 0.78886
162.8 8.79152 14 0.78863
162.9 8.79906 14 0.78907
163.0 8.80002 14 0.78912
163.1 8.79599 14 0.78889
163.2 8.80580 14 0.78946
163.3 8.80776 14 0.78957
163.4 8.80785 14 0.78957
163.5 8.80659 14 0.78950
163.6 8.81668 14 0.79008
163.7 8.81943 14 0.79024
163.8 8.82085 14 0.79032
163.9 8.81953 14 0.79025
164.0 8.82837 14 0.79076
164.1 8.82857 14 0.79077
164.2 8.83776 14 0.79130
164.3 8.84336 14 0.79162
164.4 8.84012 14 0.79144
164.5 8.85120 14 0.79207
164.6 8.85846 14 0.79249
164.7 8.86360 14 0.79279
164.8 8.86552 14 0.79290
164.9 8.87445 14 0.79341
165.0 8.88021 14 0.79374
165.1 8.88349 14 0.79393
165.2 8.89220 14 0.79443
165.3 8.89128 14 0.79438
165.4 8.90147 14 0.79496
165.5 8.90936 14 0.79541
165.6 8.89050 14 0.79433
165.7 8.89522 14 0.79460
165.8 8.89958 14 0.79485
165.9 8.90372 14 0.79509
166.0 8.90331 14 0.79507
166.1 8.90713 14 0.79529
166.2 8.91507 14 0.79574
166.3 8.92129 14 0.79610
166.4 8.92657 14 0.79640
166.5 8.93129 14 0.79667
166.6 8.93568 14 0.79692
166.7 8.93856 14 0.79709
166.8 8.93666 14 0.79698
166.9 8.94091 14 0.79722
167.0 8.94438 14 0.79742
167.1 8.94827 14 0.79764
167.2 8.95337 14 0.79793
167.3 8.95808 14 0.79820
167.4 8.96249 14 0.79845
167.5 8.96661 14 0.79869
167.6 8.97049 14 0.79891
167.7 8.97413 14 0.79912
167.8 8.97736 14 0.79930
167.9 8.92287 14 0.79619
168.0 8.92786 14 0.79647
168.1 8.93238 14 0.79673
168.2 8.93663 14 0.79697
168.3 8.93749 14 0.79702
168.4 8.94116 14 0.79723
168.5 8.94106 14 0.79723
168.6 8.94459 14 0.79743
168.7 8.94891 14 0.79768
168.8 8.95386 14 0.79796
168.9 8.95845 14 0.79822
169.0 8.96274 14 0.79847
169.1 8.96677 14 0.79870
169.2 8.97057 14 0.79891
169.3 8.97413 14 0.79912
169.4 8.97729 14 0.79930
169.5 8.98034 14 0.79947
169.6 8.98311 14 0.79963
169.7 8.98554 14 0.79977
169.8 8.98928 14 0.79998
169.9 8.99307 14 0.80020
170.0 8.99999 14 0.80059
170.1 9.00505 14 0.80088
170.2 9.01048 14 0.80119
170.3 9.01351 14 0.80136
170.4 9.01647 14 0.80153
170.5 9.01909 14 0.80168
170.6 9.02116 14 0.80180
170.7 9.02245 14 0.80187
170.8 9.02238 14 0.80187
170.9 9.02502 14 0.80202
171.0 9.03426 14 0.80254
171.1 9.01809 14 0.80162
171.2 9.02042 14 0.80176
171.3 9.02206 14 0.80185
171.4 9.02274 14 0.80189
171.5 9.02303 14 0.80190
171.6 9.03311 14 0.80248
171.7 9.03641 14 0.80267
171.8 9.03980 14 0.80286
171.9 9.04287 14 0.80303
172.0 9.05330 14 0.80362
172.1 9.05865 14 0.80393
172.2 8.99470 14 0.80029
172.3 9.00192 14 0.80070
172.4 9.00792 14 0.80104
172.5 9.01119 14 0.80123
172.6 9.01414 14 0.80140
172.7 9.01702 14 0.80156
172.8 9.01952 14 0.80170
172.9 9.02145 14 0.80181
173.0 9.02256 14 0.80188
173.1 9.02214 14 0.80185
173.2 9.02675 14 0.80212
173.3 9.03474 14 0.80257
173.4 9.01845 14 0.80164
173.5 9.02068 14 0.80177
173.6 9.02219 14 0.80186
173.7 9.02272 14 0.80189
173.8 9.02250 14 0.80187
173.9 9.03337 14 0.80249
174.0 9.03664 14 0.80268
174.1 9.03998 14 0.80287
174.2 9.04301 14 0.80304
174.3 9.05347 14 0.80363
174.4 9.05890 14 0.80394
174.5 8.99494 14 0.80031
174.6 9.00212 14 0.80071
174.7 9.00796 14 0.80105
174.8 9.01119 14 0.80123
174.9 9.01410 14 0.80140
175.0 9.01695 14 0.80156
175.1 9.01943 14 0.80170
175.2 9.02137 14 0.80181
175.3 9.02252 14 0.80188
175.4 9.02227 14 0.80186
175.5 9.02603 14 0.80207
175.6 9.03453 14 0.80256
175.7 9.01825 14 0.80163
175.8 9.02050 14 0.80176
175.9 9.02208 14 0.80185
176.0 9.02274 14 0.80189
176.1 9.02263 14 0.80188
176.2 9.03291 14 0.80247
176.3 9.03612 14 0.80265
176.4 9.03944 14 0.80284
176.5 9.04263 14 0.80302
176.6 9.05258 14 0.80358
176.7 9.05804 14 0.80389
176.8 8.99378 14 0.80024
176.9 9.00059 14 0.80063
177.0 9.00555 14 0.80091
177.1 9.01049 14 0.80119
177.2 9.01358 14 0.80137
177.3 9.01628 14 0.80152
177.4 9.01884 14 0.80167
177.5 9.02092 14 0.80178
177.6 9.02229 14 0.80186
177.7 9.02265 14 0.80188
177.8 9.02250 14 0.80187
177.9 9.03355 14 0.80250
178.0 9.01748 14 0.80159
178.1 9.01987 14 0.80172
178.2 9.02166 14 0.80183
178.3 9.02263 14 0.80188
178.4 9.02192 14 0.80184
178.5 9.02808 14 0.80219
178.6 9.03489 14 0.80258
178.7 9.03819 14 0.80277
178.8 9.04139 14 0.80295
178.9 9.04434 14 0.80312
179.0 9.05590 14 0.80377
179.1 9.06099 14 0.80406
179.2 8.99762 14 0.80046
179.3 9.00102 14 0.80065
179.4 9.00911 14 0.80111
179.5 9.01222 14 0.80129
179.6 9.01500 14 0.80145
179.7 9.01769 14 0.80160
179.8 9.01999 14 0.80173
179.9 9.02171 14 0.80183
180.0 9.02266 14 0.80188
180.1 9.02179 14 0.80183
180.2 9.02906 14 0.80225
180.3 9.03513 14 0.80259
180.4 9.01867 14 0.80166
180.5 9.02078 14 0.80178
180.6 9.02221 14 0.80186
180.7 9.02273 14 0.80189
180.8 9.02351 14 0.80193
180.9 9.03308 14 0.80248
181.0 9.03622 14 0.80265
181.1 9.03945 14 0.80284
181.2 9.04266 14 0.80302
181.3 9.05269 14 0.80359
181.4 9.05801 14 0.80389
181.5 8.99360 14 0.80023
181.6 9.00019 14 0.80060
181.7 9.00465 14 0.80086
181.8 9.01017 14 0.80117
181.9 9.01320 14 0.80135
182.0 9.01587 14 0.80150
182.1 9.01843 14 0.80164
182.2 9.02055 14 0.80176
182.3 9.02209 14 0.80185
182.4 9.02274 14 0.80189
182.5 9.02249 14 0.80187
182.6 9.03283 14 0.80246
182.7 9.03598 14 0.80264
182.8 9.01925 14 0.80169
182.9 9.02119 14 0.80180
183.0 9.02242 14 0.80187
183.1 9.02250 14 0.80187
183.2 9.02339 14 0.80193
183.3 9.03366 14 0.80251
183.4 9.03679 14 0.80269
183.5 9.04017 14 0.80288
183.6 9.04313 14 0.80305
183.7 9.05360 14 0.80364
183.8 9.05878 14 0.80394
183.9 8.99449 14 0.80028
184.0 9.00118 14 0.80066
184.1 9.00606 14 0.80094
184.2 9.01051 14 0.80119
184.3 9.01349 14 0.80136
184.4 9.01610 14 0.80151
184.5 9.01860 14 0.80165
184.6 9.02072 14 0.80177
184.7 9.02218 14 0.80186
184.8 9.02274 14 0.80189
184.9 9.02308 14 0.80191
185.0 9.03296 14 0.80247
185.1 9.03608 14 0.80265
185.2 9.01929 14 0.80169
185.3 9.02120 14 0.80180
185.4 9.02241 14 0.80187
185.5 9.02253 14 0.80188
185.6 9.02306 14 0.80191
185.7 9.03353 14 0.80250
185.8 9.03671 14 0.80268
185.9 9.04006 14 0.80287
186.0 9.04299 14 0.80304
186.1 9.05328 14 0.80362
186.2 9.05843 14 0.80392
186.3 8.99398 14 0.80025
186.4 9.00047 14 0.80062
186.5 9.00480 14 0.80087
186.6 9.01014 14 0.80117
186.7 9.01310 14 0.80134
186.8 9.01571 14 0.80149
186.9 9.01830 14 0.80164
187.0 9.02047 14 0.80176
187.1 9.02202 14 0.80185
187.2 9.02272 14 0.80189
187.3 9.02139 14 0.80181
187.4 9.03109 14 0.80236
187.5 9.03544 14 0.80261
187.6 9.01882 14 0.80166
187.7 9.02083 14 0.80178
187.8 9.02220 14 0.80186
187.9 9.02274 14 0.80189
188.0 9.02258 14 0.80188
188.1 9.03281 14 0.80246
188.2 9.03591 14 0.80264
188.3 9.03914 14 0.80282
188.4 9.04225 14 0.80300
188.5 9.04500 14 0.80315
188.6 9.05683 14 0.80383
188.7 9.06162 14 0.80410
188.8 8.99822 14 0.80049
188.9 9.00140 14 0.80067
189.0 9.00908 14 0.80111
189.1 9.01204 14 0.80128
189.2 9.01470 14 0.80143
189.3 9.01738 14 0.80158
189.4 9.01970 14 0.80171
189.5 9.02149 14 0.80182
189.6 9.02257 14 0.80188
189.7 9.02221 14 0.80186
189.8 9.02553 14 0.80205
189.9 9.03419 14 0.80254
190.0 9.01779 14 0.80161
190.1 9.01999 14 0.80173
190.2 9.02166 14 0.80183
190.3 9.02260 14 0.80188
190.4 9.02214 14 0.80185
190.5 9.02611 14 0.80208
190.6 9.03445 14 0.80255
190.7 9.03762 14 0.80273
190.8 9.04076 14 0.80291
190.9 9.04358 14 0.80307
191.0 9.05422 14 0.80368
191.1 9.05917 14 0.80396
191.2 8.99477 14 0.80030
191.3 9.00125 14 0.80066
191.4 9.00574 14 0.80092
191.5 9.01032 14 0.80118
191.6 9.01320 14 0.80134
191.7 9.01583 14 0.80149
191.8 9.01842 14 0.80164
191.9 9.02052 14 0.80176
192.0 9.02202 14 0.80185
192.1 9.02272 14 0.80189
192.2 9.02150 14 0.80182
192.3 9.03004 14 0.80230
192.4 9.03515 14 0.80259
192.5 9.01855 14 0.80165
192.6 9.02058 14 0.80176
192.7 9.02203 14 0.80185
192.8 9.02271 14 0.80189
192.9 9.02144 14 0.80181
193.0 9.03054 14 0.80233
193.1 9.03528 14 0.80260
193.2 9.03846 14 0.80278
193.3 9.04153 14 0.80296
193.4 9.04427 14 0.80311
193.5 9.05539 14 0.80374
193.6 9.06019 14 0.80402
193.7 8.99604 14 0.80037
193.8 9.00272 14 0.80075
193.9 9.00790 14 0.80104
194.0 9.01083 14 0.80121
194.1 9.01367 14 0.80137
194.2 9.01638 14 0.80153
194.3 9.01881 14 0.80166
194.4 9.02080 14 0.80178
194.5 9.02217 14 0.80186
194.6 9.02274 14 0.80189
194.7 9.02203 14 0.80185
194.8 9.03171 14 0.80240
194.9 9.03545 14 0.80261
195.0 9.01874 14 0.80166
195.1 9.02071 14 0.80177
195.2 9.02209 14 0.80185
195.3 9.02273 14 0.80189
195.4 9.02177 14 0.80183
195.5 9.03144 14 0.80238
195.6 9.03543 14 0.80261
195.7 9.03856 14 0.80279
195.8 9.04159 14 0.80296
195.9 9.04429 14 0.80311
196.0 9.05537 14 0.80374
196.1 9.06012 14 0.80401
196.2 8.99587 14 0.80036
196.3 9.00242 14 0.80073
196.4 9.00731 14 0.80101
196.5 9.01074 14 0.80120
196.6 9.01372 14 0.80137
196.7 9.01624 14 0.80152
196.8 9.01866 14 0.80166
196.9 9.02066 14 0.80177
197.0 9.02208 14 0.80185
197.1 9.02272 14 0.80189
197.2 9.02148 14 0.80182
197.3 9.02977 14 0.80229
197.4 9.03502 14 0.80259
197.5 9.01840 14 0.80164
197.6 9.02041 14 0.80176
197.7 9.02193 14 0.80184
197.8 9.02269 14 0.80189
197.9 9.02174 14 0.80183
198.0 9.02879 14 0.80223
198.1 9.03485 14 0.80258
198.2 9.03794 14 0.80275
198.3 9.04096 14 0.80292
198.4 9.04366 14 0.80308
198.5 9.05419 14 0.80368
198.6 9.05898 14 0.80395
198.7 8.99431 14 0.80027
198.8 9.00043 14 0.80062
198.9 9.00446 14 0.80085
199.0 9.00996 14 0.80116
199.1 9.01285 14 0.80132
199.2 9.01540 14 0.80147
199.3 9.01789 14 0.80161
199.4 9.02009 14 0.80174
199.5 9.02170 14 0.80183
199.6 9.02260 14 0.80188
199.7 9.02217 14 0.80186
199.8 9.02524 14 0.80203
199.9 9.03397 14 0.80253
200.0 9.01749 14 0.80159
200.1 9.01972 14 0.80172
200.2 9.02145 14 0.80181
200.3 9.02250 14 0.80187
200.4 9.02242 14 0.80187
200.5 9.02354 14 0.80193
200.6 9.03355 14 0.80250
200.7 9.03650 14 0.80267
200.8 9.03954 14 0.80284
200.9 9.04246 14 0.80301
201.0 9.04503 14 0.80316
201.1 9.05658 14 0.80381
201.2 9.06112 14 0.80407
201.3 8.99712 14 0.80043
201.4 8.99965 14 0.80057
201.5 9.00840 14 0.80107
201.6 9.01141 14 0.80124
201.7 9.01403 14 0.80139
201.8 9.01662 14 0.80154
201.9 9.01893 14 0.80167
202.0 9.02083 14 0.80178
202.1 9.02216 14 0.80185
202.2 9.02273 14 0.80189
202.3 9.02141 14 0.80181
202.4 9.02988 14 0.80229
202.5 9.03498 14 0.80258
202.6 9.01838 14 0.80164
202.7 9.02042 14 0.80176
202.8 9.02191 14 0.80184
202.9 9.02267 14 0.80188
203.0 9.02187 14 0.80184
203.1 9.02717 14 0.80214
203.2 9.03452 14 0.80256
203.3 9.03751 14 0.80273
203.4 9.04048 14 0.80290
203.5 9.04315 14 0.80305
203.6 9.05314 14 0.80362
203.7 9.05790 14 0.80389
203.8 8.99285 14 0.80019
203.9 8.99877 14 0.80052
204.0 9.00212 14 0.80071
204.1 9.00919 14 0.80112
204.2 9.01204 14 0.80128
204.3 9.01459 14 0.80142
204.4 9.01711 14 0.80157
204.5 9.01932 14 0.80169
204.6 9.02111 14 0.80180
204.7 9.02231 14 0.80186
204.8 9.02272 14 0.80189
204.9 9.02255 14 0.80188
205.0 9.03178 14 0.80240
205.1 9.03542 14 0.80261
205.2 9.01869 14 0.80166
205.3 9.02064 14 0.80177
205.4 9.02204 14 0.80185
205.5 9.02271 14 0.80189
205.6 9.02169 14 0.80183
205.7 9.02862 14 0.80222
205.8 9.03471 14 0.80257
205.9 9.03768 14 0.80274
206.0 9.04061 14 0.80290
206.1 9.04324 14 0.80305
206.2 9.05324 14 0.80362
206.3 9.05794 14 0.80389
206.4 8.99302 14 0.80020
206.5 8.99912 14 0.80054
206.6 9.00219 14 0.80072
206.7 9.00918 14 0.80112
206.8 9.01200 14 0.80128
206.9 9.01452 14 0.80142
207.0 9.01701 14 0.80156
207.1 9.01922 14 0.80169
207.2 9.02101 14 0.80179
207.3 9.02224 14 0.80186
207.4 9.02274 14 0.80189
207.5 9.02160 14 0.80182
207.6 9.03063 14 0.80234
207.7 9.03516 14 0.80259
207.8 9.01847 14 0.80165
207.9 9.02045 14 0.80176
208.0 9.02190 14 0.80184
208.1 9.02266 14 0.80188
208.2 9.02198 14 0.80184
208.3 9.02623 14 0.80209
208.4 9.03414 14 0.80254
208.5 9.03714 14 0.80271
208.6 9.04004 14 0.80287
208.7 9.04284 14 0.80303
208.8 9.04529 14 0.80317
208.9 9.05704 14 0.80384
209.0 9.06140 14 0.80408
209.1 8.99750 14 0.80045
209.2 8.99987 14 0.80059
209.3 9.00838 14 0.80107
209.4 9.01128 14 0.80124
209.5 9.01381 14 0.80138
209.6 9.01633 14 0.80152
209.7 9.01861 14 0.80165
209.8 9.02052 14 0.80176
209.9 9.02192 14 0.80184
210.0 9.02266 14 0.80188
210.1 9.02201 14 0.80185
210.2 9.02614 14 0.80208
210.3 9.03416 14 0.80254
210.4 9.01770 14 0.80160
210.5 9.01980 14 0.80172
210.6 9.02144 14 0.80181
210.7 9.02246 14 0.80187
210.8 9.02254 14 0.80188
210.9 9.02244 14 0.80187
211.0 9.03298 14 0.80247
211.1 9.03576 14 0.80263
211.2 9.03868 14 0.80279
211.3 9.04150 14 0.80295
211.4 9.04410 14 0.80310
211.5 9.05485 14 0.80371
211.6 9.05947 14 0.80398
211.7 8.99480 14 0.80030
211.8 9.00086 14 0.80064
211.9 9.00448 14 0.80085
212.0 9.00979 14 0.80115
212.1 9.01252 14 0.80131
212.2 9.01495 14 0.80144
212.3 9.01735 14 0.80158
212.4 9.01946 14 0.80170
212.5 9.02116 14 0.80180
212.6 9.02230 14 0.80186
212.7 9.02272 14 0.80189
212.8 9.02249 14 0.80187
212.9 9.03166 14 0.80240
213.0 9.03529 14 0.80260
213.1 9.01852 14 0.80165
213.2 9.02044 14 0.80176
213.3 9.02187 14 0.80184
213.4 9.02264 14 0.80188
213.5 9.02210 14 0.80185
213.6 9.02516 14 0.80203
213.7 9.03381 14 0.80252
213.8 9.03661 14 0.80268
213.9 9.03946 14 0.80284
214.0 9.04232 14 0.80300
214.1 9.04483 14 0.80314
214.2 9.05612 14 0.80378
214.3 9.06059 14 0.80404
214.4 8.99622 14 0.80038
214.5 9.00250 14 0.80074
214.6 9.00687 14 0.80098
214.7 9.01039 14 0.80118
214.8 9.01307 14 0.80134
214.9 9.01543 14 0.80147
215.0 9.01775 14 0.80160
215.1 9.01978 14 0.80172
215.2 9.02138 14 0.80181
215.3 9.02244 14 0.80187
215.4 9.02258 14 0.80188
215.5 9.02252 14 0.80188
215.6 9.03289 14 0.80247
215.7 9.03568 14 0.80262
215.8 9.01877 14 0.80166
215.9 9.02063 14 0.80177
216.0 9.02198 14 0.80184
216.1 9.02267 14 0.80188
216.2 9.02198 14 0.80184
216.3 9.02582 14 0.80206
216.4 9.03394 14 0.80253
216.5 9.03672 14 0.80268
216.6 9.03964 14 0.80285
216.7 9.04245 14 0.80301
216.8 9.04493 14 0.80315
216.9 9.05624 14 0.80379
217.0 9.06065 14 0.80404
217.1 8.99624 14 0.80038
217.2 9.00243 14 0.80073
217.3 9.00663 14 0.80097
217.4 9.01030 14 0.80118
217.5 9.01295 14 0.80133
217.6 9.01529 14 0.80146
217.7 9.01760 14 0.80160
217.8 9.01962 14 0.80171
217.9 9.02130 14 0.80181
218.0 9.02239 14 0.80187
218.1 9.02265 14 0.80188
218.2 9.02310 14 0.80191
218.3 9.03228 14 0.80243
218.4 9.03534 14 0.80260
218.5 9.01851 14 0.80165
218.6 9.02039 14 0.80175
218.7 9.02181 14 0.80183
218.8 9.02261 14 0.80188
218.9 9.02225 14 0.80186
219.0 9.02389 14 0.80195
219.1 9.03341 14 0.80249
219.2 9.03621 14 0.80265
219.3 9.03911 14 0.80282
219.4 9.04192 14 0.80298
219.5 9.04440 14 0.80312
219.6 9.05524 14 0.80373
219.7 9.05968 14 0.80399
219.8 8.99487 14 0.80030
219.9 9.00071 14 0.80063
220.0 9.00392 14 0.80082
220.1 9.00953 14 0.80114
220.2 9.01218 14 0.80129
220.3 9.01454 14 0.80142
220.4 9.01689 14 0.80155
220.5 9.01907 14 0.80168
220.6 9.02086 14 0.80178
220.7 9.02209 14 0.80185
220.8 9.02271 14 0.80189
220.9 9.02175 14 0.80183
221.0 9.02722 14 0.80214
221.1 9.03438 14 0.80255
221.2 9.01770 14 0.80160
221.3 9.01971 14 0.80172
221.4 9.02131 14 0.80181
221.5 9.02236 14 0.80187
221.6 9.02271 14 0.80189
221.7 9.02207 14 0.80185
221.8 9.03015 14 0.80231
221.9 9.03492 14 0.80258
222.0 9.03780 14 0.80274
222.1 9.04062 14 0.80290
222.2 9.04316 14 0.80305
222.3 9.05292 14 0.80360
222.4 9.05750 14 0.80386
222.5 8.99213 14 0.80014
222.6 8.99741 14 0.80045
222.7 8.99928 14 0.80055
222.8 9.00800 14 0.80105
222.9 9.01066 14 0.80120
223.0 9.01323 14 0.80135
223.1 9.01549 14 0.80148
223.2 9.01781 14 0.80161
223.3 9.01983 14 0.80172
223.4 9.02141 14 0.80181
223.5 9.02243 14 0.80187
223.6 9.02262 14 0.80188
223.7 9.02325 14 0.80192
223.8 9.03215 14 0.80242
223.9 9.03525 14 0.80260
224.0 9.01839 14 0.80164
224.1 9.02026 14 0.80175
224.2 9.02169 14 0.80183
224.3 9.02255 14 0.80188
224.4 9.02245 14 0.80187
224.5 9.02282 14 0.80189
224.6 9.03314 14 0.80248
224.7 9.03586 14 0.80263
224.8 9.03870 14 0.80280
224.9 9.04146 14 0.80295
225.0 9.04382 14 0.80309
225.1 9.05408 14 0.80367
225.2 9.05851 14 0.80392
225.3 8.99328 14 0.80021
225.4 8.99890 14 0.80053
225.5 9.00117 14 0.80066
225.6 9.00862 14 0.80108
225.7 9.01123 14 0.80123
225.8 9.01391 14 0.80139
225.9 9.01609 14 0.80151
226.0 9.01832 14 0.80164
226.1 9.02023 14 0.80174
226.2 9.02168 14 0.80183
226.3 9.02255 14 0.80188
226.4 9.02241 14 0.80187
226.5 9.02266 14 0.80188
226.6 9.03294 14 0.80247
226.7 9.03559 14 0.80262
226.8 9.01862 14 0.80165
226.9 9.02042 14 0.80176
227.0 9.02179 14 0.80183
227.1 9.02258 14 0.80188
227.2 9.02229 14 0.80186
227.3 9.02390 14 0.80195
227.4 9.03341 14 0.80249
227.5 9.03612 14 0.80265
227.6 9.03892 14 0.80281
227.7 9.04164 14 0.80296
227.8 9.04405 14 0.80310
227.9 9.05445 14 0.80369
228.0 9.05880 14 0.80394
228.1 8.99357 14 0.80023
228.2 8.99895 14 0.80053
228.3 9.00114 14 0.80066
228.4 9.00858 14 0.80108
228.5 9.01133 14 0.80124
228.6 9.01380 14 0.80138
228.7 9.01612 14 0.80151
228.8 9.01832 14 0.80164
228.9 9.02021 14 0.80174
229.0 9.02166 14 0.80183
229.1 9.02254 14 0.80188
229.2 9.02246 14 0.80187
229.3 9.02249 14 0.80187
229.4 9.03276 14 0.80246
229.5 9.03537 14 0.80261
229.6 9.01843 14 0.80164
229.7 9.02025 14 0.80175
229.8 9.02165 14 0.80183
229.9 9.02255 14 0.80188
230.0 9.02238 14 0.80187
230.1 9.02309 14 0.80191
230.2 9.03316 14 0.80248
230.3 9.03581 14 0.80263
230.4 9.03859 14 0.80279
230.5 9.04119 14 0.80294
230.6 9.04360 14 0.80307
230.7 9.05358 14 0.80364
230.8 9.05795 14 0.80389
230.9 8.99248 14 0.80016
231.0 8.99761 14 0.80046
231.1 8.99928 14 0.80055
231.2 9.00808 14 0.80105
231.3 9.01081 14 0.80121
231.4 9.01329 14 0.80135
231.5 9.01561 14 0.80148
231.6 9.01784 14 0.80161
231.7 9.01979 14 0.80172
231.8 9.02134 14 0.80181
231.9 9.02237 14 0.80187
232.0 9.02272 14 0.80189
232.1 9.02178 14 0.80183
232.2 9.02948 14 0.80227
232.3 9.03465 14 0.80257
232.4 9.01783 14 0.80161
232.5 9.01985 14 0.80172
232.6 9.02135 14 0.80181
232.7 9.02240 14 0.80187
232.8 9.02266 14 0.80188
232.9 9.02279 14 0.80189
233.0 9.03058 14 0.80233
233.1 9.03488 14 0.80258
233.2 9.03763 14 0.80273
233.3 9.04033 14 0.80289
233.4 9.04293 14 0.80304
233.5 9.04520 14 0.80316
233.6 9.05626 14 0.80379
233.7 9.06039 14 0.80403
233.8 8.99550 14 0.80034
233.9 9.00150 14 0.80068
234.0 9.00515 14 0.80089
234.1 9.00972 14 0.80115
234.2 9.01237 14 0.80130
234.3 9.01473 14 0.80143
234.4 9.01702 14 0.80156
234.5 9.01906 14 0.80168
234.6 9.02071 14 0.80177
234.7 9.02197 14 0.80184
234.8 9.02265 14 0.80188
234.9 9.02215 14 0.80185
235.0 9.02416 14 0.80197
235.1 9.03337 14 0.80249
235.2 9.03603 14 0.80264
235.3 9.01887 14 0.80167
235.4 9.02067 14 0.80177
235.5 9.02199 14 0.80185
235.6 9.02265 14 0.80188
235.7 9.02212 14 0.80185
235.8 9.02470 14 0.80200
235.9 9.03354 14 0.80250
236.0 9.03615 14 0.80265
236.1 9.03886 14 0.80280
236.2 9.04149 14 0.80295
236.3 9.04374 14 0.80308
236.4 9.05371 14 0.80365
236.5 9.05798 14 0.80389
236.6 8.99274 14 0.80018
236.7 8.99817 14 0.80049
236.8 8.99983 14 0.80058
236.9 9.00821 14 0.80106
237.0 9.01088 14 0.80121
237.1 9.01330 14 0.80135
237.2 9.01557 14 0.80148
237.3 9.01776 14 0.80160
237.4 9.01968 14 0.80171
237.5 9.02122 14 0.80180
237.6 9.02228 14 0.80186
237.7 9.02273 14 0.80189
237.8 9.02159 14 0.80182
237.9 9.02815 14 0.80220
238.0 9.03431 14 0.80255
238.1 9.01764 14 0.80160
238.2 9.01965 14 0.80171
238.3 9.02117 14 0.80180
238.4 9.02228 14 0.80186
238.5 9.02273 14 0.80189
238.6 9.02158 14 0.80182
238.7 9.02779 14 0.80218
238.8 9.03425 14 0.80254
238.9 9.03679 14 0.80269
239.0 9.03945 14 0.80284
239.1 9.04203 14 0.80298
239.2 9.04431 14 0.80311
239.3 9.05500 14 0.80372
239.4 9.05940 14 0.80397
239.5 8.99409 14 0.80026
239.6 8.99969 14 0.80058
239.7 9.00177 14 0.80069
239.8 9.00884 14 0.80110
239.9 9.01146 14 0.80125
240.0 9.01381 14 0.80138
240.1 9.01603 14 0.80151
240.2 9.01815 14 0.80163
240.3 9.01999 14 0.80173
240.4 9.02144 14 0.80181
240.5 9.02237 14 0.80187
240.6 9.02269 14 0.80188
240.7 9.02186 14 0.80184
240.8 9.03003 14 0.80230
240.9 9.03467 14 0.80257
241.0 9.01792 14 0.80161
241.1 9.01986 14 0.80172
241.2 9.02131 14 0.80181
241.3 9.02235 14 0.80187
241.4 9.02273 14 0.80189
241.5 9.02142 14 0.80181
241.6 9.02855 14 0.80222
241.7 9.03439 14 0.80255
241.8 9.03701 14 0.80270
241.9 9.03953 14 0.80284
242.0 9.04226 14 0.80300
242.1 9.04466 14 0.80313
242.2 9.05530 14 0.80374
242.3 9.05963 14 0.80398
242.4 8.99433 14 0.80027
242.5 8.99990 14 0.80059
242.6 9.00197 14 0.80071
242.7 9.00887 14 0.80110
242.8 9.01146 14 0.80125
242.9 9.01396 14 0.80139
243.0 9.01598 14 0.80150
243.1 9.01808 14 0.80162
243.2 9.01991 14 0.80173
243.3 9.02146 14 0.80182
243.4 9.02238 14 0.80187
243.5 9.02269 14 0.80189
243.6 9.02171 14 0.80183
243.7 9.02967 14 0.80228
243.8 9.03457 14 0.80256
243.9 9.01782 14 0.80161
244.0 9.01976 14 0.80172
244.1 9.02122 14 0.80180
244.2 9.02229 14 0.80186
244.3 9.02273 14 0.80189
244.4 9.02164 14 0.80183
244.5 9.02722 14 0.80214
244.6 9.03397 14 0.80253
244.7 9.03672 14 0.80268
244.8 9.03933 14 0.80283
244.9 9.04203 14 0.80298
245.0 9.04426 14 0.80311
245.1 9.05482 14 0.80371
245.2 9.05914 14 0.80396
245.3 8.99366 14 0.80023
245.4 8.99905 14 0.80054
245.5 9.00073 14 0.80063
245.6 9.00843 14 0.80107
245.7 9.01101 14 0.80122
245.8 9.01325 14 0.80135
245.9 9.01544 14 0.80147
246.0 9.01772 14 0.80160
246.1 9.01959 14 0.80171
246.2 9.02121 14 0.80180
246.3 9.02225 14 0.80186
246.4 9.02273 14 0.80189
246.5 9.02167 14 0.80183
246.6 9.02690 14 0.80212
246.7 9.03395 14 0.80253
246.8 9.01726 14 0.80158
246.9 9.01914 14 0.80168
247.0 9.02081 14 0.80178
247.1 9.02204 14 0.80185
247.2 9.02265 14 0.80188
247.3 9.02217 14 0.80186
247.4 9.02459 14 0.80199
247.5 9.03339 14 0.80249
247.6 9.03607 14 0.80265
247.7 9.03867 14 0.80279
247.8 9.04137 14 0.80295
247.9 9.04351 14 0.80307
248.0 9.05342 14 0.80363
248.1 9.05752 14 0.80386
248.2 8.99199 14 0.80014
248.3 8.99705 14 0.80043
248.4 9.00256 14 0.80074
248.5 9.00621 14 0.80095
248.6 9.00986 14 0.80115
248.7 9.01255 14 0.80131
248.8 9.01476 14 0.80143
248.9 9.01708 14 0.80157
249.0 9.01901 14 0.80168
249.1 9.02059 14 0.80177
249.2 9.02191 14 0.80184
249.3 9.02261 14 0.80188
249.4 9.02229 14 0.80186
249.5 9.02269 14 0.80188
249.6 9.03289 14 0.80247
249.7 9.03548 14 0.80261
249.8 9.01836 14 0.80164
249.9 9.02017 14 0.80174
250.0 9.02150 14 0.80182
