15.0 1.98012 13 0.07761
15.1 2.02165 13 0.08136
15.2 2.06315 13 0.08509
15.3 2.10507 13 0.08884
15.4 2.14737 13 0.09259
15.5 2.19050 13 0.09641
15.6 2.23360 13 0.10019
15.7 2.27758 13 0.10404
15.8 2.32145 13 0.10786
15.9 2.36533 13 0.11171
16.0 2.40988 13 0.11556
16.1 2.45479 13 0.11942
16.2 2.50081 14 0.12333
16.3 2.56174 14 0.12722
16.4 2.62375 14 0.13112
16.5 2.68839 14 0.13512
16.6 2.75171 14 0.13900
16.7 2.81603 14 0.14288
16.8 2.88135 14 0.14678
16.9 2.94769 14 0.15068
17.0 3.01504 14 0.15459
17.1 3.08260 14 0.15854
17.2 3.15195 14 0.16247
17.3 3.22232 14 0.16641
17.4 3.29371 14 0.17036
17.5 3.36613 14 0.17432
17.6 3.43956 14 0.17829
17.7 3.51258 14 0.18230
17.8 3.58799 14 0.18629
17.9 3.66481 14 0.19028
18.0 3.74232 14 0.19428
18.1 3.82087 14 0.19829
18.2 3.89861 14 0.20234
18.3 3.97875 14 0.20637
18.4 4.04729 14 0.21041
18.5 4.11677 14 0.21444
18.6 4.18644 14 0.21850
18.7 4.25479 14 0.22258
18.8 4.32543 14 0.22665
18.9 4.39657 14 0.23072
19.0 4.46664 14 0.23483
19.1 4.53877 14 0.23892
19.2 4.61137 14 0.24301
19.3 4.70116 14 0.24834
19.4 4.80542 14 0.25488
19.5 4.91393 14 0.26145
19.6 5.02088 14 0.26811
19.7 5.13160 14 0.27481
19.8 5.24369 14 0.28157
19.9 5.35509 14 0.28841
20.0 5.47003 14 0.29529
20.1 5.58343 14 0.30226
20.2 5.70099 14 0.30927
20.3 5.81692 14 0.31637
20.4 5.93801 14 0.32350
20.5 6.05649 14 0.33072
20.6 6.17612 14 0.33801
20.7 6.29083 14 0.34539
20.8 6.40407 14 0.35286
20.9 6.53026 14 0.36032
21.0 6.71714 14 0.36802
21.1 6.84639 14 0.37561
21.2 6.95870 14 0.38209
21.3 7.02713 14 0.38564
21.4 7.09570 14 0.38919
21.5 7.16566 14 0.39274
21.6 7.23462 14 0.39631
21.7 7.30368 14 0.39988
21.8 7.37276 14 0.40347
21.9 7.44342 14 0.40705
22.0 7.51289 14 0.41065
22.1 7.58234 14 0.41426
22.2 7.65329 14 0.41787
22.3 7.72304 14 0.42150
22.4 7.79271 14 0.42513
22.5 7.86237 14 0.42877
22.6 7.93374 14 0.43242
22.7 8.00357 14 0.43608
22.8 8.07327 14 0.43975
22.9 8.14455 14 0.44342
23.0 8.21419 14 0.44710
23.1 8.28378 14 0.45080
23.2 8.35330 14 0.45450
23.3 8.42484 14 0.45820
23.4 8.49465 14 0.46192
23.5 8.56443 14 0.46565
23.6 8.63616 14 0.46938
23.7 8.70619 14 0.47312
23.8 8.77612 14 0.47687
23.9 8.84606 14 0.48063
24.0 8.91830 14 0.48440
24.1 8.98847 14 0.48817
24.2 9.05854 14 0.49196
24.3 9.13091 14 0.49574
24.4 9.20129 14 0.49954
24.5 9.27161 14 0.50335
24.6 9.34182 14 0.50717
24.7 9.41461 14 0.51099
24.8 9.48511 14 0.51482
24.9 9.55556 14 0.51866
25.0 9.62683 14 0.52251
25.1 9.69920 14 0.52637
25.2 9.76976 14 0.53023
25.3 9.84038 14 0.53411
25.4 9.91380 14 0.53799
25.5 9.98467 14 0.54188
25.6 10.05542 14 0.54578
25.7 10.12612 14 0.54969
25.8 10.20001 14 0.55360
25.9 10.27106 14 0.55752
26.0 10.34203 14 0.56146
26.1 10.41297 14 0.56540
26.2 10.48725 14 0.56935
26.3 10.55848 14 0.57330
26.4 10.62978 14 0.57727
26.5 10.70094 14 0.58125
26.6 10.77576 14 0.58523
26.7 10.84725 14 0.58922
26.8 10.91867 14 0.59322
26.9 10.99012 14 0.59723
27.0 11.06554 14 0.60124
27.1 11.13742 14 0.60527
27.2 11.20927 14 0.60931
27.3 11.28100 14 0.61335
27.4 11.35244 14 0.61740
27.5 11.42886 14 0.62146
27.6 11.50126 14 0.62553
27.7 11.57357 14 0.62961
27.8 11.64581 14 0.63369
27.9 11.71803 14 0.63779
28.0 11.79524 14 0.64189
28.1 11.86788 14 0.64600
28.2 11.94045 14 0.65013
28.3 12.01298 14 0.65426
28.4 12.08597 14 0.65840
28.5 12.16441 14 0.66254
28.6 12.23784 14 0.66670
28.7 12.31118 14 0.67086
28.8 12.38453 14 0.67504
28.9 12.45793 14 0.67922
29.0 12.53127 14 0.68342
29.1 12.61060 14 0.68762
29.2 12.68420 14 0.69183
29.3 12.75798 14 0.69605
29.4 12.83249 14 0.70028
29.5 12.90693 14 0.70452
29.6 12.98168 14 0.70876
29.7 13.05645 14 0.71302
29.8 13.13139 14 0.71729
29.9 13.21285 14 0.72156
30.0 13.28759 14 0.72584
30.1 13.36233 14 0.73014
30.2 13.43749 14 0.73444
30.3 13.51228 14 0.73875
30.4 13.58831 14 0.74307
30.5 13.66865 14 0.74740
30.6 13.74351 14 0.75174
30.7 13.81766 14 0.75609
30.8 13.89948 14 0.76045
30.9 13.97646 14 0.76482
31.0 14.04924 14 0.76920
31.1 14.12497 14 0.77359
31.2 14.20305 14 0.77798
31.3 14.28077 14 0.78239
31.4 14.35824 14 0.78680
31.5 14.43551 14 0.79123
31.6 14.51270 14 0.79567
31.7 14.58966 14 0.80011
31.8 14.66607 14 0.80457
31.9 14.75235 14 0.80903
32.0 14.82896 14 0.81350
32.1 14.90517 14 0.81799
32.2 14.98142 14 0.82248
32.3 15.06086 14 0.82699
32.4 15.14128 14 0.83150
32.5 15.21943 14 0.83602
32.6 15.29704 14 0.84056
32.7 15.37386 14 0.84510
32.8 15.44854 14 0.84966
32.9 15.53486 14 0.85422
33.0 15.60852 14 0.85879
33.1 15.69222 14 0.86337
33.2 15.76235 14 0.86797
33.3 15.84539 14 0.87257
33.4 15.92584 14 0.87719
33.5 16.00555 14 0.88181
33.6 16.08406 14 0.88645
33.7 16.15032 14 0.89109
33.8 16.22851 14 0.89575
33.9 16.30665 14 0.90041
34.0 16.39701 14 0.90509
34.1 16.46625 14 0.90977
34.2 16.55165 14 0.91447
34.3 16.62304 14 0.91918
34.4 16.70088 14 0.92389
34.5 16.77910 14 0.92862
34.6 16.85691 14 0.93336
34.7 16.94114 14 0.93810
34.8 17.01076 14 0.94286
34.9 17.09231 14 0.94763
35.0 17.16480 14 0.95241
35.1 17.24483 14 0.95720
35.2 17.32624 14 0.96200
35.3 17.39447 14 0.96681
35.4 17.47252 14 0.97163
35.5 17.54978 14 0.97646
35.6 17.61660 14 0.98130
35.7 17.69954 14 0.98616
35.8 17.78098 14 0.99102
35.9 17.85345 14 0.99589
36.0 17.91578 14 1.00000
36.1 17.91267 14 1.00000
36.2 17.89126 14 1.00000
36.3 17.89972 14 1.00000
36.4 17.88913 14 1.00000
36.5 17.88161 14 1.00000
36.6 17.85925 14 1.00000
36.7 17.85072 14 1.00000
36.8 17.73312 14 1.00000
36.9 17.72569 14 1.00000
37.0 17.72308 14 1.00000
37.1 17.72118 14 1.00000
37.2 17.70956 14 1.00000
37.3 17.57754 14 1.00000
37.4 17.56563 14 1.00000
37.5 17.55338 14 1.00000
37.6 17.54068 14 1.00000
37.7 17.52760 14 1.00000
37.8 17.39228 14 1.00000
37.9 17.37888 14 1.00000
38.0 17.36294 14 1.00000
38.1 17.35073 14 1.00000
38.2 17.33828 14 1.00000
38.3 17.32559 14 1.00000
38.4 16.04381 14 1.00000
38.5 14.77302 14 1.00000
38.6 14.17222 14 1.00000
38.7 14.05851 14 1.00000
38.8 13.93503 14 1.00000
38.9 13.86707 14 1.00000
39.0 13.83134 14 1.00000
39.1 13.79020 14 1.00000
39.2 13.76747 14 1.00000
39.3 13.59169 14 1.00000
39.4 13.52693 14 1.00000
39.5 13.48952 14 1.00000
39.6 13.47848 14 1.00000
39.7 13.34654 14 1.00000
39.8 13.22695 14 1.00000
39.9 13.22266 14 1.00000
40.0 13.18230 14 1.00000
40.1 13.16924 14 1.00000
40.2 12.82441 14 0.98467
40.3 12.72418 14 0.97988
40.4 12.65204 14 0.97642
40.5 12.62466 14 0.97510
40.6 12.58455 14 0.97317
40.7 12.19471 14 0.95425
40.8 12.15804 14 0.95245
40.9 12.14488 14 0.95180
41.0 12.12101 14 0.95063
41.1 11.88071 14 0.93877
41.2 11.75095 14 0.93231
41.3 11.67645 14 0.92858
41.4 11.66621 14 0.92807
41.5 11.56032 14 0.92274
41.6 11.38112 14 0.91368
41.7 11.24652 14 0.90682
41.8 11.22984 14 0.90597
41.9 11.20882 14 0.90489
42.0 11.17773 14 0.90330
42.1 11.12822 14 0.90076
42.2 10.99399 14 0.89384
42.3 10.89949 14 0.88893
42.4 10.71339 14 0.87922
42.5 10.67620 14 0.87726
42.6 10.63562 14 0.87513
42.7 10.58767 14 0.87260
42.8 10.61394 14 0.87399
42.9 10.62846 14 0.87475
43.0 10.70732 14 0.87890
43.1 10.81412 14 0.88449
43.2 10.93418 14 0.89074
43.3 10.97011 14 0.89260
43.4 10.99599 14 0.89394
43.5 11.01093 14 0.89471
43.6 11.07623 14 0.89808
43.7 11.19330 14 0.90410
43.8 11.32417 14 0.91078
43.9 11.38175 14 0.91371
44.0 11.44090 14 0.91671
44.1 11.49185 14 0.91929
44.2 11.54252 14 0.92185
44.3 11.59010 14 0.92424
44.4 11.63905 14 0.92670
44.5 11.68064 14 0.92879
44.6 11.72533 14 0.93102
44.7 11.83595 14 0.93654
44.8 11.94083 14 0.94175
44.9 12.02974 14 0.94614
45.0 12.10661 14 0.94993
45.1 12.25157 14 0.95703
45.2 12.30460 14 0.95961
45.3 12.36208 14 0.96241
45.4 12.41724 14 0.96509
45.5 12.46409 14 0.96736
45.6 12.52213 14 0.97016
45.7 12.56917 14 0.97243
45.8 12.61680 14 0.97473
45.9 12.66084 14 0.97684
46.0 12.77455 14 0.98229
46.1 12.88725 14 0.98766
46.2 12.98280 14 0.99219
46.3 13.06731 14 0.99619
46.4 13.14531 14 0.99987
46.5 13.20710 14 1.00000
46.6 13.23415 14 1.00000
46.7 13.25837 14 1.00000
46.8 13.28353 14 1.00000
46.9 13.30409 14 1.00000
47.0 13.32909 14 1.00000
47.1 13.35259 14 1.00000
47.2 13.37089 14 1.00000
47.3 13.39938 14 1.00000
47.4 13.45921 14 1.00000
47.5 13.50495 14 1.00000
47.6 13.54743 14 1.00000
47.7 13.58236 14 1.00000
47.8 13.61437 14 1.00000
47.9 13.67862 14 1.00000
48.0 13.70484 14 1.00000
48.1 13.72956 14 1.00000
48.2 13.75401 14 1.00000
48.3 13.77835 14 1.00000
48.4 13.80016 14 1.00000
48.5 13.82371 14 1.00000
48.6 13.84203 14 1.00000
48.7 13.87521 14 1.00000
48.8 13.93086 14 1.00000
48.9 13.97788 14 1.00000
49.0 14.02104 14 1.00000
49.1 14.05794 14 1.00000
49.2 14.09275 14 1.00000
49.3 14.15135 14 1.00000
49.4 14.18654 14 1.00000
49.5 14.20721 14 1.00000
49.6 14.23247 14 1.00000
49.7 14.25745 14 1.00000
49.8 14.28102 14 1.00000
49.9 14.30400 14 1.00000
50.0 14.32542 14 1.00000
50.1 14.34863 14 1.00000
50.2 14.39316 14 1.00000
50.3 14.44928 14 1.00000
50.4 14.49452 14 1.00000
50.5 14.53535 14 1.00000
50.6 14.56944 14 1.00000
50.7 14.60625 14 1.00000
50.8 14.66813 14 1.00000
50.9 14.69388 14 1.00000
51.0 14.72155 14 1.00000
51.1 14.74184 14 1.00000
51.2 14.77042 14 1.00000
51.3 14.79475 14 1.00000
51.4 14.81786 14 1.00000
51.5 14.83967 14 1.00000
51.6 14.86541 14 1.00000
51.7 14.91166 14 1.00000
51.8 14.95010 14 1.00000
51.9 15.00931 14 1.00000
52.0 15.05180 14 1.00000
52.1 15.08727 14 1.00000
52.2 15.12359 14 1.00000
52.3 15.18654 14 1.00000
52.4 15.21558 14 1.00000
52.5 15.24438 14 1.00000
52.6 15.27031 14 1.00000
52.7 15.29336 14 1.00000
52.8 15.31517 14 1.00000
52.9 15.34364 14 1.00000
53.0 15.36047 14 1.00000
53.1 15.38645 14 1.00000
53.2 15.42879 14 1.00000
53.3 15.46688 14 1.00000
53.4 15.52348 14 1.00000
53.5 15.56823 14 1.00000
53.6 15.60964 14 1.00000
53.7 15.64752 14 1.00000
53.8 15.68254 14 1.00000
53.9 15.74121 14 1.00000
54.0 15.77439 14 1.00000
54.1 15.80331 14 1.00000
54.2 15.83022 14 1.00000
54.3 15.85470 14 1.00000
54.4 15.87924 14 1.00000
54.5 15.89925 14 1.00000
54.6 15.92628 14 1.00000
54.7 15.94933 14 1.00000
54.8 15.98863 14 1.00000
54.9 16.03174 14 1.00000
55.0 16.07367 14 1.00000
55.1 16.12894 14 1.00000
55.2 16.16871 14 1.00000
55.3 16.21032 14 1.00000
55.4 16.24413 14 1.00000
55.5 16.28102 14 1.00000
55.6 16.34968 14 1.00000
55.7 16.37953 14 1.00000
55.8 16.40218 14 1.00000
55.9 16.42794 14 1.00000
56.0 16.45299 14 1.00000
56.1 16.47864 14 1.00000
56.2 16.50250 14 1.00000
56.3 16.52208 14 1.00000
56.4 16.54662 14 1.00000
56.5 16.59510 14 1.00000
56.6 16.63987 14 1.00000
56.7 16.67819 14 1.00000
56.8 16.73056 14 1.00000
56.9 16.77490 14 1.00000
57.0 16.81661 14 1.00000
57.1 16.84919 14 1.00000
57.2 16.88751 14 1.00000
57.3 16.91941 14 1.00000
57.4 16.97575 14 1.00000
57.5 17.00825 14 1.00000
57.6 17.03340 14 1.00000
57.7 17.05898 14 1.00000
57.8 17.07695 14 1.00000
57.9 17.10768 14 1.00000
58.0 17.13239 14 1.00000
58.1 17.15507 14 1.00000
58.2 17.18862 14 1.00000
58.3 17.23651 14 1.00000
58.4 17.27880 14 1.00000
58.5 17.31352 14 1.00000
58.6 17.36734 14 1.00000
58.7 17.40559 14 1.00000
58.8 17.44451 14 1.00000
58.9 17.48440 14 1.00000
59.0 17.52185 14 1.00000
59.1 17.54314 14 1.00000
59.2 17.60498 14 1.00000
59.3 17.64274 14 1.00000
59.4 17.66858 14 1.00000
59.5 17.69527 14 1.00000
59.6 17.71685 14 1.00000
59.7 17.74581 14 1.00000
59.8 17.76370 14 1.00000
59.9 17.78526 14 1.00000
60.0 17.82245 14 1.00000
60.1 17.87262 14 1.00000
60.2 17.91762 14 1.00000
60.3 17.95712 14 1.00000
60.4 18.00625 14 1.00000
60.5 18.04923 14 1.00000
60.6 18.09092 14 1.00000
60.7 18.12607 14 1.00000
60.8 18.16082 14 1.00000
60.9 18.19728 14 1.00000
61.0 18.25572 14 1.00000
61.1 18.29886 14 1.00000
61.2 18.31693 14 1.00000
61.3 18.34575 14 1.00000
61.4 18.36794 14 1.00000
61.5 18.39737 14 1.00000
61.6 18.42191 14 1.00000
61.7 18.43787 14 1.00000
61.8 18.45827 14 1.00000
61.9 18.50390 14 1.00000
62.0 18.54464 14 1.00000
62.1 18.59535 14 1.00000
62.2 18.63607 14 1.00000
62.3 18.67775 14 1.00000
62.4 18.73019 14 1.00000
62.5 18.77375 14 1.00000
62.6 18.80970 14 1.00000
62.7 18.84724 14 1.00000
62.8 18.87644 14 1.00000
62.9 18.91072 14 1.00000
63.0 18.97635 14 1.00000
63.1 19.01379 14 1.00000
63.2 19.03157 14 1.00000
63.3 19.06344 14 1.00000
63.4 19.08483 14 1.00000
63.5 19.10723 14 1.00000
63.6 19.13520 14 1.00000
63.7 19.16554 14 1.00000
63.8 19.18936 14 1.00000
63.9 19.22556 14 1.00000
64.0 19.28106 14 1.00000
64.1 19.31723 14 1.00000
64.2 19.36948 14 1.00000
64.3 19.40090 14 1.00000
64.4 19.45943 14 1.00000
64.5 19.50268 14 1.00000
64.6 19.53854 14 1.00000
64.7 19.57592 14 1.00000
64.8 19.60782 14 1.00000
64.9 19.64605 14 1.00000
65.0 19.67653 14 1.00000
65.1 19.74880 14 1.00000
65.2 19.77144 14 1.00000
65.3 19.79521 14 1.00000
65.4 19.82037 14 1.00000
65.5 19.84268 14 1.00000
65.6 19.86985 14 1.00000
65.7 19.90169 14 1.00000
65.8 19.92405 14 1.00000
65.9 19.95373 14 1.00000
66.0 19.99288 14 1.00000
66.1 20.05323 14 1.00000
66.2 20.10131 14 1.00000
66.3 20.14112 14 1.00000
66.4 20.18353 14 1.00000
66.5 20.21947 14 1.00000
66.6 20.27798 14 1.00000
66.7 20.31236 14 1.00000
66.8 20.35177 14 1.00000
66.9 20.38288 14 1.00000
67.0 20.42328 14 1.00000
67.1 20.45700 14 1.00000
67.2 20.53551 14 1.00000
67.3 20.53728 14 1.00000
67.4 20.58017 14 1.00000
67.5 20.59644 14 1.00000
67.6 20.63404 14 1.00000
67.7 20.65008 14 1.00000
67.8 20.67822 14 1.00000
67.9 20.69517 14 1.00000
68.0 20.71955 14 1.00000
68.1 20.77513 14 1.00000
68.2 20.83215 14 1.00000
68.3 20.87083 14 1.00000
68.4 20.91965 14 1.00000
68.5 20.95372 14 1.00000
68.6 21.00034 14 1.00000
68.7 21.04771 14 1.00000
68.8 21.07903 14 1.00000
68.9 21.13321 14 1.00000
69.0 21.17285 14 1.00000
69.1 21.20046 14 1.00000
69.2 21.24802 14 1.00000
69.3 21.28060 14 1.00000
69.4 21.34003 14 1.00000
69.5 21.37388 14 1.00000
69.6 21.38716 14 1.00000
69.7 21.42716 14 1.00000
69.8 21.45858 14 1.00000
69.9 21.48897 14 1.00000
70.0 21.51490 14 1.00000
70.1 21.54095 14 1.00000
70.2 21.56531 14 1.00000
70.3 21.58686 14 1.00000
70.4 21.64401 14 1.00000
70.5 21.70285 14 1.00000
70.6 21.72929 14 1.00000
70.7 21.77496 14 1.00000
70.8 21.83578 14 1.00000
70.9 21.87447 14 1.00000
71.0 21.92379 14 1.00000
71.1 21.95324 14 1.00000
71.2 22.00419 14 1.00000
71.3 22.03909 14 1.00000
71.4 22.06974 14 1.00000
71.5 22.11942 14 1.00000
71.6 22.15296 14 1.00000
71.7 22.21354 14 1.00000
71.8 22.25931 14 1.00000
71.9 22.27624 14 1.00000
72.0 22.31043 14 1.00000
72.1 22.32308 14 1.00000
72.2 22.35952 14 1.00000
72.3 22.39375 14 1.00000
72.4 22.41016 14 1.00000
72.5 22.42677 14 1.00000
72.6 22.46298 14 1.00000
72.7 22.51771 14 1.00000
72.8 22.56293 14 1.00000
72.9 22.62003 14 1.00000
73.0 22.66948 14 1.00000
73.1 22.71318 14 1.00000
73.2 22.73756 14 1.00000
73.3 22.78692 14 1.00000
73.4 22.84323 14 1.00000
73.5 22.88964 14 1.00000
73.6 22.92057 14 1.00000
73.7 22.96110 14 1.00000
73.8 22.99952 14 1.00000
73.9 23.04226 14 1.00000
74.0 23.07650 14 1.00000
74.1 23.09665 14 1.00000
74.2 23.19124 14 1.00000
74.3 23.21310 14 1.00000
74.4 23.23842 14 1.00000
74.5 23.26546 14 1.00000
74.6 23.28868 14 1.00000
74.7 23.32087 14 1.00000
74.8 23.35129 14 1.00000
74.9 23.37966 14 1.00000
75.0 23.40627 14 1.00000
75.1 23.41417 14 1.00000
75.2 23.46868 14 1.00000
75.3 23.54115 14 1.00000
75.4 23.59254 14 1.00000
75.5 23.62638 14 1.00000
75.6 23.68481 14 1.00000
75.7 23.71810 14 1.00000
75.8 23.76634 14 1.00000
75.9 23.80702 14 1.00000
76.0 23.86286 14 1.00000
76.1 23.90325 14 1.00000
76.2 23.92608 14 1.00000
76.3 23.98114 14 1.00000
76.4 24.01852 14 1.00000
76.5 24.04271 14 1.00000
76.6 24.08478 14 1.00000
76.7 24.12101 14 1.00000
76.8 24.19879 14 1.00000
76.9 24.22364 14 1.00000
77.0 24.23193 14 1.00000
77.1 24.28153 14 1.00000
77.2 24.30606 14 1.00000
77.3 24.33786 14 1.00000
77.4 24.36711 14 1.00000
77.5 24.39424 14 1.00000
77.6 24.42201 14 1.00000
77.7 24.42995 14 1.00000
77.8 24.49939 14 1.00000
77.9 24.56407 14 1.00000
78.0 24.61462 14 1.00000
78.1 24.64316 14 1.00000
78.2 24.70975 14 1.00000
78.3 24.74903 14 1.00000
78.4 24.79479 14 1.00000
78.5 24.83510 14 1.00000
78.6 24.88516 14 1.00000
78.7 24.93215 14 1.00000
78.8 24.97260 14 1.00000
78.9 25.01238 14 1.00000
79.0 25.05003 14 1.00000
79.1 25.07644 14 1.00000
79.2 25.12301 14 1.00000
79.3 25.14104 14 1.00000
79.4 25.18180 14 1.00000
79.5 25.26989 14 1.00000
79.6 25.27355 14 1.00000
79.7 25.32400 14 1.00000
79.8 25.35092 14 1.00000
79.9 25.36794 14 1.00000
80.0 25.41188 14 1.00000
80.1 25.44174 14 1.00000
80.2 25.47021 14 1.00000
80.3 25.49791 14 1.00000
80.4 25.51242 14 1.00000
80.5 25.56886 14 1.00000
80.6 25.62924 14 1.00000
80.7 25.69043 14 1.00000
80.8 25.74132 14 1.00000
80.9 25.78838 14 1.00000
81.0 25.81778 14 1.00000
81.1 25.87799 14 1.00000
81.2 25.92066 14 1.00000
81.3 25.96092 14 1.00000
81.4 26.01137 14 1.00000
81.5 26.05893 14 1.00000
81.6 26.10030 14 1.00000
81.7 26.14010 14 1.00000
81.8 26.17377 14 1.00000
81.9 26.21459 14 1.00000
82.0 26.25067 14 1.00000
82.1 26.28723 14 1.00000
82.2 26.30668 14 1.00000
82.3 26.40590 14 1.00000
82.4 26.41053 14 1.00000
82.5 26.45857 14 1.00000
82.6 26.48887 14 1.00000
82.7 26.51817 14 1.00000
82.8 26.54372 14 1.00000
82.9 26.56698 14 1.00000
83.0 26.59444 14 1.00000
83.1 26.62776 14 1.00000
83.2 26.66589 14 1.00000
83.3 26.69548 14 1.00000
83.4 26.75981 14 1.00000
83.5 26.81909 14 1.00000
83.6 26.87191 14 1.00000
83.7 26.92288 14 1.00000
83.8 26.97110 14 1.00000
83.9 27.00712 14 1.00000
84.0 27.06152 14 1.00000
84.1 27.10580 14 1.00000
84.2 27.14710 14 1.00000
84.3 27.18630 14 1.00000
84.4 27.23998 14 1.00000
84.5 27.28639 14 1.00000
84.6 27.32594 14 1.00000
84.7 27.35331 14 1.00000
84.8 27.40341 14 1.00000
84.9 27.44241 14 1.00000
85.0 27.46095 14 1.00000
85.1 27.51233 14 1.00000
85.2 27.55105 14 1.00000
85.3 27.63386 14 1.00000
85.4 27.65327 14 1.00000
85.5 27.67509 14 1.00000
85.6 27.70769 14 1.00000
85.7 27.73137 14 1.00000
85.8 27.76386 14 1.00000
85.9 27.79255 14 1.00000
86.0 27.82882 14 1.00000
86.1 27.86691 14 1.00000
86.2 27.90402 14 1.00000
86.3 27.92275 14 1.00000
86.4 27.98487 14 1.00000
86.5 28.04837 14 1.00000
86.6 28.10867 14 1.00000
86.7 28.15965 14 1.00000
86.8 28.19869 14 1.00000
86.9 28.26124 14 1.00000
87.0 28.29992 14 1.00000
87.1 28.35253 14 1.00000
87.2 28.39590 14 1.00000
87.3 28.43775 14 1.00000
87.4 28.49212 14 1.00000
87.5 28.52264 14 1.00000
87.6 28.57197 14 1.00000
87.7 28.60764 14 1.00000
87.8 28.65431 14 1.00000
87.9 28.70125 14 1.00000
88.0 28.73282 14 1.00000
88.1 28.77631 14 1.00000
88.2 28.80837 14 1.00000
88.3 28.84926 14 1.00000
88.4 28.93895 14 1.00000
88.5 28.96211 14 1.00000
88.6 28.98932 14 1.00000
88.7 29.02297 14 1.00000
88.8 29.05527 14 1.00000
88.9 29.08532 14 1.00000
89.0 29.11926 14 1.00000
89.1 29.15279 14 1.00000
89.2 29.18334 14 1.00000
89.3 29.19367 14 1.00000
89.4 29.24309 14 1.00000
89.5 29.27767 14 1.00000
89.6 29.33768 14 1.00000
89.7 29.40028 14 1.00000
89.8 29.45447 14 1.00000
89.9 29.50139 14 1.00000
90.0 29.54166 14 1.00000
90.1 29.61447 14 1.00000
90.2 29.64731 14 1.00000
90.3 29.70247 14 1.00000
90.4 29.75162 14 1.00000
90.5 29.79550 14 1.00000
90.6 29.83653 14 1.00000
90.7 29.89573 14 1.00000
90.8 29.92295 14 1.00000
90.9 29.96573 14 1.00000
91.0 30.02479 14 1.00000
91.1 30.06589 14 1.00000
91.2 30.09689 14 1.00000
91.3 30.13206 14 1.00000
91.4 30.18102 14 1.00000
91.5 30.19916 14 1.00000
91.6 30.25395 14 1.00000
91.7 30.34893 14 1.00000
91.8 30.35546 14 1.00000
91.9 30.38281 14 1.00000
92.0 30.42333 14 1.00000
92.1 30.46671 14 1.00000
92.2 30.50279 14 1.00000
92.3 30.53698 14 1.00000
92.4 30.56814 14 1.00000
92.5 30.57872 14 1.00000
92.6 30.62892 14 1.00000
92.7 30.66420 14 1.00000
92.8 30.68609 14 1.00000
92.9 30.74836 14 1.00000
93.0 30.80994 14 1.00000
93.1 30.53742 14 1.00000
93.2 30.58400 14 1.00000
93.3 30.61780 14 1.00000
93.4 30.62565 14 1.00000
93.5 30.67941 14 1.00000
93.6 30.70607 14 1.00000
93.7 30.76248 14 1.00000
93.8 30.82232 14 1.00000
93.9 30.56936 14 1.00000
94.0 30.57907 14 1.00000
94.1 30.62912 14 1.00000
94.2 30.66533 14 1.00000
94.3 30.68616 14 1.00000
94.4 30.75051 14 1.00000
94.5 30.81225 14 1.00000
94.6 30.53563 14 1.00000
94.7 30.58445 14 1.00000
94.8 30.61899 14 1.00000
94.9 30.63008 14 1.00000
95.0 30.68025 14 1.00000
95.1 30.71032 14 1.00000
95.2 30.76352 14 1.00000
95.3 30.82377 14 1.00000
95.4 30.57091 14 1.00000
95.5 30.58469 14 1.00000
95.6 30.62923 14 1.00000
95.7 30.66676 14 1.00000
95.8 30.68616 14 1.00000
95.9 30.75305 14 1.00000
96.0 30.81491 14 1.00000
96.1 30.53813 14 1.00000
96.2 30.58485 14 1.00000
96.3 30.62037 14 1.00000
96.4 30.63563 14 1.00000
96.5 30.68118 14 1.00000
96.6 30.71536 14 1.00000
96.7 30.77040 14 1.00000
96.8 30.83061 14 1.00000
96.9 30.57266 14 1.00000
97.0 30.59275 14 1.00000
97.1 30.62916 14 1.00000
97.2 30.66828 14 1.00000
97.3 30.68606 14 1.00000
97.4 30.75601 14 1.00000
97.5 30.81777 14 1.00000
97.6 30.53515 14 1.00000
97.7 30.58503 14 1.00000
97.8 30.62192 14 1.00000
97.9 30.64325 14 1.00000
98.0 30.68215 14 1.00000
98.1 30.72038 14 1.00000
98.2 30.77737 14 1.00000
98.3 30.83777 14 1.00000
98.4 30.57454 14 1.00000
98.5 30.60352 14 1.00000
98.6 30.62880 14 1.00000
98.7 30.66999 14 1.00000
98.8 30.68580 14 1.00000
98.9 30.75913 14 1.00000
99.0 30.82073 14 1.00000
99.1 30.53924 14 1.00000
99.2 30.58486 14 1.00000
99.3 30.62343 14 1.00000
99.4 30.65341 14 1.00000
99.5 30.68310 14 1.00000
99.6 30.72569 14 1.00000
99.7 30.78411 14 1.00000
99.8 30.84428 14 1.00000
99.9 30.57647 14 1.00000
100.0 30.60717 14 1.00000
100.1 30.62809 14 1.00000
100.2 30.67169 14 1.00000
100.3 30.68537 14 1.00000
100.4 30.76234 14 1.00000
100.5 30.82373 14 1.00000
100.6 30.54991 14 1.00000
100.7 30.58420 14 1.00000
100.8 30.62493 14 1.00000
100.9 30.65556 14 1.00000
101.0 30.68400 14 1.00000
101.1 30.73061 14 1.00000
101.2 30.79038 14 1.00000
101.3 30.85052 14 1.00000
101.4 30.57836 14 1.00000
101.5 30.60939 14 1.00000
101.6 30.62694 14 1.00000
101.7 30.67348 14 1.00000
101.8 30.68472 14 1.00000
101.9 30.76545 14 1.00000
102.0 30.82670 14 1.00000
102.1 30.56154 14 1.00000
102.2 30.58295 14 1.00000
102.3 30.62624 14 1.00000
102.4 30.65767 14 1.00000
102.5 30.68478 14 1.00000
102.6 30.73572 14 1.00000
102.7 30.79607 14 1.00000
102.8 30.85586 14 1.00000
102.9 30.58012 14 1.00000
103.0 30.61169 14 1.00000
103.1 30.62532 14 1.00000
103.2 30.67515 14 1.00000
103.3 30.68902 14 1.00000
103.4 30.76377 14 1.00000
103.5 30.82772 14 1.00000
103.6 30.55367 14 1.00000
103.7 30.58110 14 1.00000
103.8 30.62737 14 1.00000
103.9 30.65995 14 1.00000
104.0 30.68538 14 1.00000
104.1 30.74014 14 1.00000
104.2 30.80140 14 1.00000
104.3 30.86083 14 1.00000
104.4 30.58170 14 1.00000
104.5 30.61386 14 1.00000
104.6 30.62847 14 1.00000
104.7 30.67673 14 1.00000
104.8 30.69117 14 1.00000
104.9 30.75568 14 1.00000
105.0 30.81795 14 1.00000
105.1 30.56539 14 1.00000
105.2 30.58192 14 1.00000
105.3 30.62831 14 1.00000
105.4 30.66218 14 1.00000
105.5 30.68584 14 1.00000
105.6 30.74463 14 1.00000
105.7 30.80630 14 1.00000
105.8 30.86535 14 1.00000
105.9 30.58306 14 1.00000
106.0 30.61615 14 1.00000
106.1 30.62622 14 1.00000
106.2 30.67840 14 1.00000
106.3 30.70110 14 1.00000
106.4 30.75687 14 1.00000
106.5 30.81710 14 1.00000
106.6 30.56819 14 1.00000
106.7 30.57864 14 1.00000
106.8 30.62899 14 1.00000
106.9 30.66458 14 1.00000
107.0 30.68612 14 1.00000
107.1 30.74959 14 1.00000
107.2 30.81107 14 1.00000
107.3 30.53633 14 1.00000
107.4 30.58430 14 1.00000
107.5 30.61867 14 1.00000
107.6 30.62925 14 1.00000
107.7 30.68016 14 1.00000
107.8 30.71006 14 1.00000
107.9 30.76432 14 1.00000
108.0 30.82459 14 1.00000
108.1 30.57113 14 1.00000
108.2 30.58668 14 1.00000
108.3 30.62923 14 1.00000
108.4 30.66727 14 1.00000
108.5 30.68614 14 1.00000
108.6 30.75460 14 1.00000
108.7 30.81616 14 1.00000
108.8 30.53649 14 1.00000
108.9 30.58501 14 1.00000
109.0 30.62121 14 1.00000
109.1 30.64066 14 1.00000
109.2 30.68195 14 1.00000
109.3 30.71923 14 1.00000
109.4 30.77650 14 1.00000
109.5 30.83725 14 1.00000
109.6 30.57432 14 1.00000
109.7 30.60445 14 1.00000
109.8 30.62874 14 1.00000
109.9 30.67004 14 1.00000
110.0 30.68575 14 1.00000
110.1 30.75996 14 1.00000
110.2 30.82140 14 1.00000
110.3 30.54179 14 1.00000
110.4 30.58465 14 1.00000
110.5 30.62387 14 1.00000
110.6 30.65439 14 1.00000
110.7 30.68361 14 1.00000
110.8 30.72792 14 1.00000
110.9 30.78793 14 1.00000
111.0 30.84872 14 1.00000
111.1 30.57783 14 1.00000
111.2 30.60884 14 1.00000
111.3 30.62714 14 1.00000
111.4 30.67318 14 1.00000
111.5 30.68477 14 1.00000
111.6 30.76554 14 1.00000
111.7 30.82694 14 1.00000
111.8 30.56154 14 1.00000
111.9 30.58260 14 1.00000
112.0 30.62656 14 1.00000
112.1 30.65816 14 1.00000
112.2 30.68500 14 1.00000
112.3 30.73730 14 1.00000
112.4 30.79836 14 1.00000
112.5 30.85865 14 1.00000
112.6 30.58117 14 1.00000
112.7 30.61294 14 1.00000
112.8 30.62884 14 1.00000
112.9 30.67654 14 1.00000
113.0 30.68865 14 1.00000
113.1 30.75636 14 1.00000
113.2 30.81830 14 1.00000
113.3 30.56534 14 1.00000
113.4 30.58171 14 1.00000
113.5 30.62836 14 1.00000
113.6 30.66237 14 1.00000
113.7 30.68594 14 1.00000
113.8 30.74640 14 1.00000
113.9 30.80757 14 1.00000
114.0 30.86730 14 1.00000
114.1 30.58371 14 1.00000
114.2 30.61728 14 1.00000
114.3 30.62536 14 1.00000
114.4 30.67948 14 1.00000
114.5 30.70631 14 1.00000
114.6 30.76052 14 1.00000
114.7 30.82212 14 1.00000
114.8 30.57027 14 1.00000
114.9 30.58354 14 1.00000
115.0 30.62923 14 1.00000
115.1 30.66687 14 1.00000
115.2 30.68614 14 1.00000
115.3 30.75459 14 1.00000
115.4 30.81590 14 1.00000
115.5 30.53619 14 1.00000
115.6 30.58501 14 1.00000
115.7 30.62147 14 1.00000
115.8 30.64343 14 1.00000
115.9 30.68233 14 1.00000
116.0 30.72115 14 1.00000
116.1 30.78010 14 1.00000
116.2 30.84118 14 1.00000
116.3 30.57538 14 1.00000
116.4 30.60662 14 1.00000
116.5 30.62821 14 1.00000
116.6 30.67131 14 1.00000
116.7 30.68535 14 1.00000
116.8 30.76259 14 1.00000
116.9 30.82412 14 1.00000
117.0 30.55456 14 1.00000
117.1 30.58363 14 1.00000
117.2 30.62541 14 1.00000
117.3 30.65685 14 1.00000
117.4 30.68464 14 1.00000
117.5 30.73457 14 1.00000
117.6 30.79618 14 1.00000
117.7 30.85659 14 1.00000
117.8 30.58040 14 1.00000
117.9 30.61244 14 1.00000
118.0 30.62451 14 1.00000
118.1 30.67606 14 1.00000
118.2 30.68750 14 1.00000
118.3 30.75657 14 1.00000
118.4 30.81855 14 1.00000
118.5 30.56525 14 1.00000
118.6 30.58156 14 1.00000
118.7 30.62848 14 1.00000
118.8 30.66291 14 1.00000
118.9 30.68599 14 1.00000
119.0 30.74726 14 1.00000
119.1 30.80903 14 1.00000
119.2 30.53726 14 1.00000
119.3 30.58413 14 1.00000
119.4 30.61820 14 1.00000
119.5 30.62921 14 1.00000
119.6 30.68022 14 1.00000
119.7 30.71088 14 1.00000
119.8 30.76685 14 1.00000
119.9 30.82934 14 1.00000
120.0 30.57224 14 1.00000
120.1 30.59245 14 1.00000
120.2 30.62907 14 1.00000
120.3 30.66877 14 1.00000
120.4 30.68592 14 1.00000
120.5 30.75833 14 1.00000
120.6 30.81990 14 1.00000
120.7 30.53932 14 1.00000
120.8 30.58476 14 1.00000
120.9 30.62364 14 1.00000
121.0 30.65428 14 1.00000
121.1 30.68381 14 1.00000
121.2 30.72944 14 1.00000
121.3 30.79034 14 1.00000
121.4 30.85159 14 1.00000
121.5 30.57878 14 1.00000
121.6 30.61062 14 1.00000
121.7 30.62597 14 1.00000
121.8 30.67469 14 1.00000
121.9 30.68907 14 1.00000
122.0 30.76167 14 1.00000
122.1 30.82456 14 1.00000
122.2 30.55759 14 1.00000
122.3 30.57773 14 1.00000
122.4 30.62816 14 1.00000
122.5 30.66179 14 1.00000
122.6 30.68587 14 1.00000
122.7 30.74546 14 1.00000
122.8 30.80768 14 1.00000
122.9 30.86773 14 1.00000
123.0 30.58394 14 1.00000
123.1 30.61784 14 1.00000
123.2 30.62821 14 1.00000
123.3 30.68008 14 1.00000
123.4 30.71045 14 1.00000
123.5 30.76756 14 1.00000
123.6 30.82957 14 1.00000
123.7 30.57236 14 1.00000
123.8 30.59466 14 1.00000
123.9 30.62897 14 1.00000
124.0 30.66928 14 1.00000
124.1 30.68582 14 1.00000
124.2 30.75949 14 1.00000
124.3 30.82116 14 1.00000
124.4 30.54382 14 1.00000
124.5 30.58446 14 1.00000
124.6 30.62442 14 1.00000
124.7 30.65548 14 1.00000
124.8 30.68434 14 1.00000
124.9 30.73310 14 1.00000
125.0 30.79486 14 1.00000
125.1 30.85600 14 1.00000
125.2 30.58027 14 1.00000
125.3 30.61263 14 1.00000
125.4 30.62420 14 1.00000
125.5 30.67629 14 1.00000
125.6 30.69012 14 1.00000
125.7 30.75447 14 1.00000
125.8 30.81551 14 1.00000
125.9 30.56655 14 1.00000
126.0 30.57954 14 1.00000
126.1 30.62892 14 1.00000
126.2 30.66494 14 1.00000
126.3 30.68616 14 1.00000
126.4 30.75161 14 1.00000
126.5 30.81374 14 1.00000
126.6 30.53804 14 1.00000
126.7 30.58493 14 1.00000
126.8 30.62098 14 1.00000
126.9 30.64192 14 1.00000
127.0 30.68218 14 1.00000
127.1 30.72157 14 1.00000
127.2 30.78221 14 1.00000
127.3 30.84466 14 1.00000
127.4 30.57664 14 1.00000
127.5 30.60810 14 1.00000
127.6 30.62728 14 1.00000
127.7 30.67323 14 1.00000
127.8 30.68464 14 1.00000
127.9 30.76677 14 1.00000
128.0 30.82801 14 1.00000
128.1 30.56364 14 1.00000
128.2 30.58062 14 1.00000
128.3 30.62778 14 1.00000
128.4 30.66116 14 1.00000
128.5 30.68584 14 1.00000
128.6 30.74521 14 1.00000
128.7 30.80790 14 1.00000
128.8 30.86796 14 1.00000
128.9 30.58410 14 1.00000
129.0 30.61843 14 1.00000
129.1 30.63125 14 1.00000
129.2 30.68063 14 1.00000
129.3 30.71404 14 1.00000
129.4 30.77144 14 1.00000
129.5 30.83689 14 1.00000
129.6 30.57432 14 1.00000
129.7 30.60548 14 1.00000
129.8 30.62840 14 1.00000
129.9 30.67145 14 1.00000
130.0 30.68526 14 1.00000
130.1 30.76372 14 1.00000
130.2 30.82530 14 1.00000
130.3 30.56140 14 1.00000
130.4 30.58237 14 1.00000
130.5 30.62670 14 1.00000
130.6 30.65945 14 1.00000
130.7 30.68554 14 1.00000
130.8 30.74173 14 1.00000
130.9 30.80551 14 1.00000
131.0 30.86560 14 1.00000
131.1 30.58339 14 1.00000
131.2 30.61731 14 1.00000
131.3 30.62694 14 1.00000
131.4 30.68011 14 1.00000
131.5 30.71117 14 1.00000
131.6 30.76795 14 1.00000
131.7 30.83113 14 1.00000
131.8 30.57343 14 1.00000
131.9 30.60360 14 1.00000
132.0 30.62860 14 1.00000
132.1 30.67110 14 1.00000
132.2 30.68539 14 1.00000
132.3 30.76325 14 1.00000
132.4 30.82512 14 1.00000
132.5 30.56115 14 1.00000
132.6 30.58241 14 1.00000
132.7 30.62663 14 1.00000
132.8 30.65977 14 1.00000
132.9 30.68559 14 1.00000
133.0 30.74255 14 1.00000
133.1 30.80618 14 1.00000
133.2 30.86606 14 1.00000
133.3 30.58372 14 1.00000
133.4 30.61788 14 1.00000
133.5 30.62955 14 1.00000
133.6 30.68054 14 1.00000
133.7 30.71391 14 1.00000
133.8 30.77267 14 1.00000
133.9 30.83669 14 1.00000
134.0 30.57461 14 1.00000
134.1 30.60614 14 1.00000
134.2 30.62811 14 1.00000
134.3 30.67234 14 1.00000
134.4 30.68501 14 1.00000
134.5 30.76558 14 1.00000
134.6 30.82715 14 1.00000
134.7 30.56335 14 1.00000
134.8 30.58061 14 1.00000
134.9 30.62765 14 1.00000
135.0 30.66171 14 1.00000
135.1 30.68591 14 1.00000
135.2 30.74729 14 1.00000
135.3 30.81050 14 1.00000
135.4 30.53616 14 1.00000
135.5 30.58472 14 1.00000
135.6 30.62019 14 1.00000
135.7 30.63989 14 1.00000
135.8 30.68203 14 1.00000
135.9 30.72202 14 1.00000
136.0 30.78338 14 1.00000
136.1 30.84709 14 1.00000
136.2 30.57780 14 1.00000
136.3 30.60965 14 1.00000
136.4 30.62596 14 1.00000
136.5 30.67490 14 1.00000
136.6 30.69010 14 1.00000
136.7 30.75688 14 1.00000
136.8 30.81925 14 1.00000
136.9 30.56653 14 1.00000
137.0 30.57961 14 1.00000
137.1 30.62911 14 1.00000
137.2 30.66555 14 1.00000
137.3 30.68616 14 1.00000
137.4 30.75529 14 1.00000
137.5 30.81750 14 1.00000
137.6 30.53763 14 1.00000
137.7 30.58485 14 1.00000
137.8 30.62408 14 1.00000
137.9 30.65554 14 1.00000
138.0 30.68433 14 1.00000
138.1 30.73465 14 1.00000
138.2 30.79719 14 1.00000
138.3 30.86053 14 1.00000
138.4 30.58191 14 1.00000
138.5 30.61549 14 1.00000
138.6 30.62591 14 1.00000
138.7 30.67886 14 1.00000
138.8 30.70844 14 1.00000
138.9 30.76454 14 1.00000
139.0 30.83023 14 1.00000
139.1 30.57347 14 1.00000
139.2 30.60398 14 1.00000
139.3 30.62839 14 1.00000
139.4 30.67162 14 1.00000
139.5 30.68498 14 1.00000
139.6 30.76543 14 1.00000
139.7 30.82753 14 1.00000
139.8 30.56376 14 1.00000
139.9 30.57895 14 1.00000
140.0 30.62811 14 1.00000
140.1 30.66262 14 1.00000
140.2 30.68610 14 1.00000
140.3 30.74981 14 1.00000
140.4 30.81318 14 1.00000
140.5 30.53781 14 1.00000
140.6 30.58502 14 1.00000
140.7 30.62240 14 1.00000
140.8 30.65311 14 1.00000
140.9 30.68352 14 1.00000
141.0 30.73075 14 1.00000
141.1 30.79249 14 1.00000
141.2 30.85756 14 1.00000
141.3 30.58090 14 1.00000
141.4 30.61453 14 1.00000
141.5 30.62704 14 1.00000
141.6 30.67806 14 1.00000
141.7 30.70526 14 1.00000
141.8 30.76095 14 1.00000
141.9 30.82822 14 1.00000
142.0 30.57304 14 1.00000
142.1 30.60203 14 1.00000
142.2 30.62841 14 1.00000
142.3 30.67127 14 1.00000
142.4 30.68487 14 1.00000
142.5 30.76577 14 1.00000
142.6 30.82850 14 1.00000
142.7 30.55641 14 1.00000
142.8 30.57830 14 1.00000
142.9 30.62845 14 1.00000
143.0 30.66349 14 1.00000
143.1 30.68616 14 1.00000
143.2 30.75202 14 1.00000
143.3 30.81615 14 1.00000
143.4 30.53444 14 1.00000
143.5 30.58498 14 1.00000
143.6 30.62414 14 1.00000
143.7 30.65541 14 1.00000
143.8 30.68463 14 1.00000
143.9 30.73605 14 1.00000
144.0 30.79825 14 1.00000
144.1 30.86342 14 1.00000
144.2 30.58265 14 1.00000
144.3 30.61757 14 1.00000
144.4 30.62799 14 1.00000
144.5 30.68073 14 1.00000
144.6 30.71701 14 1.00000
144.7 30.77485 14 1.00000
144.8 30.84446 14 1.00000
144.9 30.57671 14 1.00000
145.0 30.60984 14 1.00000
145.1 30.62584 14 1.00000
145.2 30.67478 14 1.00000
145.3 30.68986 14 1.00000
145.4 30.75436 14 1.00000
145.5 30.81561 14 1.00000
145.6 30.56890 14 1.00000
145.7 30.58223 14 1.00000
145.8 30.62915 14 1.00000
145.9 30.66878 14 1.00000
146.0 30.68562 14 1.00000
146.1 30.76194 14 1.00000
146.2 30.82577 14 1.00000
146.3 30.56239 14 1.00000
146.4 30.58199 14 1.00000
146.5 30.62785 14 1.00000
146.6 30.66203 14 1.00000
146.7 30.68614 14 1.00000
146.8 30.75059 14 1.00000
146.9 30.81458 14 1.00000
147.0 30.53577 14 1.00000
147.1 30.58503 14 1.00000
147.2 30.62428 14 1.00000
147.3 30.65522 14 1.00000
147.4 30.68456 14 1.00000
147.5 30.73702 14 1.00000
147.6 30.79905 14 1.00000
147.7 30.86560 14 1.00000
147.8 30.58331 14 1.00000
147.9 30.61895 14 1.00000
148.0 30.63347 14 1.00000
148.1 30.68160 14 1.00000
148.2 30.72272 14 1.00000
148.3 30.78207 14 1.00000
148.4 30.85204 14 1.00000
148.5 30.57896 14 1.00000
148.6 30.61246 14 1.00000
148.7 30.62809 14 1.00000
148.8 30.67695 14 1.00000
148.9 30.70480 14 1.00000
149.0 30.76436 14 1.00000
149.1 30.83068 14 1.00000
149.2 30.57372 14 1.00000
149.3 30.60588 14 1.00000
149.4 30.62763 14 1.00000
149.5 30.67251 14 1.00000
149.6 30.68906 14 1.00000
149.7 30.76103 14 1.00000
149.8 30.81692 14 1.00000
149.9 30.56750 14 1.00000
150.0 30.57898 14 1.00000
150.1 30.62921 14 1.00000
150.2 30.66761 14 1.00000
150.3 30.68567 14 1.00000
150.4 30.76179 14 1.00000
150.5 30.82504 14 1.00000
150.6 30.56302 14 1.00000
150.7 30.58168 14 1.00000
150.8 30.62820 14 1.00000
150.9 30.66308 14 1.00000
151.0 30.68617 14 1.00000
151.1 30.75356 14 1.00000
151.2 30.81721 14 1.00000
151.3 30.54188 14 1.00000
151.4 30.58465 14 1.00000
151.5 30.62589 14 1.00000
151.6 30.65849 14 1.00000
151.7 30.68560 14 1.00000
151.8 30.74469 14 1.00000
151.9 30.80757 14 1.00000
152.0 30.53448 14 1.00000
152.1 30.58486 14 1.00000
152.2 30.62260 14 1.00000
152.3 30.65396 14 1.00000
152.4 30.68395 14 1.00000
152.5 30.73572 14 1.00000
152.6 30.79799 14 1.00000
152.7 30.86506 14 1.00000
152.8 30.58332 14 1.00000
152.9 30.61899 14 1.00000
153.0 30.63661 14 1.00000
153.1 30.68213 14 1.00000
153.2 30.72570 14 1.00000
153.3 30.78793 14 1.00000
153.4 30.85650 14 1.00000
153.5 30.58076 14 1.00000
153.6 30.61541 14 1.00000
153.7 30.62511 14 1.00000
153.8 30.67918 14 1.00000
153.9 30.71583 14 1.00000
154.0 30.77488 14 1.00000
154.1 30.84506 14 1.00000
154.2 30.57789 14 1.00000
154.3 30.61156 14 1.00000
154.4 30.62885 14 1.00000
154.5 30.67698 14 1.00000
154.6 30.70543 14 1.00000
154.7 30.76220 14 1.00000
154.8 30.83384 14 1.00000
154.9 30.57498 14 1.00000
155.0 30.60807 14 1.00000
155.1 30.62646 14 1.00000
155.2 30.67460 14 1.00000
155.3 30.69265 14 1.00000
155.4 30.75275 14 1.00000
155.5 30.82477 14 1.00000
155.6 30.57182 14 1.00000
155.7 30.59969 14 1.00000
155.8 30.62801 14 1.00000
155.9 30.67224 14 1.00000
156.0 30.68903 14 1.00000
156.1 30.75886 14 1.00000
156.2 30.81419 14 1.00000
156.3 30.56878 14 1.00000
156.4 30.58342 14 1.00000
156.5 30.62890 14 1.00000
156.6 30.67033 14 1.00000
156.7 30.68480 14 1.00000
156.8 30.76711 14 1.00000
156.9 30.82162 14 1.00000
157.0 30.56666 14 1.00000
157.1 30.57947 14 1.00000
157.2 30.62920 14 1.00000
157.3 30.66810 14 1.00000
157.4 30.68546 14 1.00000
157.5 30.76439 14 1.00000
157.6 30.82841 14 1.00000
157.7 30.56433 14 1.00000
157.8 30.58171 14 1.00000
157.9 30.62919 14 1.00000
158.0 30.66678 14 1.00000
158.1 30.68577 14 1.00000
158.2 30.76217 14 1.00000
158.3 30.82596 14 1.00000
158.4 30.55337 14 1.00000
158.5 30.57846 14 1.00000
158.6 30.62885 14 1.00000
158.7 30.66563 14 1.00000
158.8 30.68596 14 1.00000
158.9 30.75920 14 1.00000
159.0 30.82461 14 1.00000
159.1 30.56278 14 1.00000
159.2 30.58143 14 1.00000
159.3 30.62850 14 1.00000
159.4 30.66464 14 1.00000
159.5 30.68608 14 1.00000
159.6 30.75770 14 1.00000
159.7 30.82305 14 1.00000
159.8 30.56188 14 1.00000
159.9 30.58190 14 1.00000
160.0 30.62834 14 1.00000
160.1 30.66415 14 1.00000
160.2 30.68612 14 1.00000
160.3 30.75681 14 1.00000
160.4 30.82269 14 1.00000
160.5 30.56158 14 1.00000
160.6 30.58215 14 1.00000
160.7 30.62824 14 1.00000
160.8 30.66385 14 1.00000
160.9 30.68612 14 1.00000
161.0 30.75663 14 1.00000
161.1 30.82263 14 1.00000
161.2 30.56152 14 1.00000
161.3 30.58221 14 1.00000
161.4 30.62832 14 1.00000
161.5 30.66406 14 1.00000
161.6 30.68611 14 1.00000
161.7 30.75707 14 1.00000
161.8 30.82288 14 1.00000
161.9 30.56206 14 1.00000
162.0 30.58180 14 1.00000
162.1 30.62847 14 1.00000
162.2 30.66447 14 1.00000
162.3 30.68608 14 1.00000
162.4 30.75822 14 1.00000
162.5 30.82389 14 1.00000
162.6 30.56284 14 1.00000
162.7 30.58113 14 1.00000
162.8 30.62866 14 1.00000
162.9 30.66538 14 1.00000
163.0 30.68596 14 1.00000
163.1 30.76000 14 1.00000
163.2 30.82563 14 1.00000
163.3 30.55321 14 1.00000
163.4 30.57779 14 1.00000
163.5 30.62900 14 1.00000
163.6 30.66679 14 1.00000
163.7 30.68573 14 1.00000
163.8 30.76277 14 1.00000
163.9 30.82764 14 1.00000
164.0 30.56363 14 1.00000
164.1 30.58109 14 1.00000
164.2 30.62923 14 1.00000
164.3 30.66807 14 1.00000
164.4 30.68534 14 1.00000
164.5 30.76531 14 1.00000
164.6 30.82333 14 1.00000
164.7 30.56652 14 1.00000
164.8 30.57844 14 1.00000
164.9 30.62906 14 1.00000
165.0 30.66982 14 1.00000
165.1 30.68476 14 1.00000
165.2 30.76289 14 1.00000
165.3 30.81584 14 1.00000
165.4 30.56899 14 1.00000
165.5 30.58492 14 1.00000
165.6 30.62850 14 1.00000
165.7 30.67216 14 1.00000
165.8 30.68893 14 1.00000
165.9 30.75465 14 1.00000
166.0 30.82043 14 1.00000
166.1 30.57196 14 1.00000
166.2 30.60532 14 1.00000
166.3 30.62710 14 1.00000
166.4 30.67445 14 1.00000
166.5 30.69444 14 1.00000
166.6 30.76127 14 1.00000
166.7 30.83123 14 1.00000
166.8 30.57559 14 1.00000
166.9 30.60918 14 1.00000
167.0 30.62481 14 1.00000
167.1 30.67711 14 1.00000
167.2 30.70828 14 1.00000
167.3 30.77019 14 1.00000
167.4 30.84437 14 1.00000
167.5 30.57855 14 1.00000
167.6 30.61335 14 1.00000
167.7 30.62546 14 1.00000
167.8 30.67950 14 1.00000
167.9 30.72137 14 1.00000
168.0 30.78601 14 1.00000
168.1 30.85653 14 1.00000
168.2 30.58188 14 1.00000
168.3 30.61813 14 1.00000
168.4 30.63700 14 1.00000
168.5 30.68260 14 1.00000
168.6 30.73100 14 1.00000
168.7 30.79723 14 1.00000
168.8 30.86678 14 1.00000
168.9 30.58415 14 1.00000
169.0 30.62165 14 1.00000
169.1 30.65429 14 1.00000
169.2 30.68452 14 1.00000
169.3 30.74209 14 1.00000
169.4 30.80672 14 1.00000
169.5 30.53706 14 1.00000
169.6 30.58502 14 1.00000
169.7 30.62564 14 1.00000
169.8 30.65922 14 1.00000
169.9 30.68597 14 1.00000
170.0 30.75165 14 1.00000
170.1 30.81660 14 1.00000
170.2 30.54987 14 1.00000
170.3 30.58306 14 1.00000
170.4 30.62819 14 1.00000
170.5 30.66454 14 1.00000
170.6 30.68602 14 1.00000
170.7 30.75989 14 1.00000
170.8 30.82694 14 1.00000
170.9 30.56300 14 1.00000
171.0 30.58041 14 1.00000
171.1 30.62920 14 1.00000
171.2 30.66949 14 1.00000
171.3 30.68470 14 1.00000
171.4 30.75997 14 1.00000
171.5 30.81448 14 1.00000
171.6 30.57058 14 1.00000
171.7 30.59922 14 1.00000
171.8 30.62703 14 1.00000
171.9 30.67472 14 1.00000
172.0 30.69780 14 1.00000
172.1 30.76113 14 1.00000
172.2 30.83862 14 1.00000
172.3 30.57768 14 1.00000
172.4 30.61240 14 1.00000
172.5 30.62664 14 1.00000
172.6 30.67934 14 1.00000
172.7 30.72062 14 1.00000
172.8 30.78868 14 1.00000
172.9 30.85912 14 1.00000
173.0 30.58292 14 1.00000
173.1 30.61989 14 1.00000
173.2 30.64817 14 1.00000
173.3 30.68395 14 1.00000
173.4 30.74015 14 1.00000
173.5 30.80528 14 1.00000
173.6 30.53777 14 1.00000
173.7 30.58501 14 1.00000
173.8 30.62589 14 1.00000
173.9 30.65987 14 1.00000
174.0 30.68608 14 1.00000
174.1 30.75366 14 1.00000
174.2 30.82076 14 1.00000
174.3 30.56205 14 1.00000
174.4 30.58072 14 1.00000
174.5 30.62900 14 1.00000
174.6 30.66718 14 1.00000
174.7 30.68531 14 1.00000
174.8 30.76669 14 1.00000
174.9 30.81635 14 1.00000
175.0 30.56968 14 1.00000
175.1 30.59008 14 1.00000
175.2 30.62764 14 1.00000
175.3 30.67447 14 1.00000
175.4 30.69766 14 1.00000
175.5 30.76363 14 1.00000
175.6 30.84041 14 1.00000
175.7 30.57838 14 1.00000
175.8 30.61400 14 1.00000
175.9 30.62665 14 1.00000
176.0 30.68101 14 1.00000
176.1 30.72731 14 1.00000
176.2 30.79495 14 1.00000
176.3 30.86710 14 1.00000
176.4 30.58430 14 1.00000
176.5 30.62266 14 1.00000
176.6 30.65614 14 1.00000
176.7 30.68530 14 1.00000
176.8 30.74849 14 1.00000
176.9 30.81445 14 1.00000
177.0 30.54715 14 1.00000
177.1 30.58307 14 1.00000
177.2 30.62837 14 1.00000
177.3 30.66586 14 1.00000
177.4 30.68571 14 1.00000
177.5 30.76497 14 1.00000
177.6 30.82071 14 1.00000
177.7 30.56870 14 1.00000
177.8 30.58722 14 1.00000
177.9 30.62780 14 1.00000
178.0 30.67445 14 1.00000
178.1 30.69859 14 1.00000
178.2 30.76464 14 1.00000
178.3 30.84316 14 1.00000
178.4 30.57907 14 1.00000
178.5 30.61540 14 1.00000
178.6 30.63125 14 1.00000
178.7 30.68208 14 1.00000
178.8 30.73200 14 1.00000
178.9 30.80024 14 1.00000
179.0 30.53511 14 1.00000
179.1 30.58499 14 1.00000
179.2 30.62512 14 1.00000
179.3 30.65959 14 1.00000
179.4 30.68606 14 1.00000
179.5 30.75502 14 1.00000
179.6 30.82236 14 1.00000
179.7 30.56358 14 1.00000
179.8 30.58123 14 1.00000
179.9 30.62923 14 1.00000
180.0 30.67022 14 1.00000
180.1 30.68417 14 1.00000
180.2 30.75364 14 1.00000
180.3 30.82376 14 1.00000
180.4 30.57507 14 1.00000
180.5 30.61031 14 1.00000
180.6 30.62773 14 1.00000
180.7 30.67934 14 1.00000
180.8 30.72294 14 1.00000
180.9 30.79183 14 1.00000
181.0 30.86509 14 1.00000
181.1 30.58434 14 1.00000
181.2 30.62271 14 1.00000
181.3 30.65712 14 1.00000
181.4 30.68552 14 1.00000
181.5 30.75114 14 1.00000
181.6 30.81866 14 1.00000
181.7 30.56139 14 1.00000
181.8 30.57806 14 1.00000
181.9 30.62914 14 1.00000
182.0 30.66936 14 1.00000
182.1 30.68444 14 1.00000
182.2 30.75521 14 1.00000
182.3 30.82190 14 1.00000
182.4 30.57457 14 1.00000
182.5 30.61018 14 1.00000
182.6 30.62757 14 1.00000
182.7 30.67945 14 1.00000
182.8 30.72568 14 1.00000
182.9 30.79307 14 1.00000
183.0 30.86650 14 1.00000
183.1 30.58466 14 1.00000
183.2 30.62350 14 1.00000
183.3 30.65847 14 1.00000
183.4 30.68582 14 1.00000
183.5 30.75464 14 1.00000
183.6 30.82290 14 1.00000
183.7 30.55376 14 1.00000
183.8 30.57987 14 1.00000
183.9 30.62920 14 1.00000
184.0 30.67152 14 1.00000
184.1 30.68963 14 1.00000
184.2 30.75939 14 1.00000
184.3 30.83822 14 1.00000
184.4 30.57829 14 1.00000
184.5 30.61477 14 1.00000
184.6 30.63330 14 1.00000
184.7 30.68235 14 1.00000
184.8 30.73522 14 1.00000
184.9 30.80465 14 1.00000
185.0 30.53636 14 1.00000
185.1 30.58448 14 1.00000
185.2 30.62725 14 1.00000
185.3 30.66411 14 1.00000
185.4 30.68589 14 1.00000
185.5 30.76342 14 1.00000
185.6 30.81774 14 1.00000
185.7 30.56952 14 1.00000
185.8 30.60276 14 1.00000
185.9 30.62564 14 1.00000
186.0 30.67720 14 1.00000
186.1 30.71580 14 1.00000
186.2 30.78205 14 1.00000
186.3 30.86109 14 1.00000
186.4 30.58380 14 1.00000
186.5 30.62232 14 1.00000
186.6 30.65722 14 1.00000
186.7 30.68554 14 1.00000
186.8 30.75280 14 1.00000
186.9 30.82238 14 1.00000
187.0 30.55339 14 1.00000
187.1 30.57954 14 1.00000
187.2 30.62918 14 1.00000
187.3 30.67247 14 1.00000
187.4 30.69400 14 1.00000
187.5 30.76050 14 1.00000
187.6 30.84482 14 1.00000
187.7 30.58021 14 1.00000
187.8 30.61731 14 1.00000
187.9 30.64394 14 1.00000
188.0 30.68406 14 1.00000
188.1 30.74474 14 1.00000
188.2 30.81137 14 1.00000
188.3 30.54494 14 1.00000
188.4 30.58195 14 1.00000
188.5 30.62886 14 1.00000
188.6 30.66873 14 1.00000
188.7 30.68436 14 1.00000
188.8 30.75347 14 1.00000
188.9 30.82800 14 1.00000
189.0 30.57627 14 1.00000
189.1 30.61377 14 1.00000
189.2 30.63142 14 1.00000
189.3 30.68224 14 1.00000
189.4 30.73601 14 1.00000
189.5 30.80600 14 1.00000
189.6 30.53389 14 1.00000
189.7 30.58378 14 1.00000
189.8 30.62817 14 1.00000
189.9 30.66670 14 1.00000
190.0 30.68504 14 1.00000
190.1 30.76154 14 1.00000
190.2 30.82448 14 1.00000
190.3 30.57397 14 1.00000
190.4 30.61116 14 1.00000
190.5 30.62537 14 1.00000
190.6 30.68091 14 1.00000
190.7 30.73307 14 1.00000
190.8 30.80386 14 1.00000
190.9 30.53596 14 1.00000
191.0 30.58415 14 1.00000
191.1 30.62788 14 1.00000
191.2 30.66594 14 1.00000
191.3 30.68525 14 1.00000
191.4 30.76350 14 1.00000
191.5 30.82388 14 1.00000
191.6 30.57383 14 1.00000
191.7 30.61102 14 1.00000
191.8 30.62517 14 1.00000
191.9 30.68119 14 1.00000
192.0 30.73411 14 1.00000
192.1 30.80483 14 1.00000
192.2 30.53506 14 1.00000
192.3 30.58377 14 1.00000
192.4 30.62818 14 1.00000
192.5 30.66701 14 1.00000
192.6 30.68484 14 1.00000
192.7 30.75908 14 1.00000
192.8 30.82496 14 1.00000
192.9 30.57589 14 1.00000
193.0 30.61304 14 1.00000
193.1 30.63319 14 1.00000
193.2 30.68249 14 1.00000
193.3 30.73965 14 1.00000
193.4 30.80931 14 1.00000
193.5 30.54075 14 1.00000
193.6 30.58215 14 1.00000
193.7 30.62886 14 1.00000
193.8 30.66958 14 1.00000
193.9 30.68901 14 1.00000
194.0 30.75739 14 1.00000
194.1 30.83994 14 1.00000
194.2 30.57919 14 1.00000
194.3 30.61753 14 1.00000
194.4 30.64653 14 1.00000
194.5 30.68458 14 1.00000
194.6 30.74848 14 1.00000
194.7 30.81724 14 1.00000
194.8 30.56233 14 1.00000
194.9 30.58004 14 1.00000
195.0 30.62910 14 1.00000
195.1 30.67374 14 1.00000
195.2 30.70232 14 1.00000
195.3 30.77460 14 1.00000
195.4 30.85474 14 1.00000
195.5 30.58352 14 1.00000
195.6 30.62256 14 1.00000
195.7 30.65814 14 1.00000
195.8 30.68594 14 1.00000
195.9 30.75823 14 1.00000
196.0 30.82874 14 1.00000
196.1 30.56843 14 1.00000
196.2 30.59493 14 1.00000
196.3 30.62496 14 1.00000
196.4 30.67838 14 1.00000
196.5 30.72462 14 1.00000
196.6 30.79585 14 1.00000
196.7 30.53514 14 1.00000
196.8 30.58492 14 1.00000
196.9 30.62732 14 1.00000
197.0 30.66560 14 1.00000
197.1 30.68520 14 1.00000
197.2 30.76128 14 1.00000
197.3 30.82377 14 1.00000
197.4 30.57620 14 1.00000
197.5 30.61459 14 1.00000
197.6 30.63790 14 1.00000
197.7 30.68356 14 1.00000
197.8 30.74551 14 1.00000
197.9 30.81406 14 1.00000
198.0 30.56125 14 1.00000
198.1 30.58084 14 1.00000
198.2 30.62916 14 1.00000
198.3 30.67345 14 1.00000
198.4 30.70492 14 1.00000
198.5 30.77742 14 1.00000
198.6 30.85802 14 1.00000
198.7 30.58401 14 1.00000
198.8 30.62362 14 1.00000
198.9 30.66011 14 1.00000
199.0 30.68616 14 1.00000
199.1 30.76221 14 1.00000
199.2 30.81751 14 1.00000
199.3 30.57156 14 1.00000
199.4 30.60904 14 1.00000
199.5 30.62598 14 1.00000
199.6 30.68111 14 1.00000
199.7 30.73588 14 1.00000
199.8 30.80766 14 1.00000
199.9 30.54235 14 1.00000
200.0 30.58128 14 1.00000
200.1 30.62914 14 1.00000
200.2 30.67146 14 1.00000
200.3 30.69404 14 1.00000
200.4 30.76831 14 1.00000
200.5 30.85364 14 1.00000
200.6 30.58330 14 1.00000
200.7 30.62271 14 1.00000
200.8 30.65894 14 1.00000
200.9 30.68613 14 1.00000
201.0 30.76129 14 1.00000
201.1 30.81857 14 1.00000
201.2 30.57125 14 1.00000
201.3 30.60843 14 1.00000
201.4 30.62632 14 1.00000
201.5 30.68128 14 1.00000
201.6 30.73657 14 1.00000
201.7 30.80884 14 1.00000
201.8 30.54564 14 1.00000
201.9 30.57882 14 1.00000
202.0 30.62923 14 1.00000
202.1 30.67249 14 1.00000
202.2 30.70086 14 1.00000
202.3 30.77646 14 1.00000
202.4 30.85873 14 1.00000
202.5 30.58435 14 1.00000
202.6 30.62429 14 1.00000
202.7 30.66164 14 1.00000
202.8 30.68597 14 1.00000
202.9 30.76579 14 1.00000
203.0 30.82301 14 1.00000
203.1 30.57438 14 1.00000
203.2 30.61311 14 1.00000
203.3 30.63807 14 1.00000
203.4 30.68399 14 1.00000
203.5 30.74826 14 1.00000
203.6 30.81804 14 1.00000
203.7 30.55498 14 1.00000
203.8 30.58044 14 1.00000
203.9 30.62730 14 1.00000
204.0 30.67674 14 1.00000
204.1 30.72072 14 1.00000
204.2 30.79352 14 1.00000
204.3 30.53907 14 1.00000
204.4 30.58427 14 1.00000
204.5 30.62821 14 1.00000
204.6 30.66817 14 1.00000
204.7 30.68903 14 1.00000
204.8 30.76106 14 1.00000
204.9 30.84870 14 1.00000
205.0 30.58203 14 1.00000
205.1 30.62188 14 1.00000
205.2 30.65848 14 1.00000
205.3 30.68608 14 1.00000
205.4 30.76155 14 1.00000
205.5 30.81620 14 1.00000
205.6 30.57236 14 1.00000
205.7 30.61113 14 1.00000
205.8 30.62969 14 1.00000
205.9 30.68301 14 1.00000
206.0 30.74577 14 1.00000
206.1 30.81536 14 1.00000
206.2 30.56338 14 1.00000
206.3 30.57974 14 1.00000
206.4 30.62739 14 1.00000
206.5 30.67684 14 1.00000
206.6 30.72187 14 1.00000
206.7 30.79698 14 1.00000
206.8 30.53762 14 1.00000
206.9 30.58350 14 1.00000
207.0 30.62871 14 1.00000
207.1 30.66961 14 1.00000
207.2 30.68961 14 1.00000
207.3 30.76811 14 1.00000
207.4 30.85504 14 1.00000
207.5 30.58400 14 1.00000
207.6 30.62403 14 1.00000
207.7 30.66187 14 1.00000
207.8 30.68580 14 1.00000
207.9 30.76597 14 1.00000
208.0 30.82487 14 1.00000
208.1 30.57702 14 1.00000
208.2 30.61705 14 1.00000
208.3 30.65341 14 1.00000
208.4 30.68539 14 1.00000
208.5 30.75565 14 1.00000
208.6 30.82790 14 1.00000
208.7 30.56967 14 1.00000
208.8 30.60748 14 1.00000
208.9 30.62629 14 1.00000
209.0 30.68163 14 1.00000
209.1 30.73974 14 1.00000
209.2 30.81320 14 1.00000
209.3 30.56231 14 1.00000
209.4 30.57752 14 1.00000
209.5 30.62747 14 1.00000
209.6 30.67694 14 1.00000
209.7 30.72305 14 1.00000
209.8 30.79877 14 1.00000
209.9 30.53630 14 1.00000
210.0 30.58254 14 1.00000
210.1 30.62910 14 1.00000
210.2 30.67180 14 1.00000
210.3 30.69895 14 1.00000
210.4 30.77895 14 1.00000
210.5 30.86301 14 1.00000
210.6 30.58502 14 1.00000
210.7 30.62675 14 1.00000
210.8 30.66600 14 1.00000
210.9 30.68447 14 1.00000
211.0 30.75832 14 1.00000
211.1 30.84864 14 1.00000
211.2 30.58206 14 1.00000
211.3 30.62261 14 1.00000
211.4 30.65999 14 1.00000
211.5 30.68610 14 1.00000
211.6 30.76640 14 1.00000
211.7 30.82255 14 1.00000
211.8 30.57653 14 1.00000
211.9 30.61695 14 1.00000
212.0 30.65393 14 1.00000
212.1 30.68562 14 1.00000
212.2 30.75854 14 1.00000
212.3 30.82407 14 1.00000
212.4 30.57177 14 1.00000
212.5 30.61060 14 1.00000
212.6 30.63280 14 1.00000
212.7 30.68386 14 1.00000
212.8 30.75006 14 1.00000
212.9 30.82128 14 1.00000
213.0 30.56679 14 1.00000
213.1 30.60068 14 1.00000
213.2 30.62787 14 1.00000
213.3 30.68121 14 1.00000
213.4 30.73824 14 1.00000
213.5 30.81297 14 1.00000
213.6 30.56278 14 1.00000
213.7 30.58081 14 1.00000
213.8 30.62667 14 1.00000
213.9 30.67865 14 1.00000
214.0 30.72873 14 1.00000
214.1 30.80559 14 1.00000
214.2 30.54624 14 1.00000
214.3 30.57744 14 1.00000
214.4 30.62894 14 1.00000
214.5 30.67564 14 1.00000
214.6 30.71855 14 1.00000
214.7 30.79588 14 1.00000
214.8 30.53626 14 1.00000
214.9 30.58226 14 1.00000
215.0 30.62918 14 1.00000
215.1 30.67282 14 1.00000
215.2 30.70817 14 1.00000
215.3 30.78671 14 1.00000
215.4 30.87002 14 1.00000
215.5 30.58455 14 1.00000
215.6 30.62859 14 1.00000
215.7 30.67024 14 1.00000
215.8 30.69584 14 1.00000
215.9 30.77802 14 1.00000
216.0 30.86355 14 1.00000
216.1 30.58503 14 1.00000
216.2 30.62772 14 1.00000
216.3 30.66811 14 1.00000
216.4 30.68638 14 1.00000
216.5 30.76846 14 1.00000
216.6 30.85737 14 1.00000
216.7 30.58463 14 1.00000
216.8 30.62584 14 1.00000
216.9 30.66612 14 1.00000
217.0 30.68419 14 1.00000
217.1 30.76308 14 1.00000
217.2 30.85311 14 1.00000
217.3 30.58388 14 1.00000
217.4 30.62468 14 1.00000
217.5 30.66438 14 1.00000
217.6 30.68509 14 1.00000
217.7 30.75420 14 1.00000
217.8 30.84966 14 1.00000
217.9 30.58311 14 1.00000
218.0 30.62379 14 1.00000
218.1 30.66211 14 1.00000
218.2 30.68537 14 1.00000
218.3 30.75399 14 1.00000
218.4 30.84190 14 1.00000
218.5 30.58205 14 1.00000
218.6 30.62307 14 1.00000
218.7 30.66140 14 1.00000
218.8 30.68561 14 1.00000
218.9 30.75628 14 1.00000
219.0 30.83704 14 1.00000
219.1 30.58116 14 1.00000
219.2 30.62273 14 1.00000
219.3 30.66097 14 1.00000
219.4 30.68570 14 1.00000
219.5 30.75825 14 1.00000
219.6 30.83558 14 1.00000
219.7 30.58085 14 1.00000
219.8 30.62261 14 1.00000
219.9 30.66084 14 1.00000
220.0 30.68582 14 1.00000
220.1 30.75974 14 1.00000
220.2 30.83603 14 1.00000
220.3 30.58095 14 1.00000
220.4 30.62273 14 1.00000
220.5 30.66100 14 1.00000
220.6 30.68569 14 1.00000
220.7 30.75799 14 1.00000
220.8 30.83755 14 1.00000
220.9 30.58145 14 1.00000
221.0 30.62307 14 1.00000
221.1 30.66144 14 1.00000
221.2 30.68559 14 1.00000
221.3 30.75534 14 1.00000
221.4 30.84242 14 1.00000
221.5 30.58233 14 1.00000
221.6 30.62362 14 1.00000
221.7 30.66217 14 1.00000
221.8 30.68528 14 1.00000
221.9 30.75245 14 1.00000
222.0 30.84937 14 1.00000
222.1 30.58337 14 1.00000
222.2 30.62436 14 1.00000
222.3 30.66395 14 1.00000
222.4 30.68466 14 1.00000
222.5 30.75864 14 1.00000
222.6 30.85358 14 1.00000
222.7 30.58409 14 1.00000
222.8 30.62539 14 1.00000
222.9 30.66619 14 1.00000
223.0 30.68905 14 1.00000
223.1 30.76335 14 1.00000
223.2 30.85781 14 1.00000
223.3 30.58481 14 1.00000
223.4 30.62721 14 1.00000
223.5 30.66809 14 1.00000
223.6 30.68904 14 1.00000
223.7 30.77431 14 1.00000
223.8 30.86300 14 1.00000
223.9 30.58492 14 1.00000
224.0 30.62833 14 1.00000
224.1 30.67028 14 1.00000
224.2 30.69907 14 1.00000
224.3 30.78383 14 1.00000
224.4 30.87010 14 1.00000
224.5 30.58380 14 1.00000
224.6 30.62906 14 1.00000
224.7 30.67285 14 1.00000
224.8 30.71191 14 1.00000
224.9 30.79176 14 1.00000
225.0 30.53566 14 1.00000
225.1 30.58112 14 1.00000
225.2 30.62917 14 1.00000
225.3 30.67543 14 1.00000
225.4 30.72153 14 1.00000
225.5 30.80271 14 1.00000
225.6 30.54479 14 1.00000
225.7 30.58110 14 1.00000
225.8 30.62771 14 1.00000
225.9 30.67856 14 1.00000
226.0 30.73224 14 1.00000
226.1 30.81116 14 1.00000
226.2 30.56267 14 1.00000
226.3 30.58548 14 1.00000
226.4 30.62456 14 1.00000
226.5 30.68136 14 1.00000
226.6 30.74115 14 1.00000
226.7 30.81797 14 1.00000
226.8 30.56694 14 1.00000
226.9 30.60585 14 1.00000
227.0 30.62634 14 1.00000
227.1 30.68373 14 1.00000
227.2 30.75272 14 1.00000
227.3 30.82688 14 1.00000
227.4 30.57156 14 1.00000
227.5 30.61286 14 1.00000
227.6 30.65208 14 1.00000
227.7 30.68563 14 1.00000
227.8 30.76080 14 1.00000
227.9 30.81471 14 1.00000
228.0 30.57611 14 1.00000
228.1 30.61883 14 1.00000
228.2 30.65811 14 1.00000
228.3 30.68616 14 1.00000
228.4 30.76450 14 1.00000
228.5 30.83454 14 1.00000
228.6 30.58188 14 1.00000
228.7 30.62398 14 1.00000
228.8 30.66352 14 1.00000
228.9 30.68452 14 1.00000
229.0 30.76045 14 1.00000
229.1 30.85759 14 1.00000
229.2 30.58496 14 1.00000
229.3 30.62767 14 1.00000
229.4 30.66954 14 1.00000
229.5 30.69703 14 1.00000
229.6 30.78529 14 1.00000
229.7 30.53430 14 1.00000
229.8 30.58240 14 1.00000
229.9 30.62923 14 1.00000
230.0 30.67466 14 1.00000
230.1 30.72140 14 1.00000
230.2 30.80328 14 1.00000
230.3 30.54914 14 1.00000
230.4 30.57919 14 1.00000
230.5 30.62639 14 1.00000
230.6 30.68056 14 1.00000
230.7 30.73892 14 1.00000
230.8 30.81663 14 1.00000
230.9 30.56660 14 1.00000
231.0 30.60585 14 1.00000
231.1 30.62726 14 1.00000
231.2 30.68422 14 1.00000
231.3 30.75450 14 1.00000
231.4 30.82487 14 1.00000
231.5 30.57348 14 1.00000
231.6 30.61575 14 1.00000
231.7 30.65577 14 1.00000
231.8 30.68612 14 1.00000
231.9 30.76668 14 1.00000
232.0 30.83116 14 1.00000
232.1 30.58114 14 1.00000
232.2 30.62375 14 1.00000
232.3 30.66366 14 1.00000
232.4 30.68435 14 1.00000
232.5 30.76367 14 1.00000
232.6 30.85940 14 1.00000
232.7 30.58497 14 1.00000
232.8 30.62860 14 1.00000
232.9 30.67149 14 1.00000
233.0 30.70861 14 1.00000
233.1 30.79226 14 1.00000
233.2 30.53441 14 1.00000
233.3 30.57753 14 1.00000
233.4 30.62824 14 1.00000
233.5 30.67858 14 1.00000
233.6 30.73439 14 1.00000
233.7 30.81368 14 1.00000
233.8 30.56502 14 1.00000
233.9 30.60392 14 1.00000
234.0 30.62485 14 1.00000
234.1 30.68387 14 1.00000
234.2 30.75420 14 1.00000
234.3 30.82355 14 1.00000
234.4 30.57401 14 1.00000
234.5 30.61679 14 1.00000
234.6 30.65685 14 1.00000
234.7 30.68617 14 1.00000
234.8 30.76251 14 1.00000
234.9 30.83960 14 1.00000
235.0 30.58314 14 1.00000
235.1 30.62523 14 1.00000
235.2 30.66679 14 1.00000
235.3 30.68999 14 1.00000
235.4 30.77994 14 1.00000
235.5 30.86947 14 1.00000
235.6 30.58330 14 1.00000
235.7 30.62923 14 1.00000
235.8 30.67540 14 1.00000
235.9 30.72608 14 1.00000
236.0 30.80741 14 1.00000
236.1 30.56225 14 1.00000
236.2 30.58750 14 1.00000
236.3 30.62815 14 1.00000
236.4 30.68254 14 1.00000
236.5 30.75147 14 1.00000
236.6 30.82723 14 1.00000
236.7 30.57248 14 1.00000
236.8 30.61479 14 1.00000
236.9 30.65545 14 1.00000
237.0 30.68615 14 1.00000
237.1 30.76627 14 1.00000
237.2 30.83623 14 1.00000
237.3 30.58290 14 1.00000
237.4 30.62522 14 1.00000
237.5 30.66714 14 1.00000
237.6 30.69175 14 1.00000
237.7 30.78198 14 1.00000
237.8 30.53522 14 1.00000
237.9 30.58196 14 1.00000
238.0 30.62913 14 1.00000
238.1 30.67692 14 1.00000
238.2 30.73032 14 1.00000
238.3 30.81185 14 1.00000
238.4 30.56000 14 1.00000
238.5 30.60306 14 1.00000
238.6 30.62538 14 1.00000
238.7 30.68430 14 1.00000
238.8 30.75611 14 1.00000
238.9 30.81738 14 1.00000
239.0 30.57586 14 1.00000
239.1 30.61952 14 1.00000
239.2 30.66021 14 1.00000
239.3 30.68557 14 1.00000
239.4 30.75823 14 1.00000
239.5 30.85666 14 1.00000
239.6 30.58502 14 1.00000
239.7 30.62853 14 1.00000
239.8 30.67196 14 1.00000
239.9 30.71316 14 1.00000
240.0 30.79826 14 1.00000
240.1 30.54757 14 1.00000
240.2 30.57827 14 1.00000
240.3 30.62519 14 1.00000
240.4 30.68176 14 1.00000
240.5 30.74664 14 1.00000
240.6 30.82509 14 1.00000
240.7 30.57226 14 1.00000
240.8 30.61485 14 1.00000
240.9 30.65563 14 1.00000
241.0 30.68616 14 1.00000
241.1 30.76108 14 1.00000
241.2 30.84293 14 1.00000
241.3 30.58431 14 1.00000
241.4 30.62656 14 1.00000
241.5 30.66955 14 1.00000
241.6 30.70417 14 1.00000
241.7 30.79178 14 1.00000
241.8 30.53607 14 1.00000
241.9 30.58143 14 1.00000
242.0 30.62682 14 1.00000
242.1 30.68094 14 1.00000
242.2 30.74253 14 1.00000
242.3 30.82294 14 1.00000
242.4 30.57060 14 1.00000
242.5 30.61321 14 1.00000
242.6 30.65486 14 1.00000
242.7 30.68614 14 1.00000
242.8 30.76419 14 1.00000
242.9 30.83937 14 1.00000
243.0 30.58405 14 1.00000
243.1 30.62636 14 1.00000
243.2 30.66969 14 1.00000
243.3 30.70488 14 1.00000
243.4 30.79250 14 1.00000
243.5 30.53742 14 1.00000
243.6 30.58099 14 1.00000
243.7 30.62598 14 1.00000
243.8 30.68146 14 1.00000
243.9 30.74490 14 1.00000
244.0 30.82439 14 1.00000
244.1 30.57216 14 1.00000
244.2 30.61515 14 1.00000
244.3 30.65683 14 1.00000
244.4 30.68615 14 1.00000
244.5 30.75545 14 1.00000
244.6 30.85114 14 1.00000
244.7 30.58490 14 1.00000
244.8 30.62818 14 1.00000
244.9 30.67208 14 1.00000
245.0 30.71584 14 1.00000
245.1 30.80061 14 1.00000
245.2 30.55412 14 1.00000
245.3 30.58619 14 1.00000
245.4 30.62778 14 1.00000
245.5 30.68332 14 1.00000
245.6 30.75442 14 1.00000
245.7 30.81894 14 1.00000
245.8 30.57603 14 1.00000
245.9 30.62052 14 1.00000
246.0 30.66152 14 1.00000
246.1 30.68491 14 1.00000
246.2 30.76640 14 1.00000
246.3 30.86382 14 1.00000
246.4 30.58385 14 1.00000
246.5 30.62922 14 1.00000
246.6 30.67654 14 1.00000
246.7 30.73128 14 1.00000
246.8 30.81407 14 1.00000
246.9 30.56697 14 1.00000
247.0 30.60830 14 1.00000
247.1 30.64200 14 1.00000
247.2 30.68579 14 1.00000
247.3 30.76473 14 1.00000
247.4 30.83340 14 1.00000
247.5 30.58308 14 1.00000
247.6 30.62588 14 1.00000
247.7 30.66903 14 1.00000
247.8 30.70200 14 1.00000
247.9 30.79263 14 1.00000
248.0 30.54247 14 1.00000
248.1 30.57938 14 1.00000
248.2 30.62486 14 1.00000
248.3 30.68223 14 1.00000
248.4 30.75204 14 1.00000
248.5 30.82928 14 1.00000
248.6 30.57518 14 1.00000
248.7 30.61958 14 1.00000
248.8 30.66101 14 1.00000
248.9 30.68504 14 1.00000
249.0 30.76720 14 1.00000
249.1 30.86462 14 1.00000
249.2 30.58347 14 1.00000
249.3 30.62918 14 1.00000
249.4 30.67702 14 1.00000
249.5 30.73460 14 1.00000
249.6 30.81704 14 1.00000
249.7 30.56874 14 1.00000
249.8 30.61095 14 1.00000
249.9 30.65415 14 1.00000
250.0 30.68612 14 1.00000
