15.0 1.63445 13 0.06752
15.1 1.64698 13 0.06900
15.2 1.65976 13 0.07051
15.3 1.67232 13 0.07199
15.4 1.68489 13 0.07347
15.5 1.80753 13 0.07989
15.6 1.83652 13 0.08361
15.7 1.86567 13 0.08733
15.8 1.89425 13 0.09099
15.9 1.92357 13 0.09476
16.0 1.95299 13 0.09855
16.1 1.98250 13 0.10235
16.2 2.01135 13 0.10608
16.3 2.04117 13 0.10988
16.4 2.07144 13 0.11379
16.5 2.10128 13 0.11766
16.6 2.13034 13 0.12144
16.7 2.16028 13 0.12535
16.8 2.18941 13 0.12915
16.9 2.21885 13 0.13292
17.0 2.24891 13 0.13687
17.1 2.27808 13 0.14072
17.2 2.30722 13 0.14457
17.3 2.33635 13 0.14844
17.4 2.36692 13 0.15241
17.5 2.39606 13 0.15630
17.6 2.42516 13 0.16020
17.7 2.45422 13 0.16412
17.8 2.48321 13 0.16805
17.9 2.51650 14 0.17197
18.0 2.55568 14 0.17589
18.1 2.59452 14 0.17985
18.2 2.63352 14 0.18383
18.3 2.67261 14 0.18782
18.4 2.71018 14 0.19164
18.5 2.75055 14 0.19560
18.6 2.79003 14 0.19962
18.7 2.82961 14 0.20365
18.8 2.86924 14 0.20769
18.9 2.90965 14 0.21182
19.0 2.94934 14 0.21589
19.1 2.99063 14 0.21991
19.2 3.03059 14 0.22400
19.3 3.06852 14 0.22790
19.4 3.10846 14 0.23200
19.5 3.14837 14 0.23613
19.6 3.18615 14 0.24004
19.7 3.22783 14 0.24413
19.8 3.26773 14 0.24828
19.9 3.30540 14 0.25222
20.0 3.34516 14 0.25639
20.1 3.39349 14 0.26166
20.2 3.45066 14 0.26803
20.3 3.50503 14 0.27405
20.4 3.56440 14 0.28048
20.5 3.61851 14 0.28661
20.6 3.67612 14 0.29320
20.7 3.73015 14 0.29943
20.8 3.78777 14 0.30613
20.9 3.84159 14 0.31246
21.0 3.90221 14 0.31922
21.1 3.95601 14 0.32564
21.2 4.00771 14 0.33258
21.3 4.05254 14 0.33910
21.4 4.09705 14 0.34567
21.5 4.14448 14 0.35279
21.6 4.19144 14 0.35939
21.7 4.23846 14 0.36663
21.8 4.28165 14 0.37339
21.9 4.32436 14 0.38020
22.0 4.42963 14 0.38818
22.1 4.46939 14 0.39458
22.2 4.48145 14 0.39795
22.3 4.49382 14 0.40162
22.4 4.50165 14 0.40507
22.5 4.50601 14 0.40857
22.6 4.45801 14 0.41334
22.7 4.39019 14 0.41821
22.8 4.34384 14 0.42271
22.9 4.27111 14 0.42781
23.0 4.22300 14 0.43278
23.1 4.15351 14 0.43796
23.2 4.08692 14 0.44315
23.3 4.09125 14 0.44662
23.4 4.12133 14 0.44980
23.5 4.15308 14 0.45260
23.6 4.18580 14 0.45540
23.7 4.21956 14 0.45818
23.8 4.25462 14 0.46132
23.9 4.29222 14 0.46406
24.0 4.32647 14 0.46688
24.1 4.36065 14 0.46971
24.2 4.39767 14 0.47290
24.3 4.43376 14 0.47573
24.4 4.47118 14 0.47855
24.5 4.50723 14 0.48140
24.6 4.54415 14 0.48426
24.7 4.58184 14 0.48712
24.8 4.62448 14 0.49032
24.9 4.66348 14 0.49318
25.0 4.69381 14 0.49621
25.1 4.70726 14 0.49951
25.2 4.74494 14 0.50242
25.3 4.60732 14 0.48098
25.4 4.65571 14 0.48501
25.5 4.57225 14 0.48855
25.6 4.58197 14 0.48938
25.7 4.57750 14 0.48900
25.8 4.59675 14 0.49063
25.9 4.60973 14 0.49174
26.0 4.61929 14 0.49255
26.1 4.63631 14 0.49399
26.2 4.64987 14 0.49514
26.3 4.65770 14 0.49580
26.4 4.66880 14 0.49674
26.5 4.68042 14 0.49771
26.6 4.69451 14 0.49890
26.7 4.70201 14 0.49953
26.8 4.72327 14 0.50131
26.9 4.73086 14 0.50195
27.0 4.74330 14 0.50299
27.1 4.76576 14 0.50486
27.2 4.77921 14 0.50598
27.3 4.78452 14 0.50642
27.4 4.79722 14 0.50748
27.5 4.81619 14 0.50905
27.6 4.82531 14 0.50981
27.7 4.83319 14 0.51046
27.8 4.84604 14 0.51152
27.9 4.86375 14 0.51298
28.0 4.87149 14 0.51362
28.1 4.88900 14 0.51506
28.2 4.89666 14 0.51569
28.3 4.90725 14 0.51655
28.4 4.92408 14 0.51793
28.5 4.94045 14 0.51927
28.6 4.95800 14 0.52070
28.7 4.96589 14 0.52134
28.8 4.97527 14 0.52211
28.9 5.00196 14 0.52427
29.0 5.01441 14 0.52528
29.1 5.01798 14 0.52557
29.2 5.03245 14 0.52674
29.3 5.04571 14 0.52781
29.4 5.06326 14 0.52923
29.5 5.07301 14 0.53001
29.6 5.08829 14 0.53124
29.7 5.10423 14 0.53252
29.8 5.11857 14 0.53367
29.9 5.13304 14 0.53482
30.0 5.13919 14 0.53531
30.1 5.16248 14 0.53717
30.2 5.17209 14 0.53794
30.3 5.19269 14 0.53957
30.4 5.20338 14 0.54042
30.5 5.20723 14 0.54073
30.6 5.23398 14 0.54284
30.7 5.24576 14 0.54378
30.8 5.25858 14 0.54479
30.9 5.27116 14 0.54578
31.0 5.28882 14 0.54717
31.1 5.30483 14 0.54843
31.2 5.32262 14 0.54982
31.3 5.33506 14 0.55079
31.4 5.34381 14 0.55148
31.5 5.36445 14 0.55309
31.6 5.38318 14 0.55455
31.7 5.39005 14 0.55508
31.8 5.40625 14 0.55634
31.9 5.41765 14 0.55723
32.0 5.43728 14 0.55875
32.1 5.44686 14 0.55949
32.2 5.46173 14 0.56064
32.3 5.47414 14 0.56160
32.4 5.48827 14 0.56269
32.5 5.50185 14 0.56373
32.6 5.51752 14 0.56494
32.7 5.53046 14 0.56593
32.8 5.54253 14 0.56685
32.9 5.55498 14 0.56781
33.0 5.57327 14 0.56920
33.1 5.58629 14 0.57020
33.2 5.59983 14 0.57123
33.3 5.61259 14 0.57220
33.4 5.62146 14 0.57288
33.5 5.64586 14 0.57473
33.6 5.65744 14 0.57561
33.7 5.66004 14 0.57580
33.8 5.67164 14 0.57668
33.9 5.68827 14 0.57794
34.0 5.70192 14 0.57897
34.1 5.71567 14 0.58000
34.2 5.72708 14 0.58086
34.3 5.74134 14 0.58193
34.4 5.75321 14 0.58283
34.5 5.76807 14 0.58394
34.6 5.78269 14 0.58504
34.7 5.79143 14 0.58569
34.8 5.81389 14 0.58737
34.9 5.82195 14 0.58797
35.0 5.83588 14 0.58901
35.1 5.84522 14 0.58970
35.2 5.85968 14 0.59078
35.3 5.87545 14 0.59195
35.4 5.88243 14 0.59247
35.5 5.89735 14 0.59357
35.6 5.90551 14 0.59418
35.7 5.92540 14 0.59565
35.8 5.93750 14 0.59654
35.9 5.94441 14 0.59705
36.0 5.96803 14 0.59879
36.1 5.98362 14 0.59993
36.2 5.99863 14 0.60104
36.3 6.00965 14 0.60184
36.4 6.03019 14 0.60335
36.5 6.04411 14 0.60437
36.6 6.04304 14 0.60429
36.7 6.05569 14 0.60521
36.8 6.07394 14 0.60654
36.9 6.09654 14 0.60819
37.0 6.10669 14 0.60893
37.1 6.11590 14 0.60959
37.2 6.13274 14 0.61082
37.3 6.13799 14 0.61120
37.4 6.15513 14 0.61244
37.5 6.15818 14 0.61266
37.6 6.17146 14 0.61362
37.7 6.18226 14 0.61440
37.8 6.18844 14 0.61484
37.9 6.20394 14 0.61595
38.0 6.21771 14 0.61693
38.1 6.23997 14 0.61850
38.2 6.24243 14 0.61867
38.3 6.25484 14 0.61954
38.4 6.27558 14 0.62100
38.5 6.27931 14 0.62126
38.6 6.29490 14 0.62236
38.7 6.31278 14 0.62361
38.8 6.31148 14 0.62352
38.9 6.32046 14 0.62414
39.0 6.34404 14 0.62579
39.1 6.35327 14 0.62644
39.2 6.35460 14 0.62653
39.3 6.36566 14 0.62730
39.4 6.38939 14 0.62895
39.5 6.40880 14 0.63030
39.6 6.41998 14 0.63108
39.7 6.42538 14 0.63145
39.8 6.44147 14 0.63257
39.9 6.46160 14 0.63396
40.0 6.45844 14 0.63374
40.1 6.48952 14 0.63588
40.2 6.49226 14 0.63607
40.3 6.50349 14 0.63685
40.4 6.52077 14 0.63804
40.5 6.52419 14 0.63827
40.6 6.54299 14 0.63956
40.7 6.55603 14 0.64045
40.8 6.56467 14 0.64105
40.9 6.58438 14 0.64239
41.0 6.59141 14 0.64287
41.1 6.61016 14 0.64415
41.2 6.61490 14 0.64448
41.3 6.63190 14 0.64563
41.4 6.63585 14 0.64590
41.5 6.63791 14 0.64604
41.6 6.65869 14 0.64746
41.7 6.67884 14 0.64882
41.8 6.67695 14 0.64869
41.9 6.69485 14 0.64991
42.0 6.70668 14 0.65071
42.1 6.72008 14 0.65161
42.2 6.74004 14 0.65296
42.3 6.73562 14 0.65266
42.4 6.76095 14 0.65437
42.5 6.76008 14 0.65431
42.6 6.78436 14 0.65594
42.7 6.79008 14 0.65632
42.8 6.80505 14 0.65733
42.9 6.81133 14 0.65775
43.0 6.81776 14 0.65818
43.1 6.82235 14 0.65849
43.2 6.83056 14 0.65904
43.3 6.83629 14 0.65942
43.4 6.84456 14 0.65997
43.5 6.86645 14 0.66143
43.6 6.89334 14 0.66323
43.7 6.90055 14 0.66371
43.8 6.91543 14 0.66470
43.9 6.92214 14 0.66514
44.0 6.93858 14 0.66623
44.1 6.95831 14 0.66754
44.2 6.96640 14 0.66808
44.3 6.97417 14 0.66859
44.4 6.98698 14 0.66944
44.5 6.99643 14 0.67006
44.6 7.01394 14 0.67122
44.7 7.02743 14 0.67211
44.8 7.03888 14 0.67286
44.9 7.04709 14 0.67340
45.0 7.04299 14 0.67313
45.1 7.06415 14 0.67452
45.2 7.07528 14 0.67525
45.3 7.08460 14 0.67586
45.4 7.10132 14 0.67696
45.5 7.10750 14 0.67736
45.6 7.12434 14 0.67846
45.7 7.13060 14 0.67887
45.8 7.15252 14 0.68030
45.9 7.15768 14 0.68064
46.0 7.16139 14 0.68088
46.1 7.16917 14 0.68139
46.2 7.17940 14 0.68205
46.3 7.18970 14 0.68272
46.4 7.20920 14 0.68399
46.5 7.21382 14 0.68429
46.6 7.23038 14 0.68536
46.7 7.23312 14 0.68554
46.8 7.24875 14 0.68655
46.9 7.25121 14 0.68671
47.0 7.26849 14 0.68783
47.1 7.23703 14 0.68579
47.2 7.22263 14 0.68486
47.3 7.20273 14 0.68357
47.4 7.19704 14 0.68320
47.5 7.15133 14 0.68023
47.6 7.12433 14 0.67846
47.7 7.11358 14 0.67776
47.8 7.09830 14 0.67676
47.9 7.07203 14 0.67504
48.0 7.06020 14 0.67426
48.1 7.04201 14 0.67307
48.2 7.01852 14 0.67152
48.3 7.01647 14 0.67138
48.4 6.99186 14 0.66976
48.5 6.97748 14 0.66881
48.6 6.92792 14 0.66553
48.7 6.92087 14 0.66506
48.8 6.91038 14 0.66436
48.9 6.91147 14 0.66443
49.0 6.90923 14 0.66428
49.1 6.90296 14 0.66387
49.2 6.89745 14 0.66350
49.3 6.88366 14 0.66258
49.4 6.88459 14 0.66264
49.5 6.87015 14 0.66168
49.6 6.86988 14 0.66166
49.7 6.87196 14 0.66180
49.8 6.86142 14 0.66110
49.9 6.85294 14 0.66053
50.0 6.84593 14 0.66006
50.1 6.84370 14 0.65991
50.2 6.83792 14 0.65953
50.3 6.82830 14 0.65888
50.4 6.83034 14 0.65902
50.5 6.81329 14 0.65788
50.6 6.82036 14 0.65835
50.7 6.77831 14 0.65553
50.8 6.74012 14 0.65296
50.9 6.73392 14 0.65255
51.0 6.74866 14 0.65354
51.1 6.74434 14 0.65325
51.2 6.72330 14 0.65183
51.3 6.74110 14 0.65303
51.4 6.78521 14 0.65600
51.5 6.81095 14 0.65772
51.6 6.83006 14 0.65900
51.7 6.83305 14 0.65920
51.8 6.85093 14 0.66040
51.9 6.85960 14 0.66098
52.0 6.88618 14 0.66275
52.1 6.90194 14 0.66380
52.2 6.91617 14 0.66475
52.3 6.93200 14 0.66580
52.4 6.94819 14 0.66687
52.5 6.97540 14 0.66867
52.6 7.01953 14 0.67159
52.7 7.04607 14 0.67333
52.8 7.07346 14 0.67513
52.9 7.10187 14 0.67699
53.0 7.13402 14 0.67910
53.1 7.15667 14 0.68057
53.2 7.15952 14 0.68076
53.3 7.18313 14 0.68230
53.4 7.22341 14 0.68491
53.5 7.24445 14 0.68627
53.6 7.26369 14 0.68752
53.7 7.27694 14 0.68837
53.8 7.28871 14 0.68913
53.9 7.30438 14 0.69014
54.0 7.32867 14 0.69170
54.1 7.34092 14 0.69249
54.2 7.36113 14 0.69379
54.3 7.39002 14 0.69564
54.4 7.41532 14 0.69726
54.5 7.45892 14 0.70004
54.6 7.45133 14 0.69955
54.7 7.48551 14 0.70173
54.8 7.52415 14 0.70418
54.9 7.55135 14 0.70590
55.0 7.57606 14 0.70746
55.1 7.60071 14 0.70902
55.2 7.59852 14 0.70888
55.3 7.61789 14 0.71010
55.4 7.64787 14 0.71198
55.5 7.67214 14 0.71351
55.6 7.70241 14 0.71540
55.7 7.72260 14 0.71666
55.8 7.73996 14 0.71775
55.9 7.75537 14 0.71871
56.0 7.75459 14 0.71866
56.1 7.77532 14 0.71995
56.2 7.78479 14 0.72054
56.3 7.80013 14 0.72149
56.4 7.83212 14 0.72347
56.5 7.85905 14 0.72514
56.6 7.88697 14 0.72686
56.7 7.92955 14 0.72948
56.8 7.96196 14 0.73147
56.9 7.99165 14 0.73329
57.0 8.02013 14 0.73503
57.1 8.04207 14 0.73637
57.2 8.06749 14 0.73793
57.3 8.09536 14 0.73962
57.4 8.11039 14 0.74054
57.5 8.11044 14 0.74054
57.6 8.16144 14 0.74363
57.7 8.18988 14 0.74535
57.8 8.20265 14 0.74612
57.9 8.21997 14 0.74717
58.0 8.23818 14 0.74827
58.1 8.25624 14 0.74935
58.2 8.26119 14 0.74965
58.3 8.29037 14 0.75140
58.4 8.30592 14 0.75233
58.5 8.33899 14 0.75431
58.6 8.35892 14 0.75551
58.7 8.38719 14 0.75719
58.8 8.42607 14 0.75951
58.9 8.46821 14 0.76201
59.0 8.46668 14 0.76192
59.1 8.49147 14 0.76339
59.2 8.51463 14 0.76476
59.3 8.55358 14 0.76705
59.4 8.57980 14 0.76860
59.5 8.59901 14 0.76973
59.6 8.62765 14 0.77141
59.7 8.66367 14 0.77352
59.8 8.69057 14 0.77509
59.9 8.71944 14 0.77678
60.0 8.73561 14 0.77772
60.1 8.75371 14 0.77877
60.2 8.76174 14 0.77924
60.3 8.78852 14 0.78080
60.4 8.80853 14 0.78196
60.5 8.79544 14 0.78120
60.6 8.82386 14 0.78285
60.7 8.84324 14 0.78397
60.8 8.87043 14 0.78554
60.9 8.90847 14 0.78774
61.0 8.93524 14 0.78928
61.1 8.96118 14 0.79077
61.2 9.00718 14 0.79341
61.3 9.03339 14 0.79491
61.4 9.06234 14 0.79657
61.5 9.09836 14 0.79862
61.6 9.12358 14 0.80006
61.7 9.15129 14 0.80163
61.8 9.17008 14 0.80270
61.9 9.19900 14 0.80434
62.0 9.19495 14 0.80411
62.1 9.24217 14 0.80678
62.2 9.25803 14 0.80767
62.3 9.28904 14 0.80942
62.4 9.30536 14 0.81034
62.5 9.31093 14 0.81065
62.6 9.33984 14 0.81227
62.7 9.36271 14 0.81356
62.8 9.37467 14 0.81423
62.9 9.38477 14 0.81479
63.0 9.42257 14 0.81691
63.1 9.45695 14 0.81882
63.2 9.48460 14 0.82036
63.3 9.51743 14 0.82219
63.4 9.54432 14 0.82368
63.5 9.53758 14 0.82331
63.6 9.56872 14 0.82504
63.7 9.61092 14 0.82737
63.8 9.64244 14 0.82911
63.9 9.67346 14 0.83082
64.0 9.69465 14 0.83199
64.1 9.72624 14 0.83373
64.2 9.74404 14 0.83470
64.3 9.78126 14 0.83674
64.4 9.80458 14 0.83802
64.5 9.81528 14 0.83860
64.6 9.87136 14 0.84166
64.7 9.90662 14 0.84358
64.8 9.91419 14 0.84399
64.9 9.93697 14 0.84523
65.0 9.93193 14 0.84495
65.1 9.94974 14 0.84592
65.2 9.97189 14 0.84712
65.3 9.98588 14 0.84788
65.4 10.00369 14 0.84884
65.5 10.02762 14 0.85013
65.6 10.06050 14 0.85191
65.7 10.09419 14 0.85372
65.8 10.11832 14 0.85502
65.9 10.15635 14 0.85705
66.0 10.18456 14 0.85857
66.1 10.22372 14 0.86066
66.2 10.25088 14 0.86211
66.3 10.28262 14 0.86380
66.4 10.31055 14 0.86528
66.5 10.35320 14 0.86755
66.6 10.33880 14 0.86678
66.7 10.37113 14 0.86850
66.8 10.39840 14 0.86994
66.9 10.41656 14 0.87090
67.0 10.44854 14 0.87259
67.1 10.47161 14 0.87381
67.2 10.48098 14 0.87430
67.3 10.53283 14 0.87703
67.4 10.57755 14 0.87938
67.5 10.58378 14 0.87971
67.6 10.60915 14 0.88103
67.7 10.61734 14 0.88146
67.8 10.64919 14 0.88313
67.9 10.66139 14 0.88377
68.0 10.68785 14 0.88515
68.1 10.69349 14 0.88544
68.2 10.69681 14 0.88561
68.3 10.72873 14 0.88727
68.4 10.76494 14 0.88916
68.5 10.79827 14 0.89088
68.6 10.81995 14 0.89201
68.7 10.85815 14 0.89398
68.8 10.88628 14 0.89544
68.9 10.92790 14 0.89758
69.0 10.96246 14 0.89936
69.1 10.99617 14 0.90109
69.2 11.02746 14 0.90269
69.3 11.05975 14 0.90435
69.4 11.07857 14 0.90531
69.5 11.11670 14 0.90725
69.6 11.14270 14 0.90858
69.7 11.16746 14 0.90984
69.8 11.14479 14 0.90868
69.9 11.17798 14 0.91037
70.0 11.20231 14 0.91161
70.1 11.25346 14 0.91420
70.2 11.26624 14 0.91485
70.3 11.29529 14 0.91632
70.4 11.32255 14 0.91769
70.5 11.33687 14 0.91842
70.6 11.36251 14 0.91971
70.7 11.38351 14 0.92077
70.8 11.39683 14 0.92144
70.9 11.41297 14 0.92225
71.0 11.44539 14 0.92388
71.1 11.48507 14 0.92587
71.2 11.52133 14 0.92769
71.3 11.55388 14 0.92932
71.4 11.57925 14 0.93058
71.5 11.56717 14 0.92998
71.6 11.58559 14 0.93090
71.7 11.62183 14 0.93270
71.8 11.64585 14 0.93390
71.9 11.69061 14 0.93612
72.0 11.72661 14 0.93791
72.1 11.75861 14 0.93949
72.2 11.79836 14 0.94146
72.3 11.83304 14 0.94317
72.4 11.86452 14 0.94472
72.5 11.82889 14 0.94296
72.6 11.86114 14 0.94455
72.7 11.88749 14 0.94585
72.8 11.90401 14 0.94666
72.9 11.93636 14 0.94825
73.0 11.96349 14 0.94958
73.1 11.93697 14 0.94828
73.2 11.96819 14 0.94981
73.3 11.99370 14 0.95106
73.4 12.04220 14 0.95343
73.5 12.04055 14 0.95335
73.6 12.10265 14 0.95637
73.7 12.11683 14 0.95706
73.8 12.13087 14 0.95775
73.9 12.14347 14 0.95836
74.0 12.17888 14 0.96008
74.1 12.19902 14 0.96105
74.2 12.21874 14 0.96201
74.3 12.24174 14 0.96312
74.4 12.28103 14 0.96502
74.5 12.31795 14 0.96680
74.6 12.35401 14 0.96854
74.7 12.38623 14 0.97009
74.8 12.41943 14 0.97168
74.9 12.39320 14 0.97042
75.0 12.42460 14 0.97193
75.1 12.43912 14 0.97263
75.2 12.47805 14 0.97449
75.3 12.51158 14 0.97610
75.4 12.55957 14 0.97839
75.5 12.59558 14 0.98011
75.6 12.62664 14 0.98159
75.7 12.66532 14 0.98343
75.8 12.68573 14 0.98440
75.9 12.72481 14 0.98625
76.0 12.75290 14 0.98758
76.1 12.76192 14 0.98801
76.2 12.79719 14 0.98967
76.3 12.82458 14 0.99097
76.4 12.84933 14 0.99213
76.5 12.86841 14 0.99303
76.6 12.85148 14 0.99223
76.7 12.87490 14 0.99334
76.8 12.90161 14 0.99459
76.9 12.96485 14 0.99756
77.0 12.97810 14 0.99819
77.1 12.99759 14 0.99910
77.2 13.01593 14 0.99996
77.3 13.02249 14 1.00000
77.4 13.03093 14 1.00000
77.5 13.04387 14 1.00000
77.6 13.05069 14 1.00000
77.7 13.07298 14 1.00000
77.8 13.08837 14 1.00000
77.9 13.10684 14 1.00000
78.0 13.12304 14 1.00000
78.1 13.13438 14 1.00000
78.2 13.15222 14 1.00000
78.3 13.16616 14 1.00000
78.4 13.15198 14 1.00000
78.5 13.16586 14 1.00000
78.6 13.17904 14 1.00000
78.7 13.19104 14 1.00000
78.8 13.21217 14 1.00000
78.9 13.22906 14 1.00000
79.0 13.24528 14 1.00000
79.1 13.25310 14 1.00000
79.2 13.27385 14 1.00000
79.3 13.28802 14 1.00000
79.4 13.29799 14 1.00000
79.5 13.31330 14 1.00000
79.6 13.32185 14 1.00000
79.7 13.33449 14 1.00000
79.8 13.34486 14 1.00000
79.9 13.35353 14 1.00000
80.0 13.36063 14 1.00000
80.1 13.37606 14 1.00000
80.2 13.38799 14 1.00000
80.3 13.37981 14 1.00000
80.4 13.38910 14 1.00000
80.5 13.41330 14 1.00000
80.6 13.41793 14 1.00000
80.7 13.42147 14 1.00000
80.8 13.43262 14 1.00000
80.9 13.44831 14 1.00000
81.0 13.45789 14 1.00000
81.1 13.46708 14 1.00000
81.2 13.47432 14 1.00000
81.3 13.49462 14 1.00000
81.4 13.51240 14 1.00000
81.5 13.52814 14 1.00000
81.6 13.53928 14 1.00000
81.7 13.55934 14 1.00000
81.8 13.56639 14 1.00000
81.9 13.58446 14 1.00000
82.0 13.59855 14 1.00000
82.1 13.58058 14 1.00000
82.2 13.59543 14 1.00000
82.3 13.60694 14 1.00000
82.4 13.61467 14 1.00000
82.5 13.64056 14 1.00000
82.6 13.65693 14 1.00000
82.7 13.67459 14 1.00000
82.8 13.66909 14 1.00000
82.9 13.68393 14 1.00000
83.0 13.69627 14 1.00000
83.1 13.70885 14 1.00000
83.2 13.72486 14 1.00000
83.3 13.75443 14 1.00000
83.4 13.76219 14 1.00000
83.5 13.77400 14 1.00000
83.6 13.78442 14 1.00000
83.7 13.79405 14 1.00000
83.8 13.79863 14 1.00000
83.9 13.82141 14 1.00000
84.0 13.82695 14 1.00000
84.1 13.81149 14 1.00000
84.2 13.82425 14 1.00000
84.3 13.84987 14 1.00000
84.4 13.85732 14 1.00000
84.5 13.86457 14 1.00000
84.6 13.87366 14 1.00000
84.7 13.88376 14 1.00000
84.8 13.89324 14 1.00000
84.9 13.90267 14 1.00000
85.0 13.91226 14 1.00000
85.1 13.92128 14 1.00000
85.2 13.94095 14 1.00000
85.3 13.95702 14 1.00000
85.4 13.96974 14 1.00000
85.5 13.99154 14 1.00000
85.6 14.00226 14 1.00000
85.7 14.02049 14 1.00000
85.8 14.03405 14 1.00000
85.9 14.04040 14 1.00000
86.0 14.02772 14 1.00000
86.1 14.03604 14 1.00000
86.2 14.04734 14 1.00000
86.3 14.06608 14 1.00000
86.4 14.07794 14 1.00000
86.5 14.09256 14 1.00000
86.6 14.11716 14 1.00000
86.7 14.11432 14 1.00000
86.8 14.12121 14 1.00000
86.9 14.13593 14 1.00000
87.0 14.14941 14 1.00000
87.1 14.16035 14 1.00000
87.2 14.17014 14 1.00000
87.3 14.19061 14 1.00000
87.4 14.21924 14 1.00000
87.5 14.22378 14 1.00000
87.6 14.23649 14 1.00000
87.7 14.24725 14 1.00000
87.8 14.25690 14 1.00000
87.9 14.26084 14 1.00000
88.0 14.28217 14 1.00000
88.1 14.26041 14 1.00000
88.2 14.27059 14 1.00000
88.3 14.28496 14 1.00000
88.4 14.31266 14 1.00000
88.5 14.31123 14 1.00000
88.6 14.32477 14 1.00000
88.7 14.33357 14 1.00000
88.8 14.33922 14 1.00000
88.9 14.34379 14 1.00000
89.0 14.35510 14 1.00000
89.1 14.36772 14 1.00000
89.2 14.38096 14 1.00000
89.3 14.39797 14 1.00000
89.4 14.41233 14 1.00000
89.5 14.43071 14 1.00000
89.6 14.44581 14 1.00000
89.7 14.45555 14 1.00000
89.8 14.47581 14 1.00000
89.9 14.48564 14 1.00000
90.0 14.50422 14 1.00000
90.1 14.47925 14 1.00000
90.2 14.49118 14 1.00000
90.3 14.50764 14 1.00000
90.4 14.52087 14 1.00000
90.5 14.53329 14 1.00000
90.6 14.54503 14 1.00000
90.7 14.55352 14 1.00000
90.8 14.56562 14 1.00000
90.9 14.57548 14 1.00000
91.0 14.58645 14 1.00000
91.1 14.59657 14 1.00000
91.2 14.60814 14 1.00000
91.3 14.61880 14 1.00000
91.4 14.63176 14 1.00000
91.5 14.64790 14 1.00000
91.6 14.65764 14 1.00000
91.7 14.67521 14 1.00000
91.8 14.68633 14 1.00000
91.9 14.71254 14 1.00000
92.0 14.72401 14 1.00000
92.1 14.73250 14 1.00000
92.2 14.73325 14 1.00000
92.3 14.72452 14 1.00000
92.4 14.73339 14 1.00000
92.5 14.73766 14 1.00000
92.6 14.74828 14 1.00000
92.7 14.76159 14 1.00000
92.8 14.77534 14 1.00000
92.9 14.79774 14 1.00000
93.0 14.80769 14 1.00000
93.1 14.81492 14 1.00000
93.2 14.82340 14 1.00000
93.3 14.83230 14 1.00000
93.4 14.83432 14 1.00000
93.5 14.84749 14 1.00000
93.6 14.85931 14 1.00000
93.7 14.86313 14 1.00000
93.8 14.87951 14 1.00000
93.9 14.89637 14 1.00000
94.0 14.91545 14 1.00000
94.1 14.93390 14 1.00000
94.2 14.94657 14 1.00000
94.3 14.95816 14 1.00000
94.4 14.97888 14 1.00000
94.5 14.94505 14 1.00000
94.6 14.96021 14 1.00000
94.7 14.97765 14 1.00000
94.8 14.98412 14 1.00000
94.9 15.00559 14 1.00000
95.0 15.02016 14 1.00000
95.1 15.03265 14 1.00000
95.2 15.04431 14 1.00000
95.3 15.05360 14 1.00000
95.4 15.05863 14 1.00000
95.5 15.07535 14 1.00000
95.6 15.08048 14 1.00000
95.7 15.09292 14 1.00000
95.8 15.10166 14 1.00000
95.9 15.11482 14 1.00000
96.0 15.12720 14 1.00000
96.1 15.13920 14 1.00000
96.2 15.15065 14 1.00000
96.3 15.16595 14 1.00000
96.4 15.17689 14 1.00000
96.5 15.18932 14 1.00000
96.6 15.19912 14 1.00000
96.7 15.17472 14 1.00000
96.8 15.18680 14 1.00000
96.9 15.19710 14 1.00000
97.0 15.22798 14 1.00000
97.1 15.23713 14 1.00000
97.2 15.23673 14 1.00000
97.3 15.25032 14 1.00000
97.4 15.26230 14 1.00000
97.5 15.26688 14 1.00000
97.6 15.27951 14 1.00000
97.7 15.29280 14 1.00000
97.8 15.32087 14 1.00000
97.9 15.32459 14 1.00000
98.0 15.33159 14 1.00000
98.1 15.34138 14 1.00000
98.2 15.35058 14 1.00000
98.3 15.35211 14 1.00000
98.4 15.36650 14 1.00000
98.5 15.37739 14 1.00000
98.6 15.38694 14 1.00000
98.7 15.40300 14 1.00000
98.8 15.41734 14 1.00000
98.9 15.42768 14 1.00000
99.0 15.45040 14 1.00000
99.1 15.41298 14 1.00000
99.2 15.42953 14 1.00000
99.3 15.44388 14 1.00000
99.4 15.45349 14 1.00000
99.5 15.47400 14 1.00000
99.6 15.48976 14 1.00000
99.7 15.50123 14 1.00000
99.8 15.51996 14 1.00000
99.9 15.52776 14 1.00000
100.0 15.54637 14 1.00000
100.1 15.53197 14 1.00000
100.2 15.54356 14 1.00000
100.3 15.58186 14 1.00000
100.4 15.58726 14 1.00000
100.5 15.60318 14 1.00000
100.6 15.61135 14 1.00000
100.7 15.60810 14 1.00000
100.8 15.62217 14 1.00000
100.9 15.63485 14 1.00000
101.0 15.64695 14 1.00000
101.1 15.65877 14 1.00000
101.2 15.67061 14 1.00000
101.3 15.68232 14 1.00000
101.4 15.65207 14 1.00000
101.5 15.66375 14 1.00000
101.6 15.67545 14 1.00000
101.7 15.68700 14 1.00000
101.8 15.69804 14 1.00000
101.9 15.70824 14 1.00000
102.0 15.72143 14 1.00000
102.1 15.73294 14 1.00000
102.2 15.74048 14 1.00000
102.3 15.77278 14 1.00000
102.4 15.78424 14 1.00000
102.5 15.79135 14 1.00000
102.6 15.79364 14 1.00000
102.7 15.80774 14 1.00000
102.8 15.81594 14 1.00000
102.9 15.82468 14 1.00000
103.0 15.83381 14 1.00000
103.1 15.86677 14 1.00000
103.2 15.86544 14 1.00000
103.3 15.86663 14 1.00000
103.4 15.87598 14 1.00000
103.5 15.88853 14 1.00000
103.6 15.89769 14 1.00000
103.7 15.90054 14 1.00000
103.8 15.91498 14 1.00000
103.9 15.88869 14 1.00000
104.0 15.89993 14 1.00000
104.1 15.89958 14 1.00000
104.2 15.91548 14 1.00000
104.3 15.92580 14 1.00000
104.4 15.93728 14 1.00000
104.5 15.95295 14 1.00000
104.6 15.96748 14 1.00000
104.7 15.97669 14 1.00000
104.8 15.99704 14 1.00000
104.9 16.01247 14 1.00000
105.0 16.02604 14 1.00000
105.1 16.03534 14 1.00000
105.2 16.05918 14 1.00000
105.3 16.07153 14 1.00000
105.4 16.05610 14 1.00000
105.5 16.07203 14 1.00000
105.6 16.08546 14 1.00000
105.7 16.08802 14 1.00000
105.8 16.09925 14 1.00000
105.9 16.11964 14 1.00000
106.0 16.12885 14 1.00000
106.1 16.13585 14 1.00000
106.2 16.14960 14 1.00000
106.3 16.18639 14 1.00000
106.4 16.18060 14 1.00000
106.5 16.13593 14 1.00000
106.6 16.14976 14 1.00000
106.7 16.18636 14 1.00000
106.8 16.18047 14 1.00000
106.9 16.19221 14 1.00000
107.0 16.20341 14 1.00000
107.1 16.20989 14 1.00000
107.2 16.22026 14 1.00000
107.3 16.23319 14 1.00000
107.4 16.24914 14 1.00000
107.5 16.26038 14 1.00000
107.6 16.27144 14 1.00000
107.7 16.28213 14 1.00000
107.8 16.29138 14 1.00000
107.9 16.29778 14 1.00000
108.0 16.31047 14 1.00000
108.1 16.31736 14 1.00000
108.2 16.35713 14 1.00000
108.3 16.36293 14 1.00000
108.4 16.37218 14 1.00000
108.5 16.37790 14 1.00000
108.6 16.38615 14 1.00000
108.7 16.39644 14 1.00000
108.8 16.40255 14 1.00000
108.9 16.40589 14 1.00000
109.0 16.44635 14 1.00000
109.1 16.39434 14 1.00000
109.2 16.40236 14 1.00000
109.3 16.40623 14 1.00000
109.4 16.44506 14 1.00000
109.5 16.44959 14 1.00000
109.6 16.45523 14 1.00000
109.7 16.45665 14 1.00000
109.8 16.46846 14 1.00000
109.9 16.47901 14 1.00000
110.0 16.36212 14 1.00000
110.1 16.36885 14 1.00000
110.2 16.37041 14 1.00000
110.3 16.38496 14 1.00000
110.4 16.38612 14 1.00000
110.5 16.40164 14 1.00000
110.6 16.40667 14 1.00000
110.7 16.44459 14 1.00000
110.8 16.44916 14 1.00000
110.9 16.45564 14 1.00000
111.0 16.46018 14 1.00000
111.1 16.46833 14 1.00000
111.2 16.48051 14 1.00000
111.3 16.36296 14 1.00000
111.4 16.37027 14 1.00000
111.5 16.37337 14 1.00000
111.6 16.38611 14 1.00000
111.7 16.39543 14 1.00000
111.8 16.35829 14 1.00000
111.9 16.37288 14 1.00000
112.0 16.38361 14 1.00000
112.1 16.38290 14 1.00000
112.2 16.40115 14 1.00000
112.3 16.40718 14 1.00000
112.4 16.43797 14 1.00000
112.5 16.44923 14 1.00000
112.6 16.45563 14 1.00000
112.7 16.45918 14 1.00000
112.8 16.46779 14 1.00000
112.9 16.48125 14 1.00000
113.0 16.36317 14 1.00000
113.1 16.37160 14 1.00000
113.2 16.38028 14 1.00000
113.3 16.38602 14 1.00000
113.4 16.39801 14 1.00000
113.5 16.40056 14 1.00000
113.6 16.41838 14 1.00000
113.7 16.44823 14 1.00000
113.8 16.45453 14 1.00000
113.9 16.45824 14 1.00000
114.0 16.46789 14 1.00000
114.1 16.48111 14 1.00000
114.2 16.36324 14 1.00000
114.3 16.37230 14 1.00000
114.4 16.38125 14 1.00000
114.5 16.38467 14 1.00000
114.6 16.48302 14 1.00000
114.7 16.36003 14 1.00000
114.8 16.37274 14 1.00000
114.9 16.38470 14 1.00000
115.0 16.38924 14 1.00000
115.1 16.40256 14 1.00000
115.2 16.40615 14 1.00000
115.3 16.44653 14 1.00000
115.4 16.44322 14 1.00000
115.5 16.45611 14 1.00000
115.6 16.46794 14 1.00000
115.7 16.47947 14 1.00000
115.8 16.36291 14 1.00000
115.9 16.37175 14 1.00000
116.0 16.38037 14 1.00000
116.1 16.38445 14 1.00000
116.2 16.40105 14 1.00000
116.3 16.40662 14 1.00000
116.4 16.44608 14 1.00000
116.5 16.44706 14 1.00000
116.6 16.45624 14 1.00000
116.7 16.46786 14 1.00000
116.8 16.48037 14 1.00000
116.9 16.36318 14 1.00000
117.0 16.37297 14 1.00000
117.1 16.38344 14 1.00000
117.2 16.39384 14 1.00000
117.3 16.40258 14 1.00000
117.4 16.41757 14 1.00000
117.5 16.37312 14 1.00000
117.6 16.38377 14 1.00000
117.7 16.39434 14 1.00000
117.8 16.40257 14 1.00000
117.9 16.41770 14 1.00000
118.0 16.44239 14 1.00000
118.1 16.45642 14 1.00000
118.2 16.46426 14 1.00000
118.3 16.47710 14 1.00000
118.4 16.36140 14 1.00000
118.5 16.37150 14 1.00000
118.6 16.37995 14 1.00000
118.7 16.38248 14 1.00000
118.8 16.40258 14 1.00000
118.9 16.41569 14 1.00000
119.0 16.44113 14 1.00000
119.1 16.45663 14 1.00000
119.2 16.46559 14 1.00000
119.3 16.47857 14 1.00000
119.4 16.36294 14 1.00000
119.5 16.37294 14 1.00000
119.6 16.38509 14 1.00000
119.7 16.39723 14 1.00000
119.8 16.40671 14 1.00000
119.9 16.44599 14 1.00000
120.0 16.45459 14 1.00000
120.1 16.46401 14 1.00000
120.2 16.47687 14 1.00000
120.3 16.36269 14 1.00000
120.4 16.37274 14 1.00000
120.5 16.44493 14 1.00000
120.6 16.45374 14 1.00000
120.7 16.46543 14 1.00000
120.8 16.48318 14 1.00000
120.9 16.37247 14 1.00000
121.0 16.38338 14 1.00000
121.1 16.39594 14 1.00000
121.2 16.40944 14 1.00000
121.3 16.44627 14 1.00000
121.4 16.45504 14 1.00000
121.5 16.46539 14 1.00000
121.6 16.48114 14 1.00000
121.7 16.36176 14 1.00000
121.8 16.37417 14 1.00000
121.9 16.39422 14 1.00000
122.0 16.40873 14 1.00000
122.1 16.44639 14 1.00000
122.2 16.45671 14 1.00000
122.3 16.46841 14 1.00000
122.4 16.36139 14 1.00000
122.5 16.37276 14 1.00000
122.6 16.38431 14 1.00000
122.7 16.40213 14 1.00000
122.8 16.44577 14 1.00000
122.9 16.45508 14 1.00000
123.0 16.46633 14 1.00000
123.1 16.48266 14 1.00000
123.2 16.37271 14 1.00000
123.3 16.38606 14 1.00000
123.4 16.45013 14 1.00000
123.5 16.46219 14 1.00000
123.6 16.47723 14 1.00000
123.7 16.36288 14 1.00000
123.8 16.37309 14 1.00000
123.9 16.39596 14 1.00000
124.0 16.40582 14 1.00000
124.1 16.44853 14 1.00000
124.2 16.45703 14 1.00000
124.3 16.47564 14 1.00000
124.4 16.36298 14 1.00000
124.5 16.36857 14 1.00000
124.6 16.44574 14 1.00000
124.7 16.45491 14 1.00000
124.8 16.46603 14 1.00000
124.9 16.48237 14 1.00000
125.0 16.37232 14 1.00000
125.1 16.38468 14 1.00000
125.2 16.40116 14 1.00000
125.3 16.43718 14 1.00000
125.4 16.44440 14 1.00000
125.5 16.46439 14 1.00000
125.6 16.47915 14 1.00000
125.7 16.36053 14 1.00000
125.8 16.38353 14 1.00000
125.9 16.44419 14 1.00000
126.0 16.45724 14 1.00000
126.1 16.46632 14 1.00000
126.2 16.36241 14 1.00000
126.3 16.37050 14 1.00000
126.4 16.38264 14 1.00000
126.5 16.40863 14 1.00000
126.6 16.44633 14 1.00000
126.7 16.45653 14 1.00000
126.8 16.46699 14 1.00000
126.9 16.48294 14 1.00000
127.0 16.37302 14 1.00000
127.1 16.41812 14 1.00000
127.2 16.45030 14 1.00000
127.3 16.46284 14 1.00000
127.4 16.47743 14 1.00000
127.5 16.36285 14 1.00000
127.6 16.37248 14 1.00000
127.7 16.39600 14 1.00000
127.8 16.40593 14 1.00000
127.9 16.44277 14 1.00000
128.0 16.45717 14 1.00000
128.1 16.46564 14 1.00000
128.2 16.36268 14 1.00000
128.3 16.36941 14 1.00000
128.4 16.44450 14 1.00000
128.5 16.44874 14 1.00000
128.6 16.46509 14 1.00000
128.7 16.48147 14 1.00000
128.8 16.35988 14 1.00000
128.9 16.38357 14 1.00000
129.0 16.39813 14 1.00000
129.1 16.41524 14 1.00000
129.2 16.45022 14 1.00000
129.3 16.46256 14 1.00000
129.4 16.47714 14 1.00000
129.5 16.36304 14 1.00000
129.6 16.37313 14 1.00000
129.7 16.44632 14 1.00000
129.8 16.45640 14 1.00000
129.9 16.46668 14 1.00000
130.0 16.48269 14 1.00000
130.1 16.37255 14 1.00000
130.2 16.38502 14 1.00000
130.3 16.40141 14 1.00000
130.4 16.43652 14 1.00000
130.5 16.44452 14 1.00000
130.6 16.46416 14 1.00000
130.7 16.47870 14 1.00000
130.8 16.36142 14 1.00000
130.9 16.38095 14 1.00000
131.0 16.44559 14 1.00000
131.1 16.45716 14 1.00000
131.2 16.46846 14 1.00000
131.3 16.36154 14 1.00000
131.4 16.37284 14 1.00000
131.5 16.38534 14 1.00000
131.6 16.40221 14 1.00000
131.7 16.44543 14 1.00000
131.8 16.45429 14 1.00000
131.9 16.46521 14 1.00000
132.0 16.48153 14 1.00000
132.1 16.35941 14 1.00000
132.2 16.38404 14 1.00000
132.3 16.44317 14 1.00000
132.4 16.45724 14 1.00000
132.5 16.46651 14 1.00000
132.6 16.36213 14 1.00000
132.7 16.37234 14 1.00000
132.8 16.38326 14 1.00000
132.9 16.40178 14 1.00000
133.0 16.44589 14 1.00000
133.1 16.45491 14 1.00000
133.2 16.46580 14 1.00000
133.3 16.48198 14 1.00000
133.4 16.36985 14 1.00000
133.5 16.38450 14 1.00000
133.6 16.44122 14 1.00000
133.7 16.45714 14 1.00000
133.8 16.46597 14 1.00000
133.9 16.36239 14 1.00000
134.0 16.37195 14 1.00000
134.1 16.38266 14 1.00000
134.2 16.39914 14 1.00000
134.3 16.44605 14 1.00000
134.4 16.45512 14 1.00000
134.5 16.46597 14 1.00000
134.6 16.48209 14 1.00000
134.7 16.37003 14 1.00000
134.8 16.38462 14 1.00000
134.9 16.44054 14 1.00000
135.0 16.45712 14 1.00000
135.1 16.46597 14 1.00000
135.2 16.36236 14 1.00000
135.3 16.37195 14 1.00000
135.4 16.38274 14 1.00000
135.5 16.39855 14 1.00000
135.6 16.44597 14 1.00000
135.7 16.45494 14 1.00000
135.8 16.46574 14 1.00000
135.9 16.48186 14 1.00000
136.0 16.36980 14 1.00000
136.1 16.38438 14 1.00000
136.2 16.44221 14 1.00000
136.3 16.45722 14 1.00000
136.4 16.46720 14 1.00000
136.5 16.36202 14 1.00000
136.6 16.37243 14 1.00000
136.7 16.38362 14 1.00000
136.8 16.40196 14 1.00000
136.9 16.44561 14 1.00000
137.0 16.45437 14 1.00000
137.1 16.46510 14 1.00000
137.2 16.47942 14 1.00000
137.3 16.35965 14 1.00000
137.4 16.38378 14 1.00000
137.5 16.44459 14 1.00000
137.6 16.45721 14 1.00000
137.7 16.46851 14 1.00000
137.8 16.48307 14 1.00000
137.9 16.37296 14 1.00000
138.0 16.38615 14 1.00000
138.1 16.40239 14 1.00000
138.2 16.43447 14 1.00000
138.3 16.44397 14 1.00000
138.4 16.46401 14 1.00000
138.5 16.47825 14 1.00000
138.6 16.36161 14 1.00000
138.7 16.37959 14 1.00000
138.8 16.44622 14 1.00000
138.9 16.45663 14 1.00000
139.0 16.46670 14 1.00000
139.1 16.48253 14 1.00000
139.2 16.36993 14 1.00000
139.3 16.38473 14 1.00000
139.4 16.39912 14 1.00000
139.5 16.41857 14 1.00000
139.6 16.45029 14 1.00000
139.7 16.45433 14 1.00000
139.8 16.47655 14 1.00000
139.9 16.36322 14 1.00000
140.0 16.36983 14 1.00000
140.1 16.44588 14 1.00000
140.2 16.45460 14 1.00000
140.3 16.46517 14 1.00000
140.4 16.47931 14 1.00000
140.5 16.36130 14 1.00000
140.6 16.38109 14 1.00000
140.7 16.39741 14 1.00000
140.8 16.40894 14 1.00000
140.9 16.44131 14 1.00000
141.0 16.45720 14 1.00000
141.1 16.46718 14 1.00000
141.2 16.36231 14 1.00000
141.3 16.37166 14 1.00000
141.4 16.43702 14 1.00000
141.5 16.44467 14 1.00000
141.6 16.46303 14 1.00000
141.7 16.47706 14 1.00000
141.8 16.36314 14 1.00000
141.9 16.36977 14 1.00000
142.0 16.39497 14 1.00000
142.1 16.40994 14 1.00000
142.2 16.44650 14 1.00000
142.3 16.45652 14 1.00000
142.4 16.46650 14 1.00000
142.5 16.48232 14 1.00000
142.6 16.37261 14 1.00000
142.7 16.38487 14 1.00000
142.8 16.44059 14 1.00000
142.9 16.45719 14 1.00000
143.0 16.46728 14 1.00000
143.1 16.36179 14 1.00000
143.2 16.37247 14 1.00000
143.3 16.38401 14 1.00000
143.4 16.40223 14 1.00000
143.5 16.43546 14 1.00000
143.6 16.44385 14 1.00000
143.7 16.46384 14 1.00000
143.8 16.47787 14 1.00000
143.9 16.36194 14 1.00000
144.0 16.37809 14 1.00000
144.1 16.44638 14 1.00000
144.2 16.45542 14 1.00000
144.3 16.46591 14 1.00000
144.4 16.48171 14 1.00000
144.5 16.36040 14 1.00000
144.6 16.38386 14 1.00000
144.7 16.39789 14 1.00000
144.8 16.41074 14 1.00000
144.9 16.44024 14 1.00000
145.0 16.45717 14 1.00000
145.1 16.46722 14 1.00000
145.2 16.36238 14 1.00000
145.3 16.37170 14 1.00000
145.4 16.43767 14 1.00000
145.5 16.45039 14 1.00000
145.6 16.45518 14 1.00000
145.7 16.47640 14 1.00000
145.8 16.36292 14 1.00000
145.9 16.36991 14 1.00000
146.0 16.38330 14 1.00000
146.1 16.40347 14 1.00000
146.2 16.44613 14 1.00000
146.3 16.45489 14 1.00000
146.4 16.46533 14 1.00000
146.5 16.47933 14 1.00000
146.6 16.35900 14 1.00000
146.7 16.38171 14 1.00000
146.8 16.44544 14 1.00000
146.9 16.45692 14 1.00000
147.0 16.46688 14 1.00000
147.1 16.48249 14 1.00000
147.2 16.35825 14 1.00000
147.3 16.38471 14 1.00000
147.4 16.39883 14 1.00000
147.5 16.41560 14 1.00000
147.6 16.44940 14 1.00000
147.7 16.45688 14 1.00000
147.8 16.46580 14 1.00000
147.9 16.36283 14 1.00000
148.0 16.36939 14 1.00000
148.1 16.43557 14 1.00000
148.2 16.44739 14 1.00000
148.3 16.45731 14 1.00000
148.4 16.47665 14 1.00000
148.5 16.36297 14 1.00000
148.6 16.36944 14 1.00000
148.7 16.38392 14 1.00000
148.8 16.40387 14 1.00000
148.9 16.44611 14 1.00000
149.0 16.45477 14 1.00000
149.1 16.46511 14 1.00000
149.2 16.47900 14 1.00000
149.3 16.35952 14 1.00000
149.4 16.38130 14 1.00000
149.5 16.44592 14 1.00000
149.6 16.45664 14 1.00000
149.7 16.46638 14 1.00000
149.8 16.48199 14 1.00000
149.9 16.36006 14 1.00000
150.0 16.38421 14 1.00000
150.1 16.39813 14 1.00000
150.2 16.41099 14 1.00000
150.3 16.44086 14 1.00000
150.4 16.45723 14 1.00000
150.5 16.46854 14 1.00000
150.6 16.36189 14 1.00000
150.7 16.37222 14 1.00000
150.8 16.41866 14 1.00000
150.9 16.44971 14 1.00000
151.0 16.45667 14 1.00000
151.1 16.46561 14 1.00000
151.2 16.36215 14 1.00000
151.3 16.37147 14 1.00000
151.4 16.38296 14 1.00000
151.5 16.40206 14 1.00000
151.6 16.43504 14 1.00000
151.7 16.44456 14 1.00000
151.8 16.46334 14 1.00000
151.9 16.47705 14 1.00000
152.0 16.36231 14 1.00000
152.1 16.37392 14 1.00000
152.2 16.44600 14 1.00000
152.3 16.45177 14 1.00000
152.4 16.46455 14 1.00000
152.5 16.47822 14 1.00000
152.6 16.36295 14 1.00000
152.7 16.37871 14 1.00000
152.8 16.39610 14 1.00000
152.9 16.40614 14 1.00000
153.0 16.44654 14 1.00000
153.1 16.45570 14 1.00000
153.2 16.46600 14 1.00000
153.3 16.47981 14 1.00000
153.4 16.37032 14 1.00000
153.5 16.38434 14 1.00000
153.6 16.44435 14 1.00000
153.7 16.45704 14 1.00000
153.8 16.46689 14 1.00000
153.9 16.48233 14 1.00000
154.0 16.35936 14 1.00000
154.1 16.38475 14 1.00000
154.2 16.39866 14 1.00000
154.3 16.41315 14 1.00000
154.4 16.43961 14 1.00000
154.5 16.45721 14 1.00000
154.6 16.46853 14 1.00000
154.7 16.48315 14 1.00000
154.8 16.37202 14 1.00000
154.9 16.41874 14 1.00000
155.0 16.44967 14 1.00000
155.1 16.45681 14 1.00000
155.2 16.46609 14 1.00000
155.3 16.36181 14 1.00000
155.4 16.37247 14 1.00000
155.5 16.38347 14 1.00000
155.6 16.40224 14 1.00000
155.7 16.43551 14 1.00000
155.8 16.45035 14 1.00000
155.9 16.45193 14 1.00000
156.0 16.47601 14 1.00000
156.1 16.36284 14 1.00000
156.2 16.36951 14 1.00000
156.3 16.43815 14 1.00000
156.4 16.44372 14 1.00000
156.5 16.46340 14 1.00000
156.6 16.47688 14 1.00000
156.7 16.36294 14 1.00000
156.8 16.37139 14 1.00000
156.9 16.39475 14 1.00000
157.0 16.40474 14 1.00000
157.1 16.44602 14 1.00000
157.2 16.45107 14 1.00000
157.3 16.46438 14 1.00000
157.4 16.47794 14 1.00000
157.5 16.36009 14 1.00000
157.6 16.37982 14 1.00000
157.7 16.44641 14 1.00000
157.8 16.45510 14 1.00000
157.9 16.46512 14 1.00000
158.0 16.47865 14 1.00000
158.1 16.36277 14 1.00000
158.2 16.38100 14 1.00000
158.3 16.39668 14 1.00000
158.4 16.40577 14 1.00000
158.5 16.44652 14 1.00000
158.6 16.45570 14 1.00000
158.7 16.46584 14 1.00000
158.8 16.47946 14 1.00000
158.9 16.37183 14 1.00000
159.0 16.38432 14 1.00000
159.1 16.44485 14 1.00000
159.2 16.45684 14 1.00000
159.3 16.46642 14 1.00000
159.4 16.48176 14 1.00000
159.5 16.36115 14 1.00000
159.6 16.38444 14 1.00000
159.7 16.39810 14 1.00000
159.8 16.40932 14 1.00000
159.9 16.44339 14 1.00000
160.0 16.45712 14 1.00000
160.1 16.46692 14 1.00000
160.2 16.48225 14 1.00000
160.3 16.37274 14 1.00000
160.4 16.38530 14 1.00000
160.5 16.44068 14 1.00000
160.6 16.45724 14 1.00000
160.7 16.46735 14 1.00000
160.8 16.48257 14 1.00000
160.9 16.35903 14 1.00000
161.0 16.38540 14 1.00000
161.1 16.39921 14 1.00000
161.2 16.41526 14 1.00000
161.3 16.43893 14 1.00000
161.4 16.45722 14 1.00000
161.5 16.46851 14 1.00000
161.6 16.48280 14 1.00000
161.7 16.37188 14 1.00000
161.8 16.41864 14 1.00000
161.9 16.44947 14 1.00000
162.0 16.45709 14 1.00000
162.1 16.46854 14 1.00000
162.2 16.48295 14 1.00000
162.3 16.37287 14 1.00000
162.4 16.38613 14 1.00000
162.5 16.40163 14 1.00000
162.6 16.41883 14 1.00000
162.7 16.44960 14 1.00000
162.8 16.45699 14 1.00000
162.9 16.46819 14 1.00000
163.0 16.36242 14 1.00000
163.1 16.37068 14 1.00000
163.2 16.43704 14 1.00000
163.3 16.44991 14 1.00000
163.4 16.45670 14 1.00000
163.5 16.46692 14 1.00000
163.6 16.48312 14 1.00000
163.7 16.37239 14 1.00000
163.8 16.38319 14 1.00000
163.9 16.40227 14 1.00000
164.0 16.43699 14 1.00000
164.1 16.45030 14 1.00000
164.2 16.45664 14 1.00000
164.3 16.46607 14 1.00000
164.4 16.36321 14 1.00000
164.5 16.36981 14 1.00000
164.6 16.43454 14 1.00000
164.7 16.45038 14 1.00000
164.8 16.45629 14 1.00000
164.9 16.46564 14 1.00000
165.0 16.48318 14 1.00000
165.1 16.36818 14 1.00000
165.2 16.38226 14 1.00000
165.3 16.40206 14 1.00000
165.4 16.43521 14 1.00000
165.5 16.45038 14 1.00000
165.6 16.45636 14 1.00000
165.7 16.46569 14 1.00000
165.8 16.36274 14 1.00000
165.9 16.36900 14 1.00000
166.0 16.43498 14 1.00000
166.1 16.45031 14 1.00000
166.2 16.45255 14 1.00000
166.3 16.46532 14 1.00000
166.4 16.36194 14 1.00000
166.5 16.36957 14 1.00000
166.6 16.38385 14 1.00000
166.7 16.40193 14 1.00000
166.8 16.43434 14 1.00000
166.9 16.45037 14 1.00000
167.0 16.45625 14 1.00000
167.1 16.46559 14 1.00000
167.2 16.36254 14 1.00000
167.3 16.36947 14 1.00000
167.4 16.43510 14 1.00000
167.5 16.45028 14 1.00000
167.6 16.45243 14 1.00000
167.7 16.46531 14 1.00000
167.8 16.36191 14 1.00000
167.9 16.36933 14 1.00000
168.0 16.38373 14 1.00000
168.1 16.40191 14 1.00000
168.2 16.43430 14 1.00000
168.3 16.45038 14 1.00000
168.4 16.45635 14 1.00000
168.5 16.46550 14 1.00000
168.6 16.36252 14 1.00000
168.7 16.36937 14 1.00000
168.8 16.43463 14 1.00000
168.9 16.45031 14 1.00000
169.0 16.45486 14 1.00000
169.1 16.46560 14 1.00000
169.2 16.48319 14 1.00000
169.3 16.36948 14 1.00000
169.4 16.38390 14 1.00000
169.5 16.40200 14 1.00000
169.6 16.43527 14 1.00000
169.7 16.45035 14 1.00000
169.8 16.45660 14 1.00000
169.9 16.46568 14 1.00000
170.0 16.36267 14 1.00000
170.1 16.36910 14 1.00000
170.2 16.43580 14 1.00000
170.3 16.45038 14 1.00000
170.4 16.45646 14 1.00000
170.5 16.46681 14 1.00000
170.6 16.48317 14 1.00000
170.7 16.36997 14 1.00000
170.8 16.38232 14 1.00000
170.9 16.40217 14 1.00000
171.0 16.43690 14 1.00000
171.1 16.44983 14 1.00000
171.2 16.45691 14 1.00000
171.3 16.46679 14 1.00000
171.4 16.36301 14 1.00000
171.5 16.36988 14 1.00000
171.6 16.43574 14 1.00000
171.7 16.44994 14 1.00000
171.8 16.45684 14 1.00000
171.9 16.46853 14 1.00000
172.0 16.48310 14 1.00000
172.1 16.37178 14 1.00000
172.2 16.38322 14 1.00000
172.3 16.40185 14 1.00000
172.4 16.43884 14 1.00000
172.5 16.44948 14 1.00000
172.6 16.45716 14 1.00000
172.7 16.46853 14 1.00000
172.8 16.36263 14 1.00000
172.9 16.37063 14 1.00000
173.0 16.43804 14 1.00000
173.1 16.44959 14 1.00000
173.2 16.45714 14 1.00000
173.3 16.46852 14 1.00000
173.4 16.48294 14 1.00000
173.5 16.37306 14 1.00000
173.6 16.38612 14 1.00000
173.7 16.40061 14 1.00000
173.8 16.41712 14 1.00000
173.9 16.43938 14 1.00000
174.0 16.45724 14 1.00000
174.1 16.46763 14 1.00000
174.2 16.48318 14 1.00000
174.3 16.37168 14 1.00000
174.4 16.41737 14 1.00000
174.5 16.43867 14 1.00000
174.6 16.45724 14 1.00000
174.7 16.46718 14 1.00000
174.8 16.48255 14 1.00000
174.9 16.35924 14 1.00000
175.0 16.38613 14 1.00000
175.1 16.39909 14 1.00000
175.2 16.41215 14 1.00000
175.3 16.44302 14 1.00000
175.4 16.45715 14 1.00000
175.5 16.46708 14 1.00000
175.6 16.48269 14 1.00000
175.7 16.37245 14 1.00000
175.8 16.38528 14 1.00000
175.9 16.44261 14 1.00000
176.0 16.45698 14 1.00000
176.1 16.46656 14 1.00000
176.2 16.48198 14 1.00000
176.3 16.35975 14 1.00000
176.4 16.38491 14 1.00000
176.5 16.39821 14 1.00000
176.6 16.40762 14 1.00000
176.7 16.44558 14 1.00000
176.8 16.45595 14 1.00000
176.9 16.46618 14 1.00000
177.0 16.48195 14 1.00000
177.1 16.37294 14 1.00000
177.2 16.38455 14 1.00000
177.3 16.44540 14 1.00000
177.4 16.45581 14 1.00000
177.5 16.46578 14 1.00000
177.6 16.47937 14 1.00000
177.7 16.36176 14 1.00000
177.8 16.38216 14 1.00000
177.9 16.39720 14 1.00000
178.0 16.40586 14 1.00000
178.1 16.44647 14 1.00000
178.2 16.45518 14 1.00000
178.3 16.46527 14 1.00000
178.4 16.47905 14 1.00000
178.5 16.36516 14 1.00000
178.6 16.38150 14 1.00000
178.7 16.44644 14 1.00000
178.8 16.45381 14 1.00000
178.9 16.46463 14 1.00000
179.0 16.47811 14 1.00000
179.1 16.36323 14 1.00000
179.2 16.38005 14 1.00000
179.3 16.39599 14 1.00000
179.4 16.40751 14 1.00000
179.5 16.44608 14 1.00000
179.6 16.44993 14 1.00000
179.7 16.46399 14 1.00000
179.8 16.47767 14 1.00000
179.9 16.35963 14 1.00000
180.0 16.37899 14 1.00000
180.1 16.44591 14 1.00000
180.2 16.44649 14 1.00000
180.3 16.46351 14 1.00000
180.4 16.47688 14 1.00000
180.5 16.36291 14 1.00000
180.6 16.37436 14 1.00000
180.7 16.38471 14 1.00000
180.8 16.40147 14 1.00000
180.9 16.43546 14 1.00000
181.0 16.45022 14 1.00000
181.1 16.45330 14 1.00000
181.2 16.47118 14 1.00000
181.3 16.36197 14 1.00000
181.4 16.37002 14 1.00000
181.5 16.43469 14 1.00000
181.6 16.45029 14 1.00000
181.7 16.45465 14 1.00000
181.8 16.46531 14 1.00000
181.9 16.36220 14 1.00000
182.0 16.36971 14 1.00000
182.1 16.38278 14 1.00000
182.2 16.40196 14 1.00000
182.3 16.43751 14 1.00000
182.4 16.44981 14 1.00000
182.5 16.45687 14 1.00000
182.6 16.46793 14 1.00000
182.7 16.36287 14 1.00000
182.8 16.37083 14 1.00000
182.9 16.43792 14 1.00000
183.0 16.44957 14 1.00000
183.1 16.45709 14 1.00000
183.2 16.46853 14 1.00000
183.3 16.48295 14 1.00000
183.4 16.37293 14 1.00000
183.5 16.38614 14 1.00000
183.6 16.39949 14 1.00000
183.7 16.41587 14 1.00000
183.8 16.43957 14 1.00000
183.9 16.45724 14 1.00000
184.0 16.46737 14 1.00000
184.1 16.48276 14 1.00000
184.2 16.37234 14 1.00000
184.3 16.38550 14 1.00000
184.4 16.44129 14 1.00000
184.5 16.45720 14 1.00000
184.6 16.46681 14 1.00000
184.7 16.48204 14 1.00000
184.8 16.36004 14 1.00000
184.9 16.38481 14 1.00000
185.0 16.39827 14 1.00000
185.1 16.40787 14 1.00000
185.2 16.44507 14 1.00000
185.3 16.45597 14 1.00000
185.4 16.46601 14 1.00000
185.5 16.48005 14 1.00000
185.6 16.37227 14 1.00000
185.7 16.38439 14 1.00000
185.8 16.44538 14 1.00000
185.9 16.45580 14 1.00000
186.0 16.46557 14 1.00000
186.1 16.47871 14 1.00000
186.2 16.36231 14 1.00000
186.3 16.38163 14 1.00000
186.4 16.39695 14 1.00000
186.5 16.40689 14 1.00000
186.6 16.44640 14 1.00000
186.7 16.45373 14 1.00000
186.8 16.46460 14 1.00000
186.9 16.47813 14 1.00000
187.0 16.35791 14 1.00000
187.1 16.38012 14 1.00000
187.2 16.44628 14 1.00000
187.3 16.45174 14 1.00000
187.4 16.46392 14 1.00000
187.5 16.47736 14 1.00000
187.6 16.36312 14 1.00000
187.7 16.37807 14 1.00000
187.8 16.39514 14 1.00000
187.9 16.40094 14 1.00000
188.0 16.44144 14 1.00000
188.1 16.44397 14 1.00000
188.2 16.45263 14 1.00000
188.3 16.47668 14 1.00000
188.4 16.36147 14 1.00000
188.5 16.37405 14 1.00000
188.6 16.43813 14 1.00000
188.7 16.45019 14 1.00000
188.8 16.45451 14 1.00000
188.9 16.46512 14 1.00000
189.0 16.36231 14 1.00000
189.1 16.36906 14 1.00000
189.2 16.38390 14 1.00000
189.3 16.40216 14 1.00000
189.4 16.43707 14 1.00000
189.5 16.44989 14 1.00000
189.6 16.45658 14 1.00000
189.7 16.46775 14 1.00000
189.8 16.36298 14 1.00000
189.9 16.37030 14 1.00000
190.0 16.43734 14 1.00000
190.1 16.44871 14 1.00000
190.2 16.45708 14 1.00000
190.3 16.46853 14 1.00000
190.4 16.48299 14 1.00000
190.5 16.37298 14 1.00000
190.6 16.38613 14 1.00000
190.7 16.39953 14 1.00000
190.8 16.41501 14 1.00000
190.9 16.43999 14 1.00000
191.0 16.45724 14 1.00000
191.1 16.46754 14 1.00000
191.2 16.48288 14 1.00000
191.3 16.37225 14 1.00000
191.4 16.38547 14 1.00000
191.5 16.44136 14 1.00000
191.6 16.45720 14 1.00000
191.7 16.46688 14 1.00000
191.8 16.48214 14 1.00000
191.9 16.35965 14 1.00000
192.0 16.38481 14 1.00000
192.1 16.39816 14 1.00000
192.2 16.40740 14 1.00000
192.3 16.44519 14 1.00000
192.4 16.45597 14 1.00000
192.5 16.46605 14 1.00000
192.6 16.48014 14 1.00000
192.7 16.37222 14 1.00000
192.8 16.38245 14 1.00000
192.9 16.44531 14 1.00000
193.0 16.45587 14 1.00000
193.1 16.46570 14 1.00000
193.2 16.47891 14 1.00000
193.3 16.36228 14 1.00000
193.4 16.38148 14 1.00000
193.5 16.39686 14 1.00000
193.6 16.40691 14 1.00000
193.7 16.44641 14 1.00000
193.8 16.45381 14 1.00000
193.9 16.46473 14 1.00000
194.0 16.47809 14 1.00000
194.1 16.35785 14 1.00000
194.2 16.38020 14 1.00000
194.3 16.44641 14 1.00000
194.4 16.45140 14 1.00000
194.5 16.46394 14 1.00000
194.6 16.47745 14 1.00000
194.7 16.36309 14 1.00000
194.8 16.37788 14 1.00000
194.9 16.39517 14 1.00000
195.0 16.40085 14 1.00000
195.1 16.44340 14 1.00000
195.2 16.44430 14 1.00000
195.3 16.45251 14 1.00000
195.4 16.47679 14 1.00000
195.5 16.36120 14 1.00000
195.6 16.37407 14 1.00000
195.7 16.43873 14 1.00000
195.8 16.45012 14 1.00000
195.9 16.45181 14 1.00000
196.0 16.46510 14 1.00000
196.1 16.36237 14 1.00000
196.2 16.36977 14 1.00000
196.3 16.38358 14 1.00000
196.4 16.40189 14 1.00000
196.5 16.43565 14 1.00000
196.6 16.44998 14 1.00000
196.7 16.45638 14 1.00000
196.8 16.46537 14 1.00000
196.9 16.36312 14 1.00000
197.0 16.36996 14 1.00000
197.1 16.43628 14 1.00000
197.2 16.44987 14 1.00000
197.3 16.45690 14 1.00000
197.4 16.46852 14 1.00000
197.5 16.48307 14 1.00000
197.6 16.37311 14 1.00000
197.7 16.38606 14 1.00000
197.8 16.40075 14 1.00000
197.9 16.41738 14 1.00000
198.0 16.43901 14 1.00000
198.1 16.45716 14 1.00000
198.2 16.46853 14 1.00000
198.3 16.48315 14 1.00000
198.4 16.37182 14 1.00000
198.5 16.38614 14 1.00000
198.6 16.43864 14 1.00000
198.7 16.45724 14 1.00000
198.8 16.46726 14 1.00000
198.9 16.48253 14 1.00000
199.0 16.35777 14 1.00000
199.1 16.38551 14 1.00000
199.2 16.39863 14 1.00000
199.3 16.41117 14 1.00000
199.4 16.44340 14 1.00000
199.5 16.45713 14 1.00000
199.6 16.46657 14 1.00000
199.7 16.48237 14 1.00000
199.8 16.37308 14 1.00000
199.9 16.38500 14 1.00000
200.0 16.44295 14 1.00000
200.1 16.45695 14 1.00000
200.2 16.46640 14 1.00000
200.3 16.47996 14 1.00000
200.4 16.36097 14 1.00000
200.5 16.38255 14 1.00000
200.6 16.39774 14 1.00000
200.7 16.40512 14 1.00000
200.8 16.44643 14 1.00000
200.9 16.45574 14 1.00000
201.0 16.46561 14 1.00000
201.1 16.47995 14 1.00000
201.2 16.37211 14 1.00000
201.3 16.38234 14 1.00000
201.4 16.44635 14 1.00000
201.5 16.45567 14 1.00000
201.6 16.46549 14 1.00000
201.7 16.47873 14 1.00000
201.8 16.36217 14 1.00000
201.9 16.38162 14 1.00000
202.0 16.39681 14 1.00000
202.1 16.40691 14 1.00000
202.2 16.44642 14 1.00000
202.3 16.45367 14 1.00000
202.4 16.46486 14 1.00000
202.5 16.47848 14 1.00000
202.6 16.35928 14 1.00000
202.7 16.38139 14 1.00000
202.8 16.44643 14 1.00000
202.9 16.45291 14 1.00000
203.0 16.46459 14 1.00000
203.1 16.47794 14 1.00000
203.2 16.36320 14 1.00000
203.3 16.37990 14 1.00000
203.4 16.39558 14 1.00000
203.5 16.40782 14 1.00000
203.6 16.44617 14 1.00000
203.7 16.44831 14 1.00000
203.8 16.46393 14 1.00000
203.9 16.47748 14 1.00000
204.0 16.35974 14 1.00000
204.1 16.37965 14 1.00000
204.2 16.44428 14 1.00000
204.3 16.44691 14 1.00000
204.4 16.46369 14 1.00000
204.5 16.47720 14 1.00000
204.6 16.36297 14 1.00000
204.7 16.37487 14 1.00000
204.8 16.38563 14 1.00000
204.9 16.40099 14 1.00000
205.0 16.44184 14 1.00000
205.1 16.44985 14 1.00000
205.2 16.45223 14 1.00000
205.3 16.47673 14 1.00000
205.4 16.36125 14 1.00000
205.5 16.37557 14 1.00000
205.6 16.43884 14 1.00000
205.7 16.44993 14 1.00000
205.8 16.45252 14 1.00000
205.9 16.46944 14 1.00000
206.0 16.36271 14 1.00000
206.1 16.37222 14 1.00000
206.2 16.38352 14 1.00000
206.3 16.40142 14 1.00000
206.4 16.43559 14 1.00000
206.5 16.45030 14 1.00000
206.6 16.45153 14 1.00000
206.7 16.47114 14 1.00000
206.8 16.36183 14 1.00000
206.9 16.37229 14 1.00000
207.0 16.43497 14 1.00000
207.1 16.45022 14 1.00000
207.2 16.45594 14 1.00000
207.3 16.46507 14 1.00000
207.4 16.36237 14 1.00000
207.5 16.36983 14 1.00000
207.6 16.38357 14 1.00000
207.7 16.40173 14 1.00000
207.8 16.43564 14 1.00000
207.9 16.45036 14 1.00000
208.0 16.45586 14 1.00000
208.1 16.46495 14 1.00000
208.2 16.36222 14 1.00000
208.3 16.37046 14 1.00000
208.4 16.43458 14 1.00000
208.5 16.45028 14 1.00000
208.6 16.45615 14 1.00000
208.7 16.46541 14 1.00000
208.8 16.48320 14 1.00000
208.9 16.36902 14 1.00000
209.0 16.38401 14 1.00000
209.1 16.40178 14 1.00000
209.2 16.43612 14 1.00000
209.3 16.45038 14 1.00000
209.4 16.45606 14 1.00000
209.5 16.46491 14 1.00000
209.6 16.36323 14 1.00000
209.7 16.37043 14 1.00000
209.8 16.43434 14 1.00000
209.9 16.45031 14 1.00000
210.0 16.45624 14 1.00000
210.1 16.46762 14 1.00000
210.2 16.48319 14 1.00000
210.3 16.36890 14 1.00000
210.4 16.38394 14 1.00000
210.5 16.40177 14 1.00000
210.6 16.43617 14 1.00000
210.7 16.45011 14 1.00000
210.8 16.45613 14 1.00000
210.9 16.46465 14 1.00000
211.0 16.36265 14 1.00000
211.1 16.37093 14 1.00000
211.2 16.43596 14 1.00000
211.3 16.45029 14 1.00000
211.4 16.45622 14 1.00000
211.5 16.46523 14 1.00000
211.6 16.48320 14 1.00000
211.7 16.36975 14 1.00000
211.8 16.38372 14 1.00000
211.9 16.40169 14 1.00000
212.0 16.43574 14 1.00000
212.1 16.45032 14 1.00000
212.2 16.45579 14 1.00000
212.3 16.47071 14 1.00000
212.4 16.36205 14 1.00000
212.5 16.37205 14 1.00000
212.6 16.43515 14 1.00000
212.7 16.45011 14 1.00000
212.8 16.45159 14 1.00000
212.9 16.46466 14 1.00000
213.0 16.36246 14 1.00000
213.1 16.37121 14 1.00000
213.2 16.38330 14 1.00000
213.3 16.40132 14 1.00000
213.4 16.43564 14 1.00000
213.5 16.45015 14 1.00000
213.6 16.45308 14 1.00000
213.7 16.47323 14 1.00000
213.8 16.36123 14 1.00000
213.9 16.37622 14 1.00000
214.0 16.43815 14 1.00000
214.1 16.44462 14 1.00000
214.2 16.45230 14 1.00000
214.3 16.47519 14 1.00000
214.4 16.36291 14 1.00000
214.5 16.37572 14 1.00000
214.6 16.38532 14 1.00000
214.7 16.40075 14 1.00000
214.8 16.44228 14 1.00000
214.9 16.44591 14 1.00000
215.0 16.46260 14 1.00000
215.1 16.47746 14 1.00000
215.2 16.35971 14 1.00000
215.3 16.37993 14 1.00000
215.4 16.44433 14 1.00000
215.5 16.44963 14 1.00000
215.6 16.46404 14 1.00000
215.7 16.47785 14 1.00000
215.8 16.36318 14 1.00000
215.9 16.38005 14 1.00000
216.0 16.39574 14 1.00000
216.1 16.40705 14 1.00000
216.2 16.44632 14 1.00000
216.3 16.45359 14 1.00000
216.4 16.46475 14 1.00000
216.5 16.47857 14 1.00000
216.6 16.35913 14 1.00000
216.7 16.38190 14 1.00000
216.8 16.44649 14 1.00000
216.9 16.45431 14 1.00000
217.0 16.46542 14 1.00000
217.1 16.47883 14 1.00000
217.2 16.36210 14 1.00000
217.3 16.38209 14 1.00000
217.4 16.39725 14 1.00000
217.5 16.40523 14 1.00000
217.6 16.44641 14 1.00000
217.7 16.45553 14 1.00000
217.8 16.46594 14 1.00000
217.9 16.48043 14 1.00000
218.0 16.37240 14 1.00000
218.1 16.38492 14 1.00000
218.2 16.44289 14 1.00000
218.3 16.45702 14 1.00000
218.4 16.46682 14 1.00000
218.5 16.48033 14 1.00000
218.6 16.35905 14 1.00000
218.7 16.38544 14 1.00000
218.8 16.39869 14 1.00000
218.9 16.41328 14 1.00000
219.0 16.44072 14 1.00000
219.1 16.45724 14 1.00000
219.2 16.46853 14 1.00000
219.3 16.48297 14 1.00000
219.4 16.37187 14 1.00000
219.5 16.41784 14 1.00000
219.6 16.44877 14 1.00000
219.7 16.45717 14 1.00000
219.8 16.46851 14 1.00000
219.9 16.48310 14 1.00000
220.0 16.36953 14 1.00000
220.1 16.38431 14 1.00000
220.2 16.40207 14 1.00000
220.3 16.43693 14 1.00000
220.4 16.45006 14 1.00000
220.5 16.45618 14 1.00000
220.6 16.47071 14 1.00000
220.7 16.36223 14 1.00000
220.8 16.37315 14 1.00000
220.9 16.43596 14 1.00000
221.0 16.45002 14 1.00000
221.1 16.45306 14 1.00000
221.2 16.47684 14 1.00000
221.3 16.36291 14 1.00000
221.4 16.37835 14 1.00000
221.5 16.39518 14 1.00000
221.6 16.40788 14 1.00000
221.7 16.44623 14 1.00000
221.8 16.45111 14 1.00000
221.9 16.46413 14 1.00000
222.0 16.47835 14 1.00000
222.1 16.35941 14 1.00000
222.2 16.38225 14 1.00000
222.3 16.44644 14 1.00000
222.4 16.45572 14 1.00000
222.5 16.46585 14 1.00000
222.6 16.47941 14 1.00000
222.7 16.36174 14 1.00000
222.8 16.38468 14 1.00000
222.9 16.39808 14 1.00000
223.0 16.41064 14 1.00000
223.1 16.44364 14 1.00000
223.2 16.45699 14 1.00000
223.3 16.46763 14 1.00000
223.4 16.48285 14 1.00000
223.5 16.37294 14 1.00000
223.6 16.38613 14 1.00000
223.7 16.43924 14 1.00000
223.8 16.45719 14 1.00000
223.9 16.46850 14 1.00000
224.0 16.48310 14 1.00000
224.1 16.36927 14 1.00000
224.2 16.38416 14 1.00000
224.3 16.40190 14 1.00000
224.4 16.43483 14 1.00000
224.5 16.45033 14 1.00000
224.6 16.45388 14 1.00000
224.7 16.47552 14 1.00000
224.8 16.36130 14 1.00000
224.9 16.37973 14 1.00000
225.0 16.44423 14 1.00000
225.1 16.44719 14 1.00000
225.2 16.46455 14 1.00000
225.3 16.47797 14 1.00000
225.4 16.36321 14 1.00000
225.5 16.38171 14 1.00000
225.6 16.39671 14 1.00000
225.7 16.40663 14 1.00000
225.8 16.44643 14 1.00000
225.9 16.45556 14 1.00000
226.0 16.46628 14 1.00000
226.1 16.48229 14 1.00000
226.2 16.37310 14 1.00000
226.3 16.38542 14 1.00000
226.4 16.43958 14 1.00000
226.5 16.45724 14 1.00000
226.6 16.46789 14 1.00000
226.7 16.48292 14 1.00000
226.8 16.37137 14 1.00000
226.9 16.38596 14 1.00000
227.0 16.40208 14 1.00000
227.1 16.43622 14 1.00000
227.2 16.45008 14 1.00000
227.3 16.45566 14 1.00000
227.4 16.47558 14 1.00000
227.5 16.36128 14 1.00000
227.6 16.37969 14 1.00000
227.7 16.44333 14 1.00000
227.8 16.44823 14 1.00000
227.9 16.46486 14 1.00000
228.0 16.47826 14 1.00000
228.1 16.36323 14 1.00000
228.2 16.38191 14 1.00000
228.3 16.39712 14 1.00000
228.4 16.40530 14 1.00000
228.5 16.44471 14 1.00000
228.6 16.45613 14 1.00000
228.7 16.46721 14 1.00000
228.8 16.48278 14 1.00000
228.9 16.37294 14 1.00000
229.0 16.41778 14 1.00000
229.1 16.44880 14 1.00000
229.2 16.45705 14 1.00000
229.3 16.46842 14 1.00000
229.4 16.48318 14 1.00000
229.5 16.37139 14 1.00000
229.6 16.38330 14 1.00000
229.7 16.40135 14 1.00000
229.8 16.44344 14 1.00000
229.9 16.44849 14 1.00000
230.0 16.46396 14 1.00000
230.1 16.47830 14 1.00000
230.2 16.35924 14 1.00000
230.3 16.38243 14 1.00000
230.4 16.44427 14 1.00000
230.5 16.45620 14 1.00000
230.6 16.46672 14 1.00000
230.7 16.48003 14 1.00000
230.8 16.35791 14 1.00000
230.9 16.38613 14 1.00000
231.0 16.39962 14 1.00000
231.1 16.41789 14 1.00000
231.2 16.44887 14 1.00000
231.3 16.45673 14 1.00000
231.4 16.47162 14 1.00000
231.5 16.36322 14 1.00000
231.6 16.37925 14 1.00000
231.7 16.43917 14 1.00000
231.8 16.44675 14 1.00000
231.9 16.46486 14 1.00000
232.0 16.47820 14 1.00000
232.1 16.36323 14 1.00000
232.2 16.38196 14 1.00000
232.3 16.39761 14 1.00000
232.4 16.41118 14 1.00000
232.5 16.44374 14 1.00000
232.6 16.45720 14 1.00000
232.7 16.46853 14 1.00000
232.8 16.48319 14 1.00000
232.9 16.37050 14 1.00000
233.0 16.43636 14 1.00000
233.1 16.45034 14 1.00000
233.2 16.45274 14 1.00000
233.3 16.47195 14 1.00000
233.4 16.36297 14 1.00000
233.5 16.37987 14 1.00000
233.6 16.39576 14 1.00000
233.7 16.40693 14 1.00000
233.8 16.44651 14 1.00000
233.9 16.45557 14 1.00000
234.0 16.46619 14 1.00000
234.1 16.48248 14 1.00000
234.2 16.37302 14 1.00000
234.3 16.41769 14 1.00000
234.4 16.44886 14 1.00000
234.5 16.45694 14 1.00000
234.6 16.46753 14 1.00000
234.7 16.36255 14 1.00000
234.8 16.37487 14 1.00000
234.9 16.38546 14 1.00000
235.0 16.39973 14 1.00000
235.1 16.44637 14 1.00000
235.2 16.45411 14 1.00000
235.3 16.46567 14 1.00000
235.4 16.48035 14 1.00000
235.5 16.37247 14 1.00000
235.6 16.38570 14 1.00000
235.7 16.43941 14 1.00000
235.8 16.45718 14 1.00000
235.9 16.46843 14 1.00000
236.0 16.48319 14 1.00000
236.1 16.37332 14 1.00000
236.2 16.38424 14 1.00000
236.3 16.39855 14 1.00000
236.4 16.44625 14 1.00000
236.5 16.45403 14 1.00000
236.6 16.46558 14 1.00000
236.7 16.48024 14 1.00000
236.8 16.37239 14 1.00000
236.9 16.38563 14 1.00000
237.0 16.43907 14 1.00000
237.1 16.45717 14 1.00000
237.2 16.46842 14 1.00000
237.3 16.48319 14 1.00000
237.4 16.37476 14 1.00000
237.5 16.38522 14 1.00000
237.6 16.39920 14 1.00000
237.7 16.44632 14 1.00000
237.8 16.45418 14 1.00000
237.9 16.46593 14 1.00000
238.0 16.48223 14 1.00000
238.1 16.37310 14 1.00000
238.2 16.38614 14 1.00000
238.3 16.44901 14 1.00000
238.4 16.45685 14 1.00000
238.5 16.46745 14 1.00000
238.6 16.36258 14 1.00000
238.7 16.37822 14 1.00000
238.8 16.39565 14 1.00000
238.9 16.40702 14 1.00000
239.0 16.44651 14 1.00000
239.1 16.45588 14 1.00000
239.2 16.46738 14 1.00000
239.3 16.48282 14 1.00000
239.4 16.37125 14 1.00000
239.5 16.43746 14 1.00000
239.6 16.45022 14 1.00000
239.7 16.45225 14 1.00000
239.8 16.47561 14 1.00000
239.9 16.36307 14 1.00000
240.0 16.38193 14 1.00000
240.1 16.39722 14 1.00000
240.2 16.40477 14 1.00000
240.3 16.44405 14 1.00000
240.4 16.45723 14 1.00000
240.5 16.46757 14 1.00000
240.6 16.36283 14 1.00000
240.7 16.37370 14 1.00000
240.8 16.43624 14 1.00000
240.9 16.45105 14 1.00000
241.0 16.46540 14 1.00000
241.1 16.47869 14 1.00000
241.2 16.36148 14 1.00000
241.3 16.38613 14 1.00000
241.4 16.39968 14 1.00000
241.5 16.41808 14 1.00000
241.6 16.44907 14 1.00000
241.7 16.45226 14 1.00000
241.8 16.47766 14 1.00000
241.9 16.35965 14 1.00000
242.0 16.38191 14 1.00000
242.1 16.44398 14 1.00000
242.2 16.45712 14 1.00000
242.3 16.46729 14 1.00000
242.4 16.48277 14 1.00000
242.5 16.36931 14 1.00000
242.6 16.38355 14 1.00000
242.7 16.40108 14 1.00000
242.8 16.44611 14 1.00000
242.9 16.45387 14 1.00000
243.0 16.46619 14 1.00000
243.1 16.48240 14 1.00000
243.2 16.37312 14 1.00000
243.3 16.41783 14 1.00000
243.4 16.45025 14 1.00000
243.5 16.45236 14 1.00000
243.6 16.47206 14 1.00000
243.7 16.36308 14 1.00000
243.8 16.38267 14 1.00000
243.9 16.39787 14 1.00000
244.0 16.41178 14 1.00000
244.1 16.44046 14 1.00000
244.2 16.45677 14 1.00000
244.3 16.47324 14 1.00000
244.4 16.36155 14 1.00000
244.5 16.38001 14 1.00000
244.6 16.44631 14 1.00000
244.7 16.45624 14 1.00000
244.8 16.46681 14 1.00000
244.9 16.48039 14 1.00000
245.0 16.37121 14 1.00000
245.1 16.38333 14 1.00000
245.2 16.40133 14 1.00000
245.3 16.44441 14 1.00000
245.4 16.45398 14 1.00000
245.5 16.46648 14 1.00000
245.6 16.48244 14 1.00000
245.7 16.37301 14 1.00000
245.8 16.43751 14 1.00000
245.9 16.45001 14 1.00000
246.0 16.45390 14 1.00000
246.1 16.47762 14 1.00000
246.2 16.36323 14 1.00000
246.3 16.38544 14 1.00000
246.4 16.39855 14 1.00000
246.5 16.41715 14 1.00000
246.6 16.44910 14 1.00000
246.7 16.45344 14 1.00000
246.8 16.47806 14 1.00000
246.9 16.35917 14 1.00000
247.0 16.38269 14 1.00000
247.1 16.43953 14 1.00000
247.2 16.45717 14 1.00000
247.3 16.46839 14 1.00000
247.4 16.48318 14 1.00000
247.5 16.38016 14 1.00000
247.6 16.39646 14 1.00000
247.7 16.40650 14 1.00000
247.8 16.44613 14 1.00000
247.9 16.45708 14 1.00000
248.0 16.46467 14 1.00000
248.1 16.36321 14 1.00000
248.2 16.37997 14 1.00000
248.3 16.44623 14 1.00000
248.4 16.45700 14 1.00000
248.5 16.46721 14 1.00000
248.6 16.48288 14 1.00000
248.7 16.37089 14 1.00000
248.8 16.38626 14 1.00000
248.9 16.40883 14 1.00000
249.0 16.44650 14 1.00000
249.1 16.45611 14 1.00000
249.2 16.46849 14 1.00000
249.3 16.36256 14 1.00000
249.4 16.37371 14 1.00000
249.5 16.44427 14 1.00000
249.6 16.45438 14 1.00000
249.7 16.46674 14 1.00000
249.8 16.48026 14 1.00000
249.9 16.37117 14 1.00000
250.0 16.38337 14 1.00000
