15.0 2.27418 13 0.10281
15.1 2.31830 13 0.10653
15.2 2.36285 13 0.11027
15.3 2.40780 13 0.11401
15.4 2.45317 13 0.11777
15.5 2.49893 13 0.12154
15.6 2.56024 14 0.12532
15.7 2.62305 14 0.12911
15.8 2.68700 14 0.13291
15.9 2.75212 14 0.13672
16.0 2.81841 14 0.14054
16.1 2.88588 14 0.14437
16.2 2.95454 14 0.14822
16.3 3.02442 14 0.15207
16.4 3.09745 14 0.15588
16.5 3.16989 14 0.15975
16.6 3.24356 14 0.16363
16.7 3.31849 14 0.16752
16.8 3.39469 14 0.17142
16.9 3.47217 14 0.17533
17.0 3.55093 14 0.17924
17.1 3.63100 14 0.18317
17.2 3.71238 14 0.18710
17.3 3.79509 14 0.19105
17.4 3.87913 14 0.19500
17.5 3.96451 14 0.19896
17.6 4.03944 14 0.20292
17.7 4.11321 14 0.20690
17.8 4.18778 14 0.21088
17.9 4.26314 14 0.21487
18.0 4.33929 14 0.21887
18.1 4.41624 14 0.22288
18.2 4.49398 14 0.22689
18.3 4.57251 14 0.23092
18.4 4.65184 14 0.23494
18.5 4.73196 14 0.23898
18.6 4.81287 14 0.24302
18.7 4.89459 14 0.24708
18.8 4.98969 14 0.25198
18.9 5.11778 14 0.25865
19.0 5.24312 14 0.26544
19.1 5.37060 14 0.27229
19.2 5.50023 14 0.27921
19.3 5.63205 14 0.28620
19.4 5.76607 14 0.29326
19.5 5.90200 14 0.30039
19.6 6.03323 14 0.30763
19.7 6.17325 14 0.31490
19.8 6.31597 14 0.32224
19.9 6.46047 14 0.32965
20.0 6.60725 14 0.33713
20.1 6.75636 14 0.34469
20.2 6.90781 14 0.35232
20.3 7.06163 14 0.36003
20.4 7.26784 14 0.36799
20.5 7.42527 14 0.37584
20.6 7.58585 14 0.38376
20.7 7.70461 14 0.38912
20.8 7.79602 14 0.39280
20.9 7.88812 14 0.39648
21.0 7.98091 14 0.40018
21.1 8.07433 14 0.40388
21.2 8.15735 14 0.40764
21.3 8.25236 14 0.41136
21.4 8.34806 14 0.41510
21.5 8.44413 14 0.41884
21.6 8.54088 14 0.42260
21.7 8.63825 14 0.42637
21.8 8.73632 14 0.43015
21.9 8.83509 14 0.43394
22.0 8.92158 14 0.43778
22.1 9.02248 14 0.44159
22.2 9.12318 14 0.44541
22.3 9.22450 14 0.44925
22.4 9.32651 14 0.45309
22.5 9.42920 14 0.45695
22.6 9.53238 14 0.46082
22.7 9.62200 14 0.46473
22.8 9.72710 14 0.46862
22.9 9.83284 14 0.47251
23.0 9.93877 14 0.47643
23.1 10.04526 14 0.48035
23.2 10.15240 14 0.48428
23.3 10.26025 14 0.48823
23.4 10.36873 14 0.49218
23.5 10.46183 14 0.49618
23.6 10.57291 14 0.50016
23.7 10.68323 14 0.50415
23.8 10.79427 14 0.50815
23.9 10.90600 14 0.51216
24.0 11.01837 14 0.51618
24.1 11.13134 14 0.52022
24.2 11.22725 14 0.52430
24.3 11.34277 14 0.52835
24.4 11.45767 14 0.53242
24.5 11.57326 14 0.53650
24.6 11.68948 14 0.54059
24.7 11.80626 14 0.54470
24.8 11.92375 14 0.54881
24.9 12.04170 14 0.55294
25.0 12.14068 14 0.55711
25.1 12.26165 14 0.56126
25.2 12.38169 14 0.56542
25.3 12.50227 14 0.56959
25.4 12.62354 14 0.57378
25.5 12.74548 14 0.57798
25.6 12.86774 14 0.58219
25.7 12.96889 14 0.58643
25.8 13.09459 14 0.59066
25.9 13.21893 14 0.59491
26.0 13.34395 14 0.59917
26.1 13.46961 14 0.60344
26.2 13.59596 14 0.60772
26.3 13.72252 14 0.61201
26.4 13.82568 14 0.61634
26.5 13.95579 14 0.62066
26.6 14.08448 14 0.62499
26.7 14.21382 14 0.62933
26.8 14.34382 14 0.63368
26.9 14.47448 14 0.63805
27.0 14.60526 14 0.64243
27.1 14.73678 14 0.64682
27.2 14.84215 14 0.65125
27.3 14.97754 14 0.65566
27.4 15.11113 14 0.66009
27.5 15.24536 14 0.66453
27.6 15.38019 14 0.66898
27.7 15.51516 14 0.67345
27.8 15.65077 14 0.67793
27.9 15.75731 14 0.68244
28.0 15.89727 14 0.68694
28.1 16.03497 14 0.69146
28.2 16.17329 14 0.69599
28.3 16.31222 14 0.70053
28.4 16.45160 14 0.70509
28.5 16.59098 14 0.70966
28.6 16.69841 14 0.71426
28.7 16.84262 14 0.71885
28.8 16.98433 14 0.72346
28.9 17.12666 14 0.72808
29.0 17.26945 14 0.73271
29.1 17.41280 14 0.73735
29.2 17.55674 14 0.74201
29.3 17.66422 14 0.74670
29.4 17.80906 14 0.75139
29.5 17.95815 14 0.75608
29.6 18.10432 14 0.76080
29.7 18.25086 14 0.76552
29.8 18.39802 14 0.77026
29.9 18.54573 14 0.77501
30.0 18.69412 14 0.77978
30.1 18.80188 14 0.78457
30.2 18.95517 14 0.78936
30.3 19.10491 14 0.79417
30.4 19.25516 14 0.79899
30.5 19.40594 14 0.80382
30.6 19.55734 14 0.80867
30.7 19.70932 14 0.81353
30.8 19.81685 14 0.81841
30.9 19.97301 14 0.82330
31.0 20.12721 14 0.82820
31.1 20.28092 14 0.83312
31.2 20.43521 14 0.83805
31.3 20.59006 14 0.84299
31.4 20.74545 14 0.84795
31.5 20.85115 14 0.85293
31.6 21.00734 14 0.85791
31.7 21.16950 14 0.86291
31.8 21.32713 14 0.86792
31.9 21.48422 14 0.87295
32.0 21.64229 14 0.87799
32.1 21.80091 14 0.88305
32.2 21.96001 14 0.88812
32.3 22.06312 14 0.89321
32.4 22.22437 14 0.89831
32.5 22.38950 14 0.90342
32.6 22.55077 14 0.90855
32.7 22.71253 14 0.91369
32.8 22.87401 14 0.91884
32.9 23.03596 14 0.92402
33.0 23.13503 14 0.92921
33.1 23.29767 14 0.93441
33.2 23.46758 14 0.93962
33.3 23.63173 14 0.94485
33.4 23.79634 14 0.95009
33.5 23.96147 14 0.95535
33.6 24.12694 14 0.96063
33.7 24.29254 14 0.96591
33.8 24.38624 14 0.97122
33.9 24.55188 14 0.97654
34.0 24.72589 14 0.98187
34.1 24.89316 14 0.98722
34.2 25.06077 14 0.99258
34.3 25.22880 14 0.99796
34.4 25.31618 14 1.00000
34.5 25.27618 14 1.00000
34.6 25.31322 14 1.00000
34.7 25.35174 14 1.00000
34.8 25.39507 14 1.00000
34.9 25.43186 14 1.00000
35.0 25.46808 14 1.00000
35.1 25.50392 14 1.00000
35.2 25.53918 14 1.00000
35.3 25.36654 14 1.00000
35.4 25.40079 14 1.00000
35.5 25.43585 14 1.00000
35.6 25.47752 14 1.00000
35.7 25.51132 14 1.00000
35.8 25.40678 14 1.00000
35.9 25.43984 14 1.00000
36.0 25.38692 14 1.00000
36.1 25.41861 14 1.00000
36.2 25.45000 14 1.00000
36.3 25.34168 14 1.00000
36.4 25.38244 14 1.00000
36.5 25.41364 14 1.00000
36.6 25.44423 14 1.00000
36.7 25.38490 14 1.00000
36.8 23.65523 14 1.00000
36.9 22.31214 14 1.00000
37.0 19.70756 14 1.00000
37.1 18.44354 14 1.00000
37.2 16.70972 14 1.00000
37.3 14.14077 14 1.00000
37.4 13.93850 14 1.00000
37.5 13.85498 14 1.00000
37.6 13.82729 14 1.00000
37.7 13.74217 14 1.00000
37.8 13.71238 14 1.00000
37.9 13.62474 14 1.00000
38.0 13.62377 14 1.00000
38.1 13.55260 14 1.00000
38.2 13.54409 14 1.00000
38.3 13.50504 14 1.00000
38.4 13.47232 14 1.00000
38.5 13.37286 14 1.00000
38.6 13.34072 14 1.00000
38.7 13.31446 14 1.00000
38.8 13.27521 14 1.00000
38.9 13.22516 14 1.00000
39.0 13.12642 14 0.99665
39.1 13.14219 14 0.99739
39.2 12.98588 14 0.98998
39.3 12.93350 14 0.98749
39.4 12.84038 14 0.98305
39.5 12.78344 14 0.98032
39.6 12.66005 14 0.97439
39.7 12.54996 14 0.96907
39.8 12.56858 14 0.96997
39.9 12.32576 14 0.95817
40.0 12.37163 14 0.96041
40.1 12.42913 14 0.96321
40.2 12.52111 14 0.96768
40.3 12.79771 14 0.98100
40.4 12.87555 14 0.98473
40.5 12.94674 14 0.98812
40.6 13.01521 14 0.99138
40.7 13.08380 14 0.99463
40.8 13.15132 14 0.99782
40.9 13.20626 14 1.00000
41.0 13.23430 14 1.00000
41.1 13.27271 14 1.00000
41.2 13.31509 14 1.00000
41.3 13.37547 14 1.00000
41.4 13.43458 14 1.00000
41.5 13.51699 14 1.00000
41.6 13.55106 14 1.00000
41.7 13.58149 14 1.00000
41.8 13.61211 14 1.00000
41.9 13.64216 14 1.00000
42.0 13.67136 14 1.00000
42.1 13.69993 14 1.00000
42.2 13.73575 14 1.00000
42.3 13.79858 14 1.00000
42.4 13.85559 14 1.00000
42.5 13.90509 14 1.00000
42.6 13.94834 14 1.00000
42.7 14.02386 14 1.00000
42.8 14.05476 14 1.00000
42.9 14.08603 14 1.00000
43.0 14.11674 14 1.00000
43.1 14.14695 14 1.00000
43.2 14.17626 14 1.00000
43.3 14.20514 14 1.00000
43.4 14.24468 14 1.00000
43.5 14.31408 14 1.00000
43.6 14.36960 14 1.00000
43.7 14.41823 14 1.00000
43.8 14.46142 14 1.00000
43.9 14.53814 14 1.00000
44.0 14.56970 14 1.00000
44.1 14.60095 14 1.00000
44.2 14.63218 14 1.00000
44.3 14.66286 14 1.00000
44.4 14.69283 14 1.00000
44.5 14.72171 14 1.00000
44.6 14.75706 14 1.00000
44.7 14.82243 14 1.00000
44.8 14.88136 14 1.00000
44.9 14.93304 14 1.00000
45.0 14.97889 14 1.00000
45.1 15.05883 14 1.00000
45.2 15.09566 14 1.00000
45.3 15.12649 14 1.00000
45.4 15.15831 14 1.00000
45.5 15.18969 14 1.00000
45.6 15.22378 14 1.00000
45.7 15.25500 14 1.00000
45.8 15.28721 14 1.00000
45.9 15.32688 14 1.00000
46.0 15.36086 14 1.00000
46.1 15.40292 14 1.00000
46.2 15.44608 14 1.00000
46.3 15.51700 14 1.00000
46.4 15.55232 14 1.00000
46.5 15.61220 14 1.00000
46.6 15.65197 14 1.00000
46.7 15.70440 14 1.00000
46.8 15.75792 14 1.00000
46.9 15.79427 14 1.00000
47.0 15.84697 14 1.00000
47.1 15.88421 14 1.00000
47.2 15.93542 14 1.00000
47.3 15.97328 14 1.00000
47.4 16.00013 14 1.00000
47.5 16.06379 14 1.00000
47.6 16.09042 14 1.00000
47.7 16.15307 14 1.00000
47.8 16.18423 14 1.00000
47.9 16.24237 14 1.00000
48.0 16.27792 14 1.00000
48.1 16.27768 14 1.00000
48.2 16.37082 14 1.00000
48.3 16.39593 14 1.00000
48.4 16.46209 14 1.00000
48.5 16.49440 14 1.00000
48.6 16.49572 14 1.00000
48.7 16.59087 14 1.00000
48.8 16.61714 14 1.00000
48.9 16.62251 14 1.00000
49.0 16.72049 14 1.00000
49.1 16.73909 14 1.00000
49.2 16.76208 14 1.00000
49.3 16.84969 14 1.00000
49.4 16.85141 14 1.00000
49.5 16.89893 14 1.00000
49.6 16.98129 14 1.00000
49.7 16.98308 14 1.00000
49.8 17.02999 14 1.00000
49.9 17.11638 14 1.00000
50.0 17.11719 14 1.00000
50.1 17.15571 14 1.00000
50.2 17.20154 14 1.00000
50.3 17.27780 14 1.00000
50.4 17.28016 14 1.00000
50.5 17.34989 14 1.00000
50.6 17.42362 14 1.00000
50.7 17.42561 14 1.00000
50.8 17.46560 14 1.00000
50.9 17.53913 14 1.00000
51.0 17.59574 14 1.00000
51.1 17.59892 14 1.00000
51.2 17.64810 14 1.00000
51.3 17.72061 14 1.00000
51.4 17.77365 14 1.00000
51.5 17.77720 14 1.00000
51.6 17.82237 14 1.00000
51.7 17.89359 14 1.00000
51.8 17.95743 14 1.00000
51.9 17.96075 14 1.00000
52.0 17.98983 14 1.00000
52.1 18.06004 14 1.00000
52.2 18.12938 14 1.00000
52.3 18.17357 14 1.00000
52.4 18.17746 14 1.00000
52.5 18.21815 14 1.00000
52.6 18.28830 14 1.00000
52.7 18.35838 14 1.00000
52.8 18.39634 14 1.00000
52.9 18.40164 14 1.00000
53.0 18.43536 14 1.00000
53.1 18.50734 14 1.00000
53.2 18.57681 14 1.00000
53.3 18.62758 14 1.00000
53.4 18.65079 14 1.00000
53.5 18.65782 14 1.00000
53.6 18.71311 14 1.00000
53.7 18.78424 14 1.00000
53.8 18.85078 14 1.00000
53.9 18.89679 14 1.00000
54.0 18.92305 14 1.00000
54.1 18.93118 14 1.00000
54.2 18.97632 14 1.00000
54.3 19.04598 14 1.00000
54.4 19.11309 14 1.00000
54.5 19.17202 14 1.00000
54.6 19.20780 14 1.00000
54.7 19.21581 14 1.00000
54.8 19.24175 14 1.00000
54.9 19.29260 14 1.00000
55.0 19.36155 14 1.00000
55.1 19.42734 14 1.00000
55.2 19.48879 14 1.00000
55.3 19.52942 14 1.00000
55.4 19.56258 14 1.00000
55.5 19.57242 14 1.00000
55.6 19.59429 14 1.00000
55.7 19.65492 14 1.00000
55.8 19.72295 14 1.00000
55.9 19.74393 14 1.00000
56.0 19.84994 14 1.00000
56.1 19.89451 14 1.00000
56.2 19.93395 14 1.00000
56.3 19.96466 14 1.00000
56.4 19.97559 14 1.00000
56.5 19.99812 14 1.00000
56.6 20.05957 14 1.00000
56.7 20.08712 14 1.00000
56.8 20.25124 14 1.00000
56.9 20.25320 14 1.00000
57.0 20.30349 14 1.00000
57.1 20.34881 14 1.00000
57.2 20.38940 14 1.00000
57.3 20.42316 14 1.00000
57.4 20.43597 14 1.00000
57.5 20.46359 14 1.00000
57.6 20.49603 14 1.00000
57.7 20.62348 14 1.00000
57.8 20.68135 14 1.00000
57.9 20.74147 14 1.00000
58.0 20.80025 14 1.00000
58.1 20.79881 14 1.00000
58.2 20.84822 14 1.00000
58.3 20.89605 14 1.00000
58.4 20.93879 14 1.00000
58.5 20.97686 14 1.00000
58.6 21.01026 14 1.00000
58.7 21.10403 14 1.00000
58.8 21.08698 14 1.00000
58.9 21.14593 14 1.00000
59.0 21.20376 14 1.00000
59.1 21.26047 14 1.00000
59.2 21.31783 14 1.00000
59.3 21.37375 14 1.00000
59.4 21.42720 14 1.00000
59.5 21.48742 14 1.00000
59.6 21.53851 14 1.00000
59.7 21.53341 14 1.00000
59.8 21.61042 14 1.00000
59.9 21.58021 14 1.00000
60.0 21.61780 14 1.00000
60.1 21.64878 14 1.00000
60.2 21.67818 14 1.00000
60.3 21.72802 14 1.00000
60.4 21.78790 14 1.00000
60.5 21.84651 14 1.00000
60.6 21.90248 14 1.00000
60.7 21.95733 14 1.00000
60.8 22.01311 14 1.00000
60.9 22.06855 14 1.00000
61.0 22.12284 14 1.00000
61.1 22.17659 14 1.00000
61.2 22.19221 14 1.00000
61.3 22.26818 14 1.00000
61.4 22.31367 14 1.00000
61.5 22.36338 14 1.00000
61.6 22.41048 14 1.00000
61.7 22.45898 14 1.00000
61.8 22.50552 14 1.00000
61.9 22.54933 14 1.00000
62.0 22.59608 14 1.00000
62.1 22.63386 14 1.00000
62.2 22.67735 14 1.00000
62.3 22.71843 14 1.00000
62.4 22.76219 14 1.00000
62.5 22.77762 14 1.00000
62.6 22.82557 14 1.00000
62.7 22.86644 14 1.00000
62.8 22.90623 14 1.00000
62.9 22.94467 14 1.00000
63.0 23.05860 14 1.00000
63.1 23.08956 14 1.00000
63.2 23.09321 14 1.00000
63.3 23.14450 14 1.00000
63.4 23.19527 14 1.00000
63.5 23.24630 14 1.00000
63.6 23.29155 14 1.00000
63.7 23.34458 14 1.00000
63.8 23.39462 14 1.00000
63.9 23.44474 14 1.00000
64.0 23.49159 14 1.00000
64.1 23.54226 14 1.00000
64.2 23.59206 14 1.00000
64.3 23.59888 14 1.00000
64.4 23.61027 14 1.00000
64.5 23.66926 14 1.00000
64.6 23.74520 14 1.00000
64.7 23.83465 14 1.00000
64.8 23.90125 14 1.00000
64.9 23.98543 14 1.00000
65.0 24.02165 14 1.00000
65.1 24.07157 14 1.00000
65.2 24.11879 14 1.00000
65.3 24.16881 14 1.00000
65.4 24.21255 14 1.00000
65.5 24.26433 14 1.00000
65.6 24.31354 14 1.00000
65.7 24.36261 14 1.00000
65.8 24.40329 14 1.00000
65.9 24.45576 14 1.00000
66.0 24.50344 14 1.00000
66.1 24.55114 14 1.00000
66.2 24.59750 14 1.00000
66.3 24.64455 14 1.00000
66.4 24.69383 14 1.00000
66.5 24.74100 14 1.00000
66.6 24.78762 14 1.00000
66.7 24.83368 14 1.00000
66.8 24.87911 14 1.00000
66.9 24.92179 14 1.00000
67.0 24.97421 14 1.00000
67.1 25.01980 14 1.00000
67.2 25.06418 14 1.00000
67.3 25.09955 14 1.00000
67.4 25.10423 14 1.00000
67.5 25.08964 14 1.00000
67.6 25.27261 14 1.00000
67.7 25.31428 14 1.00000
67.8 25.35825 14 1.00000
67.9 25.40225 14 1.00000
68.0 25.43727 14 1.00000
68.1 25.48608 14 1.00000
68.2 25.53297 14 1.00000
68.3 25.57211 14 1.00000
68.4 25.62325 14 1.00000
68.5 25.66892 14 1.00000
68.6 25.65075 14 1.00000
68.7 25.72954 14 1.00000
68.8 25.81554 14 1.00000
68.9 25.86068 14 1.00000
69.0 25.90590 14 1.00000
69.1 25.95016 14 1.00000
69.2 25.98386 14 1.00000
69.3 26.03208 14 1.00000
69.4 26.07507 14 1.00000
69.5 26.11697 14 1.00000
69.6 26.15463 14 1.00000
69.7 26.13114 14 1.00000
69.8 26.25965 14 1.00000
69.9 26.30738 14 1.00000
70.0 26.34425 14 1.00000
70.1 26.39280 14 1.00000
70.2 26.43834 14 1.00000
70.3 26.47733 14 1.00000
70.4 26.52373 14 1.00000
70.5 26.56271 14 1.00000
70.6 26.60803 14 1.00000
70.7 26.64709 14 1.00000
70.8 26.68177 14 1.00000
70.9 26.73058 14 1.00000
71.0 26.76915 14 1.00000
71.1 26.80613 14 1.00000
71.2 26.84182 14 1.00000
71.3 26.87907 14 1.00000
71.4 26.91607 14 1.00000
71.5 26.95358 14 1.00000
71.6 26.99634 14 1.00000
71.7 27.06418 14 1.00000
71.8 27.18943 14 1.00000
71.9 27.13663 14 1.00000
72.0 27.18442 14 1.00000
72.1 27.23227 14 1.00000
72.2 27.28134 14 1.00000
72.3 27.33979 14 1.00000
72.4 27.44651 14 1.00000
72.5 27.44664 14 1.00000
72.6 27.50887 14 1.00000
72.7 27.63776 14 1.00000
72.8 27.63931 14 1.00000
72.9 27.68767 14 1.00000
73.0 27.76472 14 1.00000
73.1 27.82013 14 1.00000
73.2 27.86726 14 1.00000
73.3 27.92378 14 1.00000
73.4 27.97544 14 1.00000
73.5 28.01327 14 1.00000
73.6 28.06842 14 1.00000
73.7 28.11840 14 1.00000
73.8 28.16481 14 1.00000
73.9 28.20539 14 1.00000
74.0 28.26508 14 1.00000
74.1 28.31016 14 1.00000
74.2 28.34435 14 1.00000
74.3 28.50026 14 1.00000
74.4 28.52208 14 1.00000
74.5 28.57548 14 1.00000
74.6 28.61663 14 1.00000
74.7 28.65527 14 1.00000
74.8 28.69049 14 1.00000
74.9 28.71877 14 1.00000
75.0 28.77528 14 1.00000
75.1 28.79771 14 1.00000
75.2 28.88116 14 1.00000
75.3 28.89312 14 1.00000
75.4 28.93593 14 1.00000
75.5 28.97881 14 1.00000
75.6 29.01338 14 1.00000
75.7 29.05348 14 1.00000
75.8 29.07758 14 1.00000
75.9 29.13235 14 1.00000
76.0 29.16674 14 1.00000
76.1 29.19995 14 1.00000
76.2 29.23284 14 1.00000
76.3 29.23888 14 1.00000
76.4 29.28384 14 1.00000
76.5 29.33097 14 1.00000
76.6 29.48485 14 1.00000
76.7 29.42305 14 1.00000
76.8 29.46976 14 1.00000
76.9 29.51665 14 1.00000
77.0 29.56364 14 1.00000
77.1 29.68297 14 1.00000
77.2 29.82097 14 1.00000
77.3 29.75196 14 1.00000
77.4 29.78188 14 1.00000
77.5 29.83738 14 1.00000
77.6 29.89510 14 1.00000
77.7 29.95519 14 1.00000
77.8 30.01336 14 1.00000
77.9 29.98337 14 1.00000
78.0 30.18032 14 1.00000
78.1 30.28045 14 1.00000
78.2 30.34936 14 1.00000
78.3 30.40853 14 1.00000
78.4 30.36093 14 1.00000
78.5 30.40603 14 1.00000
78.6 30.45344 14 1.00000
78.7 30.49018 14 1.00000
78.8 30.54799 14 1.00000
78.9 30.59679 14 1.00000
79.0 30.64498 14 1.00000
79.1 30.68731 14 1.00000
79.2 30.71760 14 1.00000
79.3 30.88406 14 1.00000
79.4 30.90762 14 1.00000
79.5 30.93101 14 1.00000
79.6 30.97128 14 1.00000
79.7 31.01502 14 1.00000
79.8 31.07111 14 1.00000
79.9 31.10476 14 1.00000
80.0 31.14938 14 1.00000
80.1 31.19201 14 1.00000
80.2 31.23486 14 1.00000
80.3 31.27516 14 1.00000
80.4 31.30994 14 1.00000
80.5 31.34125 14 1.00000
80.6 31.39339 14 1.00000
80.7 31.40383 14 1.00000
80.8 31.46940 14 1.00000
80.9 31.49204 14 1.00000
81.0 31.53955 14 1.00000
81.1 31.49471 14 1.00000
81.2 31.54249 14 1.00000
81.3 31.64087 14 1.00000
81.4 31.67017 14 1.00000
81.5 31.69897 14 1.00000
81.6 31.73749 14 1.00000
81.7 31.78108 14 1.00000
81.8 31.83302 14 1.00000
81.9 31.89668 14 1.00000
82.0 31.92547 14 1.00000
82.1 31.98925 14 1.00000
82.2 32.06305 14 1.00000
82.3 32.13704 14 1.00000
82.4 32.20677 14 1.00000
82.5 32.25599 14 1.00000
82.6 32.30754 14 1.00000
82.7 32.37673 14 1.00000
82.8 32.43270 14 1.00000
82.9 32.48065 14 1.00000
83.0 32.53791 14 1.00000
83.1 32.61639 14 1.00000
83.2 32.67064 14 1.00000
83.3 32.71860 14 1.00000
83.4 32.76606 14 1.00000
83.5 32.81042 14 1.00000
83.6 32.86549 14 1.00000
83.7 32.91522 14 1.00000
83.8 33.01242 14 1.00000
83.9 32.95613 14 1.00000
84.0 33.04869 14 1.00000
84.1 33.19287 14 1.00000
84.2 33.21440 14 1.00000
84.3 33.18841 14 1.00000
84.4 33.29609 14 1.00000
84.5 33.33398 14 1.00000
84.6 33.38169 14 1.00000
84.7 33.31409 14 1.00000
84.8 33.46687 14 1.00000
84.9 33.50029 14 1.00000
85.0 33.54890 14 1.00000
85.1 33.58356 14 1.00000
85.2 33.61979 14 1.00000
85.3 33.66914 14 1.00000
85.4 33.67495 14 1.00000
85.5 33.74580 14 1.00000
85.6 33.76593 14 1.00000
85.7 33.81445 14 1.00000
85.8 33.85653 14 1.00000
85.9 33.88725 14 1.00000
86.0 33.90945 14 1.00000
86.1 33.94384 14 1.00000
86.2 33.97181 14 1.00000
86.3 34.05191 14 1.00000
86.4 34.07305 14 1.00000
86.5 34.28453 14 1.00000
86.6 34.36617 14 1.00000
86.7 34.24812 14 1.00000
86.8 34.33034 14 1.00000
86.9 34.40518 14 1.00000
87.0 34.43556 14 1.00000
87.1 34.52581 14 1.00000
87.2 34.58600 14 1.00000
87.3 34.63114 14 1.00000
87.4 34.70329 14 1.00000
87.5 34.78356 14 1.00000
87.6 34.82066 14 1.00000
87.7 34.89437 14 1.00000
87.8 34.94245 14 1.00000
87.9 34.97194 14 1.00000
88.0 35.11101 14 1.00000
88.1 35.08478 14 1.00000
88.2 35.03632 14 1.00000
88.3 35.15081 14 1.00000
88.4 35.23529 14 1.00000
88.5 35.26280 14 1.00000
88.6 35.33065 14 1.00000
88.7 35.37188 14 1.00000
88.8 35.41435 14 1.00000
88.9 35.55662 14 1.00000
89.0 35.59193 14 1.00000
89.1 35.63517 14 1.00000
89.2 35.68227 14 1.00000
89.3 35.72407 14 1.00000
89.4 35.76369 14 1.00000
89.5 35.80302 14 1.00000
89.6 35.82069 14 1.00000
89.7 35.86888 14 1.00000
89.8 35.92496 14 1.00000
89.9 35.96835 14 1.00000
90.0 35.97660 14 1.00000
90.1 36.04793 14 1.00000
90.2 36.06668 14 1.00000
90.3 36.12769 14 1.00000
90.4 36.14687 14 1.00000
90.5 36.20158 14 1.00000
90.6 36.24296 14 1.00000
90.7 36.27459 14 1.00000
90.8 36.30346 14 1.00000
90.9 36.33105 14 1.00000
91.0 36.35833 14 1.00000
91.1 36.39467 14 1.00000
91.2 36.43874 14 1.00000
91.3 36.51048 14 1.00000
91.4 36.60192 14 1.00000
91.5 36.68761 14 1.00000
91.6 36.75664 14 1.00000
91.7 36.80995 14 1.00000
91.8 36.88795 14 1.00000
91.9 36.92214 14 1.00000
92.0 37.00887 14 1.00000
92.1 37.06288 14 1.00000
92.2 37.11432 14 1.00000
92.3 37.17934 14 1.00000
92.4 37.23294 14 1.00000
92.5 37.31028 14 1.00000
92.6 37.34083 14 1.00000
92.7 37.41449 14 1.00000
92.8 37.47151 14 1.00000
92.9 37.52389 14 1.00000
93.0 37.57487 14 1.00000
93.1 37.62417 14 1.00000
93.2 37.66838 14 1.00000
93.3 37.69653 14 1.00000
93.4 37.76999 14 1.00000
93.5 37.81735 14 1.00000
93.6 37.83769 14 1.00000
93.7 37.90973 14 1.00000
93.8 37.93928 14 1.00000
93.9 38.09250 14 1.00000
94.0 38.13294 14 1.00000
94.1 38.17440 14 1.00000
94.2 38.18018 14 1.00000
94.3 38.24692 14 1.00000
94.4 38.30039 14 1.00000
94.5 38.34501 14 1.00000
94.6 38.38634 14 1.00000
94.7 38.39683 14 1.00000
94.8 38.46691 14 1.00000
94.9 38.51241 14 1.00000
95.0 38.52507 14 1.00000
95.1 38.59530 14 1.00000
95.2 38.60281 14 1.00000
95.3 38.67682 14 1.00000
95.4 38.70848 14 1.00000
95.5 38.73507 14 1.00000
95.6 38.79569 14 1.00000
95.7 38.83342 14 1.00000
95.8 38.86664 14 1.00000
95.9 38.89479 14 1.00000
96.0 38.92250 14 1.00000
96.1 38.95003 14 1.00000
96.2 39.00728 14 1.00000
96.3 39.10590 14 1.00000
96.4 39.19466 14 1.00000
96.5 39.26726 14 1.00000
96.6 39.32825 14 1.00000
96.7 39.40453 14 1.00000
96.8 39.45723 14 1.00000
96.9 39.53189 14 1.00000
97.0 39.57946 14 1.00000
97.1 39.65304 14 1.00000
97.2 39.67352 14 1.00000
97.3 39.76492 14 1.00000
97.4 39.82489 14 1.00000
97.5 39.87897 14 1.00000
97.6 39.95633 14 1.00000
97.7 40.00987 14 1.00000
97.8 40.03999 14 1.00000
97.9 40.10804 14 1.00000
98.0 40.16499 14 1.00000
98.1 40.21596 14 1.00000
98.2 40.25989 14 1.00000
98.3 40.29052 14 1.00000
98.4 40.37751 14 1.00000
98.5 40.42817 14 1.00000
98.6 40.46841 14 1.00000
98.7 40.52263 14 1.00000
98.8 40.57222 14 1.00000
98.9 40.59085 14 1.00000
99.0 40.66516 14 1.00000
99.1 40.68811 14 1.00000
99.2 40.84361 14 1.00000
99.3 40.88807 14 1.00000
99.4 40.92545 14 1.00000
99.5 40.96261 14 1.00000
99.6 41.01854 14 1.00000
99.7 41.06332 14 1.00000
99.8 41.08681 14 1.00000
99.9 41.14148 14 1.00000
100.0 41.19379 14 1.00000
100.1 41.21697 14 1.00000
100.2 41.27660 14 1.00000
100.3 41.32110 14 1.00000
100.4 41.36052 14 1.00000
100.5 41.40453 14 1.00000
100.6 41.44878 14 1.00000
100.7 41.47609 14 1.00000
100.8 41.52823 14 1.00000
100.9 41.57131 14 1.00000
101.0 41.60990 14 1.00000
101.1 41.64433 14 1.00000
101.2 41.67519 14 1.00000
101.3 41.70351 14 1.00000
101.4 41.76068 14 1.00000
101.5 41.85918 14 1.00000
101.6 41.94262 14 1.00000
101.7 41.98333 14 1.00000
101.8 42.08779 14 1.00000
101.9 42.11921 14 1.00000
102.0 42.22345 14 1.00000
102.1 42.26416 14 1.00000
102.2 42.35151 14 1.00000
102.3 42.39067 14 1.00000
102.4 42.47433 14 1.00000
102.5 42.51543 14 1.00000
102.6 42.57969 14 1.00000
102.7 42.64479 14 1.00000
102.8 42.68953 14 1.00000
102.9 42.73427 14 1.00000
103.0 42.77901 14 1.00000
103.1 42.82376 14 1.00000
103.2 42.86850 14 1.00000
103.3 42.91723 14 1.00000
103.4 42.96619 14 1.00000
103.5 43.01458 14 1.00000
103.6 43.06244 14 1.00000
103.7 43.10945 14 1.00000
103.8 43.15702 14 1.00000
103.9 43.20395 14 1.00000
104.0 43.25013 14 1.00000
104.1 43.29665 14 1.00000
104.2 43.34261 14 1.00000
104.3 43.38838 14 1.00000
104.4 43.43395 14 1.00000
104.5 43.47935 14 1.00000
104.6 43.52448 14 1.00000
104.7 43.58444 14 1.00000
104.8 43.62914 14 1.00000
104.9 43.67391 14 1.00000
105.0 43.71863 14 1.00000
105.1 43.76332 14 1.00000
105.2 43.80799 14 1.00000
105.3 43.85267 14 1.00000
105.4 43.89735 14 1.00000
105.5 43.94450 14 1.00000
105.6 43.99534 14 1.00000
105.7 44.03773 14 1.00000
105.8 44.08012 14 1.00000
105.9 44.13083 14 1.00000
106.0 44.17365 14 1.00000
106.1 44.21649 14 1.00000
106.2 44.26720 14 1.00000
106.3 44.31041 14 1.00000
106.4 44.35364 14 1.00000
106.5 44.40451 14 1.00000
106.6 44.44811 14 1.00000
106.7 44.49177 14 1.00000
106.8 44.53555 14 1.00000
106.9 44.58698 14 1.00000
107.0 44.63120 14 1.00000
107.1 44.67553 14 1.00000
107.2 44.72005 14 1.00000
107.3 44.76477 14 1.00000
107.4 44.80965 14 1.00000
107.5 44.86281 14 1.00000
107.6 44.90850 14 1.00000
107.7 44.95448 14 1.00000
107.8 45.00081 14 1.00000
107.9 45.04758 14 1.00000
108.0 45.09485 14 1.00000
108.1 45.14285 14 1.00000
108.2 45.19186 14 1.00000
108.3 45.24191 14 1.00000
108.4 45.29359 14 1.00000
108.5 45.34725 14 1.00000
108.6 45.40327 14 1.00000
108.7 45.46250 14 1.00000
108.8 45.50673 14 1.00000
108.9 45.57298 14 1.00000
109.0 45.65644 14 1.00000
109.1 45.74208 14 1.00000
109.2 45.82782 14 1.00000
109.3 45.91320 14 1.00000
109.4 45.99892 14 1.00000
109.5 46.08459 14 1.00000
109.6 46.17000 14 1.00000
109.7 46.25565 14 1.00000
109.8 46.34130 14 1.00000
109.9 46.42664 14 1.00000
110.0 46.51233 14 1.00000
110.1 46.59790 14 1.00000
110.2 46.68327 14 1.00000
110.3 46.76889 14 1.00000
110.4 46.85450 14 1.00000
110.5 46.94010 14 1.00000
110.6 47.02544 14 1.00000
110.7 47.11103 14 1.00000
110.8 47.19666 14 1.00000
110.9 47.28198 14 1.00000
111.0 47.36754 14 1.00000
111.1 47.45309 14 1.00000
111.2 47.53839 14 1.00000
111.3 47.62388 14 1.00000
111.4 47.70946 14 1.00000
111.5 47.79469 14 1.00000
111.6 47.88025 14 1.00000
111.7 47.96571 14 1.00000
111.8 48.05125 14 1.00000
111.9 48.13650 14 1.00000
112.0 48.22193 14 1.00000
112.1 48.30740 14 1.00000
112.2 48.39267 14 1.00000
112.3 48.47812 14 1.00000
112.4 48.56351 14 1.00000
112.5 48.64870 14 1.00000
112.6 48.73418 14 1.00000
112.7 48.81955 14 1.00000
112.8 48.90501 14 1.00000
112.9 48.99010 14 1.00000
113.0 49.07555 14 1.00000
113.1 49.16092 14 1.00000
113.2 49.24605 14 1.00000
113.3 49.33136 14 1.00000
113.4 49.41676 14 1.00000
113.5 49.50180 14 1.00000
113.6 49.58714 14 1.00000
113.7 49.67245 14 1.00000
113.8 49.75776 14 1.00000
113.9 49.84287 14 1.00000
114.0 49.92816 14 1.00000
114.1 50.01339 14 1.00000
114.2 50.09841 14 1.00000
114.3 50.18372 14 1.00000
114.4 50.26891 14 1.00000
114.5 50.35391 14 1.00000
114.6 50.43919 14 1.00000
114.7 50.52440 14 1.00000
114.8 50.60955 14 1.00000
114.9 50.69456 14 1.00000
115.0 50.77969 14 1.00000
115.1 50.86491 14 1.00000
115.2 50.94978 14 1.00000
115.3 51.03492 14 1.00000
115.4 51.12006 14 1.00000
115.5 51.20518 14 1.00000
115.6 51.29011 14 1.00000
115.7 51.37516 14 1.00000
115.8 51.46030 14 1.00000
115.9 51.54514 14 1.00000
116.0 51.63016 14 1.00000
116.1 51.71526 14 1.00000
116.2 51.80002 14 1.00000
116.3 51.88510 14 1.00000
116.4 51.97007 14 1.00000
116.5 52.05508 14 1.00000
116.6 52.13984 14 1.00000
116.7 52.22482 14 1.00000
116.8 52.30979 14 1.00000
116.9 52.39451 14 1.00000
117.0 52.47946 14 1.00000
117.1 52.56439 14 1.00000
117.2 52.64936 14 1.00000
117.3 52.73404 14 1.00000
117.4 52.81894 14 1.00000
117.5 52.90382 14 1.00000
117.6 52.98840 14 1.00000
117.7 53.07326 14 1.00000
117.8 53.15816 14 1.00000
117.9 53.24294 14 1.00000
118.0 53.32753 14 1.00000
118.1 53.41236 14 1.00000
118.2 53.49713 14 1.00000
118.3 53.58168 14 1.00000
118.4 53.18237 14 1.00000
118.5 53.26699 14 1.00000
118.6 53.35185 14 1.00000
118.7 53.43675 14 1.00000
118.8 53.52153 14 1.00000
118.9 53.60631 14 1.00000
119.0 53.20702 14 1.00000
119.1 53.29173 14 1.00000
119.2 53.37663 14 1.00000
119.3 53.46146 14 1.00000
119.4 53.54649 14 1.00000
119.5 53.14713 14 1.00000
119.6 53.23218 14 1.00000
119.7 53.31684 14 1.00000
119.8 53.40182 14 1.00000
119.9 53.48718 14 1.00000
120.0 53.57199 14 1.00000
120.1 53.17274 14 1.00000
120.2 53.25755 14 1.00000
120.3 53.34248 14 1.00000
120.4 53.42773 14 1.00000
120.5 53.51312 14 1.00000
120.6 53.59792 14 1.00000
120.7 53.19880 14 1.00000
120.8 53.28363 14 1.00000
120.9 53.36889 14 1.00000
121.0 53.45435 14 1.00000
121.1 53.53969 14 1.00000
121.2 53.14025 14 1.00000
121.3 53.22532 14 1.00000
121.4 53.31021 14 1.00000
121.5 53.39595 14 1.00000
121.6 53.48143 14 1.00000
121.7 53.56636 14 1.00000
121.8 53.16718 14 1.00000
121.9 53.25216 14 1.00000
122.0 53.33772 14 1.00000
122.1 53.42327 14 1.00000
122.2 53.50873 14 1.00000
122.3 53.59375 14 1.00000
122.4 53.19464 14 1.00000
122.5 53.28011 14 1.00000
122.6 53.36567 14 1.00000
122.7 53.45130 14 1.00000
122.8 53.53676 14 1.00000
122.9 53.13744 14 1.00000
123.0 53.22291 14 1.00000
123.1 53.30833 14 1.00000
123.2 53.39391 14 1.00000
123.3 53.47973 14 1.00000
123.4 53.56484 14 1.00000
123.5 53.16582 14 1.00000
123.6 53.25156 14 1.00000
123.7 53.33724 14 1.00000
123.8 53.42286 14 1.00000
123.9 53.50854 14 1.00000
124.0 53.59363 14 1.00000
124.1 53.19515 14 1.00000
124.2 53.28087 14 1.00000
124.3 53.36664 14 1.00000
124.4 53.45234 14 1.00000
124.5 53.53786 14 1.00000
124.6 53.13894 14 1.00000
124.7 53.22495 14 1.00000
124.8 53.31048 14 1.00000
124.9 53.39628 14 1.00000
125.0 53.48217 14 1.00000
125.1 53.56762 14 1.00000
125.2 53.16919 14 1.00000
125.3 53.25499 14 1.00000
125.4 53.34084 14 1.00000
125.5 53.42662 14 1.00000
125.6 53.51231 14 1.00000
125.7 53.59827 14 1.00000
125.8 53.19991 14 1.00000
125.9 53.28580 14 1.00000
126.0 53.37162 14 1.00000
126.1 53.45739 14 1.00000
126.2 53.54355 14 1.00000
126.3 53.14516 14 1.00000
126.4 53.23115 14 1.00000
126.5 53.31679 14 1.00000
126.6 53.40283 14 1.00000
126.7 53.48894 14 1.00000
126.8 53.57487 14 1.00000
126.9 53.17685 14 1.00000
127.0 53.26258 14 1.00000
127.1 53.34849 14 1.00000
127.2 53.43438 14 1.00000
127.3 53.52094 14 1.00000
127.4 53.60691 14 1.00000
127.5 53.20872 14 1.00000
127.6 53.29467 14 1.00000
127.7 53.38066 14 1.00000
127.8 53.46700 14 1.00000
127.9 53.55327 14 1.00000
128.0 53.15530 14 1.00000
128.1 53.24134 14 1.00000
128.2 53.32732 14 1.00000
128.3 53.41348 14 1.00000
128.4 53.50017 14 1.00000
128.5 53.58627 14 1.00000
128.6 53.18831 14 1.00000
128.7 53.27415 14 1.00000
128.8 53.36035 14 1.00000
128.9 53.44711 14 1.00000
129.0 53.53350 14 1.00000
129.1 53.13548 14 1.00000
129.2 53.22184 14 1.00000
129.3 53.30766 14 1.00000
129.4 53.39418 14 1.00000
129.5 53.48116 14 1.00000
129.6 53.56754 14 1.00000
129.7 53.16935 14 1.00000
129.8 53.25555 14 1.00000
129.9 53.34183 14 1.00000
130.0 53.42885 14 1.00000
130.1 53.51565 14 1.00000
130.2 53.60184 14 1.00000
130.3 53.20374 14 1.00000
130.4 53.28991 14 1.00000
130.5 53.37675 14 1.00000
130.6 53.46385 14 1.00000
130.7 53.55030 14 1.00000
130.8 53.15240 14 1.00000
130.9 53.23863 14 1.00000
131.0 53.32527 14 1.00000
131.1 53.41239 14 1.00000
131.2 53.49924 14 1.00000
131.3 53.58551 14 1.00000
131.4 53.18769 14 1.00000
131.5 53.27376 14 1.00000
131.6 53.36110 14 1.00000
131.7 53.44826 14 1.00000
131.8 53.53488 14 1.00000
131.9 53.13694 14 1.00000
132.0 53.22353 14 1.00000
132.1 53.31020 14 1.00000
132.2 53.39742 14 1.00000
132.3 53.48452 14 1.00000
132.4 53.57108 14 1.00000
132.5 53.17318 14 1.00000
132.6 53.25969 14 1.00000
132.7 53.34715 14 1.00000
132.8 53.43435 14 1.00000
132.9 53.52127 14 1.00000
133.0 53.60764 14 1.00000
133.1 53.20982 14 1.00000
133.2 53.29707 14 1.00000
133.3 53.38461 14 1.00000
133.4 53.47155 14 1.00000
133.5 53.55817 14 1.00000
133.6 53.16056 14 1.00000
133.7 53.24744 14 1.00000
133.8 53.33492 14 1.00000
133.9 53.42219 14 1.00000
134.0 53.50941 14 1.00000
134.1 53.59568 14 1.00000
134.2 53.19804 14 1.00000
134.3 53.28572 14 1.00000
134.4 53.37321 14 1.00000
134.5 53.46051 14 1.00000
134.6 53.54726 14 1.00000
134.7 53.14960 14 1.00000
134.8 53.23679 14 1.00000
134.9 53.32463 14 1.00000
135.0 53.41198 14 1.00000
135.1 53.49908 14 1.00000
135.2 53.58560 14 1.00000
135.3 53.18807 14 1.00000
135.4 53.27600 14 1.00000
135.5 53.36381 14 1.00000
135.6 53.45094 14 1.00000
135.7 53.53781 14 1.00000
135.8 53.14021 14 1.00000
135.9 53.22818 14 1.00000
136.0 53.31557 14 1.00000
136.1 53.40298 14 1.00000
136.2 53.49063 14 1.00000
136.3 53.57718 14 1.00000
136.4 53.17971 14 1.00000
136.5 53.26818 14 1.00000
136.6 53.35569 14 1.00000
136.7 53.44308 14 1.00000
136.8 53.53024 14 1.00000
136.9 53.13271 14 1.00000
137.0 53.22093 14 1.00000
137.1 53.30868 14 1.00000
137.2 53.39616 14 1.00000
137.3 53.48367 14 1.00000
137.4 53.57054 14 1.00000
137.5 53.17337 14 1.00000
137.6 53.26191 14 1.00000
137.7 53.34968 14 1.00000
137.8 53.43719 14 1.00000
137.9 53.52441 14 1.00000
138.0 53.61105 14 1.00000
138.1 53.21538 14 1.00000
138.2 53.30352 14 1.00000
138.3 53.39108 14 1.00000
138.4 53.47832 14 1.00000
138.5 53.56530 14 1.00000
138.6 53.16861 14 1.00000
138.7 53.25746 14 1.00000
138.8 53.34534 14 1.00000
138.9 53.43292 14 1.00000
139.0 53.52022 14 1.00000
139.1 53.60697 14 1.00000
139.2 53.21155 14 1.00000
139.3 53.29976 14 1.00000
139.4 53.38762 14 1.00000
139.5 53.47493 14 1.00000
139.6 53.56193 14 1.00000
139.7 53.16563 14 1.00000
139.8 53.25479 14 1.00000
139.9 53.34269 14 1.00000
140.0 53.43010 14 1.00000
140.1 53.51765 14 1.00000
140.2 53.60452 14 1.00000
140.3 53.20968 14 1.00000
140.4 53.29790 14 1.00000
140.5 53.38578 14 1.00000
140.6 53.47326 14 1.00000
140.7 53.56028 14 1.00000
140.8 53.16305 14 1.00000
140.9 53.25344 14 1.00000
141.0 53.34147 14 1.00000
141.1 53.42918 14 1.00000
141.2 53.51680 14 1.00000
141.3 53.60373 14 1.00000
141.4 53.20937 14 1.00000
141.5 53.29772 14 1.00000
141.6 53.38542 14 1.00000
141.7 53.47315 14 1.00000
141.8 53.56029 14 1.00000
141.9 53.16318 14 1.00000
142.0 53.25406 14 1.00000
142.1 53.34209 14 1.00000
142.2 53.42987 14 1.00000
142.3 53.51760 14 1.00000
142.4 53.60455 14 1.00000
142.5 53.21078 14 1.00000
142.6 53.29919 14 1.00000
142.7 53.38720 14 1.00000
142.8 53.47481 14 1.00000
142.9 53.56196 14 1.00000
143.0 53.16487 14 1.00000
143.1 53.25656 14 1.00000
143.2 53.34472 14 1.00000
143.3 53.43227 14 1.00000
143.4 53.52011 14 1.00000
143.5 53.60713 14 1.00000
143.6 53.21384 14 1.00000
143.7 53.30231 14 1.00000
143.8 53.39044 14 1.00000
143.9 53.47801 14 1.00000
144.0 53.56533 14 1.00000
144.1 53.16830 14 1.00000
144.2 53.26047 14 1.00000
144.3 53.34864 14 1.00000
144.4 53.43655 14 1.00000
144.5 53.52422 14 1.00000
144.6 53.61130 14 1.00000
144.7 53.21887 14 1.00000
144.8 53.30727 14 1.00000
144.9 53.39521 14 1.00000
145.0 53.48296 14 1.00000
145.1 53.57028 14 1.00000
145.2 53.17333 14 1.00000
145.3 53.26602 14 1.00000
145.4 53.35425 14 1.00000
145.5 53.44227 14 1.00000
145.6 53.52991 14 1.00000
145.7 53.13291 14 1.00000
145.8 53.22005 14 1.00000
145.9 53.31371 14 1.00000
146.0 53.40173 14 1.00000
146.1 53.48972 14 1.00000
146.2 53.57711 14 1.00000
146.3 53.17999 14 1.00000
146.4 53.27344 14 1.00000
146.5 53.36150 14 1.00000
146.6 53.44953 14 1.00000
146.7 53.53733 14 1.00000
146.8 53.14030 14 1.00000
146.9 53.22779 14 1.00000
147.0 53.32174 14 1.00000
147.1 53.41004 14 1.00000
147.2 53.49802 14 1.00000
147.3 53.58532 14 1.00000
147.4 53.18846 14 1.00000
147.5 53.27545 14 1.00000
147.6 53.37082 14 1.00000
147.7 53.45868 14 1.00000
147.8 53.54646 14 1.00000
147.9 53.14941 14 1.00000
148.0 53.23686 14 1.00000
148.1 53.33184 14 1.00000
148.2 53.41992 14 1.00000
148.3 53.50783 14 1.00000
148.4 53.59509 14 1.00000
148.5 53.19836 14 1.00000
148.6 53.28547 14 1.00000
148.7 53.38129 14 1.00000
148.8 53.46945 14 1.00000
148.9 53.55701 14 1.00000
149.0 53.16032 14 1.00000
149.1 53.24760 14 1.00000
149.2 53.33491 14 1.00000
149.3 53.43122 14 1.00000
149.4 53.51943 14 1.00000
149.5 53.60675 14 1.00000
149.6 53.20987 14 1.00000
149.7 53.29721 14 1.00000
149.8 53.39360 14 1.00000
149.9 53.48158 14 1.00000
150.0 53.56920 14 1.00000
150.1 53.17259 14 1.00000
150.2 53.25998 14 1.00000
150.3 53.34725 14 1.00000
150.4 53.44436 14 1.00000
150.5 53.53234 14 1.00000
150.6 53.13562 14 1.00000
150.7 53.22329 14 1.00000
150.8 53.31037 14 1.00000
150.9 53.39771 14 1.00000
151.0 53.49574 14 1.00000
151.1 53.58327 14 1.00000
151.2 53.18645 14 1.00000
151.3 53.27390 14 1.00000
151.4 53.36128 14 1.00000
151.5 53.45906 14 1.00000
151.6 53.54707 14 1.00000
151.7 53.15020 14 1.00000
151.8 53.23797 14 1.00000
151.9 53.32516 14 1.00000
152.0 53.41278 14 1.00000
152.1 53.51109 14 1.00000
152.2 53.59857 14 1.00000
152.3 53.20212 14 1.00000
152.4 53.28940 14 1.00000
152.5 53.37707 14 1.00000
152.6 53.46449 14 1.00000
152.7 53.56318 14 1.00000
152.8 53.16662 14 1.00000
152.9 53.25399 14 1.00000
153.0 53.34170 14 1.00000
153.1 53.42912 14 1.00000
153.2 53.51654 14 1.00000
153.3 53.13153 14 1.00000
153.4 53.21907 14 1.00000
153.5 53.30664 14 1.00000
153.6 53.39420 14 1.00000
153.7 53.48167 14 1.00000
153.8 53.58103 14 1.00000
153.9 53.18443 14 1.00000
154.0 53.27198 14 1.00000
154.1 53.35958 14 1.00000
154.2 53.44705 14 1.00000
154.3 53.53458 14 1.00000
154.4 53.15002 14 1.00000
154.5 53.23791 14 1.00000
154.6 53.32531 14 1.00000
154.7 53.41305 14 1.00000
154.8 53.50062 14 1.00000
154.9 53.58760 14 1.00000
155.0 53.20391 14 1.00000
155.1 53.29139 14 1.00000
155.2 53.37922 14 1.00000
155.3 53.46680 14 1.00000
155.4 53.55398 14 1.00000
155.5 53.15690 14 1.00000
155.6 53.25783 14 1.00000
155.7 53.34570 14 1.00000
155.8 53.43332 14 1.00000
155.9 53.52090 14 1.00000
156.0 53.60793 14 1.00000
156.1 53.22479 14 1.00000
156.2 53.31247 14 1.00000
156.3 53.40018 14 1.00000
156.4 53.48777 14 1.00000
156.5 53.57510 14 1.00000
156.6 53.17811 14 1.00000
156.7 53.27969 14 1.00000
156.8 53.36734 14 1.00000
156.9 53.45524 14 1.00000
157.0 53.54265 14 1.00000
157.1 53.14562 14 1.00000
157.2 53.23289 14 1.00000
157.3 53.33512 14 1.00000
157.4 53.42288 14 1.00000
157.5 53.51051 14 1.00000
157.6 53.59769 14 1.00000
157.7 53.20074 14 1.00000
157.8 53.28785 14 1.00000
157.9 53.39077 14 1.00000
158.0 53.47855 14 1.00000
158.1 53.56593 14 1.00000
158.2 53.16902 14 1.00000
158.3 53.25618 14 1.00000
158.4 53.34350 14 1.00000
158.5 53.44687 14 1.00000
158.6 53.53455 14 1.00000
158.7 53.13755 14 1.00000
158.8 53.22498 14 1.00000
158.9 53.31210 14 1.00000
159.0 53.41575 14 1.00000
159.1 53.50352 14 1.00000
159.2 53.59069 14 1.00000
159.3 53.19388 14 1.00000
159.4 53.28109 14 1.00000
159.5 53.36852 14 1.00000
159.6 53.47257 14 1.00000
159.7 53.55999 14 1.00000
159.8 53.16323 14 1.00000
159.9 53.25047 14 1.00000
160.0 53.33789 14 1.00000
160.1 53.42529 14 1.00000
160.2 53.52972 14 1.00000
160.3 53.13286 14 1.00000
160.4 53.22033 14 1.00000
160.5 53.30754 14 1.00000
160.6 53.39498 14 1.00000
160.7 53.48245 14 1.00000
160.8 53.58701 14 1.00000
160.9 53.19028 14 1.00000
161.0 53.27758 14 1.00000
161.1 53.36511 14 1.00000
161.2 53.45251 14 1.00000
161.3 53.54000 14 1.00000
161.4 53.16067 14 1.00000
161.5 53.24820 14 1.00000
161.6 53.33548 14 1.00000
161.7 53.42302 14 1.00000
161.8 53.51044 14 1.00000
161.9 53.59766 14 1.00000
162.0 53.21886 14 1.00000
162.1 53.30627 14 1.00000
162.2 53.39380 14 1.00000
162.3 53.48131 14 1.00000
162.4 53.56851 14 1.00000
162.5 53.17184 14 1.00000
162.6 53.27729 14 1.00000
162.7 53.36486 14 1.00000
162.8 53.45240 14 1.00000
162.9 53.53998 14 1.00000
163.0 53.14307 14 1.00000
163.1 53.24892 14 1.00000
163.2 53.33635 14 1.00000
163.3 53.42393 14 1.00000
163.4 53.51150 14 1.00000
163.5 53.59881 14 1.00000
163.6 53.20223 14 1.00000
163.7 53.30811 14 1.00000
163.8 53.39568 14 1.00000
163.9 53.48333 14 1.00000
164.0 53.57068 14 1.00000
164.1 53.17405 14 1.00000
164.2 53.26154 14 1.00000
164.3 53.36786 14 1.00000
164.4 53.45544 14 1.00000
164.5 53.54306 14 1.00000
164.6 53.14631 14 1.00000
164.7 53.23396 14 1.00000
164.8 53.32145 14 1.00000
164.9 53.42799 14 1.00000
165.0 53.51564 14 1.00000
165.1 53.60299 14 1.00000
165.2 53.20657 14 1.00000
165.3 53.29400 14 1.00000
165.4 53.38170 14 1.00000
165.5 53.48843 14 1.00000
165.6 53.57592 14 1.00000
165.7 53.17944 14 1.00000
165.8 53.26696 14 1.00000
165.9 53.35465 14 1.00000
166.0 53.44236 14 1.00000
166.1 53.54906 14 1.00000
166.2 53.15259 14 1.00000
166.3 53.24043 14 1.00000
166.4 53.32797 14 1.00000
166.5 53.41567 14 1.00000
166.6 53.50346 14 1.00000
166.7 53.61036 14 1.00000
166.8 53.21399 14 1.00000
166.9 53.30156 14 1.00000
167.0 53.38929 14 1.00000
167.1 53.47712 14 1.00000
167.2 53.56458 14 1.00000
167.3 53.18784 14 1.00000
167.4 53.27546 14 1.00000
167.5 53.36328 14 1.00000
167.6 53.45108 14 1.00000
167.7 53.53887 14 1.00000
167.8 53.62640 14 1.00000
167.9 53.24990 14 1.00000
168.0 53.33748 14 1.00000
168.1 53.42532 14 1.00000
168.2 53.51320 14 1.00000
168.3 53.60076 14 1.00000
168.4 53.68850 14 1.00000
168.5 53.31209 14 1.00000
168.6 53.39992 14 1.00000
168.7 53.48778 14 1.00000
168.8 53.57543 14 1.00000
168.9 53.66325 14 1.00000
169.0 53.75105 14 1.00000
169.1 53.37487 14 1.00000
169.2 53.46276 14 1.00000
169.3 53.55035 14 1.00000
169.4 53.63826 14 1.00000
169.5 53.72604 14 1.00000
169.6 53.81391 14 1.00000
169.7 53.43796 14 1.00000
169.8 53.52587 14 1.00000
169.9 53.61352 14 1.00000
170.0 53.70139 14 1.00000
170.1 53.78925 14 1.00000
170.2 53.87684 14 1.00000
170.3 53.50151 14 1.00000
170.4 53.58920 14 1.00000
170.5 53.67705 14 1.00000
170.6 53.76499 14 1.00000
170.7 53.85262 14 1.00000
170.8 53.45680 14 1.00000
170.9 53.56511 14 1.00000
171.0 53.65306 14 1.00000
171.1 53.74092 14 1.00000
171.2 53.82888 14 1.00000
171.3 53.43278 14 1.00000
171.4 53.52076 14 1.00000
171.5 53.62926 14 1.00000
171.6 53.71727 14 1.00000
171.7 53.80521 14 1.00000
171.8 53.40911 14 1.00000
171.9 53.49713 14 1.00000
172.0 53.58490 14 1.00000
172.1 53.69381 14 1.00000
172.2 53.78183 14 1.00000
172.3 53.86950 14 1.00000
172.4 53.47379 14 1.00000
172.5 53.56164 14 1.00000
172.6 53.64965 14 1.00000
172.7 53.75875 14 1.00000
172.8 53.84650 14 1.00000
172.9 53.45079 14 1.00000
173.0 53.53881 14 1.00000
173.1 53.62668 14 1.00000
173.2 53.71471 14 1.00000
173.3 53.82397 14 1.00000
173.4 53.42804 14 1.00000
173.5 53.51615 14 1.00000
173.6 53.60395 14 1.00000
173.7 53.69201 14 1.00000
173.8 53.78011 14 1.00000
173.9 53.88926 14 1.00000
174.0 53.49372 14 1.00000
174.1 53.58161 14 1.00000
174.2 53.66965 14 1.00000
174.3 53.75779 14 1.00000
174.4 53.84561 14 1.00000
174.5 53.93359 14 1.00000
174.6 53.55945 14 1.00000
174.7 53.64758 14 1.00000
174.8 53.73574 14 1.00000
174.9 53.82384 14 1.00000
175.0 53.91167 14 1.00000
175.1 53.99968 14 1.00000
175.2 53.62585 14 1.00000
175.3 53.71399 14 1.00000
175.4 53.80212 14 1.00000
175.5 53.88994 14 1.00000
175.6 53.97808 14 1.00000
175.7 54.06615 14 1.00000
175.8 53.69247 14 1.00000
175.9 53.78064 14 1.00000
176.0 53.86855 14 1.00000
176.1 53.95667 14 1.00000
176.2 54.04482 14 1.00000
176.3 54.13285 14 1.00000
176.4 53.75954 14 1.00000
176.5 53.84748 14 1.00000
176.6 53.93558 14 1.00000
176.7 54.02377 14 1.00000
176.8 54.11183 14 1.00000
176.9 54.19969 14 1.00000
177.0 53.82687 14 1.00000
177.1 53.91482 14 1.00000
177.2 54.00299 14 1.00000
177.3 54.09109 14 1.00000
177.4 54.17904 14 1.00000
177.5 54.26709 14 1.00000
177.6 53.89429 14 1.00000
177.7 53.98249 14 1.00000
177.8 54.07063 14 1.00000
177.9 54.15855 14 1.00000
178.0 54.24670 14 1.00000
178.1 54.33487 14 1.00000
178.2 54.42297 14 1.00000
178.3 54.05043 14 1.00000
178.4 54.13845 14 1.00000
178.5 54.22657 14 1.00000
178.6 54.31472 14 1.00000
178.7 54.40291 14 1.00000
178.8 54.49074 14 1.00000
178.9 54.11874 14 1.00000
179.0 54.20676 14 1.00000
179.1 54.29495 14 1.00000
179.2 54.38312 14 1.00000
179.3 54.47104 14 1.00000
179.4 54.55911 14 1.00000
179.5 54.18717 14 1.00000
179.6 54.27539 14 1.00000
179.7 54.36360 14 1.00000
179.8 54.45155 14 1.00000
179.9 54.53971 14 1.00000
180.0 54.62785 14 1.00000
180.1 54.25606 14 1.00000
180.2 54.34429 14 1.00000
180.3 54.43256 14 1.00000
180.4 54.52047 14 1.00000
180.5 54.60864 14 1.00000
180.6 54.21422 14 1.00000
180.7 54.32534 14 1.00000
180.8 54.41354 14 1.00000
180.9 54.50153 14 1.00000
181.0 54.58974 14 1.00000
181.1 54.19537 14 1.00000
181.2 54.28366 14 1.00000
181.3 54.37188 14 1.00000
181.4 54.48286 14 1.00000
181.5 54.57115 14 1.00000
181.6 54.65937 14 1.00000
181.7 54.26506 14 1.00000
181.8 54.35337 14 1.00000
181.9 54.44141 14 1.00000
182.0 54.55272 14 1.00000
182.1 54.64097 14 1.00000
182.2 54.24667 14 1.00000
182.3 54.33506 14 1.00000
182.4 54.42332 14 1.00000
182.5 54.51144 14 1.00000
182.6 54.62293 14 1.00000
182.7 54.22859 14 1.00000
182.8 54.31696 14 1.00000
182.9 54.40535 14 1.00000
183.0 54.49344 14 1.00000
183.1 54.58170 14 1.00000
183.2 54.21080 14 1.00000
183.3 54.29914 14 1.00000
183.4 54.38752 14 1.00000
183.5 54.47570 14 1.00000
183.6 54.56404 14 1.00000
183.7 54.65230 14 1.00000
183.8 54.74042 14 1.00000
183.9 54.37000 14 1.00000
184.0 54.45821 14 1.00000
184.1 54.54658 14 1.00000
184.2 54.63493 14 1.00000
184.3 54.72326 14 1.00000
184.4 54.81133 14 1.00000
184.5 54.44091 14 1.00000
184.6 54.52937 14 1.00000
184.7 54.61775 14 1.00000
184.8 54.70611 14 1.00000
184.9 54.79417 14 1.00000
185.0 54.88253 14 1.00000
185.1 54.51240 14 1.00000
185.2 54.60081 14 1.00000
185.3 54.68920 14 1.00000
185.4 54.77734 14 1.00000
185.5 54.86563 14 1.00000
185.6 54.95396 14 1.00000
185.7 55.04209 14 1.00000
185.8 54.67248 14 1.00000
185.9 54.76070 14 1.00000
186.0 54.84903 14 1.00000
186.1 54.93739 14 1.00000
186.2 55.02578 14 1.00000
186.3 55.11382 14 1.00000
186.4 54.74430 14 1.00000
186.5 54.83271 14 1.00000
186.6 54.92111 14 1.00000
186.7 55.00943 14 1.00000
186.8 55.09760 14 1.00000
186.9 55.18588 14 1.00000
187.0 54.81654 14 1.00000
187.1 54.90496 14 1.00000
187.2 54.99341 14 1.00000
187.3 55.08151 14 1.00000
187.4 55.16987 14 1.00000
187.5 55.25821 14 1.00000
187.6 55.34635 14 1.00000
187.7 54.97757 14 1.00000
187.8 55.06575 14 1.00000
187.9 55.15409 14 1.00000
188.0 55.24251 14 1.00000
188.1 55.33081 14 1.00000
188.2 55.41896 14 1.00000
188.3 55.05017 14 1.00000
188.4 55.13854 14 1.00000
188.5 55.22699 14 1.00000
188.6 55.31532 14 1.00000
188.7 55.40350 14 1.00000
188.8 55.49184 14 1.00000
188.9 55.58011 14 1.00000
189.0 55.21170 14 1.00000
189.1 55.30006 14 1.00000
189.2 55.38828 14 1.00000
189.3 55.47659 14 1.00000
189.4 55.56499 14 1.00000
189.5 55.65304 14 1.00000
189.6 55.28503 14 1.00000
189.7 55.37321 14 1.00000
189.8 55.46161 14 1.00000
189.9 55.54999 14 1.00000
190.0 55.63812 14 1.00000
190.1 55.72646 14 1.00000
190.2 55.35847 14 1.00000
190.3 55.44685 14 1.00000
190.4 55.53526 14 1.00000
190.5 55.62365 14 1.00000
190.6 55.71183 14 1.00000
190.7 55.80018 14 1.00000
190.8 55.88845 14 1.00000
190.9 55.52080 14 1.00000
191.0 55.60917 14 1.00000
191.1 55.69738 14 1.00000
191.2 55.78571 14 1.00000
191.3 55.87411 14 1.00000
191.4 55.96217 14 1.00000
191.5 55.59490 14 1.00000
191.6 55.68315 14 1.00000
191.7 55.77155 14 1.00000
191.8 55.85989 14 1.00000
191.9 55.94807 14 1.00000
192.0 56.03636 14 1.00000
192.1 55.64463 14 1.00000
192.2 55.75750 14 1.00000
192.3 55.84597 14 1.00000
192.4 55.93408 14 1.00000
192.5 56.02250 14 1.00000
192.6 56.11085 14 1.00000
192.7 55.71918 14 1.00000
192.8 55.83220 14 1.00000
192.9 55.92062 14 1.00000
193.0 56.00874 14 1.00000
193.1 56.09712 14 1.00000
193.2 55.70551 14 1.00000
193.3 55.79398 14 1.00000
193.4 55.88242 14 1.00000
193.5 55.99524 14 1.00000
193.6 56.08365 14 1.00000
193.7 55.69210 14 1.00000
193.8 55.78060 14 1.00000
193.9 55.86907 14 1.00000
194.0 55.95730 14 1.00000
194.1 56.07038 14 1.00000
194.2 55.67885 14 1.00000
194.3 55.76737 14 1.00000
194.4 55.85588 14 1.00000
194.5 55.94413 14 1.00000
194.6 56.03254 14 1.00000
194.7 56.12103 14 1.00000
194.8 55.75429 14 1.00000
194.9 55.84287 14 1.00000
195.0 55.93138 14 1.00000
195.1 56.01958 14 1.00000
195.2 56.10810 14 1.00000
195.3 56.19655 14 1.00000
195.4 55.83006 14 1.00000
195.5 55.91859 14 1.00000
195.6 56.00688 14 1.00000
195.7 56.09533 14 1.00000
195.8 56.18380 14 1.00000
195.9 56.27208 14 1.00000
196.0 56.36051 14 1.00000
196.1 55.99432 14 1.00000
196.2 56.08280 14 1.00000
196.3 56.17135 14 1.00000
196.4 56.25961 14 1.00000
196.5 56.34801 14 1.00000
196.6 56.43645 14 1.00000
196.7 56.52492 14 1.00000
196.8 56.15904 14 1.00000
196.9 56.24732 14 1.00000
197.0 56.33576 14 1.00000
197.1 56.42423 14 1.00000
197.2 56.51273 14 1.00000
197.3 56.60087 14 1.00000
197.4 56.23545 14 1.00000
197.5 56.32374 14 1.00000
197.6 56.41223 14 1.00000
197.7 56.50070 14 1.00000
197.8 56.58892 14 1.00000
197.9 56.67730 14 1.00000
198.0 56.76571 14 1.00000
198.1 56.40037 14 1.00000
198.2 56.48886 14 1.00000
198.3 56.57707 14 1.00000
198.4 56.66558 14 1.00000
198.5 56.75401 14 1.00000
198.6 56.84238 14 1.00000
198.7 56.47716 14 1.00000
198.8 56.56549 14 1.00000
198.9 56.65393 14 1.00000
199.0 56.74239 14 1.00000
199.1 56.83083 14 1.00000
199.2 56.91908 14 1.00000
199.3 57.00743 14 1.00000
199.4 56.64251 14 1.00000
199.5 56.73105 14 1.00000
199.6 56.81952 14 1.00000
199.7 56.90774 14 1.00000
199.8 56.99617 14 1.00000
199.9 57.08452 14 1.00000
200.0 57.17273 14 1.00000
200.1 56.80827 14 1.00000
200.2 56.89657 14 1.00000
200.3 56.98497 14 1.00000
200.4 57.07340 14 1.00000
200.5 57.16158 14 1.00000
200.6 57.25002 14 1.00000
200.7 56.88551 14 1.00000
200.8 56.97400 14 1.00000
200.9 57.06245 14 1.00000
201.0 57.15071 14 1.00000
201.1 57.23908 14 1.00000
201.2 57.32747 14 1.00000
201.3 57.41589 14 1.00000
201.4 57.05172 14 1.00000
201.5 57.14019 14 1.00000
201.6 57.22840 14 1.00000
201.7 57.31682 14 1.00000
201.8 57.40517 14 1.00000
201.9 57.49332 14 1.00000
202.0 57.58173 14 1.00000
202.1 57.21779 14 1.00000
202.2 57.30629 14 1.00000
202.3 57.39466 14 1.00000
202.4 57.48284 14 1.00000
202.5 57.57123 14 1.00000
202.6 57.65959 14 1.00000
202.7 57.29591 14 1.00000
202.8 57.38431 14 1.00000
202.9 57.47256 14 1.00000
203.0 57.56092 14 1.00000
203.1 57.64931 14 1.00000
203.2 57.73772 14 1.00000
203.3 57.82579 14 1.00000
203.4 57.46234 14 1.00000
203.5 57.55082 14 1.00000
203.6 57.63919 14 1.00000
203.7 57.72758 14 1.00000
203.8 57.81577 14 1.00000
203.9 57.90412 14 1.00000
204.0 57.99239 14 1.00000
204.1 57.62927 14 1.00000
204.2 57.71769 14 1.00000
204.3 57.80581 14 1.00000
204.4 57.89418 14 1.00000
204.5 57.98258 14 1.00000
204.6 58.07069 14 1.00000
204.7 58.15894 14 1.00000
204.8 57.79604 14 1.00000
204.9 57.88444 14 1.00000
205.0 57.97282 14 1.00000
205.1 58.06118 14 1.00000
205.2 58.14933 14 1.00000
205.3 58.23765 14 1.00000
205.4 57.87490 14 1.00000
205.5 57.96326 14 1.00000
205.6 58.05169 14 1.00000
205.7 58.13982 14 1.00000
205.8 58.22815 14 1.00000
205.9 58.31642 14 1.00000
206.0 58.40448 14 1.00000
206.1 58.04228 14 1.00000
206.2 58.13039 14 1.00000
206.3 58.21880 14 1.00000
206.4 58.30709 14 1.00000
206.5 58.39523 14 1.00000
206.6 58.00791 14 1.00000
206.7 58.09609 14 1.00000
206.8 58.20959 14 1.00000
206.9 58.29790 14 1.00000
207.0 58.38607 14 1.00000
207.1 57.99876 14 1.00000
207.2 58.08692 14 1.00000
207.3 58.17533 14 1.00000
207.4 58.26376 14 1.00000
207.5 58.37705 14 1.00000
207.6 57.98981 14 1.00000
207.7 58.07799 14 1.00000
207.8 58.16643 14 1.00000
207.9 58.25484 14 1.00000
208.0 58.34324 14 1.00000
208.1 58.43143 14 1.00000
208.2 58.06932 14 1.00000
208.3 58.15783 14 1.00000
208.4 58.24622 14 1.00000
208.5 58.33469 14 1.00000
208.6 58.42282 14 1.00000
208.7 58.51125 14 1.00000
208.8 58.59960 14 1.00000
208.9 58.23785 14 1.00000
209.0 58.32630 14 1.00000
209.1 58.41455 14 1.00000
209.2 58.50291 14 1.00000
209.3 58.59129 14 1.00000
209.4 58.67966 14 1.00000
209.5 58.76782 14 1.00000
209.6 58.40649 14 1.00000
209.7 58.49487 14 1.00000
209.8 58.58334 14 1.00000
209.9 58.67173 14 1.00000
210.0 58.75982 14 1.00000
210.1 58.84822 14 1.00000
210.2 58.48714 14 1.00000
210.3 58.57553 14 1.00000
210.4 58.66399 14 1.00000
210.5 58.75217 14 1.00000
210.6 58.84049 14 1.00000
210.7 58.92884 14 1.00000
210.8 59.01700 14 1.00000
210.9 58.65651 14 1.00000
211.0 58.74471 14 1.00000
211.1 58.83311 14 1.00000
211.2 58.92144 14 1.00000
211.3 59.00962 14 1.00000
211.4 59.09796 14 1.00000
211.5 59.18623 14 1.00000
211.6 58.82594 14 1.00000
211.7 58.91434 14 1.00000
211.8 59.00250 14 1.00000
211.9 59.09082 14 1.00000
212.0 59.17916 14 1.00000
212.1 59.26748 14 1.00000
212.2 59.35560 14 1.00000
212.3 58.99563 14 1.00000
212.4 59.08397 14 1.00000
212.5 59.17234 14 1.00000
212.6 59.26068 14 1.00000
212.7 59.34884 14 1.00000
212.8 59.43709 14 1.00000
212.9 59.52542 14 1.00000
213.0 59.16577 14 1.00000
213.1 59.25419 14 1.00000
213.2 59.34227 14 1.00000
213.3 59.43060 14 1.00000
213.4 59.51896 14 1.00000
213.5 59.60720 14 1.00000
213.6 59.69529 14 1.00000
213.7 59.33606 14 1.00000
213.8 59.42441 14 1.00000
213.9 59.51275 14 1.00000
214.0 59.60101 14 1.00000
214.1 59.68913 14 1.00000
214.2 59.77740 14 1.00000
214.3 59.86560 14 1.00000
214.4 59.50673 14 1.00000
214.5 59.59507 14 1.00000
214.6 59.68317 14 1.00000
214.7 59.77147 14 1.00000
214.8 59.85975 14 1.00000
214.9 59.94783 14 1.00000
215.0 60.03601 14 1.00000
215.1 59.67756 14 1.00000
215.2 59.76583 14 1.00000
215.3 59.85414 14 1.00000
215.4 59.94220 14 1.00000
215.5 60.03051 14 1.00000
215.6 60.11874 14 1.00000
215.7 60.20696 14 1.00000
215.8 59.84882 14 1.00000
215.9 59.93691 14 1.00000
216.0 60.02515 14 1.00000
216.1 60.11341 14 1.00000
216.2 60.20171 14 1.00000
216.3 60.28966 14 1.00000
216.4 60.37791 14 1.00000
216.5 60.02008 14 1.00000
216.6 60.10838 14 1.00000
216.7 60.19665 14 1.00000
216.8 60.28473 14 1.00000
216.9 60.37295 14 1.00000
217.0 60.46115 14 1.00000
217.1 60.54907 14 1.00000
217.2 60.19194 14 1.00000
217.3 60.27994 14 1.00000
217.4 60.36824 14 1.00000
217.5 60.45647 14 1.00000
217.6 60.54469 14 1.00000
217.7 60.63265 14 1.00000
217.8 60.72082 14 1.00000
217.9 60.36378 14 1.00000
218.0 60.45204 14 1.00000
218.1 60.54028 14 1.00000
218.2 60.62827 14 1.00000
218.3 60.71642 14 1.00000
218.4 60.80464 14 1.00000
218.5 60.89252 14 1.00000
218.6 60.53611 14 1.00000
218.7 60.62414 14 1.00000
218.8 60.71231 14 1.00000
218.9 60.80051 14 1.00000
219.0 60.88846 14 1.00000
219.1 60.97667 14 1.00000
219.2 61.06475 14 1.00000
219.3 61.15286 14 1.00000
219.4 60.79667 14 1.00000
219.5 60.88470 14 1.00000
219.6 60.97283 14 1.00000
219.7 61.06099 14 1.00000
219.8 61.14918 14 1.00000
219.9 61.23703 14 1.00000
220.0 61.32517 14 1.00000
220.1 60.96935 14 1.00000
220.2 61.05748 14 1.00000
220.3 61.14569 14 1.00000
220.4 61.23357 14 1.00000
220.5 61.32174 14 1.00000
220.6 61.40979 14 1.00000
220.7 61.49770 14 1.00000
220.8 61.14246 14 1.00000
220.9 61.23035 14 1.00000
221.0 61.31850 14 1.00000
221.1 61.40663 14 1.00000
221.2 61.49456 14 1.00000
221.3 61.58265 14 1.00000
221.4 61.67071 14 1.00000
221.5 61.31556 14 1.00000
221.6 61.40376 14 1.00000
221.7 61.49168 14 1.00000
221.8 61.57973 14 1.00000
221.9 61.66787 14 1.00000
222.0 61.75589 14 1.00000
222.1 61.37423 14 1.00000
222.2 61.48925 14 1.00000
222.3 61.57711 14 1.00000
222.4 61.66528 14 1.00000
222.5 61.75337 14 1.00000
222.6 61.37174 14 1.00000
222.7 61.45992 14 1.00000
222.8 61.54782 14 1.00000
222.9 61.66288 14 1.00000
223.0 61.75100 14 1.00000
223.1 61.36944 14 1.00000
223.2 61.45765 14 1.00000
223.3 61.54562 14 1.00000
223.4 61.63379 14 1.00000
223.5 61.72188 14 1.00000
223.6 61.80978 14 1.00000
223.7 61.45562 14 1.00000
223.8 61.54357 14 1.00000
223.9 61.63181 14 1.00000
224.0 61.71998 14 1.00000
224.1 61.80786 14 1.00000
224.2 61.89599 14 1.00000
224.3 61.98409 14 1.00000
224.4 61.63002 14 1.00000
224.5 61.71827 14 1.00000
224.6 61.80618 14 1.00000
224.7 61.89433 14 1.00000
224.8 61.98252 14 1.00000
224.9 62.07063 14 1.00000
225.0 62.15850 14 1.00000
225.1 61.80501 14 1.00000
225.2 61.89297 14 1.00000
225.3 61.98108 14 1.00000
225.4 62.06922 14 1.00000
225.5 62.15717 14 1.00000
225.6 62.24521 14 1.00000
225.7 62.33333 14 1.00000
225.8 61.97999 14 1.00000
225.9 62.06815 14 1.00000
226.0 62.15607 14 1.00000
226.1 62.24414 14 1.00000
226.2 62.33229 14 1.00000
226.3 62.42037 14 1.00000
226.4 62.50816 14 1.00000
226.5 62.59619 14 1.00000
226.6 62.24337 14 1.00000
226.7 62.33144 14 1.00000
226.8 62.41960 14 1.00000
226.9 62.50746 14 1.00000
227.0 62.59552 14 1.00000
227.1 62.68351 14 1.00000
227.2 62.77135 14 1.00000
227.3 62.41902 14 1.00000
227.4 62.50691 14 1.00000
227.5 62.59504 14 1.00000
227.6 62.68306 14 1.00000
227.7 62.77088 14 1.00000
227.8 62.85895 14 1.00000
227.9 62.94695 14 1.00000
228.0 62.59476 14 1.00000
228.1 62.68285 14 1.00000
228.2 62.77075 14 1.00000
228.3 62.85880 14 1.00000
228.4 62.94682 14 1.00000
228.5 63.03477 14 1.00000
228.6 63.12254 14 1.00000
228.7 63.21050 14 1.00000
228.8 62.85883 14 1.00000
228.9 62.94688 14 1.00000
229.0 63.03491 14 1.00000
229.1 63.12270 14 1.00000
229.2 63.21069 14 1.00000
229.3 63.29865 14 1.00000
229.4 63.38664 14 1.00000
229.5 63.03534 14 1.00000
229.6 63.12316 14 1.00000
229.7 63.21112 14 1.00000
229.8 63.29916 14 1.00000
229.9 63.38712 14 1.00000
230.0 63.47481 14 1.00000
230.1 63.56278 14 1.00000
230.2 63.21179 14 1.00000
230.3 63.29985 14 1.00000
230.4 63.38785 14 1.00000
230.5 63.47561 14 1.00000
230.6 63.56356 14 1.00000
230.7 63.65143 14 1.00000
230.8 63.73918 14 1.00000
230.9 63.82701 14 1.00000
231.0 63.47654 14 1.00000
231.1 63.56457 14 1.00000
231.2 63.65252 14 1.00000
231.3 63.74024 14 1.00000
231.4 63.82811 14 1.00000
231.5 63.91599 14 1.00000
231.6 64.00391 14 1.00000
231.7 63.65375 14 1.00000
231.8 63.74155 14 1.00000
231.9 63.82944 14 1.00000
232.0 63.91740 14 1.00000
232.1 64.00529 14 1.00000
232.2 64.09290 14 1.00000
232.3 64.18081 14 1.00000
232.4 64.26859 14 1.00000
232.5 63.91900 14 1.00000
232.6 64.00692 14 1.00000
232.7 64.09455 14 1.00000
232.8 64.18243 14 1.00000
232.9 64.27029 14 1.00000
233.0 64.35817 14 1.00000
233.1 64.44572 14 1.00000
233.2 64.09649 14 1.00000
233.3 64.18439 14 1.00000
233.4 64.27222 14 1.00000
233.5 64.36013 14 1.00000
233.6 64.44771 14 1.00000
233.7 64.53552 14 1.00000
233.8 64.62332 14 1.00000
233.9 64.71093 14 1.00000
234.0 64.36234 14 1.00000
234.1 64.44994 14 1.00000
234.2 64.53778 14 1.00000
234.3 64.62560 14 1.00000
234.4 64.71323 14 1.00000
234.5 64.80096 14 1.00000
234.6 64.88872 14 1.00000
234.7 64.54027 14 1.00000
234.8 64.62817 14 1.00000
234.9 64.71578 14 1.00000
235.0 64.80354 14 1.00000
235.1 64.89131 14 1.00000
235.2 64.97913 14 1.00000
235.3 65.06665 14 1.00000
235.4 65.15437 14 1.00000
235.5 64.80634 14 1.00000
235.6 64.89420 14 1.00000
235.7 64.98198 14 1.00000
235.8 65.06949 14 1.00000
235.9 65.15728 14 1.00000
236.0 65.24495 14 1.00000
236.1 65.33270 14 1.00000
236.2 64.98502 14 1.00000
236.3 65.07265 14 1.00000
236.4 65.16038 14 1.00000
236.5 65.24812 14 1.00000
236.6 65.33563 14 1.00000
236.7 65.42339 14 1.00000
236.8 65.51102 14 1.00000
236.9 65.59873 14 1.00000
237.0 65.25158 14 1.00000
237.1 65.33907 14 1.00000
237.2 65.42680 14 1.00000
237.3 65.51451 14 1.00000
237.4 65.60220 14 1.00000
237.5 65.68965 14 1.00000
237.6 65.77734 14 1.00000
237.7 65.43054 14 1.00000
237.8 65.51828 14 1.00000
237.9 65.60600 14 1.00000
238.0 65.69342 14 1.00000
238.1 65.78114 14 1.00000
238.2 65.86879 14 1.00000
238.3 65.95641 14 1.00000
238.4 66.04381 14 1.00000
238.5 65.69743 14 1.00000
238.6 65.78518 14 1.00000
238.7 65.87285 14 1.00000
238.8 65.96045 14 1.00000
238.9 66.04787 14 1.00000
239.0 66.13554 14 1.00000
239.1 66.22307 14 1.00000
239.2 66.31068 14 1.00000
239.3 65.96482 14 1.00000
239.4 66.05227 14 1.00000
239.5 66.13985 14 1.00000
239.6 66.22747 14 1.00000
239.7 66.31490 14 1.00000
239.8 66.40247 14 1.00000
239.9 66.49002 14 1.00000
240.0 66.14446 14 1.00000
240.1 66.23215 14 1.00000
240.2 66.31956 14 1.00000
240.3 66.40716 14 1.00000
240.4 66.49473 14 1.00000
240.5 66.12125 14 1.00000
240.6 66.20892 14 1.00000
240.7 66.29657 14 1.00000
240.8 66.41203 14 1.00000
240.9 66.49963 14 1.00000
241.0 66.12623 14 1.00000
241.1 66.21397 14 1.00000
241.2 66.30160 14 1.00000
241.3 66.38904 14 1.00000
241.4 66.47672 14 1.00000
241.5 66.56432 14 1.00000
241.6 66.21921 14 1.00000
241.7 66.30685 14 1.00000
241.8 66.39437 14 1.00000
241.9 66.48203 14 1.00000
242.0 66.56966 14 1.00000
242.1 66.65702 14 1.00000
242.2 66.74466 14 1.00000
242.3 66.39985 14 1.00000
242.4 66.48758 14 1.00000
242.5 66.57524 14 1.00000
242.6 66.66267 14 1.00000
242.7 66.75024 14 1.00000
242.8 66.83788 14 1.00000
242.9 66.92541 14 1.00000
243.0 67.01280 14 1.00000
243.1 66.66850 14 1.00000
243.2 66.75610 14 1.00000
243.3 66.84377 14 1.00000
243.4 66.93137 14 1.00000
243.5 67.01868 14 1.00000
243.6 67.10629 14 1.00000
243.7 67.19378 14 1.00000
243.8 67.28130 14 1.00000
243.9 66.93751 14 1.00000
244.0 67.02490 14 1.00000
244.1 67.11243 14 1.00000
244.2 67.20005 14 1.00000
244.3 67.28759 14 1.00000
244.4 67.37486 14 1.00000
244.5 67.46235 14 1.00000
244.6 67.11891 14 1.00000
244.7 67.20648 14 1.00000
244.8 67.29401 14 1.00000
244.9 67.38140 14 1.00000
245.0 67.46888 14 1.00000
245.1 67.55638 14 1.00000
245.2 67.64370 14 1.00000
245.3 67.73116 14 1.00000
245.4 67.38808 14 1.00000
245.5 67.47569 14 1.00000
245.6 67.56316 14 1.00000
245.7 67.65051 14 1.00000
245.8 67.73800 14 1.00000
245.9 67.82546 14 1.00000
246.0 67.91290 14 1.00000
246.1 68.00008 14 1.00000
246.2 67.65755 14 1.00000
246.3 67.74502 14 1.00000
246.4 67.83250 14 1.00000
246.5 67.92002 14 1.00000
246.6 68.00726 14 1.00000
246.7 68.09469 14 1.00000
246.8 68.18204 14 1.00000
246.9 68.26943 14 1.00000
247.0 67.92732 14 1.00000
247.1 68.01459 14 1.00000
247.2 68.10204 14 1.00000
247.3 68.18947 14 1.00000
247.4 68.27688 14 1.00000
247.5 68.36411 14 1.00000
247.6 68.45143 14 1.00000
247.7 68.53878 14 1.00000
247.8 68.19717 14 1.00000
247.9 68.28456 14 1.00000
248.0 68.37182 14 1.00000
248.1 68.45916 14 1.00000
248.2 68.54659 14 1.00000
248.3 68.63368 14 1.00000
248.4 68.72106 14 1.00000
248.5 68.80836 14 1.00000
248.6 68.46717 14 1.00000
248.7 68.55457 14 1.00000
248.8 68.64174 14 1.00000
248.9 68.72905 14 1.00000
249.0 68.81643 14 1.00000
249.1 68.90369 14 1.00000
249.2 68.99083 14 1.00000
249.3 68.64993 14 1.00000
249.4 68.73737 14 1.00000
249.5 68.82472 14 1.00000
249.6 68.91206 14 1.00000
249.7 68.99918 14 1.00000
249.8 69.08647 14 1.00000
249.9 69.17370 14 1.00000
250.0 69.26100 14 1.00000
