15.0 2.31664 13 0.10691
15.1 2.36085 13 0.11062
15.2 2.40548 13 0.11434
15.3 2.45052 13 0.11807
15.4 2.49596 13 0.12181
15.5 2.55584 14 0.12556
15.6 2.61944 14 0.12927
15.7 2.68302 14 0.13304
15.8 2.74775 14 0.13683
15.9 2.81364 14 0.14062
16.0 2.88070 14 0.14443
16.1 2.94895 14 0.14824
16.2 3.01839 14 0.15207
16.3 3.08904 14 0.15590
16.4 3.16090 14 0.15975
16.5 3.23400 14 0.16360
16.6 3.30835 14 0.16746
16.7 3.38395 14 0.17134
16.8 3.46082 14 0.17522
16.9 3.53897 14 0.17911
17.0 3.61841 14 0.18301
17.1 3.69916 14 0.18691
17.2 3.78122 14 0.19083
17.3 3.86460 14 0.19475
17.4 3.94933 14 0.19868
17.5 4.02612 14 0.20262
17.6 4.09940 14 0.20657
17.7 4.17687 14 0.21048
17.8 4.25185 14 0.21444
17.9 4.32763 14 0.21841
18.0 4.40420 14 0.22239
18.1 4.48156 14 0.22638
18.2 4.55971 14 0.23037
18.3 4.63866 14 0.23437
18.4 4.71840 14 0.23838
18.5 4.79893 14 0.24240
18.6 4.90805 14 0.24830
18.7 5.03027 14 0.25501
18.8 5.15462 14 0.26179
18.9 5.28112 14 0.26864
19.0 5.40979 14 0.27556
19.1 5.54067 14 0.28254
19.2 5.67377 14 0.28960
19.3 5.80912 14 0.29673
19.4 5.94674 14 0.30392
19.5 6.08666 14 0.31119
19.6 6.22891 14 0.31853
19.7 6.37350 14 0.32595
19.8 6.52047 14 0.33343
19.9 6.66985 14 0.34099
20.0 6.82165 14 0.34863
20.1 6.97591 14 0.35634
20.2 7.19216 14 0.36426
20.3 7.35065 14 0.37212
20.4 7.51168 14 0.38005
20.5 7.67526 14 0.38806
20.6 7.77099 14 0.39191
20.7 7.86504 14 0.39562
20.8 7.95985 14 0.39934
20.9 8.05544 14 0.40307
21.0 8.15180 14 0.40681
21.1 8.24884 14 0.41057
21.2 8.34700 14 0.41433
21.3 8.44558 14 0.41811
21.4 8.54486 14 0.42189
21.5 8.64479 14 0.42569
21.6 8.74533 14 0.42950
21.7 8.83351 14 0.43336
21.8 8.93548 14 0.43719
21.9 9.03816 14 0.44104
22.0 9.14240 14 0.44489
22.1 9.24654 14 0.44876
22.2 9.35144 14 0.45264
22.3 9.45713 14 0.45652
22.4 9.56358 14 0.46042
22.5 9.65597 14 0.46437
22.6 9.76372 14 0.46830
22.7 9.87200 14 0.47223
22.8 9.98114 14 0.47618
22.9 10.09210 14 0.48013
23.0 10.20292 14 0.48410
23.1 10.31451 14 0.48808
23.2 10.42678 14 0.49207
23.3 10.53954 14 0.49608
23.4 10.63638 14 0.50013
23.5 10.75063 14 0.50416
23.6 10.86566 14 0.50819
23.7 10.98144 14 0.51225
23.8 11.09940 14 0.51631
23.9 11.21652 14 0.52038
24.0 11.33452 14 0.52447
24.1 11.45331 14 0.52857
24.2 11.57288 14 0.53268
24.3 11.67423 14 0.53683
24.4 11.79519 14 0.54096
24.5 11.91669 14 0.54511
24.6 12.03891 14 0.54927
24.7 12.16348 14 0.55344
24.8 12.28742 14 0.55762
24.9 12.41216 14 0.56181
25.0 12.53765 14 0.56602
25.1 12.64269 14 0.57027
25.2 12.76922 14 0.57450
25.3 12.89658 14 0.57874
25.4 13.02470 14 0.58300
25.5 13.15381 14 0.58727
25.6 13.28520 14 0.59154
25.7 13.41588 14 0.59584
25.8 13.54733 14 0.60014
25.9 13.67918 14 0.60446
26.0 13.78793 14 0.60882
26.1 13.92119 14 0.61316
26.2 14.05523 14 0.61752
26.3 14.19005 14 0.62188
26.4 14.32577 14 0.62626
26.5 14.46428 14 0.63066
26.6 14.60132 14 0.63506
26.7 14.73919 14 0.63948
26.8 14.87777 14 0.64391
26.9 14.99020 14 0.64838
27.0 15.13013 14 0.65284
27.1 15.27083 14 0.65731
27.2 15.41233 14 0.66179
27.3 15.55463 14 0.66629
27.4 15.69984 14 0.67080
27.5 15.84352 14 0.67532
27.6 15.98796 14 0.67986
27.7 16.13318 14 0.68441
27.8 16.24891 14 0.68899
27.9 16.39552 14 0.69356
28.0 16.54286 14 0.69815
28.1 16.69104 14 0.70275
28.2 16.83943 14 0.70737
28.3 16.99164 14 0.71199
28.4 17.14192 14 0.71664
28.5 17.29299 14 0.72129
28.6 17.44487 14 0.72596
28.7 17.56349 14 0.73066
28.8 17.71670 14 0.73536
28.9 17.87065 14 0.74007
29.0 18.02489 14 0.74479
29.1 18.17996 14 0.74953
29.2 18.33865 14 0.75428
29.3 18.49590 14 0.75904
29.4 18.65354 14 0.76382
29.5 18.81199 14 0.76861
29.6 18.93299 14 0.77343
29.7 19.09272 14 0.77825
29.8 19.25299 14 0.78309
29.9 19.41365 14 0.78793
30.0 19.57511 14 0.79280
30.1 19.73821 14 0.79767
30.2 19.90446 14 0.80256
30.3 20.06857 14 0.80747
30.4 20.23349 14 0.81239
30.5 20.35622 14 0.81733
30.6 20.52210 14 0.82228
30.7 20.68873 14 0.82724
30.8 20.85618 14 0.83222
30.9 21.02374 14 0.83721
31.0 21.19230 14 0.84221
31.1 21.36631 14 0.84723
31.2 21.53679 14 0.85227
31.3 21.70788 14 0.85731
31.4 21.83149 14 0.86239
31.5 22.00365 14 0.86746
31.6 22.17655 14 0.87256
31.7 22.35026 14 0.87767
31.8 22.52466 14 0.88279
31.9 22.69921 14 0.88793
32.0 22.87818 14 0.89308
32.1 23.05643 14 0.89824
32.2 23.23353 14 0.90343
32.3 23.41141 14 0.90862
32.4 23.53562 14 0.91384
32.5 23.71465 14 0.91907
32.6 23.89441 14 0.92431
32.7 24.07491 14 0.92957
32.8 24.25617 14 0.93484
32.9 24.43862 14 0.94013
33.0 24.62580 14 0.94543
33.1 24.80885 14 0.95075
33.2 24.99264 14 0.95609
33.3 25.11608 14 0.96144
33.4 25.30099 14 0.96681
33.5 25.48666 14 0.97219
33.6 25.67303 14 0.97759
33.7 25.86009 14 0.98300
33.8 26.04770 14 0.98843
33.9 26.24010 14 0.99387
34.0 26.43199 14 0.99933
34.1 26.49992 14 1.00000
34.2 26.48290 14 1.00000
34.3 26.53369 14 1.00000
34.4 26.58437 14 1.00000
34.5 26.63474 14 1.00000
34.6 26.68479 14 1.00000
34.7 26.73421 14 1.00000
34.8 26.78340 14 1.00000
34.9 26.83984 14 1.00000
35.0 26.88899 14 1.00000
35.1 26.80928 14 1.00000
35.2 26.78526 14 1.00000
35.3 26.83322 14 1.00000
35.4 26.88107 14 1.00000
35.5 26.78697 14 1.00000
35.6 26.83443 14 1.00000
35.7 26.88145 14 1.00000
35.8 26.92833 14 1.00000
35.9 26.98300 14 1.00000
36.0 26.88644 14 1.00000
36.1 26.85448 14 1.00000
36.2 26.90114 14 1.00000
36.3 26.94776 14 1.00000
36.4 26.99364 14 1.00000
36.5 25.60049 14 1.00000
36.6 24.25970 14 1.00000
36.7 21.64446 14 1.00000
36.8 20.43654 14 1.00000
36.9 17.35380 14 1.00000
37.0 16.05753 14 1.00000
37.1 13.77772 14 1.00000
37.2 13.81937 14 1.00000
37.3 13.70192 14 1.00000
37.4 13.67856 14 1.00000
37.5 13.70485 14 1.00000
37.6 13.59361 14 1.00000
37.7 13.56457 14 1.00000
37.8 13.57821 14 1.00000
37.9 13.49104 14 1.00000
38.0 13.43399 14 1.00000
38.1 13.46902 14 1.00000
38.2 13.43147 14 1.00000
38.3 13.38871 14 1.00000
38.4 13.34859 14 1.00000
38.5 13.29462 14 1.00000
38.6 13.24721 14 1.00000
38.7 13.16753 14 0.99831
38.8 13.10149 14 0.99519
38.9 13.16747 14 0.99831
39.0 13.22063 14 1.00000
39.1 13.25322 14 1.00000
39.2 13.28539 14 1.00000
39.3 13.31778 14 1.00000
39.4 13.34670 14 1.00000
39.5 13.37942 14 1.00000
39.6 13.41171 14 1.00000
39.7 13.44351 14 1.00000
39.8 13.47246 14 1.00000
39.9 13.50532 14 1.00000
40.0 13.53763 14 1.00000
40.1 13.56956 14 1.00000
40.2 13.59799 14 1.00000
40.3 13.63084 14 1.00000
40.4 13.66335 14 1.00000
40.5 13.69024 14 1.00000
40.6 13.72330 14 1.00000
40.7 13.75615 14 1.00000
40.8 13.78268 14 1.00000
40.9 13.81518 14 1.00000
41.0 13.76881 14 1.00000
41.1 13.73582 14 1.00000
41.2 13.74796 14 1.00000
41.3 13.62891 14 1.00000
41.4 13.66037 14 1.00000
41.5 13.70400 14 1.00000
41.6 13.85298 14 1.00000
41.7 13.88753 14 1.00000
41.8 13.92186 14 1.00000
41.9 13.95391 14 1.00000
42.0 13.98531 14 1.00000
42.1 14.01678 14 1.00000
42.2 14.04800 14 1.00000
42.3 14.07889 14 1.00000
42.4 14.10922 14 1.00000
42.5 14.13929 14 1.00000
42.6 14.18107 14 1.00000
42.7 14.22502 14 1.00000
42.8 14.37123 14 1.00000
42.9 14.40716 14 1.00000
43.0 14.44298 14 1.00000
43.1 14.47374 14 1.00000
43.2 14.50575 14 1.00000
43.3 14.53762 14 1.00000
43.4 14.56919 14 1.00000
43.5 14.60025 14 1.00000
43.6 14.63067 14 1.00000
43.7 14.66135 14 1.00000
43.8 14.70519 14 1.00000
43.9 14.74943 14 1.00000
44.0 14.80336 14 1.00000
44.1 14.86578 14 1.00000
44.2 14.97097 14 1.00000
44.3 15.00509 14 1.00000
44.4 15.03684 14 1.00000
44.5 15.06913 14 1.00000
44.6 15.10127 14 1.00000
44.7 15.13311 14 1.00000
44.8 15.16407 14 1.00000
44.9 15.19456 14 1.00000
45.0 15.23250 14 1.00000
45.1 15.27702 14 1.00000
45.2 15.32158 14 1.00000
45.3 15.39150 14 1.00000
45.4 15.44847 14 1.00000
45.5 15.54337 14 1.00000
45.6 15.58039 14 1.00000
45.7 15.61193 14 1.00000
45.8 15.64495 14 1.00000
45.9 15.67719 14 1.00000
46.0 15.70945 14 1.00000
46.1 15.74097 14 1.00000
46.2 15.77147 14 1.00000
46.3 15.80761 14 1.00000
46.4 15.86833 14 1.00000
46.5 15.93174 14 1.00000
46.6 15.98709 14 1.00000
46.7 16.03697 14 1.00000
46.8 16.08191 14 1.00000
46.9 16.16504 14 1.00000
47.0 16.19946 14 1.00000
47.1 16.23244 14 1.00000
47.2 16.26548 14 1.00000
47.3 16.29851 14 1.00000
47.4 16.33070 14 1.00000
47.5 16.36243 14 1.00000
47.6 16.39300 14 1.00000
47.7 16.43117 14 1.00000
47.8 16.49524 14 1.00000
47.9 16.55825 14 1.00000
48.0 16.61395 14 1.00000
48.1 16.66458 14 1.00000
48.2 16.71032 14 1.00000
48.3 16.79631 14 1.00000
48.4 16.83328 14 1.00000
48.5 16.86572 14 1.00000
48.6 16.89935 14 1.00000
48.7 16.93246 14 1.00000
48.8 16.96517 14 1.00000
48.9 16.99718 14 1.00000
49.0 17.02868 14 1.00000
49.1 17.06030 14 1.00000
49.2 17.10271 14 1.00000
49.3 17.17364 14 1.00000
49.4 17.23495 14 1.00000
49.5 17.28990 14 1.00000
49.6 17.33977 14 1.00000
49.7 17.38543 14 1.00000
49.8 17.47455 14 1.00000
49.9 17.51322 14 1.00000
50.0 17.54610 14 1.00000
50.1 17.58382 14 1.00000
50.2 17.62057 14 1.00000
50.3 17.66299 14 1.00000
50.4 17.69819 14 1.00000
50.5 17.74395 14 1.00000
50.6 17.77783 14 1.00000
50.7 17.82670 14 1.00000
50.8 17.85897 14 1.00000
50.9 17.90970 14 1.00000
51.0 17.94086 14 1.00000
51.1 17.99416 14 1.00000
51.2 18.02205 14 1.00000
51.3 18.07988 14 1.00000
51.4 18.13592 14 1.00000
51.5 18.16454 14 1.00000
51.6 18.22302 14 1.00000
51.7 18.24791 14 1.00000
51.8 18.30882 14 1.00000
51.9 18.33516 14 1.00000
52.0 18.39259 14 1.00000
52.1 18.45638 14 1.00000
52.2 18.47514 14 1.00000
52.3 18.53983 14 1.00000
52.4 18.60264 14 1.00000
52.5 18.62059 14 1.00000
52.6 18.68603 14 1.00000
52.7 18.74936 14 1.00000
52.8 18.76578 14 1.00000
52.9 18.83060 14 1.00000
53.0 18.89681 14 1.00000
53.1 18.90884 14 1.00000
53.2 18.97572 14 1.00000
53.3 19.04129 14 1.00000
53.4 19.05140 14 1.00000
53.5 19.11819 14 1.00000
53.6 19.18442 14 1.00000
53.7 19.19097 14 1.00000
53.8 19.25686 14 1.00000
53.9 19.32560 14 1.00000
54.0 19.34674 14 1.00000
54.1 19.39594 14 1.00000
54.2 19.46342 14 1.00000
54.3 19.52908 14 1.00000
54.4 19.53018 14 1.00000
54.5 19.59721 14 1.00000
54.6 19.66404 14 1.00000
54.7 19.66306 14 1.00000
54.8 19.72884 14 1.00000
54.9 19.79820 14 1.00000
55.0 19.80070 14 1.00000
55.1 19.84265 14 1.00000
55.2 19.92486 14 1.00000
55.3 19.93480 14 1.00000
55.4 19.98448 14 1.00000
55.5 20.01886 14 1.00000
55.6 20.11796 14 1.00000
55.7 20.12205 14 1.00000
55.8 20.16790 14 1.00000
55.9 20.19578 14 1.00000
56.0 20.30565 14 1.00000
56.1 20.30699 14 1.00000
56.2 20.35110 14 1.00000
56.3 20.37971 14 1.00000
56.4 20.37727 14 1.00000
56.5 20.49096 14 1.00000
56.6 20.53757 14 1.00000
56.7 20.56953 14 1.00000
56.8 20.56707 14 1.00000
56.9 20.66255 14 1.00000
57.0 20.72394 14 1.00000
57.1 20.76294 14 1.00000
57.2 20.78546 14 1.00000
57.3 20.78799 14 1.00000
57.4 20.83412 14 1.00000
57.5 20.95485 14 1.00000
57.6 20.98986 14 1.00000
57.7 20.99104 14 1.00000
57.8 21.01866 14 1.00000
57.9 21.08535 14 1.00000
58.0 21.18659 14 1.00000
58.1 21.22333 14 1.00000
58.2 21.22462 14 1.00000
58.3 21.24991 14 1.00000
58.4 21.31244 14 1.00000
58.5 21.34229 14 1.00000
58.6 21.46088 14 1.00000
58.7 21.48854 14 1.00000
58.8 21.48604 14 1.00000
58.9 21.52968 14 1.00000
59.0 21.60345 14 1.00000
59.1 21.62123 14 1.00000
59.2 21.73593 14 1.00000
59.3 21.76102 14 1.00000
59.4 21.76003 14 1.00000
59.5 21.81023 14 1.00000
59.6 21.88321 14 1.00000
59.7 21.95618 14 1.00000
59.8 22.01985 14 1.00000
59.9 22.04828 14 1.00000
60.0 22.04490 14 1.00000
60.1 22.08490 14 1.00000
60.2 22.15156 14 1.00000
60.3 22.22092 14 1.00000
60.4 22.23790 14 1.00000
60.5 22.34272 14 1.00000
60.6 22.36844 14 1.00000
60.7 22.36710 14 1.00000
60.8 22.41081 14 1.00000
60.9 22.47705 14 1.00000
61.0 22.54988 14 1.00000
61.1 22.62307 14 1.00000
61.2 22.67236 14 1.00000
61.3 22.70434 14 1.00000
61.4 22.70384 14 1.00000
61.5 22.73765 14 1.00000
61.6 22.78881 14 1.00000
61.7 22.86095 14 1.00000
61.8 22.93453 14 1.00000
61.9 22.92906 14 1.00000
62.0 23.04942 14 1.00000
62.1 23.08063 14 1.00000
62.2 23.07913 14 1.00000
62.3 23.11173 14 1.00000
62.4 23.15803 14 1.00000
62.5 23.22590 14 1.00000
62.6 23.30068 14 1.00000
62.7 23.34350 14 1.00000
62.8 23.42914 14 1.00000
62.9 23.46961 14 1.00000
63.0 23.49948 14 1.00000
63.1 23.50018 14 1.00000
63.2 23.53343 14 1.00000
63.3 23.57985 14 1.00000
63.4 23.64200 14 1.00000
63.5 23.71615 14 1.00000
63.6 23.72068 14 1.00000
63.7 23.84925 14 1.00000
63.8 23.89913 14 1.00000
63.9 23.93881 14 1.00000
64.0 23.96894 14 1.00000
64.1 23.96943 14 1.00000
64.2 24.00311 14 1.00000
64.3 24.04968 14 1.00000
64.4 24.10267 14 1.00000
64.5 24.17624 14 1.00000
64.6 24.33337 14 1.00000
64.7 24.39402 14 1.00000
64.8 24.37082 14 1.00000
64.9 24.41681 14 1.00000
65.0 24.45709 14 1.00000
65.1 24.49139 14 1.00000
65.2 24.49128 14 1.00000
65.3 24.52114 14 1.00000
65.4 24.56790 14 1.00000
65.5 24.61463 14 1.00000
65.6 24.74751 14 1.00000
65.7 24.83721 14 1.00000
65.8 24.89966 14 1.00000
65.9 24.96556 14 1.00000
66.0 24.93614 14 1.00000
66.1 24.97980 14 1.00000
66.2 25.03033 14 1.00000
66.3 25.06971 14 1.00000
66.4 25.10016 14 1.00000
66.5 25.09785 14 1.00000
66.6 25.13491 14 1.00000
66.7 25.26963 14 1.00000
66.8 25.30951 14 1.00000
66.9 25.37568 14 1.00000
67.0 25.43686 14 1.00000
67.1 25.50224 14 1.00000
67.2 25.56417 14 1.00000
67.3 25.62391 14 1.00000
67.4 25.59578 14 1.00000
67.5 25.64644 14 1.00000
67.6 25.69379 14 1.00000
67.7 25.73869 14 1.00000
67.8 25.77521 14 1.00000
67.9 25.83045 14 1.00000
68.0 25.80739 14 1.00000
68.1 25.87467 14 1.00000
68.2 25.94178 14 1.00000
68.3 26.00131 14 1.00000
68.4 26.06677 14 1.00000
68.5 26.12253 14 1.00000
68.6 26.19125 14 1.00000
68.7 26.25610 14 1.00000
68.8 26.31644 14 1.00000
68.9 26.37248 14 1.00000
69.0 26.43143 14 1.00000
69.1 26.50471 14 1.00000
69.2 26.45244 14 1.00000
69.3 26.55306 14 1.00000
69.4 26.46124 14 1.00000
69.5 26.50606 14 1.00000
69.6 26.55088 14 1.00000
69.7 26.59574 14 1.00000
69.8 26.64792 14 1.00000
69.9 26.71590 14 1.00000
70.0 26.78508 14 1.00000
70.1 26.84372 14 1.00000
70.2 26.90747 14 1.00000
70.3 26.96505 14 1.00000
70.4 27.03213 14 1.00000
70.5 27.08685 14 1.00000
70.6 27.15193 14 1.00000
70.7 27.19178 14 1.00000
70.8 27.10475 14 1.00000
70.9 27.21686 14 1.00000
71.0 27.24596 14 1.00000
71.1 27.23852 14 1.00000
71.2 27.27674 14 1.00000
71.3 27.32196 14 1.00000
71.4 27.36720 14 1.00000
71.5 27.41246 14 1.00000
71.6 27.45772 14 1.00000
71.7 27.51287 14 1.00000
71.8 27.57985 14 1.00000
71.9 27.64670 14 1.00000
72.0 27.70472 14 1.00000
72.1 27.76756 14 1.00000
72.2 27.82631 14 1.00000
72.3 27.87188 14 1.00000
72.4 27.84113 14 1.00000
72.5 28.05875 14 1.00000
72.6 28.00975 14 1.00000
72.7 28.06001 14 1.00000
72.8 28.11084 14 1.00000
72.9 28.15605 14 1.00000
73.0 28.19365 14 1.00000
73.1 28.24055 14 1.00000
73.2 28.27349 14 1.00000
73.3 28.28068 14 1.00000
73.4 28.31291 14 1.00000
73.5 28.34054 14 1.00000
73.6 28.37441 14 1.00000
73.7 28.42016 14 1.00000
73.8 28.46593 14 1.00000
73.9 28.51175 14 1.00000
74.0 28.55758 14 1.00000
74.1 28.60699 14 1.00000
74.2 28.66542 14 1.00000
74.3 28.70337 14 1.00000
74.4 28.78128 14 1.00000
74.5 28.90545 14 1.00000
74.6 28.96767 14 1.00000
74.7 29.01618 14 1.00000
74.8 29.07766 14 1.00000
74.9 29.13133 14 1.00000
75.0 29.18742 14 1.00000
75.1 29.24328 14 1.00000
75.2 29.29516 14 1.00000
75.3 29.35278 14 1.00000
75.4 29.41421 14 1.00000
75.5 29.36101 14 1.00000
75.6 29.41042 14 1.00000
75.7 29.45227 14 1.00000
75.8 29.50648 14 1.00000
75.9 29.55566 14 1.00000
76.0 29.60236 14 1.00000
76.1 29.64001 14 1.00000
76.2 29.77174 14 1.00000
76.3 29.76899 14 1.00000
76.4 29.74007 14 1.00000
76.5 29.71618 14 1.00000
76.6 29.76352 14 1.00000
76.7 29.80997 14 1.00000
76.8 29.85646 14 1.00000
76.9 29.90296 14 1.00000
77.0 29.94949 14 1.00000
77.1 29.99647 14 1.00000
77.2 30.04847 14 1.00000
77.3 30.10515 14 1.00000
77.4 30.16438 14 1.00000
77.5 30.22333 14 1.00000
77.6 30.28273 14 1.00000
77.7 30.34059 14 1.00000
77.8 30.39565 14 1.00000
77.9 30.43803 14 1.00000
78.0 30.50451 14 1.00000
78.1 30.55875 14 1.00000
78.2 30.61020 14 1.00000
78.3 30.66795 14 1.00000
78.4 30.71965 14 1.00000
78.5 30.77257 14 1.00000
78.6 30.82938 14 1.00000
78.7 30.87449 14 1.00000
78.8 30.93326 14 1.00000
78.9 30.98550 14 1.00000
79.0 31.02599 14 1.00000
79.1 31.07537 14 1.00000
79.2 31.06848 14 1.00000
79.3 31.03028 14 1.00000
79.4 31.27569 14 1.00000
79.5 31.33721 14 1.00000
79.6 31.29634 14 1.00000
79.7 31.34172 14 1.00000
79.8 31.38709 14 1.00000
79.9 31.44336 14 1.00000
80.0 31.49620 14 1.00000
80.1 31.54270 14 1.00000
80.2 31.58898 14 1.00000
80.3 31.63029 14 1.00000
80.4 31.68524 14 1.00000
80.5 31.73701 14 1.00000
80.6 31.78740 14 1.00000
80.7 31.83716 14 1.00000
80.8 31.88639 14 1.00000
80.9 31.93530 14 1.00000
81.0 31.98322 14 1.00000
81.1 32.09004 14 1.00000
81.2 32.00813 14 1.00000
81.3 32.11596 14 1.00000
81.4 32.16487 14 1.00000
81.5 32.21346 14 1.00000
81.6 32.26218 14 1.00000
81.7 32.30873 14 1.00000
81.8 32.35600 14 1.00000
81.9 32.40186 14 1.00000
82.0 32.44239 14 1.00000
82.1 32.45810 14 1.00000
82.2 32.50451 14 1.00000
82.3 32.55930 14 1.00000
82.4 32.60756 14 1.00000
82.5 32.65588 14 1.00000
82.6 32.70393 14 1.00000
82.7 32.74946 14 1.00000
82.8 32.79439 14 1.00000
82.9 32.83892 14 1.00000
83.0 32.88263 14 1.00000
83.1 32.92594 14 1.00000
83.2 32.96834 14 1.00000
83.3 33.01622 14 1.00000
83.4 33.06796 14 1.00000
83.5 33.11550 14 1.00000
83.6 33.16301 14 1.00000
83.7 33.21062 14 1.00000
83.8 33.25827 14 1.00000
83.9 33.30518 14 1.00000
84.0 33.35114 14 1.00000
84.1 33.39785 14 1.00000
84.2 33.44465 14 1.00000
84.3 33.49193 14 1.00000
84.4 33.53941 14 1.00000
84.5 33.58680 14 1.00000
84.6 33.63473 14 1.00000
84.7 33.68256 14 1.00000
84.8 33.73050 14 1.00000
84.9 33.77910 14 1.00000
85.0 33.82761 14 1.00000
85.1 33.87623 14 1.00000
85.2 33.92518 14 1.00000
85.3 33.97438 14 1.00000
85.4 34.02414 14 1.00000
85.5 34.07383 14 1.00000
85.6 34.12371 14 1.00000
85.7 34.17387 14 1.00000
85.8 34.22429 14 1.00000
85.9 34.27479 14 1.00000
86.0 34.32561 14 1.00000
86.1 34.37653 14 1.00000
86.2 34.42637 14 1.00000
86.3 34.47585 14 1.00000
86.4 34.52621 14 1.00000
86.5 34.59975 14 1.00000
86.6 34.66546 14 1.00000
86.7 34.74872 14 1.00000
86.8 34.79426 14 1.00000
86.9 34.73956 14 1.00000
87.0 34.79470 14 1.00000
87.1 34.84753 14 1.00000
87.2 34.90170 14 1.00000
87.3 34.95608 14 1.00000
87.4 35.01061 14 1.00000
87.5 35.06423 14 1.00000
87.6 35.11486 14 1.00000
87.7 35.16546 14 1.00000
87.8 35.21605 14 1.00000
87.9 35.26181 14 1.00000
88.0 35.32098 14 1.00000
88.1 35.37734 14 1.00000
88.2 35.43313 14 1.00000
88.3 35.48716 14 1.00000
88.4 35.53600 14 1.00000
88.5 35.57506 14 1.00000
88.6 35.63298 14 1.00000
88.7 35.69372 14 1.00000
88.8 35.75048 14 1.00000
88.9 35.80157 14 1.00000
89.0 35.90617 14 1.00000
89.1 35.76821 14 1.00000
89.2 35.94312 14 1.00000
89.3 36.00120 14 1.00000
89.4 36.04937 14 1.00000
89.5 36.08829 14 1.00000
89.6 36.15133 14 1.00000
89.7 36.20862 14 1.00000
89.8 36.26371 14 1.00000
89.9 36.31332 14 1.00000
90.0 36.36126 14 1.00000
90.1 36.39916 14 1.00000
90.2 36.46025 14 1.00000
90.3 36.51693 14 1.00000
90.4 36.57168 14 1.00000
90.5 36.64276 14 1.00000
90.6 36.68349 14 1.00000
90.7 36.74518 14 1.00000
90.8 36.80127 14 1.00000
90.9 36.85488 14 1.00000
91.0 36.92796 14 1.00000
91.1 36.77638 14 1.00000
91.2 37.00531 14 1.00000
91.3 37.05520 14 1.00000
91.4 37.10301 14 1.00000
91.5 37.14766 14 1.00000
91.6 37.19555 14 1.00000
91.7 37.25129 14 1.00000
91.8 37.30397 14 1.00000
91.9 37.35466 14 1.00000
92.0 37.40393 14 1.00000
92.1 37.45231 14 1.00000
92.2 37.49900 14 1.00000
92.3 37.54321 14 1.00000
92.4 37.60781 14 1.00000
92.5 37.65826 14 1.00000
92.6 37.71112 14 1.00000
92.7 37.76297 14 1.00000
92.8 37.80878 14 1.00000
92.9 37.85163 14 1.00000
93.0 37.88901 14 1.00000
93.1 37.95383 14 1.00000
93.2 38.00642 14 1.00000
93.3 38.04501 14 1.00000
93.4 38.09890 14 1.00000
93.5 38.20776 14 1.00000
93.6 38.22125 14 1.00000
93.7 38.22561 14 1.00000
93.8 38.16224 14 1.00000
93.9 38.33654 14 1.00000
94.0 38.39033 14 1.00000
94.1 38.52222 14 1.00000
94.2 38.55807 14 1.00000
94.3 38.61656 14 1.00000
94.4 38.65820 14 1.00000
94.5 38.69854 14 1.00000
94.6 38.75597 14 1.00000
94.7 38.79467 14 1.00000
94.8 38.84080 14 1.00000
94.9 38.89191 14 1.00000
95.0 38.91679 14 1.00000
95.1 38.97770 14 1.00000
95.2 39.01376 14 1.00000
95.3 39.00773 14 1.00000
95.4 39.14536 14 1.00000
95.5 39.16699 14 1.00000
95.6 39.20556 14 1.00000
95.7 39.26183 14 1.00000
95.8 39.28306 14 1.00000
95.9 39.34923 14 1.00000
96.0 39.37051 14 1.00000
96.1 39.43779 14 1.00000
96.2 39.44008 14 1.00000
96.3 39.52108 14 1.00000
96.4 39.57177 14 1.00000
96.5 39.61504 14 1.00000
96.6 39.65238 14 1.00000
96.7 39.68173 14 1.00000
96.8 39.74757 14 1.00000
96.9 39.79656 14 1.00000
97.0 39.83804 14 1.00000
97.1 39.87869 14 1.00000
97.2 39.91838 14 1.00000
97.3 39.95786 14 1.00000
97.4 39.99661 14 1.00000
97.5 40.03540 14 1.00000
97.6 40.07387 14 1.00000
97.7 40.14557 14 1.00000
97.8 40.22274 14 1.00000
97.9 40.29762 14 1.00000
98.0 40.36538 14 1.00000
98.1 40.41262 14 1.00000
98.2 40.49474 14 1.00000
98.3 40.57477 14 1.00000
98.4 40.61972 14 1.00000
98.5 40.66467 14 1.00000
98.6 40.70963 14 1.00000
98.7 40.75459 14 1.00000
98.8 40.80688 14 1.00000
98.9 40.85835 14 1.00000
99.0 40.90895 14 1.00000
99.1 40.95961 14 1.00000
99.2 41.00959 14 1.00000
99.3 41.05935 14 1.00000
99.4 41.10880 14 1.00000
99.5 41.15786 14 1.00000
99.6 41.20658 14 1.00000
99.7 41.25499 14 1.00000
99.8 41.30313 14 1.00000
99.9 41.35112 14 1.00000
100.0 41.39893 14 1.00000
100.1 41.44659 14 1.00000
100.2 41.49416 14 1.00000
100.3 41.54161 14 1.00000
100.4 41.58855 14 1.00000
100.5 41.62373 14 1.00000
100.6 41.65221 14 1.00000
100.7 41.73112 14 1.00000
100.8 41.78540 14 1.00000
100.9 41.82150 14 1.00000
101.0 41.85906 14 1.00000
101.1 41.92694 14 1.00000
101.2 41.96413 14 1.00000
101.3 42.00227 14 1.00000
101.4 42.07341 14 1.00000
101.5 42.11146 14 1.00000
101.6 42.15018 14 1.00000
101.7 42.19010 14 1.00000
101.8 42.23070 14 1.00000
101.9 42.30512 14 1.00000
102.0 42.34660 14 1.00000
102.1 42.38856 14 1.00000
102.2 42.43161 14 1.00000
102.3 42.47535 14 1.00000
102.4 42.52014 14 1.00000
102.5 42.60322 14 1.00000
102.6 42.65020 14 1.00000
102.7 42.69859 14 1.00000
102.8 42.74826 14 1.00000
102.9 42.79955 14 1.00000
103.0 42.85226 14 1.00000
103.1 42.90890 14 1.00000
103.2 42.99737 14 1.00000
103.3 43.08559 14 1.00000
103.4 43.17407 14 1.00000
103.5 43.26255 14 1.00000
103.6 43.35075 14 1.00000
103.7 43.43930 14 1.00000
103.8 43.52756 14 1.00000
103.9 43.61602 14 1.00000
104.0 43.70460 14 1.00000
104.1 43.79288 14 1.00000
104.2 43.88141 14 1.00000
104.3 43.96990 14 1.00000
104.4 44.05820 14 1.00000
104.5 44.14675 14 1.00000
104.6 44.23512 14 1.00000
104.7 44.32363 14 1.00000
104.8 44.41219 14 1.00000
104.9 44.50052 14 1.00000
105.0 44.58915 14 1.00000
105.1 44.67773 14 1.00000
105.2 44.76603 14 1.00000
105.3 44.85462 14 1.00000
105.4 44.94302 14 1.00000
105.5 45.03162 14 1.00000
105.6 45.12017 14 1.00000
105.7 45.20859 14 1.00000
105.8 45.29720 14 1.00000
105.9 45.38581 14 1.00000
106.0 45.47414 14 1.00000
106.1 45.56281 14 1.00000
106.2 45.65114 14 1.00000
106.3 45.73981 14 1.00000
106.4 45.82839 14 1.00000
106.5 45.91678 14 1.00000
106.6 46.00546 14 1.00000
106.7 46.09410 14 1.00000
106.8 46.18249 14 1.00000
106.9 46.27113 14 1.00000
107.0 46.35953 14 1.00000
107.1 46.44812 14 1.00000
107.2 46.53676 14 1.00000
107.3 46.62516 14 1.00000
107.4 46.71386 14 1.00000
107.5 46.80250 14 1.00000
107.6 46.89091 14 1.00000
107.7 46.97955 14 1.00000
107.8 47.06815 14 1.00000
107.9 47.15661 14 1.00000
108.0 47.24525 14 1.00000
108.1 47.33390 14 1.00000
108.2 47.42231 14 1.00000
108.3 47.51090 14 1.00000
108.4 47.59931 14 1.00000
108.5 47.68801 14 1.00000
108.6 47.77665 14 1.00000
108.7 47.86501 14 1.00000
108.8 47.95365 14 1.00000
108.9 48.04234 14 1.00000
109.0 48.13074 14 1.00000
109.1 48.21938 14 1.00000
109.2 48.30796 14 1.00000
109.3 48.39637 14 1.00000
109.4 48.48505 14 1.00000
109.5 48.57363 14 1.00000
109.6 48.66208 14 1.00000
109.7 48.75070 14 1.00000
109.8 48.83928 14 1.00000
109.9 48.92772 14 1.00000
110.0 49.01633 14 1.00000
110.1 49.10490 14 1.00000
110.2 49.19333 14 1.00000
110.3 49.28189 14 1.00000
110.4 49.37050 14 1.00000
110.5 49.45888 14 1.00000
110.6 49.54753 14 1.00000
110.7 49.63613 14 1.00000
110.8 49.72449 14 1.00000
110.9 49.81309 14 1.00000
111.0 49.90162 14 1.00000
111.1 49.99003 14 1.00000
111.2 50.07856 14 1.00000
111.3 50.16714 14 1.00000
111.4 50.25553 14 1.00000
111.5 50.34410 14 1.00000
111.6 50.43261 14 1.00000
111.7 50.52100 14 1.00000
111.8 50.60950 14 1.00000
111.9 50.69810 14 1.00000
112.0 50.78637 14 1.00000
112.1 50.87497 14 1.00000
112.2 50.96350 14 1.00000
112.3 51.05181 14 1.00000
112.4 51.14029 14 1.00000
112.5 51.22886 14 1.00000
112.6 51.31715 14 1.00000
112.7 51.40561 14 1.00000
112.8 51.49417 14 1.00000
112.9 51.58239 14 1.00000
113.0 51.67094 14 1.00000
113.1 51.75938 14 1.00000
113.2 51.84764 14 1.00000
113.3 51.93616 14 1.00000
113.4 52.02464 14 1.00000
113.5 52.11311 14 1.00000
113.6 52.20134 14 1.00000
113.7 52.28975 14 1.00000
113.8 52.37819 14 1.00000
113.9 52.46646 14 1.00000
114.0 52.55490 14 1.00000
114.1 52.64328 14 1.00000
114.2 52.73153 14 1.00000
114.3 52.81994 14 1.00000
114.4 52.90835 14 1.00000
114.5 52.99653 14 1.00000
114.6 53.08493 14 1.00000
114.7 53.17327 14 1.00000
114.8 53.26143 14 1.00000
114.9 53.34980 14 1.00000
115.0 53.43822 14 1.00000
115.1 53.52653 14 1.00000
115.2 53.61471 14 1.00000
115.3 53.70306 14 1.00000
115.4 53.79134 14 1.00000
115.5 53.87951 14 1.00000
115.6 53.96778 14 1.00000
115.7 54.05614 14 1.00000
115.8 54.14418 14 1.00000
115.9 54.23253 14 1.00000
116.0 54.32082 14 1.00000
116.1 54.40911 14 1.00000
116.2 54.49717 14 1.00000
116.3 54.58538 14 1.00000
116.4 54.67365 14 1.00000
116.5 54.76173 14 1.00000
116.6 54.84997 14 1.00000
116.7 54.93821 14 1.00000
116.8 55.02617 14 1.00000
116.9 55.11438 14 1.00000
117.0 55.20264 14 1.00000
117.1 55.29085 14 1.00000
117.2 55.37882 14 1.00000
117.3 55.46696 14 1.00000
117.4 55.55513 14 1.00000
117.5 55.64308 14 1.00000
117.6 55.73124 14 1.00000
117.7 55.81939 14 1.00000
117.8 55.90758 14 1.00000
117.9 55.99545 14 1.00000
118.0 56.08362 14 1.00000
118.1 56.17173 14 1.00000
118.2 56.25962 14 1.00000
118.3 56.34771 14 1.00000
118.4 56.43580 14 1.00000
118.5 56.52388 14 1.00000
118.6 56.61168 14 1.00000
118.7 56.69973 14 1.00000
118.8 56.78778 14 1.00000
118.9 56.87561 14 1.00000
119.0 56.96363 14 1.00000
119.1 57.05165 14 1.00000
119.2 57.13967 14 1.00000
119.3 57.22745 14 1.00000
119.4 57.31549 14 1.00000
119.5 57.40342 14 1.00000
119.6 57.49123 14 1.00000
119.7 57.57914 14 1.00000
119.8 57.66714 14 1.00000
119.9 57.75503 14 1.00000
120.0 57.84280 14 1.00000
120.1 57.93072 14 1.00000
120.2 58.01863 14 1.00000
120.3 58.10653 14 1.00000
120.4 58.19421 14 1.00000
120.5 58.28209 14 1.00000
120.6 58.36990 14 1.00000
120.7 58.45755 14 1.00000
120.8 58.54540 14 1.00000
120.9 58.63329 14 1.00000
121.0 58.72106 14 1.00000
121.1 58.80872 14 1.00000
121.2 58.89647 14 1.00000
121.3 58.98427 14 1.00000
121.4 59.07206 14 1.00000
121.5 59.15967 14 1.00000
121.6 59.24743 14 1.00000
121.7 59.33514 14 1.00000
121.8 59.42271 14 1.00000
121.9 59.51040 14 1.00000
122.0 59.59817 14 1.00000
122.1 59.68587 14 1.00000
122.2 59.77336 14 1.00000
122.3 59.86100 14 1.00000
122.4 59.94873 14 1.00000
122.5 60.03634 14 1.00000
122.6 60.12379 14 1.00000
122.7 60.21148 14 1.00000
122.8 60.29911 14 1.00000
122.9 60.38668 14 1.00000
123.0 60.47414 14 1.00000
123.1 60.56168 14 1.00000
123.2 60.64927 14 1.00000
123.3 60.73669 14 1.00000
123.4 60.82420 14 1.00000
123.5 60.91180 14 1.00000
123.6 60.99929 14 1.00000
123.7 61.08667 14 1.00000
123.8 61.17413 14 1.00000
123.9 61.26169 14 1.00000
124.0 61.34918 14 1.00000
124.1 61.43646 14 1.00000
124.2 61.52388 14 1.00000
124.3 61.61139 14 1.00000
124.4 61.69879 14 1.00000
124.5 61.78607 14 1.00000
124.6 61.87350 14 1.00000
124.7 61.96086 14 1.00000
124.8 62.04810 14 1.00000
124.9 62.13544 14 1.00000
125.0 62.22287 14 1.00000
125.1 62.31024 14 1.00000
125.2 62.39759 14 1.00000
125.3 62.48468 14 1.00000
125.4 62.57206 14 1.00000
125.5 62.65932 14 1.00000
125.6 62.74663 14 1.00000
125.7 62.83372 14 1.00000
125.8 62.92105 14 1.00000
125.9 63.00832 14 1.00000
126.0 63.09558 14 1.00000
126.1 63.18277 14 1.00000
126.2 63.26980 14 1.00000
126.3 63.35702 14 1.00000
126.4 63.44423 14 1.00000
126.5 63.53148 14 1.00000
126.6 63.61841 14 1.00000
126.7 63.70563 14 1.00000
126.8 63.79279 14 1.00000
126.9 63.87989 14 1.00000
127.0 63.96707 14 1.00000
127.1 64.05394 14 1.00000
127.2 64.14105 14 1.00000
127.3 64.22815 14 1.00000
127.4 64.31523 14 1.00000
127.5 64.40236 14 1.00000
127.6 64.48921 14 1.00000
127.7 64.57621 14 1.00000
127.8 64.66325 14 1.00000
127.9 64.75032 14 1.00000
128.0 64.83713 14 1.00000
128.1 64.92413 14 1.00000
128.2 65.01111 14 1.00000
128.3 65.09803 14 1.00000
128.4 65.18499 14 1.00000
128.5 65.27174 14 1.00000
128.6 65.35867 14 1.00000
128.7 65.44564 14 1.00000
128.8 65.53255 14 1.00000
128.9 65.61925 14 1.00000
129.0 65.70608 14 1.00000
129.1 65.79300 14 1.00000
129.2 65.87986 14 1.00000
129.3 65.96665 14 1.00000
129.4 66.05334 14 1.00000
129.5 65.67110 14 1.00000
129.6 65.75807 14 1.00000
129.7 65.84493 14 1.00000
129.8 65.93183 14 1.00000
129.9 66.01882 14 1.00000
130.0 65.63641 14 1.00000
130.1 65.72346 14 1.00000
130.2 65.81038 14 1.00000
130.3 65.89732 14 1.00000
130.4 65.98426 14 1.00000
130.5 65.60236 14 1.00000
130.6 65.68918 14 1.00000
130.7 65.77624 14 1.00000
130.8 65.86319 14 1.00000
130.9 65.95023 14 1.00000
131.0 66.03699 14 1.00000
131.1 65.65532 14 1.00000
131.2 65.74243 14 1.00000
131.3 65.82948 14 1.00000
131.4 65.91647 14 1.00000
131.5 66.00354 14 1.00000
131.6 65.62125 14 1.00000
131.7 65.70901 14 1.00000
131.8 65.79606 14 1.00000
131.9 65.88319 14 1.00000
132.0 65.97022 14 1.00000
132.1 66.05708 14 1.00000
132.2 65.67514 14 1.00000
132.3 65.76307 14 1.00000
132.4 65.85020 14 1.00000
132.5 65.93732 14 1.00000
132.6 66.02424 14 1.00000
132.7 65.64226 14 1.00000
132.8 65.72946 14 1.00000
132.9 65.81764 14 1.00000
133.0 65.90482 14 1.00000
133.1 65.99203 14 1.00000
133.2 65.61005 14 1.00000
133.3 65.69705 14 1.00000
133.4 65.78429 14 1.00000
133.5 65.87273 14 1.00000
133.6 65.95994 14 1.00000
133.7 66.04694 14 1.00000
133.8 65.66502 14 1.00000
133.9 65.75236 14 1.00000
134.0 65.83958 14 1.00000
134.1 65.92818 14 1.00000
134.2 66.01547 14 1.00000
134.3 65.63342 14 1.00000
134.4 65.72075 14 1.00000
134.5 65.80807 14 1.00000
134.6 65.89538 14 1.00000
134.7 65.98413 14 1.00000
134.8 65.60233 14 1.00000
134.9 65.68951 14 1.00000
135.0 65.77684 14 1.00000
135.1 65.86420 14 1.00000
135.2 65.95154 14 1.00000
135.3 66.04040 14 1.00000
135.4 65.65861 14 1.00000
135.5 65.74608 14 1.00000
135.6 65.83344 14 1.00000
135.7 65.92088 14 1.00000
135.8 66.00820 14 1.00000
135.9 65.62817 14 1.00000
136.0 65.71564 14 1.00000
136.1 65.80309 14 1.00000
136.2 65.89053 14 1.00000
136.3 65.97796 14 1.00000
136.4 66.06512 14 1.00000
136.5 65.68557 14 1.00000
136.6 65.77302 14 1.00000
136.7 65.86050 14 1.00000
136.8 65.94803 14 1.00000
136.9 66.03524 14 1.00000
137.0 66.12269 14 1.00000
137.1 65.74342 14 1.00000
137.2 65.83090 14 1.00000
137.3 65.91842 14 1.00000
137.4 66.00593 14 1.00000
137.5 66.09322 14 1.00000
137.6 66.18075 14 1.00000
137.7 66.26817 14 1.00000
137.8 65.88927 14 1.00000
137.9 65.97683 14 1.00000
138.0 66.06418 14 1.00000
138.1 66.15170 14 1.00000
138.2 66.23921 14 1.00000
138.3 66.32671 14 1.00000
138.4 65.94805 14 1.00000
138.5 66.03539 14 1.00000
138.6 66.12296 14 1.00000
138.7 66.21053 14 1.00000
138.8 66.29807 14 1.00000
138.9 66.38565 14 1.00000
139.0 66.00727 14 1.00000
139.1 66.09469 14 1.00000
139.2 66.18230 14 1.00000
139.3 66.26984 14 1.00000
139.4 66.35747 14 1.00000
139.5 66.44478 14 1.00000
139.6 66.06668 14 1.00000
139.7 66.15434 14 1.00000
139.8 66.24202 14 1.00000
139.9 66.32959 14 1.00000
140.0 66.41720 14 1.00000
140.1 66.03615 14 1.00000
140.2 66.12682 14 1.00000
140.3 66.21445 14 1.00000
140.4 66.30218 14 1.00000
140.5 66.38979 14 1.00000
140.6 66.47727 14 1.00000
140.7 66.09644 14 1.00000
140.8 66.18730 14 1.00000
140.9 66.27507 14 1.00000
141.0 66.36272 14 1.00000
141.1 66.45026 14 1.00000
141.2 66.06947 14 1.00000
141.3 66.15720 14 1.00000
141.4 66.24827 14 1.00000
141.5 66.33607 14 1.00000
141.6 66.42380 14 1.00000
141.7 66.04278 14 1.00000
141.8 66.13065 14 1.00000
141.9 66.21845 14 1.00000
142.0 66.30624 14 1.00000
142.1 66.39749 14 1.00000
142.2 66.48500 14 1.00000
142.3 66.10439 14 1.00000
142.4 66.19225 14 1.00000
142.5 66.28008 14 1.00000
142.6 66.36785 14 1.00000
142.7 66.45914 14 1.00000
142.8 66.07845 14 1.00000
142.9 66.16639 14 1.00000
143.0 66.25427 14 1.00000
143.1 66.34214 14 1.00000
143.2 66.42974 14 1.00000
143.3 66.05289 14 1.00000
143.4 66.14088 14 1.00000
143.5 66.22881 14 1.00000
143.6 66.31672 14 1.00000
143.7 66.40456 14 1.00000
143.8 66.49225 14 1.00000
143.9 66.11568 14 1.00000
144.0 66.20370 14 1.00000
144.1 66.29166 14 1.00000
144.2 66.37959 14 1.00000
144.3 66.46732 14 1.00000
144.4 66.55518 14 1.00000
144.5 66.64313 14 1.00000
144.6 66.26693 14 1.00000
144.7 66.35487 14 1.00000
144.8 66.44263 14 1.00000
144.9 66.53059 14 1.00000
145.0 66.61858 14 1.00000
145.1 66.70645 14 1.00000
145.2 66.33054 14 1.00000
145.3 66.41855 14 1.00000
145.4 66.50639 14 1.00000
145.5 66.59433 14 1.00000
145.6 66.68230 14 1.00000
145.7 66.77025 14 1.00000
145.8 66.39465 14 1.00000
145.9 66.48250 14 1.00000
146.0 66.57052 14 1.00000
146.1 66.65853 14 1.00000
146.2 66.74648 14 1.00000
146.3 66.83446 14 1.00000
146.4 66.92227 14 1.00000
146.5 66.54700 14 1.00000
146.6 66.63506 14 1.00000
146.7 66.72305 14 1.00000
146.8 66.81107 14 1.00000
146.9 66.89893 14 1.00000
147.0 66.98687 14 1.00000
147.1 66.61192 14 1.00000
147.2 66.70000 14 1.00000
147.3 66.78806 14 1.00000
147.4 66.87592 14 1.00000
147.5 66.96391 14 1.00000
147.6 67.05197 14 1.00000
147.7 66.67719 14 1.00000
147.8 66.76535 14 1.00000
147.9 66.85325 14 1.00000
148.0 66.94132 14 1.00000
148.1 67.02939 14 1.00000
148.2 67.11738 14 1.00000
148.3 67.20541 14 1.00000
148.4 66.83105 14 1.00000
148.5 66.91902 14 1.00000
148.6 67.00713 14 1.00000
148.7 67.09517 14 1.00000
148.8 67.18330 14 1.00000
148.9 67.27116 14 1.00000
149.0 66.89701 14 1.00000
149.1 66.98515 14 1.00000
149.2 67.07333 14 1.00000
149.3 67.16145 14 1.00000
149.4 67.24955 14 1.00000
149.5 67.33739 14 1.00000
149.6 66.96356 14 1.00000
149.7 67.05173 14 1.00000
149.8 67.13989 14 1.00000
149.9 67.22808 14 1.00000
150.0 67.31602 14 1.00000
150.1 67.40412 14 1.00000
150.2 67.49222 14 1.00000
150.3 67.11875 14 1.00000
150.4 67.20689 14 1.00000
150.5 67.29486 14 1.00000
150.6 67.38301 14 1.00000
150.7 67.47120 14 1.00000
150.8 67.55932 14 1.00000
150.9 67.18612 14 1.00000
151.0 67.27413 14 1.00000
151.1 67.36233 14 1.00000
151.2 67.45051 14 1.00000
151.3 67.53867 14 1.00000
151.4 67.15999 14 1.00000
151.5 67.25368 14 1.00000
151.6 67.34191 14 1.00000
151.7 67.43013 14 1.00000
151.8 67.51833 14 1.00000
151.9 67.13963 14 1.00000
152.0 67.22797 14 1.00000
152.1 67.31604 14 1.00000
152.2 67.41008 14 1.00000
152.3 67.49832 14 1.00000
152.4 67.11967 14 1.00000
152.5 67.20795 14 1.00000
152.6 67.29612 14 1.00000
152.7 67.38437 14 1.00000
152.8 67.47858 14 1.00000
152.9 67.56689 14 1.00000
153.0 67.18832 14 1.00000
153.1 67.27652 14 1.00000
153.2 67.36481 14 1.00000
153.3 67.45318 14 1.00000
153.4 67.54149 14 1.00000
153.5 67.16904 14 1.00000
153.6 67.25723 14 1.00000
153.7 67.34561 14 1.00000
153.8 67.43398 14 1.00000
153.9 67.52228 14 1.00000
154.0 67.61066 14 1.00000
154.1 67.23846 14 1.00000
154.2 67.32663 14 1.00000
154.3 67.41503 14 1.00000
154.4 67.50342 14 1.00000
154.5 67.59179 14 1.00000
154.6 67.67995 14 1.00000
154.7 67.76829 14 1.00000
154.8 67.39650 14 1.00000
154.9 67.48492 14 1.00000
155.0 67.57334 14 1.00000
155.1 67.66168 14 1.00000
155.2 67.74986 14 1.00000
155.3 67.83827 14 1.00000
155.4 67.46664 14 1.00000
155.5 67.55509 14 1.00000
155.6 67.64357 14 1.00000
155.7 67.73174 14 1.00000
155.8 67.82014 14 1.00000
155.9 67.90858 14 1.00000
156.0 67.99695 14 1.00000
156.1 67.62567 14 1.00000
156.2 67.71398 14 1.00000
156.3 67.80242 14 1.00000
156.4 67.89085 14 1.00000
156.5 67.97925 14 1.00000
156.6 68.06764 14 1.00000
156.7 67.69642 14 1.00000
156.8 67.78490 14 1.00000
156.9 67.87341 14 1.00000
157.0 67.96181 14 1.00000
157.1 68.05029 14 1.00000
157.2 68.13846 14 1.00000
157.3 68.22691 14 1.00000
157.4 67.85622 14 1.00000
157.5 67.94476 14 1.00000
157.6 68.03323 14 1.00000
157.7 68.12144 14 1.00000
157.8 68.20992 14 1.00000
157.9 68.29834 14 1.00000
158.0 67.92791 14 1.00000
158.1 68.01647 14 1.00000
158.2 68.10471 14 1.00000
158.3 68.19319 14 1.00000
158.4 68.28169 14 1.00000
158.5 68.37009 14 1.00000
158.6 68.45856 14 1.00000
158.7 68.08830 14 1.00000
158.8 68.17680 14 1.00000
158.9 68.26529 14 1.00000
159.0 68.35382 14 1.00000
159.1 68.44224 14 1.00000
159.2 68.53053 14 1.00000
159.3 68.61897 14 1.00000
159.4 68.24928 14 1.00000
159.5 68.33775 14 1.00000
159.6 68.42630 14 1.00000
159.7 68.51453 14 1.00000
159.8 68.60300 14 1.00000
159.9 68.69150 14 1.00000
160.0 68.32201 14 1.00000
160.1 68.41055 14 1.00000
160.2 68.49888 14 1.00000
160.3 68.58743 14 1.00000
160.4 68.67587 14 1.00000
160.5 68.76439 14 1.00000
160.6 68.85279 14 1.00000
160.7 68.48374 14 1.00000
160.8 68.57204 14 1.00000
160.9 68.66061 14 1.00000
161.0 68.74907 14 1.00000
161.1 68.83762 14 1.00000
161.2 68.92584 14 1.00000
161.3 68.55704 14 1.00000
161.4 68.64560 14 1.00000
161.5 68.73415 14 1.00000
161.6 68.82267 14 1.00000
161.7 68.91118 14 1.00000
161.8 68.99948 14 1.00000
161.9 69.08791 14 1.00000
162.0 68.71939 14 1.00000
162.1 68.80801 14 1.00000
162.2 68.89655 14 1.00000
162.3 68.98489 14 1.00000
162.4 69.07336 14 1.00000
162.5 69.16185 14 1.00000
162.6 69.25038 14 1.00000
162.7 68.88215 14 1.00000
162.8 68.97052 14 1.00000
162.9 69.05912 14 1.00000
163.0 69.14765 14 1.00000
163.1 69.23617 14 1.00000
163.2 69.32462 14 1.00000
163.3 69.41291 14 1.00000
163.4 69.04507 14 1.00000
163.5 69.13364 14 1.00000
163.6 69.22224 14 1.00000
163.7 69.31078 14 1.00000
163.8 69.39910 14 1.00000
163.9 69.48755 14 1.00000
164.0 69.11993 14 1.00000
164.1 69.20857 14 1.00000
164.2 69.29710 14 1.00000
164.3 69.38551 14 1.00000
164.4 69.47399 14 1.00000
164.5 69.09865 14 1.00000
164.6 69.18727 14 1.00000
164.7 69.28374 14 1.00000
164.8 69.37213 14 1.00000
164.9 69.46071 14 1.00000
165.0 69.08533 14 1.00000
165.1 69.17398 14 1.00000
165.2 69.26262 14 1.00000
165.3 69.35110 14 1.00000
165.4 69.44768 14 1.00000
165.5 69.07236 14 1.00000
165.6 69.16106 14 1.00000
165.7 69.24969 14 1.00000
165.8 69.33834 14 1.00000
165.9 69.42680 14 1.00000
166.0 69.52359 14 1.00000
166.1 69.14835 14 1.00000
166.2 69.23701 14 1.00000
166.3 69.32575 14 1.00000
166.4 69.41424 14 1.00000
166.5 69.50289 14 1.00000
166.6 69.59148 14 1.00000
166.7 69.22464 14 1.00000
166.8 69.31337 14 1.00000
166.9 69.40184 14 1.00000
167.0 69.49058 14 1.00000
167.1 69.57925 14 1.00000
167.2 69.66787 14 1.00000
167.3 69.75652 14 1.00000
167.4 69.38979 14 1.00000
167.5 69.47847 14 1.00000
167.6 69.56723 14 1.00000
167.7 69.65588 14 1.00000
167.8 69.74460 14 1.00000
167.9 69.83307 14 1.00000
168.0 69.92171 14 1.00000
168.1 69.55541 14 1.00000
168.2 69.64419 14 1.00000
168.3 69.73285 14 1.00000
168.4 69.82135 14 1.00000
168.5 69.91008 14 1.00000
168.6 69.99869 14 1.00000
168.7 70.08733 14 1.00000
168.8 69.72144 14 1.00000
168.9 69.80993 14 1.00000
169.0 69.89868 14 1.00000
169.1 69.98737 14 1.00000
169.2 70.07605 14 1.00000
169.3 70.16466 14 1.00000
169.4 70.25311 14 1.00000
169.5 69.88750 14 1.00000
169.6 69.97627 14 1.00000
169.7 70.06493 14 1.00000
169.8 70.15367 14 1.00000
169.9 70.24215 14 1.00000
170.0 70.33080 14 1.00000
170.1 69.96540 14 1.00000
170.2 70.05414 14 1.00000
170.3 70.14281 14 1.00000
170.4 70.23138 14 1.00000
170.5 70.32007 14 1.00000
170.6 70.40869 14 1.00000
170.7 70.49740 14 1.00000
170.8 70.13231 14 1.00000
170.9 70.22086 14 1.00000
171.0 70.30958 14 1.00000
171.1 70.39828 14 1.00000
171.2 70.48696 14 1.00000
171.3 70.57563 14 1.00000
171.4 70.66409 14 1.00000
171.5 70.29926 14 1.00000
171.6 70.38800 14 1.00000
171.7 70.47672 14 1.00000
171.8 70.56542 14 1.00000
171.9 70.65392 14 1.00000
172.0 70.74263 14 1.00000
172.1 70.83123 14 1.00000
172.2 70.46676 14 1.00000
172.3 70.55554 14 1.00000
172.4 70.64401 14 1.00000
172.5 70.73277 14 1.00000
172.6 70.82140 14 1.00000
172.7 70.91010 14 1.00000
172.8 70.99870 14 1.00000
172.9 70.63439 14 1.00000
173.0 70.72312 14 1.00000
173.1 70.81178 14 1.00000
173.2 70.90048 14 1.00000
173.3 70.98916 14 1.00000
173.4 71.07764 14 1.00000
173.5 71.16628 14 1.00000
173.6 70.80245 14 1.00000
173.7 70.89118 14 1.00000
173.8 70.97984 14 1.00000
173.9 71.06834 14 1.00000
174.0 71.15707 14 1.00000
174.1 71.24567 14 1.00000
174.2 71.33436 14 1.00000
174.3 70.97079 14 1.00000
174.4 71.05933 14 1.00000
174.5 71.14798 14 1.00000
174.6 71.23672 14 1.00000
174.7 71.32534 14 1.00000
174.8 71.41399 14 1.00000
174.9 71.50249 14 1.00000
175.0 71.13921 14 1.00000
175.1 71.22794 14 1.00000
175.2 71.31664 14 1.00000
175.3 71.40532 14 1.00000
175.4 71.49374 14 1.00000
175.5 71.58244 14 1.00000
175.6 71.67102 14 1.00000
175.7 71.30804 14 1.00000
175.8 71.39676 14 1.00000
175.9 71.48527 14 1.00000
176.0 71.57395 14 1.00000
176.1 71.66266 14 1.00000
176.2 71.75130 14 1.00000
176.3 71.83987 14 1.00000
176.4 71.47704 14 1.00000
176.5 71.56570 14 1.00000
176.6 71.65440 14 1.00000
176.7 71.74312 14 1.00000
176.8 71.83177 14 1.00000
176.9 71.92017 14 1.00000
177.0 72.00880 14 1.00000
177.1 71.64640 14 1.00000
177.2 71.73515 14 1.00000
177.3 71.82379 14 1.00000
177.4 71.91227 14 1.00000
177.5 72.00092 14 1.00000
177.6 72.08955 14 1.00000
177.7 72.17816 14 1.00000
177.8 71.81605 14 1.00000
177.9 71.90461 14 1.00000
178.0 71.99324 14 1.00000
178.1 72.08195 14 1.00000
178.2 72.17055 14 1.00000
178.3 72.25922 14 1.00000
178.4 72.34760 14 1.00000
178.5 71.98576 14 1.00000
178.6 72.07446 14 1.00000
178.7 72.16313 14 1.00000
178.8 72.25179 14 1.00000
178.9 72.34028 14 1.00000
179.0 72.42885 14 1.00000
179.1 72.51746 14 1.00000
179.2 72.15591 14 1.00000
179.3 72.24459 14 1.00000
179.4 72.33331 14 1.00000
179.5 72.42171 14 1.00000
179.6 72.51040 14 1.00000
179.7 72.59896 14 1.00000
179.8 72.22827 14 1.00000
179.9 72.32629 14 1.00000
180.0 72.41478 14 1.00000
180.1 72.50343 14 1.00000
180.2 72.59212 14 1.00000
180.3 72.22141 14 1.00000
180.4 72.31018 14 1.00000
180.5 72.39864 14 1.00000
180.6 72.49676 14 1.00000
180.7 72.58538 14 1.00000
180.8 72.21478 14 1.00000
180.9 72.30353 14 1.00000
181.0 72.39207 14 1.00000
181.1 72.48080 14 1.00000
181.2 72.56950 14 1.00000
181.3 72.20829 14 1.00000
181.4 72.29707 14 1.00000
181.5 72.38564 14 1.00000
181.6 72.47433 14 1.00000
181.7 72.56311 14 1.00000
181.8 72.65182 14 1.00000
181.9 72.74052 14 1.00000
182.0 72.82900 14 1.00000
182.1 72.46816 14 1.00000
182.2 72.55687 14 1.00000
182.3 72.64565 14 1.00000
182.4 72.73432 14 1.00000
182.5 72.82288 14 1.00000
182.6 72.91152 14 1.00000
182.7 73.00024 14 1.00000
182.8 72.63962 14 1.00000
182.9 72.72836 14 1.00000
183.0 72.81695 14 1.00000
183.1 72.90566 14 1.00000
183.2 72.99435 14 1.00000
183.3 73.08298 14 1.00000
183.4 73.17163 14 1.00000
183.5 72.81119 14 1.00000
183.6 72.89987 14 1.00000
183.7 72.98859 14 1.00000
183.8 73.07729 14 1.00000
183.9 73.16598 14 1.00000
184.0 73.25446 14 1.00000
184.1 73.34315 14 1.00000
184.2 72.98311 14 1.00000
184.3 73.07178 14 1.00000
184.4 73.16055 14 1.00000
184.5 73.24905 14 1.00000
184.6 73.33772 14 1.00000
184.7 73.42632 14 1.00000
184.8 73.51501 14 1.00000
184.9 73.15523 14 1.00000
185.0 73.24376 14 1.00000
185.1 73.33246 14 1.00000
185.2 73.42113 14 1.00000
185.3 73.50975 14 1.00000
185.4 73.59840 14 1.00000
185.5 73.68684 14 1.00000
185.6 73.77545 14 1.00000
185.7 73.41606 14 1.00000
185.8 73.50470 14 1.00000
185.9 73.59338 14 1.00000
186.0 73.68188 14 1.00000
186.1 73.77052 14 1.00000
186.2 73.85914 14 1.00000
186.3 73.94769 14 1.00000
186.4 73.58855 14 1.00000
186.5 73.67702 14 1.00000
186.6 73.76566 14 1.00000
186.7 73.85435 14 1.00000
186.8 73.94293 14 1.00000
186.9 74.03159 14 1.00000
187.0 74.11999 14 1.00000
187.1 73.76101 14 1.00000
187.2 73.84972 14 1.00000
187.3 73.93832 14 1.00000
187.4 74.02700 14 1.00000
187.5 74.11538 14 1.00000
187.6 74.20397 14 1.00000
187.7 74.29255 14 1.00000
187.8 74.38111 14 1.00000
187.9 74.02252 14 1.00000
188.0 74.11097 14 1.00000
188.1 74.19964 14 1.00000
188.2 74.28825 14 1.00000
188.3 74.37683 14 1.00000
188.4 74.46535 14 1.00000
188.5 74.55371 14 1.00000
188.6 74.19541 14 1.00000
188.7 74.28398 14 1.00000
188.8 74.37264 14 1.00000
188.9 74.46118 14 1.00000
189.0 74.54957 14 1.00000
189.1 74.63812 14 1.00000
189.2 74.72671 14 1.00000
189.3 74.36860 14 1.00000
189.4 74.45716 14 1.00000
189.5 74.54562 14 1.00000
189.6 74.63416 14 1.00000
189.7 74.72276 14 1.00000
189.8 74.81130 14 1.00000
189.9 74.89983 14 1.00000
190.0 74.98815 14 1.00000
190.1 74.63033 14 1.00000
190.2 74.71896 14 1.00000
190.3 74.80747 14 1.00000
190.4 74.89606 14 1.00000
190.5 74.98436 14 1.00000
190.6 75.07287 14 1.00000
190.7 75.16136 14 1.00000
190.8 74.80387 14 1.00000
190.9 74.89244 14 1.00000
191.0 74.98095 14 1.00000
191.1 75.06934 14 1.00000
191.2 75.15781 14 1.00000
191.3 75.24636 14 1.00000
191.4 75.33484 14 1.00000
191.5 75.42325 14 1.00000
191.6 75.06590 14 1.00000
191.7 75.15443 14 1.00000
191.8 75.24296 14 1.00000
191.9 75.33146 14 1.00000
192.0 75.41989 14 1.00000
192.1 75.50822 14 1.00000
192.2 75.59662 14 1.00000
192.3 75.23969 14 1.00000
192.4 75.32816 14 1.00000
192.5 75.41672 14 1.00000
192.6 75.50502 14 1.00000
192.7 75.59344 14 1.00000
192.8 75.68195 14 1.00000
192.9 75.77033 14 1.00000
193.0 75.41362 14 1.00000
193.1 75.50195 14 1.00000
193.2 75.59039 14 1.00000
193.3 75.67890 14 1.00000
193.4 75.76736 14 1.00000
193.5 75.85575 14 1.00000
193.6 75.94398 14 1.00000
193.7 76.03243 14 1.00000
193.8 75.67599 14 1.00000
193.9 75.76442 14 1.00000
194.0 75.85288 14 1.00000
194.1 75.94114 14 1.00000
194.2 76.02956 14 1.00000
194.3 76.11802 14 1.00000
194.4 76.20636 14 1.00000
194.5 75.85025 14 1.00000
194.6 75.93848 14 1.00000
194.7 76.02693 14 1.00000
194.8 76.11536 14 1.00000
194.9 76.20378 14 1.00000
195.0 76.29218 14 1.00000
195.1 76.38038 14 1.00000
195.2 76.46873 14 1.00000
195.3 76.11298 14 1.00000
195.4 76.20148 14 1.00000
195.5 76.28985 14 1.00000
195.6 76.37812 14 1.00000
195.7 76.46651 14 1.00000
195.8 76.55483 14 1.00000
195.9 76.64323 14 1.00000
196.0 76.73151 14 1.00000
196.1 76.37599 14 1.00000
196.2 76.46440 14 1.00000
196.3 76.55285 14 1.00000
196.4 76.64123 14 1.00000
196.5 76.72954 14 1.00000
196.6 76.81770 14 1.00000
196.7 76.90607 14 1.00000
196.8 76.55103 14 1.00000
196.9 76.63939 14 1.00000
197.0 76.72782 14 1.00000
197.1 76.81601 14 1.00000
197.2 76.90436 14 1.00000
197.3 76.99265 14 1.00000
197.4 77.08096 14 1.00000
197.5 76.71652 14 1.00000
197.6 76.81445 14 1.00000
197.7 76.90282 14 1.00000
197.8 76.99118 14 1.00000
197.9 77.07957 14 1.00000
198.0 76.71505 14 1.00000
198.1 76.80334 14 1.00000
198.2 76.89170 14 1.00000
198.3 76.98993 14 1.00000
198.4 77.07830 14 1.00000
198.5 76.71391 14 1.00000
198.6 76.80217 14 1.00000
198.7 76.89055 14 1.00000
198.8 76.97900 14 1.00000
198.9 77.06741 14 1.00000
199.0 77.15578 14 1.00000
199.1 76.80116 14 1.00000
199.2 76.88967 14 1.00000
199.3 76.97809 14 1.00000
199.4 77.06648 14 1.00000
199.5 77.15494 14 1.00000
199.6 77.24309 14 1.00000
199.7 77.33150 14 1.00000
199.8 77.41986 14 1.00000
199.9 77.06587 14 1.00000
200.0 77.15430 14 1.00000
200.1 77.24248 14 1.00000
200.2 77.33092 14 1.00000
200.3 77.41930 14 1.00000
200.4 77.50765 14 1.00000
200.5 77.59595 14 1.00000
200.6 77.24208 14 1.00000
200.7 77.33051 14 1.00000
200.8 77.41895 14 1.00000
200.9 77.50729 14 1.00000
201.0 77.59570 14 1.00000
201.1 77.68405 14 1.00000
201.2 77.77215 14 1.00000
201.3 77.86051 14 1.00000
201.4 77.50723 14 1.00000
201.5 77.59562 14 1.00000
201.6 77.68394 14 1.00000
201.7 77.77217 14 1.00000
201.8 77.86046 14 1.00000
201.9 77.94883 14 1.00000
202.0 78.03709 14 1.00000
202.1 78.12542 14 1.00000
202.2 77.77235 14 1.00000
202.3 77.86072 14 1.00000
202.4 77.94902 14 1.00000
202.5 78.03735 14 1.00000
202.6 78.12570 14 1.00000
202.7 78.21381 14 1.00000
202.8 78.30204 14 1.00000
202.9 77.94952 14 1.00000
203.0 78.03782 14 1.00000
203.1 78.12621 14 1.00000
203.2 78.21434 14 1.00000
203.3 78.30264 14 1.00000
203.4 78.39088 14 1.00000
203.5 78.47919 14 1.00000
203.6 78.56744 14 1.00000
203.7 78.21509 14 1.00000
203.8 78.30341 14 1.00000
203.9 78.39167 14 1.00000
204.0 78.47996 14 1.00000
204.1 78.56828 14 1.00000
204.2 78.65631 14 1.00000
204.3 78.74454 14 1.00000
204.4 78.83281 14 1.00000
204.5 78.48103 14 1.00000
204.6 78.56934 14 1.00000
204.7 78.65740 14 1.00000
204.8 78.74564 14 1.00000
204.9 78.83394 14 1.00000
205.0 78.92212 14 1.00000
205.1 79.01033 14 1.00000
205.2 79.09834 14 1.00000
205.3 78.74696 14 1.00000
205.4 78.83524 14 1.00000
205.5 78.92348 14 1.00000
205.6 79.01176 14 1.00000
205.7 79.09975 14 1.00000
205.8 79.18796 14 1.00000
205.9 79.27614 14 1.00000
206.0 78.92506 14 1.00000
206.1 79.01337 14 1.00000
206.2 79.10138 14 1.00000
206.3 79.18965 14 1.00000
206.4 79.27781 14 1.00000
206.5 79.36605 14 1.00000
206.6 79.45422 14 1.00000
206.7 79.54237 14 1.00000
206.8 79.19147 14 1.00000
206.9 79.27970 14 1.00000
207.0 79.36797 14 1.00000
207.1 79.45611 14 1.00000
207.2 79.54433 14 1.00000
207.3 79.63227 14 1.00000
207.4 79.72047 14 1.00000
207.5 79.80859 14 1.00000
207.6 79.45826 14 1.00000
207.7 79.54651 14 1.00000
207.8 79.63447 14 1.00000
207.9 79.72269 14 1.00000
208.0 79.81079 14 1.00000
208.1 79.89892 14 1.00000
208.2 79.98708 14 1.00000
208.3 80.07500 14 1.00000
208.4 79.72512 14 1.00000
208.5 79.81329 14 1.00000
208.6 79.90145 14 1.00000
208.7 79.98954 14 1.00000
208.8 80.07754 14 1.00000
208.9 80.16560 14 1.00000
209.0 80.25373 14 1.00000
209.1 80.34180 14 1.00000
209.2 79.99231 14 1.00000
209.3 80.08028 14 1.00000
209.4 80.16840 14 1.00000
209.5 80.25652 14 1.00000
209.6 80.34461 14 1.00000
209.7 80.43269 14 1.00000
209.8 80.52052 14 1.00000
209.9 80.60862 14 1.00000
210.0 80.25947 14 1.00000
210.1 80.34763 14 1.00000
210.2 80.43574 14 1.00000
210.3 80.52364 14 1.00000
210.4 80.61166 14 1.00000
210.5 80.69971 14 1.00000
210.6 80.78780 14 1.00000
210.7 80.87581 14 1.00000
210.8 80.52692 14 1.00000
210.9 80.61501 14 1.00000
211.0 80.70304 14 1.00000
211.1 80.79110 14 1.00000
211.2 80.87919 14 1.00000
211.3 80.96703 14 1.00000
211.4 81.05499 14 1.00000
211.5 81.14303 14 1.00000
211.6 80.79465 14 1.00000
211.7 80.88272 14 1.00000
211.8 80.97059 14 1.00000
211.9 81.05867 14 1.00000
212.0 81.14668 14 1.00000
212.1 81.23468 14 1.00000
212.2 81.32261 14 1.00000
212.3 81.41061 14 1.00000
212.4 81.06251 14 1.00000
212.5 81.15050 14 1.00000
212.6 81.23852 14 1.00000
212.7 81.32652 14 1.00000
212.8 81.41455 14 1.00000
212.9 81.50229 14 1.00000
213.0 81.59029 14 1.00000
213.1 81.67818 14 1.00000
213.2 81.33068 14 1.00000
213.3 81.41869 14 1.00000
213.4 81.50646 14 1.00000
213.5 81.59448 14 1.00000
213.6 81.68244 14 1.00000
213.7 81.77038 14 1.00000
213.8 81.85825 14 1.00000
213.9 81.94603 14 1.00000
214.0 81.59883 14 1.00000
214.1 81.68681 14 1.00000
214.2 81.77482 14 1.00000
214.3 81.86272 14 1.00000
214.4 81.95047 14 1.00000
214.5 82.03844 14 1.00000
214.6 82.12628 14 1.00000
214.7 82.21416 14 1.00000
214.8 81.86744 14 1.00000
214.9 81.95522 14 1.00000
215.0 82.04311 14 1.00000
215.1 82.13107 14 1.00000
215.2 82.21893 14 1.00000
215.3 82.30686 14 1.00000
215.4 82.39451 14 1.00000
215.5 82.48241 14 1.00000
215.6 82.13598 14 1.00000
215.7 82.22390 14 1.00000
215.8 82.31186 14 1.00000
215.9 82.39957 14 1.00000
216.0 82.48740 14 1.00000
216.1 82.57526 14 1.00000
216.2 82.66315 14 1.00000
216.3 82.75092 14 1.00000
216.4 82.40475 14 1.00000
216.5 82.49265 14 1.00000
216.6 82.58058 14 1.00000
216.7 82.66844 14 1.00000
216.8 82.75629 14 1.00000
216.9 82.84412 14 1.00000
217.0 82.93171 14 1.00000
217.1 83.01955 14 1.00000
217.2 82.67395 14 1.00000
217.3 82.76177 14 1.00000
217.4 82.84967 14 1.00000
217.5 82.93729 14 1.00000
217.6 83.02515 14 1.00000
217.7 83.11295 14 1.00000
217.8 83.20074 14 1.00000
217.9 83.28851 14 1.00000
218.0 82.94306 14 1.00000
218.1 83.03095 14 1.00000
218.2 83.11873 14 1.00000
218.3 83.20659 14 1.00000
218.4 83.29433 14 1.00000
218.5 83.38194 14 1.00000
218.6 83.46969 14 1.00000
218.7 83.55748 14 1.00000
218.8 83.64520 14 1.00000
218.9 83.30045 14 1.00000
219.0 83.38803 14 1.00000
219.1 83.47586 14 1.00000
219.2 83.56358 14 1.00000
219.3 83.65132 14 1.00000
219.4 83.29533 14 1.00000
219.5 83.38299 14 1.00000
219.6 83.47080 14 1.00000
219.7 83.56997 14 1.00000
219.8 83.65775 14 1.00000
219.9 83.30174 14 1.00000
220.0 83.38937 14 1.00000
220.1 83.47720 14 1.00000
220.2 83.56506 14 1.00000
220.3 83.65282 14 1.00000
220.4 83.74065 14 1.00000
220.5 83.39600 14 1.00000
220.6 83.48390 14 1.00000
220.7 83.57174 14 1.00000
220.8 83.65956 14 1.00000
220.9 83.74737 14 1.00000
221.0 83.83511 14 1.00000
221.1 83.92271 14 1.00000
221.2 84.01051 14 1.00000
221.3 83.66647 14 1.00000
221.4 83.75429 14 1.00000
221.5 83.84188 14 1.00000
221.6 83.92973 14 1.00000
221.7 84.01746 14 1.00000
221.8 84.10526 14 1.00000
221.9 84.19296 14 1.00000
222.0 84.28069 14 1.00000
222.1 83.93685 14 1.00000
222.2 84.02470 14 1.00000
222.3 84.11243 14 1.00000
222.4 84.20020 14 1.00000
222.5 84.28796 14 1.00000
222.6 84.37552 14 1.00000
222.7 84.46323 14 1.00000
222.8 84.55093 14 1.00000
222.9 84.63862 14 1.00000
223.0 84.29546 14 1.00000
223.1 84.38300 14 1.00000
223.2 84.47079 14 1.00000
223.3 84.55847 14 1.00000
223.4 84.64622 14 1.00000
223.5 84.73386 14 1.00000
223.6 84.82137 14 1.00000
223.7 84.90903 14 1.00000
223.8 84.56625 14 1.00000
223.9 84.65393 14 1.00000
224.0 84.74165 14 1.00000
224.1 84.82917 14 1.00000
224.2 84.91685 14 1.00000
224.3 85.00456 14 1.00000
224.4 85.09221 14 1.00000
224.5 85.17979 14 1.00000
224.6 84.83718 14 1.00000
224.7 84.92493 14 1.00000
224.8 85.01262 14 1.00000
224.9 85.10029 14 1.00000
225.0 85.18794 14 1.00000
225.1 85.27557 14 1.00000
225.2 85.36298 14 1.00000
225.3 85.45063 14 1.00000
225.4 85.53817 14 1.00000
225.5 85.19619 14 1.00000
225.6 85.28384 14 1.00000
225.7 85.37132 14 1.00000
225.8 85.45899 14 1.00000
225.9 85.54660 14 1.00000
226.0 85.63419 14 1.00000
226.1 85.72177 14 1.00000
226.2 85.80917 14 1.00000
226.3 85.46756 14 1.00000
226.4 85.55514 14 1.00000
226.5 85.64275 14 1.00000
226.6 85.73041 14 1.00000
226.7 85.81782 14 1.00000
226.8 85.90533 14 1.00000
226.9 85.99294 14 1.00000
227.0 86.08047 14 1.00000
227.1 86.16794 14 1.00000
227.2 85.82662 14 1.00000
227.3 85.91426 14 1.00000
227.4 86.00179 14 1.00000
227.5 86.08939 14 1.00000
227.6 86.17688 14 1.00000
227.7 86.26440 14 1.00000
227.8 86.35179 14 1.00000
227.9 86.43929 14 1.00000
228.0 86.09846 14 1.00000
228.1 86.18603 14 1.00000
228.2 86.27362 14 1.00000
228.3 86.36093 14 1.00000
228.4 86.44849 14 1.00000
228.5 86.53599 14 1.00000
228.6 86.62347 14 1.00000
228.7 86.71094 14 1.00000
228.8 86.37032 14 1.00000
228.9 86.45790 14 1.00000
229.0 86.54542 14 1.00000
229.1 86.63293 14 1.00000
229.2 86.72041 14 1.00000
229.3 86.80771 14 1.00000
229.4 86.89516 14 1.00000
229.5 86.98256 14 1.00000
229.6 87.07003 14 1.00000
229.7 86.73003 14 1.00000
229.8 86.81736 14 1.00000
229.9 86.90484 14 1.00000
230.0 86.99229 14 1.00000
230.1 87.07979 14 1.00000
230.2 87.16717 14 1.00000
230.3 87.25463 14 1.00000
230.4 87.34186 14 1.00000
230.5 87.00224 14 1.00000
230.6 87.08971 14 1.00000
230.7 87.17720 14 1.00000
230.8 87.26463 14 1.00000
230.9 87.35184 14 1.00000
231.0 87.43924 14 1.00000
231.1 87.52667 14 1.00000
231.2 87.61404 14 1.00000
231.3 87.70139 14 1.00000
231.4 87.36209 14 1.00000
231.5 87.44953 14 1.00000
231.6 87.53694 14 1.00000
231.7 87.62428 14 1.00000
231.8 87.71171 14 1.00000
231.9 87.79907 14 1.00000
232.0 87.88620 14 1.00000
232.1 87.97353 14 1.00000
232.2 88.06084 14 1.00000
232.3 87.72222 14 1.00000
232.4 87.80939 14 1.00000
232.5 87.89680 14 1.00000
232.6 87.98410 14 1.00000
232.7 88.07143 14 1.00000
232.8 88.15880 14 1.00000
232.9 88.24606 14 1.00000
233.0 88.33318 14 1.00000
233.1 87.99487 14 1.00000
233.2 88.08228 14 1.00000
233.3 88.16962 14 1.00000
233.4 88.25694 14 1.00000
233.5 88.34409 14 1.00000
233.6 88.43133 14 1.00000
233.7 88.51860 14 1.00000
233.8 88.60587 14 1.00000
233.9 88.69311 14 1.00000
234.0 88.35509 14 1.00000
234.1 88.44241 14 1.00000
234.2 88.52970 14 1.00000
234.3 88.61698 14 1.00000
234.4 88.70430 14 1.00000
234.5 88.79150 14 1.00000
234.6 88.87862 14 1.00000
234.7 88.96579 14 1.00000
234.8 88.62835 14 1.00000
234.9 88.71559 14 1.00000
235.0 88.80291 14 1.00000
235.1 88.88995 14 1.00000
235.2 88.97724 14 1.00000
235.3 89.06441 14 1.00000
235.4 89.15167 14 1.00000
235.5 89.23887 14 1.00000
235.6 89.32600 14 1.00000
235.7 88.98885 14 1.00000
235.8 89.07604 14 1.00000
235.9 89.16328 14 1.00000
236.0 89.25049 14 1.00000
236.1 89.33757 14 1.00000
236.2 89.42471 14 1.00000
236.3 89.51187 14 1.00000
236.4 89.59907 14 1.00000
236.5 89.68616 14 1.00000
236.6 89.34945 14 1.00000
236.7 89.43661 14 1.00000
236.8 89.52380 14 1.00000
236.9 89.61097 14 1.00000
237.0 89.69817 14 1.00000
237.1 89.78527 14 1.00000
237.2 89.87228 14 1.00000
237.3 89.95934 14 1.00000
237.4 89.62312 14 1.00000
237.5 89.71034 14 1.00000
237.6 89.79751 14 1.00000
237.7 89.88449 14 1.00000
237.8 89.97162 14 1.00000
237.9 90.05869 14 1.00000
238.0 90.14579 14 1.00000
238.1 90.23293 14 1.00000
238.2 90.31999 14 1.00000
238.3 89.98405 14 1.00000
238.4 90.07118 14 1.00000
238.5 90.15826 14 1.00000
238.6 90.24541 14 1.00000
238.7 90.33250 14 1.00000
238.8 90.41936 14 1.00000
238.9 90.50643 14 1.00000
239.0 90.59348 14 1.00000
239.1 90.68055 14 1.00000
239.2 90.34521 14 1.00000
239.3 90.43209 14 1.00000
239.4 90.51923 14 1.00000
239.5 90.60629 14 1.00000
239.6 90.69334 14 1.00000
239.7 90.78038 14 1.00000
239.8 90.86740 14 1.00000
239.9 90.95424 14 1.00000
240.0 91.04118 14 1.00000
240.1 90.70632 14 1.00000
240.2 90.79338 14 1.00000
240.3 90.88021 14 1.00000
240.4 90.96729 14 1.00000
240.5 91.05430 14 1.00000
240.6 91.14129 14 1.00000
240.7 91.22827 14 1.00000
240.8 91.31519 14 1.00000
240.9 91.40197 14 1.00000
241.0 91.06751 14 1.00000
241.1 91.15453 14 1.00000
241.2 91.24153 14 1.00000
241.3 91.32851 14 1.00000
241.4 91.41537 14 1.00000
241.5 91.50228 14 1.00000
241.6 91.58922 14 1.00000
241.7 91.67614 14 1.00000
241.8 91.34203 14 1.00000
241.9 91.42891 14 1.00000
242.0 91.51588 14 1.00000
242.1 91.60280 14 1.00000
242.2 91.68980 14 1.00000
242.3 91.77673 14 1.00000
242.4 91.86364 14 1.00000
242.5 91.95033 14 1.00000
242.6 92.03722 14 1.00000
242.7 91.70359 14 1.00000
242.8 91.79050 14 1.00000
242.9 91.87748 14 1.00000
243.0 91.96419 14 1.00000
243.1 92.05115 14 1.00000
243.2 92.13799 14 1.00000
243.3 92.22486 14 1.00000
243.4 92.31172 14 1.00000
243.5 92.39857 14 1.00000
243.6 92.06517 14 1.00000
243.7 92.15208 14 1.00000
243.8 92.23898 14 1.00000
243.9 92.32591 14 1.00000
244.0 92.41277 14 1.00000
244.1 92.49947 14 1.00000
244.2 92.58630 14 1.00000
244.3 92.67307 14 1.00000
244.4 92.75993 14 1.00000
244.5 92.42708 14 1.00000
244.6 92.51379 14 1.00000
244.7 92.60065 14 1.00000
244.8 92.68748 14 1.00000
244.9 92.77431 14 1.00000
245.0 92.83926 14 1.00000
245.1 92.92604 14 1.00000
245.2 93.01274 14 1.00000
245.3 93.09949 14 1.00000
245.4 92.78899 14 1.00000
245.5 92.85385 14 1.00000
245.6 92.94070 14 1.00000
245.7 93.02733 14 1.00000
245.8 93.11419 14 1.00000
245.9 93.20100 14 1.00000
246.0 93.28773 14 1.00000
246.1 93.37451 14 1.00000
246.2 93.46127 14 1.00000
246.3 93.12904 14 1.00000
246.4 93.21586 14 1.00000
246.5 93.30267 14 1.00000
246.6 93.38947 14 1.00000
246.7 93.47615 14 1.00000
246.8 93.56281 14 1.00000
246.9 93.64951 14 1.00000
247.0 93.73628 14 1.00000
247.1 93.82301 14 1.00000
247.2 93.49132 14 1.00000
247.3 93.57794 14 1.00000
247.4 93.66471 14 1.00000
247.5 93.75146 14 1.00000
247.6 93.83821 14 1.00000
247.7 93.92493 14 1.00000
247.8 94.01160 14 1.00000
247.9 94.09813 14 1.00000
248.0 94.18486 14 1.00000
248.1 93.85360 14 1.00000
248.2 93.94035 14 1.00000
248.3 94.02708 14 1.00000
248.4 94.11363 14 1.00000
248.5 94.20034 14 1.00000
248.6 94.28698 14 1.00000
248.7 94.37365 14 1.00000
248.8 94.46030 14 1.00000
248.9 94.54695 14 1.00000
249.0 94.21600 14 1.00000
249.1 94.30267 14 1.00000
249.2 94.38936 14 1.00000
249.3 94.47604 14 1.00000
249.4 94.56275 14 1.00000
249.5 94.64924 14 1.00000
249.6 94.73587 14 1.00000
249.7 94.82249 14 1.00000
249.8 94.90905 14 1.00000
249.9 94.57864 14 1.00000
250.0 94.66520 14 1.00000
