15.0 2.33449 13 0.10847
15.1 2.37872 13 0.11216
15.2 2.42337 13 0.11587
15.3 2.46844 13 0.11959
15.4 2.51851 14 0.12331
15.5 2.57998 14 0.12705
15.6 2.64259 14 0.13080
15.7 2.70634 14 0.13456
15.8 2.77125 14 0.13833
15.9 2.83733 14 0.14211
16.0 2.90631 14 0.14585
16.1 2.97487 14 0.14965
16.2 3.04462 14 0.15346
16.3 3.11559 14 0.15728
16.4 3.18778 14 0.16111
16.5 3.26120 14 0.16495
16.6 3.33587 14 0.16880
16.7 3.41178 14 0.17266
16.8 3.48897 14 0.17652
16.9 3.56743 14 0.18040
17.0 3.64717 14 0.18428
17.1 3.72823 14 0.18817
17.2 3.81060 14 0.19207
17.3 3.89431 14 0.19598
17.4 3.97896 14 0.19990
17.5 4.05159 14 0.20382
17.6 4.12502 14 0.20775
17.7 4.19923 14 0.21169
17.8 4.27423 14 0.21564
17.9 4.35002 14 0.21960
18.0 4.42660 14 0.22356
18.1 4.50397 14 0.22753
18.2 4.58214 14 0.23151
18.3 4.66110 14 0.23549
18.4 4.76633 14 0.24122
18.5 4.88637 14 0.24788
18.6 5.00853 14 0.25461
18.7 5.13283 14 0.26141
18.8 5.25931 14 0.26828
18.9 5.38797 14 0.27522
19.0 5.51885 14 0.28223
19.1 5.65197 14 0.28931
19.2 5.79394 14 0.29641
19.3 5.93189 14 0.30363
19.4 6.07218 14 0.31092
19.5 6.21481 14 0.31829
19.6 6.35981 14 0.32573
19.7 6.50722 14 0.33324
19.8 6.65706 14 0.34083
19.9 6.80936 14 0.34849
20.0 6.96414 14 0.35623
20.1 7.18096 14 0.36418
20.2 7.34004 14 0.37207
20.3 7.50169 14 0.38003
20.4 7.66592 14 0.38808
20.5 7.76788 14 0.39229
20.6 7.86252 14 0.39602
20.7 7.95804 14 0.39977
20.8 8.05435 14 0.40352
20.9 8.15145 14 0.40729
21.0 8.24935 14 0.41107
21.1 8.34805 14 0.41486
21.2 8.44754 14 0.41866
21.3 8.54784 14 0.42248
21.4 8.64895 14 0.42630
21.5 8.75086 14 0.43014
21.6 8.85358 14 0.43398
21.7 8.95712 14 0.43784
21.8 9.06147 14 0.44171
21.9 9.16664 14 0.44559
22.0 9.27263 14 0.44949
22.1 9.37945 14 0.45339
22.2 9.48709 14 0.45731
22.3 9.59557 14 0.46124
22.4 9.70487 14 0.46518
22.5 9.81501 14 0.46913
22.6 9.92599 14 0.47309
22.7 10.03782 14 0.47707
22.8 10.15048 14 0.48105
22.9 10.26399 14 0.48505
23.0 10.37836 14 0.48906
23.1 10.49357 14 0.49308
23.2 10.60964 14 0.49712
23.3 10.72656 14 0.50116
23.4 10.84436 14 0.50522
23.5 10.96301 14 0.50929
23.6 11.08252 14 0.51337
23.7 11.20275 14 0.51746
23.8 11.32385 14 0.52157
23.9 11.44583 14 0.52569
24.0 11.54776 14 0.52985
24.1 11.67110 14 0.53399
24.2 11.79529 14 0.53815
24.3 11.92035 14 0.54231
24.4 12.04631 14 0.54649
24.5 12.17315 14 0.55068
24.6 12.30090 14 0.55489
24.7 12.42953 14 0.55910
24.8 12.55864 14 0.56333
24.9 12.66494 14 0.56760
25.0 12.79581 14 0.57185
25.1 12.92756 14 0.57612
25.2 13.06021 14 0.58040
25.3 13.19377 14 0.58469
25.4 13.32787 14 0.58899
25.5 13.46294 14 0.59331
25.6 13.59892 14 0.59764
25.7 13.73582 14 0.60198
25.8 13.84652 14 0.60636
25.9 13.98501 14 0.61073
26.0 14.12451 14 0.61511
26.1 14.26442 14 0.61950
26.2 14.40536 14 0.62390
26.3 14.54723 14 0.62832
26.4 14.69002 14 0.63275
26.5 14.83374 14 0.63720
26.6 14.97840 14 0.64166
26.7 15.09324 14 0.64615
26.8 15.23914 14 0.65063
26.9 15.38602 14 0.65513
27.0 15.53382 14 0.65964
27.1 15.68255 14 0.66417
27.2 15.83223 14 0.66870
27.3 15.98285 14 0.67325
27.4 16.13442 14 0.67782
27.5 16.28691 14 0.68239
27.6 16.43980 14 0.68698
27.7 16.55864 14 0.69161
27.8 16.71343 14 0.69622
27.9 16.86911 14 0.70086
28.0 17.02573 14 0.70550
28.1 17.18328 14 0.71016
28.2 17.34173 14 0.71483
28.3 17.50114 14 0.71952
28.4 17.66096 14 0.72422
28.5 17.82197 14 0.72893
28.6 17.94410 14 0.73367
28.7 18.10670 14 0.73841
28.8 18.27047 14 0.74317
28.9 18.43495 14 0.74794
29.0 18.60041 14 0.75272
29.1 18.76685 14 0.75752
29.2 18.93378 14 0.76233
29.3 19.10181 14 0.76715
29.4 19.27081 14 0.77199
29.5 19.44079 14 0.77685
29.6 19.56630 14 0.78173
29.7 19.73731 14 0.78661
29.8 19.91012 14 0.79151
29.9 20.08351 14 0.79642
30.0 20.25789 14 0.80135
30.1 20.43263 14 0.80629
30.2 20.60857 14 0.81124
30.3 20.78549 14 0.81621
30.4 20.96317 14 0.82119
30.5 21.09067 14 0.82621
30.6 21.26927 14 0.83122
30.7 21.44966 14 0.83625
30.8 21.63151 14 0.84129
30.9 21.81384 14 0.84635
31.0 21.99656 14 0.85142
31.1 22.18039 14 0.85651
31.2 22.36515 14 0.86161
31.3 22.55008 14 0.86673
31.4 22.73587 14 0.87186
31.5 22.86538 14 0.87702
31.6 23.05284 14 0.88218
31.7 23.24376 14 0.88736
31.8 23.43400 14 0.89255
31.9 23.62526 14 0.89776
32.0 23.81654 14 0.90298
32.1 24.00862 14 0.90822
32.2 24.20125 14 0.91348
32.3 24.39491 14 0.91875
32.4 24.58950 14 0.92404
32.5 24.72016 14 0.92934
32.6 24.91636 14 0.93466
32.7 25.11745 14 0.93999
32.8 25.31641 14 0.94534
32.9 25.51633 14 0.95070
33.0 25.71563 14 0.95609
33.1 25.91598 14 0.96148
33.2 26.11734 14 0.96689
33.3 26.31964 14 0.97232
33.4 26.44995 14 0.97777
33.5 26.65373 14 0.98323
33.6 26.85853 14 0.98870
33.7 27.06945 14 0.99419
33.8 27.27702 14 0.99970
33.9 27.34836 14 1.00000
34.0 27.41170 14 1.00000
34.1 27.47399 14 1.00000
34.2 27.53646 14 1.00000
34.3 27.59872 14 1.00000
34.4 27.58090 14 1.00000
34.5 27.64283 14 1.00000
34.6 27.70455 14 1.00000
34.7 27.76893 14 1.00000
34.8 27.83344 14 1.00000
34.9 27.76336 14 1.00000
35.0 27.82486 14 1.00000
35.1 27.88612 14 1.00000
35.2 27.94711 14 1.00000
35.3 28.00674 14 1.00000
35.4 27.83696 14 1.00000
35.5 27.89735 14 1.00000
35.6 27.95724 14 1.00000
35.7 28.01733 14 1.00000
35.8 27.93657 14 1.00000
35.9 27.99651 14 1.00000
36.0 28.05619 14 1.00000
36.1 28.11584 14 1.00000
36.2 28.17514 14 1.00000
36.3 26.99707 14 1.00000
36.4 25.57549 14 1.00000
36.5 22.93179 14 1.00000
36.6 21.60591 14 1.00000
36.7 18.98483 14 1.00000
36.8 17.23598 14 1.00000
36.9 14.62671 14 1.00000
37.0 13.70673 14 1.00000
37.1 13.67358 14 1.00000
37.2 13.64713 14 1.00000
37.3 13.63297 14 1.00000
37.4 13.56354 14 1.00000
37.5 13.56057 14 1.00000
37.6 13.53372 14 1.00000
37.7 13.49197 14 1.00000
37.8 13.45556 14 1.00000
37.9 13.42592 14 1.00000
38.0 13.37751 14 1.00000
38.1 13.33430 14 1.00000
38.2 13.29743 14 1.00000
38.3 13.25936 14 1.00000
38.4 13.30690 14 1.00000
38.5 13.36656 14 1.00000
38.6 13.34918 14 1.00000
38.7 13.38457 14 1.00000
38.8 13.42869 14 1.00000
38.9 13.48413 14 1.00000
39.0 13.54134 14 1.00000
39.1 13.59282 14 1.00000
39.2 13.55417 14 1.00000
39.3 13.60045 14 1.00000
39.4 13.66128 14 1.00000
39.5 13.71590 14 1.00000
39.6 13.76534 14 1.00000
39.7 13.72413 14 1.00000
39.8 13.76841 14 1.00000
39.9 13.83809 14 1.00000
40.0 13.89018 14 1.00000
40.1 13.93747 14 1.00000
40.2 14.02576 14 1.00000
40.3 13.93885 14 1.00000
40.4 14.00175 14 1.00000
40.5 14.06375 14 1.00000
40.6 14.15675 14 1.00000
40.7 14.19288 14 1.00000
40.8 14.11969 14 1.00000
40.9 14.17996 14 1.00000
41.0 14.23135 14 1.00000
41.1 14.32342 14 1.00000
41.2 14.36005 14 1.00000
41.3 14.30158 14 1.00000
41.4 14.35624 14 1.00000
41.5 14.45420 14 1.00000
41.6 14.49101 14 1.00000
41.7 14.42264 14 1.00000
41.8 14.48069 14 1.00000
41.9 14.58462 14 1.00000
42.0 14.62142 14 1.00000
42.1 14.54329 14 1.00000
42.2 14.60495 14 1.00000
42.3 14.71583 14 1.00000
42.4 14.61829 14 1.00000
42.5 14.66447 14 1.00000
42.6 14.72911 14 1.00000
42.7 14.70146 14 1.00000
42.8 14.74620 14 1.00000
42.9 14.75494 14 1.00000
43.0 14.78465 14 1.00000
43.1 14.81812 14 1.00000
43.2 14.83505 14 1.00000
43.3 14.70837 14 1.00000
43.4 14.74061 14 1.00000
43.5 14.77299 14 1.00000
43.6 14.80522 14 1.00000
43.7 14.83736 14 1.00000
43.8 14.86868 14 1.00000
43.9 14.89970 14 1.00000
44.0 14.93519 14 1.00000
44.1 14.97999 14 1.00000
44.2 15.14234 14 1.00000
44.3 15.17873 14 1.00000
44.4 15.21453 14 1.00000
44.5 15.24796 14 1.00000
44.6 15.28047 14 1.00000
44.7 15.31329 14 1.00000
44.8 15.34596 14 1.00000
44.9 15.37856 14 1.00000
45.0 15.41075 14 1.00000
45.1 15.44241 14 1.00000
45.2 15.47358 14 1.00000
45.3 15.51416 14 1.00000
45.4 15.55924 14 1.00000
45.5 15.60434 14 1.00000
45.6 15.76094 14 1.00000
45.7 15.79663 14 1.00000
45.8 15.83253 14 1.00000
45.9 15.86467 14 1.00000
46.0 15.89803 14 1.00000
46.1 15.93140 14 1.00000
46.2 15.96418 14 1.00000
46.3 15.99712 14 1.00000
46.4 16.02919 14 1.00000
46.5 16.06067 14 1.00000
46.6 16.09644 14 1.00000
46.7 16.14177 14 1.00000
46.8 16.18714 14 1.00000
46.9 16.23325 14 1.00000
47.0 16.30062 14 1.00000
47.1 16.42514 14 1.00000
47.2 16.46266 14 1.00000
47.3 16.49534 14 1.00000
47.4 16.52891 14 1.00000
47.5 16.56256 14 1.00000
47.6 16.59599 14 1.00000
47.7 16.62893 14 1.00000
47.8 16.66152 14 1.00000
47.9 16.69357 14 1.00000
48.0 16.72740 14 1.00000
48.1 16.77301 14 1.00000
48.2 16.81863 14 1.00000
48.3 16.86415 14 1.00000
48.4 16.93274 14 1.00000
48.5 16.99223 14 1.00000
48.6 17.10023 14 1.00000
48.7 17.13922 14 1.00000
48.8 17.17194 14 1.00000
48.9 17.20596 14 1.00000
49.0 17.23979 14 1.00000
49.1 17.27349 14 1.00000
49.2 17.30667 14 1.00000
49.3 17.33947 14 1.00000
49.4 17.37157 14 1.00000
49.5 17.40581 14 1.00000
49.6 17.45154 14 1.00000
49.7 17.51910 14 1.00000
49.8 17.58088 14 1.00000
49.9 17.63641 14 1.00000
50.0 17.68679 14 1.00000
50.1 17.73329 14 1.00000
50.2 17.82634 14 1.00000
50.3 17.86228 14 1.00000
50.4 17.89627 14 1.00000
50.5 17.93074 14 1.00000
50.6 17.96487 14 1.00000
50.7 17.99873 14 1.00000
50.8 18.03211 14 1.00000
50.9 18.06524 14 1.00000
51.0 18.09741 14 1.00000
51.1 18.13342 14 1.00000
51.2 18.17940 14 1.00000
51.3 18.22843 14 1.00000
51.4 18.30929 14 1.00000
51.5 18.36606 14 1.00000
51.6 18.41775 14 1.00000
51.7 18.46537 14 1.00000
51.8 18.56400 14 1.00000
51.9 18.60250 14 1.00000
52.0 18.63581 14 1.00000
52.1 18.67090 14 1.00000
52.2 18.70547 14 1.00000
52.3 18.73979 14 1.00000
52.4 18.77402 14 1.00000
52.5 18.80738 14 1.00000
52.6 18.84079 14 1.00000
52.7 18.87303 14 1.00000
52.8 18.91094 14 1.00000
52.9 18.95716 14 1.00000
53.0 19.00679 14 1.00000
53.1 19.08712 14 1.00000
53.2 19.14478 14 1.00000
53.3 19.19782 14 1.00000
53.4 19.24692 14 1.00000
53.5 19.29255 14 1.00000
53.6 19.39129 14 1.00000
53.7 19.43058 14 1.00000
53.8 19.46416 14 1.00000
53.9 19.50708 14 1.00000
54.0 19.54140 14 1.00000
54.1 19.58407 14 1.00000
54.2 19.63351 14 1.00000
54.3 19.66561 14 1.00000
54.4 19.71501 14 1.00000
54.5 19.74705 14 1.00000
54.6 19.79878 14 1.00000
54.7 19.82813 14 1.00000
54.8 19.88011 14 1.00000
54.9 19.93739 14 1.00000
55.0 19.96522 14 1.00000
55.1 20.02193 14 1.00000
55.2 20.04681 14 1.00000
55.3 20.10487 14 1.00000
55.4 20.16579 14 1.00000
55.5 20.18618 14 1.00000
55.6 20.24607 14 1.00000
55.7 20.30926 14 1.00000
55.8 20.33022 14 1.00000
55.9 20.39354 14 1.00000
56.0 20.45601 14 1.00000
56.1 20.47245 14 1.00000
56.2 20.53675 14 1.00000
56.3 20.60139 14 1.00000
56.4 20.61592 14 1.00000
56.5 20.67794 14 1.00000
56.6 20.74740 14 1.00000
56.7 20.75573 14 1.00000
56.8 20.82327 14 1.00000
56.9 20.89034 14 1.00000
57.0 20.95489 14 1.00000
57.1 20.96421 14 1.00000
57.2 21.03277 14 1.00000
57.3 21.09965 14 1.00000
57.4 21.10154 14 1.00000
57.5 21.17040 14 1.00000
57.6 21.23810 14 1.00000
57.7 21.23820 14 1.00000
57.8 21.30726 14 1.00000
57.9 21.37506 14 1.00000
58.0 21.44536 14 1.00000
58.1 21.42698 14 1.00000
58.2 21.50893 14 1.00000
58.3 21.58036 14 1.00000
58.4 21.56699 14 1.00000
58.5 21.60817 14 1.00000
58.6 21.70831 14 1.00000
58.7 21.70502 14 1.00000
58.8 21.75293 14 1.00000
58.9 21.78396 14 1.00000
59.0 21.90483 14 1.00000
59.1 21.89364 14 1.00000
59.2 21.93612 14 1.00000
59.3 21.96256 14 1.00000
59.4 22.09604 14 1.00000
59.5 22.08111 14 1.00000
59.6 22.12156 14 1.00000
59.7 22.14404 14 1.00000
59.8 22.15404 14 1.00000
59.9 22.26802 14 1.00000
60.0 22.30968 14 1.00000
60.1 22.33282 14 1.00000
60.2 22.34109 14 1.00000
60.3 22.38722 14 1.00000
60.4 22.49976 14 1.00000
60.5 22.52834 14 1.00000
60.6 22.52846 14 1.00000
60.7 22.57464 14 1.00000
60.8 22.63328 14 1.00000
60.9 22.72906 14 1.00000
61.0 22.74755 14 1.00000
61.1 22.76238 14 1.00000
61.2 22.80864 14 1.00000
61.3 22.87986 14 1.00000
61.4 22.90275 14 1.00000
61.5 22.95145 14 1.00000
61.6 22.99669 14 1.00000
61.7 23.04322 14 1.00000
61.8 23.11695 14 1.00000
61.9 23.19339 14 1.00000
62.0 23.18888 14 1.00000
62.1 23.23147 14 1.00000
62.2 23.27784 14 1.00000
62.3 23.34666 14 1.00000
62.4 23.42285 14 1.00000
62.5 23.49401 14 1.00000
62.6 23.46668 14 1.00000
62.7 23.51308 14 1.00000
62.8 23.56356 14 1.00000
62.9 23.64428 14 1.00000
63.0 23.71900 14 1.00000
63.1 23.79002 14 1.00000
63.2 23.82562 14 1.00000
63.3 23.79523 14 1.00000
63.4 23.84918 14 1.00000
63.5 23.92713 14 1.00000
63.6 24.00177 14 1.00000
63.7 24.07440 14 1.00000
63.8 24.14457 14 1.00000
63.9 24.07788 14 1.00000
64.0 24.12555 14 1.00000
64.1 24.20167 14 1.00000
64.2 24.27551 14 1.00000
64.3 24.34850 14 1.00000
64.4 24.41792 14 1.00000
64.5 24.48787 14 1.00000
64.6 24.45901 14 1.00000
64.7 24.46015 14 1.00000
64.8 24.53871 14 1.00000
64.9 24.61085 14 1.00000
65.0 24.68209 14 1.00000
65.1 24.75239 14 1.00000
65.2 24.82303 14 1.00000
65.3 24.89364 14 1.00000
65.4 24.78482 14 1.00000
65.5 24.85821 14 1.00000
65.6 24.93059 14 1.00000
65.7 25.00489 14 1.00000
65.8 25.07499 14 1.00000
65.9 25.14565 14 1.00000
66.0 25.21140 14 1.00000
66.1 25.17827 14 1.00000
66.2 25.25482 14 1.00000
66.3 25.24381 14 1.00000
66.4 25.31503 14 1.00000
66.5 25.38669 14 1.00000
66.6 25.45636 14 1.00000
66.7 25.52528 14 1.00000
66.8 25.59182 14 1.00000
66.9 25.53671 14 1.00000
67.0 25.56730 14 1.00000
67.1 25.61502 14 1.00000
67.2 25.68918 14 1.00000
67.3 25.75771 14 1.00000
67.4 25.82456 14 1.00000
67.5 25.89117 14 1.00000
67.6 25.85019 14 1.00000
67.7 25.89504 14 1.00000
67.8 25.92743 14 1.00000
67.9 25.92005 14 1.00000
68.0 26.09279 14 1.00000
68.1 26.11114 14 1.00000
68.2 26.17387 14 1.00000
68.3 26.24410 14 1.00000
68.4 26.31524 14 1.00000
68.5 26.26360 14 1.00000
68.6 26.30115 14 1.00000
68.7 26.32939 14 1.00000
68.8 26.32414 14 1.00000
68.9 26.36864 14 1.00000
69.0 26.56817 14 1.00000
69.1 26.58427 14 1.00000
69.2 26.65106 14 1.00000
69.3 26.71906 14 1.00000
69.4 26.67311 14 1.00000
69.5 26.71780 14 1.00000
69.6 26.75196 14 1.00000
69.7 26.73925 14 1.00000
69.8 26.77489 14 1.00000
69.9 26.81961 14 1.00000
70.0 26.86432 14 1.00000
70.1 27.03859 14 1.00000
70.2 27.10279 14 1.00000
70.3 27.16953 14 1.00000
70.4 27.12766 14 1.00000
70.5 27.17289 14 1.00000
70.6 27.21405 14 1.00000
70.7 27.24305 14 1.00000
70.8 27.23352 14 1.00000
70.9 27.27301 14 1.00000
71.0 27.31795 14 1.00000
71.1 27.36289 14 1.00000
71.2 27.48114 14 1.00000
71.3 27.59904 14 1.00000
71.4 27.66587 14 1.00000
71.5 27.62935 14 1.00000
71.6 27.67938 14 1.00000
71.7 27.72093 14 1.00000
71.8 27.75918 14 1.00000
71.9 27.75891 14 1.00000
72.0 27.78136 14 1.00000
72.1 27.81920 14 1.00000
72.2 27.86436 14 1.00000
72.3 27.90956 14 1.00000
72.4 27.95572 14 1.00000
72.5 28.14304 14 1.00000
72.6 28.20532 14 1.00000
72.7 28.26995 14 1.00000
72.8 28.22758 14 1.00000
72.9 28.28074 14 1.00000
73.0 28.32528 14 1.00000
73.1 28.36332 14 1.00000
73.2 28.39576 14 1.00000
73.3 28.39586 14 1.00000
73.4 28.41685 14 1.00000
73.5 28.45970 14 1.00000
73.6 28.50518 14 1.00000
73.7 28.55140 14 1.00000
73.8 28.74961 14 1.00000
73.9 28.77909 14 1.00000
74.0 28.84490 14 1.00000
74.1 28.90522 14 1.00000
74.2 28.97311 14 1.00000
74.3 28.92625 14 1.00000
74.4 28.97431 14 1.00000
74.5 29.01812 14 1.00000
74.6 29.05924 14 1.00000
74.7 29.09440 14 1.00000
74.8 29.10212 14 1.00000
74.9 29.12554 14 1.00000
75.0 29.15060 14 1.00000
75.1 29.19641 14 1.00000
75.2 29.28230 14 1.00000
75.3 29.39066 14 1.00000
75.4 29.45164 14 1.00000
75.5 29.51075 14 1.00000
75.6 29.57185 14 1.00000
75.7 29.63646 14 1.00000
75.8 29.69720 14 1.00000
75.9 29.75896 14 1.00000
76.0 29.71507 14 1.00000
76.1 29.77032 14 1.00000
76.2 29.81787 14 1.00000
76.3 29.86105 14 1.00000
76.4 29.90304 14 1.00000
76.5 29.93870 14 1.00000
76.6 29.94903 14 1.00000
76.7 29.97824 14 1.00000
76.8 30.00778 14 1.00000
76.9 30.13565 14 1.00000
77.0 30.14132 14 1.00000
77.1 30.20702 14 1.00000
77.2 30.26788 14 1.00000
77.3 30.33227 14 1.00000
77.4 30.39205 14 1.00000
77.5 30.45103 14 1.00000
77.6 30.51006 14 1.00000
77.7 30.56734 14 1.00000
77.8 30.62451 14 1.00000
77.9 30.68209 14 1.00000
78.0 30.65268 14 1.00000
78.1 30.70686 14 1.00000
78.2 30.75362 14 1.00000
78.3 30.80592 14 1.00000
78.4 30.85143 14 1.00000
78.5 30.89531 14 1.00000
78.6 30.94306 14 1.00000
78.7 30.94622 14 1.00000
78.8 30.91914 14 1.00000
78.9 30.96739 14 1.00000
79.0 31.02489 14 1.00000
79.1 31.08995 14 1.00000
79.2 31.15581 14 1.00000
79.3 31.21927 14 1.00000
79.4 31.27599 14 1.00000
79.5 31.33574 14 1.00000
79.6 31.39603 14 1.00000
79.7 31.45389 14 1.00000
79.8 31.51552 14 1.00000
79.9 31.57105 14 1.00000
80.0 31.63277 14 1.00000
80.1 31.69120 14 1.00000
80.2 31.74455 14 1.00000
80.3 31.80189 14 1.00000
80.4 31.86326 14 1.00000
80.5 31.84829 14 1.00000
80.6 31.80141 14 1.00000
80.7 31.94451 14 1.00000
80.8 31.98227 14 1.00000
80.9 32.03059 14 1.00000
81.0 32.04670 14 1.00000
81.1 32.08988 14 1.00000
81.2 32.12027 14 1.00000
81.3 32.16652 14 1.00000
81.4 32.19849 14 1.00000
81.5 32.22640 14 1.00000
81.6 32.25000 14 1.00000
81.7 32.28886 14 1.00000
81.8 32.33610 14 1.00000
81.9 32.38364 14 1.00000
82.0 32.43903 14 1.00000
82.1 32.49931 14 1.00000
82.2 32.56233 14 1.00000
82.3 32.62471 14 1.00000
82.4 32.68607 14 1.00000
82.5 32.74233 14 1.00000
82.6 32.80175 14 1.00000
82.7 32.85829 14 1.00000
82.8 32.90610 14 1.00000
82.9 32.90569 14 1.00000
83.0 33.00200 14 1.00000
83.1 33.14310 14 1.00000
83.2 33.19581 14 1.00000
83.3 33.25548 14 1.00000
83.4 33.31247 14 1.00000
83.5 33.27773 14 1.00000
83.6 33.32287 14 1.00000
83.7 33.38261 14 1.00000
83.8 33.42638 14 1.00000
83.9 33.48326 14 1.00000
84.0 33.53498 14 1.00000
84.1 33.58130 14 1.00000
84.2 33.62679 14 1.00000
84.3 33.67313 14 1.00000
84.4 33.72561 14 1.00000
84.5 33.76919 14 1.00000
84.6 33.82333 14 1.00000
84.7 33.87390 14 1.00000
84.8 33.91853 14 1.00000
84.9 33.96192 14 1.00000
85.0 34.00853 14 1.00000
85.1 34.01859 14 1.00000
85.2 34.02757 14 1.00000
85.3 34.06258 14 1.00000
85.4 34.09419 14 1.00000
85.5 34.12415 14 1.00000
85.6 34.16064 14 1.00000
85.7 34.20504 14 1.00000
85.8 34.25484 14 1.00000
85.9 34.30847 14 1.00000
86.0 34.36221 14 1.00000
86.1 34.42116 14 1.00000
86.2 34.48024 14 1.00000
86.3 34.53885 14 1.00000
86.4 34.59715 14 1.00000
86.5 34.65615 14 1.00000
86.6 34.71427 14 1.00000
86.7 34.76807 14 1.00000
86.8 34.81387 14 1.00000
86.9 34.87872 14 1.00000
87.0 34.93686 14 1.00000
87.1 34.98610 14 1.00000
87.2 35.04350 14 1.00000
87.3 35.09940 14 1.00000
87.4 35.15013 14 1.00000
87.5 35.21000 14 1.00000
87.6 35.25434 14 1.00000
87.7 35.31767 14 1.00000
87.8 35.36436 14 1.00000
87.9 35.42471 14 1.00000
88.0 35.47499 14 1.00000
88.1 35.52993 14 1.00000
88.2 35.58487 14 1.00000
88.3 35.62687 14 1.00000
88.4 35.69325 14 1.00000
88.5 35.73849 14 1.00000
88.6 35.76572 14 1.00000
88.7 35.76798 14 1.00000
88.8 35.72152 14 1.00000
88.9 35.93281 14 1.00000
89.0 35.96316 14 1.00000
89.1 36.01514 14 1.00000
89.2 36.05825 14 1.00000
89.3 36.11255 14 1.00000
89.4 36.16798 14 1.00000
89.5 36.22147 14 1.00000
89.6 36.26904 14 1.00000
89.7 36.30956 14 1.00000
89.8 36.36560 14 1.00000
89.9 36.42027 14 1.00000
90.0 36.47320 14 1.00000
90.1 36.52552 14 1.00000
90.2 36.57490 14 1.00000
90.3 36.62292 14 1.00000
90.4 36.66360 14 1.00000
90.5 36.71424 14 1.00000
90.6 36.77140 14 1.00000
90.7 36.82460 14 1.00000
90.8 36.87658 14 1.00000
90.9 36.92807 14 1.00000
91.0 36.97913 14 1.00000
91.1 37.01963 14 1.00000
91.2 37.11326 14 1.00000
91.3 37.02952 14 1.00000
91.4 37.18004 14 1.00000
91.5 37.23004 14 1.00000
91.6 37.27963 14 1.00000
91.7 37.32951 14 1.00000
91.8 37.37927 14 1.00000
91.9 37.42892 14 1.00000
92.0 37.47890 14 1.00000
92.1 37.52908 14 1.00000
92.2 37.57911 14 1.00000
92.3 37.62900 14 1.00000
92.4 37.67866 14 1.00000
92.5 37.72825 14 1.00000
92.6 37.77799 14 1.00000
92.7 37.82754 14 1.00000
92.8 37.87724 14 1.00000
92.9 37.92661 14 1.00000
93.0 37.96023 14 1.00000
93.1 37.99464 14 1.00000
93.2 38.04099 14 1.00000
93.3 38.02863 14 1.00000
93.4 38.17109 14 1.00000
93.5 38.20502 14 1.00000
93.6 38.27859 14 1.00000
93.7 38.33478 14 1.00000
93.8 38.38725 14 1.00000
93.9 38.43296 14 1.00000
94.0 38.47945 14 1.00000
94.1 38.50015 14 1.00000
94.2 38.55036 14 1.00000
94.3 38.60483 14 1.00000
94.4 38.65528 14 1.00000
94.5 38.70581 14 1.00000
94.6 38.75629 14 1.00000
94.7 38.80683 14 1.00000
94.8 38.87204 14 1.00000
94.9 38.91691 14 1.00000
95.0 38.96178 14 1.00000
95.1 39.00666 14 1.00000
95.2 39.05153 14 1.00000
95.3 39.09642 14 1.00000
95.4 39.14214 14 1.00000
95.5 39.19048 14 1.00000
95.6 39.23883 14 1.00000
95.7 39.28721 14 1.00000
95.8 39.33560 14 1.00000
95.9 39.38404 14 1.00000
96.0 39.43243 14 1.00000
96.1 39.48083 14 1.00000
96.2 39.52918 14 1.00000
96.3 39.57753 14 1.00000
96.4 39.62585 14 1.00000
96.5 39.67410 14 1.00000
96.6 39.72240 14 1.00000
96.7 39.77137 14 1.00000
96.8 39.82021 14 1.00000
96.9 39.86912 14 1.00000
97.0 39.91884 14 1.00000
97.1 39.96869 14 1.00000
97.2 40.01772 14 1.00000
97.3 40.06751 14 1.00000
97.4 40.11697 14 1.00000
97.5 40.16553 14 1.00000
97.6 40.21216 14 1.00000
97.7 40.25502 14 1.00000
97.8 40.29105 14 1.00000
97.9 40.36023 14 1.00000
98.0 40.38618 14 1.00000
98.1 40.46967 14 1.00000
98.2 40.49959 14 1.00000
98.3 40.53176 14 1.00000
98.4 40.61742 14 1.00000
98.5 40.64972 14 1.00000
98.6 40.68314 14 1.00000
98.7 40.77266 14 1.00000
98.8 40.80671 14 1.00000
98.9 40.84275 14 1.00000
99.0 40.87969 14 1.00000
99.1 40.91811 14 1.00000
99.2 40.95745 14 1.00000
99.3 41.05041 14 1.00000
99.4 41.09223 14 1.00000
99.5 41.13503 14 1.00000
99.6 41.17918 14 1.00000
99.7 41.26070 14 1.00000
99.8 41.34994 14 1.00000
99.9 41.43900 14 1.00000
100.0 41.52828 14 1.00000
100.1 41.61733 14 1.00000
100.2 41.70665 14 1.00000
100.3 41.79573 14 1.00000
100.4 41.88504 14 1.00000
100.5 41.97422 14 1.00000
100.6 42.06361 14 1.00000
100.7 42.15296 14 1.00000
100.8 42.24214 14 1.00000
100.9 42.33163 14 1.00000
101.0 42.42085 14 1.00000
101.1 42.51033 14 1.00000
101.2 42.59958 14 1.00000
101.3 42.68908 14 1.00000
101.4 42.77837 14 1.00000
101.5 42.86786 14 1.00000
101.6 42.95741 14 1.00000
101.7 43.04679 14 1.00000
101.8 43.13632 14 1.00000
101.9 43.22569 14 1.00000
102.0 43.31530 14 1.00000
102.1 43.40469 14 1.00000
102.2 43.49433 14 1.00000
102.3 43.58398 14 1.00000
102.4 43.67347 14 1.00000
102.5 43.76315 14 1.00000
102.6 43.85260 14 1.00000
102.7 43.94231 14 1.00000
102.8 44.03180 14 1.00000
102.9 44.12152 14 1.00000
103.0 44.21127 14 1.00000
103.1 44.30074 14 1.00000
103.2 44.39051 14 1.00000
103.3 44.48005 14 1.00000
103.4 44.56989 14 1.00000
103.5 44.65940 14 1.00000
103.6 44.74927 14 1.00000
103.7 44.83909 14 1.00000
103.8 44.92869 14 1.00000
103.9 45.01848 14 1.00000
104.0 45.10815 14 1.00000
104.1 45.19796 14 1.00000
104.2 45.28788 14 1.00000
104.3 45.37753 14 1.00000
104.4 45.46737 14 1.00000
104.5 45.55708 14 1.00000
104.6 45.64699 14 1.00000
104.7 45.73662 14 1.00000
104.8 45.82655 14 1.00000
104.9 45.91648 14 1.00000
105.0 46.00624 14 1.00000
105.1 46.09619 14 1.00000
105.2 46.18591 14 1.00000
105.3 46.27582 14 1.00000
105.4 46.36584 14 1.00000
105.5 46.45559 14 1.00000
105.6 46.54552 14 1.00000
105.7 46.63533 14 1.00000
105.8 46.72528 14 1.00000
105.9 46.81528 14 1.00000
106.0 46.90511 14 1.00000
106.1 46.99508 14 1.00000
106.2 47.08492 14 1.00000
106.3 47.17490 14 1.00000
106.4 47.26498 14 1.00000
106.5 47.35479 14 1.00000
106.6 47.44483 14 1.00000
106.7 47.53488 14 1.00000
106.8 47.62470 14 1.00000
106.9 47.71471 14 1.00000
107.0 47.80454 14 1.00000
107.1 47.89466 14 1.00000
107.2 47.98473 14 1.00000
107.3 48.07457 14 1.00000
107.4 48.16460 14 1.00000
107.5 48.25451 14 1.00000
107.6 48.34459 14 1.00000
107.7 48.43468 14 1.00000
107.8 48.52449 14 1.00000
107.9 48.61464 14 1.00000
108.0 48.70469 14 1.00000
108.1 48.79461 14 1.00000
108.2 48.88472 14 1.00000
108.3 48.97459 14 1.00000
108.4 49.06465 14 1.00000
108.5 49.15481 14 1.00000
108.6 49.24465 14 1.00000
108.7 49.33477 14 1.00000
108.8 49.42488 14 1.00000
108.9 49.51483 14 1.00000
109.0 49.60489 14 1.00000
109.1 49.69479 14 1.00000
109.2 49.78497 14 1.00000
109.3 49.87504 14 1.00000
109.4 49.96494 14 1.00000
109.5 50.05507 14 1.00000
109.6 50.14519 14 1.00000
109.7 50.23510 14 1.00000
109.8 50.32528 14 1.00000
109.9 50.41540 14 1.00000
110.0 50.50526 14 1.00000
110.1 50.59544 14 1.00000
110.2 50.68530 14 1.00000
110.3 50.77547 14 1.00000
110.4 50.86555 14 1.00000
110.5 50.95551 14 1.00000
110.6 51.04564 14 1.00000
110.7 51.13572 14 1.00000
110.8 51.22567 14 1.00000
110.9 51.31580 14 1.00000
111.0 51.40587 14 1.00000
111.1 51.49578 14 1.00000
111.2 51.58590 14 1.00000
111.3 51.67607 14 1.00000
111.4 51.76592 14 1.00000
111.5 51.85609 14 1.00000
111.6 51.94616 14 1.00000
111.7 52.03611 14 1.00000
111.8 52.12622 14 1.00000
111.9 52.21634 14 1.00000
112.0 52.30618 14 1.00000
112.1 52.39629 14 1.00000
112.2 52.48618 14 1.00000
112.3 52.57628 14 1.00000
112.4 52.66639 14 1.00000
112.5 52.75632 14 1.00000
112.6 52.84637 14 1.00000
112.7 52.93646 14 1.00000
112.8 53.02639 14 1.00000
112.9 53.11648 14 1.00000
113.0 53.20652 14 1.00000
113.1 53.29644 14 1.00000
113.2 53.38652 14 1.00000
113.3 53.47654 14 1.00000
113.4 53.56645 14 1.00000
113.5 53.65652 14 1.00000
113.6 53.74654 14 1.00000
113.7 53.83644 14 1.00000
113.8 53.92650 14 1.00000
113.9 54.01656 14 1.00000
114.0 54.10640 14 1.00000
114.1 54.19640 14 1.00000
114.2 54.28650 14 1.00000
114.3 54.37632 14 1.00000
114.4 54.46631 14 1.00000
114.5 54.55635 14 1.00000
114.6 54.64616 14 1.00000
114.7 54.73624 14 1.00000
114.8 54.82621 14 1.00000
114.9 54.91623 14 1.00000
115.0 55.00608 14 1.00000
115.1 55.09608 14 1.00000
115.2 55.18608 14 1.00000
115.3 55.27587 14 1.00000
115.4 55.36587 14 1.00000
115.5 55.45580 14 1.00000
115.6 55.54563 14 1.00000
115.7 55.63556 14 1.00000
115.8 55.72558 14 1.00000
115.9 55.81528 14 1.00000
116.0 55.90525 14 1.00000
116.1 55.99525 14 1.00000
116.2 56.08500 14 1.00000
116.3 56.17489 14 1.00000
116.4 56.26488 14 1.00000
116.5 56.35461 14 1.00000
116.6 56.44449 14 1.00000
116.7 56.53447 14 1.00000
116.8 56.62412 14 1.00000
116.9 56.71404 14 1.00000
117.0 56.80394 14 1.00000
117.1 56.89384 14 1.00000
117.2 56.98353 14 1.00000
117.3 57.07342 14 1.00000
117.4 57.16330 14 1.00000
117.5 57.25302 14 1.00000
117.6 57.34289 14 1.00000
117.7 57.43275 14 1.00000
117.8 57.52235 14 1.00000
117.9 57.61225 14 1.00000
118.0 57.70205 14 1.00000
118.1 57.79188 14 1.00000
118.2 57.88151 14 1.00000
118.3 57.97133 14 1.00000
118.4 58.06115 14 1.00000
118.5 58.15075 14 1.00000
118.6 58.24061 14 1.00000
118.7 58.33035 14 1.00000
118.8 58.41999 14 1.00000
118.9 58.50972 14 1.00000
119.0 58.59949 14 1.00000
119.1 58.68926 14 1.00000
119.2 58.77882 14 1.00000
119.3 58.86858 14 1.00000
119.4 58.95837 14 1.00000
119.5 59.04786 14 1.00000
119.6 59.13764 14 1.00000
119.7 59.22736 14 1.00000
119.8 59.31683 14 1.00000
119.9 59.40654 14 1.00000
120.0 59.49629 14 1.00000
120.1 59.58598 14 1.00000
120.2 59.67542 14 1.00000
120.3 59.76514 14 1.00000
120.4 59.85476 14 1.00000
120.5 59.94427 14 1.00000
120.6 60.03393 14 1.00000
120.7 60.12358 14 1.00000
120.8 60.21322 14 1.00000
120.9 60.30260 14 1.00000
121.0 60.39222 14 1.00000
121.1 60.48184 14 1.00000
121.2 60.57124 14 1.00000
121.3 60.66084 14 1.00000
121.4 60.75043 14 1.00000
121.5 60.84002 14 1.00000
121.6 60.92944 14 1.00000
121.7 61.01900 14 1.00000
121.8 61.10856 14 1.00000
121.9 61.19786 14 1.00000
122.0 61.28745 14 1.00000
122.1 61.37698 14 1.00000
122.2 61.46646 14 1.00000
122.3 61.55577 14 1.00000
122.4 61.64533 14 1.00000
122.5 61.73478 14 1.00000
122.6 61.82432 14 1.00000
122.7 61.91355 14 1.00000
122.8 62.00307 14 1.00000
122.9 62.09253 14 1.00000
123.0 62.18174 14 1.00000
123.1 62.27118 14 1.00000
123.2 62.36062 14 1.00000
123.3 62.45005 14 1.00000
123.4 62.53932 14 1.00000
123.5 62.62873 14 1.00000
123.6 62.71813 14 1.00000
123.7 62.80752 14 1.00000
123.8 62.89670 14 1.00000
123.9 62.98603 14 1.00000
124.0 63.07539 14 1.00000
124.1 63.16460 14 1.00000
124.2 63.25394 14 1.00000
124.3 63.34323 14 1.00000
124.4 63.43256 14 1.00000
124.5 63.52168 14 1.00000
124.6 63.61103 14 1.00000
124.7 63.70033 14 1.00000
124.8 63.78957 14 1.00000
124.9 63.87871 14 1.00000
125.0 63.96798 14 1.00000
125.1 64.05719 14 1.00000
125.2 64.14644 14 1.00000
125.3 64.23553 14 1.00000
125.4 64.32477 14 1.00000
125.5 64.41399 14 1.00000
125.6 64.50296 14 1.00000
125.7 64.59221 14 1.00000
125.8 64.68135 14 1.00000
125.9 64.77054 14 1.00000
126.0 64.85957 14 1.00000
126.1 64.94873 14 1.00000
126.2 65.03783 14 1.00000
126.3 65.12698 14 1.00000
126.4 65.21592 14 1.00000
126.5 65.30505 14 1.00000
126.6 65.39416 14 1.00000
126.7 65.48326 14 1.00000
126.8 65.57217 14 1.00000
126.9 65.66130 14 1.00000
127.0 65.75037 14 1.00000
127.1 65.83939 14 1.00000
127.2 65.92825 14 1.00000
127.3 66.01735 14 1.00000
127.4 66.10638 14 1.00000
127.5 66.19540 14 1.00000
127.6 66.28418 14 1.00000
127.7 66.37323 14 1.00000
127.8 66.46217 14 1.00000
127.9 66.55116 14 1.00000
128.0 66.63994 14 1.00000
128.1 66.72895 14 1.00000
128.2 66.81791 14 1.00000
128.3 66.90685 14 1.00000
128.4 66.99559 14 1.00000
128.5 67.08447 14 1.00000
128.6 67.17337 14 1.00000
128.7 67.26232 14 1.00000
128.8 67.35098 14 1.00000
128.9 67.43986 14 1.00000
129.0 67.52872 14 1.00000
129.1 67.61763 14 1.00000
129.2 67.70625 14 1.00000
129.3 67.79513 14 1.00000
129.4 67.88391 14 1.00000
129.5 67.97272 14 1.00000
129.6 68.06134 14 1.00000
129.7 68.15014 14 1.00000
129.8 68.23898 14 1.00000
129.9 68.32770 14 1.00000
130.0 68.41647 14 1.00000
130.1 68.50508 14 1.00000
130.2 68.59382 14 1.00000
130.3 68.68256 14 1.00000
130.4 68.77128 14 1.00000
130.5 68.85980 14 1.00000
130.6 68.94845 14 1.00000
130.7 69.03714 14 1.00000
130.8 69.12587 14 1.00000
130.9 69.21435 14 1.00000
131.0 69.30296 14 1.00000
131.1 69.39165 14 1.00000
131.2 69.48029 14 1.00000
131.3 69.56867 14 1.00000
131.4 69.65729 14 1.00000
131.5 69.74594 14 1.00000
131.6 69.83448 14 1.00000
131.7 69.92311 14 1.00000
131.8 70.01150 14 1.00000
131.9 70.10006 14 1.00000
132.0 70.18856 14 1.00000
132.1 70.27709 14 1.00000
132.2 70.36549 14 1.00000
132.3 70.45400 14 1.00000
132.4 70.54246 14 1.00000
132.5 70.63095 14 1.00000
132.6 70.71930 14 1.00000
132.7 70.80777 14 1.00000
132.8 70.89618 14 1.00000
132.9 70.98463 14 1.00000
133.0 71.07311 14 1.00000
133.1 71.16131 14 1.00000
133.2 71.24978 14 1.00000
133.3 71.33813 14 1.00000
133.4 71.42653 14 1.00000
133.5 71.51477 14 1.00000
133.6 71.60310 14 1.00000
133.7 71.69146 14 1.00000
133.8 71.77981 14 1.00000
133.9 71.86814 14 1.00000
134.0 71.95629 14 1.00000
134.1 72.04461 14 1.00000
134.2 72.13291 14 1.00000
134.3 72.22121 14 1.00000
134.4 72.30936 14 1.00000
134.5 72.39758 14 1.00000
134.6 72.02230 14 1.00000
134.7 72.11071 14 1.00000
134.8 72.19905 14 1.00000
134.9 72.28734 14 1.00000
135.0 72.37561 14 1.00000
135.1 72.00036 14 1.00000
135.2 72.08871 14 1.00000
135.3 72.17716 14 1.00000
135.4 72.26555 14 1.00000
135.5 72.35374 14 1.00000
135.6 71.97863 14 1.00000
135.7 72.06717 14 1.00000
135.8 72.15556 14 1.00000
135.9 72.24400 14 1.00000
136.0 72.33224 14 1.00000
136.1 72.42070 14 1.00000
136.2 72.04554 14 1.00000
136.3 72.13437 14 1.00000
136.4 72.22285 14 1.00000
136.5 72.31114 14 1.00000
136.6 72.39966 14 1.00000
136.7 72.02450 14 1.00000
136.8 72.11304 14 1.00000
136.9 72.20211 14 1.00000
137.0 72.29063 14 1.00000
137.1 72.37896 14 1.00000
137.2 72.00383 14 1.00000
137.3 72.09242 14 1.00000
137.4 72.18105 14 1.00000
137.5 72.27024 14 1.00000
137.6 72.35862 14 1.00000
137.7 71.98351 14 1.00000
137.8 72.07215 14 1.00000
137.9 72.16084 14 1.00000
138.0 72.24940 14 1.00000
138.1 72.33784 14 1.00000
138.2 71.96354 14 1.00000
138.3 72.05228 14 1.00000
138.4 72.14096 14 1.00000
138.5 72.22963 14 1.00000
138.6 72.31806 14 1.00000
138.7 72.40671 14 1.00000
138.8 72.03265 14 1.00000
138.9 72.12144 14 1.00000
139.0 72.21015 14 1.00000
139.1 72.29863 14 1.00000
139.2 72.38733 14 1.00000
139.3 72.47601 14 1.00000
139.4 72.10220 14 1.00000
139.5 72.19102 14 1.00000
139.6 72.27977 14 1.00000
139.7 72.36829 14 1.00000
139.8 72.45707 14 1.00000
139.9 72.54574 14 1.00000
140.0 72.63445 14 1.00000
140.1 72.26102 14 1.00000
140.2 72.34963 14 1.00000
140.3 72.43837 14 1.00000
140.4 72.52713 14 1.00000
140.5 72.61594 14 1.00000
140.6 72.70445 14 1.00000
140.7 72.33128 14 1.00000
140.8 72.42005 14 1.00000
140.9 72.50887 14 1.00000
141.0 72.59767 14 1.00000
141.1 72.68651 14 1.00000
141.2 72.77511 14 1.00000
141.3 72.86388 14 1.00000
141.4 72.49099 14 1.00000
141.5 72.57984 14 1.00000
141.6 72.66862 14 1.00000
141.7 72.75732 14 1.00000
141.8 72.84613 14 1.00000
141.9 72.93488 14 1.00000
142.0 72.56225 14 1.00000
142.1 72.65113 14 1.00000
142.2 72.73987 14 1.00000
142.3 72.82873 14 1.00000
142.4 72.91757 14 1.00000
142.5 72.54346 14 1.00000
142.6 72.63396 14 1.00000
142.7 72.72275 14 1.00000
142.8 72.81165 14 1.00000
142.9 72.90054 14 1.00000
143.0 72.52646 14 1.00000
143.1 72.61543 14 1.00000
143.2 72.70422 14 1.00000
143.3 72.79486 14 1.00000
143.4 72.88384 14 1.00000
143.5 72.50979 14 1.00000
143.6 72.59881 14 1.00000
143.7 72.68782 14 1.00000
143.8 72.77668 14 1.00000
143.9 72.86747 14 1.00000
144.0 72.49348 14 1.00000
144.1 72.58250 14 1.00000
144.2 72.67161 14 1.00000
144.3 72.76048 14 1.00000
144.4 72.84946 14 1.00000
144.5 72.93847 14 1.00000
144.6 72.56653 14 1.00000
144.7 72.65568 14 1.00000
144.8 72.74454 14 1.00000
144.9 72.83366 14 1.00000
145.0 72.92272 14 1.00000
145.1 73.01177 14 1.00000
145.2 72.64003 14 1.00000
145.3 72.72903 14 1.00000
145.4 72.81815 14 1.00000
145.5 72.90725 14 1.00000
145.6 72.99635 14 1.00000
145.7 73.08543 14 1.00000
145.8 73.17432 14 1.00000
145.9 72.80295 14 1.00000
146.0 72.89210 14 1.00000
146.1 72.98119 14 1.00000
146.2 73.07031 14 1.00000
146.3 73.15929 14 1.00000
146.4 73.24834 14 1.00000
146.5 72.87721 14 1.00000
146.6 72.96640 14 1.00000
146.7 73.05557 14 1.00000
146.8 73.14455 14 1.00000
146.9 73.23374 14 1.00000
147.0 73.32282 14 1.00000
147.1 73.41199 14 1.00000
147.2 73.04114 14 1.00000
147.3 73.13016 14 1.00000
147.4 73.21935 14 1.00000
147.5 73.30857 14 1.00000
147.6 73.39774 14 1.00000
147.7 73.48688 14 1.00000
147.8 73.57579 14 1.00000
147.9 73.20536 14 1.00000
148.0 73.29453 14 1.00000
148.1 73.38374 14 1.00000
148.2 73.47293 14 1.00000
148.3 73.56198 14 1.00000
148.4 73.65110 14 1.00000
148.5 73.28085 14 1.00000
148.6 73.37016 14 1.00000
148.7 73.45939 14 1.00000
148.8 73.54838 14 1.00000
148.9 73.63764 14 1.00000
149.0 73.72678 14 1.00000
149.1 73.81597 14 1.00000
149.2 73.44605 14 1.00000
149.3 73.53519 14 1.00000
149.4 73.62444 14 1.00000
149.5 73.71368 14 1.00000
149.6 73.80290 14 1.00000
149.7 73.89207 14 1.00000
149.8 73.98113 14 1.00000
149.9 73.61155 14 1.00000
150.0 73.70078 14 1.00000
150.1 73.79009 14 1.00000
150.2 73.87930 14 1.00000
150.3 73.96841 14 1.00000
150.4 74.05759 14 1.00000
150.5 73.68828 14 1.00000
150.6 73.77759 14 1.00000
150.7 73.86683 14 1.00000
150.8 73.95599 14 1.00000
150.9 74.04526 14 1.00000
151.0 74.13451 14 1.00000
151.1 73.76239 14 1.00000
151.2 73.85471 14 1.00000
151.3 73.94386 14 1.00000
151.4 74.03317 14 1.00000
151.5 74.12242 14 1.00000
151.6 74.21170 14 1.00000
151.7 73.83981 14 1.00000
151.8 73.92894 14 1.00000
151.9 74.02138 14 1.00000
152.0 74.11067 14 1.00000
152.1 74.20000 14 1.00000
152.2 73.82812 14 1.00000
152.3 73.91748 14 1.00000
152.4 74.00670 14 1.00000
152.5 74.09927 14 1.00000
152.6 74.18863 14 1.00000
152.7 73.81673 14 1.00000
152.8 73.90618 14 1.00000
152.9 73.99544 14 1.00000
153.0 74.08486 14 1.00000
153.1 74.17422 14 1.00000
153.2 73.80560 14 1.00000
153.3 73.89513 14 1.00000
153.4 73.98443 14 1.00000
153.5 74.07384 14 1.00000
153.6 74.16333 14 1.00000
153.7 74.25272 14 1.00000
153.8 74.34200 14 1.00000
153.9 73.97365 14 1.00000
154.0 74.06316 14 1.00000
154.1 74.15269 14 1.00000
154.2 74.24216 14 1.00000
154.3 74.33162 14 1.00000
154.4 74.42089 14 1.00000
154.5 74.51032 14 1.00000
154.6 74.14233 14 1.00000
154.7 74.23184 14 1.00000
154.8 74.32134 14 1.00000
154.9 74.41060 14 1.00000
155.0 74.50012 14 1.00000
155.1 74.58958 14 1.00000
155.2 74.67902 14 1.00000
155.3 74.31129 14 1.00000
155.4 74.40063 14 1.00000
155.5 74.49020 14 1.00000
155.6 74.57970 14 1.00000
155.7 74.66913 14 1.00000
155.8 74.75865 14 1.00000
155.9 74.39096 14 1.00000
156.0 74.48056 14 1.00000
156.1 74.57005 14 1.00000
156.2 74.65961 14 1.00000
156.3 74.74912 14 1.00000
156.4 74.83839 14 1.00000
156.5 74.92787 14 1.00000
156.6 74.56072 14 1.00000
156.7 74.65033 14 1.00000
156.8 74.73983 14 1.00000
156.9 74.82923 14 1.00000
157.0 74.91875 14 1.00000
157.1 75.00826 14 1.00000
157.2 75.09769 14 1.00000
157.3 74.73085 14 1.00000
157.4 74.82030 14 1.00000
157.5 74.90981 14 1.00000
157.6 74.99934 14 1.00000
157.7 75.08893 14 1.00000
157.8 75.17844 14 1.00000
157.9 75.26776 14 1.00000
158.0 74.90122 14 1.00000
158.1 74.99081 14 1.00000
158.2 75.08037 14 1.00000
158.3 75.16988 14 1.00000
158.4 75.25928 14 1.00000
158.5 75.34882 14 1.00000
158.6 75.43832 14 1.00000
158.7 75.07204 14 1.00000
158.8 75.16167 14 1.00000
158.9 75.25108 14 1.00000
159.0 75.34064 14 1.00000
159.1 75.43014 14 1.00000
159.2 75.51972 14 1.00000
159.3 75.60902 14 1.00000
159.4 75.24313 14 1.00000
159.5 75.33268 14 1.00000
159.6 75.42226 14 1.00000
159.7 75.51183 14 1.00000
159.8 75.60144 14 1.00000
159.9 75.69080 14 1.00000
160.0 75.78029 14 1.00000
160.1 75.41470 14 1.00000
160.2 75.50426 14 1.00000
160.3 75.59390 14 1.00000
160.4 75.68326 14 1.00000
160.5 75.77282 14 1.00000
160.6 75.86237 14 1.00000
160.7 75.95196 14 1.00000
160.8 75.58662 14 1.00000
160.9 75.67601 14 1.00000
161.0 75.76566 14 1.00000
161.1 75.85520 14 1.00000
161.2 75.94478 14 1.00000
161.3 76.03433 14 1.00000
161.4 76.12375 14 1.00000
161.5 75.75871 14 1.00000
161.6 75.84833 14 1.00000
161.7 75.93789 14 1.00000
161.8 76.02748 14 1.00000
161.9 76.11694 14 1.00000
162.0 76.20650 14 1.00000
162.1 76.29601 14 1.00000
162.2 75.93130 14 1.00000
162.3 76.02094 14 1.00000
162.4 76.11033 14 1.00000
162.5 76.19993 14 1.00000
162.6 76.28957 14 1.00000
162.7 76.37909 14 1.00000
162.8 76.46870 14 1.00000
162.9 76.10401 14 1.00000
163.0 76.19365 14 1.00000
163.1 76.28327 14 1.00000
163.2 76.37288 14 1.00000
163.3 76.46252 14 1.00000
163.4 76.09356 14 1.00000
163.5 76.18328 14 1.00000
163.6 76.27732 14 1.00000
163.7 76.36691 14 1.00000
163.8 76.45654 14 1.00000
163.9 76.08771 14 1.00000
164.0 76.17741 14 1.00000
164.1 76.26706 14 1.00000
164.2 76.35674 14 1.00000
164.3 76.45085 14 1.00000
164.4 76.08199 14 1.00000
164.5 76.17178 14 1.00000
164.6 76.26151 14 1.00000
164.7 76.35123 14 1.00000
164.8 76.44088 14 1.00000
164.9 76.53043 14 1.00000
165.0 76.16635 14 1.00000
165.1 76.25616 14 1.00000
165.2 76.34590 14 1.00000
165.3 76.43559 14 1.00000
165.4 76.52518 14 1.00000
165.5 76.61488 14 1.00000
165.6 76.70457 14 1.00000
165.7 76.34082 14 1.00000
165.8 76.43053 14 1.00000
165.9 76.52011 14 1.00000
166.0 76.60985 14 1.00000
166.1 76.69962 14 1.00000
166.2 76.78928 14 1.00000
166.3 76.87897 14 1.00000
166.4 76.51532 14 1.00000
166.5 76.60514 14 1.00000
166.6 76.69489 14 1.00000
166.7 76.78464 14 1.00000
166.8 76.87437 14 1.00000
166.9 76.96385 14 1.00000
167.0 77.05354 14 1.00000
167.1 76.69040 14 1.00000
167.2 76.78012 14 1.00000
167.3 76.86993 14 1.00000
167.4 76.95945 14 1.00000
167.5 77.04918 14 1.00000
167.6 77.13895 14 1.00000
167.7 77.22865 14 1.00000
167.8 77.31833 14 1.00000
167.9 76.95533 14 1.00000
168.0 77.04509 14 1.00000
168.1 77.13483 14 1.00000
168.2 77.22457 14 1.00000
168.3 77.31429 14 1.00000
168.4 77.40377 14 1.00000
168.5 77.49345 14 1.00000
168.6 77.13091 14 1.00000
168.7 77.22066 14 1.00000
168.8 77.31042 14 1.00000
168.9 77.39997 14 1.00000
169.0 77.48969 14 1.00000
169.1 77.57944 14 1.00000
169.2 77.66909 14 1.00000
169.3 77.30680 14 1.00000
169.4 77.39640 14 1.00000
169.5 77.48620 14 1.00000
169.6 77.57594 14 1.00000
169.7 77.66561 14 1.00000
169.8 77.75532 14 1.00000
169.9 77.84488 14 1.00000
170.0 77.48282 14 1.00000
170.1 77.57259 14 1.00000
170.2 77.66234 14 1.00000
170.3 77.75208 14 1.00000
170.4 77.84167 14 1.00000
170.5 77.93134 14 1.00000
170.6 78.02103 14 1.00000
170.7 78.11076 14 1.00000
170.8 77.74905 14 1.00000
170.9 77.83868 14 1.00000
171.0 77.92837 14 1.00000
171.1 78.01809 14 1.00000
171.2 78.10785 14 1.00000
171.3 78.19755 14 1.00000
171.4 78.28706 14 1.00000
171.5 77.92565 14 1.00000
171.6 78.01541 14 1.00000
171.7 78.10510 14 1.00000
171.8 78.19487 14 1.00000
171.9 78.28436 14 1.00000
172.0 78.37405 14 1.00000
172.1 78.46374 14 1.00000
172.2 78.10265 14 1.00000
172.3 78.19235 14 1.00000
172.4 78.28197 14 1.00000
172.5 78.37165 14 1.00000
172.6 78.46136 14 1.00000
172.7 78.55110 14 1.00000
172.8 78.64073 14 1.00000
172.9 78.73027 14 1.00000
173.0 78.36943 14 1.00000
173.1 78.45922 14 1.00000
173.2 78.54890 14 1.00000
173.3 78.63866 14 1.00000
173.4 78.72813 14 1.00000
173.5 78.81786 14 1.00000
173.6 78.90748 14 1.00000
173.7 78.54699 14 1.00000
173.8 78.63667 14 1.00000
173.9 78.72627 14 1.00000
174.0 78.81593 14 1.00000
174.1 78.90568 14 1.00000
174.2 78.99531 14 1.00000
174.3 79.08502 14 1.00000
174.4 79.17445 14 1.00000
174.5 78.81425 14 1.00000
174.6 78.90402 14 1.00000
174.7 78.99368 14 1.00000
174.8 79.08337 14 1.00000
174.9 79.17288 14 1.00000
175.0 79.26259 14 1.00000
175.1 79.35223 14 1.00000
175.2 78.99229 14 1.00000
175.3 79.08202 14 1.00000
175.4 79.17150 14 1.00000
175.5 79.26124 14 1.00000
175.6 79.35091 14 1.00000
175.7 79.44057 14 1.00000
175.8 79.53022 14 1.00000
175.9 79.17035 14 1.00000
176.0 79.26002 14 1.00000
176.1 79.34972 14 1.00000
176.2 79.43941 14 1.00000
176.3 79.52908 14 1.00000
176.4 79.61857 14 1.00000
176.5 79.70821 14 1.00000
176.6 79.79784 14 1.00000
176.7 79.43851 14 1.00000
176.8 79.52821 14 1.00000
176.9 79.61768 14 1.00000
177.0 79.70740 14 1.00000
177.1 79.79706 14 1.00000
177.2 79.88664 14 1.00000
177.3 79.97627 14 1.00000
177.4 79.61703 14 1.00000
177.5 79.70667 14 1.00000
177.6 79.79640 14 1.00000
177.7 79.88607 14 1.00000
177.8 79.97567 14 1.00000
177.9 80.06531 14 1.00000
178.0 79.70097 14 1.00000
178.1 79.79068 14 1.00000
178.2 79.88561 14 1.00000
178.3 79.97529 14 1.00000
178.4 80.06490 14 1.00000
178.5 79.70065 14 1.00000
178.6 79.79038 14 1.00000
178.7 79.88010 14 1.00000
178.8 79.96981 14 1.00000
178.9 80.05950 14 1.00000
179.0 79.70038 14 1.00000
179.1 79.79015 14 1.00000
179.2 79.87989 14 1.00000
179.3 79.96963 14 1.00000
179.4 80.05939 14 1.00000
179.5 80.14893 14 1.00000
179.6 80.23862 14 1.00000
179.7 79.87990 14 1.00000
179.8 79.96970 14 1.00000
179.9 80.05945 14 1.00000
180.0 80.14900 14 1.00000
180.1 80.23867 14 1.00000
180.2 80.32841 14 1.00000
180.3 80.41810 14 1.00000
180.4 80.50777 14 1.00000
180.5 80.14925 14 1.00000
180.6 80.23898 14 1.00000
180.7 80.32870 14 1.00000
180.8 80.41837 14 1.00000
180.9 80.50806 14 1.00000
181.0 80.59761 14 1.00000
181.1 80.68722 14 1.00000
181.2 80.32915 14 1.00000
181.3 80.41888 14 1.00000
181.4 80.50854 14 1.00000
181.5 80.59808 14 1.00000
181.6 80.68781 14 1.00000
181.7 80.77744 14 1.00000
181.8 80.86714 14 1.00000
181.9 80.95656 14 1.00000
182.0 80.59879 14 1.00000
182.1 80.68850 14 1.00000
182.2 80.77820 14 1.00000
182.3 80.86783 14 1.00000
182.4 80.95737 14 1.00000
182.5 81.04702 14 1.00000
182.6 81.13666 14 1.00000
182.7 81.22623 14 1.00000
182.8 80.86871 14 1.00000
182.9 80.95828 14 1.00000
183.0 81.04790 14 1.00000
183.1 81.13761 14 1.00000
183.2 81.22720 14 1.00000
183.3 81.31683 14 1.00000
183.4 81.40644 14 1.00000
183.5 81.49592 14 1.00000
183.6 81.13871 14 1.00000
183.7 81.22838 14 1.00000
183.8 81.31802 14 1.00000
183.9 81.40766 14 1.00000
184.0 81.49711 14 1.00000
184.1 81.58666 14 1.00000
184.2 81.67630 14 1.00000
184.3 81.31931 14 1.00000
184.4 81.40897 14 1.00000
184.5 81.49839 14 1.00000
184.6 81.58807 14 1.00000
184.7 81.67767 14 1.00000
184.8 81.76727 14 1.00000
184.9 81.85685 14 1.00000
185.0 81.94637 14 1.00000
185.1 81.58955 14 1.00000
185.2 81.67918 14 1.00000
185.3 81.76880 14 1.00000
185.4 81.85840 14 1.00000
185.5 81.94798 14 1.00000
185.6 82.03734 14 1.00000
185.7 82.12695 14 1.00000
185.8 82.21648 14 1.00000
185.9 81.86003 14 1.00000
186.0 81.94964 14 1.00000
186.1 82.03906 14 1.00000
186.2 82.12868 14 1.00000
186.3 82.21825 14 1.00000
186.4 82.30775 14 1.00000
186.5 82.39732 14 1.00000
186.6 82.48684 14 1.00000
186.7 82.13052 14 1.00000
186.8 82.22010 14 1.00000
186.9 82.30972 14 1.00000
187.0 82.39926 14 1.00000
187.1 82.48880 14 1.00000
187.2 82.57815 14 1.00000
187.3 82.66766 14 1.00000
187.4 82.75710 14 1.00000
187.5 82.40127 14 1.00000
187.6 82.49088 14 1.00000
187.7 82.58025 14 1.00000
187.8 82.66973 14 1.00000
187.9 82.75929 14 1.00000
188.0 82.84873 14 1.00000
188.1 82.93826 14 1.00000
188.2 83.02768 14 1.00000
188.3 82.67197 14 1.00000
188.4 82.76151 14 1.00000
188.5 82.85103 14 1.00000
188.6 82.94058 14 1.00000
188.7 83.03007 14 1.00000
188.8 83.11938 14 1.00000
188.9 83.20884 14 1.00000
189.0 82.85353 14 1.00000
189.1 82.94311 14 1.00000
189.2 83.03262 14 1.00000
189.3 83.12196 14 1.00000
189.4 83.21144 14 1.00000
189.5 83.30086 14 1.00000
189.6 83.39036 14 1.00000
189.7 83.47975 14 1.00000
189.8 83.12469 14 1.00000
189.9 83.21420 14 1.00000
190.0 83.30374 14 1.00000
190.1 83.39322 14 1.00000
190.2 83.48269 14 1.00000
190.3 83.57197 14 1.00000
190.4 83.66135 14 1.00000
190.5 83.75082 14 1.00000
190.6 83.39624 14 1.00000
190.7 83.48578 14 1.00000
190.8 83.57504 14 1.00000
190.9 83.66450 14 1.00000
191.0 83.75394 14 1.00000
191.1 83.84337 14 1.00000
191.2 83.93279 14 1.00000
191.3 84.02223 14 1.00000
191.4 83.66788 14 1.00000
191.5 83.75735 14 1.00000
191.6 83.84676 14 1.00000
191.7 83.93620 14 1.00000
191.8 84.02563 14 1.00000
191.9 84.11492 14 1.00000
192.0 84.20432 14 1.00000
192.1 84.29369 14 1.00000
192.2 84.38306 14 1.00000
192.3 84.02927 14 1.00000
192.4 84.11859 14 1.00000
192.5 84.20796 14 1.00000
192.6 84.29737 14 1.00000
192.7 84.38681 14 1.00000
192.8 84.47614 14 1.00000
192.9 84.56554 14 1.00000
193.0 84.65472 14 1.00000
193.1 84.30129 14 1.00000
193.2 84.39071 14 1.00000
193.3 84.48011 14 1.00000
193.4 84.56954 14 1.00000
193.5 84.65870 14 1.00000
193.6 84.74810 14 1.00000
193.7 84.83744 14 1.00000
193.8 84.92677 14 1.00000
193.9 84.57369 14 1.00000
194.0 84.66297 14 1.00000
194.1 84.75230 14 1.00000
194.2 84.84167 14 1.00000
194.3 84.93107 14 1.00000
194.4 85.02040 14 1.00000
194.5 85.10967 14 1.00000
194.6 85.19886 14 1.00000
194.7 84.84615 14 1.00000
194.8 84.93556 14 1.00000
194.9 85.02488 14 1.00000
195.0 85.11427 14 1.00000
195.1 85.20343 14 1.00000
195.2 85.29275 14 1.00000
195.3 85.38200 14 1.00000
195.4 85.02394 14 1.00000
195.5 85.11897 14 1.00000
195.6 85.20821 14 1.00000
195.7 85.29750 14 1.00000
195.8 85.38687 14 1.00000
195.9 85.02879 14 1.00000
196.0 85.11819 14 1.00000
196.1 85.20736 14 1.00000
196.2 85.29678 14 1.00000
196.3 85.39185 14 1.00000
196.4 85.03384 14 1.00000
196.5 85.12327 14 1.00000
196.6 85.21246 14 1.00000
196.7 85.30190 14 1.00000
196.8 85.39127 14 1.00000
196.9 85.48063 14 1.00000
197.0 85.56998 14 1.00000
197.1 85.65926 14 1.00000
197.2 85.30717 14 1.00000
197.3 85.39662 14 1.00000
197.4 85.48601 14 1.00000
197.5 85.57533 14 1.00000
197.6 85.66468 14 1.00000
197.7 85.75385 14 1.00000
197.8 85.84323 14 1.00000
197.9 85.93254 14 1.00000
198.0 85.58097 14 1.00000
198.1 85.67030 14 1.00000
198.2 85.75954 14 1.00000
198.3 85.84885 14 1.00000
198.4 85.93822 14 1.00000
198.5 86.02755 14 1.00000
198.6 86.11680 14 1.00000
198.7 86.20609 14 1.00000
198.8 85.85471 14 1.00000
198.9 85.94407 14 1.00000
199.0 86.03341 14 1.00000
199.1 86.12279 14 1.00000
199.2 86.21210 14 1.00000
199.3 86.30119 14 1.00000
199.4 86.39046 14 1.00000
199.5 86.47974 14 1.00000
199.6 86.12887 14 1.00000
199.7 86.21825 14 1.00000
199.8 86.30741 14 1.00000
199.9 86.39672 14 1.00000
200.0 86.48601 14 1.00000
200.1 86.57524 14 1.00000
200.2 86.66450 14 1.00000
200.3 86.75375 14 1.00000
200.4 86.84282 14 1.00000
200.5 86.49243 14 1.00000
200.6 86.58173 14 1.00000
200.7 86.67102 14 1.00000
200.8 86.76024 14 1.00000
200.9 86.84933 14 1.00000
201.0 86.93858 14 1.00000
201.1 87.02785 14 1.00000
201.2 87.11707 14 1.00000
201.3 86.76698 14 1.00000
201.4 86.85604 14 1.00000
201.5 86.94536 14 1.00000
201.6 87.03461 14 1.00000
201.7 87.12379 14 1.00000
201.8 87.21307 14 1.00000
201.9 87.30222 14 1.00000
202.0 87.39125 14 1.00000
202.1 87.48048 14 1.00000
202.2 87.13077 14 1.00000
202.3 87.22006 14 1.00000
202.4 87.30924 14 1.00000
202.5 87.39835 14 1.00000
202.6 87.48754 14 1.00000
202.7 87.57673 14 1.00000
202.8 87.66589 14 1.00000
202.9 87.75500 14 1.00000
203.0 87.40553 14 1.00000
203.1 87.49480 14 1.00000
203.2 87.58396 14 1.00000
203.3 87.67316 14 1.00000
203.4 87.76238 14 1.00000
203.5 87.85150 14 1.00000
203.6 87.94054 14 1.00000
203.7 88.02967 14 1.00000
203.8 88.11879 14 1.00000
203.9 87.76986 14 1.00000
204.0 87.85905 14 1.00000
204.1 87.94810 14 1.00000
204.2 88.03722 14 1.00000
204.3 88.12640 14 1.00000
204.4 88.21548 14 1.00000
204.5 88.30465 14 1.00000
204.6 88.39375 14 1.00000
204.7 88.04505 14 1.00000
204.8 88.13416 14 1.00000
204.9 88.22332 14 1.00000
205.0 88.31250 14 1.00000
205.1 88.40157 14 1.00000
205.2 88.49068 14 1.00000
205.3 88.57966 14 1.00000
205.4 88.66869 14 1.00000
205.5 88.75775 14 1.00000
205.6 88.40965 14 1.00000
205.7 88.49866 14 1.00000
205.8 88.58778 14 1.00000
205.9 88.67683 14 1.00000
206.0 88.76591 14 1.00000
206.1 88.85503 14 1.00000
206.2 88.94404 14 1.00000
206.3 89.03308 14 1.00000
206.4 88.68516 14 1.00000
206.5 88.77426 14 1.00000
206.6 88.86340 14 1.00000
206.7 88.95248 14 1.00000
206.8 89.04155 14 1.00000
206.9 89.13044 14 1.00000
207.0 89.21947 14 1.00000
207.1 89.30849 14 1.00000
207.2 89.39751 14 1.00000
207.3 89.05016 14 1.00000
207.4 89.13902 14 1.00000
207.5 89.22813 14 1.00000
207.6 89.31718 14 1.00000
207.7 89.40620 14 1.00000
207.8 89.49522 14 1.00000
207.9 89.58422 14 1.00000
208.0 89.67304 14 1.00000
208.1 89.76197 14 1.00000
208.2 89.41505 14 1.00000
208.3 89.50408 14 1.00000
208.4 89.59310 14 1.00000
208.5 89.68200 14 1.00000
208.6 89.77095 14 1.00000
208.7 89.85997 14 1.00000
208.8 89.94889 14 1.00000
208.9 90.03789 14 1.00000
209.0 90.12678 14 1.00000
209.1 89.78011 14 1.00000
209.2 89.86916 14 1.00000
209.3 89.95815 14 1.00000
209.4 90.04712 14 1.00000
209.5 90.13608 14 1.00000
209.6 90.22487 14 1.00000
209.7 90.31374 14 1.00000
209.8 90.40266 14 1.00000
209.9 90.05654 14 1.00000
210.0 90.14552 14 1.00000
210.1 90.23433 14 1.00000
210.2 90.32323 14 1.00000
210.3 90.41222 14 1.00000
210.4 90.50109 14 1.00000
210.5 90.59005 14 1.00000
210.6 90.67895 14 1.00000
210.7 90.76778 14 1.00000
210.8 90.42188 14 1.00000
210.9 90.51082 14 1.00000
211.0 90.59979 14 1.00000
211.1 90.68866 14 1.00000
211.2 90.77740 14 1.00000
211.3 90.86634 14 1.00000
211.4 90.95516 14 1.00000
211.5 91.04402 14 1.00000
211.6 91.13291 14 1.00000
211.7 90.78738 14 1.00000
211.8 90.87629 14 1.00000
211.9 90.96523 14 1.00000
212.0 91.05406 14 1.00000
212.1 91.14297 14 1.00000
212.2 91.23178 14 1.00000
212.3 91.32066 14 1.00000
212.4 91.40933 14 1.00000
212.5 91.49809 14 1.00000
212.6 91.15318 14 1.00000
212.7 91.24205 14 1.00000
212.8 91.33091 14 1.00000
212.9 91.41960 14 1.00000
213.0 91.50848 14 1.00000
213.1 91.59729 14 1.00000
213.2 91.68610 14 1.00000
213.3 91.77489 14 1.00000
213.4 91.86361 14 1.00000
213.5 91.51895 14 1.00000
213.6 91.60783 14 1.00000
213.7 91.69666 14 1.00000
213.8 91.78547 14 1.00000
213.9 91.87422 14 1.00000
214.0 91.96284 14 1.00000
214.1 92.05166 14 1.00000
214.2 92.14037 14 1.00000
214.3 92.22915 14 1.00000
214.4 91.88501 14 1.00000
214.5 91.97366 14 1.00000
214.6 92.06245 14 1.00000
214.7 92.15122 14 1.00000
214.8 92.24003 14 1.00000
214.9 92.32877 14 1.00000
215.0 92.41746 14 1.00000
215.1 92.50618 14 1.00000
215.2 92.59473 14 1.00000
215.3 92.25110 14 1.00000
215.4 92.33986 14 1.00000
215.5 92.42857 14 1.00000
215.6 92.51731 14 1.00000
215.7 92.60588 14 1.00000
215.8 92.69463 14 1.00000
215.9 92.78333 14 1.00000
216.0 92.87197 14 1.00000
216.1 92.96064 14 1.00000
216.2 92.61726 14 1.00000
216.3 92.70595 14 1.00000
216.4 92.79471 14 1.00000
216.5 92.88342 14 1.00000
216.6 92.97211 14 1.00000
216.7 93.06078 14 1.00000
216.8 93.14924 14 1.00000
216.9 93.23794 14 1.00000
217.0 92.88782 14 1.00000
217.1 92.98367 14 1.00000
217.2 93.07241 14 1.00000
217.3 93.16089 14 1.00000
217.4 93.24956 14 1.00000
217.5 92.89952 14 1.00000
217.6 92.98825 14 1.00000
217.7 93.07697 14 1.00000
217.8 93.16553 14 1.00000
217.9 93.25423 14 1.00000
218.0 92.91140 14 1.00000
218.1 93.00016 14 1.00000
218.2 93.08895 14 1.00000
218.3 93.17753 14 1.00000
218.4 93.26619 14 1.00000
218.5 93.35490 14 1.00000
218.6 93.44363 14 1.00000
218.7 93.53230 14 1.00000
218.8 93.62091 14 1.00000
218.9 93.27834 14 1.00000
219.0 93.36712 14 1.00000
219.1 93.45577 14 1.00000
219.2 93.54447 14 1.00000
219.3 93.63320 14 1.00000
219.4 93.72186 14 1.00000
219.5 93.81032 14 1.00000
219.6 93.89896 14 1.00000
219.7 93.98763 14 1.00000
219.8 93.64557 14 1.00000
219.9 93.73415 14 1.00000
220.0 93.82278 14 1.00000
220.1 93.91148 14 1.00000
220.2 94.00008 14 1.00000
220.3 94.08871 14 1.00000
220.4 94.17733 14 1.00000
220.5 94.26598 14 1.00000
220.6 94.35442 14 1.00000
220.7 94.44299 14 1.00000
220.8 94.10142 14 1.00000
220.9 94.19010 14 1.00000
221.0 94.27872 14 1.00000
221.1 94.36719 14 1.00000
221.2 94.45573 14 1.00000
221.3 94.54432 14 1.00000
221.4 94.63293 14 1.00000
221.5 94.72144 14 1.00000
221.6 94.80998 14 1.00000
221.7 94.46870 14 1.00000
221.8 94.55736 14 1.00000
221.9 94.64590 14 1.00000
222.0 94.73452 14 1.00000
222.1 94.82308 14 1.00000
222.2 94.91163 14 1.00000
222.3 94.99996 14 1.00000
222.4 95.08853 14 1.00000
222.5 95.17699 14 1.00000
222.6 94.83628 14 1.00000
222.7 94.92484 14 1.00000
222.8 95.01324 14 1.00000
222.9 95.10183 14 1.00000
223.0 95.19035 14 1.00000
223.1 95.27887 14 1.00000
223.2 95.36737 14 1.00000
223.3 95.45586 14 1.00000
223.4 95.54413 14 1.00000
223.5 95.63264 14 1.00000
223.6 95.29239 14 1.00000
223.7 95.38086 14 1.00000
223.8 95.46941 14 1.00000
223.9 95.55771 14 1.00000
224.0 95.64623 14 1.00000
224.1 95.73466 14 1.00000
224.2 95.82316 14 1.00000
224.3 95.91159 14 1.00000
224.4 96.00002 14 1.00000
224.5 95.65997 14 1.00000
224.6 95.74845 14 1.00000
224.7 95.83693 14 1.00000
224.8 95.92538 14 1.00000
224.9 96.01388 14 1.00000
225.0 96.10226 14 1.00000
225.1 96.19057 14 1.00000
225.2 96.27894 14 1.00000
225.3 96.36732 14 1.00000
225.4 96.45570 14 1.00000
225.5 96.11633 14 1.00000
225.6 96.20466 14 1.00000
225.7 96.29308 14 1.00000
225.8 96.38145 14 1.00000
225.9 96.46989 14 1.00000
226.0 96.55823 14 1.00000
226.1 96.64664 14 1.00000
226.2 96.73501 14 1.00000
226.3 96.82315 14 1.00000
226.4 96.48421 14 1.00000
226.5 96.57257 14 1.00000
226.6 96.66101 14 1.00000
226.7 96.74938 14 1.00000
226.8 96.83760 14 1.00000
226.9 96.92595 14 1.00000
227.0 97.01429 14 1.00000
227.1 97.10261 14 1.00000
227.2 97.19087 14 1.00000
227.3 97.27922 14 1.00000
227.4 96.94054 14 1.00000
227.5 97.02891 14 1.00000
227.6 97.11720 14 1.00000
227.7 97.20558 14 1.00000
227.8 97.29390 14 1.00000
227.9 97.38216 14 1.00000
228.0 97.47034 14 1.00000
228.1 97.55862 14 1.00000
228.2 97.64684 14 1.00000
228.3 97.73513 14 1.00000
228.4 97.39688 14 1.00000
228.5 97.48519 14 1.00000
228.6 97.57353 14 1.00000
228.7 97.66177 14 1.00000
228.8 97.75005 14 1.00000
228.9 97.83830 14 1.00000
229.0 97.92659 14 1.00000
229.1 98.01482 14 1.00000
229.2 98.10284 14 1.00000
229.3 97.76522 14 1.00000
229.4 97.85345 14 1.00000
229.5 97.94172 14 1.00000
229.6 98.02982 14 1.00000
229.7 98.11810 14 1.00000
229.8 98.20628 14 1.00000
229.9 98.29449 14 1.00000
230.0 98.38274 14 1.00000
230.1 98.47092 14 1.00000
230.2 98.55904 14 1.00000
230.3 98.22169 14 1.00000
230.4 98.30997 14 1.00000
230.5 98.39813 14 1.00000
230.6 98.48639 14 1.00000
230.7 98.57458 14 1.00000
230.8 98.66261 14 1.00000
230.9 98.75077 14 1.00000
231.0 98.83892 14 1.00000
231.1 98.92706 14 1.00000
231.2 99.01514 14 1.00000
231.3 98.67825 14 1.00000
231.4 98.76643 14 1.00000
231.5 98.85464 14 1.00000
231.6 98.94280 14 1.00000
231.7 99.03090 14 1.00000
231.8 99.11908 14 1.00000
231.9 99.20720 14 1.00000
232.0 99.29516 14 1.00000
232.1 99.38325 14 1.00000
232.2 99.47128 14 1.00000
232.3 99.13499 14 1.00000
232.4 99.22318 14 1.00000
232.5 99.31110 14 1.00000
232.6 99.39922 14 1.00000
232.7 99.48732 14 1.00000
232.8 99.57540 14 1.00000
232.9 99.66348 14 1.00000
233.0 99.75153 14 1.00000
233.1 99.83958 14 1.00000
233.2 99.92766 14 1.00000
233.3 99.59168 14 1.00000
233.4 99.67978 14 1.00000
233.5 99.76781 14 1.00000
233.6 99.85587 14 1.00000
233.7 99.94382 14 1.00000
233.8 100.03187 14 1.00000
233.9 100.11985 14 1.00000
234.0 100.20791 14 1.00000
234.1 100.29591 14 1.00000
234.2 100.38390 14 1.00000
234.3 100.04832 14 1.00000
234.4 100.13638 14 1.00000
234.5 100.22446 14 1.00000
234.6 100.31248 14 1.00000
234.7 100.40048 14 1.00000
234.8 100.48843 14 1.00000
234.9 100.57646 14 1.00000
235.0 100.66423 14 1.00000
235.1 100.75219 14 1.00000
235.2 100.84013 14 1.00000
235.3 100.50526 14 1.00000
235.4 100.59311 14 1.00000
235.5 100.68105 14 1.00000
235.6 100.76903 14 1.00000
235.7 100.85703 14 1.00000
235.8 100.94498 14 1.00000
235.9 101.03292 14 1.00000
236.0 101.12085 14 1.00000
236.1 101.20871 14 1.00000
236.2 101.29651 14 1.00000
236.3 100.96199 14 1.00000
236.4 101.05000 14 1.00000
236.5 101.13793 14 1.00000
236.6 101.22581 14 1.00000
236.7 101.31364 14 1.00000
236.8 101.40154 14 1.00000
236.9 101.48939 14 1.00000
237.0 101.57726 14 1.00000
237.1 101.66518 14 1.00000
237.2 101.75303 14 1.00000
237.3 101.41886 14 1.00000
237.4 101.50673 14 1.00000
237.5 101.59463 14 1.00000
237.6 101.68251 14 1.00000
237.7 101.77043 14 1.00000
237.8 101.85825 14 1.00000
237.9 101.94599 14 1.00000
238.0 102.03378 14 1.00000
238.1 102.12165 14 1.00000
238.2 102.20946 14 1.00000
238.3 101.87583 14 1.00000
238.4 101.96355 14 1.00000
238.5 102.05146 14 1.00000
238.6 102.13925 14 1.00000
238.7 102.22708 14 1.00000
238.8 102.31494 14 1.00000
238.9 102.40275 14 1.00000
239.0 102.49054 14 1.00000
239.1 102.57812 14 1.00000
239.2 102.66593 14 1.00000
239.3 102.33276 14 1.00000
239.4 102.42058 14 1.00000
239.5 102.50838 14 1.00000
239.6 102.59606 14 1.00000
239.7 102.68382 14 1.00000
239.8 102.77160 14 1.00000
239.9 102.85941 14 1.00000
240.0 102.94711 14 1.00000
240.1 103.03484 14 1.00000
240.2 103.12256 14 1.00000
240.3 103.21031 14 1.00000
240.4 102.87750 14 1.00000
240.5 102.96532 14 1.00000
240.6 103.05302 14 1.00000
240.7 103.14076 14 1.00000
240.8 103.22835 14 1.00000
240.9 103.31611 14 1.00000
241.0 103.40382 14 1.00000
241.1 103.49150 14 1.00000
241.2 103.57913 14 1.00000
241.3 103.66685 14 1.00000
241.4 103.33447 14 1.00000
241.5 103.42220 14 1.00000
241.6 103.50991 14 1.00000
241.7 103.59766 14 1.00000
241.8 103.68534 14 1.00000
241.9 103.77296 14 1.00000
242.0 103.86067 14 1.00000
242.1 103.94817 14 1.00000
242.2 104.03580 14 1.00000
242.3 104.12343 14 1.00000
242.4 104.21104 14 1.00000
242.5 103.87932 14 1.00000
242.6 103.96689 14 1.00000
242.7 104.05454 14 1.00000
242.8 104.14219 14 1.00000
242.9 104.22982 14 1.00000
243.0 104.31744 14 1.00000
243.1 104.40499 14 1.00000
243.2 104.49263 14 1.00000
243.3 104.58002 14 1.00000
243.4 104.66763 14 1.00000
243.5 104.33640 14 1.00000
243.6 104.42397 14 1.00000
243.7 104.51163 14 1.00000
243.8 104.59909 14 1.00000
243.9 104.68663 14 1.00000
244.0 104.75725 14 1.00000
244.1 104.84483 14 1.00000
244.2 104.93245 14 1.00000
244.3 105.02001 14 1.00000
244.4 105.10751 14 1.00000
244.5 105.19505 14 1.00000
244.6 104.86402 14 1.00000
244.7 104.95161 14 1.00000
244.8 105.03919 14 1.00000
244.9 105.12676 14 1.00000
245.0 105.21436 14 1.00000
245.1 105.30167 14 1.00000
245.2 105.38920 14 1.00000
245.3 105.47676 14 1.00000
245.4 105.56422 14 1.00000
245.5 105.65171 14 1.00000
245.6 105.32112 14 1.00000
245.7 105.40872 14 1.00000
245.8 105.49625 14 1.00000
245.9 105.58373 14 1.00000
246.0 105.67129 14 1.00000
246.1 105.75874 14 1.00000
246.2 105.84628 14 1.00000
246.3 105.93375 14 1.00000
246.4 106.02107 14 1.00000
246.5 106.10847 14 1.00000
246.6 106.19591 14 1.00000
246.7 105.86601 14 1.00000
246.8 105.95346 14 1.00000
246.9 106.04085 14 1.00000
247.0 106.12827 14 1.00000
247.1 106.21573 14 1.00000
247.2 106.30322 14 1.00000
247.3 106.39060 14 1.00000
247.4 106.47803 14 1.00000
247.5 106.56543 14 1.00000
247.6 106.65269 14 1.00000
247.7 106.74007 14 1.00000
247.8 106.41068 14 1.00000
247.9 106.49806 14 1.00000
248.0 106.58554 14 1.00000
248.1 106.67281 14 1.00000
248.2 106.76017 14 1.00000
248.3 106.84761 14 1.00000
248.4 106.93499 14 1.00000
248.5 107.02231 14 1.00000
248.6 107.10966 14 1.00000
248.7 107.19701 14 1.00000
248.8 107.28439 14 1.00000
248.9 106.95525 14 1.00000
249.0 107.04268 14 1.00000
249.1 107.13000 14 1.00000
249.2 107.21741 14 1.00000
249.3 107.30476 14 1.00000
249.4 107.39196 14 1.00000
249.5 107.47924 14 1.00000
249.6 107.56655 14 1.00000
249.7 107.65390 14 1.00000
249.8 107.74119 14 1.00000
249.9 107.82842 14 1.00000
250.0 107.49982 14 1.00000
