15.0 1.59250 13 0.14588
15.1 1.60486 13 0.15525
15.2 1.61725 13 0.16192
15.3 1.62966 13 0.17217
15.4 1.64178 13 0.17655
15.5 1.65424 13 0.17758
15.6 1.66640 13 0.18116
15.7 1.67891 13 0.18229
15.8 1.77493 13 0.19217
15.9 1.78476 13 0.19401
16.0 1.79483 13 0.19572
16.1 1.80529 13 0.19682
16.2 1.81584 13 0.19868
16.3 1.82691 13 0.19987
16.4 1.83832 13 0.20109
16.5 1.84924 13 0.20386
16.6 1.86098 13 0.20552
16.7 1.87306 13 0.20719
16.8 1.88619 13 0.20805
16.9 1.89684 13 0.21140
17.0 1.91054 13 0.21246
17.1 1.92275 13 0.21468
17.2 1.93577 13 0.21696
17.3 1.94830 13 0.21930
17.4 1.96301 13 0.22085
17.5 1.97388 13 0.22455
17.6 1.99074 13 0.22528
17.7 2.00269 13 0.22852
17.8 2.01890 13 0.22970
17.9 2.03258 13 0.23230
18.0 2.04722 13 0.23502
18.1 2.06145 13 0.23759
18.2 2.07808 13 0.23935
18.3 2.09264 13 0.24202
18.4 2.11037 13 0.24372
18.5 2.12418 13 0.24683
18.6 2.14209 13 0.24875
18.7 2.15571 13 0.25205
18.8 2.17854 13 0.25288
18.9 2.19409 13 0.25583
19.0 2.21426 13 0.25772
19.1 2.22877 13 0.26063
19.2 2.24374 13 0.26388
19.3 2.26110 13 0.26666
19.4 2.27839 13 0.26952
19.5 2.30304 13 0.27103
19.6 2.32154 13 0.27342
19.7 2.34200 13 0.27596
19.8 2.36151 13 0.27874
19.9 2.37847 13 0.28200
20.0 2.39789 13 0.28448
20.1 2.41966 13 0.28710
20.2 2.44021 13 0.28998
20.3 2.45788 13 0.29354
20.4 2.48056 13 0.29624
20.5 2.50385 14 0.29861
20.6 2.53201 14 0.30164
20.7 2.55742 14 0.30497
20.8 2.58902 14 0.30738
20.9 2.62256 14 0.31016
21.0 2.64937 14 0.31306
21.1 2.68034 14 0.31750
21.2 2.71710 14 0.32220
21.3 2.76880 14 0.32673
21.4 2.80750 14 0.33152
21.5 2.84722 14 0.33706
21.6 2.82424 14 0.33167
21.7 2.77321 14 0.33891
21.8 2.77724 14 0.33931
21.9 2.78189 14 0.33978
22.0 2.78667 14 0.34025
22.1 2.79101 14 0.34069
22.2 2.79579 14 0.34116
22.3 2.79982 14 0.34156
22.4 2.80366 14 0.34195
22.5 2.80696 14 0.34227
22.6 2.81560 14 0.34313
22.7 2.82055 14 0.34362
22.8 2.82665 14 0.34422
22.9 2.83170 14 0.34472
23.0 2.83531 14 0.34508
23.1 2.84239 14 0.34578
23.2 2.84751 14 0.34628
23.3 2.85024 14 0.34655
23.4 2.86026 14 0.34753
23.5 2.86602 14 0.34809
23.6 2.87162 14 0.34864
23.7 2.87635 14 0.34910
23.8 2.88024 14 0.34948
23.9 2.88949 14 0.35038
24.0 2.89297 14 0.35072
24.1 2.90000 14 0.35140
24.2 2.91049 14 0.35242
24.3 2.91578 14 0.35293
24.4 2.92043 14 0.35338
24.5 2.92619 14 0.35393
24.6 2.93121 14 0.35442
24.7 2.93953 14 0.35522
24.8 2.94414 14 0.35566
24.9 2.94714 14 0.35594
25.0 2.96036 14 0.35721
25.1 2.96109 14 0.35728
25.2 2.97380 14 0.35849
25.3 2.97780 14 0.35887
25.4 2.98361 14 0.35943
25.5 2.99183 14 0.36021
25.6 2.99817 14 0.36081
25.7 3.00782 14 0.36172
25.8 3.01098 14 0.36202
25.9 3.02202 14 0.36306
26.0 3.03284 14 0.36408
26.1 3.03837 14 0.36460
26.2 3.04662 14 0.36537
26.3 3.05408 14 0.36607
26.4 3.06300 14 0.36690
26.5 3.07367 14 0.36790
26.6 3.08016 14 0.36850
26.7 3.09068 14 0.36947
26.8 3.09773 14 0.37013
26.9 3.10090 14 0.37042
27.0 3.10910 14 0.37118
27.1 3.11664 14 0.37187
27.2 3.12352 14 0.37251
27.3 3.13556 14 0.37361
27.4 3.14613 14 0.37458
27.5 3.15099 14 0.37502
27.6 3.15592 14 0.37547
27.7 3.16389 14 0.37620
27.8 3.17093 14 0.37684
27.9 3.18323 14 0.37796
28.0 3.19186 14 0.37874
28.1 3.19504 14 0.37903
28.2 3.19876 14 0.37936
28.3 3.20938 14 0.38032
28.4 3.21326 14 0.38067
28.5 3.22355 14 0.38160
28.6 3.23024 14 0.38220
28.7 3.24448 14 0.38347
28.8 3.24891 14 0.38387
28.9 3.25132 14 0.38408
29.0 3.26358 14 0.38518
29.1 3.27392 14 0.38610
29.2 3.27627 14 0.38631
29.3 3.28924 14 0.38746
29.4 3.29298 14 0.38779
29.5 3.30220 14 0.38860
29.6 3.30760 14 0.38908
29.7 3.31419 14 0.38966
29.8 3.33248 14 0.39127
29.9 3.33634 14 0.39161
30.0 3.34857 14 0.39268
30.1 3.35157 14 0.39294
30.2 3.36302 14 0.39394
30.3 3.37039 14 0.39458
30.4 3.38126 14 0.39553
30.5 3.38631 14 0.39597
30.6 3.39622 14 0.39683
30.7 3.40362 14 0.39747
30.8 3.41153 14 0.39815
30.9 3.42225 14 0.39908
31.0 3.42674 14 0.39946
31.1 3.43643 14 0.40029
31.2 3.45157 14 0.40159
31.3 3.45544 14 0.40192
31.4 3.46763 14 0.40296
31.5 3.47360 14 0.40347
31.6 3.47966 14 0.40399
31.7 3.48362 14 0.40433
31.8 3.49769 14 0.40552
31.9 3.57272 14 0.40711
32.0 3.57808 14 0.40757
32.1 3.58952 14 0.40853
32.2 3.59384 14 0.40890
32.3 3.60303 14 0.40967
32.4 3.60617 14 0.40994
32.5 3.61696 14 0.41084
32.6 3.62386 14 0.41142
32.7 3.63593 14 0.41243
32.8 3.64097 14 0.41286
32.9 3.64858 14 0.41349
33.0 3.66275 14 0.41467
33.1 3.66938 14 0.41522
33.2 3.67151 14 0.41540
33.3 3.68902 14 0.41685
33.4 3.69410 14 0.41727
33.5 3.70216 14 0.41794
33.6 3.70863 14 0.41847
33.7 3.72175 14 0.41955
33.8 3.72488 14 0.41981
33.9 3.73143 14 0.42035
34.0 3.74099 14 0.42113
34.1 3.74909 14 0.42179
34.2 3.75582 14 0.42234
34.3 3.76093 14 0.42276
34.4 3.76907 14 0.42342
34.5 3.78247 14 0.42452
34.6 3.79188 14 0.42528
34.7 3.79940 14 0.42589
34.8 3.80464 14 0.42631
34.9 3.81289 14 0.42698
35.0 3.81690 14 0.42731
35.1 3.82898 14 0.42828
35.2 3.83308 14 0.42861
35.3 3.84210 14 0.42934
35.4 3.84813 14 0.42982
35.5 3.85585 14 0.43044
35.6 3.85977 14 0.43076
35.7 3.87376 14 0.43188
35.8 3.87626 14 0.43208
35.9 3.88682 14 0.43292
36.0 3.88903 14 0.43309
36.1 3.90212 14 0.43414
36.2 3.90675 14 0.43450
36.3 3.90727 14 0.43455
36.4 3.92108 14 0.43564
36.5 3.93482 14 0.43673
36.6 3.94190 14 0.43729
36.7 3.94352 14 0.43742
36.8 3.95894 14 0.43863
36.9 3.96454 14 0.43907
37.0 3.97247 14 0.43969
37.1 3.98098 14 0.44042
37.2 3.98689 14 0.44097
37.3 3.99379 14 0.44161
37.4 4.00354 14 0.44252
37.5 4.00743 14 0.44288
37.6 4.01350 14 0.44344
37.7 4.01775 14 0.44383
37.8 4.01873 14 0.44392
37.9 4.02429 14 0.44444
38.0 4.03447 14 0.44538
38.1 4.04092 14 0.44597
38.2 4.04719 14 0.44655
38.3 4.04976 14 0.44679
38.4 4.06034 14 0.44776
38.5 4.07005 14 0.44865
38.6 4.07389 14 0.44900
38.7 4.07769 14 0.44935
38.8 4.08241 14 0.44978
38.9 4.08879 14 0.45037
39.0 4.09466 14 0.45091
39.1 4.09916 14 0.45132
39.2 4.10720 14 0.45205
39.3 4.10998 14 0.45230
39.4 4.11752 14 0.45299
39.5 4.12145 14 0.45335
39.6 4.13015 14 0.45414
39.7 4.12890 14 0.45403
39.8 4.13531 14 0.45461
39.9 4.13743 14 0.45481
40.0 4.14362 14 0.45537
40.1 4.15701 14 0.45658
40.2 4.16125 14 0.45697
40.3 4.16599 14 0.45740
40.4 4.17084 14 0.45784
40.5 4.18408 14 0.45903
40.6 4.18675 14 0.45927
40.7 4.19383 14 0.45991
40.8 4.19625 14 0.46013
40.9 4.20566 14 0.46098
41.0 4.21396 14 0.46173
41.1 4.22016 14 0.46228
41.2 4.22616 14 0.46282
41.3 4.23174 14 0.46332
41.4 4.24003 14 0.46407
41.5 4.24348 14 0.46437
41.6 4.25507 14 0.46541
41.7 4.26103 14 0.46595
41.8 4.26310 14 0.46613
41.9 4.26852 14 0.46661
42.0 4.27252 14 0.46697
42.1 4.27446 14 0.46714
42.2 4.28037 14 0.46767
42.3 4.28208 14 0.46782
42.4 4.28761 14 0.46832
42.5 4.29784 14 0.46923
42.6 4.29774 14 0.46922
42.7 4.30315 14 0.46970
42.8 4.31297 14 0.47057
42.9 4.31464 14 0.47072
43.0 4.31999 14 0.47119
43.1 4.32485 14 0.47162
43.2 4.33488 14 0.47251
43.3 4.33704 14 0.47270
43.4 4.33832 14 0.47282
43.5 4.34397 14 0.47332
43.6 4.34797 14 0.47367
43.7 4.34656 14 0.47354
43.8 4.35640 14 0.47441
43.9 4.36417 14 0.47510
44.0 4.37493 14 0.47605
44.1 4.37424 14 0.47599
44.2 4.37618 14 0.47616
44.3 4.38634 14 0.47705
44.4 4.38863 14 0.47725
44.5 4.39214 14 0.47756
44.6 4.40372 14 0.47858
44.7 4.41125 14 0.47924
44.8 4.41853 14 0.47988
44.9 4.42064 14 0.48006
45.0 4.42870 14 0.48077
45.1 4.43445 14 0.48127
45.2 4.43906 14 0.48167
45.3 4.44287 14 0.48200
45.4 4.44482 14 0.48217
45.5 4.45087 14 0.48270
45.6 4.45750 14 0.48328
45.7 4.45790 14 0.48331
45.8 4.46361 14 0.48381
45.9 4.47292 14 0.48462
46.0 4.47573 14 0.48487
46.1 4.47685 14 0.48496
46.2 4.47971 14 0.48521
46.3 4.48558 14 0.48572
46.4 4.49535 14 0.48657
46.5 4.49828 14 0.48682
46.6 4.50002 14 0.48697
46.7 4.51049 14 0.48788
46.8 4.50904 14 0.48775
46.9 4.51381 14 0.48817
47.0 4.51753 14 0.48849
47.1 4.52429 14 0.48907
47.2 4.52497 14 0.48913
47.3 4.52608 14 0.48923
47.4 4.53645 14 0.49012
47.5 4.53530 14 0.49002
47.6 4.54172 14 0.49058
47.7 4.54547 14 0.49090
47.8 4.54916 14 0.49122
47.9 4.55428 14 0.49166
48.0 4.56243 14 0.49236
48.1 4.56784 14 0.49283
48.2 4.57645 14 0.49356
48.3 4.58019 14 0.49389
48.4 4.58215 14 0.49405
48.5 4.59621 14 0.49526
48.6 4.59633 14 0.49527
48.7 4.60021 14 0.49560
48.8 4.60182 14 0.49574
48.9 4.60483 14 0.49600
49.0 4.61302 14 0.49670
49.1 4.62165 14 0.49743
49.2 4.62690 14 0.49788
49.3 4.63194 14 0.49831
49.4 4.63409 14 0.49849
49.5 4.64097 14 0.49908
49.6 4.64606 14 0.49951
49.7 4.65144 14 0.49997
49.8 4.65771 14 0.50050
49.9 4.66251 14 0.50091
50.0 4.66719 14 0.50131
50.1 4.66950 14 0.50151
50.2 4.67345 14 0.50184
50.3 4.67616 14 0.50207
50.4 4.67748 14 0.50218
50.5 4.67746 14 0.50218
50.6 4.69002 14 0.50324
50.7 4.69227 14 0.50343
50.8 4.69448 14 0.50362
50.9 4.69652 14 0.50379
51.0 4.70577 14 0.50458
51.1 4.70541 14 0.50455
51.2 4.70933 14 0.50488
51.3 4.71857 14 0.50566
51.4 4.71932 14 0.50572
51.5 4.72049 14 0.50582
51.6 4.72671 14 0.50634
51.7 4.73231 14 0.50681
51.8 4.73352 14 0.50692
51.9 4.73645 14 0.50716
52.0 4.74010 14 0.50747
52.1 4.74327 14 0.50774
52.2 4.74363 14 0.50777
52.3 4.74694 14 0.50804
52.4 4.75112 14 0.50840
52.5 4.76068 14 0.50920
52.6 4.76851 14 0.50986
52.7 4.77422 14 0.51033
52.8 4.78034 14 0.51085
52.9 4.78322 14 0.51109
53.0 4.78986 14 0.51164
53.1 4.79131 14 0.51176
53.2 4.79866 14 0.51238
53.3 4.80050 14 0.51253
53.4 4.80765 14 0.51313
53.5 4.81246 14 0.51353
53.6 4.81435 14 0.51369
53.7 4.82046 14 0.51420
53.8 4.83119 14 0.51509
53.9 4.82717 14 0.51476
54.0 4.83033 14 0.51502
54.1 4.83585 14 0.51548
54.2 4.84140 14 0.51594
54.3 4.84677 14 0.51639
54.4 4.85090 14 0.51673
54.5 4.85542 14 0.51710
54.6 4.85955 14 0.51745
54.7 4.85963 14 0.51745
54.8 4.86502 14 0.51790
54.9 4.86313 14 0.51774
55.0 4.87782 14 0.51896
55.1 4.88119 14 0.51924
55.2 4.87912 14 0.51907
55.3 4.88180 14 0.51929
55.4 4.88478 14 0.51954
55.5 4.89420 14 0.52032
55.6 4.89597 14 0.52046
55.7 4.89837 14 0.52066
55.8 4.89923 14 0.52073
55.9 4.89740 14 0.52058
56.0 4.90923 14 0.52156
56.1 4.90518 14 0.52122
56.2 4.90651 14 0.52133
56.3 4.92099 14 0.52253
56.4 4.92214 14 0.52262
56.5 4.92324 14 0.52271
56.6 4.92675 14 0.52300
56.7 4.93047 14 0.52331
56.8 4.93339 14 0.52355
56.9 4.93607 14 0.52377
57.0 4.92729 14 0.52305
57.1 4.93270 14 0.52349
57.2 4.93654 14 0.52381
57.3 4.93542 14 0.52371
57.4 4.93922 14 0.52403
57.5 4.94302 14 0.52434
57.6 4.94339 14 0.52437
57.7 4.95123 14 0.52501
57.8 4.95545 14 0.52536
57.9 4.95999 14 0.52573
58.0 4.96830 14 0.52641
58.1 4.97701 14 0.52713
58.2 4.98413 14 0.52771
58.3 5.00435 14 0.52936
58.4 5.01672 14 0.53037
58.5 5.02227 14 0.53082
58.6 5.03527 14 0.53188
58.7 5.04758 14 0.53288
58.8 5.05690 14 0.53364
58.9 5.06585 14 0.53436
59.0 5.06219 14 0.53407
59.1 5.07039 14 0.53473
59.2 5.07860 14 0.53539
59.3 5.08243 14 0.53570
59.4 5.09022 14 0.53633
59.5 5.09891 14 0.53704
59.6 5.09834 14 0.53699
59.7 5.10361 14 0.53742
59.8 5.10605 14 0.53761
59.9 5.10617 14 0.53762
60.0 5.10618 14 0.53762
60.1 5.10952 14 0.53789
60.2 5.12921 14 0.53948
60.3 5.14271 14 0.54057
60.4 5.15362 14 0.54144
60.5 5.16260 14 0.54216
60.6 5.16679 14 0.54250
60.7 5.17612 14 0.54325
60.8 5.16913 14 0.54269
60.9 5.17905 14 0.54348
61.0 5.18445 14 0.54391
61.1 5.20072 14 0.54522
61.2 5.20611 14 0.54565
61.3 5.20945 14 0.54591
61.4 5.21300 14 0.54620
61.5 5.21551 14 0.54640
61.6 5.21646 14 0.54647
61.7 5.22351 14 0.54704
61.8 5.22754 14 0.54736
61.9 5.22510 14 0.54716
62.0 5.23653 14 0.54807
62.1 5.24828 14 0.54901
62.2 5.25950 14 0.54990
62.3 5.26889 14 0.55064
62.4 5.29176 14 0.55246
62.5 5.30400 14 0.55343
62.6 5.29613 14 0.55280
62.7 5.31070 14 0.55396
62.8 5.32329 14 0.55495
62.9 5.33587 14 0.55594
63.0 5.34462 14 0.55663
63.1 5.35877 14 0.55774
63.2 5.36937 14 0.55858
63.3 5.37721 14 0.55919
63.4 5.38906 14 0.56012
63.5 5.39574 14 0.56064
63.6 5.41097 14 0.56184
63.7 5.42170 14 0.56268
63.8 5.43280 14 0.56354
63.9 5.44664 14 0.56462
64.0 5.45130 14 0.56498
64.1 5.46091 14 0.56573
64.2 5.46387 14 0.56596
64.3 5.47592 14 0.56690
64.4 5.47038 14 0.56647
64.5 5.47752 14 0.56702
64.6 5.48268 14 0.56742
64.7 5.49007 14 0.56800
64.8 5.49859 14 0.56866
64.9 5.51053 14 0.56958
65.0 5.51702 14 0.57009
65.1 5.53096 14 0.57116
65.2 5.54104 14 0.57194
65.3 5.55840 14 0.57328
65.4 5.57556 14 0.57460
65.5 5.58403 14 0.57525
65.6 5.59733 14 0.57628
65.7 5.61366 14 0.57753
65.8 5.62579 14 0.57846
65.9 5.63697 14 0.57931
66.0 5.64342 14 0.57981
66.1 5.65800 14 0.58092
66.2 5.66724 14 0.58162
66.3 5.65947 14 0.58103
66.4 5.66806 14 0.58169
66.5 5.67806 14 0.58245
66.6 5.68357 14 0.58287
66.7 5.70194 14 0.58427
66.8 5.71382 14 0.58517
66.9 5.72058 14 0.58568
67.0 5.73474 14 0.58676
67.1 5.74056 14 0.58720
67.2 5.74832 14 0.58778
67.3 5.75390 14 0.58821
67.4 5.75671 14 0.58842
67.5 5.76590 14 0.58911
67.6 5.77221 14 0.58959
67.7 5.77985 14 0.59017
67.8 5.78931 14 0.59088
67.9 5.80062 14 0.59173
68.0 5.81414 14 0.59275
68.1 5.82180 14 0.59333
68.2 5.81433 14 0.59277
68.3 5.82183 14 0.59333
68.4 5.83002 14 0.59394
68.5 5.84540 14 0.59510
68.6 5.86393 14 0.59649
68.7 5.87455 14 0.59728
68.8 5.88474 14 0.59804
68.9 5.90187 14 0.59932
69.0 5.91407 14 0.60023
69.1 5.92140 14 0.60078
69.2 5.93631 14 0.60189
69.3 5.94694 14 0.60268
69.4 5.95504 14 0.60328
69.5 5.96595 14 0.60409
69.6 5.97362 14 0.60466
69.7 5.98379 14 0.60541
69.8 5.98740 14 0.60568
69.9 6.01421 14 0.60766
70.0 6.01754 14 0.60791
70.1 6.00883 14 0.60727
70.2 6.01736 14 0.60790
70.3 6.02132 14 0.60819
70.4 6.03728 14 0.60937
70.5 6.04402 14 0.60986
70.6 6.05126 14 0.61040
70.7 6.05800 14 0.61089
70.8 6.06240 14 0.61122
70.9 6.06909 14 0.61171
71.0 6.07567 14 0.61219
71.1 6.08493 14 0.61287
71.2 6.09725 14 0.61378
71.3 6.10450 14 0.61431
71.4 6.12147 14 0.61555
71.5 6.13251 14 0.61635
71.6 6.14295 14 0.61709
71.7 6.15330 14 0.61783
71.8 6.16301 14 0.61851
71.9 6.18232 14 0.61988
72.0 6.19372 14 0.62069
72.1 6.17951 14 0.61968
72.2 6.19241 14 0.62060
72.3 6.20493 14 0.62148
72.4 6.21655 14 0.62230
72.5 6.22550 14 0.62293
72.6 6.24171 14 0.62407
72.7 6.24854 14 0.62455
72.8 6.25636 14 0.62510
72.9 6.27304 14 0.62627
73.0 6.28198 14 0.62690
73.1 6.29020 14 0.62748
73.2 6.29784 14 0.62802
73.3 6.30849 14 0.62876
73.4 6.31871 14 0.62948
73.5 6.33551 14 0.63065
73.6 6.33869 14 0.63087
73.7 6.35378 14 0.63193
73.8 6.36020 14 0.63237
73.9 6.37067 14 0.63310
74.0 6.37801 14 0.63361
74.1 6.38546 14 0.63413
74.2 6.37072 14 0.63311
74.3 6.38152 14 0.63386
74.4 6.38982 14 0.63443
74.5 6.39722 14 0.63495
74.6 6.40425 14 0.63544
74.7 6.41037 14 0.63586
74.8 6.42073 14 0.63658
74.9 6.43272 14 0.63741
75.0 6.44202 14 0.63805
75.1 6.45714 14 0.63910
75.2 6.46905 14 0.63992
75.3 6.47956 14 0.64064
75.4 6.48976 14 0.64135
75.5 6.49956 14 0.64202
75.6 6.50964 14 0.64271
75.7 6.52544 14 0.64380
75.8 6.54233 14 0.64496
75.9 6.55535 14 0.64585
76.0 6.56747 14 0.64668
76.1 6.57484 14 0.64718
76.2 6.59151 14 0.64832
76.3 6.57373 14 0.64711
76.4 6.58348 14 0.64777
76.5 6.59676 14 0.64868
76.6 6.60741 14 0.64940
76.7 6.61666 14 0.65003
76.8 6.62212 14 0.65040
76.9 6.63492 14 0.65127
77.0 6.63793 14 0.65148
77.1 6.64995 14 0.65229
77.2 6.65986 14 0.65297
77.3 6.67020 14 0.65367
77.4 6.68909 14 0.65494
77.5 6.68944 14 0.65497
77.6 6.70810 14 0.65623
77.7 6.71419 14 0.65664
77.8 6.72208 14 0.65717
77.9 6.72949 14 0.65767
78.0 6.73694 14 0.65817
78.1 6.74436 14 0.65867
78.2 6.75150 14 0.65915
78.3 6.75649 14 0.65949
78.4 6.76175 14 0.65984
78.5 6.75376 14 0.65930
78.6 6.76107 14 0.65979
78.7 6.76695 14 0.66019
78.8 6.77991 14 0.66106
78.9 6.78788 14 0.66160
79.0 6.80544 14 0.66277
79.1 6.81350 14 0.66331
79.2 6.82823 14 0.66430
79.3 6.83911 14 0.66503
79.4 6.84942 14 0.66572
79.5 6.85935 14 0.66638
79.6 6.86752 14 0.66692
79.7 6.88614 14 0.66816
79.8 6.89906 14 0.66902
79.9 6.91181 14 0.66987
80.0 6.92356 14 0.67065
80.1 6.93349 14 0.67131
80.2 6.95036 14 0.67242
80.3 6.95756 14 0.67290
80.4 6.96780 14 0.67358
80.5 6.97706 14 0.67419
80.6 6.99223 14 0.67519
80.7 6.96918 14 0.67367
80.8 6.97771 14 0.67423
80.9 6.99324 14 0.67526
81.0 7.00184 14 0.67582
81.1 7.00380 14 0.67595
81.2 7.01672 14 0.67680
81.3 7.02641 14 0.67744
81.4 7.02733 14 0.67750
81.5 7.04053 14 0.67837
81.6 7.06604 14 0.68004
81.7 7.06908 14 0.68024
81.8 7.06981 14 0.68029
81.9 7.09270 14 0.68179
82.0 7.09831 14 0.68215
82.1 7.10424 14 0.68254
82.2 7.11155 14 0.68302
82.3 7.11920 14 0.68352
82.4 7.12627 14 0.68398
82.5 7.13256 14 0.68439
82.6 7.13551 14 0.68458
82.7 7.14605 14 0.68527
82.8 7.16006 14 0.68618
82.9 7.17312 14 0.68703
83.0 7.14619 14 0.68528
83.1 7.15915 14 0.68612
83.2 7.17172 14 0.68694
83.3 7.17893 14 0.68740
83.4 7.19655 14 0.68855
83.5 7.20257 14 0.68894
83.6 7.21798 14 0.68994
83.7 7.22963 14 0.69069
83.8 7.23993 14 0.69135
83.9 7.24968 14 0.69198
84.0 7.25785 14 0.69251
84.1 7.26149 14 0.69275
84.2 7.28732 14 0.69441
84.3 7.30035 14 0.69525
84.4 7.31326 14 0.69608
84.5 7.32326 14 0.69672
84.6 7.33970 14 0.69777
84.7 7.33617 14 0.69755
84.8 7.34645 14 0.69821
84.9 7.35272 14 0.69861
85.0 7.36403 14 0.69933
85.1 7.37689 14 0.70016
85.2 7.38688 14 0.70079
85.3 7.41063 14 0.70231
85.4 7.37420 14 0.69998
85.5 7.38418 14 0.70062
85.6 7.40811 14 0.70215
85.7 7.41433 14 0.70255
85.8 7.42415 14 0.70317
85.9 7.42328 14 0.70312
86.0 7.43721 14 0.70401
86.1 7.44672 14 0.70461
86.2 7.45688 14 0.70526
86.3 7.47393 14 0.70634
86.4 7.47875 14 0.70665
86.5 7.48505 14 0.70705
86.6 7.50522 14 0.70832
86.7 7.50946 14 0.70859
86.8 7.51517 14 0.70895
86.9 7.52293 14 0.70945
87.0 7.53086 14 0.70995
87.1 7.53777 14 0.71038
87.2 7.53882 14 0.71045
87.3 7.55057 14 0.71119
87.4 7.55968 14 0.71177
87.5 7.56934 14 0.71237
87.6 7.57825 14 0.71294
87.7 7.59789 14 0.71417
87.8 7.60630 14 0.71470
87.9 7.57922 14 0.71300
88.0 7.59022 14 0.71369
88.1 7.59862 14 0.71422
88.2 7.61521 14 0.71526
88.3 7.62683 14 0.71599
88.4 7.63210 14 0.71632
88.5 7.64562 14 0.71717
88.6 7.65713 14 0.71789
88.7 7.66697 14 0.71850
88.8 7.67473 14 0.71899
88.9 7.68066 14 0.71936
89.0 7.69694 14 0.72037
89.1 7.71468 14 0.72148
89.2 7.72605 14 0.72219
89.3 7.73637 14 0.72283
89.4 7.75653 14 0.72408
89.5 7.75138 14 0.72376
89.6 7.76168 14 0.72440
89.7 7.76410 14 0.72455
89.8 7.77655 14 0.72533
89.9 7.78698 14 0.72597
90.0 7.79576 14 0.72652
90.1 7.80948 14 0.72736
90.2 7.82180 14 0.72813
90.3 7.83125 14 0.72871
90.4 7.85618 14 0.73025
90.5 7.81474 14 0.72769
90.6 7.82453 14 0.72830
90.7 7.83361 14 0.72886
90.8 7.85718 14 0.73031
90.9 7.86565 14 0.73083
91.0 7.86633 14 0.73087
91.1 7.87898 14 0.73165
91.2 7.88701 14 0.73215
91.3 7.89704 14 0.73276
91.4 7.91502 14 0.73387
91.5 7.91395 14 0.73380
91.6 7.92420 14 0.73443
91.7 7.94617 14 0.73578
91.8 7.94633 14 0.73579
91.9 7.95678 14 0.73643
92.0 7.95716 14 0.73645
92.1 7.96619 14 0.73700
92.2 7.97789 14 0.73772
92.3 7.98532 14 0.73817
92.4 7.98375 14 0.73808
92.5 7.99786 14 0.73894
92.6 8.00146 14 0.73916
92.7 8.02132 14 0.74037
92.8 8.03444 14 0.74117
92.9 8.04328 14 0.74171
93.0 8.05865 14 0.74264
93.1 8.02046 14 0.74032
93.2 8.03500 14 0.74121
93.3 8.04410 14 0.74176
93.4 8.05890 14 0.74266
93.5 8.06546 14 0.74306
93.6 8.08118 14 0.74401
93.7 8.09211 14 0.74468
93.8 8.09568 14 0.74489
93.9 8.10670 14 0.74556
94.0 8.11577 14 0.74611
94.1 8.12525 14 0.74669
94.2 8.13933 14 0.74754
94.3 8.15112 14 0.74825
94.4 8.15964 14 0.74876
94.5 8.17294 14 0.74957
94.6 8.19071 14 0.75064
94.7 8.20804 14 0.75168
94.8 8.20095 14 0.75125
94.9 8.21137 14 0.75188
95.0 8.21505 14 0.75210
95.1 8.23143 14 0.75309
95.2 8.24339 14 0.75381
95.3 8.25379 14 0.75443
95.4 8.26328 14 0.75500
95.5 8.27146 14 0.75549
95.6 8.27607 14 0.75576
95.7 8.28954 14 0.75657
95.8 8.29995 14 0.75719
95.9 8.26990 14 0.75539
96.0 8.27545 14 0.75573
96.1 8.28257 14 0.75615
96.2 8.29767 14 0.75706
96.3 8.30658 14 0.75759
96.4 8.31308 14 0.75798
96.5 8.33405 14 0.75923
96.6 8.34748 14 0.76003
96.7 8.35417 14 0.76043
96.8 8.35463 14 0.76045
96.9 8.36833 14 0.76127
97.0 8.37846 14 0.76187
97.1 8.39434 14 0.76282
97.2 8.39725 14 0.76299
97.3 8.40433 14 0.76341
97.4 8.42203 14 0.76446
97.5 8.43251 14 0.76508
97.6 8.43772 14 0.76539
97.7 8.43693 14 0.76534
97.8 8.44810 14 0.76600
97.9 8.45854 14 0.76662
98.0 8.45741 14 0.76655
98.1 8.47114 14 0.76736
98.2 8.47964 14 0.76787
98.3 8.48704 14 0.76830
98.4 8.49479 14 0.76876
98.5 8.51358 14 0.76987
98.6 8.52566 14 0.77058
98.7 8.48201 14 0.76801
98.8 8.49463 14 0.76875
98.9 8.50709 14 0.76948
99.0 8.51427 14 0.76991
99.1 8.53176 14 0.77094
99.2 8.53846 14 0.77133
99.3 8.55477 14 0.77229
99.4 8.55659 14 0.77239
99.5 8.57538 14 0.77350
99.6 8.58804 14 0.77424
99.7 8.59834 14 0.77484
99.8 8.60308 14 0.77512
99.9 8.61017 14 0.77553
100.0 8.62212 14 0.77623
100.1 8.63695 14 0.77710
100.2 8.64621 14 0.77764
100.3 8.65396 14 0.77809
100.4 8.65680 14 0.77826
100.5 8.67964 14 0.77959
100.6 8.67622 14 0.77939
100.7 8.69020 14 0.78021
100.8 8.70112 14 0.78085
100.9 8.70666 14 0.78117
101.0 8.72299 14 0.78212
101.1 8.73455 14 0.78279
101.2 8.74475 14 0.78338
101.3 8.75449 14 0.78395
101.4 8.76417 14 0.78451
101.5 8.77367 14 0.78506
101.6 8.78285 14 0.78559
101.7 8.74687 14 0.78351
101.8 8.75646 14 0.78406
101.9 8.76601 14 0.78462
102.0 8.77536 14 0.78516
102.1 8.78416 14 0.78567
102.2 8.79152 14 0.78609
102.3 8.79447 14 0.78626
102.4 8.80872 14 0.78709
102.5 8.81717 14 0.78758
102.6 8.82436 14 0.78799
102.7 8.85450 14 0.78973
102.8 8.86088 14 0.79010
102.9 8.86504 14 0.79034
103.0 8.87401 14 0.79086
103.1 8.87234 14 0.79076
103.2 8.88722 14 0.79162
103.3 8.89708 14 0.79218
103.4 8.90948 14 0.79289
103.5 8.91278 14 0.79308
103.6 8.92135 14 0.79358
103.7 8.94077 14 0.79469
103.8 8.94379 14 0.79486
103.9 8.94933 14 0.79518
104.0 8.95983 14 0.79578
104.1 8.96918 14 0.79632
104.2 8.96755 14 0.79622
104.3 8.98285 14 0.79710
104.4 8.99013 14 0.79751
104.5 8.99405 14 0.79774
104.6 9.00420 14 0.79832
104.7 9.00685 14 0.79847
104.8 8.98245 14 0.79708
104.9 8.98538 14 0.79724
105.0 8.99446 14 0.79776
105.1 9.00307 14 0.79825
105.2 9.00611 14 0.79843
105.3 9.02612 14 0.79957
105.4 9.03551 14 0.80010
105.5 9.04972 14 0.80091
105.6 9.05959 14 0.80147
105.7 9.07288 14 0.80223
105.8 9.08083 14 0.80268
105.9 9.09613 14 0.80355
106.0 9.10005 14 0.80377
106.1 9.11805 14 0.80479
106.2 9.12987 14 0.80546
106.3 9.13712 14 0.80587
106.4 9.14269 14 0.80619
106.5 9.15245 14 0.80674
106.6 9.16016 14 0.80718
106.7 9.17303 14 0.80790
106.8 9.18667 14 0.80867
106.9 9.19476 14 0.80913
107.0 9.19846 14 0.80934
107.1 9.20987 14 0.80998
107.2 9.20870 14 0.80991
107.3 9.22287 14 0.81071
107.4 9.23418 14 0.81135
107.5 9.24200 14 0.81179
107.6 9.25709 14 0.81264
107.7 9.26785 14 0.81324
107.8 9.26935 14 0.81332
107.9 9.28261 14 0.81407
108.0 9.23289 14 0.81128
108.1 9.25095 14 0.81229
108.2 9.26287 14 0.81296
108.3 9.27211 14 0.81348
108.4 9.27486 14 0.81363
108.5 9.28908 14 0.81443
108.6 9.28773 14 0.81436
108.7 9.29692 14 0.81487
108.8 9.31591 14 0.81593
108.9 9.32103 14 0.81622
109.0 9.33806 14 0.81717
109.1 9.34657 14 0.81765
109.2 9.35339 14 0.81803
109.3 9.35442 14 0.81809
109.4 9.36941 14 0.81892
109.5 9.37694 14 0.81934
109.6 9.38253 14 0.81965
109.7 9.38565 14 0.81983
109.8 9.41902 14 0.82169
109.9 9.42889 14 0.82224
110.0 9.43511 14 0.82258
110.1 9.43738 14 0.82271
110.2 9.44782 14 0.82329
110.3 9.45726 14 0.82381
110.4 9.46124 14 0.82403
110.5 9.47622 14 0.82487
110.6 9.48070 14 0.82512
110.7 9.48044 14 0.82510
110.8 9.51532 14 0.82703
110.9 9.51884 14 0.82723
111.0 9.51727 14 0.82714
111.1 9.52439 14 0.82754
111.2 9.53511 14 0.82813
111.3 9.53277 14 0.82800
111.4 9.51613 14 0.82708
111.5 9.51969 14 0.82728
111.6 9.52386 14 0.82751
111.7 9.52248 14 0.82743
111.8 9.53582 14 0.82817
111.9 9.53321 14 0.82802
112.0 9.54958 14 0.82893
112.1 9.54819 14 0.82885
112.2 9.56280 14 0.82966
112.3 9.56004 14 0.82951
112.4 9.57872 14 0.83054
112.5 9.58532 14 0.83090
112.6 9.60447 14 0.83196
112.7 9.60749 14 0.83212
112.8 9.62738 14 0.83322
112.9 9.62930 14 0.83332
113.0 9.65067 14 0.83450
113.1 9.65305 14 0.83463
113.2 9.67454 14 0.83581
113.3 9.67928 14 0.83607
113.4 9.69733 14 0.83706
113.5 9.70937 14 0.83771
113.6 9.71688 14 0.83813
113.7 9.72200 14 0.83840
113.8 9.73592 14 0.83917
113.9 9.72432 14 0.83853
114.0 9.73393 14 0.83906
114.1 9.76071 14 0.84052
114.2 9.76604 14 0.84081
114.3 9.78334 14 0.84175
114.4 9.79116 14 0.84218
114.5 9.79481 14 0.84238
114.6 9.80472 14 0.84292
114.7 9.81153 14 0.84329
114.8 9.81240 14 0.84333
114.9 9.78130 14 0.84164
115.0 9.78931 14 0.84208
115.1 9.79481 14 0.84238
115.2 9.79530 14 0.84240
115.3 9.80990 14 0.84320
115.4 9.80928 14 0.84316
115.5 9.81335 14 0.84339
115.6 9.83145 14 0.84437
115.7 9.84254 14 0.84497
115.8 9.83962 14 0.84481
115.9 9.85268 14 0.84552
116.0 9.86388 14 0.84613
116.1 9.87409 14 0.84668
116.2 9.88371 14 0.84720
116.3 9.89292 14 0.84770
116.4 9.90178 14 0.84818
116.5 9.91008 14 0.84863
116.6 9.91798 14 0.84906
116.7 9.92502 14 0.84944
116.8 9.93067 14 0.84974
116.9 9.93638 14 0.85005
117.0 9.95833 14 0.85124
117.1 9.96262 14 0.85147
117.2 9.96473 14 0.85158
117.3 9.98005 14 0.85241
117.4 9.98583 14 0.85272
117.5 9.98761 14 0.85281
117.6 9.99878 14 0.85342
117.7 10.03292 14 0.85525
117.8 10.04047 14 0.85566
117.9 10.04611 14 0.85596
118.0 10.04978 14 0.85616
118.1 10.05757 14 0.85657
118.2 10.06287 14 0.85686
118.3 10.07344 14 0.85742
118.4 10.07082 14 0.85728
118.5 10.08529 14 0.85806
118.6 10.04798 14 0.85606
118.7 10.04742 14 0.85603
118.8 10.05961 14 0.85668
118.9 10.06906 14 0.85719
119.0 10.07402 14 0.85745
119.1 10.08612 14 0.85810
119.2 10.09044 14 0.85833
119.3 10.09016 14 0.85832
119.4 10.10281 14 0.85899
119.5 10.13081 14 0.86049
119.6 10.13500 14 0.86071
119.7 10.13979 14 0.86097
119.8 10.13783 14 0.86087
119.9 10.15122 14 0.86158
120.0 10.15028 14 0.86153
120.1 10.16422 14 0.86227
120.2 10.16749 14 0.86245
120.3 10.17750 14 0.86298
120.4 10.18259 14 0.86325
120.5 10.19385 14 0.86385
120.6 10.19869 14 0.86411
120.7 10.21720 14 0.86509
120.8 10.22058 14 0.86527
120.9 10.23977 14 0.86629
121.0 10.24238 14 0.86643
121.1 10.26330 14 0.86754
121.2 10.26944 14 0.86786
121.3 10.28791 14 0.86884
121.4 10.29708 14 0.86933
121.5 10.31224 14 0.87013
121.6 10.31432 14 0.87024
121.7 10.30597 14 0.86980
121.8 10.30609 14 0.86980
121.9 10.31785 14 0.87043
122.0 10.32981 14 0.87106
122.1 10.34163 14 0.87168
122.2 10.35170 14 0.87222
122.3 10.36085 14 0.87270
122.4 10.30484 14 0.86974
122.5 10.30392 14 0.86969
122.6 10.31547 14 0.87030
122.7 10.32760 14 0.87094
122.8 10.33934 14 0.87156
122.9 10.34955 14 0.87210
123.0 10.35878 14 0.87259
123.1 10.36722 14 0.87304
123.2 10.37477 14 0.87343
123.3 10.38096 14 0.87376
123.4 10.38618 14 0.87404
123.5 10.39075 14 0.87428
123.6 10.40431 14 0.87499
123.7 10.41781 14 0.87570
123.8 10.44433 14 0.87710
123.9 10.45889 14 0.87786
124.0 10.44940 14 0.87736
124.1 10.44913 14 0.87735
124.2 10.46369 14 0.87811
124.3 10.47684 14 0.87880
124.4 10.48759 14 0.87937
124.5 10.49731 14 0.87988
124.6 10.50667 14 0.88037
124.7 10.51576 14 0.88084
124.8 10.52469 14 0.88131
124.9 10.53351 14 0.88177
125.0 10.54210 14 0.88222
125.1 10.55075 14 0.88267
125.2 10.55930 14 0.88312
125.3 10.56773 14 0.88356
125.4 10.57598 14 0.88399
125.5 10.58375 14 0.88439
125.6 10.59124 14 0.88478
125.7 10.59784 14 0.88513
125.8 10.60242 14 0.88537
125.9 10.60480 14 0.88549
126.0 10.62426 14 0.88650
126.1 10.62375 14 0.88648
126.2 10.64005 14 0.88732
126.3 10.64581 14 0.88762
126.4 10.64538 14 0.88760
126.5 10.59953 14 0.88522
126.6 10.60331 14 0.88541
126.7 10.60733 14 0.88562
126.8 10.62338 14 0.88646
126.9 10.63332 14 0.88697
127.0 10.64173 14 0.88741
127.1 10.64667 14 0.88767
127.2 10.64526 14 0.88759
127.3 10.66241 14 0.88849
127.4 10.67030 14 0.88890
127.5 10.70426 14 0.89066
127.6 10.70473 14 0.89068
127.7 10.71467 14 0.89119
127.8 10.71524 14 0.89122
127.9 10.72527 14 0.89174
128.0 10.73420 14 0.89221
128.1 10.73996 14 0.89250
128.2 10.73673 14 0.89234
128.3 10.75241 14 0.89315
128.4 10.75708 14 0.89339
128.5 10.76444 14 0.89377
128.6 10.79941 14 0.89557
128.7 10.79532 14 0.89536
128.8 10.80496 14 0.89586
128.9 10.81037 14 0.89614
129.0 10.80975 14 0.89611
129.1 10.82071 14 0.89667
129.2 10.82316 14 0.89680
129.3 10.83286 14 0.89729
129.4 10.83926 14 0.89762
129.5 10.83792 14 0.89755
129.6 10.85253 14 0.89831
129.7 10.86100 14 0.89874
129.8 10.86744 14 0.89907
129.9 10.88318 14 0.89988
130.0 10.88603 14 0.90003
130.1 10.90515 14 0.90101
130.2 10.90712 14 0.90111
130.3 10.92849 14 0.90220
130.4 10.93383 14 0.90248
130.5 10.95347 14 0.90348
130.6 10.96298 14 0.90397
130.7 10.88037 14 0.89974
130.8 10.88029 14 0.89973
130.9 10.90153 14 0.90082
131.0 10.90737 14 0.90112
131.1 10.92421 14 0.90198
131.2 10.92845 14 0.90220
131.3 10.94903 14 0.90325
131.4 10.95326 14 0.90347
131.5 10.97378 14 0.90452
131.6 10.95571 14 0.90359
131.7 10.96473 14 0.90405
131.8 10.96398 14 0.90402
131.9 10.97865 14 0.90477
132.0 10.99276 14 0.90549
132.1 11.00348 14 0.90603
132.2 11.01285 14 0.90651
132.3 11.01900 14 0.90682
132.4 11.02131 14 0.90694
132.5 11.03797 14 0.90779
132.6 11.04641 14 0.90822
132.7 11.05424 14 0.90862
132.8 11.06298 14 0.90906
132.9 11.07126 14 0.90948
133.0 11.06998 14 0.90942
133.1 11.08845 14 0.91036
133.2 11.09622 14 0.91075
133.3 11.10352 14 0.91112
133.4 11.10955 14 0.91143
133.5 11.11359 14 0.91163
133.6 11.11373 14 0.91164
133.7 11.13144 14 0.91253
133.8 11.13940 14 0.91294
133.9 11.15687 14 0.91382
134.0 11.16736 14 0.91435
134.1 11.17693 14 0.91484
134.2 11.18598 14 0.91529
134.3 11.19475 14 0.91574
134.4 11.19366 14 0.91568
134.5 11.20848 14 0.91643
134.6 11.21731 14 0.91687
134.7 11.22601 14 0.91731
134.8 11.23453 14 0.91774
134.9 11.24290 14 0.91816
135.0 11.25113 14 0.91858
135.1 11.25920 14 0.91898
135.2 11.19407 14 0.91570
135.3 11.20029 14 0.91602
135.4 11.20942 14 0.91648
135.5 11.21809 14 0.91691
135.6 11.22665 14 0.91735
135.7 11.23504 14 0.91777
135.8 11.24328 14 0.91818
135.9 11.25138 14 0.91859
136.0 11.25933 14 0.91899
136.1 11.26690 14 0.91937
136.2 11.27440 14 0.91975
136.3 11.27793 14 0.91993
136.4 11.29401 14 0.92074
136.5 11.30178 14 0.92113
136.6 11.30934 14 0.92151
136.7 11.31633 14 0.92186
136.8 11.32291 14 0.92219
136.9 11.32853 14 0.92247
137.0 11.33197 14 0.92265
137.1 11.33443 14 0.92277
137.2 11.35228 14 0.92366
137.3 11.35981 14 0.92404
137.4 11.36531 14 0.92432
137.5 11.36706 14 0.92441
137.6 11.37260 14 0.92468
137.7 11.38568 14 0.92534
137.8 11.39302 14 0.92571
137.9 11.43047 14 0.92758
138.0 11.43220 14 0.92766
138.1 11.44005 14 0.92806
138.2 11.44371 14 0.92824
138.3 11.43993 14 0.92805
138.4 11.45499 14 0.92880
138.5 11.46449 14 0.92928
138.6 11.46816 14 0.92946
138.7 11.46485 14 0.92929
138.8 11.48136 14 0.93012
138.9 11.48011 14 0.93006
139.0 11.49111 14 0.93060
139.1 11.49766 14 0.93093
139.2 11.52983 14 0.93253
139.3 11.53620 14 0.93285
139.4 11.52786 14 0.93243
139.5 11.54325 14 0.93320
139.6 11.53701 14 0.93289
139.7 11.55385 14 0.93372
139.8 11.55511 14 0.93379
139.9 11.56505 14 0.93428
140.0 11.49421 14 0.93076
140.1 11.53119 14 0.93260
140.2 11.52300 14 0.93219
140.3 11.53608 14 0.93284
140.4 11.54081 14 0.93308
140.5 11.54311 14 0.93319
140.6 11.54995 14 0.93353
140.7 11.55523 14 0.93379
140.8 11.55269 14 0.93367
140.9 11.56721 14 0.93439
141.0 11.57273 14 0.93466
141.1 11.57280 14 0.93466
141.2 11.58566 14 0.93530
141.3 11.58605 14 0.93532
141.4 11.60535 14 0.93628
141.5 11.60981 14 0.93650
141.6 11.62464 14 0.93723
141.7 11.63713 14 0.93785
141.8 11.64505 14 0.93824
141.9 11.66003 14 0.93898
142.0 11.66951 14 0.93945
142.1 11.68378 14 0.94015
142.2 11.69538 14 0.94073
142.3 11.67524 14 0.93973
142.4 11.68473 14 0.94020
142.5 11.69335 14 0.94063
142.6 11.69460 14 0.94069
142.7 11.71176 14 0.94153
142.8 11.72328 14 0.94210
142.9 11.73253 14 0.94256
143.0 11.73077 14 0.94247
143.1 11.74181 14 0.94301
143.2 11.75463 14 0.94364
143.3 11.76517 14 0.94416
143.4 11.77474 14 0.94463
143.5 11.78377 14 0.94508
143.6 11.79239 14 0.94550
143.7 11.80072 14 0.94591
143.8 11.80884 14 0.94631
143.9 11.81677 14 0.94669
144.0 11.82451 14 0.94707
144.1 11.83183 14 0.94743
144.2 11.83907 14 0.94779
144.3 11.84593 14 0.94812
144.4 11.85226 14 0.94843
144.5 11.85788 14 0.94871
144.6 11.86195 14 0.94891
144.7 11.86475 14 0.94904
144.8 11.88104 14 0.94984
144.9 11.89033 14 0.95029
145.0 11.82215 14 0.94696
145.1 11.82944 14 0.94732
145.2 11.83665 14 0.94767
145.3 11.84355 14 0.94801
145.4 11.84999 14 0.94832
145.5 11.85581 14 0.94861
145.6 11.86064 14 0.94884
145.7 11.86321 14 0.94897
145.8 11.87173 14 0.94938
145.9 11.88702 14 0.95013
146.0 11.89419 14 0.95048
146.1 11.89799 14 0.95067
146.2 11.89990 14 0.95076
146.3 11.92554 14 0.95201
146.4 11.92538 14 0.95200
146.5 11.93840 14 0.95264
146.6 11.94731 14 0.95307
146.7 11.95582 14 0.95349
146.8 11.96410 14 0.95389
146.9 11.97221 14 0.95429
147.0 11.97694 14 0.95452
147.1 11.98001 14 0.95466
147.2 11.98494 14 0.95490
147.3 11.99287 14 0.95529
147.4 12.00209 14 0.95574
147.5 12.00811 14 0.95603
147.6 11.81019 14 0.94637
147.7 11.81784 14 0.94675
147.8 11.82531 14 0.94711
147.9 11.83416 14 0.94755
148.0 11.84107 14 0.94788
148.1 11.84759 14 0.94820
148.2 11.85358 14 0.94850
148.3 11.85885 14 0.94875
148.4 11.86300 14 0.94896
148.5 11.86903 14 0.94925
148.6 11.88582 14 0.95007
148.7 11.89292 14 0.95042
148.8 11.89723 14 0.95063
148.9 11.89967 14 0.95075
149.0 11.92627 14 0.95205
149.1 11.92510 14 0.95199
149.2 11.93892 14 0.95266
149.3 11.94768 14 0.95309
149.4 11.95867 14 0.95363
149.5 11.96676 14 0.95402
149.6 11.97473 14 0.95441
149.7 11.97755 14 0.95454
149.8 11.98265 14 0.95479
149.9 11.98928 14 0.95512
150.0 11.99878 14 0.95558
150.1 12.00501 14 0.95588
150.2 11.80663 14 0.94620
150.3 11.93773 14 0.95261
150.4 11.94641 14 0.95303
150.5 11.95731 14 0.95356
150.6 11.96531 14 0.95395
150.7 11.97316 14 0.95433
150.8 11.97708 14 0.95452
150.9 11.98175 14 0.95475
151.0 11.98711 14 0.95501
151.1 11.99545 14 0.95542
151.2 12.00301 14 0.95578
151.3 11.80435 14 0.94609
151.4 11.81432 14 0.94657
151.5 11.82165 14 0.94693
151.6 11.83043 14 0.94736
151.7 11.83729 14 0.94770
151.8 11.84385 14 0.94802
151.9 11.85188 14 0.94841
152.0 11.85723 14 0.94868
152.1 11.81506 14 0.94661
152.2 11.82243 14 0.94697
152.3 11.83123 14 0.94740
152.4 11.83811 14 0.94774
152.5 11.84670 14 0.94816
152.6 11.85265 14 0.94845
152.7 11.85793 14 0.94871
152.8 11.86259 14 0.94894
152.9 11.86625 14 0.94912
153.0 12.00219 14 0.95574
153.1 12.00793 14 0.95602
153.2 11.81212 14 0.94647
153.3 11.81944 14 0.94683
153.4 11.82658 14 0.94718
153.5 11.83510 14 0.94759
153.6 11.84170 14 0.94792
153.7 11.84989 14 0.94832
153.8 11.85554 14 0.94859
153.9 11.81252 14 0.94649
154.0 11.81988 14 0.94685
154.1 11.82707 14 0.94720
154.2 11.83561 14 0.94762
154.3 11.84224 14 0.94794
154.4 11.85042 14 0.94834
154.5 11.85594 14 0.94861
154.6 11.86056 14 0.94884
154.7 11.86347 14 0.94898
154.8 11.99920 14 0.95560
154.9 12.00516 14 0.95589
155.0 11.80654 14 0.94619
155.1 11.81631 14 0.94667
155.2 11.82346 14 0.94702
155.3 11.83204 14 0.94744
155.4 11.83871 14 0.94777
155.5 11.84709 14 0.94818
155.6 11.85298 14 0.94847
155.7 11.85820 14 0.94872
155.8 11.81640 14 0.94668
155.9 11.82360 14 0.94703
156.0 11.83222 14 0.94745
156.1 11.83893 14 0.94778
156.2 11.84735 14 0.94819
156.3 11.85313 14 0.94848
156.4 11.85826 14 0.94873
156.5 11.86273 14 0.94894
156.6 11.86635 14 0.94912
156.7 12.00259 14 0.95576
156.8 12.00814 14 0.95603
156.9 11.81223 14 0.94647
157.0 11.81941 14 0.94682
157.1 11.82642 14 0.94717
157.2 11.83482 14 0.94758
157.3 11.84131 14 0.94790
157.4 11.84955 14 0.94830
157.5 11.85525 14 0.94858
157.6 11.81197 14 0.94646
157.7 11.81920 14 0.94681
157.8 11.82627 14 0.94716
157.9 11.83472 14 0.94757
158.0 11.84127 14 0.94789
158.1 11.84943 14 0.94829
158.2 11.85495 14 0.94856
158.3 11.85987 14 0.94880
158.4 11.86330 14 0.94897
158.5 11.99645 14 0.95546
158.6 12.00364 14 0.95581
158.7 11.80475 14 0.94611
158.8 11.81444 14 0.94658
158.9 11.82150 14 0.94693
159.0 11.82821 14 0.94725
159.1 11.83665 14 0.94767
159.2 11.84313 14 0.94799
159.3 11.85127 14 0.94838
159.4 11.85661 14 0.94865
159.5 11.81387 14 0.94655
159.6 11.82100 14 0.94690
159.7 11.82796 14 0.94724
159.8 11.83628 14 0.94765
159.9 11.84269 14 0.94796
160.0 11.85066 14 0.94835
160.1 11.85612 14 0.94862
160.2 11.86073 14 0.94885
160.3 11.86349 14 0.94898
160.4 11.99915 14 0.95559
160.5 12.00492 14 0.95588
160.6 11.80607 14 0.94617
160.7 11.81565 14 0.94664
160.8 11.82262 14 0.94698
160.9 11.83104 14 0.94739
161.0 11.83771 14 0.94772
161.1 11.84626 14 0.94814
161.2 11.85207 14 0.94842
161.3 11.85727 14 0.94868
161.4 11.81479 14 0.94660
161.5 11.82183 14 0.94694
161.6 11.83032 14 0.94736
161.7 11.83692 14 0.94768
161.8 11.84325 14 0.94799
161.9 11.85123 14 0.94838
162.0 11.85657 14 0.94864
162.1 11.86191 14 0.94890
162.2 11.86352 14 0.94898
162.3 11.99959 14 0.95562
162.4 12.00527 14 0.95589
162.5 11.80639 14 0.94619
162.6 11.81589 14 0.94665
162.7 11.82279 14 0.94699
162.8 11.83129 14 0.94741
162.9 11.83789 14 0.94773
163.0 11.84637 14 0.94814
163.1 11.85212 14 0.94843
163.2 11.85727 14 0.94868
163.3 11.81471 14 0.94659
163.4 11.82169 14 0.94694
163.5 11.82831 14 0.94726
163.6 11.83667 14 0.94767
163.7 11.84294 14 0.94798
163.8 11.85104 14 0.94837
163.9 11.85635 14 0.94863
164.0 11.86082 14 0.94885
164.1 11.86349 14 0.94898
164.2 11.99908 14 0.95559
164.3 12.00473 14 0.95587
164.4 11.80573 14 0.94615
164.5 11.81518 14 0.94662
164.6 11.82203 14 0.94695
164.7 11.83064 14 0.94737
164.8 11.83721 14 0.94770
164.9 11.84349 14 0.94800
165.0 11.85143 14 0.94839
165.1 11.85662 14 0.94865
165.2 11.81369 14 0.94654
165.3 11.82062 14 0.94688
165.4 11.82739 14 0.94721
165.5 11.83555 14 0.94761
165.6 11.84196 14 0.94793
165.7 11.85009 14 0.94833
165.8 11.85547 14 0.94859
165.9 11.86012 14 0.94882
166.0 11.86333 14 0.94897
166.1 11.99635 14 0.95546
166.2 12.00329 14 0.95580
166.3 12.00957 14 0.95610
166.4 11.81354 14 0.94654
166.5 11.82052 14 0.94688
166.6 11.82733 14 0.94721
166.7 11.83568 14 0.94762
166.8 11.84198 14 0.94793
166.9 11.84989 14 0.94832
167.0 11.85532 14 0.94858
167.1 11.81173 14 0.94645
167.2 11.81863 14 0.94679
167.3 11.82539 14 0.94712
167.4 11.83357 14 0.94752
167.5 11.84015 14 0.94784
167.6 11.84826 14 0.94824
167.7 11.85389 14 0.94851
167.8 11.85876 14 0.94875
167.9 11.86283 14 0.94895
168.0 11.99382 14 0.95534
168.1 12.00213 14 0.95574
168.2 12.00739 14 0.95600
168.3 11.80855 14 0.94629
168.4 11.81795 14 0.94675
168.5 11.82492 14 0.94709
168.6 11.83315 14 0.94750
168.7 11.83965 14 0.94782
168.8 11.84770 14 0.94821
168.9 11.85318 14 0.94848
169.0 11.85807 14 0.94872
169.1 11.81574 14 0.94664
169.2 11.82249 14 0.94697
169.3 11.83086 14 0.94739
169.4 11.83735 14 0.94770
169.5 11.84369 14 0.94801
169.6 11.85143 14 0.94839
169.7 11.85656 14 0.94864
169.8 11.86087 14 0.94885
169.9 11.86348 14 0.94898
170.0 11.99879 14 0.95558
170.1 12.00427 14 0.95584
170.2 11.80503 14 0.94612
170.3 11.81446 14 0.94658
170.4 11.82145 14 0.94692
170.5 11.82812 14 0.94725
170.6 11.83631 14 0.94765
170.7 11.84247 14 0.94795
170.8 11.85023 14 0.94833
170.9 11.85553 14 0.94859
171.0 11.81189 14 0.94646
171.1 11.81867 14 0.94679
171.2 11.82545 14 0.94712
171.3 11.83365 14 0.94752
171.4 11.84011 14 0.94784
171.5 11.84812 14 0.94823
171.6 11.85367 14 0.94850
171.7 11.85848 14 0.94874
171.8 11.86267 14 0.94894
171.9 11.86623 14 0.94912
172.0 12.00128 14 0.95570
172.1 12.00652 14 0.95595
172.2 11.80777 14 0.94625
172.3 11.81707 14 0.94671
172.4 11.82378 14 0.94704
172.5 11.83208 14 0.94744
172.6 11.83836 14 0.94775
172.7 11.84654 14 0.94815
172.8 11.85202 14 0.94842
172.9 11.85696 14 0.94866
173.0 11.81393 14 0.94656
173.1 11.82075 14 0.94689
173.2 11.82743 14 0.94722
173.3 11.83564 14 0.94762
173.4 11.84181 14 0.94792
173.5 11.84975 14 0.94831
173.6 11.85498 14 0.94857
173.7 11.85956 14 0.94879
173.8 11.86308 14 0.94896
173.9 11.99479 14 0.95538
174.0 12.00285 14 0.95577
174.1 12.00798 14 0.95602
174.2 11.81178 14 0.94645
174.3 11.81854 14 0.94678
174.4 11.82530 14 0.94711
174.5 11.83335 14 0.94751
174.6 11.83966 14 0.94782
174.7 11.84756 14 0.94820
174.8 11.85290 14 0.94846
174.9 11.85770 14 0.94870
175.0 11.81498 14 0.94661
175.1 11.82188 14 0.94694
175.2 11.82827 14 0.94726
175.3 11.83657 14 0.94766
175.4 11.84265 14 0.94796
175.5 11.85046 14 0.94834
175.6 11.85557 14 0.94859
175.7 11.86002 14 0.94881
175.8 11.86324 14 0.94897
175.9 11.99546 14 0.95542
176.0 12.00361 14 0.95581
176.1 12.00870 14 0.95606
176.2 11.81238 14 0.94648
176.3 11.81906 14 0.94681
176.4 11.82576 14 0.94713
176.5 11.83373 14 0.94753
176.6 11.83997 14 0.94783
176.7 11.84779 14 0.94821
176.8 11.85307 14 0.94847
176.9 11.85780 14 0.94870
177.0 11.81539 14 0.94663
177.1 11.82206 14 0.94695
177.2 11.82855 14 0.94727
177.3 11.83663 14 0.94767
177.4 11.84264 14 0.94796
177.5 11.85041 14 0.94834
177.6 11.85547 14 0.94859
177.7 11.85991 14 0.94881
177.8 11.86320 14 0.94897
177.9 11.99511 14 0.95540
178.0 12.00337 14 0.95580
178.1 12.00830 14 0.95604
178.2 11.81202 14 0.94646
178.3 11.81865 14 0.94679
178.4 11.82530 14 0.94711
178.5 11.83322 14 0.94750
178.6 11.83929 14 0.94780
178.7 11.84724 14 0.94819
178.8 11.85251 14 0.94844
178.9 11.85738 14 0.94868
179.0 11.81453 14 0.94658
179.1 11.82131 14 0.94692
179.2 11.82779 14 0.94723
179.3 11.83581 14 0.94763
179.4 11.84181 14 0.94792
179.5 11.84960 14 0.94830
179.6 11.85470 14 0.94855
179.7 11.85921 14 0.94877
179.8 11.86291 14 0.94895
179.9 11.99393 14 0.95534
180.0 12.00216 14 0.95574
180.1 12.00721 14 0.95599
180.2 11.80829 14 0.94628
180.3 11.81733 14 0.94672
180.4 11.82394 14 0.94705
180.5 11.83186 14 0.94743
180.6 11.83792 14 0.94773
180.7 11.84373 14 0.94801
180.8 11.85125 14 0.94838
180.9 11.85621 14 0.94863
181.0 11.81290 14 0.94650
181.1 11.81950 14 0.94683
181.2 11.82611 14 0.94715
181.3 11.83399 14 0.94754
181.4 11.84016 14 0.94784
181.5 11.84790 14 0.94822
181.6 11.85311 14 0.94847
181.7 11.85789 14 0.94871
181.8 11.86231 14 0.94892
181.9 11.86507 14 0.94906
182.0 11.99991 14 0.95563
182.1 12.00527 14 0.95589
182.2 11.80591 14 0.94616
182.3 11.81511 14 0.94661
182.4 11.82155 14 0.94693
182.5 11.82786 14 0.94724
182.6 11.83572 14 0.94762
182.7 11.84158 14 0.94791
182.8 11.84912 14 0.94828
182.9 11.85437 14 0.94854
183.0 11.80775 14 0.94625
183.1 11.81695 14 0.94670
183.2 11.82340 14 0.94702
183.3 11.83148 14 0.94742
183.4 11.83754 14 0.94771
183.5 11.84349 14 0.94800
183.6 11.85090 14 0.94837
183.7 11.85579 14 0.94861
183.8 11.86013 14 0.94882
183.9 11.86327 14 0.94897
184.0 11.99566 14 0.95543
184.1 12.00355 14 0.95581
184.2 12.00829 14 0.95604
184.3 11.81183 14 0.94645
184.4 11.81828 14 0.94677
184.5 11.82476 14 0.94709
184.6 11.83254 14 0.94747
184.7 11.83846 14 0.94776
184.8 11.84645 14 0.94815
184.9 11.85177 14 0.94841
185.0 11.85670 14 0.94865
185.1 11.81334 14 0.94653
185.2 11.81997 14 0.94685
185.3 11.82630 14 0.94716
185.4 11.83406 14 0.94754
185.5 11.84011 14 0.94784
185.6 11.84776 14 0.94821
185.7 11.85289 14 0.94846
185.8 11.85772 14 0.94870
185.9 11.86224 14 0.94892
186.0 11.86434 14 0.94902
186.1 11.99944 14 0.95561
186.2 12.00472 14 0.95587
186.3 11.80519 14 0.94613
186.4 11.81412 14 0.94656
186.5 11.82062 14 0.94688
186.6 11.82683 14 0.94719
186.7 11.83448 14 0.94756
186.8 11.84055 14 0.94786
186.9 11.84821 14 0.94823
187.0 11.85345 14 0.94849
187.1 11.85804 14 0.94872
187.2 11.81546 14 0.94663
187.3 11.82182 14 0.94694
187.4 11.82805 14 0.94725
187.5 11.83584 14 0.94763
187.6 11.84162 14 0.94791
187.7 11.84910 14 0.94828
187.8 11.85430 14 0.94853
187.9 11.85881 14 0.94875
188.0 11.86276 14 0.94895
188.1 11.86623 14 0.94912
188.2 12.00093 14 0.95568
188.3 12.00604 14 0.95593
188.4 11.80658 14 0.94619
188.5 11.81558 14 0.94664
188.6 11.82184 14 0.94694
188.7 11.82796 14 0.94724
188.8 11.83580 14 0.94763
188.9 11.84163 14 0.94791
189.0 11.84915 14 0.94828
189.1 11.85427 14 0.94853
189.2 11.80743 14 0.94624
189.3 11.81645 14 0.94668
189.4 11.82273 14 0.94699
189.5 11.82885 14 0.94729
189.6 11.83658 14 0.94767
189.7 11.84228 14 0.94794
189.8 11.84978 14 0.94831
189.9 11.85488 14 0.94856
190.0 11.85927 14 0.94878
190.1 11.86293 14 0.94895
190.2 11.99371 14 0.95533
190.3 12.00164 14 0.95572
190.4 12.00648 14 0.95595
190.5 11.80702 14 0.94622
190.6 11.81594 14 0.94665
190.7 11.82214 14 0.94696
190.8 11.82820 14 0.94725
190.9 11.83612 14 0.94764
191.0 11.84188 14 0.94792
191.1 11.84933 14 0.94829
191.2 11.85439 14 0.94854
191.3 11.80754 14 0.94624
191.4 11.81650 14 0.94668
191.5 11.82273 14 0.94699
191.6 11.82879 14 0.94728
191.7 11.83647 14 0.94766
191.8 11.84212 14 0.94794
191.9 11.84972 14 0.94831
192.0 11.85477 14 0.94856
192.1 11.85914 14 0.94877
192.2 11.86287 14 0.94895
192.3 11.86625 14 0.94912
192.4 12.00126 14 0.95570
192.5 12.00609 14 0.95593
192.6 11.80652 14 0.94619
192.7 11.81540 14 0.94663
192.8 11.82155 14 0.94693
192.9 11.82775 14 0.94723
193.0 11.83563 14 0.94762
193.1 11.84136 14 0.94790
193.2 11.84880 14 0.94826
193.3 11.85387 14 0.94851
193.4 11.85829 14 0.94873
193.5 11.81567 14 0.94664
193.6 11.82185 14 0.94694
193.7 11.82791 14 0.94724
193.8 11.83554 14 0.94761
193.9 11.84141 14 0.94790
194.0 11.84889 14 0.94827
194.1 11.85410 14 0.94852
194.2 11.85852 14 0.94874
194.3 11.86254 14 0.94894
194.4 11.86592 14 0.94910
194.5 11.99993 14 0.95563
194.6 12.00496 14 0.95588
194.7 11.80521 14 0.94613
194.8 11.81391 14 0.94655
194.9 11.82045 14 0.94687
195.0 11.82661 14 0.94718
195.1 11.83420 14 0.94755
195.2 11.84021 14 0.94784
195.3 11.84770 14 0.94821
195.4 11.85269 14 0.94845
195.5 11.85732 14 0.94868
195.6 11.81396 14 0.94656
195.7 11.82028 14 0.94687
195.8 11.82631 14 0.94716
195.9 11.83380 14 0.94753
196.0 11.84008 14 0.94784
196.1 11.84761 14 0.94820
196.2 11.85264 14 0.94845
196.3 11.85742 14 0.94868
196.4 11.86106 14 0.94886
196.5 11.86346 14 0.94898
196.6 11.99684 14 0.95548
196.7 12.00300 14 0.95578
196.8 12.00878 14 0.95606
196.9 11.81189 14 0.94646
197.0 11.81826 14 0.94677
197.1 11.82483 14 0.94709
197.2 11.83242 14 0.94746
197.3 11.83817 14 0.94774
197.4 11.84383 14 0.94802
197.5 11.85109 14 0.94838
197.6 11.85574 14 0.94860
197.7 11.80930 14 0.94633
197.8 11.81787 14 0.94675
197.9 11.82390 14 0.94704
198.0 11.83183 14 0.94743
198.1 11.83774 14 0.94772
198.2 11.84355 14 0.94801
198.3 11.85088 14 0.94836
198.4 11.85558 14 0.94860
198.5 11.85973 14 0.94880
198.6 11.86305 14 0.94896
198.7 11.99401 14 0.95534
198.8 12.00168 14 0.95572
198.9 12.00630 14 0.95594
199.0 11.80686 14 0.94621
199.1 11.81583 14 0.94665
199.2 11.82206 14 0.94695
199.3 11.82808 14 0.94725
199.4 11.83579 14 0.94763
199.5 11.84136 14 0.94790
199.6 11.84867 14 0.94826
199.7 11.85361 14 0.94850
199.8 11.85795 14 0.94871
199.9 11.81481 14 0.94660
200.0 11.82100 14 0.94690
200.1 11.82744 14 0.94722
200.2 11.83517 14 0.94760
200.3 11.84091 14 0.94788
200.4 11.84828 14 0.94824
200.5 11.85330 14 0.94848
200.6 11.85781 14 0.94870
200.7 11.86214 14 0.94892
200.8 11.86349 14 0.94898
200.9 11.99835 14 0.95556
201.0 12.00312 14 0.95579
201.1 12.00903 14 0.95607
201.2 11.81234 14 0.94648
201.3 11.81858 14 0.94678
201.4 11.82504 14 0.94710
201.5 11.83252 14 0.94747
201.6 11.83816 14 0.94774
201.7 11.84372 14 0.94801
201.8 11.85090 14 0.94837
201.9 11.85549 14 0.94859
202.0 11.80882 14 0.94630
202.1 11.81758 14 0.94673
202.2 11.82377 14 0.94704
202.3 11.83160 14 0.94742
202.4 11.83741 14 0.94771
202.5 11.84314 14 0.94799
202.6 11.85041 14 0.94834
202.7 11.85508 14 0.94857
202.8 11.85923 14 0.94877
202.9 11.86283 14 0.94895
203.0 11.86621 14 0.94911
203.1 12.00063 14 0.95567
203.2 12.00566 14 0.95591
203.3 11.80603 14 0.94617
203.4 11.81491 14 0.94660
203.5 11.82105 14 0.94690
203.6 11.82698 14 0.94720
203.7 11.83434 14 0.94756
203.8 11.84015 14 0.94784
203.9 11.84745 14 0.94820
204.0 11.85229 14 0.94843
204.1 11.85681 14 0.94866
204.2 11.81326 14 0.94652
204.3 11.81949 14 0.94683
204.4 11.82574 14 0.94713
204.5 11.83329 14 0.94750
204.6 11.83914 14 0.94779
204.7 11.84678 14 0.94816
204.8 11.85170 14 0.94841
204.9 11.85620 14 0.94863
205.0 11.86021 14 0.94882
205.1 11.86319 14 0.94897
205.2 11.99471 14 0.95538
205.3 12.00247 14 0.95576
205.4 12.00710 14 0.95598
205.5 11.80775 14 0.94625
205.6 11.81637 14 0.94668
205.7 11.82243 14 0.94697
205.8 11.82843 14 0.94727
205.9 11.83583 14 0.94763
206.0 11.84126 14 0.94789
206.1 11.84843 14 0.94825
206.2 11.85349 14 0.94849
206.3 11.85791 14 0.94871
206.4 11.81487 14 0.94660
206.5 11.82089 14 0.94690
206.6 11.82691 14 0.94719
206.7 11.83477 14 0.94758
206.8 11.84037 14 0.94785
206.9 11.84764 14 0.94821
207.0 11.85246 14 0.94844
207.1 11.85706 14 0.94867
207.2 11.86084 14 0.94885
207.3 11.86337 14 0.94898
207.4 11.99601 14 0.95544
207.5 12.00352 14 0.95581
207.6 12.00795 14 0.95602
207.7 11.80866 14 0.94630
207.8 11.81720 14 0.94672
207.9 11.82319 14 0.94701
208.0 11.82909 14 0.94730
208.1 11.83644 14 0.94766
208.2 11.84180 14 0.94792
208.3 11.84912 14 0.94828
208.4 11.85408 14 0.94852
208.5 11.85840 14 0.94873
208.6 11.81573 14 0.94664
208.7 11.82180 14 0.94694
208.8 11.82774 14 0.94723
208.9 11.83526 14 0.94760
209.0 11.84079 14 0.94787
209.1 11.84799 14 0.94822
209.2 11.85274 14 0.94846
209.3 11.85747 14 0.94869
209.4 11.86108 14 0.94886
209.5 11.86343 14 0.94898
209.6 11.99647 14 0.95546
209.7 12.00262 14 0.95576
209.8 12.00824 14 0.95604
209.9 11.80894 14 0.94631
210.0 11.81743 14 0.94673
210.1 11.82336 14 0.94702
210.2 11.82920 14 0.94730
210.3 11.83677 14 0.94767
210.4 11.84207 14 0.94793
210.5 11.84945 14 0.94830
210.6 11.85423 14 0.94853
210.7 11.85849 14 0.94874
210.8 11.81583 14 0.94665
210.9 11.82184 14 0.94694
211.0 11.82773 14 0.94723
211.1 11.83520 14 0.94760
211.2 11.84069 14 0.94787
211.3 11.84810 14 0.94823
211.4 11.85280 14 0.94846
211.5 11.85749 14 0.94869
211.6 11.86107 14 0.94886
211.7 11.86342 14 0.94898
211.8 11.99633 14 0.95546
211.9 12.00243 14 0.95575
212.0 12.00803 14 0.95603
212.1 11.80865 14 0.94630
212.2 11.81708 14 0.94671
212.3 11.82297 14 0.94700
212.4 11.82891 14 0.94729
212.5 11.83659 14 0.94767
212.6 11.84184 14 0.94792
212.7 11.84908 14 0.94828
212.8 11.85396 14 0.94852
212.9 11.85823 14 0.94872
213.0 11.81536 14 0.94663
213.1 11.82133 14 0.94692
213.2 11.82691 14 0.94719
213.3 11.83462 14 0.94757
213.4 11.84035 14 0.94785
213.5 11.84774 14 0.94821
213.6 11.85243 14 0.94844
213.7 11.85713 14 0.94867
213.8 11.86081 14 0.94885
213.9 11.86334 14 0.94897
214.0 11.99560 14 0.95542
214.1 12.00295 14 0.95578
214.2 12.00732 14 0.95599
214.3 11.80779 14 0.94625
214.4 11.81650 14 0.94668
214.5 11.82234 14 0.94697
214.6 11.82843 14 0.94727
214.7 11.83591 14 0.94763
214.8 11.84114 14 0.94789
214.9 11.84839 14 0.94824
215.0 11.85329 14 0.94848
215.1 11.85760 14 0.94869
215.2 11.81390 14 0.94655
215.3 11.82001 14 0.94685
215.4 11.82613 14 0.94715
215.5 11.83342 14 0.94751
215.6 11.83954 14 0.94781
215.7 11.84467 14 0.94806
215.8 11.85166 14 0.94840
215.9 11.85618 14 0.94862
216.0 11.86006 14 0.94881
216.1 11.86314 14 0.94896
216.2 11.99413 14 0.95535
216.3 12.00164 14 0.95572
216.4 12.00613 14 0.95593
216.5 11.80655 14 0.94619
216.6 11.81540 14 0.94663
216.7 11.82121 14 0.94691
216.8 11.82713 14 0.94720
216.9 11.83419 14 0.94755
217.0 11.83998 14 0.94783
217.1 11.84727 14 0.94819
217.2 11.85211 14 0.94842
217.3 11.85642 14 0.94864
217.4 11.81237 14 0.94648
217.5 11.81861 14 0.94678
217.6 11.82457 14 0.94708
217.7 11.83215 14 0.94745
217.8 11.83788 14 0.94773
217.9 11.84327 14 0.94799
218.0 11.85047 14 0.94834
218.1 11.85507 14 0.94857
218.2 11.85899 14 0.94876
218.3 11.86271 14 0.94894
218.4 11.86617 14 0.94911
218.5 12.00002 14 0.95564
218.6 12.00448 14 0.95585
218.7 11.80469 14 0.94610
218.8 11.81307 14 0.94651
218.9 11.81960 14 0.94683
219.0 11.82550 14 0.94712
219.1 11.83257 14 0.94747
219.2 11.83810 14 0.94774
219.3 11.84355 14 0.94801
219.4 11.85041 14 0.94834
219.5 11.85517 14 0.94857
219.6 11.80822 14 0.94628
219.7 11.81688 14 0.94670
219.8 11.82267 14 0.94698
219.9 11.82879 14 0.94728
220.0 11.83588 14 0.94763
220.1 11.84143 14 0.94790
220.2 11.84862 14 0.94825
220.3 11.85324 14 0.94848
220.4 11.85764 14 0.94870
220.5 11.86107 14 0.94886
220.6 11.86343 14 0.94898
220.7 11.99656 14 0.95547
220.8 12.00245 14 0.95576
220.9 12.00814 14 0.95603
221.0 11.80857 14 0.94629
221.1 11.81711 14 0.94671
221.2 11.82279 14 0.94699
221.3 11.82873 14 0.94728
221.4 11.83605 14 0.94764
221.5 11.84115 14 0.94789
221.6 11.84853 14 0.94825
221.7 11.85331 14 0.94848
221.8 11.85772 14 0.94870
221.9 11.81394 14 0.94656
222.0 11.82020 14 0.94686
222.1 11.82618 14 0.94716
222.2 11.83332 14 0.94751
222.3 11.83907 14 0.94779
222.4 11.84432 14 0.94804
222.5 11.85122 14 0.94838
222.6 11.85591 14 0.94861
222.7 11.85965 14 0.94879
222.8 11.86302 14 0.94896
222.9 11.99355 14 0.95532
223.0 12.00126 14 0.95570
223.1 12.00565 14 0.95591
223.2 11.80587 14 0.94616
223.3 11.81413 14 0.94656
223.4 11.82027 14 0.94687
223.5 11.82607 14 0.94715
223.6 11.83332 14 0.94751
223.7 11.83873 14 0.94777
223.8 11.84447 14 0.94805
223.9 11.85106 14 0.94837
224.0 11.85568 14 0.94860
224.1 11.80886 14 0.94631
224.2 11.81741 14 0.94673
224.3 11.82309 14 0.94700
224.4 11.82892 14 0.94729
224.5 11.83610 14 0.94764
224.6 11.84184 14 0.94792
224.7 11.84891 14 0.94827
224.8 11.85379 14 0.94851
224.9 11.85795 14 0.94871
225.0 11.86222 14 0.94892
225.1 11.86350 14 0.94898
225.2 11.99676 14 0.95548
225.3 12.00254 14 0.95576
225.4 12.00813 14 0.95603
225.5 11.80846 14 0.94629
225.6 11.81722 14 0.94672
225.7 11.82281 14 0.94699
225.8 11.82866 14 0.94728
225.9 11.83619 14 0.94765
226.0 11.84120 14 0.94789
226.1 11.84849 14 0.94825
226.2 11.85320 14 0.94848
226.3 11.85756 14 0.94869
226.4 11.81360 14 0.94654
226.5 11.81977 14 0.94684
226.6 11.82598 14 0.94715
226.7 11.83304 14 0.94749
226.8 11.83857 14 0.94776
226.9 11.84416 14 0.94804
227.0 11.85101 14 0.94837
227.1 11.85565 14 0.94860
227.2 11.85937 14 0.94878
227.3 11.86289 14 0.94895
227.4 11.86621 14 0.94911
227.5 12.00035 14 0.95565
227.6 12.00486 14 0.95587
227.7 11.80496 14 0.94612
227.8 11.81314 14 0.94652
227.9 11.81979 14 0.94684
228.0 11.82551 14 0.94712
228.1 11.83269 14 0.94747
228.2 11.83804 14 0.94774
228.3 11.84359 14 0.94801
228.4 11.85018 14 0.94833
228.5 11.85493 14 0.94856
228.6 11.80753 14 0.94624
228.7 11.81649 14 0.94668
228.8 11.82210 14 0.94696
228.9 11.82820 14 0.94725
229.0 11.83529 14 0.94760
229.1 11.84097 14 0.94788
229.2 11.84803 14 0.94823
229.3 11.85244 14 0.94844
229.4 11.85711 14 0.94867
229.5 11.86064 14 0.94884
229.6 11.86327 14 0.94897
229.7 11.99498 14 0.95539
229.8 12.00248 14 0.95576
229.9 12.00689 14 0.95597
230.0 11.80712 14 0.94622
230.1 11.81566 14 0.94664
230.2 11.82150 14 0.94693
230.3 11.82713 14 0.94720
230.4 11.83422 14 0.94755
230.5 11.83975 14 0.94782
230.6 11.84708 14 0.94818
230.7 11.85195 14 0.94842
230.8 11.85630 14 0.94863
230.9 11.81223 14 0.94647
231.0 11.81818 14 0.94676
231.1 11.82372 14 0.94703
231.2 11.83151 14 0.94742
231.3 11.83672 14 0.94767
231.4 11.84231 14 0.94795
231.5 11.84936 14 0.94829
231.6 11.85398 14 0.94852
231.7 11.85824 14 0.94873
231.8 11.86232 14 0.94892
231.9 11.86385 14 0.94900
232.0 11.99838 14 0.95556
232.1 12.00273 14 0.95577
232.2 12.00861 14 0.95605
232.3 11.80871 14 0.94630
232.4 11.81733 14 0.94672
232.5 11.82279 14 0.94699
232.6 11.82850 14 0.94727
232.7 11.83621 14 0.94765
232.8 11.84109 14 0.94789
232.9 11.84828 14 0.94824
233.0 11.85315 14 0.94848
233.1 11.85743 14 0.94869
233.2 11.81358 14 0.94654
233.3 11.81962 14 0.94683
233.4 11.82508 14 0.94710
233.5 11.83263 14 0.94747
233.6 11.83805 14 0.94774
233.7 11.84383 14 0.94802
233.8 11.85060 14 0.94835
233.9 11.85518 14 0.94858
234.0 11.85907 14 0.94877
234.1 11.86274 14 0.94895
234.2 11.86643 14 0.94913
234.3 11.99979 14 0.95563
234.4 12.00380 14 0.95582
234.5 12.00953 14 0.95610
234.6 11.81218 14 0.94647
234.7 11.81862 14 0.94679
234.8 11.82464 14 0.94708
234.9 11.83172 14 0.94743
235.0 11.83727 14 0.94770
235.1 11.84208 14 0.94793
235.2 11.84955 14 0.94830
235.3 11.85392 14 0.94851
235.4 11.85808 14 0.94872
235.5 11.81482 14 0.94660
235.6 11.82051 14 0.94688
235.7 11.82684 14 0.94719
235.8 11.83371 14 0.94752
235.9 11.83943 14 0.94780
236.0 11.84475 14 0.94806
236.1 11.85140 14 0.94839
236.2 11.85610 14 0.94862
236.3 11.85965 14 0.94879
236.4 11.86296 14 0.94896
236.5 11.86624 14 0.94912
236.6 12.00058 14 0.95566
236.7 12.00523 14 0.95589
236.8 11.80546 14 0.94614
236.9 11.81318 14 0.94652
237.0 11.81997 14 0.94685
237.1 11.82551 14 0.94712
237.2 11.83283 14 0.94748
237.3 11.83801 14 0.94773
237.4 11.84328 14 0.94799
237.5 11.85013 14 0.94833
237.6 11.85500 14 0.94857
237.7 11.80744 14 0.94624
237.8 11.81622 14 0.94667
237.9 11.82199 14 0.94695
238.0 11.82792 14 0.94724
238.1 11.83485 14 0.94758
238.2 11.84069 14 0.94787
238.3 11.84737 14 0.94819
238.4 11.85192 14 0.94842
238.5 11.85653 14 0.94864
238.6 11.86046 14 0.94883
238.7 11.86317 14 0.94897
238.8 11.99419 14 0.95535
238.9 12.00188 14 0.95573
239.0 12.00620 14 0.95594
239.1 11.80617 14 0.94617
239.2 11.81489 14 0.94660
239.3 11.82057 14 0.94688
239.4 11.82605 14 0.94715
239.5 11.83331 14 0.94751
239.6 11.83874 14 0.94777
239.7 11.84421 14 0.94804
239.8 11.85082 14 0.94836
239.9 11.85548 14 0.94859
240.0 11.80826 14 0.94628
240.1 11.81682 14 0.94670
240.2 11.82253 14 0.94698
240.3 11.82856 14 0.94727
240.4 11.83529 14 0.94760
240.5 11.84107 14 0.94788
240.6 11.84822 14 0.94823
240.7 11.85244 14 0.94844
240.8 11.85719 14 0.94867
240.9 11.86074 14 0.94885
241.0 11.86327 14 0.94897
241.1 11.99474 14 0.95538
241.2 12.00236 14 0.95575
241.3 12.00659 14 0.95596
241.4 11.80656 14 0.94619
241.5 11.81522 14 0.94662
241.6 11.82119 14 0.94691
241.7 11.82662 14 0.94718
241.8 11.83382 14 0.94753
241.9 11.83934 14 0.94780
242.0 11.84461 14 0.94806
242.1 11.85115 14 0.94838
242.2 11.85575 14 0.94860
242.3 11.80894 14 0.94631
242.4 11.81712 14 0.94671
242.5 11.82312 14 0.94701
242.6 11.82891 14 0.94729
242.7 11.83576 14 0.94762
242.8 11.84148 14 0.94791
242.9 11.84857 14 0.94825
243.0 11.85273 14 0.94846
243.1 11.85742 14 0.94868
243.2 11.86088 14 0.94885
243.3 11.86331 14 0.94897
243.4 11.99497 14 0.95539
243.5 12.00289 14 0.95578
243.6 12.00729 14 0.95599
243.7 11.80700 14 0.94622
243.8 11.81561 14 0.94664
243.9 11.82153 14 0.94693
244.0 11.82691 14 0.94719
244.1 11.83407 14 0.94754
244.2 11.83967 14 0.94782
244.3 11.84476 14 0.94807
244.4 11.85149 14 0.94839
244.5 11.85606 14 0.94862
244.6 11.80934 14 0.94633
244.7 11.81747 14 0.94673
244.8 11.82342 14 0.94702
244.9 11.82917 14 0.94730
245.0 11.83597 14 0.94764
245.1 11.84165 14 0.94791
245.2 11.84869 14 0.94826
245.3 11.85282 14 0.94846
245.4 11.85769 14 0.94870
245.5 11.86104 14 0.94886
245.6 11.86336 14 0.94898
245.7 11.99544 14 0.95541
245.8 12.00315 14 0.95579
245.9 12.00747 14 0.95600
246.0 11.80732 14 0.94623
246.1 11.81573 14 0.94664
246.2 11.82161 14 0.94693
246.3 11.82695 14 0.94719
246.4 11.83480 14 0.94758
246.5 11.83994 14 0.94783
246.6 11.84701 14 0.94818
246.7 11.85166 14 0.94840
246.8 11.85629 14 0.94863
246.9 11.80949 14 0.94634
247.0 11.81757 14 0.94673
247.1 11.82348 14 0.94702
247.2 11.82919 14 0.94730
247.3 11.83596 14 0.94763
247.4 11.84190 14 0.94793
247.5 11.84889 14 0.94827
247.6 11.85333 14 0.94848
247.7 11.85780 14 0.94870
247.8 11.86109 14 0.94886
247.9 11.86337 14 0.94898
248.0 11.99549 14 0.95542
248.1 12.00315 14 0.95579
248.2 12.00744 14 0.95600
248.3 11.80759 14 0.94624
248.4 11.81596 14 0.94665
248.5 11.82179 14 0.94694
248.6 11.82709 14 0.94720
248.7 11.83490 14 0.94758
248.8 11.84000 14 0.94783
248.9 11.84703 14 0.94818
249.0 11.85165 14 0.94840
249.1 11.85626 14 0.94863
249.2 11.80939 14 0.94633
249.3 11.81779 14 0.94674
249.4 11.82365 14 0.94703
249.5 11.82932 14 0.94731
249.6 11.83636 14 0.94765
249.7 11.84195 14 0.94793
249.8 11.84890 14 0.94827
249.9 11.85331 14 0.94848
250.0 11.85776 14 0.94870
