15.0 2.34105 13 0.10884
15.1 2.38528 13 0.11253
15.2 2.42991 13 0.11622
15.3 2.47496 13 0.11993
15.4 2.52718 14 0.12364
15.5 2.58869 14 0.12737
15.6 2.65134 14 0.13111
15.7 2.71513 14 0.13486
15.8 2.78007 14 0.13861
15.9 2.84619 14 0.14238
16.0 2.91348 14 0.14616
16.1 2.98384 14 0.14989
16.2 3.05364 14 0.15369
16.3 3.12465 14 0.15750
16.4 3.19690 14 0.16131
16.5 3.27038 14 0.16514
16.6 3.34511 14 0.16897
16.7 3.42110 14 0.17282
16.8 3.49837 14 0.17667
16.9 3.57692 14 0.18053
17.0 3.65677 14 0.18440
17.1 3.73793 14 0.18827
17.2 3.82041 14 0.19216
17.3 3.90422 14 0.19605
17.4 3.98741 14 0.19995
17.5 4.06010 14 0.20386
17.6 4.13358 14 0.20778
17.7 4.20785 14 0.21170
17.8 4.28291 14 0.21563
17.9 4.35877 14 0.21957
18.0 4.43541 14 0.22352
18.1 4.51285 14 0.22747
18.2 4.61642 14 0.23317
18.3 4.73423 14 0.23978
18.4 4.85414 14 0.24645
18.5 4.97619 14 0.25319
18.6 5.10040 14 0.26000
18.7 5.22679 14 0.26688
18.8 5.35540 14 0.27383
18.9 5.48623 14 0.28085
19.0 5.61932 14 0.28794
19.1 5.75470 14 0.29511
19.2 5.89238 14 0.30234
19.3 6.03241 14 0.30965
19.4 6.17479 14 0.31703
19.5 6.31956 14 0.32448
19.6 6.46675 14 0.33201
19.7 6.61637 14 0.33961
19.8 6.76847 14 0.34729
19.9 6.92306 14 0.35504
20.0 7.13983 14 0.36301
20.1 7.29875 14 0.37092
20.2 7.46025 14 0.37890
20.3 7.63432 14 0.38692
20.4 7.74870 14 0.39188
20.5 7.84395 14 0.39564
20.6 7.94001 14 0.39941
20.7 8.03687 14 0.40319
20.8 8.13453 14 0.40698
20.9 8.23301 14 0.41078
21.0 8.33229 14 0.41460
21.1 8.43239 14 0.41842
21.2 8.53331 14 0.42226
21.3 8.63504 14 0.42611
21.4 8.73760 14 0.42997
21.5 8.84098 14 0.43384
21.6 8.94519 14 0.43773
21.7 9.05023 14 0.44162
21.8 9.15611 14 0.44553
21.9 9.26282 14 0.44945
22.0 9.37037 14 0.45338
22.1 9.47876 14 0.45732
22.2 9.58800 14 0.46128
22.3 9.69809 14 0.46525
22.4 9.80902 14 0.46922
22.5 9.92081 14 0.47321
22.6 10.03346 14 0.47722
22.7 10.14696 14 0.48123
22.8 10.26133 14 0.48525
22.9 10.37657 14 0.48929
23.0 10.49267 14 0.49334
23.1 10.60964 14 0.49740
23.2 10.72749 14 0.50148
23.3 10.84622 14 0.50556
23.4 10.96582 14 0.50966
23.5 11.08631 14 0.51377
23.6 11.20769 14 0.51789
23.7 11.32996 14 0.52203
23.8 11.45312 14 0.52618
23.9 11.57717 14 0.53033
24.0 11.70212 14 0.53451
24.1 11.82798 14 0.53869
24.2 11.95474 14 0.54289
24.3 12.08241 14 0.54710
24.4 12.21099 14 0.55132
24.5 12.34049 14 0.55555
24.6 12.47090 14 0.55980
24.7 12.60223 14 0.56406
24.8 12.73449 14 0.56833
24.9 12.86768 14 0.57261
25.0 13.00179 14 0.57691
25.1 13.13684 14 0.58122
25.2 13.27283 14 0.58554
25.3 13.40975 14 0.58988
25.4 13.54762 14 0.59422
25.5 13.68644 14 0.59859
25.6 13.82621 14 0.60296
25.7 13.96693 14 0.60735
25.8 14.10860 14 0.61175
25.9 14.25124 14 0.61616
26.0 14.39484 14 0.62059
26.1 14.53941 14 0.62503
26.2 14.68495 14 0.62948
26.3 14.83145 14 0.63394
26.4 14.97891 14 0.63842
26.5 15.09382 14 0.64294
26.6 15.24233 14 0.64745
26.7 15.39195 14 0.65197
26.8 15.54255 14 0.65650
26.9 15.69414 14 0.66104
27.0 15.84672 14 0.66560
27.1 16.00025 14 0.67018
27.2 16.15479 14 0.67476
27.3 16.31034 14 0.67936
27.4 16.46627 14 0.68397
27.5 16.58532 14 0.68862
27.6 16.74321 14 0.69327
27.7 16.90207 14 0.69792
27.8 17.06190 14 0.70259
27.9 17.22273 14 0.70727
28.0 17.38459 14 0.71197
28.1 17.54702 14 0.71668
28.2 17.71079 14 0.72140
28.3 17.87541 14 0.72614
28.4 17.99770 14 0.73091
28.5 18.16390 14 0.73568
28.6 18.33112 14 0.74046
28.7 18.49938 14 0.74525
28.8 18.66866 14 0.75006
28.9 18.83850 14 0.75488
29.0 19.00950 14 0.75972
29.1 19.18153 14 0.76457
29.2 19.35475 14 0.76943
29.3 19.52882 14 0.77431
29.4 19.65454 14 0.77923
29.5 19.83027 14 0.78413
29.6 20.00706 14 0.78906
29.7 20.18489 14 0.79400
29.8 20.36299 14 0.79895
29.9 20.54254 14 0.80392
30.0 20.72313 14 0.80890
30.1 20.90476 14 0.81390
30.2 21.08748 14 0.81891
30.3 21.21538 14 0.82395
30.4 21.39971 14 0.82899
30.5 21.58511 14 0.83405
30.6 21.77157 14 0.83912
30.7 21.95811 14 0.84421
30.8 22.14628 14 0.84931
30.9 22.33548 14 0.85442
31.0 22.52567 14 0.85956
31.1 22.71705 14 0.86470
31.2 22.90947 14 0.86987
31.3 23.03938 14 0.87505
31.4 23.23347 14 0.88025
31.5 23.42863 14 0.88546
31.6 23.62381 14 0.89068
31.7 23.82053 14 0.89592
31.8 24.01833 14 0.90118
31.9 24.21722 14 0.90645
32.0 24.41720 14 0.91173
32.1 24.61857 14 0.91704
32.2 24.82082 14 0.92236
32.3 24.95181 14 0.92770
32.4 25.15563 14 0.93304
32.5 25.35959 14 0.93841
32.6 25.56500 14 0.94379
32.7 25.77151 14 0.94919
32.8 25.97912 14 0.95460
32.9 26.18784 14 0.96003
33.0 26.39768 14 0.96548
33.1 26.60911 14 0.97094
33.2 26.82111 14 0.97642
33.3 26.95188 14 0.98192
33.4 27.16549 14 0.98743
33.5 27.37917 14 0.99296
33.6 27.59438 14 0.99850
33.7 27.70337 14 1.00000
33.8 27.77268 14 1.00000
33.9 27.84191 14 1.00000
34.0 27.91104 14 1.00000
34.1 27.98042 14 1.00000
34.2 28.04928 14 1.00000
34.3 28.02777 14 1.00000
34.4 28.09630 14 1.00000
34.5 28.16483 14 1.00000
34.6 28.23159 14 1.00000
34.7 28.29915 14 1.00000
34.8 28.23461 14 1.00000
34.9 28.30227 14 1.00000
35.0 28.36999 14 1.00000
35.1 28.43762 14 1.00000
35.2 28.35985 14 1.00000
35.3 28.33055 14 1.00000
35.4 28.39794 14 1.00000
35.5 28.46524 14 1.00000
35.6 28.53136 14 1.00000
35.7 28.45100 14 1.00000
35.8 28.51755 14 1.00000
35.9 28.58417 14 1.00000
36.0 28.65058 14 1.00000
36.1 28.56793 14 1.00000
36.2 26.76841 14 1.00000
36.3 25.44941 14 1.00000
36.4 22.73793 14 1.00000
36.5 20.13749 14 1.00000
36.6 18.84581 14 1.00000
36.7 16.26157 14 1.00000
36.8 14.96850 14 1.00000
36.9 13.58612 14 1.00000
37.0 13.54782 14 1.00000
37.1 13.52909 14 1.00000
37.2 13.51636 14 1.00000
37.3 13.48044 14 1.00000
37.4 13.45947 14 1.00000
37.5 13.48383 14 1.00000
37.6 13.44455 14 1.00000
37.7 13.41100 14 1.00000
37.8 13.31256 14 1.00000
37.9 13.33207 14 1.00000
38.0 13.36645 14 1.00000
38.1 13.40064 14 1.00000
38.2 13.44023 14 1.00000
38.3 13.48442 14 1.00000
38.4 13.50216 14 1.00000
38.5 13.53654 14 1.00000
38.6 13.57081 14 1.00000
38.7 13.61241 14 1.00000
38.8 13.65669 14 1.00000
38.9 13.71266 14 1.00000
39.0 13.70636 14 1.00000
39.1 13.74085 14 1.00000
39.2 13.78503 14 1.00000
39.3 13.82939 14 1.00000
39.4 13.87377 14 1.00000
39.5 13.94442 14 1.00000
39.6 13.91367 14 1.00000
39.7 13.95810 14 1.00000
39.8 14.00255 14 1.00000
39.9 14.05084 14 1.00000
40.0 14.11157 14 1.00000
40.1 14.16950 14 1.00000
40.2 14.13162 14 1.00000
40.3 14.17616 14 1.00000
40.4 14.23160 14 1.00000
40.5 14.28939 14 1.00000
40.6 14.39944 14 1.00000
40.7 14.43627 14 1.00000
40.8 14.35024 14 1.00000
40.9 14.41240 14 1.00000
41.0 14.46701 14 1.00000
41.1 14.57112 14 1.00000
41.2 14.60832 14 1.00000
41.3 14.53365 14 1.00000
41.4 14.59277 14 1.00000
41.5 14.70570 14 1.00000
41.6 14.74281 14 1.00000
41.7 14.77954 14 1.00000
41.8 14.81417 14 1.00000
41.9 14.77236 14 1.00000
42.0 14.87791 14 1.00000
42.1 14.91545 14 1.00000
42.2 14.94984 14 1.00000
42.3 14.89984 14 1.00000
42.4 15.01263 14 1.00000
42.5 15.04939 14 1.00000
42.6 15.08539 14 1.00000
42.7 15.12027 14 1.00000
42.8 15.14710 14 1.00000
42.9 15.18481 14 1.00000
43.0 15.22078 14 1.00000
43.1 15.25542 14 1.00000
43.2 15.28208 14 1.00000
43.3 15.31901 14 1.00000
43.4 15.35607 14 1.00000
43.5 15.28170 14 1.00000
43.6 15.41684 14 1.00000
43.7 15.45387 14 1.00000
43.8 15.49120 14 1.00000
43.9 15.41001 14 1.00000
44.0 15.55141 14 1.00000
44.1 15.44468 14 1.00000
44.2 15.48989 14 1.00000
44.3 15.48955 14 1.00000
44.4 15.53243 14 1.00000
44.5 15.55531 14 1.00000
44.6 15.58596 14 1.00000
44.7 15.61553 14 1.00000
44.8 15.48135 14 1.00000
44.9 15.50754 14 1.00000
45.0 15.54076 14 1.00000
45.1 15.57378 14 1.00000
45.2 15.60652 14 1.00000
45.3 15.63890 14 1.00000
45.4 15.67091 14 1.00000
45.5 15.70491 14 1.00000
45.6 15.88964 14 1.00000
45.7 15.92503 14 1.00000
45.8 15.96037 14 1.00000
45.9 15.99820 14 1.00000
46.0 16.03267 14 1.00000
46.1 16.06549 14 1.00000
46.2 16.09911 14 1.00000
46.3 16.13274 14 1.00000
46.4 16.16641 14 1.00000
46.5 16.19947 14 1.00000
46.6 16.23257 14 1.00000
46.7 16.26534 14 1.00000
46.8 16.29738 14 1.00000
46.9 16.33733 14 1.00000
47.0 16.38303 14 1.00000
47.1 16.42873 14 1.00000
47.2 16.59573 14 1.00000
47.3 16.63316 14 1.00000
47.4 16.67019 14 1.00000
47.5 16.70324 14 1.00000
47.6 16.73712 14 1.00000
47.7 16.77138 14 1.00000
47.8 16.80523 14 1.00000
47.9 16.83888 14 1.00000
48.0 16.87241 14 1.00000
48.1 16.90543 14 1.00000
48.2 16.93808 14 1.00000
48.3 16.97274 14 1.00000
48.4 17.01856 14 1.00000
48.5 17.06440 14 1.00000
48.6 17.11027 14 1.00000
48.7 17.15926 14 1.00000
48.8 17.31568 14 1.00000
48.9 17.35479 14 1.00000
49.0 17.38789 14 1.00000
49.1 17.42192 14 1.00000
49.2 17.45638 14 1.00000
49.3 17.49065 14 1.00000
49.4 17.52485 14 1.00000
49.5 17.55877 14 1.00000
49.6 17.59195 14 1.00000
49.7 17.62501 14 1.00000
49.8 17.65829 14 1.00000
49.9 17.70214 14 1.00000
50.0 17.74821 14 1.00000
50.1 17.79429 14 1.00000
50.2 17.84039 14 1.00000
50.3 17.90404 14 1.00000
50.4 17.96342 14 1.00000
50.5 18.08602 14 1.00000
50.6 18.12132 14 1.00000
50.7 18.15557 14 1.00000
50.8 18.19042 14 1.00000
50.9 18.22513 14 1.00000
51.0 18.25964 14 1.00000
51.1 18.29401 14 1.00000
51.2 18.32779 14 1.00000
51.3 18.36128 14 1.00000
51.4 18.39425 14 1.00000
51.5 18.43510 14 1.00000
51.6 18.48138 14 1.00000
51.7 18.52770 14 1.00000
51.8 18.57408 14 1.00000
51.9 18.66193 14 1.00000
52.0 18.71468 14 1.00000
52.1 18.76306 14 1.00000
52.2 18.86869 14 1.00000
52.3 18.90565 14 1.00000
52.4 18.93996 14 1.00000
52.5 18.97542 14 1.00000
52.6 19.01043 14 1.00000
52.7 19.04522 14 1.00000
52.8 19.08010 14 1.00000
52.9 19.11422 14 1.00000
53.0 19.14800 14 1.00000
53.1 19.18139 14 1.00000
53.2 19.21776 14 1.00000
53.3 19.26427 14 1.00000
53.4 19.31077 14 1.00000
53.5 19.37638 14 1.00000
53.6 19.43842 14 1.00000
53.7 19.49483 14 1.00000
53.8 19.54700 14 1.00000
53.9 19.59517 14 1.00000
54.0 19.70403 14 1.00000
54.1 19.74203 14 1.00000
54.2 19.77674 14 1.00000
54.3 19.81252 14 1.00000
54.4 19.84787 14 1.00000
54.5 19.88336 14 1.00000
54.6 19.91823 14 1.00000
54.7 19.95313 14 1.00000
54.8 19.98760 14 1.00000
54.9 20.02121 14 1.00000
55.0 20.05501 14 1.00000
55.1 20.09707 14 1.00000
55.2 20.14377 14 1.00000
55.3 20.19049 14 1.00000
55.4 20.25595 14 1.00000
55.5 20.31819 14 1.00000
55.6 20.37529 14 1.00000
55.7 20.42800 14 1.00000
55.8 20.47668 14 1.00000
55.9 20.59392 14 1.00000
56.0 20.63298 14 1.00000
56.1 20.66766 14 1.00000
56.2 20.70344 14 1.00000
56.3 20.73956 14 1.00000
56.4 20.77543 14 1.00000
56.5 20.81102 14 1.00000
56.6 20.84637 14 1.00000
56.7 20.88125 14 1.00000
56.8 20.91581 14 1.00000
56.9 20.94962 14 1.00000
57.0 20.98381 14 1.00000
57.1 21.02677 14 1.00000
57.2 21.07372 14 1.00000
57.3 21.12044 14 1.00000
57.4 21.16738 14 1.00000
57.5 21.21410 14 1.00000
57.6 21.26079 14 1.00000
57.7 21.33678 14 1.00000
57.8 21.38188 14 1.00000
57.9 21.44355 14 1.00000
58.0 21.48744 14 1.00000
58.1 21.53144 14 1.00000
58.2 21.59101 14 1.00000
58.3 21.63422 14 1.00000
58.4 21.67443 14 1.00000
58.5 21.73371 14 1.00000
58.6 21.77701 14 1.00000
58.7 21.81580 14 1.00000
58.8 21.87477 14 1.00000
58.9 21.91702 14 1.00000
59.0 21.95534 14 1.00000
59.1 22.01538 14 1.00000
59.2 22.05812 14 1.00000
59.3 22.09414 14 1.00000
59.4 22.15573 14 1.00000
59.5 22.19733 14 1.00000
59.6 22.23513 14 1.00000
59.7 22.29606 14 1.00000
59.8 22.33892 14 1.00000
59.9 22.37523 14 1.00000
60.0 22.39719 14 1.00000
60.1 22.48070 14 1.00000
60.2 22.51637 14 1.00000
60.3 22.54126 14 1.00000
60.4 22.62163 14 1.00000
60.5 22.65867 14 1.00000
60.6 22.68784 14 1.00000
60.7 22.71064 14 1.00000
60.8 22.80459 14 1.00000
60.9 22.83284 14 1.00000
61.0 22.85150 14 1.00000
61.1 22.89797 14 1.00000
61.2 22.98325 14 1.00000
61.3 22.99249 14 1.00000
61.4 23.03901 14 1.00000
61.5 23.08542 14 1.00000
61.6 23.16025 14 1.00000
61.7 23.18011 14 1.00000
61.8 23.22659 14 1.00000
61.9 23.27306 14 1.00000
62.0 23.33804 14 1.00000
62.1 23.36790 14 1.00000
62.2 23.41438 14 1.00000
62.3 23.46092 14 1.00000
62.4 23.53197 14 1.00000
62.5 23.55586 14 1.00000
62.6 23.60244 14 1.00000
62.7 23.64893 14 1.00000
62.8 23.72149 14 1.00000
62.9 23.79648 14 1.00000
63.0 23.79061 14 1.00000
63.1 23.83713 14 1.00000
63.2 23.90638 14 1.00000
63.3 23.97995 14 1.00000
63.4 24.05529 14 1.00000
63.5 24.02556 14 1.00000
63.6 24.08439 14 1.00000
63.7 24.16066 14 1.00000
63.8 24.23410 14 1.00000
63.9 24.30523 14 1.00000
64.0 24.35377 14 1.00000
64.1 24.33559 14 1.00000
64.2 24.41004 14 1.00000
64.3 24.48272 14 1.00000
64.4 24.55520 14 1.00000
64.5 24.62976 14 1.00000
64.6 24.57880 14 1.00000
64.7 24.65191 14 1.00000
64.8 24.72334 14 1.00000
64.9 24.79737 14 1.00000
65.0 24.74752 14 1.00000
65.1 24.77836 14 1.00000
65.2 24.88731 14 1.00000
65.3 24.95966 14 1.00000
65.4 25.03393 14 1.00000
65.5 24.96845 14 1.00000
65.6 24.99352 14 1.00000
65.7 25.00680 14 1.00000
65.8 25.18395 14 1.00000
65.9 25.25177 14 1.00000
66.0 25.19265 14 1.00000
66.1 25.21600 14 1.00000
66.2 25.22908 14 1.00000
66.3 25.27295 14 1.00000
66.4 25.31797 14 1.00000
66.5 25.41984 14 1.00000
66.6 25.44870 14 1.00000
66.7 25.45193 14 1.00000
66.8 25.49597 14 1.00000
66.9 25.53997 14 1.00000
67.0 25.60684 14 1.00000
67.1 25.68401 14 1.00000
67.2 25.70580 14 1.00000
67.3 25.71950 14 1.00000
67.4 25.76360 14 1.00000
67.5 25.80775 14 1.00000
67.6 25.88302 14 1.00000
67.7 25.95924 14 1.00000
67.8 26.03142 14 1.00000
67.9 25.98794 14 1.00000
68.0 26.03216 14 1.00000
68.1 26.07637 14 1.00000
68.2 26.15109 14 1.00000
68.3 26.22680 14 1.00000
68.4 26.29783 14 1.00000
68.5 26.36983 14 1.00000
68.6 26.44131 14 1.00000
68.7 26.34594 14 1.00000
68.8 26.40340 14 1.00000
68.9 26.48083 14 1.00000
69.0 26.55462 14 1.00000
69.1 26.62563 14 1.00000
69.2 26.69398 14 1.00000
69.3 26.76614 14 1.00000
69.4 26.73055 14 1.00000
69.5 26.80392 14 1.00000
69.6 26.79639 14 1.00000
69.7 26.86970 14 1.00000
69.8 26.93637 14 1.00000
69.9 27.00606 14 1.00000
70.0 27.07452 14 1.00000
70.1 27.14959 14 1.00000
70.2 27.09776 14 1.00000
70.3 27.13268 14 1.00000
70.4 27.22920 14 1.00000
70.5 27.24203 14 1.00000
70.6 27.31083 14 1.00000
70.7 27.37837 14 1.00000
70.8 27.44402 14 1.00000
70.9 27.41434 14 1.00000
71.0 27.46128 14 1.00000
71.1 27.49690 14 1.00000
71.2 27.49538 14 1.00000
71.3 27.52117 14 1.00000
71.4 27.66857 14 1.00000
71.5 27.73600 14 1.00000
71.6 27.80195 14 1.00000
71.7 27.87021 14 1.00000
71.8 27.82608 14 1.00000
71.9 27.87164 14 1.00000
72.0 27.90644 14 1.00000
72.1 27.90174 14 1.00000
72.2 27.93029 14 1.00000
72.3 27.97529 14 1.00000
72.4 28.14488 14 1.00000
72.5 28.21219 14 1.00000
72.6 28.27626 14 1.00000
72.7 28.23798 14 1.00000
72.8 28.28984 14 1.00000
72.9 28.32895 14 1.00000
73.0 28.35521 14 1.00000
73.1 28.34991 14 1.00000
73.2 28.38648 14 1.00000
73.3 28.43168 14 1.00000
73.4 28.47851 14 1.00000
73.5 28.66920 14 1.00000
73.6 28.73878 14 1.00000
73.7 28.70116 14 1.00000
73.8 28.75153 14 1.00000
73.9 28.79547 14 1.00000
74.0 28.82837 14 1.00000
74.1 28.83092 14 1.00000
74.2 28.84832 14 1.00000
74.3 28.89042 14 1.00000
74.4 28.93586 14 1.00000
74.5 28.98850 14 1.00000
74.6 29.03766 14 1.00000
74.7 29.24186 14 1.00000
74.8 29.20893 14 1.00000
74.9 29.25849 14 1.00000
75.0 29.30476 14 1.00000
75.1 29.34659 14 1.00000
75.2 29.37766 14 1.00000
75.3 29.38294 14 1.00000
75.4 29.40087 14 1.00000
75.5 29.44275 14 1.00000
75.6 29.48841 14 1.00000
75.7 29.54219 14 1.00000
75.8 29.61440 14 1.00000
75.9 29.63142 14 1.00000
76.0 29.85619 14 1.00000
76.1 29.81459 14 1.00000
76.2 29.86841 14 1.00000
76.3 29.91280 14 1.00000
76.4 29.95316 14 1.00000
76.5 29.96164 14 1.00000
76.6 29.99470 14 1.00000
76.7 30.01709 14 1.00000
76.8 30.04429 14 1.00000
76.9 30.09018 14 1.00000
77.0 30.13743 14 1.00000
77.1 30.20383 14 1.00000
77.2 30.27549 14 1.00000
77.3 30.28780 14 1.00000
77.4 30.50786 14 1.00000
77.5 30.47027 14 1.00000
77.6 30.52151 14 1.00000
77.7 30.56786 14 1.00000
77.8 30.61481 14 1.00000
77.9 30.65343 14 1.00000
78.0 30.66282 14 1.00000
78.1 30.69925 14 1.00000
78.2 30.72337 14 1.00000
78.3 30.74426 14 1.00000
78.4 30.78831 14 1.00000
78.5 30.83450 14 1.00000
78.6 30.89039 14 1.00000
78.7 30.96336 14 1.00000
78.8 31.00611 14 1.00000
78.9 31.19035 14 1.00000
79.0 31.25153 14 1.00000
79.1 31.21963 14 1.00000
79.2 31.27112 14 1.00000
79.3 31.32517 14 1.00000
79.4 31.37228 14 1.00000
79.5 31.41246 14 1.00000
79.6 31.45108 14 1.00000
79.7 31.46986 14 1.00000
79.8 31.50541 14 1.00000
79.9 31.53728 14 1.00000
80.0 31.56010 14 1.00000
80.1 31.58444 14 1.00000
80.2 31.63105 14 1.00000
80.3 31.67760 14 1.00000
80.4 31.84459 14 1.00000
80.5 31.90300 14 1.00000
80.6 31.96284 14 1.00000
80.7 32.02724 14 1.00000
80.8 32.08586 14 1.00000
80.9 32.14614 14 1.00000
81.0 32.21001 14 1.00000
81.1 32.16986 14 1.00000
81.2 32.22375 14 1.00000
81.3 32.27215 14 1.00000
81.4 32.31945 14 1.00000
81.5 32.36678 14 1.00000
81.6 32.40541 14 1.00000
81.7 32.42247 14 1.00000
81.8 32.46628 14 1.00000
81.9 32.49919 14 1.00000
82.0 32.53263 14 1.00000
82.1 32.55675 14 1.00000
82.2 32.62915 14 1.00000
82.3 32.81789 14 1.00000
82.4 32.76316 14 1.00000
82.5 32.82405 14 1.00000
82.6 32.88163 14 1.00000
82.7 32.94203 14 1.00000
82.8 32.99784 14 1.00000
82.9 33.05713 14 1.00000
83.0 33.11428 14 1.00000
83.1 33.17766 14 1.00000
83.2 33.23835 14 1.00000
83.3 33.29653 14 1.00000
83.4 33.26331 14 1.00000
83.5 33.31962 14 1.00000
83.6 33.37156 14 1.00000
83.7 33.42191 14 1.00000
83.8 33.46892 14 1.00000
83.9 33.51778 14 1.00000
84.0 33.56335 14 1.00000
84.1 33.60716 14 1.00000
84.2 33.65421 14 1.00000
84.3 33.69910 14 1.00000
84.4 33.64843 14 1.00000
84.5 33.67756 14 1.00000
84.6 33.73912 14 1.00000
84.7 33.80215 14 1.00000
84.8 33.86464 14 1.00000
84.9 33.92632 14 1.00000
85.0 33.98422 14 1.00000
85.1 34.04549 14 1.00000
85.2 34.10546 14 1.00000
85.3 34.16301 14 1.00000
85.4 34.22232 14 1.00000
85.5 34.28046 14 1.00000
85.6 34.33398 14 1.00000
85.7 34.39496 14 1.00000
85.8 34.45041 14 1.00000
85.9 34.51030 14 1.00000
86.0 34.56078 14 1.00000
86.1 34.62471 14 1.00000
86.2 34.66458 14 1.00000
86.3 34.61517 14 1.00000
86.4 34.63455 14 1.00000
86.5 34.77683 14 1.00000
86.6 34.81927 14 1.00000
86.7 34.86786 14 1.00000
86.8 34.89163 14 1.00000
86.9 34.93542 14 1.00000
87.0 34.97636 14 1.00000
87.1 35.02375 14 1.00000
87.2 35.05721 14 1.00000
87.3 35.10419 14 1.00000
87.4 35.13774 14 1.00000
87.5 35.17895 14 1.00000
87.6 35.21183 14 1.00000
87.7 35.24161 14 1.00000
87.8 35.26762 14 1.00000
87.9 35.30389 14 1.00000
88.0 35.35505 14 1.00000
88.1 35.40989 14 1.00000
88.2 35.46845 14 1.00000
88.3 35.52995 14 1.00000
88.4 35.59067 14 1.00000
88.5 35.65083 14 1.00000
88.6 35.71044 14 1.00000
88.7 35.76636 14 1.00000
88.8 35.82132 14 1.00000
88.9 35.88343 14 1.00000
89.0 35.92171 14 1.00000
89.1 35.89151 14 1.00000
89.2 36.09079 14 1.00000
89.3 36.16196 14 1.00000
89.4 36.21646 14 1.00000
89.5 36.27115 14 1.00000
89.6 36.32705 14 1.00000
89.7 36.38240 14 1.00000
89.8 36.43628 14 1.00000
89.9 36.49508 14 1.00000
90.0 36.46453 14 1.00000
90.1 36.51755 14 1.00000
90.2 36.57028 14 1.00000
90.3 36.62437 14 1.00000
90.4 36.67004 14 1.00000
90.5 36.72900 14 1.00000
90.6 36.77785 14 1.00000
90.7 36.82479 14 1.00000
90.8 36.88172 14 1.00000
90.9 36.93406 14 1.00000
91.0 36.98260 14 1.00000
91.1 37.03050 14 1.00000
91.2 37.07617 14 1.00000
91.3 37.12858 14 1.00000
91.4 37.17485 14 1.00000
91.5 37.22754 14 1.00000
91.6 37.27447 14 1.00000
91.7 37.31355 14 1.00000
91.8 37.40417 14 1.00000
91.9 37.40932 14 1.00000
92.0 37.37311 14 1.00000
92.1 37.45664 14 1.00000
92.2 37.50273 14 1.00000
92.3 37.54112 14 1.00000
92.4 37.58295 14 1.00000
92.5 37.62782 14 1.00000
92.6 37.66722 14 1.00000
92.7 37.70391 14 1.00000
92.8 37.74115 14 1.00000
92.9 37.77737 14 1.00000
93.0 37.81344 14 1.00000
93.1 37.85477 14 1.00000
93.2 37.90602 14 1.00000
93.3 37.95910 14 1.00000
93.4 38.01490 14 1.00000
93.5 38.07055 14 1.00000
93.6 38.12629 14 1.00000
93.7 38.18303 14 1.00000
93.8 38.23982 14 1.00000
93.9 38.29585 14 1.00000
94.0 38.35146 14 1.00000
94.1 38.40705 14 1.00000
94.2 38.46301 14 1.00000
94.3 38.52332 14 1.00000
94.4 38.56812 14 1.00000
94.5 38.61294 14 1.00000
94.6 38.66325 14 1.00000
94.7 38.71389 14 1.00000
94.8 38.76485 14 1.00000
94.9 38.81591 14 1.00000
95.0 38.86631 14 1.00000
95.1 38.91666 14 1.00000
95.2 38.96690 14 1.00000
95.3 39.01702 14 1.00000
95.4 39.06693 14 1.00000
95.5 39.11691 14 1.00000
95.6 39.16095 14 1.00000
95.7 39.17352 14 1.00000
95.8 39.25643 14 1.00000
95.9 39.39956 14 1.00000
96.0 39.44348 14 1.00000
96.1 39.47097 14 1.00000
96.2 39.49979 14 1.00000
96.3 39.52987 14 1.00000
96.4 39.62602 14 1.00000
96.5 39.65830 14 1.00000
96.6 39.69170 14 1.00000
96.7 39.72625 14 1.00000
96.8 39.80175 14 1.00000
96.9 39.89066 14 1.00000
97.0 39.97989 14 1.00000
97.1 40.06891 14 1.00000
97.2 40.15821 14 1.00000
97.3 40.24729 14 1.00000
97.4 40.33665 14 1.00000
97.5 40.42585 14 1.00000
97.6 40.51503 14 1.00000
97.7 40.60443 14 1.00000
97.8 40.69372 14 1.00000
97.9 40.78323 14 1.00000
98.0 40.87253 14 1.00000
98.1 40.96205 14 1.00000
98.2 41.05146 14 1.00000
98.3 41.14108 14 1.00000
98.4 41.23050 14 1.00000
98.5 41.32018 14 1.00000
98.6 41.40965 14 1.00000
98.7 41.49933 14 1.00000
98.8 41.58885 14 1.00000
98.9 41.67869 14 1.00000
99.0 41.76826 14 1.00000
99.1 41.85810 14 1.00000
99.2 41.94767 14 1.00000
99.3 42.03761 14 1.00000
99.4 42.12724 14 1.00000
99.5 42.21722 14 1.00000
99.6 42.30689 14 1.00000
99.7 42.39688 14 1.00000
99.8 42.48670 14 1.00000
99.9 42.57673 14 1.00000
100.0 42.66655 14 1.00000
100.1 42.75662 14 1.00000
100.2 42.84648 14 1.00000
100.3 42.93660 14 1.00000
100.4 43.02650 14 1.00000
100.5 43.11661 14 1.00000
100.6 43.20661 14 1.00000
100.7 43.29681 14 1.00000
100.8 43.38680 14 1.00000
100.9 43.47699 14 1.00000
101.0 43.56702 14 1.00000
101.1 43.65735 14 1.00000
101.2 43.74765 14 1.00000
101.3 43.83774 14 1.00000
101.4 43.92807 14 1.00000
101.5 44.01815 14 1.00000
101.6 44.10857 14 1.00000
101.7 44.19873 14 1.00000
101.8 44.28914 14 1.00000
101.9 44.37933 14 1.00000
102.0 44.46973 14 1.00000
102.1 44.56001 14 1.00000
102.2 44.65049 14 1.00000
102.3 44.74075 14 1.00000
102.4 44.83126 14 1.00000
102.5 44.92150 14 1.00000
102.6 45.01204 14 1.00000
102.7 45.10242 14 1.00000
102.8 45.19299 14 1.00000
102.9 45.28357 14 1.00000
103.0 45.37389 14 1.00000
103.1 45.46456 14 1.00000
103.2 45.55496 14 1.00000
103.3 45.64560 14 1.00000
103.4 45.73603 14 1.00000
103.5 45.82670 14 1.00000
103.6 45.91711 14 1.00000
103.7 46.00780 14 1.00000
103.8 46.09834 14 1.00000
103.9 46.18906 14 1.00000
104.0 46.27979 14 1.00000
104.1 46.37031 14 1.00000
104.2 46.46102 14 1.00000
104.3 46.55156 14 1.00000
104.4 46.64234 14 1.00000
104.5 46.73291 14 1.00000
104.6 46.82376 14 1.00000
104.7 46.91453 14 1.00000
104.8 47.00518 14 1.00000
104.9 47.09597 14 1.00000
105.0 47.18659 14 1.00000
105.1 47.27745 14 1.00000
105.2 47.36809 14 1.00000
105.3 47.45897 14 1.00000
105.4 47.54963 14 1.00000
105.5 47.64058 14 1.00000
105.6 47.73148 14 1.00000
105.7 47.82217 14 1.00000
105.8 47.91304 14 1.00000
105.9 48.00380 14 1.00000
106.0 48.09474 14 1.00000
106.1 48.18547 14 1.00000
106.2 48.27642 14 1.00000
106.3 48.36739 14 1.00000
106.4 48.45814 14 1.00000
106.5 48.54912 14 1.00000
106.6 48.63989 14 1.00000
106.7 48.73088 14 1.00000
106.8 48.82188 14 1.00000
106.9 48.91267 14 1.00000
107.0 49.00369 14 1.00000
107.1 49.09449 14 1.00000
107.2 49.18547 14 1.00000
107.3 49.27634 14 1.00000
107.4 49.36732 14 1.00000
107.5 49.45842 14 1.00000
107.6 49.54921 14 1.00000
107.7 49.64032 14 1.00000
107.8 49.73111 14 1.00000
107.9 49.82218 14 1.00000
108.0 49.91331 14 1.00000
108.1 50.00412 14 1.00000
108.2 50.09526 14 1.00000
108.3 50.18608 14 1.00000
108.4 50.27723 14 1.00000
108.5 50.36827 14 1.00000
108.6 50.45916 14 1.00000
108.7 50.55027 14 1.00000
108.8 50.64122 14 1.00000
108.9 50.73233 14 1.00000
109.0 50.82345 14 1.00000
109.1 50.91436 14 1.00000
109.2 51.00544 14 1.00000
109.3 51.09635 14 1.00000
109.4 51.18753 14 1.00000
109.5 51.27868 14 1.00000
109.6 51.36960 14 1.00000
109.7 51.46074 14 1.00000
109.8 51.55167 14 1.00000
109.9 51.64282 14 1.00000
110.0 51.73392 14 1.00000
110.1 51.82491 14 1.00000
110.2 51.91602 14 1.00000
110.3 52.00723 14 1.00000
110.4 52.09813 14 1.00000
110.5 52.18930 14 1.00000
110.6 52.28024 14 1.00000
110.7 52.37140 14 1.00000
110.8 52.46262 14 1.00000
110.9 52.55358 14 1.00000
111.0 52.64475 14 1.00000
111.1 52.73571 14 1.00000
111.2 52.82688 14 1.00000
111.3 52.91800 14 1.00000
111.4 53.00896 14 1.00000
111.5 53.10019 14 1.00000
111.6 53.19132 14 1.00000
111.7 53.28233 14 1.00000
111.8 53.37346 14 1.00000
111.9 53.46443 14 1.00000
112.0 53.55566 14 1.00000
112.1 53.64683 14 1.00000
112.2 53.73775 14 1.00000
112.3 53.82893 14 1.00000
112.4 53.92016 14 1.00000
112.5 54.01107 14 1.00000
112.6 54.10225 14 1.00000
112.7 54.19348 14 1.00000
112.8 54.28440 14 1.00000
112.9 54.37562 14 1.00000
113.0 54.46654 14 1.00000
113.1 54.55776 14 1.00000
113.2 54.64893 14 1.00000
113.3 54.73990 14 1.00000
113.4 54.83107 14 1.00000
113.5 54.92224 14 1.00000
113.6 55.01320 14 1.00000
113.7 55.10432 14 1.00000
113.8 55.19548 14 1.00000
113.9 55.28649 14 1.00000
114.0 55.37761 14 1.00000
114.1 55.46877 14 1.00000
114.2 55.55977 14 1.00000
114.3 55.65088 14 1.00000
114.4 55.74183 14 1.00000
114.5 55.83298 14 1.00000
114.6 55.92413 14 1.00000
114.7 56.01507 14 1.00000
114.8 56.10627 14 1.00000
114.9 56.19736 14 1.00000
115.0 56.28830 14 1.00000
115.1 56.37944 14 1.00000
115.2 56.47057 14 1.00000
115.3 56.56155 14 1.00000
115.4 56.65268 14 1.00000
115.5 56.74376 14 1.00000
115.6 56.83473 14 1.00000
115.7 56.92585 14 1.00000
115.8 57.01692 14 1.00000
115.9 57.10789 14 1.00000
116.0 57.19900 14 1.00000
116.1 57.29011 14 1.00000
116.2 57.38096 14 1.00000
116.3 57.47211 14 1.00000
116.4 57.56321 14 1.00000
116.5 57.65411 14 1.00000
116.6 57.74515 14 1.00000
116.7 57.83624 14 1.00000
116.8 57.92712 14 1.00000
116.9 58.01820 14 1.00000
117.0 58.10927 14 1.00000
117.1 58.20020 14 1.00000
117.2 58.29121 14 1.00000
117.3 58.38233 14 1.00000
117.4 58.47314 14 1.00000
117.5 58.56424 14 1.00000
117.6 58.65524 14 1.00000
117.7 58.74614 14 1.00000
117.8 58.83718 14 1.00000
117.9 58.92817 14 1.00000
118.0 59.01900 14 1.00000
118.1 59.11003 14 1.00000
118.2 59.20106 14 1.00000
118.3 59.29193 14 1.00000
118.4 59.38289 14 1.00000
118.5 59.47390 14 1.00000
118.6 59.56471 14 1.00000
118.7 59.65576 14 1.00000
118.8 59.74670 14 1.00000
118.9 59.83750 14 1.00000
119.0 59.92853 14 1.00000
119.1 60.01951 14 1.00000
119.2 60.11029 14 1.00000
119.3 60.20121 14 1.00000
119.4 60.29222 14 1.00000
119.5 60.38318 14 1.00000
119.6 60.47393 14 1.00000
119.7 60.56483 14 1.00000
119.8 60.65577 14 1.00000
119.9 60.74651 14 1.00000
120.0 60.83744 14 1.00000
120.1 60.92837 14 1.00000
120.2 61.01914 14 1.00000
120.3 61.11005 14 1.00000
120.4 61.20091 14 1.00000
120.5 61.29161 14 1.00000
120.6 61.38256 14 1.00000
120.7 61.47345 14 1.00000
120.8 61.56414 14 1.00000
120.9 61.65496 14 1.00000
121.0 61.74584 14 1.00000
121.1 61.83675 14 1.00000
121.2 61.92736 14 1.00000
121.3 62.01822 14 1.00000
121.4 62.10911 14 1.00000
121.5 62.19976 14 1.00000
121.6 62.29059 14 1.00000
121.7 62.38137 14 1.00000
121.8 62.47200 14 1.00000
121.9 62.56286 14 1.00000
122.0 62.65362 14 1.00000
122.1 62.74446 14 1.00000
122.2 62.83507 14 1.00000
122.3 62.92585 14 1.00000
122.4 63.01664 14 1.00000
122.5 63.10717 14 1.00000
122.6 63.19798 14 1.00000
122.7 63.28869 14 1.00000
122.8 63.37931 14 1.00000
122.9 63.47000 14 1.00000
123.0 63.56074 14 1.00000
123.1 63.65147 14 1.00000
123.2 63.74206 14 1.00000
123.3 63.83273 14 1.00000
123.4 63.92344 14 1.00000
123.5 64.01400 14 1.00000
123.6 64.10464 14 1.00000
123.7 64.19534 14 1.00000
123.8 64.28601 14 1.00000
123.9 64.37650 14 1.00000
124.0 64.46722 14 1.00000
124.1 64.55782 14 1.00000
124.2 64.64834 14 1.00000
124.3 64.73898 14 1.00000
124.4 64.82962 14 1.00000
124.5 64.92025 14 1.00000
124.6 65.01068 14 1.00000
124.7 65.10130 14 1.00000
124.8 65.19191 14 1.00000
124.9 65.28227 14 1.00000
125.0 65.37291 14 1.00000
125.1 65.46345 14 1.00000
125.2 65.55407 14 1.00000
125.3 65.64445 14 1.00000
125.4 65.73496 14 1.00000
125.5 65.82556 14 1.00000
125.6 65.91592 14 1.00000
125.7 66.00646 14 1.00000
125.8 66.09699 14 1.00000
125.9 66.18751 14 1.00000
126.0 66.27784 14 1.00000
126.1 66.36835 14 1.00000
126.2 66.45884 14 1.00000
126.3 66.54933 14 1.00000
126.4 66.63963 14 1.00000
126.5 66.73010 14 1.00000
126.6 66.82056 14 1.00000
126.7 66.91079 14 1.00000
126.8 67.00124 14 1.00000
126.9 67.09167 14 1.00000
127.0 67.18216 14 1.00000
127.1 67.27240 14 1.00000
127.2 67.36276 14 1.00000
127.3 67.45322 14 1.00000
127.4 67.54362 14 1.00000
127.5 67.63383 14 1.00000
127.6 67.72416 14 1.00000
127.7 67.81453 14 1.00000
127.8 67.90490 14 1.00000
127.9 67.99512 14 1.00000
128.0 68.08547 14 1.00000
128.1 68.17576 14 1.00000
128.2 68.26596 14 1.00000
128.3 68.35623 14 1.00000
128.4 68.44659 14 1.00000
128.5 68.53685 14 1.00000
128.6 68.62697 14 1.00000
128.7 68.71725 14 1.00000
128.8 68.80754 14 1.00000
128.9 68.89781 14 1.00000
129.0 68.98794 14 1.00000
129.1 69.07819 14 1.00000
129.2 69.16844 14 1.00000
129.3 69.25863 14 1.00000
129.4 69.34872 14 1.00000
129.5 69.43894 14 1.00000
129.6 69.52910 14 1.00000
129.7 69.61935 14 1.00000
129.8 69.70931 14 1.00000
129.9 69.79950 14 1.00000
130.0 69.88972 14 1.00000
130.1 69.97984 14 1.00000
130.2 70.06982 14 1.00000
130.3 70.15997 14 1.00000
130.4 70.25015 14 1.00000
130.5 70.34028 14 1.00000
130.6 70.43018 14 1.00000
130.7 70.52033 14 1.00000
130.8 70.61039 14 1.00000
130.9 70.70049 14 1.00000
131.0 70.79039 14 1.00000
131.1 70.88046 14 1.00000
131.2 70.97058 14 1.00000
131.3 71.06059 14 1.00000
131.4 71.15046 14 1.00000
131.5 71.24050 14 1.00000
131.6 71.33053 14 1.00000
131.7 71.42060 14 1.00000
131.8 71.51038 14 1.00000
131.9 71.60039 14 1.00000
132.0 71.69038 14 1.00000
132.1 71.78042 14 1.00000
132.2 71.87022 14 1.00000
132.3 71.96018 14 1.00000
132.4 72.05013 14 1.00000
132.5 72.14004 14 1.00000
132.6 72.22984 14 1.00000
132.7 72.31977 14 1.00000
132.8 72.40965 14 1.00000
132.9 72.49955 14 1.00000
133.0 72.58928 14 1.00000
133.1 72.67917 14 1.00000
133.2 72.76910 14 1.00000
133.3 72.85892 14 1.00000
133.4 72.94866 14 1.00000
133.5 73.03847 14 1.00000
133.6 73.12831 14 1.00000
133.7 73.21819 14 1.00000
133.8 73.30785 14 1.00000
133.9 73.39761 14 1.00000
134.0 73.48746 14 1.00000
134.1 73.57722 14 1.00000
134.2 73.66705 14 1.00000
134.3 73.75665 14 1.00000
134.4 73.84637 14 1.00000
134.5 73.93619 14 1.00000
134.6 74.02589 14 1.00000
134.7 74.11545 14 1.00000
134.8 74.20523 14 1.00000
134.9 74.29495 14 1.00000
135.0 74.38461 14 1.00000
135.1 74.47419 14 1.00000
135.2 74.56384 14 1.00000
135.3 74.65352 14 1.00000
135.4 74.74319 14 1.00000
135.5 74.83268 14 1.00000
135.6 74.92239 14 1.00000
135.7 75.01198 14 1.00000
135.8 75.10162 14 1.00000
135.9 74.72838 14 1.00000
136.0 74.81809 14 1.00000
136.1 74.90763 14 1.00000
136.2 74.99728 14 1.00000
136.3 75.08707 14 1.00000
136.4 74.71383 14 1.00000
136.5 74.80354 14 1.00000
136.6 74.89317 14 1.00000
136.7 74.98287 14 1.00000
136.8 75.07261 14 1.00000
136.9 74.69959 14 1.00000
137.0 74.78941 14 1.00000
137.1 74.87900 14 1.00000
137.2 74.96880 14 1.00000
137.3 75.05863 14 1.00000
137.4 74.68539 14 1.00000
137.5 74.77557 14 1.00000
137.6 74.86526 14 1.00000
137.7 74.95506 14 1.00000
137.8 75.04489 14 1.00000
137.9 74.67173 14 1.00000
138.0 74.76164 14 1.00000
138.1 74.85179 14 1.00000
138.2 74.94169 14 1.00000
138.3 75.03158 14 1.00000
138.4 74.65845 14 1.00000
138.5 74.74837 14 1.00000
138.6 74.83816 14 1.00000
138.7 74.92861 14 1.00000
138.8 75.01850 14 1.00000
138.9 75.10843 14 1.00000
139.0 74.73547 14 1.00000
139.1 74.82548 14 1.00000
139.2 74.91531 14 1.00000
139.3 75.00584 14 1.00000
139.4 75.09583 14 1.00000
139.5 74.72280 14 1.00000
139.6 74.81286 14 1.00000
139.7 74.90279 14 1.00000
139.8 74.99282 14 1.00000
139.9 75.08285 14 1.00000
140.0 74.71051 14 1.00000
140.1 74.80067 14 1.00000
140.2 74.89054 14 1.00000
140.3 74.98067 14 1.00000
140.4 75.07075 14 1.00000
140.5 75.16077 14 1.00000
140.6 74.78870 14 1.00000
140.7 74.87867 14 1.00000
140.8 74.96880 14 1.00000
140.9 75.05897 14 1.00000
141.0 75.14909 14 1.00000
141.1 75.23901 14 1.00000
141.2 74.86716 14 1.00000
141.3 74.95730 14 1.00000
141.4 75.04746 14 1.00000
141.5 75.13767 14 1.00000
141.6 75.22765 14 1.00000
141.7 75.31774 14 1.00000
141.8 74.94616 14 1.00000
141.9 75.03638 14 1.00000
142.0 75.12653 14 1.00000
142.1 75.21678 14 1.00000
142.2 75.30680 14 1.00000
142.3 75.39697 14 1.00000
142.4 75.48709 14 1.00000
142.5 75.11581 14 1.00000
142.6 75.20600 14 1.00000
142.7 75.29612 14 1.00000
142.8 75.38629 14 1.00000
142.9 75.47655 14 1.00000
143.0 75.56670 14 1.00000
143.1 75.19564 14 1.00000
143.2 75.28570 14 1.00000
143.3 75.37601 14 1.00000
143.4 75.46628 14 1.00000
143.5 75.55653 14 1.00000
143.6 75.64659 14 1.00000
143.7 75.27569 14 1.00000
143.8 75.36600 14 1.00000
143.9 75.45631 14 1.00000
144.0 75.54656 14 1.00000
144.1 75.63667 14 1.00000
144.2 75.26463 14 1.00000
144.3 75.35500 14 1.00000
144.4 75.44661 14 1.00000
144.5 75.53695 14 1.00000
144.6 75.62711 14 1.00000
144.7 75.25510 14 1.00000
144.8 75.34551 14 1.00000
144.9 75.43596 14 1.00000
145.0 75.52769 14 1.00000
145.1 75.61807 14 1.00000
145.2 75.24588 14 1.00000
145.3 75.33633 14 1.00000
145.4 75.42683 14 1.00000
145.5 75.51721 14 1.00000
145.6 75.60907 14 1.00000
145.7 75.23697 14 1.00000
145.8 75.32746 14 1.00000
145.9 75.41800 14 1.00000
146.0 75.50843 14 1.00000
146.1 75.59889 14 1.00000
146.2 75.68922 14 1.00000
146.3 75.31894 14 1.00000
146.4 75.40948 14 1.00000
146.5 75.49995 14 1.00000
146.6 75.59045 14 1.00000
146.7 75.68083 14 1.00000
146.8 75.77132 14 1.00000
146.9 75.40125 14 1.00000
147.0 75.49181 14 1.00000
147.1 75.58231 14 1.00000
147.2 75.67269 14 1.00000
147.3 75.76322 14 1.00000
147.4 75.85379 14 1.00000
147.5 75.48392 14 1.00000
147.6 75.57452 14 1.00000
147.7 75.66494 14 1.00000
147.8 75.75546 14 1.00000
147.9 75.84608 14 1.00000
148.0 75.93663 14 1.00000
148.1 76.02701 14 1.00000
148.2 75.65739 14 1.00000
148.3 75.74805 14 1.00000
148.4 75.83866 14 1.00000
148.5 75.92921 14 1.00000
148.6 76.01962 14 1.00000
148.7 76.11024 14 1.00000
148.8 75.74083 14 1.00000
148.9 75.83148 14 1.00000
149.0 75.92213 14 1.00000
149.1 76.01275 14 1.00000
149.2 76.10325 14 1.00000
149.3 76.19386 14 1.00000
149.4 76.28440 14 1.00000
149.5 75.91537 14 1.00000
149.6 76.00605 14 1.00000
149.7 76.09653 14 1.00000
149.8 76.18713 14 1.00000
149.9 76.27782 14 1.00000
150.0 76.36840 14 1.00000
150.1 75.99953 14 1.00000
150.2 76.09011 14 1.00000
150.3 76.18080 14 1.00000
150.4 76.27143 14 1.00000
150.5 76.36210 14 1.00000
150.6 76.45264 14 1.00000
150.7 76.54328 14 1.00000
150.8 76.17465 14 1.00000
150.9 76.26543 14 1.00000
151.0 76.35613 14 1.00000
151.1 76.44662 14 1.00000
151.2 76.53735 14 1.00000
151.3 76.62802 14 1.00000
151.4 76.25960 14 1.00000
151.5 76.35035 14 1.00000
151.6 76.44092 14 1.00000
151.7 76.53165 14 1.00000
151.8 76.62241 14 1.00000
151.9 76.71311 14 1.00000
152.0 76.80376 14 1.00000
152.1 76.43555 14 1.00000
152.2 76.52632 14 1.00000
152.3 76.61703 14 1.00000
152.4 76.70782 14 1.00000
152.5 76.79855 14 1.00000
152.6 76.88911 14 1.00000
152.7 76.52117 14 1.00000
152.8 76.61197 14 1.00000
152.9 76.70280 14 1.00000
153.0 76.79353 14 1.00000
153.1 76.88412 14 1.00000
153.2 76.97492 14 1.00000
153.3 76.60491 14 1.00000
153.4 76.69806 14 1.00000
153.5 76.78887 14 1.00000
153.6 76.87951 14 1.00000
153.7 76.97030 14 1.00000
153.8 76.60032 14 1.00000
153.9 76.69118 14 1.00000
154.0 76.78439 14 1.00000
154.1 76.87511 14 1.00000
154.2 76.96590 14 1.00000
154.3 76.59595 14 1.00000
154.4 76.68690 14 1.00000
154.5 76.77780 14 1.00000
154.6 76.86852 14 1.00000
154.7 76.96185 14 1.00000
154.8 76.59195 14 1.00000
154.9 76.68289 14 1.00000
155.0 76.77383 14 1.00000
155.1 76.86453 14 1.00000
155.2 76.95544 14 1.00000
155.3 77.04639 14 1.00000
155.4 76.67915 14 1.00000
155.5 76.77012 14 1.00000
155.6 76.86091 14 1.00000
155.7 76.95181 14 1.00000
155.8 77.04279 14 1.00000
155.9 77.13372 14 1.00000
156.0 76.76662 14 1.00000
156.1 76.85745 14 1.00000
156.2 76.94844 14 1.00000
156.3 77.03947 14 1.00000
156.4 77.13038 14 1.00000
156.5 77.22133 14 1.00000
156.6 77.31215 14 1.00000
156.7 76.94533 14 1.00000
156.8 77.03635 14 1.00000
156.9 77.12740 14 1.00000
157.0 77.21838 14 1.00000
157.1 77.30914 14 1.00000
157.2 77.40015 14 1.00000
157.3 77.49111 14 1.00000
157.4 77.12462 14 1.00000
157.5 77.21560 14 1.00000
157.6 77.30644 14 1.00000
157.7 77.39749 14 1.00000
157.8 77.48843 14 1.00000
157.9 77.57941 14 1.00000
158.0 77.21311 14 1.00000
158.1 77.30401 14 1.00000
158.2 77.39503 14 1.00000
158.3 77.48611 14 1.00000
158.4 77.57713 14 1.00000
158.5 77.66796 14 1.00000
158.6 77.75895 14 1.00000
158.7 77.39288 14 1.00000
158.8 77.48399 14 1.00000
158.9 77.57499 14 1.00000
159.0 77.66591 14 1.00000
159.1 77.75689 14 1.00000
159.2 77.84790 14 1.00000
159.3 77.93895 14 1.00000
159.4 77.57320 14 1.00000
159.5 77.66411 14 1.00000
159.6 77.75512 14 1.00000
159.7 77.84622 14 1.00000
159.8 77.93721 14 1.00000
159.9 78.02829 14 1.00000
160.0 77.66250 14 1.00000
160.1 77.75365 14 1.00000
160.2 77.84469 14 1.00000
160.3 77.93581 14 1.00000
160.4 78.02688 14 1.00000
160.5 78.11776 14 1.00000
160.6 78.20875 14 1.00000
160.7 77.84344 14 1.00000
160.8 77.93456 14 1.00000
160.9 78.02570 14 1.00000
161.0 78.11657 14 1.00000
161.1 78.20765 14 1.00000
161.2 78.29871 14 1.00000
161.3 78.38980 14 1.00000
161.4 78.02473 14 1.00000
161.5 78.11568 14 1.00000
161.6 78.20683 14 1.00000
161.7 78.29793 14 1.00000
161.8 78.38896 14 1.00000
161.9 78.47987 14 1.00000
162.0 78.57092 14 1.00000
162.1 78.20621 14 1.00000
162.2 78.29729 14 1.00000
162.3 78.38841 14 1.00000
162.4 78.47939 14 1.00000
162.5 78.57044 14 1.00000
162.6 78.66152 14 1.00000
162.7 78.75259 14 1.00000
162.8 78.38814 14 1.00000
162.9 78.47906 14 1.00000
163.0 78.57019 14 1.00000
163.1 78.66130 14 1.00000
163.2 78.75245 14 1.00000
163.3 78.84349 14 1.00000
163.4 78.47905 14 1.00000
163.5 78.57021 14 1.00000
163.6 78.66131 14 1.00000
163.7 78.75245 14 1.00000
163.8 78.84357 14 1.00000
163.9 78.93452 14 1.00000
164.0 79.02567 14 1.00000
164.1 78.66160 14 1.00000
164.2 78.75272 14 1.00000
164.3 78.84393 14 1.00000
164.4 78.93485 14 1.00000
164.5 79.02599 14 1.00000
164.6 79.11716 14 1.00000
164.7 79.20821 14 1.00000
164.8 78.84441 14 1.00000
164.9 78.93542 14 1.00000
165.0 79.02658 14 1.00000
165.1 79.11773 14 1.00000
165.2 79.20887 14 1.00000
165.3 79.30000 14 1.00000
165.4 78.93292 14 1.00000
165.5 79.02744 14 1.00000
165.6 79.11858 14 1.00000
165.7 79.20980 14 1.00000
165.8 79.30096 14 1.00000
165.9 78.93382 14 1.00000
166.0 79.02505 14 1.00000
166.1 79.11628 14 1.00000
166.2 79.21090 14 1.00000
166.3 79.30209 14 1.00000
166.4 78.93504 14 1.00000
166.5 79.02631 14 1.00000
166.6 79.11751 14 1.00000
166.7 79.20879 14 1.00000
166.8 79.29997 14 1.00000
166.9 78.93642 14 1.00000
167.0 79.02766 14 1.00000
167.1 79.11895 14 1.00000
167.2 79.21023 14 1.00000
167.3 79.30153 14 1.00000
167.4 79.39256 14 1.00000
167.5 79.48384 14 1.00000
167.6 79.12061 14 1.00000
167.7 79.21191 14 1.00000
167.8 79.30320 14 1.00000
167.9 79.39436 14 1.00000
168.0 79.48558 14 1.00000
168.1 79.57687 14 1.00000
168.2 79.66807 14 1.00000
168.3 79.30518 14 1.00000
168.4 79.39632 14 1.00000
168.5 79.48762 14 1.00000
168.6 79.57890 14 1.00000
168.7 79.67017 14 1.00000
168.8 79.76121 14 1.00000
168.9 79.85246 14 1.00000
169.0 79.48981 14 1.00000
169.1 79.58108 14 1.00000
169.2 79.67242 14 1.00000
169.3 79.76354 14 1.00000
169.4 79.85482 14 1.00000
169.5 79.94603 14 1.00000
169.6 80.03732 14 1.00000
169.7 79.67484 14 1.00000
169.8 79.76598 14 1.00000
169.9 79.85729 14 1.00000
170.0 79.94858 14 1.00000
170.1 80.03986 14 1.00000
170.2 80.13116 14 1.00000
170.3 80.22221 14 1.00000
170.4 79.86005 14 1.00000
170.5 79.95138 14 1.00000
170.6 80.04263 14 1.00000
170.7 80.13398 14 1.00000
170.8 80.22509 14 1.00000
170.9 80.31631 14 1.00000
171.0 80.40761 14 1.00000
171.1 80.04561 14 1.00000
171.2 80.13693 14 1.00000
171.3 80.22807 14 1.00000
171.4 80.31942 14 1.00000
171.5 80.41066 14 1.00000
171.6 80.50193 14 1.00000
171.7 80.59323 14 1.00000
171.8 80.23135 14 1.00000
171.9 80.32267 14 1.00000
172.0 80.41399 14 1.00000
172.1 80.50529 14 1.00000
172.2 80.59652 14 1.00000
172.3 80.68768 14 1.00000
172.4 80.77894 14 1.00000
172.5 80.41746 14 1.00000
172.6 80.50879 14 1.00000
172.7 80.60010 14 1.00000
172.8 80.69118 14 1.00000
172.9 80.78248 14 1.00000
173.0 80.87380 14 1.00000
173.1 80.96501 14 1.00000
173.2 81.05626 14 1.00000
173.3 80.69493 14 1.00000
173.4 80.78625 14 1.00000
173.5 80.87760 14 1.00000
173.6 80.96884 14 1.00000
173.7 81.06017 14 1.00000
173.8 81.15126 14 1.00000
173.9 81.24251 14 1.00000
174.0 80.88158 14 1.00000
174.1 80.97290 14 1.00000
174.2 81.06404 14 1.00000
174.3 81.15533 14 1.00000
174.4 81.24655 14 1.00000
174.5 81.33787 14 1.00000
174.6 81.42906 14 1.00000
174.7 81.06825 14 1.00000
174.8 81.15952 14 1.00000
174.9 81.25082 14 1.00000
175.0 81.34216 14 1.00000
175.1 81.43340 14 1.00000
175.2 81.52449 14 1.00000
175.3 81.61574 14 1.00000
175.4 81.25532 14 1.00000
175.5 81.34663 14 1.00000
175.6 81.43793 14 1.00000
175.7 81.52901 14 1.00000
175.8 81.62029 14 1.00000
175.9 81.71156 14 1.00000
176.0 81.80286 14 1.00000
176.1 81.44261 14 1.00000
176.2 81.53371 14 1.00000
176.3 81.62507 14 1.00000
176.4 81.71631 14 1.00000
176.5 81.80763 14 1.00000
176.6 81.89890 14 1.00000
176.7 81.98998 14 1.00000
176.8 82.08117 14 1.00000
176.9 81.72128 14 1.00000
177.0 81.81258 14 1.00000
177.1 81.90386 14 1.00000
177.2 81.99493 14 1.00000
177.3 82.08619 14 1.00000
177.4 82.17744 14 1.00000
177.5 82.26867 14 1.00000
177.6 81.90900 14 1.00000
177.7 82.00009 14 1.00000
177.8 82.09142 14 1.00000
177.9 82.18265 14 1.00000
178.0 82.27396 14 1.00000
178.1 82.36520 14 1.00000
178.2 82.45627 14 1.00000
178.3 82.09673 14 1.00000
178.4 82.18802 14 1.00000
178.5 82.27936 14 1.00000
178.6 82.37058 14 1.00000
178.7 82.46172 14 1.00000
178.8 82.55296 14 1.00000
178.9 82.64420 14 1.00000
179.0 82.73536 14 1.00000
179.1 82.37621 14 1.00000
179.2 82.46732 14 1.00000
179.3 82.55855 14 1.00000
179.4 82.64985 14 1.00000
179.5 82.74109 14 1.00000
179.6 82.83227 14 1.00000
179.7 82.92337 14 1.00000
179.8 82.56433 14 1.00000
179.9 82.65561 14 1.00000
180.0 82.74687 14 1.00000
180.1 82.83817 14 1.00000
180.2 82.92920 14 1.00000
180.3 83.02042 14 1.00000
180.4 82.65775 14 1.00000
180.5 82.75286 14 1.00000
180.6 82.84413 14 1.00000
180.7 82.93523 14 1.00000
180.8 83.02653 14 1.00000
180.9 82.66383 14 1.00000
181.0 82.75520 14 1.00000
181.1 82.84645 14 1.00000
181.2 82.93758 14 1.00000
181.3 83.03273 14 1.00000
181.4 82.67011 14 1.00000
181.5 82.76145 14 1.00000
181.6 82.85278 14 1.00000
181.7 82.94388 14 1.00000
181.8 83.03522 14 1.00000
181.9 83.12651 14 1.00000
182.0 82.76785 14 1.00000
182.1 82.85920 14 1.00000
182.2 82.95033 14 1.00000
182.3 83.04165 14 1.00000
182.4 83.13296 14 1.00000
182.5 83.22424 14 1.00000
182.6 83.31557 14 1.00000
182.7 83.40663 14 1.00000
182.8 83.04825 14 1.00000
182.9 83.13958 14 1.00000
183.0 83.23090 14 1.00000
183.1 83.32209 14 1.00000
183.2 83.41333 14 1.00000
183.3 83.50461 14 1.00000
183.4 83.59591 14 1.00000
183.5 83.23769 14 1.00000
183.6 83.32885 14 1.00000
183.7 83.42016 14 1.00000
183.8 83.51146 14 1.00000
183.9 83.60279 14 1.00000
184.0 83.69401 14 1.00000
184.1 83.78516 14 1.00000
184.2 83.87634 14 1.00000
184.3 83.51849 14 1.00000
184.4 83.60975 14 1.00000
184.5 83.70109 14 1.00000
184.6 83.79215 14 1.00000
184.7 83.88346 14 1.00000
184.8 83.97471 14 1.00000
184.9 84.06595 14 1.00000
185.0 83.70824 14 1.00000
185.1 83.79939 14 1.00000
185.2 83.89066 14 1.00000
185.3 83.98189 14 1.00000
185.4 84.07319 14 1.00000
185.5 84.16438 14 1.00000
185.6 84.25549 14 1.00000
185.7 84.34666 14 1.00000
185.8 83.98930 14 1.00000
185.9 84.08059 14 1.00000
186.0 84.17181 14 1.00000
186.1 84.26295 14 1.00000
186.2 84.35413 14 1.00000
186.3 84.44536 14 1.00000
186.4 84.53658 14 1.00000
186.5 84.17947 14 1.00000
186.6 84.27055 14 1.00000
186.7 84.36185 14 1.00000
186.8 84.45310 14 1.00000
186.9 84.54434 14 1.00000
187.0 84.63557 14 1.00000
187.1 84.72657 14 1.00000
187.2 84.81781 14 1.00000
187.3 84.46100 14 1.00000
187.4 84.55225 14 1.00000
187.5 84.64346 14 1.00000
187.6 84.73454 14 1.00000
187.7 84.82580 14 1.00000
187.8 84.91701 14 1.00000
187.9 85.00816 14 1.00000
188.0 85.09933 14 1.00000
188.1 84.74274 14 1.00000
188.2 84.83394 14 1.00000
188.3 84.92522 14 1.00000
188.4 85.01643 14 1.00000
188.5 85.10760 14 1.00000
188.6 85.19878 14 1.00000
188.7 85.28985 14 1.00000
188.8 84.93362 14 1.00000
188.9 85.02482 14 1.00000
189.0 85.11604 14 1.00000
189.1 85.20710 14 1.00000
189.2 85.29830 14 1.00000
189.3 85.38949 14 1.00000
189.4 85.48067 14 1.00000
189.5 85.57182 14 1.00000
189.6 85.21582 14 1.00000
189.7 85.30700 14 1.00000
189.8 85.39821 14 1.00000
189.9 85.48946 14 1.00000
190.0 85.58060 14 1.00000
190.1 85.67177 14 1.00000
190.2 85.76282 14 1.00000
190.3 85.85396 14 1.00000
190.4 85.49834 14 1.00000
190.5 85.58960 14 1.00000
190.6 85.68064 14 1.00000
190.7 85.77177 14 1.00000
190.8 85.86299 14 1.00000
190.9 85.95409 14 1.00000
191.0 86.04529 14 1.00000
191.1 86.13637 14 1.00000
191.2 85.78101 14 1.00000
191.3 85.87221 14 1.00000
191.4 85.96339 14 1.00000
191.5 86.05450 14 1.00000
191.6 86.14566 14 1.00000
191.7 86.23664 14 1.00000
191.8 86.32781 14 1.00000
191.9 85.97282 14 1.00000
192.0 86.06396 14 1.00000
192.1 86.15519 14 1.00000
192.2 86.24619 14 1.00000
192.3 86.33734 14 1.00000
192.4 86.42843 14 1.00000
192.5 86.51955 14 1.00000
192.6 86.61071 14 1.00000
192.7 86.25589 14 1.00000
192.8 86.34706 14 1.00000
192.9 86.43817 14 1.00000
193.0 86.52932 14 1.00000
193.1 86.62045 14 1.00000
193.2 86.71146 14 1.00000
193.3 86.80257 14 1.00000
193.4 86.89365 14 1.00000
193.5 86.53927 14 1.00000
193.6 86.63042 14 1.00000
193.7 86.72146 14 1.00000
193.8 86.81259 14 1.00000
193.9 86.90370 14 1.00000
194.0 86.99480 14 1.00000
194.1 87.08589 14 1.00000
194.2 87.17677 14 1.00000
194.3 86.82280 14 1.00000
194.4 86.91394 14 1.00000
194.5 87.00501 14 1.00000
194.6 87.09618 14 1.00000
194.7 87.18707 14 1.00000
194.8 87.27820 14 1.00000
194.9 87.36922 14 1.00000
195.0 87.46027 14 1.00000
195.1 87.10659 14 1.00000
195.2 87.19756 14 1.00000
195.3 87.28871 14 1.00000
195.4 87.37981 14 1.00000
195.5 87.47084 14 1.00000
195.6 87.56195 14 1.00000
195.7 87.65280 14 1.00000
195.8 87.74389 14 1.00000
195.9 87.39053 14 1.00000
196.0 87.48158 14 1.00000
196.1 87.57272 14 1.00000
196.2 87.66360 14 1.00000
196.3 87.75465 14 1.00000
196.4 87.84576 14 1.00000
196.5 87.93679 14 1.00000
196.6 88.02776 14 1.00000
196.7 87.67457 14 1.00000
196.8 87.76566 14 1.00000
196.9 87.85677 14 1.00000
197.0 87.94783 14 1.00000
197.1 88.03888 14 1.00000
197.2 88.12991 14 1.00000
197.3 88.22077 14 1.00000
197.4 88.31173 14 1.00000
197.5 87.95901 14 1.00000
197.6 88.05013 14 1.00000
197.7 88.14114 14 1.00000
197.8 88.23202 14 1.00000
197.9 88.32304 14 1.00000
198.0 88.41411 14 1.00000
198.1 88.50511 14 1.00000
198.2 88.59605 14 1.00000
198.3 88.24350 14 1.00000
198.4 88.33455 14 1.00000
198.5 88.42564 14 1.00000
198.6 88.51661 14 1.00000
198.7 88.60767 14 1.00000
198.8 88.25057 14 1.00000
198.9 88.34164 14 1.00000
199.0 88.43266 14 1.00000
199.1 88.52834 14 1.00000
199.2 88.61942 14 1.00000
199.3 88.26231 14 1.00000
199.4 88.35341 14 1.00000
199.5 88.44453 14 1.00000
199.6 88.53556 14 1.00000
199.7 88.62666 14 1.00000
199.8 88.71754 14 1.00000
199.9 88.36539 14 1.00000
200.0 88.45650 14 1.00000
200.1 88.54759 14 1.00000
200.2 88.63867 14 1.00000
200.3 88.72963 14 1.00000
200.4 88.82063 14 1.00000
200.5 88.91167 14 1.00000
200.6 89.00275 14 1.00000
200.7 88.65091 14 1.00000
200.8 88.74189 14 1.00000
200.9 88.83297 14 1.00000
201.0 88.92398 14 1.00000
201.1 89.01502 14 1.00000
201.2 89.10606 14 1.00000
201.3 89.19698 14 1.00000
201.4 89.28798 14 1.00000
201.5 88.93646 14 1.00000
201.6 89.02758 14 1.00000
201.7 89.11864 14 1.00000
201.8 89.20953 14 1.00000
201.9 89.30051 14 1.00000
202.0 89.39152 14 1.00000
202.1 89.48257 14 1.00000
202.2 89.57351 14 1.00000
202.3 89.22225 14 1.00000
202.4 89.31326 14 1.00000
202.5 89.40429 14 1.00000
202.6 89.49532 14 1.00000
202.7 89.58637 14 1.00000
202.8 89.67732 14 1.00000
202.9 89.76815 14 1.00000
203.0 89.85912 14 1.00000
203.1 89.95013 14 1.00000
203.2 89.59932 14 1.00000
203.3 89.69023 14 1.00000
203.4 89.78123 14 1.00000
203.5 89.87223 14 1.00000
203.6 89.96320 14 1.00000
203.7 90.05417 14 1.00000
203.8 90.14512 14 1.00000
203.9 90.23586 14 1.00000
204.0 89.88547 14 1.00000
204.1 89.97642 14 1.00000
204.2 90.06745 14 1.00000
204.3 90.15842 14 1.00000
204.4 90.24923 14 1.00000
204.5 90.34018 14 1.00000
204.6 90.43106 14 1.00000
204.7 90.52203 14 1.00000
204.8 90.17185 14 1.00000
204.9 90.26268 14 1.00000
205.0 90.35365 14 1.00000
205.1 90.44460 14 1.00000
205.2 90.53555 14 1.00000
205.3 90.62652 14 1.00000
205.4 90.71738 14 1.00000
205.5 90.80818 14 1.00000
205.6 90.45832 14 1.00000
205.7 90.54928 14 1.00000
205.8 90.64028 14 1.00000
205.9 90.73122 14 1.00000
206.0 90.82194 14 1.00000
206.1 90.91284 14 1.00000
206.2 91.00374 14 1.00000
206.3 91.09462 14 1.00000
206.4 91.18554 14 1.00000
206.5 90.83596 14 1.00000
206.6 90.92684 14 1.00000
206.7 91.01781 14 1.00000
206.8 91.10871 14 1.00000
206.9 91.19960 14 1.00000
207.0 91.29028 14 1.00000
207.1 91.38119 14 1.00000
207.2 91.47198 14 1.00000
207.3 91.12288 14 1.00000
207.4 91.21384 14 1.00000
207.5 91.30453 14 1.00000
207.6 91.39542 14 1.00000
207.7 91.48629 14 1.00000
207.8 91.57715 14 1.00000
207.9 91.66799 14 1.00000
208.0 91.75887 14 1.00000
208.1 91.84953 14 1.00000
208.2 91.50081 14 1.00000
208.3 91.59164 14 1.00000
208.4 91.68256 14 1.00000
208.5 91.77335 14 1.00000
208.6 91.86409 14 1.00000
208.7 91.95487 14 1.00000
208.8 92.04573 14 1.00000
208.9 92.13648 14 1.00000
209.0 91.78796 14 1.00000
209.1 91.87882 14 1.00000
209.2 91.96967 14 1.00000
209.3 92.06046 14 1.00000
209.4 92.15132 14 1.00000
209.5 92.24213 14 1.00000
209.6 92.33292 14 1.00000
209.7 92.42355 14 1.00000
209.8 92.51431 14 1.00000
209.9 92.16624 14 1.00000
210.0 92.25711 14 1.00000
210.1 92.34792 14 1.00000
210.2 92.43852 14 1.00000
210.3 92.52936 14 1.00000
210.4 92.62009 14 1.00000
210.5 92.71085 14 1.00000
210.6 92.80160 14 1.00000
210.7 92.45372 14 1.00000
210.8 92.54453 14 1.00000
210.9 92.63532 14 1.00000
211.0 92.72615 14 1.00000
211.1 92.81693 14 1.00000
211.2 92.90768 14 1.00000
211.3 92.99827 14 1.00000
211.4 93.08895 14 1.00000
211.5 93.17971 14 1.00000
211.6 92.83232 14 1.00000
211.7 92.92310 14 1.00000
211.8 93.01376 14 1.00000
211.9 93.10451 14 1.00000
212.0 93.19520 14 1.00000
212.1 93.28596 14 1.00000
212.2 93.37668 14 1.00000
212.3 93.46737 14 1.00000
212.4 93.12019 14 1.00000
212.5 93.21090 14 1.00000
212.6 93.30164 14 1.00000
212.7 93.39237 14 1.00000
212.8 93.48309 14 1.00000
212.9 93.57364 14 1.00000
213.0 93.66438 14 1.00000
213.1 93.75501 14 1.00000
213.2 93.84572 14 1.00000
213.3 93.49906 14 1.00000
213.4 93.58964 14 1.00000
213.5 93.68035 14 1.00000
213.6 93.77100 14 1.00000
213.7 93.86173 14 1.00000
213.8 93.95241 14 1.00000
213.9 94.04301 14 1.00000
214.0 94.13356 14 1.00000
214.1 94.22419 14 1.00000
214.2 93.87791 14 1.00000
214.3 93.96856 14 1.00000
214.4 94.05923 14 1.00000
214.5 94.14976 14 1.00000
214.6 94.24046 14 1.00000
214.7 94.33105 14 1.00000
214.8 94.42167 14 1.00000
214.9 94.51233 14 1.00000
215.0 94.60288 14 1.00000
215.1 94.25688 14 1.00000
215.2 94.34750 14 1.00000
215.3 94.43814 14 1.00000
215.4 94.52882 14 1.00000
215.5 94.61944 14 1.00000
215.6 94.71000 14 1.00000
215.7 94.80045 14 1.00000
215.8 94.89108 14 1.00000
215.9 94.54547 14 1.00000
216.0 94.63612 14 1.00000
216.1 94.72659 14 1.00000
216.2 94.81716 14 1.00000
216.3 94.90781 14 1.00000
216.4 94.99840 14 1.00000
216.5 95.08893 14 1.00000
216.6 95.17949 14 1.00000
216.7 95.27003 14 1.00000
216.8 94.92471 14 1.00000
216.9 95.01532 14 1.00000
217.0 95.10587 14 1.00000
217.1 95.19645 14 1.00000
217.2 95.28702 14 1.00000
217.3 95.37743 14 1.00000
217.4 95.46802 14 1.00000
217.5 95.55855 14 1.00000
217.6 95.64906 14 1.00000
217.7 95.30416 14 1.00000
217.8 95.39464 14 1.00000
217.9 95.48520 14 1.00000
218.0 95.57571 14 1.00000
218.1 95.66629 14 1.00000
218.2 95.75677 14 1.00000
218.3 95.84727 14 1.00000
218.4 95.93768 14 1.00000
218.5 96.02811 14 1.00000
218.6 95.68368 14 1.00000
218.7 95.77422 14 1.00000
218.8 95.86470 14 1.00000
218.9 95.95512 14 1.00000
219.0 96.04558 14 1.00000
219.1 96.13612 14 1.00000
219.2 96.22660 14 1.00000
219.3 96.31707 14 1.00000
219.4 96.40752 14 1.00000
219.5 96.06321 14 1.00000
219.6 96.15377 14 1.00000
219.7 96.24427 14 1.00000
219.8 96.33471 14 1.00000
219.9 96.42518 14 1.00000
220.0 96.51569 14 1.00000
220.1 96.60594 14 1.00000
220.2 96.69638 14 1.00000
220.3 96.78685 14 1.00000
220.4 96.44310 14 1.00000
220.5 96.53353 14 1.00000
220.6 96.62390 14 1.00000
220.7 96.71436 14 1.00000
220.8 96.80480 14 1.00000
220.9 96.89523 14 1.00000
221.0 96.54556 14 1.00000
221.1 96.63610 14 1.00000
221.2 96.72652 14 1.00000
221.3 96.82286 14 1.00000
221.4 96.91336 14 1.00000
221.5 96.56377 14 1.00000
221.6 96.65428 14 1.00000
221.7 96.74474 14 1.00000
221.8 96.83521 14 1.00000
221.9 96.92574 14 1.00000
222.0 97.01619 14 1.00000
222.1 97.10664 14 1.00000
222.2 96.76310 14 1.00000
222.3 96.85365 14 1.00000
222.4 96.94414 14 1.00000
222.5 97.03461 14 1.00000
222.6 97.12503 14 1.00000
222.7 97.21539 14 1.00000
222.8 97.30577 14 1.00000
222.9 97.39625 14 1.00000
223.0 97.48666 14 1.00000
223.1 97.14368 14 1.00000
223.2 97.23401 14 1.00000
223.3 97.32446 14 1.00000
223.4 97.41491 14 1.00000
223.5 97.50529 14 1.00000
223.6 97.59576 14 1.00000
223.7 97.68616 14 1.00000
223.8 97.77641 14 1.00000
223.9 97.86680 14 1.00000
224.0 97.95716 14 1.00000
224.1 97.61462 14 1.00000
224.2 97.70500 14 1.00000
224.3 97.79527 14 1.00000
224.4 97.88567 14 1.00000
224.5 97.97605 14 1.00000
224.6 98.06643 14 1.00000
224.7 98.15679 14 1.00000
224.8 98.24718 14 1.00000
224.9 98.33752 14 1.00000
225.0 97.99515 14 1.00000
225.1 98.08554 14 1.00000
225.2 98.17597 14 1.00000
225.3 98.26630 14 1.00000
225.4 98.35670 14 1.00000
225.5 98.44690 14 1.00000
225.6 98.53718 14 1.00000
225.7 98.62755 14 1.00000
225.8 98.71780 14 1.00000
225.9 98.37598 14 1.00000
226.0 98.46625 14 1.00000
226.1 98.55659 14 1.00000
226.2 98.64689 14 1.00000
226.3 98.73721 14 1.00000
226.4 98.82752 14 1.00000
226.5 98.91782 14 1.00000
226.6 99.00816 14 1.00000
226.7 99.09824 14 1.00000
226.8 99.18850 14 1.00000
226.9 98.84715 14 1.00000
227.0 98.93742 14 1.00000
227.1 99.02778 14 1.00000
227.2 99.11788 14 1.00000
227.3 99.20816 14 1.00000
227.4 99.29843 14 1.00000
227.5 99.38873 14 1.00000
227.6 99.47897 14 1.00000
227.7 99.56921 14 1.00000
227.8 99.22797 14 1.00000
227.9 99.31826 14 1.00000
228.0 99.40858 14 1.00000
228.1 99.49885 14 1.00000
228.2 99.58905 14 1.00000
228.3 99.67919 14 1.00000
228.4 99.76942 14 1.00000
228.5 99.85963 14 1.00000
228.6 99.94978 14 1.00000
228.7 100.04002 14 1.00000
228.8 99.69921 14 1.00000
228.9 99.78950 14 1.00000
229.0 99.87973 14 1.00000
229.1 99.96990 14 1.00000
229.2 100.06010 14 1.00000
229.3 100.15034 14 1.00000
229.4 100.24053 14 1.00000
229.5 100.33056 14 1.00000
229.6 100.42072 14 1.00000
229.7 100.08044 14 1.00000
229.8 100.17062 14 1.00000
229.9 100.26086 14 1.00000
230.0 100.35086 14 1.00000
230.1 100.44104 14 1.00000
230.2 100.53125 14 1.00000
230.3 100.62140 14 1.00000
230.4 100.71153 14 1.00000
230.5 100.80161 14 1.00000
230.6 100.89172 14 1.00000
230.7 100.55174 14 1.00000
230.8 100.64196 14 1.00000
230.9 100.73207 14 1.00000
231.0 100.82226 14 1.00000
231.1 100.91235 14 1.00000
231.2 101.00233 14 1.00000
231.3 101.09248 14 1.00000
231.4 101.18257 14 1.00000
231.5 101.27261 14 1.00000
231.6 100.93317 14 1.00000
231.7 101.02316 14 1.00000
231.8 101.11329 14 1.00000
231.9 101.20335 14 1.00000
232.0 101.29346 14 1.00000
232.1 101.38359 14 1.00000
232.2 101.47362 14 1.00000
232.3 101.56374 14 1.00000
232.4 101.65359 14 1.00000
232.5 101.74368 14 1.00000
232.6 101.40456 14 1.00000
232.7 101.49466 14 1.00000
232.8 101.58474 14 1.00000
232.9 101.67467 14 1.00000
233.0 101.76473 14 1.00000
233.1 101.85477 14 1.00000
233.2 101.94481 14 1.00000
233.3 102.03484 14 1.00000
233.4 102.12489 14 1.00000
233.5 102.21489 14 1.00000
233.6 101.87609 14 1.00000
233.7 101.96614 14 1.00000
233.8 102.05616 14 1.00000
233.9 102.14621 14 1.00000
234.0 102.23618 14 1.00000
234.1 102.32604 14 1.00000
234.2 102.41608 14 1.00000
234.3 102.50601 14 1.00000
234.4 102.59598 14 1.00000
234.5 102.68598 14 1.00000
234.6 102.34755 14 1.00000
234.7 102.43756 14 1.00000
234.8 102.52760 14 1.00000
234.9 102.61759 14 1.00000
235.0 102.70752 14 1.00000
235.1 102.79748 14 1.00000
235.2 102.88747 14 1.00000
235.3 102.97723 14 1.00000
235.4 103.06715 14 1.00000
235.5 103.15711 14 1.00000
235.6 102.81923 14 1.00000
235.7 102.90919 14 1.00000
235.8 102.99902 14 1.00000
235.9 103.08896 14 1.00000
236.0 103.17894 14 1.00000
236.1 103.26881 14 1.00000
236.2 103.35876 14 1.00000
236.3 103.44866 14 1.00000
236.4 103.53850 14 1.00000
236.5 103.62827 14 1.00000
236.6 103.29080 14 1.00000
236.7 103.38073 14 1.00000
236.8 103.47064 14 1.00000
236.9 103.56059 14 1.00000
237.0 103.65034 14 1.00000
237.1 103.74022 14 1.00000
237.2 103.83004 14 1.00000
237.3 103.91989 14 1.00000
237.4 104.00974 14 1.00000
237.5 104.09961 14 1.00000
237.6 103.76245 14 1.00000
237.7 103.85229 14 1.00000
237.8 103.94221 14 1.00000
237.9 104.03207 14 1.00000
238.0 104.12192 14 1.00000
238.1 104.21171 14 1.00000
238.2 104.30145 14 1.00000
238.3 104.39125 14 1.00000
238.4 104.48106 14 1.00000
238.5 104.57079 14 1.00000
238.6 104.23418 14 1.00000
238.7 104.32394 14 1.00000
238.8 104.41372 14 1.00000
238.9 104.50353 14 1.00000
239.0 104.59339 14 1.00000
239.1 104.68314 14 1.00000
239.2 104.77296 14 1.00000
239.3 104.86269 14 1.00000
239.4 104.95236 14 1.00000
239.5 105.04211 14 1.00000
239.6 104.70585 14 1.00000
239.7 104.79570 14 1.00000
239.8 104.88544 14 1.00000
239.9 104.97513 14 1.00000
240.0 105.06487 14 1.00000
240.1 105.15460 14 1.00000
240.2 105.24435 14 1.00000
240.3 105.33412 14 1.00000
240.4 105.42384 14 1.00000
240.5 105.51350 14 1.00000
240.6 105.17760 14 1.00000
240.7 105.26731 14 1.00000
240.8 105.35711 14 1.00000
240.9 105.44680 14 1.00000
241.0 105.53657 14 1.00000
241.1 105.62624 14 1.00000
241.2 105.71585 14 1.00000
241.3 105.80549 14 1.00000
241.4 105.89517 14 1.00000
241.5 105.98489 14 1.00000
241.6 105.64934 14 1.00000
241.7 105.73901 14 1.00000
241.8 105.82871 14 1.00000
241.9 105.91841 14 1.00000
242.0 106.00814 14 1.00000
242.1 106.09777 14 1.00000
242.2 106.18748 14 1.00000
242.3 106.27708 14 1.00000
242.4 106.36658 14 1.00000
242.5 106.45621 14 1.00000
242.6 106.54582 14 1.00000
242.7 106.21087 14 1.00000
242.8 106.30054 14 1.00000
242.9 106.39011 14 1.00000
243.0 106.47971 14 1.00000
243.1 106.56934 14 1.00000
243.2 106.65900 14 1.00000
243.3 106.74861 14 1.00000
243.4 106.83821 14 1.00000
243.5 106.92780 14 1.00000
243.6 107.01737 14 1.00000
243.7 106.68263 14 1.00000
243.8 106.77231 14 1.00000
243.9 106.86192 14 1.00000
244.0 106.95153 14 1.00000
244.1 107.04099 14 1.00000
244.2 107.13056 14 1.00000
244.3 107.22014 14 1.00000
244.4 107.30969 14 1.00000
244.5 107.39919 14 1.00000
244.6 107.48878 14 1.00000
244.7 107.57825 14 1.00000
244.8 107.24406 14 1.00000
244.9 107.33364 14 1.00000
245.0 107.42320 14 1.00000
245.1 107.51271 14 1.00000
245.2 107.60229 14 1.00000
245.3 107.69183 14 1.00000
245.4 107.78121 14 1.00000
245.5 107.87067 14 1.00000
245.6 107.96017 14 1.00000
245.7 108.04965 14 1.00000
245.8 108.13912 14 1.00000
245.9 107.80534 14 1.00000
246.0 107.89487 14 1.00000
246.1 107.98438 14 1.00000
246.2 108.07388 14 1.00000
246.3 108.16342 14 1.00000
246.4 108.25285 14 1.00000
246.5 108.34232 14 1.00000
246.6 108.43182 14 1.00000
246.7 108.52109 14 1.00000
246.8 108.61053 14 1.00000
246.9 108.27727 14 1.00000
247.0 108.36680 14 1.00000
247.1 108.45609 14 1.00000
247.2 108.54556 14 1.00000
247.3 108.63500 14 1.00000
247.4 108.72444 14 1.00000
247.5 108.81387 14 1.00000
247.6 108.90329 14 1.00000
247.7 108.99270 14 1.00000
247.8 109.08209 14 1.00000
247.9 109.17134 14 1.00000
248.0 108.83858 14 1.00000
248.1 108.92802 14 1.00000
248.2 109.01740 14 1.00000
248.3 109.10685 14 1.00000
248.4 109.19608 14 1.00000
248.5 109.26940 14 1.00000
248.6 109.35880 14 1.00000
248.7 109.44820 14 1.00000
248.8 109.53757 14 1.00000
248.9 109.62694 14 1.00000
249.0 109.71625 14 1.00000
249.1 109.38361 14 1.00000
249.2 109.47301 14 1.00000
249.3 109.56246 14 1.00000
249.4 109.65179 14 1.00000
249.5 109.74122 14 1.00000
249.6 109.83049 14 1.00000
249.7 109.91971 14 1.00000
249.8 110.00909 14 1.00000
249.9 110.09842 14 1.00000
250.0 110.18769 14 1.00000
