15.0 2.09959 13 0.09457
15.1 2.14361 13 0.09760
15.2 2.18849 13 0.10073
15.3 2.23279 13 0.10410
15.4 2.27632 13 0.10766
15.5 2.32458 13 0.11087
15.6 2.36907 13 0.11452
15.7 2.41374 13 0.11822
15.8 2.45737 13 0.12203
15.9 2.50206 14 0.12585
16.0 2.56125 14 0.12968
16.1 2.62151 14 0.13353
16.2 2.68284 14 0.13738
16.3 2.74498 14 0.14124
16.4 2.80811 14 0.14512
16.5 2.87223 14 0.14901
16.6 2.93734 14 0.15290
16.7 3.00345 14 0.15681
16.8 3.07058 14 0.16073
16.9 3.13870 14 0.16465
17.0 3.20784 14 0.16859
17.1 3.27624 14 0.17257
17.2 3.34731 14 0.17653
17.3 3.41942 14 0.18049
17.4 3.49255 14 0.18446
17.5 3.56671 14 0.18844
17.6 3.64191 14 0.19242
17.7 3.71816 14 0.19642
17.8 3.79541 14 0.20043
17.9 3.87374 14 0.20444
18.0 3.95388 14 0.20845
18.1 4.02523 14 0.21248
18.2 4.09357 14 0.21651
18.3 4.16248 14 0.22056
18.4 4.23197 14 0.22461
18.5 4.29921 14 0.22871
18.6 4.36970 14 0.23277
18.7 4.44073 14 0.23685
18.8 4.51229 14 0.24093
18.9 4.58439 14 0.24502
19.0 4.65702 14 0.24911
19.1 4.73055 14 0.25321
19.2 4.83808 14 0.25981
19.3 4.94694 14 0.26651
19.4 5.05730 14 0.27327
19.5 5.16504 14 0.28014
19.6 5.27816 14 0.28703
19.7 5.39274 14 0.29399
19.8 5.50883 14 0.30102
19.9 5.62643 14 0.30811
20.0 5.74553 14 0.31526
20.1 5.86774 14 0.32248
20.2 5.99001 14 0.32977
20.3 6.11379 14 0.33713
20.4 6.23330 14 0.34459
20.5 6.35986 14 0.35208
20.6 6.48794 14 0.35965
20.7 6.67699 14 0.36746
20.8 6.80738 14 0.37516
20.9 6.93988 14 0.38293
21.0 7.03112 14 0.38781
21.1 7.10203 14 0.39142
21.2 7.16575 14 0.39508
21.3 7.23689 14 0.39871
21.4 7.30827 14 0.40235
21.5 7.37979 14 0.40600
21.6 7.45153 14 0.40966
21.7 7.52476 14 0.41332
21.8 7.59827 14 0.41700
21.9 7.66219 14 0.42072
22.0 7.73458 14 0.42442
22.1 7.80716 14 0.42812
22.2 7.87985 14 0.43184
22.3 7.95268 14 0.43556
22.4 8.02567 14 0.43930
22.5 8.10184 14 0.44303
22.6 8.16548 14 0.44682
22.7 8.23872 14 0.45059
22.8 8.31207 14 0.45436
22.9 8.38551 14 0.45814
23.0 8.45904 14 0.46194
23.1 8.53259 14 0.46574
23.2 8.59898 14 0.46958
23.3 8.67266 14 0.47340
23.4 8.74636 14 0.47723
23.5 8.82018 14 0.48107
23.6 8.89393 14 0.48492
23.7 8.96768 14 0.48879
23.8 9.02928 14 0.49269
23.9 9.10686 14 0.49656
24.0 9.18059 14 0.50045
24.1 9.25425 14 0.50435
24.2 9.32802 14 0.50826
24.3 9.38850 14 0.51222
24.4 9.46170 14 0.51615
24.5 9.53594 14 0.52009
24.6 9.61265 14 0.52403
24.7 9.68598 14 0.52799
24.8 9.74498 14 0.53199
24.9 9.81782 14 0.53598
25.0 9.89031 14 0.53997
25.1 9.96261 14 0.54397
25.2 10.04008 14 0.54797
25.3 10.09723 14 0.55202
25.4 10.16922 14 0.55605
25.5 10.24109 14 0.56009
25.6 10.31267 14 0.56415
25.7 10.36762 14 0.56824
25.8 10.43865 14 0.57231
25.9 10.51481 14 0.57638
26.0 10.58557 14 0.58048
26.1 10.63869 14 0.58461
26.2 10.70826 14 0.58872
26.3 10.77760 14 0.59285
26.4 10.82855 14 0.59701
26.5 10.90357 14 0.60115
26.6 10.97222 14 0.60530
26.7 11.02180 14 0.60950
26.8 11.08919 14 0.61367
26.9 11.13702 14 0.61789
27.0 11.18406 14 0.62212
27.1 11.25053 14 0.62632
27.2 11.26537 14 0.63062
27.3 11.27226 14 0.63493
27.4 11.33467 14 0.63917
27.5 11.39635 14 0.64342
27.6 11.45751 14 0.64768
27.7 11.51806 14 0.65195
27.8 11.58623 14 0.65622
27.9 11.64642 14 0.66051
28.0 11.70609 14 0.66481
28.1 11.76485 14 0.66912
28.2 11.82293 14 0.67344
28.3 11.88039 14 0.67778
28.4 11.94014 14 0.68212
28.5 12.00277 14 0.68647
28.6 12.05888 14 0.69083
28.7 12.11429 14 0.69521
28.8 12.16893 14 0.69959
28.9 12.22268 14 0.70399
29.0 12.27595 14 0.70840
29.1 12.33848 14 0.71281
29.2 12.39086 14 0.71724
29.3 12.44225 14 0.72168
29.4 12.49267 14 0.72613
29.5 12.54224 14 0.73059
29.6 12.59103 14 0.73506
29.7 12.65003 14 0.73953
29.8 12.69780 14 0.74403
29.9 12.74463 14 0.74853
30.0 12.79055 14 0.75305
30.1 12.83560 14 0.75758
30.2 12.87977 14 0.76211
30.3 12.92302 14 0.76666
30.4 12.97727 14 0.77121
30.5 13.01893 14 0.77578
30.6 13.05962 14 0.78036
30.7 13.09925 14 0.78495
30.8 13.13796 14 0.78955
30.9 13.17563 14 0.79417
31.0 13.22483 14 0.79878
31.1 13.26091 14 0.80341
31.2 13.29601 14 0.80806
31.3 13.32993 14 0.81272
31.4 13.36297 14 0.81738
31.5 13.39463 14 0.82206
31.6 13.42482 14 0.82675
31.7 13.46777 14 0.83144
31.8 13.49645 14 0.83615
31.9 13.52402 14 0.84087
32.0 13.55019 14 0.84560
32.1 13.57520 14 0.85034
32.2 13.59875 14 0.85510
32.3 13.63540 14 0.85985
32.4 13.65735 14 0.86463
32.5 13.67803 14 0.86941
32.6 13.69740 14 0.87421
32.7 13.71549 14 0.87901
32.8 13.73168 14 0.88383
32.9 13.74669 14 0.88866
33.0 13.77565 14 0.89349
33.1 13.78872 14 0.89834
33.2 13.80057 14 0.90320
33.3 13.80664 14 0.90807
33.4 13.79072 14 0.91296
33.5 13.73898 14 0.91787
33.6 13.65052 14 0.92279
33.7 13.53869 14 0.92773
33.8 13.09735 14 0.93278
33.9 12.60699 14 0.93784
34.0 12.19956 14 0.94287
34.1 11.97630 14 0.94785
34.2 12.07427 14 0.95274
34.3 12.09852 14 0.95767
34.4 12.22583 14 0.96258
34.5 12.30810 14 0.96752
34.6 12.42272 14 0.97247
34.7 12.50205 14 0.97744
34.8 12.61882 14 0.98242
34.9 12.69190 14 0.98742
35.0 12.80150 14 0.99243
35.1 12.90442 14 0.99745
35.2 12.98374 14 1.00000
35.3 13.00597 14 1.00000
35.4 13.05673 14 1.00000
35.5 13.07715 14 1.00000
35.6 13.13110 14 1.00000
35.7 13.17541 14 1.00000
35.8 13.21997 14 1.00000
35.9 13.27191 14 1.00000
36.0 13.30193 14 1.00000
36.1 13.34480 14 1.00000
36.2 13.36983 14 1.00000
36.3 13.39597 14 1.00000
36.4 13.42376 14 1.00000
36.5 13.46415 14 1.00000
36.6 13.45727 14 1.00000
36.7 13.47763 14 1.00000
36.8 13.49981 14 1.00000
36.9 13.52337 14 1.00000
37.0 13.54443 14 1.00000
37.1 13.56472 14 1.00000
37.2 13.58278 14 1.00000
37.3 13.60401 14 1.00000
37.4 13.62562 14 1.00000
37.5 13.64674 14 1.00000
37.6 13.66795 14 1.00000
37.7 13.68834 14 1.00000
37.8 13.60668 14 1.00000
37.9 13.60544 14 1.00000
38.0 13.50144 14 1.00000
38.1 13.48801 14 1.00000
38.2 13.48813 14 1.00000
38.3 13.42440 14 1.00000
38.4 13.34160 14 1.00000
38.5 13.33335 14 1.00000
38.6 13.33180 14 1.00000
38.7 13.30574 14 1.00000
38.8 13.22586 14 1.00000
38.9 13.23134 14 1.00000
39.0 13.22764 14 1.00000
39.1 13.12421 14 0.99753
39.2 12.96929 14 0.99020
39.3 12.97931 14 0.99067
39.4 12.99839 14 0.99158
39.5 12.83959 14 0.98402
39.6 12.77429 14 0.98090
39.7 12.78872 14 0.98159
39.8 12.64787 14 0.97483
39.9 12.53226 14 0.96925
40.0 12.49717 14 0.96755
40.1 12.51008 14 0.96818
40.2 12.51097 14 0.96822
40.3 12.38948 14 0.96233
40.4 12.31513 14 0.95870
40.5 12.21159 14 0.95364
40.6 12.20285 14 0.95321
40.7 12.11707 14 0.94900
40.8 11.98024 14 0.94224
40.9 11.92342 14 0.93942
41.0 11.91436 14 0.93897
41.1 11.71225 14 0.92889
41.2 11.64130 14 0.92533
41.3 11.67274 14 0.92690
41.4 11.74701 14 0.93063
41.5 11.88515 14 0.93752
41.6 11.97772 14 0.94211
41.7 12.10778 14 0.94854
41.8 12.17892 14 0.95204
41.9 12.22260 14 0.95418
42.0 12.26447 14 0.95623
42.1 12.33651 14 0.95975
42.2 12.36582 14 0.96118
42.3 12.50698 14 0.96803
42.4 12.57145 14 0.97115
42.5 12.68906 14 0.97681
42.6 12.74329 14 0.97941
42.7 12.86486 14 0.98523
42.8 12.90259 14 0.98703
42.9 13.03377 14 0.99326
43.0 13.14090 14 0.99832
43.1 13.19065 14 1.00000
43.2 13.23768 14 1.00000
43.3 13.26739 14 1.00000
43.4 13.31505 14 1.00000
43.5 13.34572 14 1.00000
43.6 13.39200 14 1.00000
43.7 13.42562 14 1.00000
43.8 13.43744 14 1.00000
43.9 13.50470 14 1.00000
44.0 13.52381 14 1.00000
44.1 13.58444 14 1.00000
44.2 13.61202 14 1.00000
44.3 13.66179 14 1.00000
44.4 13.69620 14 1.00000
44.5 13.70845 14 1.00000
44.6 13.77796 14 1.00000
44.7 13.80541 14 1.00000
44.8 13.84154 14 1.00000
44.9 13.89302 14 1.00000
45.0 13.91538 14 1.00000
45.1 13.97062 14 1.00000
45.2 14.00868 14 1.00000
45.3 14.02872 14 1.00000
45.4 14.08701 14 1.00000
45.5 14.12601 14 1.00000
45.6 14.14880 14 1.00000
45.7 14.19249 14 1.00000
45.8 14.24443 14 1.00000
45.9 14.27188 14 1.00000
46.0 14.26840 14 1.00000
46.1 14.36072 14 1.00000
46.2 14.39729 14 1.00000
46.3 14.41475 14 1.00000
46.4 14.43378 14 1.00000
46.5 14.51842 14 1.00000
46.6 14.55224 14 1.00000
46.7 14.56681 14 1.00000
46.8 14.59461 14 1.00000
46.9 14.67528 14 1.00000
47.0 14.71096 14 1.00000
47.1 14.73072 14 1.00000
47.2 14.74313 14 1.00000
47.3 14.83040 14 1.00000
47.4 14.87195 14 1.00000
47.5 14.90192 14 1.00000
47.6 14.90271 14 1.00000
47.7 14.94826 14 1.00000
47.8 15.02737 14 1.00000
47.9 15.06920 14 1.00000
48.0 15.10065 14 1.00000
48.1 15.10267 14 1.00000
48.2 15.13830 14 1.00000
48.3 15.24874 14 1.00000
48.4 15.26664 14 1.00000
48.5 15.30644 14 1.00000
48.6 15.33548 14 1.00000
48.7 15.34094 14 1.00000
48.8 15.37476 14 1.00000
48.9 15.48223 14 1.00000
49.0 15.50168 14 1.00000
49.1 15.54595 14 1.00000
49.2 15.58217 14 1.00000
49.3 15.61094 14 1.00000
49.4 15.62030 14 1.00000
49.5 15.69870 14 1.00000
49.6 15.75279 14 1.00000
49.7 15.80505 14 1.00000
49.8 15.82241 14 1.00000
49.9 15.86574 14 1.00000
50.0 15.90358 14 1.00000
50.1 15.93663 14 1.00000
50.2 15.98230 14 1.00000
50.3 16.00304 14 1.00000
50.4 16.05336 14 1.00000
50.5 16.10698 14 1.00000
50.6 16.16086 14 1.00000
50.7 16.20715 14 1.00000
50.8 16.22367 14 1.00000
50.9 16.26707 14 1.00000
51.0 16.30760 14 1.00000
51.1 16.34773 14 1.00000
51.2 16.33209 14 1.00000
51.3 16.37743 14 1.00000
51.4 16.42783 14 1.00000
51.5 16.47815 14 1.00000
51.6 16.52922 14 1.00000
51.7 16.57938 14 1.00000
51.8 16.62879 14 1.00000
51.9 16.67779 14 1.00000
52.0 16.72572 14 1.00000
52.1 16.72853 14 1.00000
52.2 16.79181 14 1.00000
52.3 16.83178 14 1.00000
52.4 16.86909 14 1.00000
52.5 16.90598 14 1.00000
52.6 16.94203 14 1.00000
52.7 16.97708 14 1.00000
52.8 17.01315 14 1.00000
52.9 17.03654 14 1.00000
53.0 17.07462 14 1.00000
53.1 17.13734 14 1.00000
53.2 17.19381 14 1.00000
53.3 17.25135 14 1.00000
53.4 17.24882 14 1.00000
53.5 17.29453 14 1.00000
53.6 17.33643 14 1.00000
53.7 17.38188 14 1.00000
53.8 17.42625 14 1.00000
53.9 17.46987 14 1.00000
54.0 17.51304 14 1.00000
54.1 17.55537 14 1.00000
54.2 17.59336 14 1.00000
54.3 17.63950 14 1.00000
54.4 17.68064 14 1.00000
54.5 17.72173 14 1.00000
54.6 17.72084 14 1.00000
54.7 17.81914 14 1.00000
54.8 17.85775 14 1.00000
54.9 17.89783 14 1.00000
55.0 17.93810 14 1.00000
55.1 17.97707 14 1.00000
55.2 18.02055 14 1.00000
55.3 18.06629 14 1.00000
55.4 18.10572 14 1.00000
55.5 18.10860 14 1.00000
55.6 18.15592 14 1.00000
55.7 18.23247 14 1.00000
55.8 18.26938 14 1.00000
55.9 18.30814 14 1.00000
56.0 18.34734 14 1.00000
56.1 18.39069 14 1.00000
56.2 18.42778 14 1.00000
56.3 18.46918 14 1.00000
56.4 18.50587 14 1.00000
56.5 18.54343 14 1.00000
56.6 18.57447 14 1.00000
56.7 18.58553 14 1.00000
56.8 18.65958 14 1.00000
56.9 18.70547 14 1.00000
57.0 18.74294 14 1.00000
57.1 18.77880 14 1.00000
57.2 18.81214 14 1.00000
57.3 18.84765 14 1.00000
57.4 18.85959 14 1.00000
57.5 18.92925 14 1.00000
57.6 18.95974 14 1.00000
57.7 18.99490 14 1.00000
57.8 19.03452 14 1.00000
57.9 19.07346 14 1.00000
58.0 19.11611 14 1.00000
58.1 19.16432 14 1.00000
58.2 19.17975 14 1.00000
58.3 19.22449 14 1.00000
58.4 19.27233 14 1.00000
58.5 19.31894 14 1.00000
58.6 19.36320 14 1.00000
58.7 19.41224 14 1.00000
58.8 19.45525 14 1.00000
58.9 19.51432 14 1.00000
59.0 19.56124 14 1.00000
59.1 19.60426 14 1.00000
59.2 19.64639 14 1.00000
59.3 19.69629 14 1.00000
59.4 19.73870 14 1.00000
59.5 19.78252 14 1.00000
59.6 19.82283 14 1.00000
59.7 19.86461 14 1.00000
59.8 19.89954 14 1.00000
59.9 19.94223 14 1.00000
60.0 19.97974 14 1.00000
60.1 20.01799 14 1.00000
60.2 20.09401 14 1.00000
60.3 20.12175 14 1.00000
60.4 20.15196 14 1.00000
60.5 20.18976 14 1.00000
60.6 20.22363 14 1.00000
60.7 20.25147 14 1.00000
60.8 20.28699 14 1.00000
60.9 20.33438 14 1.00000
61.0 20.35797 14 1.00000
61.1 20.37931 14 1.00000
61.2 20.43067 14 1.00000
61.3 20.48660 14 1.00000
61.4 20.53909 14 1.00000
61.5 20.58517 14 1.00000
61.6 20.65140 14 1.00000
61.7 20.69828 14 1.00000
61.8 20.74410 14 1.00000
61.9 20.78619 14 1.00000
62.0 20.84513 14 1.00000
62.1 20.87415 14 1.00000
62.2 20.91774 14 1.00000
62.3 20.95150 14 1.00000
62.4 20.99582 14 1.00000
62.5 21.02524 14 1.00000
62.6 21.09254 14 1.00000
62.7 21.13806 14 1.00000
62.8 21.16958 14 1.00000
62.9 21.19734 14 1.00000
63.0 21.23165 14 1.00000
63.1 21.25587 14 1.00000
63.2 21.32880 14 1.00000
63.3 21.32642 14 1.00000
63.4 21.35496 14 1.00000
63.5 21.39872 14 1.00000
63.6 21.46039 14 1.00000
63.7 21.55275 14 1.00000
63.8 21.59008 14 1.00000
63.9 21.60936 14 1.00000
64.0 21.67221 14 1.00000
64.1 21.71405 14 1.00000
64.2 21.77006 14 1.00000
64.3 21.80650 14 1.00000
64.4 21.85734 14 1.00000
64.5 21.89357 14 1.00000
64.6 21.92409 14 1.00000
64.7 21.97423 14 1.00000
64.8 22.00502 14 1.00000
64.9 22.06956 14 1.00000
65.0 22.09605 14 1.00000
65.1 22.13490 14 1.00000
65.2 22.17407 14 1.00000
65.3 22.19881 14 1.00000
65.4 22.23893 14 1.00000
65.5 22.26054 14 1.00000
65.6 22.29006 14 1.00000
65.7 22.36008 14 1.00000
65.8 22.39745 14 1.00000
65.9 22.47360 14 1.00000
66.0 22.50745 14 1.00000
66.1 22.55688 14 1.00000
66.2 22.61621 14 1.00000
66.3 22.66664 14 1.00000
66.4 22.71625 14 1.00000
66.5 22.75592 14 1.00000
66.6 22.80146 14 1.00000
66.7 22.84050 14 1.00000
66.8 22.88489 14 1.00000
66.9 22.92084 14 1.00000
67.0 22.96337 14 1.00000
67.1 23.04634 14 1.00000
67.2 23.05734 14 1.00000
67.3 23.09310 14 1.00000
67.4 23.13033 14 1.00000
67.5 23.14893 14 1.00000
67.6 23.16082 14 1.00000
67.7 23.23630 14 1.00000
67.8 23.32544 14 1.00000
67.9 23.32471 14 1.00000
68.0 23.33305 14 1.00000
68.1 23.40115 14 1.00000
68.2 23.45353 14 1.00000
68.3 23.51178 14 1.00000
68.4 23.56164 14 1.00000
68.5 23.60444 14 1.00000
68.6 23.67284 14 1.00000
68.7 23.72108 14 1.00000
68.8 23.75821 14 1.00000
68.9 23.80597 14 1.00000
69.0 23.85596 14 1.00000
69.1 23.88847 14 1.00000
69.2 23.92919 14 1.00000
69.3 23.95794 14 1.00000
69.4 24.00584 14 1.00000
69.5 24.08862 14 1.00000
69.6 24.11847 14 1.00000
69.7 24.14757 14 1.00000
69.8 24.17604 14 1.00000
69.9 24.20512 14 1.00000
70.0 24.23977 14 1.00000
70.1 24.27868 14 1.00000
70.2 24.30693 14 1.00000
70.3 24.33924 14 1.00000
70.4 24.38839 14 1.00000
70.5 24.45660 14 1.00000
70.6 24.50832 14 1.00000
70.7 24.56892 14 1.00000
70.8 24.62075 14 1.00000
70.9 24.66396 14 1.00000
71.0 24.73374 14 1.00000
71.1 24.78332 14 1.00000
71.2 24.82668 14 1.00000
71.3 24.87603 14 1.00000
71.4 24.91791 14 1.00000
71.5 24.94497 14 1.00000
71.6 24.99560 14 1.00000
71.7 25.03666 14 1.00000
71.8 25.06919 14 1.00000
71.9 25.11710 14 1.00000
72.0 25.19119 14 1.00000
72.1 25.22904 14 1.00000
72.2 25.26240 14 1.00000
72.3 25.29596 14 1.00000
72.4 25.31599 14 1.00000
72.5 25.35186 14 1.00000
72.6 25.39260 14 1.00000
72.7 25.42263 14 1.00000
72.8 25.45476 14 1.00000
72.9 25.49940 14 1.00000
73.0 25.54968 14 1.00000
73.1 25.62282 14 1.00000
73.2 25.66495 14 1.00000
73.3 25.72483 14 1.00000
73.4 25.77143 14 1.00000
73.5 25.83128 14 1.00000
73.6 25.90054 14 1.00000
73.7 25.94716 14 1.00000
73.8 25.97648 14 1.00000
73.9 26.03068 14 1.00000
74.0 26.08005 14 1.00000
74.1 26.12798 14 1.00000
74.2 26.17255 14 1.00000
74.3 26.19738 14 1.00000
74.4 26.25229 14 1.00000
74.5 26.28777 14 1.00000
74.6 26.36489 14 1.00000
74.7 26.40563 14 1.00000
74.8 26.44063 14 1.00000
74.9 26.45822 14 1.00000
75.0 26.50092 14 1.00000
75.1 26.54097 14 1.00000
75.2 26.56544 14 1.00000
75.3 26.59353 14 1.00000
75.4 26.62638 14 1.00000
75.5 26.66571 14 1.00000
75.6 26.69711 14 1.00000
75.7 26.77461 14 1.00000
75.8 26.84599 14 1.00000
75.9 26.88040 14 1.00000
76.0 26.93889 14 1.00000
76.1 27.01143 14 1.00000
76.2 27.05188 14 1.00000
76.3 27.10387 14 1.00000
76.4 27.17624 14 1.00000
76.5 27.21753 14 1.00000
76.6 27.27175 14 1.00000
76.7 27.31585 14 1.00000
76.8 27.34918 14 1.00000
76.9 27.40470 14 1.00000
77.0 27.43233 14 1.00000
77.1 27.47010 14 1.00000
77.2 27.50677 14 1.00000
77.3 27.56132 14 1.00000
77.4 27.63057 14 1.00000
77.5 27.68197 14 1.00000
77.6 27.70604 14 1.00000
77.7 27.75116 14 1.00000
77.8 27.76737 14 1.00000
77.9 27.81884 14 1.00000
78.0 27.84934 14 1.00000
78.1 27.87886 14 1.00000
78.2 27.91551 14 1.00000
78.3 27.94775 14 1.00000
78.4 27.98534 14 1.00000
78.5 28.05434 14 1.00000
78.6 28.12022 14 1.00000
78.7 28.15402 14 1.00000
78.8 28.22270 14 1.00000
78.9 28.26931 14 1.00000
79.0 28.34484 14 1.00000
79.1 28.38302 14 1.00000
79.2 28.46037 14 1.00000
79.3 28.50134 14 1.00000
79.4 28.56153 14 1.00000
79.5 28.59254 14 1.00000
79.6 28.65528 14 1.00000
79.7 28.70030 14 1.00000
79.8 28.72872 14 1.00000
79.9 28.78568 14 1.00000
80.0 28.81734 14 1.00000
80.1 28.84832 14 1.00000
80.2 28.88012 14 1.00000
80.3 29.00402 14 1.00000
80.4 29.02311 14 1.00000
80.5 29.06677 14 1.00000
80.6 29.09329 14 1.00000
80.7 29.13699 14 1.00000
80.8 29.17015 14 1.00000
80.9 29.19630 14 1.00000
81.0 29.22975 14 1.00000
81.1 29.26262 14 1.00000
81.2 29.30452 14 1.00000
81.3 29.33771 14 1.00000
81.4 29.36811 14 1.00000
81.5 29.42200 14 1.00000
81.6 29.48849 14 1.00000
81.7 29.55977 14 1.00000
81.8 29.62176 14 1.00000
81.9 29.67582 14 1.00000
82.0 29.71622 14 1.00000
82.1 29.79307 14 1.00000
82.2 29.82973 14 1.00000
82.3 29.89949 14 1.00000
82.4 29.96209 14 1.00000
82.5 29.98995 14 1.00000
82.6 30.04901 14 1.00000
82.7 30.09591 14 1.00000
82.8 30.15242 14 1.00000
82.9 30.19638 14 1.00000
83.0 30.21872 14 1.00000
83.1 30.28005 14 1.00000
83.2 30.32405 14 1.00000
83.3 30.36304 14 1.00000
83.4 30.38222 14 1.00000
83.5 30.49414 14 1.00000
83.6 30.53232 14 1.00000
83.7 30.56531 14 1.00000
83.8 30.59398 14 1.00000
83.9 30.61876 14 1.00000
84.0 30.67533 14 1.00000
84.1 30.71059 14 1.00000
84.2 30.74478 14 1.00000
84.3 30.75837 14 1.00000
84.4 30.80973 14 1.00000
84.5 30.84511 14 1.00000
84.6 30.87694 14 1.00000
84.7 30.93598 14 1.00000
84.8 31.00669 14 1.00000
84.9 31.07231 14 1.00000
85.0 31.13325 14 1.00000
85.1 31.18954 14 1.00000
85.2 31.23430 14 1.00000
85.3 31.30724 14 1.00000
85.4 31.34992 14 1.00000
85.5 31.41168 14 1.00000
85.6 31.47985 14 1.00000
85.7 31.51073 14 1.00000
85.8 31.57353 14 1.00000
85.9 31.62870 14 1.00000
86.0 31.67500 14 1.00000
86.1 31.71323 14 1.00000
86.2 31.76064 14 1.00000
86.3 31.81501 14 1.00000
86.4 31.84370 14 1.00000
86.5 31.89888 14 1.00000
86.6 31.94344 14 1.00000
86.7 31.98246 14 1.00000
86.8 32.09257 14 1.00000
86.9 32.12097 14 1.00000
87.0 32.15745 14 1.00000
87.1 32.19491 14 1.00000
87.2 32.23013 14 1.00000
87.3 32.26549 14 1.00000
87.4 32.30178 14 1.00000
87.5 32.34023 14 1.00000
87.6 32.37622 14 1.00000
87.7 32.38533 14 1.00000
87.8 32.44424 14 1.00000
87.9 32.46219 14 1.00000
88.0 32.51299 14 1.00000
88.1 32.54190 14 1.00000
88.2 32.62087 14 1.00000
88.3 32.69289 14 1.00000
88.4 32.75727 14 1.00000
88.5 32.81069 14 1.00000
88.6 32.85955 14 1.00000
88.7 32.94135 14 1.00000
88.8 32.99004 14 1.00000
88.9 33.05183 14 1.00000
89.0 33.07703 14 1.00000
89.1 33.14268 14 1.00000
89.2 33.20665 14 1.00000
89.3 33.27648 14 1.00000
89.4 33.32793 14 1.00000
89.5 33.37750 14 1.00000
89.6 33.42572 14 1.00000
89.7 33.46476 14 1.00000
89.8 33.50921 14 1.00000
89.9 33.56424 14 1.00000
90.0 33.59008 14 1.00000
90.1 33.65151 14 1.00000
90.2 33.67516 14 1.00000
90.3 33.72820 14 1.00000
90.4 33.77378 14 1.00000
90.5 33.86443 14 1.00000
90.6 33.89123 14 1.00000
90.7 33.94015 14 1.00000
90.8 33.98093 14 1.00000
90.9 34.02438 14 1.00000
91.0 34.06352 14 1.00000
91.1 34.10567 14 1.00000
91.2 34.14160 14 1.00000
91.3 34.17112 14 1.00000
91.4 34.21560 14 1.00000
91.5 34.23852 14 1.00000
91.6 34.28452 14 1.00000
91.7 34.31882 14 1.00000
91.8 34.34711 14 1.00000
91.9 34.42080 14 1.00000
92.0 34.47448 14 1.00000
92.1 34.56421 14 1.00000
92.2 34.62894 14 1.00000
92.3 34.67840 14 1.00000
92.4 34.75413 14 1.00000
92.5 34.80737 14 1.00000
92.6 34.86930 14 1.00000
92.7 34.90644 14 1.00000
92.8 34.97684 14 1.00000
92.9 35.03130 14 1.00000
93.0 35.09338 14 1.00000
93.1 35.15508 14 1.00000
93.2 35.20813 14 1.00000
93.3 35.25878 14 1.00000
93.4 35.30785 14 1.00000
93.5 35.35282 14 1.00000
93.6 35.38496 14 1.00000
93.7 35.44115 14 1.00000
93.8 35.49616 14 1.00000
93.9 35.51440 14 1.00000
94.0 35.58439 14 1.00000
94.1 35.60220 14 1.00000
94.2 35.66736 14 1.00000
94.3 35.77211 14 1.00000
94.4 35.79482 14 1.00000
94.5 35.84698 14 1.00000
94.6 35.89845 14 1.00000
94.7 35.93851 14 1.00000
94.8 35.97321 14 1.00000
94.9 35.99565 14 1.00000
95.0 36.05359 14 1.00000
95.1 36.09203 14 1.00000
95.2 36.12247 14 1.00000
95.3 36.16812 14 1.00000
95.4 36.20232 14 1.00000
95.5 36.22540 14 1.00000
95.6 36.27787 14 1.00000
95.7 36.31176 14 1.00000
95.8 36.33969 14 1.00000
95.9 36.39988 14 1.00000
96.0 36.48192 14 1.00000
96.1 36.54325 14 1.00000
96.2 36.62388 14 1.00000
96.3 36.68430 14 1.00000
96.4 36.75297 14 1.00000
96.5 36.81258 14 1.00000
96.6 36.87429 14 1.00000
96.7 36.92059 14 1.00000
96.8 36.98953 14 1.00000
96.9 37.04383 14 1.00000
97.0 37.09626 14 1.00000
97.1 37.16891 14 1.00000
97.2 37.22618 14 1.00000
97.3 37.27923 14 1.00000
97.4 37.33105 14 1.00000
97.5 37.38215 14 1.00000
97.6 37.43185 14 1.00000
97.7 37.47831 14 1.00000
97.8 37.51228 14 1.00000
97.9 37.57489 14 1.00000
98.0 37.62337 14 1.00000
98.1 37.65255 14 1.00000
98.2 37.71255 14 1.00000
98.3 37.75050 14 1.00000
98.4 37.79816 14 1.00000
98.5 37.91019 14 1.00000
98.6 37.95418 14 1.00000
98.7 38.00155 14 1.00000
98.8 38.04018 14 1.00000
98.9 38.07529 14 1.00000
99.0 38.12414 14 1.00000
99.1 38.15281 14 1.00000
99.2 38.20284 14 1.00000
99.3 38.24310 14 1.00000
99.4 38.28111 14 1.00000
99.5 38.32097 14 1.00000
99.6 38.36310 14 1.00000
99.7 38.38809 14 1.00000
99.8 38.43589 14 1.00000
99.9 38.47573 14 1.00000
100.0 38.51097 14 1.00000
100.1 38.54134 14 1.00000
100.2 38.56785 14 1.00000
100.3 38.37634 14 1.00000
100.4 38.39069 14 1.00000
100.5 38.45327 14 1.00000
100.6 38.49117 14 1.00000
100.7 38.52427 14 1.00000
100.8 38.55305 14 1.00000
100.9 38.58324 14 1.00000
101.0 38.38580 14 1.00000
101.1 38.42648 14 1.00000
101.2 38.47016 14 1.00000
101.3 38.50590 14 1.00000
101.4 38.53697 14 1.00000
101.5 38.56392 14 1.00000
101.6 38.62603 14 1.00000
101.7 38.39036 14 1.00000
101.8 38.44730 14 1.00000
101.9 38.48601 14 1.00000
102.0 38.51985 14 1.00000
102.1 38.54925 14 1.00000
102.2 38.57520 14 1.00000
102.3 38.38330 14 1.00000
102.4 38.41204 14 1.00000
102.5 38.46494 14 1.00000
102.6 38.50148 14 1.00000
102.7 38.53316 14 1.00000
102.8 38.56058 14 1.00000
102.9 38.61356 14 1.00000
103.0 38.38960 14 1.00000
103.1 38.44222 14 1.00000
103.2 38.48164 14 1.00000
103.3 38.51611 14 1.00000
103.4 38.54607 14 1.00000
103.5 38.57224 14 1.00000
103.6 38.38086 14 1.00000
103.7 38.40136 14 1.00000
103.8 38.46045 14 1.00000
103.9 38.49781 14 1.00000
104.0 38.53001 14 1.00000
104.1 38.55785 14 1.00000
104.2 38.60331 14 1.00000
104.3 38.38867 14 1.00000
104.4 38.43810 14 1.00000
104.5 38.47810 14 1.00000
104.6 38.51306 14 1.00000
104.7 38.54352 14 1.00000
104.8 38.56989 14 1.00000
104.9 38.37865 14 1.00000
105.0 38.39359 14 1.00000
105.1 38.45699 14 1.00000
105.2 38.49492 14 1.00000
105.3 38.52753 14 1.00000
105.4 38.55623 14 1.00000
105.5 38.59538 14 1.00000
105.6 38.38778 14 1.00000
105.7 38.43495 14 1.00000
105.8 38.47542 14 1.00000
105.9 38.51076 14 1.00000
106.0 38.54148 14 1.00000
106.1 38.56816 14 1.00000
106.2 38.37671 14 1.00000
106.3 38.39068 14 1.00000
106.4 38.45446 14 1.00000
106.5 38.49284 14 1.00000
106.6 38.52575 14 1.00000
106.7 38.55475 14 1.00000
106.8 38.58982 14 1.00000
106.9 38.38708 14 1.00000
107.0 38.43280 14 1.00000
107.1 38.47350 14 1.00000
107.2 38.50922 14 1.00000
107.3 38.54016 14 1.00000
107.4 38.56704 14 1.00000
107.5 38.63776 14 1.00000
107.6 38.39069 14 1.00000
107.7 38.45290 14 1.00000
107.8 38.49160 14 1.00000
107.9 38.52469 14 1.00000
108.0 38.55392 14 1.00000
108.1 38.58669 14 1.00000
108.2 38.38663 14 1.00000
108.3 38.43166 14 1.00000
108.4 38.47249 14 1.00000
108.5 38.50847 14 1.00000
108.6 38.53941 14 1.00000
108.7 38.56655 14 1.00000
108.8 38.63597 14 1.00000
108.9 38.39068 14 1.00000
109.0 38.45230 14 1.00000
109.1 38.49108 14 1.00000
109.2 38.52437 14 1.00000
109.3 38.55363 14 1.00000
109.4 38.58602 14 1.00000
109.5 38.38653 14 1.00000
109.6 38.43155 14 1.00000
109.7 38.47271 14 1.00000
109.8 38.50852 14 1.00000
109.9 38.53946 14 1.00000
110.0 38.56660 14 1.00000
110.1 38.63651 14 1.00000
110.2 38.39069 14 1.00000
110.3 38.45269 14 1.00000
110.4 38.49143 14 1.00000
110.5 38.52479 14 1.00000
110.6 38.55400 14 1.00000
110.7 38.58782 14 1.00000
110.8 38.38680 14 1.00000
110.9 38.43231 14 1.00000
111.0 38.47323 14 1.00000
111.1 38.50924 14 1.00000
111.2 38.54020 14 1.00000
111.3 38.56727 14 1.00000
111.4 38.37599 14 1.00000
111.5 38.39069 14 1.00000
111.6 38.45407 14 1.00000
111.7 38.49264 14 1.00000
111.8 38.52583 14 1.00000
111.9 38.55503 14 1.00000
112.0 38.59171 14 1.00000
112.1 38.38741 14 1.00000
112.2 38.43410 14 1.00000
112.3 38.47499 14 1.00000
112.4 38.51076 14 1.00000
112.5 38.54172 14 1.00000
112.6 38.56858 14 1.00000
112.7 38.37738 14 1.00000
112.8 38.39132 14 1.00000
112.9 38.45627 14 1.00000
113.0 38.49471 14 1.00000
113.1 38.52773 14 1.00000
113.2 38.55672 14 1.00000
113.3 38.59845 14 1.00000
113.4 38.38826 14 1.00000
113.5 38.43709 14 1.00000
113.6 38.47765 14 1.00000
113.7 38.51320 14 1.00000
113.8 38.54372 14 1.00000
113.9 38.57063 14 1.00000
114.0 38.37943 14 1.00000
114.1 38.39861 14 1.00000
114.2 38.45961 14 1.00000
114.3 38.49775 14 1.00000
114.4 38.53023 14 1.00000
114.5 38.55845 14 1.00000
114.6 38.60725 14 1.00000
114.7 38.38918 14 1.00000
114.8 38.44094 14 1.00000
114.9 38.48108 14 1.00000
115.0 38.51627 14 1.00000
115.1 38.54666 14 1.00000
115.2 38.57322 14 1.00000
115.3 38.38200 14 1.00000
115.4 38.40797 14 1.00000
115.5 38.46375 14 1.00000
115.6 38.50134 14 1.00000
115.7 38.53344 14 1.00000
115.8 38.56142 14 1.00000
115.9 38.61846 14 1.00000
116.0 38.39010 14 1.00000
116.1 38.44579 14 1.00000
116.2 38.48552 14 1.00000
116.3 38.51996 14 1.00000
116.4 38.55000 14 1.00000
116.5 38.57634 14 1.00000
116.6 38.38462 14 1.00000
116.7 38.42087 14 1.00000
116.8 38.46906 14 1.00000
116.9 38.50572 14 1.00000
117.0 38.53733 14 1.00000
117.1 38.56504 14 1.00000
117.2 38.63156 14 1.00000
117.3 38.39064 14 1.00000
117.4 38.45145 14 1.00000
117.5 38.49079 14 1.00000
117.6 38.52437 14 1.00000
117.7 38.55397 14 1.00000
117.8 38.58856 14 1.00000
117.9 38.38715 14 1.00000
118.0 38.43368 14 1.00000
118.1 38.47477 14 1.00000
118.2 38.51099 14 1.00000
118.3 38.54194 14 1.00000
118.4 38.56919 14 1.00000
118.5 38.37812 14 1.00000
118.6 38.39445 14 1.00000
118.7 38.45807 14 1.00000
118.8 38.49656 14 1.00000
118.9 38.52957 14 1.00000
119.0 38.55809 14 1.00000
119.1 38.60677 14 1.00000
119.2 38.38918 14 1.00000
119.3 38.44127 14 1.00000
119.4 38.48152 14 1.00000
119.5 38.51680 14 1.00000
119.6 38.54736 14 1.00000
119.7 38.57397 14 1.00000
119.8 38.38282 14 1.00000
119.9 38.41213 14 1.00000
120.0 38.46556 14 1.00000
120.1 38.50335 14 1.00000
120.2 38.53542 14 1.00000
120.3 38.56332 14 1.00000
120.4 38.62597 14 1.00000
120.5 38.39050 14 1.00000
120.6 38.44946 14 1.00000
120.7 38.48920 14 1.00000
120.8 38.52314 14 1.00000
120.9 38.55300 14 1.00000
121.0 38.58537 14 1.00000
121.1 38.38670 14 1.00000
121.2 38.43273 14 1.00000
121.3 38.47424 14 1.00000
121.4 38.51067 14 1.00000
121.5 38.54171 14 1.00000
121.6 38.56918 14 1.00000
121.7 38.37821 14 1.00000
121.8 38.39513 14 1.00000
121.9 38.45856 14 1.00000
122.0 38.49715 14 1.00000
122.1 38.53020 14 1.00000
122.2 38.55877 14 1.00000
122.3 38.60975 14 1.00000
122.4 38.38952 14 1.00000
122.5 38.44306 14 1.00000
122.6 38.48328 14 1.00000
122.7 38.51844 14 1.00000
122.8 38.54891 14 1.00000
122.9 38.57554 14 1.00000
123.0 38.38413 14 1.00000
123.1 38.41934 14 1.00000
123.2 38.46862 14 1.00000
123.3 38.50599 14 1.00000
123.4 38.53782 14 1.00000
123.5 38.56583 14 1.00000
123.6 38.63533 14 1.00000
123.7 38.39069 14 1.00000
123.8 38.45375 14 1.00000
123.9 38.49311 14 1.00000
124.0 38.52663 14 1.00000
124.1 38.55620 14 1.00000
124.2 38.59830 14 1.00000
124.3 38.38848 14 1.00000
124.4 38.43863 14 1.00000
124.5 38.47951 14 1.00000
124.6 38.51535 14 1.00000
124.7 38.54610 14 1.00000
124.8 38.57315 14 1.00000
124.9 38.38227 14 1.00000
125.0 38.41074 14 1.00000
125.1 38.46519 14 1.00000
125.2 38.50334 14 1.00000
125.3 38.53567 14 1.00000
125.4 38.56378 14 1.00000
125.5 38.62811 14 1.00000
125.6 38.39059 14 1.00000
125.7 38.45110 14 1.00000
125.8 38.49096 14 1.00000
125.9 38.52478 14 1.00000
126.0 38.55469 14 1.00000
126.1 38.59266 14 1.00000
126.2 38.38777 14 1.00000
126.3 38.43650 14 1.00000
126.4 38.47780 14 1.00000
126.5 38.51387 14 1.00000
126.6 38.54492 14 1.00000
126.7 38.57230 14 1.00000
126.8 38.38139 14 1.00000
126.9 38.40795 14 1.00000
127.0 38.46426 14 1.00000
127.1 38.50254 14 1.00000
127.2 38.53511 14 1.00000
127.3 38.56327 14 1.00000
127.4 38.62669 14 1.00000
127.5 38.39056 14 1.00000
127.6 38.45070 14 1.00000
127.7 38.49078 14 1.00000
127.8 38.52477 14 1.00000
127.9 38.55468 14 1.00000
128.0 38.59309 14 1.00000
128.1 38.38782 14 1.00000
128.2 38.43688 14 1.00000
128.3 38.47831 14 1.00000
128.4 38.51431 14 1.00000
128.5 38.54543 14 1.00000
128.6 38.57290 14 1.00000
128.7 38.38190 14 1.00000
128.8 38.41066 14 1.00000
128.9 38.46553 14 1.00000
129.0 38.50363 14 1.00000
129.1 38.53619 14 1.00000
129.2 38.56424 14 1.00000
129.3 38.63076 14 1.00000
129.4 38.39066 14 1.00000
129.5 38.45259 14 1.00000
129.6 38.49260 14 1.00000
129.7 38.52647 14 1.00000
129.8 38.55618 14 1.00000
129.9 38.59968 14 1.00000
130.0 38.38874 14 1.00000
130.1 38.43962 14 1.00000
130.2 38.48106 14 1.00000
130.3 38.51667 14 1.00000
130.4 38.54764 14 1.00000
130.5 38.57496 14 1.00000
130.6 38.38377 14 1.00000
130.7 38.41940 14 1.00000
130.8 38.46902 14 1.00000
130.9 38.50663 14 1.00000
131.0 38.53891 14 1.00000
131.1 38.56707 14 1.00000
131.2 38.37639 14 1.00000
131.3 38.39095 14 1.00000
131.4 38.45678 14 1.00000
131.5 38.49643 14 1.00000
131.6 38.52989 14 1.00000
131.7 38.55883 14 1.00000
131.8 38.61234 14 1.00000
131.9 38.38983 14 1.00000
132.0 38.44511 14 1.00000
132.1 38.48592 14 1.00000
132.2 38.52101 14 1.00000
132.3 38.55154 14 1.00000
132.4 38.58220 14 1.00000
132.5 38.38629 14 1.00000
132.6 38.43278 14 1.00000
132.7 38.47537 14 1.00000
132.8 38.51178 14 1.00000
132.9 38.54333 14 1.00000
133.0 38.57128 14 1.00000
133.1 38.38045 14 1.00000
133.2 38.40555 14 1.00000
133.3 38.46379 14 1.00000
133.4 38.50231 14 1.00000
133.5 38.53547 14 1.00000
133.6 38.56359 14 1.00000
133.7 38.62978 14 1.00000
133.8 38.39066 14 1.00000
133.9 38.45257 14 1.00000
134.0 38.49293 14 1.00000
134.1 38.52705 14 1.00000
134.2 38.55682 14 1.00000
134.3 38.60309 14 1.00000
134.4 38.38913 14 1.00000
134.5 38.44160 14 1.00000
134.6 38.48304 14 1.00000
134.7 38.51852 14 1.00000
134.8 38.54978 14 1.00000
134.9 38.57697 14 1.00000
135.0 38.38523 14 1.00000
135.1 38.42990 14 1.00000
135.2 38.47306 14 1.00000
135.3 38.51003 14 1.00000
135.4 38.54212 14 1.00000
135.5 38.57013 14 1.00000
135.6 38.37973 14 1.00000
135.7 38.40274 14 1.00000
135.8 38.46246 14 1.00000
135.9 38.50151 14 1.00000
136.0 38.53477 14 1.00000
136.1 38.56312 14 1.00000
136.2 38.62933 14 1.00000
136.3 38.39066 14 1.00000
136.4 38.45258 14 1.00000
136.5 38.49312 14 1.00000
136.6 38.52737 14 1.00000
136.7 38.55674 14 1.00000
136.8 38.60464 14 1.00000
136.9 38.38932 14 1.00000
137.0 38.44267 14 1.00000
137.1 38.48417 14 1.00000
137.2 38.51964 14 1.00000
137.3 38.55090 14 1.00000
137.4 38.58027 14 1.00000
137.5 38.38606 14 1.00000
137.6 38.43284 14 1.00000
137.7 38.47530 14 1.00000
137.8 38.51231 14 1.00000
137.9 38.54393 14 1.00000
138.0 38.57210 14 1.00000
138.1 38.38142 14 1.00000
138.2 38.41055 14 1.00000
138.3 38.46622 14 1.00000
138.4 38.50455 14 1.00000
138.5 38.53771 14 1.00000
138.6 38.56574 14 1.00000
138.7 38.37579 14 1.00000
138.8 38.39064 14 1.00000
138.9 38.45692 14 1.00000
139.0 38.49707 14 1.00000
139.1 38.53090 14 1.00000
139.2 38.55999 14 1.00000
139.3 38.61768 14 1.00000
139.4 38.39022 14 1.00000
139.5 38.44836 14 1.00000
139.6 38.48952 14 1.00000
139.7 38.52424 14 1.00000
139.8 38.55479 14 1.00000
139.9 38.59588 14 1.00000
140.0 38.38840 14 1.00000
140.1 38.43972 14 1.00000
140.2 38.48176 14 1.00000
140.3 38.51770 14 1.00000
140.4 38.54895 14 1.00000
140.5 38.57670 14 1.00000
140.6 38.38531 14 1.00000
140.7 38.43113 14 1.00000
140.8 38.47384 14 1.00000
140.9 38.51103 14 1.00000
141.0 38.54328 14 1.00000
141.1 38.57159 14 1.00000
141.2 38.38120 14 1.00000
141.3 38.40913 14 1.00000
141.4 38.46607 14 1.00000
141.5 38.50475 14 1.00000
141.6 38.53804 14 1.00000
141.7 38.56617 14 1.00000
141.8 38.37641 14 1.00000
141.9 38.39270 14 1.00000
142.0 38.45822 14 1.00000
142.1 38.49838 14 1.00000
142.2 38.53217 14 1.00000
142.3 38.56126 14 1.00000
142.4 38.62296 14 1.00000
142.5 38.39048 14 1.00000
142.6 38.45099 14 1.00000
142.7 38.49200 14 1.00000
142.8 38.52666 14 1.00000
142.9 38.55668 14 1.00000
143.0 38.60501 14 1.00000
143.1 38.38948 14 1.00000
143.2 38.44388 14 1.00000
143.3 38.48561 14 1.00000
143.4 38.52136 14 1.00000
143.5 38.55255 14 1.00000
143.6 38.58754 14 1.00000
143.7 38.38737 14 1.00000
143.8 38.43674 14 1.00000
143.9 38.47948 14 1.00000
144.0 38.51613 14 1.00000
144.1 38.54756 14 1.00000
144.2 38.57566 14 1.00000
144.3 38.38463 14 1.00000
144.4 38.42886 14 1.00000
144.5 38.47272 14 1.00000
144.6 38.51077 14 1.00000
144.7 38.54305 14 1.00000
144.8 38.57152 14 1.00000
144.9 38.38139 14 1.00000
145.0 38.41098 14 1.00000
145.1 38.46701 14 1.00000
145.2 38.50557 14 1.00000
145.3 38.53889 14 1.00000
145.4 38.56736 14 1.00000
145.5 38.37791 14 1.00000
145.6 38.39767 14 1.00000
145.7 38.46069 14 1.00000
145.8 38.50051 14 1.00000
145.9 38.53442 14 1.00000
146.0 38.56346 14 1.00000
146.1 38.63266 14 1.00000
146.2 38.39069 14 1.00000
146.3 38.45504 14 1.00000
146.4 38.49600 14 1.00000
146.5 38.53046 14 1.00000
146.6 38.55991 14 1.00000
146.7 38.61889 14 1.00000
146.8 38.39031 14 1.00000
146.9 38.44975 14 1.00000
147.0 38.49131 14 1.00000
147.1 38.52640 14 1.00000
147.2 38.55709 14 1.00000
147.3 38.60524 14 1.00000
147.4 38.38950 14 1.00000
147.5 38.44465 14 1.00000
147.6 38.48668 14 1.00000
147.7 38.52260 14 1.00000
147.8 38.55365 14 1.00000
147.9 38.59222 14 1.00000
148.0 38.38811 14 1.00000
148.1 38.43958 14 1.00000
148.2 38.48220 14 1.00000
148.3 38.51875 14 1.00000
148.4 38.55036 14 1.00000
148.5 38.58067 14 1.00000
148.6 38.38649 14 1.00000
148.7 38.43504 14 1.00000
148.8 38.47800 14 1.00000
148.9 38.51537 14 1.00000
149.0 38.54706 14 1.00000
149.1 38.57548 14 1.00000
149.2 38.38464 14 1.00000
149.3 38.42996 14 1.00000
149.4 38.47349 14 1.00000
149.5 38.51179 14 1.00000
149.6 38.54409 14 1.00000
149.7 38.57276 14 1.00000
149.8 38.38257 14 1.00000
149.9 38.41906 14 1.00000
150.0 38.47013 14 1.00000
150.1 38.50844 14 1.00000
150.2 38.54151 14 1.00000
150.3 38.57027 14 1.00000
150.4 38.38064 14 1.00000
150.5 38.40889 14 1.00000
150.6 38.46640 14 1.00000
150.7 38.50527 14 1.00000
150.8 38.53907 14 1.00000
150.9 38.56781 14 1.00000
151.0 38.37866 14 1.00000
151.1 38.40128 14 1.00000
151.2 38.46249 14 1.00000
151.3 38.50244 14 1.00000
151.4 38.53666 14 1.00000
151.5 38.56562 14 1.00000
151.6 38.37655 14 1.00000
151.7 38.39460 14 1.00000
151.8 38.45933 14 1.00000
151.9 38.50009 14 1.00000
152.0 38.53439 14 1.00000
152.1 38.56372 14 1.00000
152.2 38.63420 14 1.00000
152.3 38.39067 14 1.00000
152.4 38.45679 14 1.00000
152.5 38.49791 14 1.00000
152.6 38.53242 14 1.00000
152.7 38.56207 14 1.00000
152.8 38.62757 14 1.00000
152.9 38.39066 14 1.00000
153.0 38.45448 14 1.00000
153.1 38.49591 14 1.00000
153.2 38.53056 14 1.00000
153.3 38.56044 14 1.00000
153.4 38.62196 14 1.00000
153.5 38.39052 14 1.00000
153.6 38.45216 14 1.00000
153.7 38.49393 14 1.00000
153.8 38.52902 14 1.00000
153.9 38.55922 14 1.00000
154.0 38.61662 14 1.00000
154.1 38.39032 14 1.00000
154.2 38.45029 14 1.00000
154.3 38.49218 14 1.00000
154.4 38.52765 14 1.00000
154.5 38.55800 14 1.00000
154.6 38.61261 14 1.00000
154.7 38.39011 14 1.00000
154.8 38.44846 14 1.00000
154.9 38.49094 14 1.00000
155.0 38.52645 14 1.00000
155.1 38.55698 14 1.00000
155.2 38.60874 14 1.00000
155.3 38.38989 14 1.00000
155.4 38.44727 14 1.00000
155.5 38.48977 14 1.00000
155.6 38.52558 14 1.00000
155.7 38.55657 14 1.00000
155.8 38.60587 14 1.00000
155.9 38.38965 14 1.00000
156.0 38.44631 14 1.00000
156.1 38.48875 14 1.00000
156.2 38.52488 14 1.00000
156.3 38.55596 14 1.00000
156.4 38.60359 14 1.00000
156.5 38.38944 14 1.00000
156.6 38.44560 14 1.00000
156.7 38.48813 14 1.00000
156.8 38.52419 14 1.00000
156.9 38.55564 14 1.00000
157.0 38.60243 14 1.00000
157.1 38.38934 14 1.00000
157.2 38.44497 14 1.00000
157.3 38.48772 14 1.00000
157.4 38.52401 14 1.00000
157.5 38.55549 14 1.00000
157.6 38.60131 14 1.00000
157.7 38.38929 14 1.00000
157.8 38.44474 14 1.00000
157.9 38.48753 14 1.00000
158.0 38.52401 14 1.00000
158.1 38.55549 14 1.00000
158.2 38.60134 14 1.00000
158.3 38.38929 14 1.00000
158.4 38.44476 14 1.00000
158.5 38.48774 14 1.00000
158.6 38.52419 14 1.00000
158.7 38.55565 14 1.00000
158.8 38.60195 14 1.00000
158.9 38.38935 14 1.00000
159.0 38.44524 14 1.00000
159.1 38.48816 14 1.00000
159.2 38.52472 14 1.00000
159.3 38.55597 14 1.00000
159.4 38.60371 14 1.00000
159.5 38.38950 14 1.00000
159.6 38.44613 14 1.00000
159.7 38.48880 14 1.00000
159.8 38.52526 14 1.00000
159.9 38.55646 14 1.00000
160.0 38.60604 14 1.00000
160.1 38.38975 14 1.00000
160.2 38.44709 14 1.00000
160.3 38.48965 14 1.00000
160.4 38.52599 14 1.00000
160.5 38.55688 14 1.00000
160.6 38.60950 14 1.00000
160.7 38.39001 14 1.00000
160.8 38.44831 14 1.00000
160.9 38.49104 14 1.00000
161.0 38.52705 14 1.00000
161.1 38.55782 14 1.00000
161.2 38.61302 14 1.00000
161.3 38.39022 14 1.00000
161.4 38.44995 14 1.00000
161.5 38.49231 14 1.00000
161.6 38.52843 14 1.00000
161.7 38.55915 14 1.00000
161.8 38.61754 14 1.00000
161.9 38.39042 14 1.00000
162.0 38.45164 14 1.00000
162.1 38.49415 14 1.00000
162.2 38.52999 14 1.00000
162.3 38.56040 14 1.00000
162.4 38.62258 14 1.00000
162.5 38.39058 14 1.00000
162.6 38.45379 14 1.00000
162.7 38.49614 14 1.00000
162.8 38.53157 14 1.00000
162.9 38.56180 14 1.00000
163.0 38.62821 14 1.00000
163.1 38.39068 14 1.00000
163.2 38.45658 14 1.00000
163.3 38.49852 14 1.00000
163.4 38.53346 14 1.00000
163.5 38.56347 14 1.00000
163.6 38.63499 14 1.00000
163.7 38.39135 14 1.00000
163.8 38.45918 14 1.00000
163.9 38.50076 14 1.00000
164.0 38.53537 14 1.00000
164.1 38.56518 14 1.00000
164.2 38.37697 14 1.00000
164.3 38.39754 14 1.00000
164.4 38.46200 14 1.00000
164.5 38.50317 14 1.00000
164.6 38.53768 14 1.00000
164.7 38.56739 14 1.00000
164.8 38.37898 14 1.00000
164.9 38.40560 14 1.00000
165.0 38.46545 14 1.00000
165.1 38.50577 14 1.00000
165.2 38.54043 14 1.00000
165.3 38.56990 14 1.00000
165.4 38.38110 14 1.00000
165.5 38.41376 14 1.00000
165.6 38.46964 14 1.00000
165.7 38.50897 14 1.00000
165.8 38.54308 14 1.00000
165.9 38.57260 14 1.00000
166.0 38.38326 14 1.00000
166.1 38.42476 14 1.00000
166.2 38.47354 14 1.00000
166.3 38.51274 14 1.00000
166.4 38.54588 14 1.00000
166.5 38.57529 14 1.00000
166.6 38.38515 14 1.00000
166.7 38.43353 14 1.00000
166.8 38.47810 14 1.00000
166.9 38.51642 14 1.00000
167.0 38.54907 14 1.00000
167.1 38.58120 14 1.00000
167.2 38.38709 14 1.00000
167.3 38.43819 14 1.00000
167.4 38.48246 14 1.00000
167.5 38.51995 14 1.00000
167.6 38.55271 14 1.00000
167.7 38.59315 14 1.00000
167.8 38.38862 14 1.00000
167.9 38.44311 14 1.00000
168.0 38.48709 14 1.00000
168.1 38.52356 14 1.00000
168.2 38.55613 14 1.00000
168.3 38.60500 14 1.00000
168.4 38.38984 14 1.00000
168.5 38.44854 14 1.00000
168.6 38.49135 14 1.00000
168.7 38.52811 14 1.00000
168.8 38.55904 14 1.00000
168.9 38.61936 14 1.00000
169.0 38.39054 14 1.00000
169.1 38.45380 14 1.00000
169.2 38.49638 14 1.00000
169.3 38.53213 14 1.00000
169.4 38.56262 14 1.00000
169.5 38.63390 14 1.00000
169.6 38.39066 14 1.00000
169.7 38.45947 14 1.00000
169.8 38.50141 14 1.00000
169.9 38.53637 14 1.00000
170.0 38.56630 14 1.00000
170.1 38.37841 14 1.00000
170.2 38.40460 14 1.00000
170.3 38.46509 14 1.00000
170.4 38.50603 14 1.00000
170.5 38.54098 14 1.00000
170.6 38.57084 14 1.00000
170.7 38.38206 14 1.00000
170.8 38.41948 14 1.00000
170.9 38.47219 14 1.00000
171.0 38.51188 14 1.00000
171.1 38.54530 14 1.00000
171.2 38.57507 14 1.00000
171.3 38.38521 14 1.00000
171.4 38.43413 14 1.00000
171.5 38.47886 14 1.00000
171.6 38.51743 14 1.00000
171.7 38.55012 14 1.00000
171.8 38.58629 14 1.00000
171.9 38.38796 14 1.00000
172.0 38.44106 14 1.00000
172.1 38.48518 14 1.00000
172.2 38.52273 14 1.00000
172.3 38.55571 14 1.00000
172.4 38.60361 14 1.00000
172.5 38.38976 14 1.00000
172.6 38.44846 14 1.00000
172.7 38.49168 14 1.00000
172.8 38.52874 14 1.00000
172.9 38.55989 14 1.00000
173.0 38.62264 14 1.00000
173.1 38.39064 14 1.00000
173.2 38.45584 14 1.00000
173.3 38.49869 14 1.00000
173.4 38.53444 14 1.00000
173.5 38.56469 14 1.00000
173.6 38.37666 14 1.00000
173.7 38.39906 14 1.00000
173.8 38.46337 14 1.00000
173.9 38.50512 14 1.00000
174.0 38.54010 14 1.00000
174.1 38.56983 14 1.00000
174.2 38.38153 14 1.00000
174.3 38.41859 14 1.00000
174.4 38.47250 14 1.00000
174.5 38.51218 14 1.00000
174.6 38.54559 14 1.00000
174.7 38.57549 14 1.00000
174.8 38.38575 14 1.00000
174.9 38.43576 14 1.00000
175.0 38.48063 14 1.00000
175.1 38.51905 14 1.00000
175.2 38.55169 14 1.00000
175.3 38.59273 14 1.00000
175.4 38.38881 14 1.00000
175.5 38.44438 14 1.00000
175.6 38.48864 14 1.00000
175.7 38.52541 14 1.00000
175.8 38.55758 14 1.00000
175.9 38.61604 14 1.00000
176.0 38.39048 14 1.00000
176.1 38.45360 14 1.00000
176.2 38.49652 14 1.00000
176.3 38.53257 14 1.00000
176.4 38.56369 14 1.00000
176.5 38.37576 14 1.00000
176.6 38.39670 14 1.00000
176.7 38.46238 14 1.00000
176.8 38.50431 14 1.00000
176.9 38.53959 14 1.00000
177.0 38.56975 14 1.00000
177.1 38.38160 14 1.00000
177.2 38.41904 14 1.00000
177.3 38.47250 14 1.00000
177.4 38.51254 14 1.00000
177.5 38.54620 14 1.00000
177.6 38.57659 14 1.00000
177.7 38.38635 14 1.00000
177.8 38.43722 14 1.00000
177.9 38.48209 14 1.00000
178.0 38.52050 14 1.00000
178.1 38.55403 14 1.00000
178.2 38.59959 14 1.00000
178.3 38.38946 14 1.00000
178.4 38.44744 14 1.00000
178.5 38.49118 14 1.00000
178.6 38.52880 14 1.00000
178.7 38.56026 14 1.00000
178.8 38.62564 14 1.00000
178.9 38.39068 14 1.00000
179.0 38.45745 14 1.00000
179.1 38.50080 14 1.00000
179.2 38.53641 14 1.00000
179.3 38.56689 14 1.00000
179.4 38.37933 14 1.00000
179.5 38.40935 14 1.00000
179.6 38.46792 14 1.00000
179.7 38.50928 14 1.00000
179.8 38.54429 14 1.00000
179.9 38.57447 14 1.00000
180.0 38.38503 14 1.00000
180.1 38.43423 14 1.00000
180.2 38.47997 14 1.00000
180.3 38.51891 14 1.00000
180.4 38.55216 14 1.00000
180.5 38.59470 14 1.00000
180.6 38.38903 14 1.00000
180.7 38.44591 14 1.00000
180.8 38.49039 14 1.00000
180.9 38.52801 14 1.00000
181.0 38.55973 14 1.00000
181.1 38.62377 14 1.00000
181.2 38.39067 14 1.00000
181.3 38.45750 14 1.00000
181.4 38.50087 14 1.00000
181.5 38.53650 14 1.00000
181.6 38.56700 14 1.00000
181.7 38.37946 14 1.00000
181.8 38.41083 14 1.00000
181.9 38.46908 14 1.00000
182.0 38.51028 14 1.00000
182.1 38.54505 14 1.00000
182.2 38.57531 14 1.00000
182.3 38.38562 14 1.00000
182.4 38.43649 14 1.00000
182.5 38.48202 14 1.00000
182.6 38.52065 14 1.00000
182.7 38.55422 14 1.00000
182.8 38.60050 14 1.00000
182.9 38.38963 14 1.00000
183.0 38.44925 14 1.00000
183.1 38.49300 14 1.00000
183.2 38.53054 14 1.00000
183.3 38.56186 14 1.00000
183.4 38.63252 14 1.00000
183.5 38.39145 14 1.00000
183.6 38.46175 14 1.00000
183.7 38.50434 14 1.00000
183.8 38.53971 14 1.00000
183.9 38.57006 14 1.00000
184.0 38.38212 14 1.00000
184.1 38.42448 14 1.00000
184.2 38.47489 14 1.00000
184.3 38.51505 14 1.00000
184.4 38.54868 14 1.00000
184.5 38.58410 14 1.00000
184.6 38.38806 14 1.00000
184.7 38.44288 14 1.00000
184.8 38.48764 14 1.00000
184.9 38.52539 14 1.00000
185.0 38.55793 14 1.00000
185.1 38.61811 14 1.00000
185.2 38.39063 14 1.00000
185.3 38.45641 14 1.00000
185.4 38.49999 14 1.00000
185.5 38.53596 14 1.00000
185.6 38.56656 14 1.00000
185.7 38.37951 14 1.00000
185.8 38.41257 14 1.00000
185.9 38.46983 14 1.00000
186.0 38.51098 14 1.00000
186.1 38.54569 14 1.00000
186.2 38.57607 14 1.00000
186.3 38.38666 14 1.00000
186.4 38.43897 14 1.00000
186.5 38.48444 14 1.00000
186.6 38.52272 14 1.00000
186.7 38.55625 14 1.00000
186.8 38.60890 14 1.00000
186.9 38.39037 14 1.00000
187.0 38.45374 14 1.00000
187.1 38.49728 14 1.00000
187.2 38.53378 14 1.00000
187.3 38.56490 14 1.00000
187.4 38.37810 14 1.00000
187.5 38.40769 14 1.00000
187.6 38.46756 14 1.00000
187.7 38.50927 14 1.00000
187.8 38.54424 14 1.00000
187.9 38.57497 14 1.00000
188.0 38.38603 14 1.00000
188.1 38.43764 14 1.00000
188.2 38.48314 14 1.00000
188.3 38.52168 14 1.00000
188.4 38.55519 14 1.00000
188.5 38.60732 14 1.00000
188.6 38.39027 14 1.00000
188.7 38.45298 14 1.00000
188.8 38.49682 14 1.00000
188.9 38.53341 14 1.00000
189.0 38.56460 14 1.00000
189.1 38.37814 14 1.00000
189.2 38.40794 14 1.00000
189.3 38.46769 14 1.00000
189.4 38.50942 14 1.00000
189.5 38.54438 14 1.00000
189.6 38.57557 14 1.00000
189.7 38.38640 14 1.00000
189.8 38.43849 14 1.00000
189.9 38.48391 14 1.00000
190.0 38.52236 14 1.00000
190.1 38.55594 14 1.00000
190.2 38.61090 14 1.00000
190.3 38.39049 14 1.00000
190.4 38.45469 14 1.00000
190.5 38.49829 14 1.00000
190.6 38.53457 14 1.00000
190.7 38.56607 14 1.00000
190.8 38.37963 14 1.00000
190.9 38.41332 14 1.00000
191.0 38.47022 14 1.00000
191.1 38.51139 14 1.00000
191.2 38.54612 14 1.00000
191.3 38.57859 14 1.00000
191.4 38.38771 14 1.00000
191.5 38.44166 14 1.00000
191.6 38.48690 14 1.00000
191.7 38.52473 14 1.00000
191.8 38.55758 14 1.00000
191.9 38.62244 14 1.00000
192.0 38.39068 14 1.00000
192.1 38.45845 14 1.00000
192.2 38.50187 14 1.00000
192.3 38.53750 14 1.00000
192.4 38.56804 14 1.00000
192.5 38.38226 14 1.00000
192.6 38.42511 14 1.00000
192.7 38.47548 14 1.00000
192.8 38.51569 14 1.00000
192.9 38.54934 14 1.00000
193.0 38.59279 14 1.00000
193.1 38.38916 14 1.00000
193.2 38.44732 14 1.00000
193.3 38.49184 14 1.00000
193.4 38.52958 14 1.00000
193.5 38.56113 14 1.00000
193.6 38.63798 14 1.00000
193.7 38.39754 14 1.00000
193.8 38.46441 14 1.00000
193.9 38.50678 14 1.00000
194.0 38.54217 14 1.00000
194.1 38.57245 14 1.00000
194.2 38.38564 14 1.00000
194.3 38.43701 14 1.00000
194.4 38.48259 14 1.00000
194.5 38.52142 14 1.00000
194.6 38.55506 14 1.00000
194.7 38.61145 14 1.00000
194.8 38.39052 14 1.00000
194.9 38.45512 14 1.00000
195.0 38.49874 14 1.00000
195.1 38.53503 14 1.00000
195.2 38.56612 14 1.00000
195.3 38.38097 14 1.00000
195.4 38.41892 14 1.00000
195.5 38.47300 14 1.00000
195.6 38.51379 14 1.00000
195.7 38.54797 14 1.00000
195.8 38.58204 14 1.00000
195.9 38.38892 14 1.00000
196.0 38.44619 14 1.00000
196.1 38.49107 14 1.00000
196.2 38.52882 14 1.00000
196.3 38.56055 14 1.00000
196.4 38.62794 14 1.00000
196.5 38.39783 14 1.00000
196.6 38.46459 14 1.00000
196.7 38.50699 14 1.00000
196.8 38.54239 14 1.00000
196.9 38.57282 14 1.00000
197.0 38.38430 14 1.00000
197.1 38.43832 14 1.00000
197.2 38.48392 14 1.00000
197.3 38.52249 14 1.00000
197.4 38.55603 14 1.00000
197.5 38.60800 14 1.00000
197.6 38.39066 14 1.00000
197.7 38.45749 14 1.00000
197.8 38.50114 14 1.00000
197.9 38.53713 14 1.00000
198.0 38.56779 14 1.00000
198.1 38.38041 14 1.00000
198.2 38.42962 14 1.00000
198.3 38.47687 14 1.00000
198.4 38.51730 14 1.00000
198.5 38.55076 14 1.00000
198.6 38.59178 14 1.00000
198.7 38.38884 14 1.00000
198.8 38.45135 14 1.00000
198.9 38.49544 14 1.00000
199.0 38.53257 14 1.00000
199.1 38.56401 14 1.00000
199.2 38.37639 14 1.00000
199.3 38.39886 14 1.00000
199.4 38.47066 14 1.00000
199.5 38.51192 14 1.00000
199.6 38.54671 14 1.00000
199.7 38.57709 14 1.00000
199.8 38.38697 14 1.00000
199.9 38.43943 14 1.00000
200.0 38.49084 14 1.00000
200.1 38.52822 14 1.00000
200.2 38.56050 14 1.00000
200.3 38.62801 14 1.00000
200.4 38.39069 14 1.00000
200.5 38.45933 14 1.00000
200.6 38.50805 14 1.00000
200.7 38.54351 14 1.00000
200.8 38.57377 14 1.00000
200.9 38.38502 14 1.00000
201.0 38.43425 14 1.00000
201.1 38.48657 14 1.00000
201.2 38.52477 14 1.00000
201.3 38.55775 14 1.00000
201.4 38.61592 14 1.00000
201.5 38.39058 14 1.00000
201.6 38.45545 14 1.00000
201.7 38.50507 14 1.00000
201.8 38.54048 14 1.00000
201.9 38.57100 14 1.00000
202.0 38.38303 14 1.00000
202.1 38.42787 14 1.00000
202.2 38.47591 14 1.00000
202.3 38.52222 14 1.00000
202.4 38.55588 14 1.00000
202.5 38.60776 14 1.00000
202.6 38.39018 14 1.00000
202.7 38.45199 14 1.00000
202.8 38.49559 14 1.00000
202.9 38.53828 14 1.00000
203.0 38.56891 14 1.00000
203.1 38.38148 14 1.00000
203.2 38.41995 14 1.00000
203.3 38.47256 14 1.00000
203.4 38.51302 14 1.00000
203.5 38.55338 14 1.00000
203.6 38.60154 14 1.00000
203.7 38.38972 14 1.00000
203.8 38.44936 14 1.00000
203.9 38.49334 14 1.00000
204.0 38.53060 14 1.00000
204.1 38.56768 14 1.00000
204.2 38.38040 14 1.00000
204.3 38.41511 14 1.00000
204.4 38.47028 14 1.00000
204.5 38.51144 14 1.00000
204.6 38.54596 14 1.00000
204.7 38.59782 14 1.00000
204.8 38.38939 14 1.00000
204.9 38.44773 14 1.00000
205.0 38.49210 14 1.00000
205.1 38.52943 14 1.00000
205.2 38.56098 14 1.00000
205.3 38.37976 14 1.00000
205.4 38.41248 14 1.00000
205.5 38.46931 14 1.00000
205.6 38.51064 14 1.00000
205.7 38.54530 14 1.00000
205.8 38.57552 14 1.00000
205.9 38.38924 14 1.00000
206.0 38.44709 14 1.00000
206.1 38.49158 14 1.00000
206.2 38.52853 14 1.00000
206.3 38.56049 14 1.00000
206.4 38.62741 14 1.00000
206.5 38.41080 14 1.00000
206.6 38.46910 14 1.00000
206.7 38.51036 14 1.00000
206.8 38.54519 14 1.00000
206.9 38.57544 14 1.00000
207.0 38.38577 14 1.00000
207.1 38.44726 14 1.00000
207.2 38.49174 14 1.00000
207.3 38.52869 14 1.00000
207.4 38.56079 14 1.00000
207.5 38.62809 14 1.00000
207.6 38.39069 14 1.00000
207.7 38.46965 14 1.00000
207.8 38.51097 14 1.00000
207.9 38.54562 14 1.00000
208.0 38.57586 14 1.00000
208.1 38.38605 14 1.00000
208.2 38.43658 14 1.00000
208.3 38.49260 14 1.00000
208.4 38.52991 14 1.00000
208.5 38.56156 14 1.00000
208.6 38.63065 14 1.00000
208.7 38.39067 14 1.00000
208.8 38.46004 14 1.00000
208.9 38.51222 14 1.00000
209.0 38.54673 14 1.00000
209.1 38.57690 14 1.00000
209.2 38.38662 14 1.00000
209.3 38.43879 14 1.00000
209.4 38.48362 14 1.00000
209.5 38.53137 14 1.00000
209.6 38.56273 14 1.00000
209.7 38.63541 14 1.00000
209.8 38.39337 14 1.00000
209.9 38.46231 14 1.00000
210.0 38.50436 14 1.00000
210.1 38.54822 14 1.00000
210.2 38.58188 14 1.00000
210.3 38.38763 14 1.00000
210.4 38.44113 14 1.00000
210.5 38.48598 14 1.00000
210.6 38.52361 14 1.00000
210.7 38.56454 14 1.00000
210.8 38.37688 14 1.00000
210.9 38.40027 14 1.00000
211.0 38.46491 14 1.00000
211.1 38.50676 14 1.00000
211.2 38.54153 14 1.00000
211.3 38.59081 14 1.00000
211.4 38.38868 14 1.00000
211.5 38.44464 14 1.00000
211.6 38.48871 14 1.00000
211.7 38.52605 14 1.00000
211.8 38.55840 14 1.00000
211.9 38.37932 14 1.00000
212.0 38.40963 14 1.00000
212.1 38.46819 14 1.00000
212.2 38.50956 14 1.00000
212.3 38.54432 14 1.00000
212.4 38.57420 14 1.00000
212.5 38.38510 14 1.00000
212.6 38.44846 14 1.00000
212.7 38.49256 14 1.00000
212.8 38.52919 14 1.00000
212.9 38.56092 14 1.00000
213.0 38.62844 14 1.00000
213.1 38.39069 14 1.00000
213.2 38.47274 14 1.00000
213.3 38.51319 14 1.00000
213.4 38.54736 14 1.00000
213.5 38.57740 14 1.00000
213.6 38.38682 14 1.00000
213.7 38.43904 14 1.00000
213.8 38.49681 14 1.00000
213.9 38.53330 14 1.00000
214.0 38.56427 14 1.00000
214.1 38.37638 14 1.00000
214.2 38.39764 14 1.00000
214.3 38.46375 14 1.00000
214.4 38.51774 14 1.00000
214.5 38.55094 14 1.00000
214.6 38.59185 14 1.00000
214.7 38.38871 14 1.00000
214.8 38.44438 14 1.00000
214.9 38.48839 14 1.00000
215.0 38.53739 14 1.00000
215.1 38.56780 14 1.00000
215.2 38.38021 14 1.00000
215.3 38.41188 14 1.00000
215.4 38.46916 14 1.00000
215.5 38.50994 14 1.00000
215.6 38.55550 14 1.00000
215.7 38.60702 14 1.00000
215.8 38.38998 14 1.00000
215.9 38.45060 14 1.00000
216.0 38.49397 14 1.00000
216.1 38.53061 14 1.00000
216.2 38.56190 14 1.00000
216.3 38.38360 14 1.00000
216.4 38.42929 14 1.00000
216.5 38.47594 14 1.00000
216.6 38.51545 14 1.00000
216.7 38.54892 14 1.00000
216.8 38.58284 14 1.00000
216.9 38.39068 14 1.00000
217.0 38.45737 14 1.00000
217.1 38.50015 14 1.00000
217.2 38.53576 14 1.00000
217.3 38.56638 14 1.00000
217.4 38.37835 14 1.00000
217.5 38.43859 14 1.00000
217.6 38.48335 14 1.00000
217.7 38.52153 14 1.00000
217.8 38.55395 14 1.00000
217.9 38.60206 14 1.00000
218.0 38.38960 14 1.00000
218.1 38.46477 14 1.00000
218.2 38.50645 14 1.00000
218.3 38.54111 14 1.00000
218.4 38.57122 14 1.00000
218.5 38.38280 14 1.00000
218.6 38.42492 14 1.00000
218.7 38.47337 14 1.00000
218.8 38.52749 14 1.00000
218.9 38.55951 14 1.00000
219.0 38.62216 14 1.00000
219.1 38.39065 14 1.00000
219.2 38.45625 14 1.00000
219.3 38.49875 14 1.00000
219.4 38.54707 14 1.00000
219.5 38.57700 14 1.00000
219.6 38.38663 14 1.00000
219.7 38.43800 14 1.00000
219.8 38.48233 14 1.00000
219.9 38.52086 14 1.00000
220.0 38.56522 14 1.00000
220.1 38.37719 14 1.00000
220.2 38.40052 14 1.00000
220.3 38.46481 14 1.00000
220.4 38.50618 14 1.00000
220.5 38.54078 14 1.00000
220.6 38.57068 14 1.00000
220.7 38.38946 14 1.00000
220.8 38.44745 14 1.00000
220.9 38.49082 14 1.00000
221.0 38.52769 14 1.00000
221.1 38.55945 14 1.00000
221.2 38.62099 14 1.00000
221.3 38.42537 14 1.00000
221.4 38.47359 14 1.00000
221.5 38.51372 14 1.00000
221.6 38.54767 14 1.00000
221.7 38.57747 14 1.00000
221.8 38.38668 14 1.00000
221.9 38.45725 14 1.00000
222.0 38.49986 14 1.00000
222.1 38.53541 14 1.00000
222.2 38.56589 14 1.00000
222.3 38.37778 14 1.00000
222.4 38.40255 14 1.00000
222.5 38.46514 14 1.00000
222.6 38.52233 14 1.00000
222.7 38.55458 14 1.00000
222.8 38.60367 14 1.00000
222.9 38.38971 14 1.00000
223.0 38.44856 14 1.00000
223.1 38.49214 14 1.00000
223.2 38.54307 14 1.00000
223.3 38.57260 14 1.00000
223.4 38.38394 14 1.00000
223.5 38.42999 14 1.00000
223.6 38.47556 14 1.00000
223.7 38.51474 14 1.00000
223.8 38.54844 14 1.00000
223.9 38.63125 14 1.00000
224.0 38.39067 14 1.00000
224.1 38.45942 14 1.00000
224.2 38.50151 14 1.00000
224.3 38.53659 14 1.00000
224.4 38.56696 14 1.00000
224.5 38.38833 14 1.00000
224.6 38.44284 14 1.00000
224.7 38.48706 14 1.00000
224.8 38.52431 14 1.00000
224.9 38.55672 14 1.00000
225.0 38.60876 14 1.00000
225.1 38.41688 14 1.00000
225.2 38.47046 14 1.00000
225.3 38.51073 14 1.00000
225.4 38.54511 14 1.00000
225.5 38.57460 14 1.00000
225.6 38.38506 14 1.00000
225.7 38.43310 14 1.00000
225.8 38.49776 14 1.00000
225.9 38.53340 14 1.00000
226.0 38.56414 14 1.00000
226.1 38.63858 14 1.00000
226.2 38.39440 14 1.00000
226.3 38.46196 14 1.00000
226.4 38.52123 14 1.00000
226.5 38.55355 14 1.00000
226.6 38.59899 14 1.00000
226.7 38.38930 14 1.00000
226.8 38.44640 14 1.00000
226.9 38.48965 14 1.00000
227.0 38.52650 14 1.00000
227.1 38.57212 14 1.00000
227.2 38.38352 14 1.00000
227.3 38.42715 14 1.00000
227.4 38.47393 14 1.00000
227.5 38.51377 14 1.00000
227.6 38.54737 14 1.00000
227.7 38.63137 14 1.00000
227.8 38.39067 14 1.00000
227.9 38.45923 14 1.00000
228.0 38.50125 14 1.00000
228.1 38.53628 14 1.00000
228.2 38.56660 14 1.00000
228.3 38.37819 14 1.00000
228.4 38.44357 14 1.00000
228.5 38.48758 14 1.00000
228.6 38.52465 14 1.00000
228.7 38.55695 14 1.00000
228.8 38.60927 14 1.00000
228.9 38.39004 14 1.00000
229.0 38.45023 14 1.00000
229.1 38.51211 14 1.00000
229.2 38.54610 14 1.00000
229.3 38.57544 14 1.00000
229.4 38.38557 14 1.00000
229.5 38.43399 14 1.00000
229.6 38.47855 14 1.00000
229.7 38.53522 14 1.00000
229.8 38.56556 14 1.00000
229.9 38.37728 14 1.00000
230.0 38.39915 14 1.00000
230.1 38.46394 14 1.00000
230.2 38.50511 14 1.00000
230.3 38.53946 14 1.00000
230.4 38.60627 14 1.00000
230.5 38.38989 14 1.00000
230.6 38.44913 14 1.00000
230.7 38.49242 14 1.00000
230.8 38.52831 14 1.00000
230.9 38.55959 14 1.00000
231.0 38.38532 14 1.00000
231.1 38.43342 14 1.00000
231.2 38.47809 14 1.00000
231.3 38.51688 14 1.00000
231.4 38.54967 14 1.00000
231.5 38.58388 14 1.00000
231.6 38.38749 14 1.00000
231.7 38.46381 14 1.00000
231.8 38.50504 14 1.00000
231.9 38.53942 14 1.00000
232.0 38.56923 14 1.00000
232.1 38.38100 14 1.00000
232.2 38.41363 14 1.00000
232.3 38.46878 14 1.00000
232.4 38.52855 14 1.00000
232.5 38.55982 14 1.00000
232.6 38.62146 14 1.00000
232.7 38.39059 14 1.00000
232.8 38.45494 14 1.00000
232.9 38.49715 14 1.00000
233.0 38.55015 14 1.00000
233.1 38.58626 14 1.00000
233.2 38.38778 14 1.00000
233.3 38.44059 14 1.00000
233.4 38.48428 14 1.00000
233.5 38.52180 14 1.00000
233.6 38.55371 14 1.00000
233.7 38.38165 14 1.00000
233.8 38.41666 14 1.00000
233.9 38.47017 14 1.00000
234.0 38.51012 14 1.00000
234.1 38.54414 14 1.00000
234.2 38.57319 14 1.00000
234.3 38.38409 14 1.00000
234.4 38.45652 14 1.00000
234.5 38.49872 14 1.00000
234.6 38.53389 14 1.00000
234.7 38.56429 14 1.00000
234.8 38.63820 14 1.00000
234.9 38.39342 14 1.00000
235.0 38.48628 14 1.00000
235.1 38.52349 14 1.00000
235.2 38.55507 14 1.00000
235.3 38.60355 14 1.00000
235.4 38.38959 14 1.00000
235.5 38.44735 14 1.00000
235.6 38.49027 14 1.00000
235.7 38.54591 14 1.00000
235.8 38.57508 14 1.00000
235.9 38.38521 14 1.00000
236.0 38.43282 14 1.00000
236.1 38.47725 14 1.00000
236.2 38.51591 14 1.00000
236.3 38.54876 14 1.00000
236.4 38.37774 14 1.00000
236.5 38.40008 14 1.00000
236.6 38.46407 14 1.00000
236.7 38.50498 14 1.00000
236.8 38.53915 14 1.00000
236.9 38.56877 14 1.00000
237.0 38.38026 14 1.00000
237.1 38.45074 14 1.00000
237.2 38.49342 14 1.00000
237.3 38.52911 14 1.00000
237.4 38.56010 14 1.00000
237.5 38.62226 14 1.00000
237.6 38.39059 14 1.00000
237.7 38.48052 14 1.00000
237.8 38.51889 14 1.00000
237.9 38.55122 14 1.00000
238.0 38.58939 14 1.00000
238.1 38.38807 14 1.00000
238.2 38.44119 14 1.00000
238.3 38.48451 14 1.00000
238.4 38.54202 14 1.00000
238.5 38.57140 14 1.00000
238.6 38.38263 14 1.00000
238.7 38.42114 14 1.00000
238.8 38.47147 14 1.00000
238.9 38.51114 14 1.00000
239.0 38.54477 14 1.00000
239.1 38.63357 14 1.00000
239.2 38.39066 14 1.00000
239.3 38.45914 14 1.00000
239.4 38.50053 14 1.00000
239.5 38.53519 14 1.00000
239.6 38.56525 14 1.00000
239.7 38.37666 14 1.00000
239.8 38.44617 14 1.00000
239.9 38.48914 14 1.00000
240.0 38.52551 14 1.00000
240.1 38.55679 14 1.00000
240.2 38.61012 14 1.00000
240.3 38.39000 14 1.00000
240.4 38.44917 14 1.00000
240.5 38.51542 14 1.00000
240.6 38.54840 14 1.00000
240.7 38.57751 14 1.00000
240.8 38.38643 14 1.00000
240.9 38.43594 14 1.00000
241.0 38.47940 14 1.00000
241.1 38.51781 14 1.00000
241.2 38.56884 14 1.00000
241.3 38.38014 14 1.00000
241.4 38.41047 14 1.00000
241.5 38.46755 14 1.00000
241.6 38.50767 14 1.00000
241.7 38.54132 14 1.00000
241.8 38.57043 14 1.00000
241.9 38.39064 14 1.00000
242.0 38.45543 14 1.00000
242.1 38.49705 14 1.00000
242.2 38.53224 14 1.00000
242.3 38.56255 14 1.00000
242.4 38.63103 14 1.00000
242.5 38.44299 14 1.00000
242.6 38.48622 14 1.00000
242.7 38.52307 14 1.00000
242.8 38.55481 14 1.00000
242.9 38.60139 14 1.00000
243.0 38.38927 14 1.00000
243.1 38.44548 14 1.00000
243.2 38.51347 14 1.00000
243.3 38.54675 14 1.00000
243.4 38.57555 14 1.00000
243.5 38.38532 14 1.00000
243.6 38.43280 14 1.00000
243.7 38.47661 14 1.00000
243.8 38.51532 14 1.00000
243.9 38.56772 14 1.00000
244.0 38.37912 14 1.00000
244.1 38.40559 14 1.00000
244.2 38.46564 14 1.00000
244.3 38.50593 14 1.00000
244.4 38.53962 14 1.00000
244.5 38.56903 14 1.00000
244.6 38.39059 14 1.00000
244.7 38.45431 14 1.00000
244.8 38.49595 14 1.00000
244.9 38.53136 14 1.00000
245.0 38.56167 14 1.00000
245.1 38.62743 14 1.00000
245.2 38.39067 14 1.00000
245.3 38.48591 14 1.00000
245.4 38.52280 14 1.00000
245.5 38.55448 14 1.00000
245.6 38.59980 14 1.00000
245.7 38.38914 14 1.00000
245.8 38.44456 14 1.00000
245.9 38.48746 14 1.00000
246.0 38.54699 14 1.00000
246.1 38.57582 14 1.00000
246.2 38.38544 14 1.00000
246.3 38.43294 14 1.00000
246.4 38.47659 14 1.00000
246.5 38.51535 14 1.00000
246.6 38.54800 14 1.00000
246.7 38.37981 14 1.00000
246.8 38.40792 14 1.00000
246.9 38.46645 14 1.00000
247.0 38.50668 14 1.00000
247.1 38.54016 14 1.00000
247.2 38.56942 14 1.00000
247.3 38.38062 14 1.00000
247.4 38.41125 14 1.00000
247.5 38.49747 14 1.00000
247.6 38.53254 14 1.00000
247.7 38.56262 14 1.00000
247.8 38.63113 14 1.00000
247.9 38.39069 14 1.00000
248.0 38.45725 14 1.00000
248.1 38.49850 14 1.00000
248.2 38.55634 14 1.00000
248.3 38.60573 14 1.00000
248.4 38.38965 14 1.00000
248.5 38.44689 14 1.00000
248.6 38.48957 14 1.00000
248.7 38.52538 14 1.00000
248.8 38.55683 14 1.00000
248.9 38.38668 14 1.00000
249.0 38.43663 14 1.00000
249.1 38.47958 14 1.00000
249.2 38.51762 14 1.00000
249.3 38.54987 14 1.00000
249.4 38.58235 14 1.00000
249.5 38.38691 14 1.00000
249.6 38.47018 14 1.00000
249.7 38.50973 14 1.00000
249.8 38.54293 14 1.00000
249.9 38.57186 14 1.00000
250.0 38.38258 14 1.00000
