15.0 2.31355 13 0.10661
15.1 2.35776 13 0.11032
15.2 2.40239 13 0.11404
15.3 2.44743 13 0.11777
15.4 2.49288 13 0.12151
15.5 2.55170 14 0.12527
15.6 2.61399 14 0.12903
15.7 2.67876 14 0.13275
15.8 2.74343 14 0.13654
15.9 2.80926 14 0.14034
16.0 2.87626 14 0.14415
16.1 2.94445 14 0.14796
16.2 3.01383 14 0.15179
16.3 3.08443 14 0.15563
16.4 3.15626 14 0.15947
16.5 3.22931 14 0.16333
16.6 3.30362 14 0.16719
16.7 3.37918 14 0.17107
16.8 3.45601 14 0.17495
16.9 3.53412 14 0.17884
17.0 3.61352 14 0.18274
17.1 3.69422 14 0.18665
17.2 3.77624 14 0.19057
17.3 3.85958 14 0.19449
17.4 3.94426 14 0.19843
17.5 4.02184 14 0.20237
17.6 4.09509 14 0.20632
17.7 4.16914 14 0.21028
17.8 4.24398 14 0.21424
17.9 4.32328 14 0.21817
18.0 4.39984 14 0.22215
18.1 4.47719 14 0.22614
18.2 4.55533 14 0.23013
18.3 4.63427 14 0.23414
18.4 4.71400 14 0.23815
18.5 4.79453 14 0.24217
18.6 4.89405 14 0.24742
18.7 5.01598 14 0.25412
18.8 5.14003 14 0.26089
18.9 5.26623 14 0.26773
19.0 5.39460 14 0.27463
19.1 5.52517 14 0.28161
19.2 5.65795 14 0.28865
19.3 5.79298 14 0.29576
19.4 5.93027 14 0.30295
19.5 6.06986 14 0.31020
19.6 6.21177 14 0.31753
19.7 6.35602 14 0.32493
19.8 6.50263 14 0.33240
19.9 6.65165 14 0.33995
20.0 6.80308 14 0.34757
20.1 6.95697 14 0.35526
20.2 7.17295 14 0.36317
20.3 7.33106 14 0.37102
20.4 7.49170 14 0.37894
20.5 7.65489 14 0.38693
20.6 7.75950 14 0.39132
20.7 7.85338 14 0.39503
20.8 7.94802 14 0.39874
20.9 8.04338 14 0.40247
21.0 8.13945 14 0.40621
21.1 8.23625 14 0.40995
21.2 8.33378 14 0.41371
21.3 8.43195 14 0.41749
21.4 8.51826 14 0.42131
21.5 8.61758 14 0.42510
21.6 8.71765 14 0.42891
21.7 8.81928 14 0.43272
21.8 8.92097 14 0.43655
21.9 9.02341 14 0.44039
22.0 9.12640 14 0.44424
22.1 9.23017 14 0.44810
22.2 9.33466 14 0.45197
22.3 9.42571 14 0.45589
22.4 9.53159 14 0.45979
22.5 9.63805 14 0.46369
22.6 9.74633 14 0.46761
22.7 9.85446 14 0.47154
22.8 9.96327 14 0.47548
22.9 10.07283 14 0.47943
23.0 10.18315 14 0.48340
23.1 10.27803 14 0.48741
23.2 10.38958 14 0.49139
23.3 10.50189 14 0.49539
23.4 10.61555 14 0.49940
23.5 10.72997 14 0.50342
23.6 10.84461 14 0.50746
23.7 10.95977 14 0.51150
23.8 11.07579 14 0.51556
23.9 11.19257 14 0.51963
24.0 11.29204 14 0.52374
24.1 11.41013 14 0.52783
24.2 11.52895 14 0.53194
24.3 11.64971 14 0.53605
24.4 11.77005 14 0.54018
24.5 11.89115 14 0.54432
24.6 12.01303 14 0.54847
24.7 12.13569 14 0.55264
24.8 12.23875 14 0.55684
24.9 12.36266 14 0.56103
25.0 12.48695 14 0.56523
25.1 12.61217 14 0.56944
25.2 12.73994 14 0.57366
25.3 12.86689 14 0.57790
25.4 12.99462 14 0.58215
25.5 13.12302 14 0.58641
25.6 13.25216 14 0.59069
25.7 13.35887 14 0.59500
25.8 13.48915 14 0.59930
25.9 13.62021 14 0.60361
26.0 13.75205 14 0.60793
26.1 13.88673 14 0.61227
26.2 14.02022 14 0.61662
26.3 14.15445 14 0.62098
26.4 14.28902 14 0.62535
26.5 14.42455 14 0.62974
26.6 14.53521 14 0.63416
26.7 14.67207 14 0.63857
26.8 14.80970 14 0.64300
26.9 14.94809 14 0.64744
27.0 15.08956 14 0.65188
27.1 15.22928 14 0.65635
27.2 15.36984 14 0.66082
27.3 15.51116 14 0.66531
27.4 15.65323 14 0.66982
27.5 15.76724 14 0.67435
27.6 15.91066 14 0.67888
27.7 16.05469 14 0.68342
27.8 16.19950 14 0.68798
27.9 16.34756 14 0.69254
28.0 16.49384 14 0.69712
28.1 16.64090 14 0.70172
28.2 16.78873 14 0.70632
28.3 16.93732 14 0.71095
28.4 17.05425 14 0.71560
28.5 17.20397 14 0.72024
28.6 17.35449 14 0.72491
28.7 17.50576 14 0.72958
28.8 17.66042 14 0.73427
28.9 17.81317 14 0.73897
29.0 17.96669 14 0.74368
29.1 18.12092 14 0.74841
29.2 18.27580 14 0.75316
29.3 18.39514 14 0.75793
29.4 18.55127 14 0.76270
29.5 18.70817 14 0.76748
29.6 18.86542 14 0.77228
29.7 19.02717 14 0.77709
29.8 19.18629 14 0.78191
29.9 19.34607 14 0.78675
30.0 19.50654 14 0.79161
30.1 19.62723 14 0.79649
30.2 19.78891 14 0.80137
30.3 19.95125 14 0.80626
30.4 20.11443 14 0.81117
30.5 20.27833 14 0.81610
30.6 20.44651 14 0.82104
30.7 20.61179 14 0.82599
30.8 20.77768 14 0.83096
30.9 20.94430 14 0.83594
31.0 21.06619 14 0.84094
31.1 21.23401 14 0.84595
31.2 21.40255 14 0.85098
31.3 21.57185 14 0.85602
31.4 21.74187 14 0.86107
31.5 21.91511 14 0.86614
31.6 22.08816 14 0.87122
31.7 22.26005 14 0.87632
31.8 22.43268 14 0.88143
31.9 22.60606 14 0.88656
32.0 22.72882 14 0.89171
32.1 22.90335 14 0.89687
32.2 23.07859 14 0.90204
32.3 23.25440 14 0.90723
32.4 23.43081 14 0.91243
32.5 23.61388 14 0.91765
32.6 23.79139 14 0.92288
32.7 23.96986 14 0.92813
32.8 24.14903 14 0.93339
32.9 24.27128 14 0.93867
33.0 24.45162 14 0.94396
33.1 24.63251 14 0.94927
33.2 24.81395 14 0.95460
33.3 24.99606 14 0.95994
33.4 25.18535 14 0.96529
33.5 25.36932 14 0.97066
33.6 25.55401 14 0.97605
33.7 25.73851 14 0.98145
33.8 25.85906 14 0.98687
33.9 26.04487 14 0.99230
34.0 26.23111 14 0.99775
34.1 26.33755 14 1.00000
34.2 26.38727 14 1.00000
34.3 26.43707 14 1.00000
34.4 26.49327 14 1.00000
34.5 26.54262 14 1.00000
34.6 26.59170 14 1.00000
34.7 26.56990 14 1.00000
34.8 26.61837 14 1.00000
34.9 26.66518 14 1.00000
35.0 26.71220 14 1.00000
35.1 26.63094 14 1.00000
35.2 26.67793 14 1.00000
35.3 26.72951 14 1.00000
35.4 26.77905 14 1.00000
35.5 26.68438 14 1.00000
35.6 26.73077 14 1.00000
35.7 26.70122 14 1.00000
35.8 26.74709 14 1.00000
35.9 26.79261 14 1.00000
36.0 26.69493 14 1.00000
36.1 26.73935 14 1.00000
36.2 26.78335 14 1.00000
36.3 26.83632 14 1.00000
36.4 26.88066 14 1.00000
36.5 25.91517 14 1.00000
36.6 24.49480 14 1.00000
36.7 21.87462 14 1.00000
36.8 20.55792 14 1.00000
36.9 17.96767 14 1.00000
37.0 16.66977 14 1.00000
37.1 14.10597 14 1.00000
37.2 13.78083 14 1.00000
37.3 13.78612 14 1.00000
37.4 13.74942 14 1.00000
37.5 13.64496 14 1.00000
37.6 13.64169 14 1.00000
37.7 13.60423 14 1.00000
37.8 13.51985 14 1.00000
37.9 13.53962 14 1.00000
38.0 13.48579 14 1.00000
38.1 13.43806 14 1.00000
38.2 13.39585 14 1.00000
38.3 13.36189 14 1.00000
38.4 13.31687 14 1.00000
38.5 13.30278 14 1.00000
38.6 13.30451 14 1.00000
38.7 13.25937 14 1.00000
38.8 13.06497 14 0.99348
38.9 13.13067 14 0.99659
39.0 13.18550 14 0.99918
39.1 13.23083 14 1.00000
39.2 13.26367 14 1.00000
39.3 13.29677 14 1.00000
39.4 13.32962 14 1.00000
39.5 13.35555 14 1.00000
39.6 13.38883 14 1.00000
39.7 13.42199 14 1.00000
39.8 13.45490 14 1.00000
39.9 13.47981 14 1.00000
40.0 13.51380 14 1.00000
40.1 13.54683 14 1.00000
40.2 13.56806 14 1.00000
40.3 13.60357 14 1.00000
40.4 13.51913 14 1.00000
40.5 13.58060 14 1.00000
40.6 13.55287 14 1.00000
40.7 13.59657 14 1.00000
40.8 13.61121 14 1.00000
40.9 13.62518 14 1.00000
41.0 13.51379 14 1.00000
41.1 13.54464 14 1.00000
41.2 13.57450 14 1.00000
41.3 13.60402 14 1.00000
41.4 13.64007 14 1.00000
41.5 13.68363 14 1.00000
41.6 13.82847 14 1.00000
41.7 13.86257 14 1.00000
41.8 13.89824 14 1.00000
41.9 13.92863 14 1.00000
42.0 13.96021 14 1.00000
42.1 13.99143 14 1.00000
42.2 14.02245 14 1.00000
42.3 14.05307 14 1.00000
42.4 14.08283 14 1.00000
42.5 14.11589 14 1.00000
42.6 14.15973 14 1.00000
42.7 14.20359 14 1.00000
42.8 14.34551 14 1.00000
42.9 14.38090 14 1.00000
43.0 14.41647 14 1.00000
43.1 14.44737 14 1.00000
43.2 14.47923 14 1.00000
43.3 14.51098 14 1.00000
43.4 14.54220 14 1.00000
43.5 14.57311 14 1.00000
43.6 14.60312 14 1.00000
43.7 14.63866 14 1.00000
43.8 14.68280 14 1.00000
43.9 14.72695 14 1.00000
44.0 14.79138 14 1.00000
44.1 14.90830 14 1.00000
44.2 14.94328 14 1.00000
44.3 14.97715 14 1.00000
44.4 15.00944 14 1.00000
44.5 15.04164 14 1.00000
44.6 15.07341 14 1.00000
44.7 15.10497 14 1.00000
44.8 15.13551 14 1.00000
44.9 15.16620 14 1.00000
45.0 15.20910 14 1.00000
45.1 15.25354 14 1.00000
45.2 15.31101 14 1.00000
45.3 15.37648 14 1.00000
45.4 15.43447 14 1.00000
45.5 15.51549 14 1.00000
45.6 15.55089 14 1.00000
45.7 15.58315 14 1.00000
45.8 15.61588 14 1.00000
45.9 15.64816 14 1.00000
46.0 15.67979 14 1.00000
46.1 15.71089 14 1.00000
46.2 15.74180 14 1.00000
46.3 15.78315 14 1.00000
46.4 15.85327 14 1.00000
46.5 15.91270 14 1.00000
46.6 15.96555 14 1.00000
46.7 16.01291 14 1.00000
46.8 16.10004 14 1.00000
46.9 16.13732 14 1.00000
47.0 16.16912 14 1.00000
47.1 16.20230 14 1.00000
47.2 16.23527 14 1.00000
47.3 16.26775 14 1.00000
47.4 16.29951 14 1.00000
47.5 16.33079 14 1.00000
47.6 16.36214 14 1.00000
47.7 16.40561 14 1.00000
47.8 16.47930 14 1.00000
47.9 16.53861 14 1.00000
48.0 16.59175 14 1.00000
48.1 16.63971 14 1.00000
48.2 16.68368 14 1.00000
48.3 16.76742 14 1.00000
48.4 16.80098 14 1.00000
48.5 16.83418 14 1.00000
48.6 16.86744 14 1.00000
48.7 16.90024 14 1.00000
48.8 16.93251 14 1.00000
48.9 16.96455 14 1.00000
49.0 16.99535 14 1.00000
49.1 17.03095 14 1.00000
49.2 17.07907 14 1.00000
49.3 17.15646 14 1.00000
49.4 17.21416 14 1.00000
49.5 17.26624 14 1.00000
49.6 17.31340 14 1.00000
49.7 17.35862 14 1.00000
49.8 17.40335 14 1.00000
49.9 17.49125 14 1.00000
50.0 17.53500 14 1.00000
50.1 17.57248 14 1.00000
50.2 17.62013 14 1.00000
50.3 17.65309 14 1.00000
50.4 17.70268 14 1.00000
50.5 17.73694 14 1.00000
50.6 17.78883 14 1.00000
50.7 17.82119 14 1.00000
50.8 17.87506 14 1.00000
50.9 17.90511 14 1.00000
51.0 17.96151 14 1.00000
51.1 17.98691 14 1.00000
51.2 18.04592 14 1.00000
51.3 18.10536 14 1.00000
51.4 18.13239 14 1.00000
51.5 18.19059 14 1.00000
51.6 18.21258 14 1.00000
51.7 18.27588 14 1.00000
51.8 18.33810 14 1.00000
51.9 18.36013 14 1.00000
52.0 18.42141 14 1.00000
52.1 18.48419 14 1.00000
52.2 18.50384 14 1.00000
52.3 18.56810 14 1.00000
52.4 18.57867 14 1.00000
52.5 18.64816 14 1.00000
52.6 18.71386 14 1.00000
52.7 18.71785 14 1.00000
52.8 18.79032 14 1.00000
52.9 18.85488 14 1.00000
53.0 18.85505 14 1.00000
53.1 18.93220 14 1.00000
53.2 18.94356 14 1.00000
53.3 18.99152 14 1.00000
53.4 19.07097 14 1.00000
53.5 19.08089 14 1.00000
53.6 19.12816 14 1.00000
53.7 19.16024 14 1.00000
53.8 19.21800 14 1.00000
53.9 19.26558 14 1.00000
54.0 19.30014 14 1.00000
54.1 19.40569 14 1.00000
54.2 19.40367 14 1.00000
54.3 19.44122 14 1.00000
54.4 19.44083 14 1.00000
54.5 19.54088 14 1.00000
54.6 19.58363 14 1.00000
54.7 19.60835 14 1.00000
54.8 19.60889 14 1.00000
54.9 19.72458 14 1.00000
55.0 19.76090 14 1.00000
55.1 19.76163 14 1.00000
55.2 19.79078 14 1.00000
55.3 19.90654 14 1.00000
55.4 19.93956 14 1.00000
55.5 19.94135 14 1.00000
55.6 19.97751 14 1.00000
55.7 20.02828 14 1.00000
55.8 20.12322 14 1.00000
55.9 20.12432 14 1.00000
56.0 20.15969 14 1.00000
56.1 20.23526 14 1.00000
56.2 20.31297 14 1.00000
56.3 20.31485 14 1.00000
56.4 20.34105 14 1.00000
56.5 20.40931 14 1.00000
56.6 20.48255 14 1.00000
56.7 20.53364 14 1.00000
56.8 20.53343 14 1.00000
56.9 20.57589 14 1.00000
57.0 20.65064 14 1.00000
57.1 20.72308 14 1.00000
57.2 20.75839 14 1.00000
57.3 20.75875 14 1.00000
57.4 20.80777 14 1.00000
57.5 20.88268 14 1.00000
57.6 20.95578 14 1.00000
57.7 20.93944 14 1.00000
57.8 20.99281 14 1.00000
57.9 21.03301 14 1.00000
58.0 21.10607 14 1.00000
58.1 21.18074 14 1.00000
58.2 21.25207 14 1.00000
58.3 21.23948 14 1.00000
58.4 21.26297 14 1.00000
58.5 21.32043 14 1.00000
58.6 21.39614 14 1.00000
58.7 21.46727 14 1.00000
58.8 21.53727 14 1.00000
58.9 21.51633 14 1.00000
59.0 21.54066 14 1.00000
59.1 21.59619 14 1.00000
59.2 21.67324 14 1.00000
59.3 21.74368 14 1.00000
59.4 21.81220 14 1.00000
59.5 21.86894 14 1.00000
59.6 21.82567 14 1.00000
59.7 21.86487 14 1.00000
59.8 21.93629 14 1.00000
59.9 22.00724 14 1.00000
60.0 22.07685 14 1.00000
60.1 22.14480 14 1.00000
60.2 22.14961 14 1.00000
60.3 22.14992 14 1.00000
60.4 22.19013 14 1.00000
60.5 22.25830 14 1.00000
60.6 22.32744 14 1.00000
60.7 22.39821 14 1.00000
60.8 22.46638 14 1.00000
60.9 22.53292 14 1.00000
61.0 22.49366 14 1.00000
61.1 22.51646 14 1.00000
61.2 22.56417 14 1.00000
61.3 22.63585 14 1.00000
61.4 22.70587 14 1.00000
61.5 22.77397 14 1.00000
61.6 22.84019 14 1.00000
61.7 22.89777 14 1.00000
61.8 22.89747 14 1.00000
61.9 22.89712 14 1.00000
62.0 22.93609 14 1.00000
62.1 22.99126 14 1.00000
62.2 23.06378 14 1.00000
62.3 23.13206 14 1.00000
62.4 23.20068 14 1.00000
62.5 23.26618 14 1.00000
62.6 23.28604 14 1.00000
62.7 23.32397 14 1.00000
62.8 23.32574 14 1.00000
62.9 23.35724 14 1.00000
63.0 23.40361 14 1.00000
63.1 23.46878 14 1.00000
63.2 23.53932 14 1.00000
63.3 23.60493 14 1.00000
63.4 23.67313 14 1.00000
63.5 23.72089 14 1.00000
63.6 23.76767 14 1.00000
63.7 23.80323 14 1.00000
63.8 23.80369 14 1.00000
63.9 23.82802 14 1.00000
64.0 23.87295 14 1.00000
64.1 23.92069 14 1.00000
64.2 23.98815 14 1.00000
64.3 24.05875 14 1.00000
64.4 24.12485 14 1.00000
64.5 24.19334 14 1.00000
64.6 24.24296 14 1.00000
64.7 24.28978 14 1.00000
64.8 24.33047 14 1.00000
64.9 24.36265 14 1.00000
65.0 24.36646 14 1.00000
65.1 24.39219 14 1.00000
65.2 24.43742 14 1.00000
65.3 24.48413 14 1.00000
65.4 24.54118 14 1.00000
65.5 24.61317 14 1.00000
65.6 24.75969 14 1.00000
65.7 24.82201 14 1.00000
65.8 24.88743 14 1.00000
65.9 24.85319 14 1.00000
66.0 24.90348 14 1.00000
66.1 24.94241 14 1.00000
66.2 24.98820 14 1.00000
66.3 25.01897 14 1.00000
66.4 25.01894 14 1.00000
66.5 25.05111 14 1.00000
66.6 25.09800 14 1.00000
66.7 25.14532 14 1.00000
66.8 25.28576 14 1.00000
66.9 25.34715 14 1.00000
67.0 25.40677 14 1.00000
67.1 25.46300 14 1.00000
67.2 25.52711 14 1.00000
67.3 25.58873 14 1.00000
67.4 25.64543 14 1.00000
67.5 25.61328 14 1.00000
67.6 25.66185 14 1.00000
67.7 25.70403 14 1.00000
67.8 25.74629 14 1.00000
67.9 25.78087 14 1.00000
68.0 25.83340 14 1.00000
68.1 25.84570 14 1.00000
68.2 25.89100 14 1.00000
68.3 25.95610 14 1.00000
68.4 26.01756 14 1.00000
68.5 26.07904 14 1.00000
68.6 26.14003 14 1.00000
68.7 26.19875 14 1.00000
68.8 26.25753 14 1.00000
68.9 26.31743 14 1.00000
69.0 26.37807 14 1.00000
69.1 26.43682 14 1.00000
69.2 26.49408 14 1.00000
69.3 26.56083 14 1.00000
69.4 26.54980 14 1.00000
69.5 26.48570 14 1.00000
69.6 26.52125 14 1.00000
69.7 26.56857 14 1.00000
69.8 26.61592 14 1.00000
69.9 26.66209 14 1.00000
70.0 26.70701 14 1.00000
70.1 26.75196 14 1.00000
70.2 26.81278 14 1.00000
70.3 26.88019 14 1.00000
70.4 26.94666 14 1.00000
70.5 27.00661 14 1.00000
70.6 27.06731 14 1.00000
70.7 27.12570 14 1.00000
70.8 27.18653 14 1.00000
70.9 27.24426 14 1.00000
71.0 27.21469 14 1.00000
71.1 27.29841 14 1.00000
71.2 27.33830 14 1.00000
71.3 27.39020 14 1.00000
71.4 27.43392 14 1.00000
71.5 27.46921 14 1.00000
71.6 27.50158 14 1.00000
71.7 27.50062 14 1.00000
71.8 27.52883 14 1.00000
71.9 27.57092 14 1.00000
72.0 27.61630 14 1.00000
72.1 27.66170 14 1.00000
72.2 27.70711 14 1.00000
72.3 27.75256 14 1.00000
72.4 27.80537 14 1.00000
72.5 27.87046 14 1.00000
72.6 27.93508 14 1.00000
72.7 27.99803 14 1.00000
72.8 28.04993 14 1.00000
72.9 28.02736 14 1.00000
73.0 28.17116 14 1.00000
73.1 28.27399 14 1.00000
73.2 28.33759 14 1.00000
73.3 28.39257 14 1.00000
73.4 28.45240 14 1.00000
73.5 28.40154 14 1.00000
73.6 28.45059 14 1.00000
73.7 28.50414 14 1.00000
73.8 28.55136 14 1.00000
73.9 28.59744 14 1.00000
74.0 28.64424 14 1.00000
74.1 28.68605 14 1.00000
74.2 28.72241 14 1.00000
74.3 28.77251 14 1.00000
74.4 28.80525 14 1.00000
74.5 28.85145 14 1.00000
74.6 28.91861 14 1.00000
74.7 28.97176 14 1.00000
74.8 28.97104 14 1.00000
74.9 28.94842 14 1.00000
75.0 28.99723 14 1.00000
75.1 29.05168 14 1.00000
75.2 29.11295 14 1.00000
75.3 29.17359 14 1.00000
75.4 29.23310 14 1.00000
75.5 29.29247 14 1.00000
75.6 29.34446 14 1.00000
75.7 29.40342 14 1.00000
75.8 29.45623 14 1.00000
75.9 29.51622 14 1.00000
76.0 29.56708 14 1.00000
76.1 29.61666 14 1.00000
76.2 29.67622 14 1.00000
76.3 29.73205 14 1.00000
76.4 29.78707 14 1.00000
76.5 29.84019 14 1.00000
76.6 29.89388 14 1.00000
76.7 29.94666 14 1.00000
76.8 30.00006 14 1.00000
76.9 30.05311 14 1.00000
77.0 30.10804 14 1.00000
77.1 30.15995 14 1.00000
77.2 30.21044 14 1.00000
77.3 30.26239 14 1.00000
77.4 30.31550 14 1.00000
77.5 30.32016 14 1.00000
77.6 30.28309 14 1.00000
77.7 30.31998 14 1.00000
77.8 30.42976 14 1.00000
77.9 30.47758 14 1.00000
78.0 30.52437 14 1.00000
78.1 30.56920 14 1.00000
78.2 30.61266 14 1.00000
78.3 30.65325 14 1.00000
78.4 30.70211 14 1.00000
78.5 30.75092 14 1.00000
78.6 30.79853 14 1.00000
78.7 30.84103 14 1.00000
78.8 30.88194 14 1.00000
78.9 30.92080 14 1.00000
79.0 30.94937 14 1.00000
79.1 30.99379 14 1.00000
79.2 31.03775 14 1.00000
79.3 31.08109 14 1.00000
79.4 31.18843 14 1.00000
79.5 31.24428 14 1.00000
79.6 31.16180 14 1.00000
79.7 31.20355 14 1.00000
79.8 31.24920 14 1.00000
79.9 31.29501 14 1.00000
80.0 31.33973 14 1.00000
80.1 31.38575 14 1.00000
80.2 31.43197 14 1.00000
80.3 31.47931 14 1.00000
80.4 31.52669 14 1.00000
80.5 31.57407 14 1.00000
80.6 31.62147 14 1.00000
80.7 31.66893 14 1.00000
80.8 31.71639 14 1.00000
80.9 31.76387 14 1.00000
81.0 31.81363 14 1.00000
81.1 31.86378 14 1.00000
81.2 31.91369 14 1.00000
81.3 31.96354 14 1.00000
81.4 32.01572 14 1.00000
81.5 32.06832 14 1.00000
81.6 32.12073 14 1.00000
81.7 32.17295 14 1.00000
81.8 32.22532 14 1.00000
81.9 32.27716 14 1.00000
82.0 32.32928 14 1.00000
82.1 32.38108 14 1.00000
82.2 32.43218 14 1.00000
82.3 32.48292 14 1.00000
82.4 32.53379 14 1.00000
82.5 32.58416 14 1.00000
82.6 32.63433 14 1.00000
82.7 32.68465 14 1.00000
82.8 32.73483 14 1.00000
82.9 32.78450 14 1.00000
83.0 32.83432 14 1.00000
83.1 32.88348 14 1.00000
83.2 32.93348 14 1.00000
83.3 32.98285 14 1.00000
83.4 33.03176 14 1.00000
83.5 33.08074 14 1.00000
83.6 33.12967 14 1.00000
83.7 33.17833 14 1.00000
83.8 33.22666 14 1.00000
83.9 33.27531 14 1.00000
84.0 33.32350 14 1.00000
84.1 33.37182 14 1.00000
84.2 33.41978 14 1.00000
84.3 33.46798 14 1.00000
84.4 33.51444 14 1.00000
84.5 33.53437 14 1.00000
84.6 33.54406 14 1.00000
84.7 33.67467 14 1.00000
84.8 33.78716 14 1.00000
84.9 33.77378 14 1.00000
85.0 33.81719 14 1.00000
85.1 33.86200 14 1.00000
85.2 33.91607 14 1.00000
85.3 33.96836 14 1.00000
85.4 34.01640 14 1.00000
85.5 34.06459 14 1.00000
85.6 34.11264 14 1.00000
85.7 34.16073 14 1.00000
85.8 34.20814 14 1.00000
85.9 34.25401 14 1.00000
86.0 34.30017 14 1.00000
86.1 34.34570 14 1.00000
86.2 34.39102 14 1.00000
86.3 34.43661 14 1.00000
86.4 34.48153 14 1.00000
86.5 34.52645 14 1.00000
86.6 34.57022 14 1.00000
86.7 34.61393 14 1.00000
86.8 34.65754 14 1.00000
86.9 34.66145 14 1.00000
87.0 34.86708 14 1.00000
87.1 34.82224 14 1.00000
87.2 34.86458 14 1.00000
87.3 34.90691 14 1.00000
87.4 34.94881 14 1.00000
87.5 34.99305 14 1.00000
87.6 35.03672 14 1.00000
87.7 35.08067 14 1.00000
87.8 35.12400 14 1.00000
87.9 35.16715 14 1.00000
88.0 35.21123 14 1.00000
88.1 35.25803 14 1.00000
88.2 35.30486 14 1.00000
88.3 35.35130 14 1.00000
88.4 35.39780 14 1.00000
88.5 35.45222 14 1.00000
88.6 35.51715 14 1.00000
88.7 35.63725 14 1.00000
88.8 35.73208 14 1.00000
88.9 35.82798 14 1.00000
89.0 35.69988 14 1.00000
89.1 35.76900 14 1.00000
89.2 35.83467 14 1.00000
89.3 35.89917 14 1.00000
89.4 35.96327 14 1.00000
89.5 36.02763 14 1.00000
89.6 36.08564 14 1.00000
89.7 36.12955 14 1.00000
89.8 36.19964 14 1.00000
89.9 36.26027 14 1.00000
90.0 36.31215 14 1.00000
90.1 36.35281 14 1.00000
90.2 36.41653 14 1.00000
90.3 36.47800 14 1.00000
90.4 36.53073 14 1.00000
90.5 36.58012 14 1.00000
90.6 36.63190 14 1.00000
90.7 36.69229 14 1.00000
90.8 36.74598 14 1.00000
90.9 36.79338 14 1.00000
91.0 36.83597 14 1.00000
91.1 36.90079 14 1.00000
91.2 36.95984 14 1.00000
91.3 37.03936 14 1.00000
91.4 37.08612 14 1.00000
91.5 37.19946 14 1.00000
91.6 37.08643 14 1.00000
91.7 37.22347 14 1.00000
91.8 37.28673 14 1.00000
91.9 37.34266 14 1.00000
92.0 37.38951 14 1.00000
92.1 37.43947 14 1.00000
92.2 37.47783 14 1.00000
92.3 37.53457 14 1.00000
92.4 37.58744 14 1.00000
92.5 37.63797 14 1.00000
92.6 37.68575 14 1.00000
92.7 37.72948 14 1.00000
92.8 37.79424 14 1.00000
92.9 37.84663 14 1.00000
93.0 37.87600 14 1.00000
93.1 37.86639 14 1.00000
93.2 37.99995 14 1.00000
93.3 38.04160 14 1.00000
93.4 38.07755 14 1.00000
93.5 38.14327 14 1.00000
93.6 38.18607 14 1.00000
93.7 38.23217 14 1.00000
93.8 38.28484 14 1.00000
93.9 38.39774 14 1.00000
94.0 38.37511 14 1.00000
94.1 38.50862 14 1.00000
94.2 38.54741 14 1.00000
94.3 38.60642 14 1.00000
94.4 38.63088 14 1.00000
94.5 38.69493 14 1.00000
94.6 38.73781 14 1.00000
94.7 38.78024 14 1.00000
94.8 38.83611 14 1.00000
94.9 38.86757 14 1.00000
95.0 38.92028 14 1.00000
95.1 38.96969 14 1.00000
95.2 38.99434 14 1.00000
95.3 39.06029 14 1.00000
95.4 39.10057 14 1.00000
95.5 39.14440 14 1.00000
95.6 39.19425 14 1.00000
95.7 39.22956 14 1.00000
95.8 39.28459 14 1.00000
95.9 39.31940 14 1.00000
96.0 39.37077 14 1.00000
96.1 39.41381 14 1.00000
96.2 39.44293 14 1.00000
96.3 39.50581 14 1.00000
96.4 39.54460 14 1.00000
96.5 39.57336 14 1.00000
96.6 39.63026 14 1.00000
96.7 39.67881 14 1.00000
96.8 39.71835 14 1.00000
96.9 39.75649 14 1.00000
97.0 39.79425 14 1.00000
97.1 39.83154 14 1.00000
97.2 39.86795 14 1.00000
97.3 39.90448 14 1.00000
97.4 39.97234 14 1.00000
97.5 40.05325 14 1.00000
97.6 40.13131 14 1.00000
97.7 40.19767 14 1.00000
97.8 40.26197 14 1.00000
97.9 40.33136 14 1.00000
98.0 40.41885 14 1.00000
98.1 40.50002 14 1.00000
98.2 40.47667 14 1.00000
98.3 40.58990 14 1.00000
98.4 40.60913 14 1.00000
98.5 40.67979 14 1.00000
98.6 40.72474 14 1.00000
98.7 40.76969 14 1.00000
98.8 40.81479 14 1.00000
98.9 40.86461 14 1.00000
99.0 40.91515 14 1.00000
99.1 40.96501 14 1.00000
99.2 41.01426 14 1.00000
99.3 41.07241 14 1.00000
99.4 41.12120 14 1.00000
99.5 41.16944 14 1.00000
99.6 41.21745 14 1.00000
99.7 41.26506 14 1.00000
99.8 41.31234 14 1.00000
99.9 41.35917 14 1.00000
100.0 41.40556 14 1.00000
100.1 41.44988 14 1.00000
100.2 41.45459 14 1.00000
100.3 41.54606 14 1.00000
100.4 41.59217 14 1.00000
100.5 41.63811 14 1.00000
100.6 41.68395 14 1.00000
100.7 41.72654 14 1.00000
100.8 41.77137 14 1.00000
100.9 41.81659 14 1.00000
101.0 41.86497 14 1.00000
101.1 41.91196 14 1.00000
101.2 41.98373 14 1.00000
101.3 42.01330 14 1.00000
101.4 42.05158 14 1.00000
101.5 42.11708 14 1.00000
101.6 42.15495 14 1.00000
101.7 42.19390 14 1.00000
101.8 42.26200 14 1.00000
101.9 42.30077 14 1.00000
102.0 42.34026 14 1.00000
102.1 42.38056 14 1.00000
102.2 42.45234 14 1.00000
102.3 42.49273 14 1.00000
102.4 42.53448 14 1.00000
102.5 42.57684 14 1.00000
102.6 42.61986 14 1.00000
102.7 42.66381 14 1.00000
102.8 42.70837 14 1.00000
102.9 42.78816 14 1.00000
103.0 42.83509 14 1.00000
103.1 42.88327 14 1.00000
103.2 42.93267 14 1.00000
103.3 42.98341 14 1.00000
103.4 43.03545 14 1.00000
103.5 43.08936 14 1.00000
103.6 43.14969 14 1.00000
103.7 43.23798 14 1.00000
103.8 43.32627 14 1.00000
103.9 43.41428 14 1.00000
104.0 43.50258 14 1.00000
104.1 43.59065 14 1.00000
104.2 43.67897 14 1.00000
104.3 43.76729 14 1.00000
104.4 43.85543 14 1.00000
104.5 43.94376 14 1.00000
104.6 44.03210 14 1.00000
104.7 44.12020 14 1.00000
104.8 44.20855 14 1.00000
104.9 44.29667 14 1.00000
105.0 44.38503 14 1.00000
105.1 44.47334 14 1.00000
105.2 44.56151 14 1.00000
105.3 44.64983 14 1.00000
105.4 44.73820 14 1.00000
105.5 44.82639 14 1.00000
105.6 44.91477 14 1.00000
105.7 45.00291 14 1.00000
105.8 45.09125 14 1.00000
105.9 45.17970 14 1.00000
106.0 45.26785 14 1.00000
106.1 45.35624 14 1.00000
106.2 45.44459 14 1.00000
106.3 45.53275 14 1.00000
106.4 45.62120 14 1.00000
106.5 45.70932 14 1.00000
106.6 45.79772 14 1.00000
106.7 45.88618 14 1.00000
106.8 45.97435 14 1.00000
106.9 46.06276 14 1.00000
107.0 46.15118 14 1.00000
107.1 46.23935 14 1.00000
107.2 46.32771 14 1.00000
107.3 46.41618 14 1.00000
107.4 46.50430 14 1.00000
107.5 46.59272 14 1.00000
107.6 46.68118 14 1.00000
107.7 46.76936 14 1.00000
107.8 46.85772 14 1.00000
107.9 46.94590 14 1.00000
108.0 47.03431 14 1.00000
108.1 47.12278 14 1.00000
108.2 47.21096 14 1.00000
108.3 47.29937 14 1.00000
108.4 47.38773 14 1.00000
108.5 47.47596 14 1.00000
108.6 47.56437 14 1.00000
108.7 47.65277 14 1.00000
108.8 47.74089 14 1.00000
108.9 47.82930 14 1.00000
109.0 47.91771 14 1.00000
109.1 48.00592 14 1.00000
109.2 48.09432 14 1.00000
109.3 48.18272 14 1.00000
109.4 48.27088 14 1.00000
109.5 48.35922 14 1.00000
109.6 48.44762 14 1.00000
109.7 48.53582 14 1.00000
109.8 48.62421 14 1.00000
109.9 48.71254 14 1.00000
110.0 48.80074 14 1.00000
110.1 48.88911 14 1.00000
110.2 48.97744 14 1.00000
110.3 49.06557 14 1.00000
110.4 49.15395 14 1.00000
110.5 49.24236 14 1.00000
110.6 49.33044 14 1.00000
110.7 49.41879 14 1.00000
110.8 49.50720 14 1.00000
110.9 49.59532 14 1.00000
111.0 49.68361 14 1.00000
111.1 49.77200 14 1.00000
111.2 49.86006 14 1.00000
111.3 49.94844 14 1.00000
111.4 50.03677 14 1.00000
111.5 50.12481 14 1.00000
111.6 50.21318 14 1.00000
111.7 50.30149 14 1.00000
111.8 50.38953 14 1.00000
111.9 50.47783 14 1.00000
112.0 50.56614 14 1.00000
112.1 50.65425 14 1.00000
112.2 50.74254 14 1.00000
112.3 50.83083 14 1.00000
112.4 50.91882 14 1.00000
112.5 51.00715 14 1.00000
112.6 51.09537 14 1.00000
112.7 51.18345 14 1.00000
112.8 51.27166 14 1.00000
112.9 51.35996 14 1.00000
113.0 51.44793 14 1.00000
113.1 51.53617 14 1.00000
113.2 51.62445 14 1.00000
113.3 51.71240 14 1.00000
113.4 51.80067 14 1.00000
113.5 51.88889 14 1.00000
113.6 51.97709 14 1.00000
113.7 52.06502 14 1.00000
113.8 52.15321 14 1.00000
113.9 52.24140 14 1.00000
114.0 52.32941 14 1.00000
114.1 52.41753 14 1.00000
114.2 52.50570 14 1.00000
114.3 52.59369 14 1.00000
114.4 52.68184 14 1.00000
114.5 52.76999 14 1.00000
114.6 52.85790 14 1.00000
114.7 52.94603 14 1.00000
114.8 53.03411 14 1.00000
114.9 53.12227 14 1.00000
115.0 53.21011 14 1.00000
115.1 53.29821 14 1.00000
115.2 53.38636 14 1.00000
115.3 53.47417 14 1.00000
115.4 53.56230 14 1.00000
115.5 53.65037 14 1.00000
115.6 53.73816 14 1.00000
115.7 53.82621 14 1.00000
115.8 53.91426 14 1.00000
115.9 54.00235 14 1.00000
116.0 54.09016 14 1.00000
116.1 54.17813 14 1.00000
116.2 54.26620 14 1.00000
116.3 54.35393 14 1.00000
116.4 54.44198 14 1.00000
116.5 54.52991 14 1.00000
116.6 54.61768 14 1.00000
116.7 54.70565 14 1.00000
116.8 54.79361 14 1.00000
116.9 54.88161 14 1.00000
117.0 54.96934 14 1.00000
117.1 55.05722 14 1.00000
117.2 55.14520 14 1.00000
117.3 55.23285 14 1.00000
117.4 55.32076 14 1.00000
117.5 55.40871 14 1.00000
117.6 55.49655 14 1.00000
117.7 55.58426 14 1.00000
117.8 55.67213 14 1.00000
117.9 55.75995 14 1.00000
118.0 55.84758 14 1.00000
118.1 55.93543 14 1.00000
118.2 56.02331 14 1.00000
118.3 56.11109 14 1.00000
118.4 56.19873 14 1.00000
118.5 56.28654 14 1.00000
118.6 56.37434 14 1.00000
118.7 56.46185 14 1.00000
118.8 56.54968 14 1.00000
118.9 56.63740 14 1.00000
119.0 56.72520 14 1.00000
119.1 56.81273 14 1.00000
119.2 56.90042 14 1.00000
119.3 56.98814 14 1.00000
119.4 57.07565 14 1.00000
119.5 57.16335 14 1.00000
119.6 57.25109 14 1.00000
119.7 57.33878 14 1.00000
119.8 57.42624 14 1.00000
119.9 57.51385 14 1.00000
120.0 57.60156 14 1.00000
120.1 57.68899 14 1.00000
120.2 57.77662 14 1.00000
120.3 57.86424 14 1.00000
120.4 57.95185 14 1.00000
120.5 58.03919 14 1.00000
120.6 58.12679 14 1.00000
120.7 58.21442 14 1.00000
120.8 58.30198 14 1.00000
120.9 58.38928 14 1.00000
121.0 58.47688 14 1.00000
121.1 58.56441 14 1.00000
121.2 58.65168 14 1.00000
121.3 58.73924 14 1.00000
121.4 58.82669 14 1.00000
121.5 58.91402 14 1.00000
121.6 59.00151 14 1.00000
121.7 59.08897 14 1.00000
121.8 59.17643 14 1.00000
121.9 59.26383 14 1.00000
122.0 59.35106 14 1.00000
122.1 59.43853 14 1.00000
122.2 59.52590 14 1.00000
122.3 59.61335 14 1.00000
122.4 59.70048 14 1.00000
122.5 59.78786 14 1.00000
122.6 59.87528 14 1.00000
122.7 59.96264 14 1.00000
122.8 60.04972 14 1.00000
122.9 60.13710 14 1.00000
123.0 60.22443 14 1.00000
123.1 60.31174 14 1.00000
123.2 60.39904 14 1.00000
123.3 60.48606 14 1.00000
123.4 60.57334 14 1.00000
123.5 60.66066 14 1.00000
123.6 60.74791 14 1.00000
123.7 60.83494 14 1.00000
123.8 60.92212 14 1.00000
123.9 61.00933 14 1.00000
124.0 61.09653 14 1.00000
124.1 61.18357 14 1.00000
124.2 61.27070 14 1.00000
124.3 61.35792 14 1.00000
124.4 61.44508 14 1.00000
124.5 61.53222 14 1.00000
124.6 61.61914 14 1.00000
124.7 61.70626 14 1.00000
124.8 61.79337 14 1.00000
124.9 61.88047 14 1.00000
125.0 61.96730 14 1.00000
125.1 62.05437 14 1.00000
125.2 62.14143 14 1.00000
125.3 62.22847 14 1.00000
125.4 62.31556 14 1.00000
125.5 62.40237 14 1.00000
125.6 62.48933 14 1.00000
125.7 62.57633 14 1.00000
125.8 62.66331 14 1.00000
125.9 62.75013 14 1.00000
126.0 62.83704 14 1.00000
126.1 62.92399 14 1.00000
126.2 63.01093 14 1.00000
126.3 63.09769 14 1.00000
126.4 63.18460 14 1.00000
126.5 63.27145 14 1.00000
126.6 63.35833 14 1.00000
126.7 63.44521 14 1.00000
126.8 63.53186 14 1.00000
126.9 63.61876 14 1.00000
127.0 63.70554 14 1.00000
127.1 63.79236 14 1.00000
127.2 63.87897 14 1.00000
127.3 63.96581 14 1.00000
127.4 64.05254 14 1.00000
127.5 64.13937 14 1.00000
127.6 64.22607 14 1.00000
127.7 64.31261 14 1.00000
127.8 64.39935 14 1.00000
127.9 64.48607 14 1.00000
128.0 64.57277 14 1.00000
128.1 64.65946 14 1.00000
128.2 64.74594 14 1.00000
128.3 64.83266 14 1.00000
128.4 64.91931 14 1.00000
128.5 64.53569 14 1.00000
128.6 64.62247 14 1.00000
128.7 64.70895 14 1.00000
128.8 64.79572 14 1.00000
128.9 64.88238 14 1.00000
129.0 64.96918 14 1.00000
129.1 64.58575 14 1.00000
129.2 64.67229 14 1.00000
129.3 64.75906 14 1.00000
129.4 64.84581 14 1.00000
129.5 64.93256 14 1.00000
129.6 64.54932 14 1.00000
129.7 64.63618 14 1.00000
129.8 64.72285 14 1.00000
129.9 64.80966 14 1.00000
130.0 64.89646 14 1.00000
130.1 64.98319 14 1.00000
130.2 64.60033 14 1.00000
130.3 64.68694 14 1.00000
130.4 64.77386 14 1.00000
130.5 64.86065 14 1.00000
130.6 64.94753 14 1.00000
130.7 64.56471 14 1.00000
130.8 64.65167 14 1.00000
130.9 64.73838 14 1.00000
131.0 64.82528 14 1.00000
131.1 64.91216 14 1.00000
131.2 64.52876 14 1.00000
131.3 64.61663 14 1.00000
131.4 64.70338 14 1.00000
131.5 64.79034 14 1.00000
131.6 64.87722 14 1.00000
131.7 64.96419 14 1.00000
131.8 64.58084 14 1.00000
131.9 64.66868 14 1.00000
132.0 64.75572 14 1.00000
132.1 64.84271 14 1.00000
132.2 64.92963 14 1.00000
132.3 64.54639 14 1.00000
132.4 64.63345 14 1.00000
132.5 64.72150 14 1.00000
132.6 64.80853 14 1.00000
132.7 64.89550 14 1.00000
132.8 64.98251 14 1.00000
132.9 64.59937 14 1.00000
133.0 64.68622 14 1.00000
133.1 64.77468 14 1.00000
133.2 64.86180 14 1.00000
133.3 64.94886 14 1.00000
133.4 64.56563 14 1.00000
133.5 64.65277 14 1.00000
133.6 64.73970 14 1.00000
133.7 64.82838 14 1.00000
133.8 64.91553 14 1.00000
133.9 64.53231 14 1.00000
134.0 64.61955 14 1.00000
134.1 64.70648 14 1.00000
134.2 64.79365 14 1.00000
134.3 64.88254 14 1.00000
134.4 64.96973 14 1.00000
134.5 64.58666 14 1.00000
134.6 64.67364 14 1.00000
134.7 64.76085 14 1.00000
134.8 64.84805 14 1.00000
134.9 64.93721 14 1.00000
135.0 64.55409 14 1.00000
135.1 64.64142 14 1.00000
135.2 64.72849 14 1.00000
135.3 64.81568 14 1.00000
135.4 64.90297 14 1.00000
135.5 64.52195 14 1.00000
135.6 64.60933 14 1.00000
135.7 64.69639 14 1.00000
135.8 64.78373 14 1.00000
135.9 64.87096 14 1.00000
136.0 64.95824 14 1.00000
136.1 64.57755 14 1.00000
136.2 64.66476 14 1.00000
136.3 64.75211 14 1.00000
136.4 64.83939 14 1.00000
136.5 64.92670 14 1.00000
136.6 65.01405 14 1.00000
136.7 64.63366 14 1.00000
136.8 64.72080 14 1.00000
136.9 64.80824 14 1.00000
137.0 64.89555 14 1.00000
137.1 64.98289 14 1.00000
137.2 65.07003 14 1.00000
137.3 64.68997 14 1.00000
137.4 64.77740 14 1.00000
137.5 64.86481 14 1.00000
137.6 64.95220 14 1.00000
137.7 65.03954 14 1.00000
137.8 65.12670 14 1.00000
137.9 64.74687 14 1.00000
138.0 64.83434 14 1.00000
138.1 64.92183 14 1.00000
138.2 65.00925 14 1.00000
138.3 65.09642 14 1.00000
138.4 65.18382 14 1.00000
138.5 64.80433 14 1.00000
138.6 64.89177 14 1.00000
138.7 64.97924 14 1.00000
138.8 65.06655 14 1.00000
138.9 65.15400 14 1.00000
139.0 65.24143 14 1.00000
139.1 64.86217 14 1.00000
139.2 64.94965 14 1.00000
139.3 65.03716 14 1.00000
139.4 65.12444 14 1.00000
139.5 65.21192 14 1.00000
139.6 65.29939 14 1.00000
139.7 65.38683 14 1.00000
139.8 65.00797 14 1.00000
139.9 65.09535 14 1.00000
140.0 65.18288 14 1.00000
140.1 65.27033 14 1.00000
140.2 65.35783 14 1.00000
140.3 64.97575 14 1.00000
140.4 65.06652 14 1.00000
140.5 65.15409 14 1.00000
140.6 65.24169 14 1.00000
140.7 65.32919 14 1.00000
140.8 64.94706 14 1.00000
140.9 65.03474 14 1.00000
141.0 65.12576 14 1.00000
141.1 65.21336 14 1.00000
141.2 65.30090 14 1.00000
141.3 65.38847 14 1.00000
141.4 65.00651 14 1.00000
141.5 65.09392 14 1.00000
141.6 65.18539 14 1.00000
141.7 65.27297 14 1.00000
141.8 65.36063 14 1.00000
141.9 64.97858 14 1.00000
142.0 65.06609 14 1.00000
142.1 65.15377 14 1.00000
142.2 65.24540 14 1.00000
142.3 65.33306 14 1.00000
142.4 64.95111 14 1.00000
142.5 65.03886 14 1.00000
142.6 65.12634 14 1.00000
142.7 65.21411 14 1.00000
142.8 65.30593 14 1.00000
142.9 65.39362 14 1.00000
143.0 65.01174 14 1.00000
143.1 65.09927 14 1.00000
143.2 65.18708 14 1.00000
143.3 65.27478 14 1.00000
143.4 65.36680 14 1.00000
143.5 64.98492 14 1.00000
143.6 65.07254 14 1.00000
143.7 65.16035 14 1.00000
143.8 65.24819 14 1.00000
143.9 65.33592 14 1.00000
144.0 65.42368 14 1.00000
144.1 65.04637 14 1.00000
144.2 65.13407 14 1.00000
144.3 65.22186 14 1.00000
144.4 65.30973 14 1.00000
144.5 65.39754 14 1.00000
144.6 65.48512 14 1.00000
144.7 65.10809 14 1.00000
144.8 65.19592 14 1.00000
144.9 65.28379 14 1.00000
145.0 65.37169 14 1.00000
145.1 65.45932 14 1.00000
145.2 65.54709 14 1.00000
145.3 65.17038 14 1.00000
145.4 65.25824 14 1.00000
145.5 65.34614 14 1.00000
145.6 65.43401 14 1.00000
145.7 65.52168 14 1.00000
145.8 65.60957 14 1.00000
145.9 65.23309 14 1.00000
146.0 65.32103 14 1.00000
146.1 65.40895 14 1.00000
146.2 65.49660 14 1.00000
146.3 65.58455 14 1.00000
146.4 65.67237 14 1.00000
146.5 65.76022 14 1.00000
146.6 65.38412 14 1.00000
146.7 65.47192 14 1.00000
146.8 65.55986 14 1.00000
146.9 65.64773 14 1.00000
147.0 65.73563 14 1.00000
147.1 65.82352 14 1.00000
147.2 65.44774 14 1.00000
147.3 65.53551 14 1.00000
147.4 65.62347 14 1.00000
147.5 65.71142 14 1.00000
147.6 65.79929 14 1.00000
147.7 65.88706 14 1.00000
147.8 65.51146 14 1.00000
147.9 65.59951 14 1.00000
148.0 65.68745 14 1.00000
148.1 65.77547 14 1.00000
148.2 65.86317 14 1.00000
148.3 65.95116 14 1.00000
148.4 65.57588 14 1.00000
148.5 65.66386 14 1.00000
148.6 65.75188 14 1.00000
148.7 65.83992 14 1.00000
148.8 65.92765 14 1.00000
148.9 66.01562 14 1.00000
149.0 66.10357 14 1.00000
149.1 65.72867 14 1.00000
149.2 65.81676 14 1.00000
149.3 65.90458 14 1.00000
149.4 65.99254 14 1.00000
149.5 66.08053 14 1.00000
149.6 66.16856 14 1.00000
149.7 65.79392 14 1.00000
149.8 65.88179 14 1.00000
149.9 65.96983 14 1.00000
150.0 66.05787 14 1.00000
150.1 66.14589 14 1.00000
150.2 66.23384 14 1.00000
150.3 65.85928 14 1.00000
150.4 65.94736 14 1.00000
150.5 66.03544 14 1.00000
150.6 66.12350 14 1.00000
150.7 66.21154 14 1.00000
150.8 66.29942 14 1.00000
150.9 66.38738 14 1.00000
151.0 66.01344 14 1.00000
151.1 66.10154 14 1.00000
151.2 66.18962 14 1.00000
151.3 66.27750 14 1.00000
151.4 66.36555 14 1.00000
151.5 66.45358 14 1.00000
151.6 66.07985 14 1.00000
151.7 66.16793 14 1.00000
151.8 66.25609 14 1.00000
151.9 66.34393 14 1.00000
152.0 66.43205 14 1.00000
152.1 66.05215 14 1.00000
152.2 66.14666 14 1.00000
152.3 66.23476 14 1.00000
152.4 66.32269 14 1.00000
152.5 66.41080 14 1.00000
152.6 66.03095 14 1.00000
152.7 66.11911 14 1.00000
152.8 66.20734 14 1.00000
152.9 66.30182 14 1.00000
153.0 66.38993 14 1.00000
153.1 66.01009 14 1.00000
153.2 66.09834 14 1.00000
153.3 66.18656 14 1.00000
153.4 66.27457 14 1.00000
153.5 66.36942 14 1.00000
153.6 65.98954 14 1.00000
153.7 66.07777 14 1.00000
153.8 66.16605 14 1.00000
153.9 66.25430 14 1.00000
154.0 66.34238 14 1.00000
154.1 66.43055 14 1.00000
154.2 66.05763 14 1.00000
154.3 66.14589 14 1.00000
154.4 66.23418 14 1.00000
154.5 66.32226 14 1.00000
154.6 66.41052 14 1.00000
154.7 66.49881 14 1.00000
154.8 66.12605 14 1.00000
154.9 66.21443 14 1.00000
155.0 66.30250 14 1.00000
155.1 66.39080 14 1.00000
155.2 66.47913 14 1.00000
155.3 66.56734 14 1.00000
155.4 66.19490 14 1.00000
155.5 66.28305 14 1.00000
155.6 66.37139 14 1.00000
155.7 66.45976 14 1.00000
155.8 66.54807 14 1.00000
155.9 66.63635 14 1.00000
156.0 66.72437 14 1.00000
156.1 66.35234 14 1.00000
156.2 66.44065 14 1.00000
156.3 66.52905 14 1.00000
156.4 66.61732 14 1.00000
156.5 66.70544 14 1.00000
156.6 66.79372 14 1.00000
156.7 66.42190 14 1.00000
156.8 66.51028 14 1.00000
156.9 66.59865 14 1.00000
157.0 66.68684 14 1.00000
157.1 66.77512 14 1.00000
157.2 66.86349 14 1.00000
157.3 66.95174 14 1.00000
157.4 66.58032 14 1.00000
157.5 66.66846 14 1.00000
157.6 66.75684 14 1.00000
157.7 66.84524 14 1.00000
157.8 66.93353 14 1.00000
157.9 67.02190 14 1.00000
158.0 66.65067 14 1.00000
158.1 66.73888 14 1.00000
158.2 66.82728 14 1.00000
158.3 66.91565 14 1.00000
158.4 67.00401 14 1.00000
158.5 67.09211 14 1.00000
158.6 67.18044 14 1.00000
158.7 66.80957 14 1.00000
158.8 66.89799 14 1.00000
158.9 66.98643 14 1.00000
159.0 67.07462 14 1.00000
159.1 67.16297 14 1.00000
159.2 67.25132 14 1.00000
159.3 66.88071 14 1.00000
159.4 66.96914 14 1.00000
159.5 67.05751 14 1.00000
159.6 67.14571 14 1.00000
159.7 67.23415 14 1.00000
159.8 67.32246 14 1.00000
159.9 67.41087 14 1.00000
160.0 67.04060 14 1.00000
160.1 67.12880 14 1.00000
160.2 67.21727 14 1.00000
160.3 67.30562 14 1.00000
160.4 67.39406 14 1.00000
160.5 67.48218 14 1.00000
160.6 67.11217 14 1.00000
160.7 67.20062 14 1.00000
160.8 67.28912 14 1.00000
160.9 67.37749 14 1.00000
161.0 67.46590 14 1.00000
161.1 67.55409 14 1.00000
161.2 67.64246 14 1.00000
161.3 67.27280 14 1.00000
161.4 67.36126 14 1.00000
161.5 67.44975 14 1.00000
161.6 67.53799 14 1.00000
161.7 67.62640 14 1.00000
161.8 67.71479 14 1.00000
161.9 67.80312 14 1.00000
162.0 67.43385 14 1.00000
162.1 67.52206 14 1.00000
162.2 67.61057 14 1.00000
162.3 67.69894 14 1.00000
162.4 67.78741 14 1.00000
162.5 67.87575 14 1.00000
162.6 67.50648 14 1.00000
162.7 67.59496 14 1.00000
162.8 67.68347 14 1.00000
162.9 67.77187 14 1.00000
163.0 67.86031 14 1.00000
163.1 67.94852 14 1.00000
163.2 68.03696 14 1.00000
163.3 67.66824 14 1.00000
163.4 67.75672 14 1.00000
163.5 67.84514 14 1.00000
163.6 67.93344 14 1.00000
163.7 68.02183 14 1.00000
163.8 68.11024 14 1.00000
163.9 67.74174 14 1.00000
164.0 67.83029 14 1.00000
164.1 67.91853 14 1.00000
164.2 68.00706 14 1.00000
164.3 68.09550 14 1.00000
164.4 68.18394 14 1.00000
164.5 68.27231 14 1.00000
164.6 67.90401 14 1.00000
164.7 67.99251 14 1.00000
164.8 68.08100 14 1.00000
164.9 68.16942 14 1.00000
165.0 68.25792 14 1.00000
165.1 68.34611 14 1.00000
165.2 67.96947 14 1.00000
165.3 68.06670 14 1.00000
165.4 68.15526 14 1.00000
165.5 68.24370 14 1.00000
165.6 68.33202 14 1.00000
165.7 67.95541 14 1.00000
165.8 68.04391 14 1.00000
165.9 68.14133 14 1.00000
166.0 68.22984 14 1.00000
166.1 68.31815 14 1.00000
166.2 67.94151 14 1.00000
166.3 68.03014 14 1.00000
166.4 68.11872 14 1.00000
166.5 68.20723 14 1.00000
166.6 68.30450 14 1.00000
166.7 67.92796 14 1.00000
166.8 68.01654 14 1.00000
166.9 68.10520 14 1.00000
167.0 68.19379 14 1.00000
167.1 68.28237 14 1.00000
167.2 68.37073 14 1.00000
167.3 68.00330 14 1.00000
167.4 68.09194 14 1.00000
167.5 68.18052 14 1.00000
167.6 68.26913 14 1.00000
167.7 68.35752 14 1.00000
167.8 68.44609 14 1.00000
167.9 68.07890 14 1.00000
168.0 68.16755 14 1.00000
168.1 68.25625 14 1.00000
168.2 68.34467 14 1.00000
168.3 68.43324 14 1.00000
168.4 68.52187 14 1.00000
168.5 68.61040 14 1.00000
168.6 68.24352 14 1.00000
168.7 68.33198 14 1.00000
168.8 68.42067 14 1.00000
168.9 68.50925 14 1.00000
169.0 68.59790 14 1.00000
169.1 68.68644 14 1.00000
169.2 68.77486 14 1.00000
169.3 68.40826 14 1.00000
169.4 68.49692 14 1.00000
169.5 68.58561 14 1.00000
169.6 68.67423 14 1.00000
169.7 68.76260 14 1.00000
169.8 68.85123 14 1.00000
169.9 68.93980 14 1.00000
170.0 68.57357 14 1.00000
170.1 68.66217 14 1.00000
170.2 68.75066 14 1.00000
170.3 68.83923 14 1.00000
170.4 68.92789 14 1.00000
170.5 69.01647 14 1.00000
170.6 69.10503 14 1.00000
170.7 68.73894 14 1.00000
170.8 68.82754 14 1.00000
170.9 68.91618 14 1.00000
171.0 69.00484 14 1.00000
171.1 69.09344 14 1.00000
171.2 69.18178 14 1.00000
171.3 68.81613 14 1.00000
171.4 68.90480 14 1.00000
171.5 68.99345 14 1.00000
171.6 69.08203 14 1.00000
171.7 69.17045 14 1.00000
171.8 69.25905 14 1.00000
171.9 69.34767 14 1.00000
172.0 68.98225 14 1.00000
172.1 69.07092 14 1.00000
172.2 69.15937 14 1.00000
172.3 69.24805 14 1.00000
172.4 69.33665 14 1.00000
172.5 69.42525 14 1.00000
172.6 69.51382 14 1.00000
172.7 69.14851 14 1.00000
172.8 69.23717 14 1.00000
172.9 69.32581 14 1.00000
173.0 69.41449 14 1.00000
173.1 69.50310 14 1.00000
173.2 69.59145 14 1.00000
173.3 69.68002 14 1.00000
173.4 69.31526 14 1.00000
173.5 69.40392 14 1.00000
173.6 69.49261 14 1.00000
173.7 69.58104 14 1.00000
173.8 69.66959 14 1.00000
173.9 69.75817 14 1.00000
174.0 69.84679 14 1.00000
174.1 69.48229 14 1.00000
174.2 69.57080 14 1.00000
174.3 69.65944 14 1.00000
174.4 69.74801 14 1.00000
174.5 69.83661 14 1.00000
174.6 69.92524 14 1.00000
174.7 70.01361 14 1.00000
174.8 69.64942 14 1.00000
174.9 69.73811 14 1.00000
175.0 69.82670 14 1.00000
175.1 69.91536 14 1.00000
175.2 70.00375 14 1.00000
175.3 70.09229 14 1.00000
175.4 69.72834 14 1.00000
175.5 69.81700 14 1.00000
175.6 69.90565 14 1.00000
175.7 69.99413 14 1.00000
175.8 70.08273 14 1.00000
175.9 70.17133 14 1.00000
176.0 70.25990 14 1.00000
176.1 69.89621 14 1.00000
176.2 69.98472 14 1.00000
176.3 70.07336 14 1.00000
176.4 70.16198 14 1.00000
176.5 70.25058 14 1.00000
176.6 70.33916 14 1.00000
176.7 70.42748 14 1.00000
176.8 70.06414 14 1.00000
176.9 70.15284 14 1.00000
177.0 70.24147 14 1.00000
177.1 70.33004 14 1.00000
177.2 70.41844 14 1.00000
177.3 70.50702 14 1.00000
177.4 70.59558 14 1.00000
177.5 70.23258 14 1.00000
177.6 70.32118 14 1.00000
177.7 70.40961 14 1.00000
177.8 70.49821 14 1.00000
177.9 70.58681 14 1.00000
178.0 70.67538 14 1.00000
178.1 70.76398 14 1.00000
178.2 70.40103 14 1.00000
178.3 70.48962 14 1.00000
178.4 70.57824 14 1.00000
178.5 70.66689 14 1.00000
178.6 70.75547 14 1.00000
178.7 70.84380 14 1.00000
178.8 70.93235 14 1.00000
178.9 70.56989 14 1.00000
179.0 70.65852 14 1.00000
179.1 70.74718 14 1.00000
179.2 70.83558 14 1.00000
179.3 70.92410 14 1.00000
179.4 71.01271 14 1.00000
179.5 71.10125 14 1.00000
179.6 70.73907 14 1.00000
179.7 70.82745 14 1.00000
179.8 70.91605 14 1.00000
179.9 71.00469 14 1.00000
180.0 71.09326 14 1.00000
180.1 71.18176 14 1.00000
180.2 71.27016 14 1.00000
180.3 70.90822 14 1.00000
180.4 70.99683 14 1.00000
180.5 71.08548 14 1.00000
180.6 71.17400 14 1.00000
180.7 71.26237 14 1.00000
180.8 71.35097 14 1.00000
180.9 70.97900 14 1.00000
181.0 71.07783 14 1.00000
181.1 71.16649 14 1.00000
181.2 71.25484 14 1.00000
181.3 71.34346 14 1.00000
181.4 70.97151 14 1.00000
181.5 71.06017 14 1.00000
181.6 71.14881 14 1.00000
181.7 71.24754 14 1.00000
181.8 71.33614 14 1.00000
181.9 70.96416 14 1.00000
182.0 71.05289 14 1.00000
182.1 71.14156 14 1.00000
182.2 71.23002 14 1.00000
182.3 71.31865 14 1.00000
182.4 70.95705 14 1.00000
182.5 71.04581 14 1.00000
182.6 71.13445 14 1.00000
182.7 71.22294 14 1.00000
182.8 71.31165 14 1.00000
182.9 71.40023 14 1.00000
183.0 71.48890 14 1.00000
183.1 71.57751 14 1.00000
183.2 71.21609 14 1.00000
183.3 71.30482 14 1.00000
183.4 71.39349 14 1.00000
183.5 71.48209 14 1.00000
183.6 71.57072 14 1.00000
183.7 71.65919 14 1.00000
183.8 71.74773 14 1.00000
183.9 71.38683 14 1.00000
184.0 71.47555 14 1.00000
184.1 71.56416 14 1.00000
184.2 71.65260 14 1.00000
184.3 71.74122 14 1.00000
184.4 71.82983 14 1.00000
184.5 71.91846 14 1.00000
184.6 71.55778 14 1.00000
184.7 71.64625 14 1.00000
184.8 71.73489 14 1.00000
184.9 71.82357 14 1.00000
185.0 71.91213 14 1.00000
185.1 72.00072 14 1.00000
185.2 72.08910 14 1.00000
185.3 71.72878 14 1.00000
185.4 71.81738 14 1.00000
185.5 71.90607 14 1.00000
185.6 71.99464 14 1.00000
185.7 72.08310 14 1.00000
185.8 72.17163 14 1.00000
185.9 72.26024 14 1.00000
186.0 71.90013 14 1.00000
186.1 71.98878 14 1.00000
186.2 72.07722 14 1.00000
186.3 72.16582 14 1.00000
186.4 72.25436 14 1.00000
186.5 72.34293 14 1.00000
186.6 72.43148 14 1.00000
186.7 72.07144 14 1.00000
186.8 72.16012 14 1.00000
186.9 72.24869 14 1.00000
187.0 72.33733 14 1.00000
187.1 72.42586 14 1.00000
187.2 72.51427 14 1.00000
187.3 72.60282 14 1.00000
187.4 72.24318 14 1.00000
187.5 72.33185 14 1.00000
187.6 72.42046 14 1.00000
187.7 72.50880 14 1.00000
187.8 72.59737 14 1.00000
187.9 72.68596 14 1.00000
188.0 72.77444 14 1.00000
188.1 72.86295 14 1.00000
188.2 72.50357 14 1.00000
188.3 72.59216 14 1.00000
188.4 72.68073 14 1.00000
188.5 72.76929 14 1.00000
188.6 72.85777 14 1.00000
188.7 72.94615 14 1.00000
188.8 73.03460 14 1.00000
188.9 72.67566 14 1.00000
189.0 72.76419 14 1.00000
189.1 72.85280 14 1.00000
189.2 72.94111 14 1.00000
189.3 73.02963 14 1.00000
189.4 73.11813 14 1.00000
189.5 73.20667 14 1.00000
189.6 72.84792 14 1.00000
189.7 72.93630 14 1.00000
189.8 73.02480 14 1.00000
189.9 73.11337 14 1.00000
190.0 73.20189 14 1.00000
190.1 73.29038 14 1.00000
190.2 73.37866 14 1.00000
190.3 73.02012 14 1.00000
190.4 73.10867 14 1.00000
190.5 73.19721 14 1.00000
190.6 73.28573 14 1.00000
190.7 73.37408 14 1.00000
190.8 73.46252 14 1.00000
190.9 73.55098 14 1.00000
191.0 73.63942 14 1.00000
191.1 73.28126 14 1.00000
191.2 73.36964 14 1.00000
191.3 73.45814 14 1.00000
191.4 73.54662 14 1.00000
191.5 73.63509 14 1.00000
191.6 73.72349 14 1.00000
191.7 73.81178 14 1.00000
191.8 73.45381 14 1.00000
191.9 73.54237 14 1.00000
192.0 73.63081 14 1.00000
192.1 73.71928 14 1.00000
192.2 73.80759 14 1.00000
192.3 73.89598 14 1.00000
192.4 73.98440 14 1.00000
192.5 73.62671 14 1.00000
192.6 73.71520 14 1.00000
192.7 73.80354 14 1.00000
192.8 73.89199 14 1.00000
192.9 73.98038 14 1.00000
193.0 74.06885 14 1.00000
193.1 74.15720 14 1.00000
193.2 74.24545 14 1.00000
193.3 73.88809 14 1.00000
193.4 73.97650 14 1.00000
193.5 74.06499 14 1.00000
193.6 74.15337 14 1.00000
193.7 74.24158 14 1.00000
193.8 74.33002 14 1.00000
193.9 74.41835 14 1.00000
194.0 74.06122 14 1.00000
194.1 74.14971 14 1.00000
194.2 74.23795 14 1.00000
194.3 74.32635 14 1.00000
194.4 74.41475 14 1.00000
194.5 74.50307 14 1.00000
194.6 74.59142 14 1.00000
194.7 74.67962 14 1.00000
194.8 74.32281 14 1.00000
194.9 74.41122 14 1.00000
195.0 74.49957 14 1.00000
195.1 74.58794 14 1.00000
195.2 74.67612 14 1.00000
195.3 74.76446 14 1.00000
195.4 74.85279 14 1.00000
195.5 74.49625 14 1.00000
195.6 74.58471 14 1.00000
195.7 74.67290 14 1.00000
195.8 74.76122 14 1.00000
195.9 74.84957 14 1.00000
196.0 74.93790 14 1.00000
196.1 75.02626 14 1.00000
196.2 74.66982 14 1.00000
196.3 74.75821 14 1.00000
196.4 74.84663 14 1.00000
196.5 74.93499 14 1.00000
196.6 75.02332 14 1.00000
196.7 75.11146 14 1.00000
196.8 75.19971 14 1.00000
196.9 75.28804 14 1.00000
197.0 74.93225 14 1.00000
197.1 75.02056 14 1.00000
197.2 75.10872 14 1.00000
197.3 75.19704 14 1.00000
197.4 75.28541 14 1.00000
197.5 75.37365 14 1.00000
197.6 75.46192 14 1.00000
197.7 75.10625 14 1.00000
197.8 75.19461 14 1.00000
197.9 75.28299 14 1.00000
198.0 75.37126 14 1.00000
198.1 75.45961 14 1.00000
198.2 75.54770 14 1.00000
198.3 75.63592 14 1.00000
198.4 75.72416 14 1.00000
198.5 75.36914 14 1.00000
198.6 75.45747 14 1.00000
198.7 75.54554 14 1.00000
198.8 75.63387 14 1.00000
198.9 75.72209 14 1.00000
199.0 75.35636 14 1.00000
199.1 75.44472 14 1.00000
199.2 75.54364 14 1.00000
199.3 75.63200 14 1.00000
199.4 75.72030 14 1.00000
199.5 75.35459 14 1.00000
199.6 75.44292 14 1.00000
199.7 75.53110 14 1.00000
199.8 75.61944 14 1.00000
199.9 75.70776 14 1.00000
200.0 75.35294 14 1.00000
200.1 75.44139 14 1.00000
200.2 75.52959 14 1.00000
200.3 75.61791 14 1.00000
200.4 75.70631 14 1.00000
200.5 75.79459 14 1.00000
200.6 75.88291 14 1.00000
200.7 75.52827 14 1.00000
200.8 75.61666 14 1.00000
200.9 75.70503 14 1.00000
201.0 75.79339 14 1.00000
201.1 75.88168 14 1.00000
201.2 75.96982 14 1.00000
201.3 76.05817 14 1.00000
201.4 76.14641 14 1.00000
201.5 75.79230 14 1.00000
201.6 75.88072 14 1.00000
201.7 75.96883 14 1.00000
201.8 76.05716 14 1.00000
201.9 76.14548 14 1.00000
202.0 76.23376 14 1.00000
202.1 76.32209 14 1.00000
202.2 76.41016 14 1.00000
202.3 76.05647 14 1.00000
202.4 76.14481 14 1.00000
202.5 76.23312 14 1.00000
202.6 76.32143 14 1.00000
202.7 76.40948 14 1.00000
202.8 76.49773 14 1.00000
202.9 76.58598 14 1.00000
203.0 76.23260 14 1.00000
203.1 76.32093 14 1.00000
203.2 76.40910 14 1.00000
203.3 76.49734 14 1.00000
203.4 76.58566 14 1.00000
203.5 76.67391 14 1.00000
203.6 76.76215 14 1.00000
203.7 76.85036 14 1.00000
203.8 76.49722 14 1.00000
203.9 76.58551 14 1.00000
204.0 76.67378 14 1.00000
204.1 76.76205 14 1.00000
204.2 76.85029 14 1.00000
204.3 76.93828 14 1.00000
204.4 77.02654 14 1.00000
204.5 76.67387 14 1.00000
204.6 76.76211 14 1.00000
204.7 76.85037 14 1.00000
204.8 76.93849 14 1.00000
204.9 77.02672 14 1.00000
205.0 77.11494 14 1.00000
205.1 77.20312 14 1.00000
205.2 77.29126 14 1.00000
205.3 76.93882 14 1.00000
205.4 77.02712 14 1.00000
205.5 77.11536 14 1.00000
205.6 77.20354 14 1.00000
205.7 77.29179 14 1.00000
205.8 77.37978 14 1.00000
205.9 77.46795 14 1.00000
206.0 77.55610 14 1.00000
206.1 77.20420 14 1.00000
206.2 77.29243 14 1.00000
206.3 77.38051 14 1.00000
206.4 77.46864 14 1.00000
206.5 77.55687 14 1.00000
206.6 77.64497 14 1.00000
206.7 77.73316 14 1.00000
206.8 77.82110 14 1.00000
206.9 77.46960 14 1.00000
207.0 77.55785 14 1.00000
207.1 77.64603 14 1.00000
207.2 77.73415 14 1.00000
207.3 77.82211 14 1.00000
207.4 77.91023 14 1.00000
207.5 77.99834 14 1.00000
207.6 77.64725 14 1.00000
207.7 77.73540 14 1.00000
207.8 77.82343 14 1.00000
207.9 77.91153 14 1.00000
208.0 77.99971 14 1.00000
208.1 78.08778 14 1.00000
208.2 78.17587 14 1.00000
208.3 78.26377 14 1.00000
208.4 77.91304 14 1.00000
208.5 78.00120 14 1.00000
208.6 78.08939 14 1.00000
208.7 78.17746 14 1.00000
208.8 78.26543 14 1.00000
208.9 78.35352 14 1.00000
209.0 78.44159 14 1.00000
209.1 78.52959 14 1.00000
209.2 78.17928 14 1.00000
209.3 78.26726 14 1.00000
209.4 78.35532 14 1.00000
209.5 78.44341 14 1.00000
209.6 78.53153 14 1.00000
209.7 78.61954 14 1.00000
209.8 78.70740 14 1.00000
209.9 78.79547 14 1.00000
210.0 78.44550 14 1.00000
210.1 78.53365 14 1.00000
210.2 78.62173 14 1.00000
210.3 78.70961 14 1.00000
210.4 78.79761 14 1.00000
210.5 78.88568 14 1.00000
210.6 78.97364 14 1.00000
210.7 78.62407 14 1.00000
210.8 78.71193 14 1.00000
210.9 78.80005 14 1.00000
211.0 78.88810 14 1.00000
211.1 78.97614 14 1.00000
211.2 79.06416 14 1.00000
211.3 79.15197 14 1.00000
211.4 79.23991 14 1.00000
211.5 78.89069 14 1.00000
211.6 78.97874 14 1.00000
211.7 79.06678 14 1.00000
211.8 79.15468 14 1.00000
211.9 79.24268 14 1.00000
212.0 79.33062 14 1.00000
212.1 79.41864 14 1.00000
212.2 79.50655 14 1.00000
212.3 79.15754 14 1.00000
212.4 79.24557 14 1.00000
212.5 79.33363 14 1.00000
212.6 79.42163 14 1.00000
212.7 79.50955 14 1.00000
212.8 79.59734 14 1.00000
212.9 79.68528 14 1.00000
213.0 79.77325 14 1.00000
213.1 79.42478 14 1.00000
213.2 79.51283 14 1.00000
213.3 79.60059 14 1.00000
213.4 79.68860 14 1.00000
213.5 79.77654 14 1.00000
213.6 79.86448 14 1.00000
213.7 79.95234 14 1.00000
213.8 80.04011 14 1.00000
213.9 79.69203 14 1.00000
214.0 79.78000 14 1.00000
214.1 79.86796 14 1.00000
214.2 79.95594 14 1.00000
214.3 80.04363 14 1.00000
214.4 80.13158 14 1.00000
214.5 80.21947 14 1.00000
214.6 80.30733 14 1.00000
214.7 79.95971 14 1.00000
214.8 80.04747 14 1.00000
214.9 80.13540 14 1.00000
215.0 80.22330 14 1.00000
215.1 80.31114 14 1.00000
215.2 80.39906 14 1.00000
215.3 80.48669 14 1.00000
215.4 80.57453 14 1.00000
215.5 80.22730 14 1.00000
215.6 80.31522 14 1.00000
215.7 80.40316 14 1.00000
215.8 80.49086 14 1.00000
215.9 80.57872 14 1.00000
216.0 80.66652 14 1.00000
216.1 80.75439 14 1.00000
216.2 80.84216 14 1.00000
216.3 80.49514 14 1.00000
216.4 80.58302 14 1.00000
216.5 80.67089 14 1.00000
216.6 80.75874 14 1.00000
216.7 80.84662 14 1.00000
216.8 80.93439 14 1.00000
216.9 81.02206 14 1.00000
217.0 81.10979 14 1.00000
217.1 80.76340 14 1.00000
217.2 80.85120 14 1.00000
217.3 80.93909 14 1.00000
217.4 81.02669 14 1.00000
217.5 81.11454 14 1.00000
217.6 81.20228 14 1.00000
217.7 81.29009 14 1.00000
217.8 81.37785 14 1.00000
217.9 81.03157 14 1.00000
218.0 81.11940 14 1.00000
218.1 81.20725 14 1.00000
218.2 81.29505 14 1.00000
218.3 81.38283 14 1.00000
218.4 81.47036 14 1.00000
218.5 81.55810 14 1.00000
218.6 81.64587 14 1.00000
218.7 81.30016 14 1.00000
218.8 81.38801 14 1.00000
218.9 81.47556 14 1.00000
219.0 81.56338 14 1.00000
219.1 81.65108 14 1.00000
219.2 81.73881 14 1.00000
219.3 81.82657 14 1.00000
219.4 81.91409 14 1.00000
219.5 81.56877 14 1.00000
219.6 81.65659 14 1.00000
219.7 81.74429 14 1.00000
219.8 81.83208 14 1.00000
219.9 81.91957 14 1.00000
220.0 82.00728 14 1.00000
220.1 81.64994 14 1.00000
220.2 81.73767 14 1.00000
220.3 81.83775 14 1.00000
220.4 81.92536 14 1.00000
220.5 82.01308 14 1.00000
220.6 81.65573 14 1.00000
220.7 81.74349 14 1.00000
220.8 81.83133 14 1.00000
220.9 81.91892 14 1.00000
221.0 82.00668 14 1.00000
221.1 81.66174 14 1.00000
221.2 81.74956 14 1.00000
221.3 81.83737 14 1.00000
221.4 81.92494 14 1.00000
221.5 82.01272 14 1.00000
221.6 82.10048 14 1.00000
221.7 82.18827 14 1.00000
221.8 82.27599 14 1.00000
221.9 81.93127 14 1.00000
222.0 82.01902 14 1.00000
222.1 82.10680 14 1.00000
222.2 82.19462 14 1.00000
222.3 82.28236 14 1.00000
222.4 82.36992 14 1.00000
222.5 82.45763 14 1.00000
222.6 82.54529 14 1.00000
222.7 82.20112 14 1.00000
222.8 82.28889 14 1.00000
222.9 82.37647 14 1.00000
223.0 82.46421 14 1.00000
223.1 82.55198 14 1.00000
223.2 82.63963 14 1.00000
223.3 82.72736 14 1.00000
223.4 82.81503 14 1.00000
223.5 82.47103 14 1.00000
223.6 82.55882 14 1.00000
223.7 82.64655 14 1.00000
223.8 82.73426 14 1.00000
223.9 82.82173 14 1.00000
224.0 82.90941 14 1.00000
224.1 82.99706 14 1.00000
224.2 83.08475 14 1.00000
224.3 82.74136 14 1.00000
224.4 82.82890 14 1.00000
224.5 82.91660 14 1.00000
224.6 83.00428 14 1.00000
224.7 83.09190 14 1.00000
224.8 83.17959 14 1.00000
224.9 83.26717 14 1.00000
225.0 83.35466 14 1.00000
225.1 83.44221 14 1.00000
225.2 83.09934 14 1.00000
225.3 83.18701 14 1.00000
225.4 83.27461 14 1.00000
225.5 83.36212 14 1.00000
225.6 83.44975 14 1.00000
225.7 83.53735 14 1.00000
225.8 83.62493 14 1.00000
225.9 83.71245 14 1.00000
226.0 83.36974 14 1.00000
226.1 83.45738 14 1.00000
226.2 83.54501 14 1.00000
226.3 83.63267 14 1.00000
226.4 83.72025 14 1.00000
226.5 83.80766 14 1.00000
226.6 83.89521 14 1.00000
226.7 83.98270 14 1.00000
226.8 83.64060 14 1.00000
226.9 83.72817 14 1.00000
227.0 83.81559 14 1.00000
227.1 83.90322 14 1.00000
227.2 83.99078 14 1.00000
227.3 84.07828 14 1.00000
227.4 84.16586 14 1.00000
227.5 84.25315 14 1.00000
227.6 83.91138 14 1.00000
227.7 83.99897 14 1.00000
227.8 84.08653 14 1.00000
227.9 84.17413 14 1.00000
228.0 84.26150 14 1.00000
228.1 84.34897 14 1.00000
228.2 84.43652 14 1.00000
228.3 84.52400 14 1.00000
228.4 84.61142 14 1.00000
228.5 84.26995 14 1.00000
228.6 84.35754 14 1.00000
228.7 84.44501 14 1.00000
228.8 84.53257 14 1.00000
228.9 84.62006 14 1.00000
229.0 84.70749 14 1.00000
229.1 84.79477 14 1.00000
229.2 84.88221 14 1.00000
229.3 84.54134 14 1.00000
229.4 84.62886 14 1.00000
229.5 84.71635 14 1.00000
229.6 84.80361 14 1.00000
229.7 84.89113 14 1.00000
229.8 84.97857 14 1.00000
229.9 85.06595 14 1.00000
230.0 85.15341 14 1.00000
230.1 84.81271 14 1.00000
230.2 84.90014 14 1.00000
230.3 84.98761 14 1.00000
230.4 85.07511 14 1.00000
230.5 85.16254 14 1.00000
230.6 85.24979 14 1.00000
230.7 85.33714 14 1.00000
230.8 85.42458 14 1.00000
230.9 85.51190 14 1.00000
231.0 85.17188 14 1.00000
231.1 85.25910 14 1.00000
231.2 85.34653 14 1.00000
231.3 85.43398 14 1.00000
231.4 85.52132 14 1.00000
231.5 85.60870 14 1.00000
231.6 85.69593 14 1.00000
231.7 85.78323 14 1.00000
231.8 85.44353 14 1.00000
231.9 85.53100 14 1.00000
232.0 85.61839 14 1.00000
232.1 85.70560 14 1.00000
232.2 85.79292 14 1.00000
232.3 85.88026 14 1.00000
232.4 85.96760 14 1.00000
232.5 86.05495 14 1.00000
232.6 85.71542 14 1.00000
232.7 85.80286 14 1.00000
232.8 85.89023 14 1.00000
232.9 85.97753 14 1.00000
233.0 86.06487 14 1.00000
233.1 86.15218 14 1.00000
233.2 86.23932 14 1.00000
233.3 86.32665 14 1.00000
233.4 86.41393 14 1.00000
233.5 86.07507 14 1.00000
233.6 86.16237 14 1.00000
233.7 86.24957 14 1.00000
233.8 86.33683 14 1.00000
233.9 86.42417 14 1.00000
234.0 86.51140 14 1.00000
234.1 86.59871 14 1.00000
234.2 86.68574 14 1.00000
234.3 86.34731 14 1.00000
234.4 86.43457 14 1.00000
234.5 86.52187 14 1.00000
234.6 86.60920 14 1.00000
234.7 86.69625 14 1.00000
234.8 86.78349 14 1.00000
234.9 86.87078 14 1.00000
235.0 86.95799 14 1.00000
235.1 87.04514 14 1.00000
235.2 86.70701 14 1.00000
235.3 86.79423 14 1.00000
235.4 86.88148 14 1.00000
235.5 86.96877 14 1.00000
235.6 87.05599 14 1.00000
235.7 87.14320 14 1.00000
235.8 87.23017 14 1.00000
235.9 87.31734 14 1.00000
236.0 86.97975 14 1.00000
236.1 87.06699 14 1.00000
236.2 87.15401 14 1.00000
236.3 87.24122 14 1.00000
236.4 87.32841 14 1.00000
236.5 87.41564 14 1.00000
236.6 87.50275 14 1.00000
236.7 87.58990 14 1.00000
236.8 87.67686 14 1.00000
236.9 87.33968 14 1.00000
237.0 87.42693 14 1.00000
237.1 87.51406 14 1.00000
237.2 87.60128 14 1.00000
237.3 87.68822 14 1.00000
237.4 87.77540 14 1.00000
237.5 87.86247 14 1.00000
237.6 87.94958 14 1.00000
237.7 87.61281 14 1.00000
237.8 87.69977 14 1.00000
237.9 87.78693 14 1.00000
238.0 87.87407 14 1.00000
238.1 87.96124 14 1.00000
238.2 88.04835 14 1.00000
238.3 88.13528 14 1.00000
238.4 88.22231 14 1.00000
238.5 88.30942 14 1.00000
238.6 87.97301 14 1.00000
238.7 88.06019 14 1.00000
238.8 88.14713 14 1.00000
238.9 88.23423 14 1.00000
239.0 88.32127 14 1.00000
239.1 88.40839 14 1.00000
239.2 88.49539 14 1.00000
239.3 88.58247 14 1.00000
239.4 88.24631 14 1.00000
239.5 88.33341 14 1.00000
239.6 88.42050 14 1.00000
239.7 88.50758 14 1.00000
239.8 88.59459 14 1.00000
239.9 88.68151 14 1.00000
240.0 88.76853 14 1.00000
240.1 88.85549 14 1.00000
240.2 88.94249 14 1.00000
240.3 88.60699 14 1.00000
240.4 88.69389 14 1.00000
240.5 88.78088 14 1.00000
240.6 88.86797 14 1.00000
240.7 88.95493 14 1.00000
240.8 89.04198 14 1.00000
240.9 89.12880 14 1.00000
241.0 89.21572 14 1.00000
241.1 89.30267 14 1.00000
241.2 88.96762 14 1.00000
241.3 89.05460 14 1.00000
241.4 89.14143 14 1.00000
241.5 89.22842 14 1.00000
241.6 89.31540 14 1.00000
241.7 89.40236 14 1.00000
241.8 89.48930 14 1.00000
241.9 89.57623 14 1.00000
242.0 89.24137 14 1.00000
242.1 89.32832 14 1.00000
242.2 89.41530 14 1.00000
242.3 89.50227 14 1.00000
242.4 89.58921 14 1.00000
242.5 89.67603 14 1.00000
242.6 89.76289 14 1.00000
242.7 89.84979 14 1.00000
242.8 89.93673 14 1.00000
242.9 89.60245 14 1.00000
243.0 89.68919 14 1.00000
243.1 89.77612 14 1.00000
243.2 89.86304 14 1.00000
243.3 89.94995 14 1.00000
243.4 90.03684 14 1.00000
243.5 90.12372 14 1.00000
243.6 90.21041 14 1.00000
243.7 90.29726 14 1.00000
243.8 89.96342 14 1.00000
243.9 90.05033 14 1.00000
244.0 90.13706 14 1.00000
244.1 90.22394 14 1.00000
244.2 90.31081 14 1.00000
244.3 90.39771 14 1.00000
244.4 90.48454 14 1.00000
244.5 90.57136 14 1.00000
244.6 90.65799 14 1.00000
244.7 90.32460 14 1.00000
244.8 90.41142 14 1.00000
244.9 90.49833 14 1.00000
245.0 90.58512 14 1.00000
245.1 90.67182 14 1.00000
245.2 90.75864 14 1.00000
245.3 90.84543 14 1.00000
245.4 90.93216 14 1.00000
245.5 90.59917 14 1.00000
245.6 90.68580 14 1.00000
245.7 90.77263 14 1.00000
245.8 90.85950 14 1.00000
245.9 90.94624 14 1.00000
246.0 91.01019 14 1.00000
246.1 91.09698 14 1.00000
246.2 91.18360 14 1.00000
246.3 91.27037 14 1.00000
246.4 90.93760 14 1.00000
246.5 91.02444 14 1.00000
246.6 91.11121 14 1.00000
246.7 91.19785 14 1.00000
246.8 91.28464 14 1.00000
246.9 91.37143 14 1.00000
247.0 91.45822 14 1.00000
247.1 91.54492 14 1.00000
247.2 91.63160 14 1.00000
247.3 91.29919 14 1.00000
247.4 91.38599 14 1.00000
247.5 91.47277 14 1.00000
247.6 91.55949 14 1.00000
247.7 91.64624 14 1.00000
247.8 91.73281 14 1.00000
247.9 91.81953 14 1.00000
248.0 91.90618 14 1.00000
248.1 91.99292 14 1.00000
248.2 91.66086 14 1.00000
248.3 91.74757 14 1.00000
248.4 91.83430 14 1.00000
248.5 91.92108 14 1.00000
248.6 92.00779 14 1.00000
248.7 92.09444 14 1.00000
248.8 92.18095 14 1.00000
248.9 92.26766 14 1.00000
249.0 92.35426 14 1.00000
249.1 92.02285 14 1.00000
249.2 92.10952 14 1.00000
249.3 92.19611 14 1.00000
249.4 92.28279 14 1.00000
249.5 92.36941 14 1.00000
249.6 92.45606 14 1.00000
249.7 92.54275 14 1.00000
249.8 92.62937 14 1.00000
249.9 92.71577 14 1.00000
250.0 92.38480 14 1.00000
