15.0 2.33779 13 0.10874
15.1 2.38201 13 0.11243
15.2 2.42665 13 0.11614
15.3 2.47249 13 0.11980
15.4 2.52398 14 0.12352
15.5 2.58555 14 0.12725
15.6 2.64826 14 0.13100
15.7 2.71212 14 0.13475
15.8 2.77714 14 0.13852
15.9 2.84332 14 0.14230
16.0 2.91068 14 0.14608
16.1 2.97923 14 0.14988
16.2 3.04898 14 0.15368
16.3 3.11993 14 0.15750
16.4 3.19211 14 0.16132
16.5 3.26551 14 0.16516
16.6 3.34016 14 0.16900
16.7 3.41607 14 0.17286
16.8 3.49325 14 0.17672
16.9 3.57171 14 0.18059
17.0 3.65146 14 0.18446
17.1 3.73253 14 0.18835
17.2 3.81490 14 0.19225
17.3 3.89861 14 0.19615
17.4 3.98259 14 0.20006
17.5 4.05521 14 0.20398
17.6 4.12862 14 0.20790
17.7 4.20282 14 0.21184
17.8 4.27780 14 0.21578
17.9 4.35358 14 0.21973
18.0 4.43410 14 0.22364
18.1 4.51161 14 0.22760
18.2 4.58990 14 0.23157
18.3 4.68264 14 0.23648
18.4 4.80144 14 0.24311
18.5 4.92235 14 0.24980
18.6 5.04540 14 0.25656
18.7 5.17061 14 0.26339
18.8 5.29801 14 0.27029
18.9 5.42762 14 0.27726
19.0 5.55946 14 0.28429
19.1 5.69357 14 0.29140
19.2 5.82996 14 0.29858
19.3 5.96867 14 0.30583
19.4 6.10971 14 0.31316
19.5 6.25312 14 0.32056
19.6 6.39892 14 0.32803
19.7 6.54713 14 0.33557
19.8 6.69779 14 0.34319
19.9 6.85092 14 0.35089
20.0 7.00655 14 0.35866
20.1 7.22400 14 0.36665
20.2 7.38396 14 0.37457
20.3 7.54649 14 0.38257
20.4 7.69792 14 0.38981
20.5 7.79226 14 0.39355
20.6 7.88739 14 0.39730
20.7 7.98332 14 0.40105
20.8 8.08004 14 0.40482
20.9 8.17755 14 0.40860
21.0 8.27587 14 0.41240
21.1 8.37498 14 0.41620
21.2 8.47491 14 0.42001
21.3 8.57563 14 0.42384
21.4 8.67717 14 0.42768
21.5 8.77939 14 0.43153
21.6 8.88255 14 0.43539
21.7 8.98652 14 0.43926
21.8 9.09132 14 0.44314
21.9 9.19694 14 0.44704
22.0 9.30339 14 0.45094
22.1 9.41066 14 0.45486
22.2 9.51877 14 0.45879
22.3 9.62771 14 0.46273
22.4 9.73749 14 0.46669
22.5 9.84811 14 0.47065
22.6 9.95957 14 0.47463
22.7 10.07189 14 0.47862
22.8 10.18504 14 0.48262
22.9 10.29905 14 0.48663
23.0 10.41392 14 0.49065
23.1 10.52964 14 0.49469
23.2 10.64622 14 0.49874
23.3 10.76367 14 0.50280
23.4 10.88198 14 0.50687
23.5 11.00116 14 0.51095
23.6 11.12122 14 0.51505
23.7 11.24215 14 0.51916
23.8 11.36395 14 0.52328
23.9 11.48664 14 0.52741
24.0 11.61022 14 0.53155
24.1 11.73467 14 0.53571
24.2 11.86002 14 0.53988
24.3 11.98627 14 0.54406
24.4 12.11340 14 0.54825
24.5 12.24144 14 0.55246
24.6 12.37038 14 0.55668
24.7 12.50013 14 0.56091
24.8 12.63069 14 0.56515
24.9 12.76216 14 0.56941
25.0 12.89455 14 0.57368
25.1 13.02797 14 0.57796
25.2 13.16217 14 0.58225
25.3 13.27054 14 0.58659
25.4 13.40610 14 0.59091
25.5 13.54258 14 0.59524
25.6 13.67999 14 0.59959
25.7 13.81833 14 0.60395
25.8 13.95760 14 0.60832
25.9 14.09780 14 0.61270
26.0 14.23847 14 0.61710
26.1 14.38027 14 0.62151
26.2 14.49308 14 0.62595
26.3 14.63649 14 0.63039
26.4 14.78084 14 0.63484
26.5 14.92614 14 0.63930
26.6 15.07237 14 0.64377
26.7 15.21897 14 0.64826
26.8 15.36677 14 0.65276
26.9 15.51565 14 0.65728
27.0 15.66540 14 0.66181
27.1 15.78218 14 0.66637
27.2 15.93351 14 0.67092
27.3 16.08577 14 0.67549
27.4 16.23854 14 0.68007
27.5 16.39243 14 0.68467
27.6 16.54728 14 0.68928
27.7 16.70311 14 0.69390
27.8 16.85991 14 0.69853
27.9 17.01785 14 0.70318
28.0 17.17656 14 0.70785
28.1 17.29747 14 0.71254
28.2 17.45723 14 0.71723
28.3 17.61822 14 0.72194
28.4 17.78018 14 0.72666
28.5 17.94314 14 0.73139
28.6 18.10708 14 0.73613
28.7 18.27202 14 0.74090
28.8 18.43798 14 0.74567
28.9 18.60486 14 0.75046
29.0 18.72827 14 0.75528
29.1 18.89641 14 0.76009
29.2 19.06554 14 0.76492
29.3 19.23568 14 0.76977
29.4 19.40682 14 0.77463
29.5 19.57897 14 0.77950
29.6 19.75204 14 0.78439
29.7 19.92612 14 0.78929
29.8 20.10129 14 0.79421
29.9 20.27661 14 0.79914
30.0 20.40331 14 0.80410
30.1 20.58066 14 0.80906
30.2 20.75901 14 0.81404
30.3 20.93828 14 0.81903
30.4 21.11857 14 0.82403
30.5 21.29989 14 0.82905
30.6 21.48223 14 0.83409
30.7 21.66582 14 0.83913
30.8 21.84938 14 0.84420
30.9 21.97782 14 0.84929
31.0 22.16330 14 0.85438
31.1 22.34981 14 0.85949
31.2 22.53736 14 0.86462
31.3 22.72595 14 0.86976
31.4 22.91556 14 0.87491
31.5 23.10623 14 0.88008
31.6 23.29795 14 0.88527
31.7 23.48988 14 0.89047
31.8 23.68337 14 0.89568
31.9 23.81316 14 0.90092
32.0 24.00795 14 0.90617
32.1 24.20379 14 0.91143
32.2 24.40068 14 0.91671
32.3 24.59863 14 0.92200
32.4 24.79762 14 0.92731
32.5 24.99768 14 0.93263
32.6 25.19879 14 0.93798
32.7 25.39986 14 0.94333
32.8 25.60260 14 0.94870
32.9 25.73278 14 0.95410
33.0 25.93690 14 0.95950
33.1 26.14208 14 0.96492
33.2 26.34833 14 0.97036
33.3 26.55564 14 0.97581
33.4 26.76400 14 0.98128
33.5 26.97346 14 0.98676
33.6 27.18397 14 0.99226
33.7 27.39433 14 0.99778
33.8 27.51943 14 1.00000
33.9 27.50315 14 1.00000
34.0 27.56954 14 1.00000
34.1 27.63584 14 1.00000
34.2 27.70203 14 1.00000
34.3 27.76811 14 1.00000
34.4 27.83401 14 1.00000
34.5 27.89989 14 1.00000
34.6 27.96539 14 1.00000
34.7 28.03096 14 1.00000
34.8 27.96349 14 1.00000
34.9 27.93909 14 1.00000
35.0 28.00385 14 1.00000
35.1 28.06858 14 1.00000
35.2 28.13310 14 1.00000
35.3 28.05291 14 1.00000
35.4 28.11741 14 1.00000
35.5 28.18172 14 1.00000
35.6 28.24598 14 1.00000
35.7 28.31014 14 1.00000
35.8 28.22838 14 1.00000
35.9 28.19651 14 1.00000
36.0 28.25890 14 1.00000
36.1 28.32214 14 1.00000
36.2 28.19352 14 1.00000
36.3 26.86101 14 1.00000
36.4 24.23627 14 1.00000
36.5 22.91326 14 1.00000
36.6 20.29620 14 1.00000
36.7 17.68457 14 1.00000
36.8 15.91773 14 1.00000
36.9 14.52896 14 1.00000
37.0 13.68648 14 1.00000
37.1 13.62320 14 1.00000
37.2 13.65116 14 1.00000
37.3 13.62248 14 1.00000
37.4 13.53008 14 1.00000
37.5 13.55928 14 1.00000
37.6 13.52609 14 1.00000
37.7 13.49529 14 1.00000
37.8 13.44884 14 1.00000
37.9 13.40454 14 1.00000
38.0 13.33495 14 1.00000
38.1 13.35574 14 1.00000
38.2 13.28752 14 1.00000
38.3 13.34572 14 1.00000
38.4 13.45151 14 1.00000
38.5 13.48747 14 1.00000
38.6 13.52388 14 1.00000
38.7 13.55829 14 1.00000
38.8 13.51933 14 1.00000
38.9 13.62027 14 1.00000
39.0 13.65666 14 1.00000
39.1 13.69194 14 1.00000
39.2 13.72646 14 1.00000
39.3 13.76108 14 1.00000
39.4 13.78912 14 1.00000
39.5 13.82574 14 1.00000
39.6 13.85982 14 1.00000
39.7 13.89443 14 1.00000
39.8 13.92893 14 1.00000
39.9 13.96334 14 1.00000
40.0 13.99321 14 1.00000
40.1 14.02764 14 1.00000
40.2 14.06220 14 1.00000
40.3 14.09660 14 1.00000
40.4 14.13081 14 1.00000
40.5 14.16481 14 1.00000
40.6 14.19520 14 1.00000
40.7 14.22961 14 1.00000
40.8 14.26396 14 1.00000
40.9 14.29805 14 1.00000
41.0 14.33186 14 1.00000
41.1 14.36252 14 1.00000
41.2 14.39686 14 1.00000
41.3 14.43102 14 1.00000
41.4 14.46488 14 1.00000
41.5 14.49846 14 1.00000
41.6 14.52956 14 1.00000
41.7 14.56371 14 1.00000
41.8 14.59768 14 1.00000
41.9 14.63135 14 1.00000
42.0 14.66207 14 1.00000
42.1 14.69627 14 1.00000
42.2 14.73024 14 1.00000
42.3 14.76399 14 1.00000
42.4 14.79427 14 1.00000
42.5 14.82863 14 1.00000
42.6 14.86265 14 1.00000
42.7 14.89635 14 1.00000
42.8 14.92646 14 1.00000
42.9 14.96074 14 1.00000
43.0 14.99474 14 1.00000
43.1 15.02401 14 1.00000
43.2 15.05831 14 1.00000
43.3 15.08697 14 1.00000
43.4 15.12155 14 1.00000
43.5 15.05045 14 1.00000
43.6 15.18125 14 1.00000
43.7 15.07886 14 1.00000
43.8 15.08341 14 1.00000
43.9 14.94903 14 1.00000
44.0 14.98018 14 1.00000
44.1 15.01784 14 1.00000
44.2 15.19036 14 1.00000
44.3 15.22529 14 1.00000
44.4 15.26189 14 1.00000
44.5 15.29793 14 1.00000
44.6 15.32993 14 1.00000
44.7 15.36274 14 1.00000
44.8 15.39577 14 1.00000
44.9 15.42849 14 1.00000
45.0 15.46125 14 1.00000
45.1 15.49357 14 1.00000
45.2 15.52538 14 1.00000
45.3 15.55718 14 1.00000
45.4 15.59874 14 1.00000
45.5 15.64396 14 1.00000
45.6 15.80965 14 1.00000
45.7 15.84646 14 1.00000
45.8 15.88276 14 1.00000
45.9 15.91690 14 1.00000
46.0 15.94987 14 1.00000
46.1 15.98325 14 1.00000
46.2 16.01676 14 1.00000
46.3 16.04988 14 1.00000
46.4 16.08243 14 1.00000
46.5 16.11515 14 1.00000
46.6 16.14689 14 1.00000
46.7 16.18286 14 1.00000
46.8 16.22835 14 1.00000
46.9 16.27384 14 1.00000
47.0 16.31936 14 1.00000
47.1 16.47747 14 1.00000
47.2 16.51400 14 1.00000
47.3 16.55001 14 1.00000
47.4 16.58325 14 1.00000
47.5 16.61719 14 1.00000
47.6 16.65076 14 1.00000
47.7 16.68428 14 1.00000
47.8 16.71761 14 1.00000
47.9 16.75045 14 1.00000
48.0 16.78284 14 1.00000
48.1 16.81572 14 1.00000
48.2 16.86134 14 1.00000
48.3 16.90697 14 1.00000
48.4 16.95263 14 1.00000
48.5 17.01186 14 1.00000
48.6 17.07391 14 1.00000
48.7 17.19349 14 1.00000
48.8 17.22964 14 1.00000
48.9 17.26308 14 1.00000
49.0 17.29730 14 1.00000
49.1 17.33103 14 1.00000
49.2 17.36487 14 1.00000
49.3 17.39852 14 1.00000
49.4 17.43154 14 1.00000
49.5 17.46408 14 1.00000
49.6 17.49717 14 1.00000
49.7 17.54180 14 1.00000
49.8 17.58767 14 1.00000
49.9 17.63356 14 1.00000
50.0 17.68007 14 1.00000
50.1 17.75800 14 1.00000
50.2 17.81992 14 1.00000
50.3 17.91958 14 1.00000
50.4 17.95710 14 1.00000
50.5 17.99082 14 1.00000
50.6 18.02553 14 1.00000
50.7 18.05996 14 1.00000
50.8 18.09410 14 1.00000
50.9 18.12781 14 1.00000
51.0 18.16111 14 1.00000
51.1 18.19382 14 1.00000
51.2 18.22737 14 1.00000
51.3 18.27170 14 1.00000
51.4 18.31781 14 1.00000
51.5 18.39277 14 1.00000
51.6 18.45208 14 1.00000
51.7 18.50623 14 1.00000
51.8 18.55609 14 1.00000
51.9 18.60196 14 1.00000
52.0 18.69934 14 1.00000
52.1 18.73443 14 1.00000
52.2 18.76879 14 1.00000
52.3 18.80408 14 1.00000
52.4 18.83869 14 1.00000
52.5 18.87334 14 1.00000
52.6 18.90725 14 1.00000
52.7 18.94110 14 1.00000
52.8 18.97397 14 1.00000
52.9 19.00765 14 1.00000
53.0 19.05145 14 1.00000
53.1 19.09780 14 1.00000
53.2 19.16794 14 1.00000
53.3 19.22958 14 1.00000
53.4 19.28600 14 1.00000
53.5 19.33798 14 1.00000
53.6 19.38585 14 1.00000
53.7 19.49037 14 1.00000
53.8 19.53000 14 1.00000
53.9 19.56402 14 1.00000
54.0 19.59947 14 1.00000
54.1 19.63462 14 1.00000
54.2 19.66920 14 1.00000
54.3 19.70449 14 1.00000
54.4 19.73886 14 1.00000
54.5 19.77298 14 1.00000
54.6 19.80608 14 1.00000
54.7 19.83943 14 1.00000
54.8 19.88138 14 1.00000
54.9 19.92791 14 1.00000
55.0 19.97453 14 1.00000
55.1 20.02453 14 1.00000
55.2 20.10693 14 1.00000
55.3 20.15622 14 1.00000
55.4 20.21304 14 1.00000
55.5 20.26033 14 1.00000
55.6 20.30472 14 1.00000
55.7 20.35761 14 1.00000
55.8 20.40336 14 1.00000
55.9 20.45156 14 1.00000
56.0 20.49820 14 1.00000
56.1 20.54324 14 1.00000
56.2 20.59004 14 1.00000
56.3 20.63757 14 1.00000
56.4 20.74462 14 1.00000
56.5 20.72946 14 1.00000
56.6 20.77674 14 1.00000
56.7 20.88537 14 1.00000
56.8 20.86924 14 1.00000
56.9 20.91621 14 1.00000
57.0 21.02327 14 1.00000
57.1 21.00937 14 1.00000
57.2 21.05522 14 1.00000
57.3 21.16539 14 1.00000
57.4 21.14948 14 1.00000
57.5 21.19305 14 1.00000
57.6 21.30708 14 1.00000
57.7 21.28958 14 1.00000
57.8 21.33195 14 1.00000
57.9 21.44987 14 1.00000
58.0 21.42952 14 1.00000
58.1 21.47141 14 1.00000
58.2 21.49991 14 1.00000
58.3 21.56949 14 1.00000
58.4 21.61152 14 1.00000
58.5 21.63982 14 1.00000
58.6 21.70950 14 1.00000
58.7 21.75248 14 1.00000
58.8 21.78267 14 1.00000
58.9 21.78733 14 1.00000
59.0 21.89473 14 1.00000
59.1 21.92753 14 1.00000
59.2 21.92760 14 1.00000
59.3 21.97370 14 1.00000
59.4 22.07497 14 1.00000
59.5 22.09795 14 1.00000
59.6 22.11420 14 1.00000
59.7 22.16033 14 1.00000
59.8 22.25335 14 1.00000
59.9 22.25481 14 1.00000
60.0 22.30105 14 1.00000
60.1 22.35194 14 1.00000
60.2 22.42859 14 1.00000
60.3 22.44185 14 1.00000
60.4 22.48812 14 1.00000
60.5 22.54710 14 1.00000
60.6 22.62388 14 1.00000
60.7 22.62918 14 1.00000
60.8 22.67546 14 1.00000
60.9 22.73498 14 1.00000
61.0 22.81432 14 1.00000
61.1 22.88731 14 1.00000
61.2 22.86310 14 1.00000
61.3 22.92068 14 1.00000
61.4 22.99568 14 1.00000
61.5 23.07208 14 1.00000
61.6 23.14445 14 1.00000
61.7 23.09871 14 1.00000
61.8 23.17555 14 1.00000
61.9 23.24570 14 1.00000
62.0 23.32285 14 1.00000
62.1 23.39594 14 1.00000
62.2 23.34409 14 1.00000
62.3 23.42173 14 1.00000
62.4 23.49488 14 1.00000
62.5 23.56961 14 1.00000
62.6 23.64142 14 1.00000
62.7 23.71451 14 1.00000
62.8 23.65996 14 1.00000
62.9 23.73395 14 1.00000
63.0 23.80755 14 1.00000
63.1 23.87895 14 1.00000
63.2 23.95349 14 1.00000
63.3 23.98415 14 1.00000
63.4 23.96312 14 1.00000
63.5 24.03751 14 1.00000
63.6 24.10751 14 1.00000
63.7 24.18195 14 1.00000
63.8 24.14291 14 1.00000
63.9 24.18497 14 1.00000
64.0 24.25855 14 1.00000
64.1 24.33265 14 1.00000
64.2 24.40329 14 1.00000
64.3 24.47617 14 1.00000
64.4 24.42703 14 1.00000
64.5 24.45879 14 1.00000
64.6 24.54757 14 1.00000
64.7 24.61974 14 1.00000
64.8 24.68886 14 1.00000
64.9 24.76440 14 1.00000
65.0 24.70824 14 1.00000
65.1 24.74059 14 1.00000
65.2 24.74564 14 1.00000
65.3 24.89432 14 1.00000
65.4 24.96669 14 1.00000
65.5 25.03736 14 1.00000
65.6 24.97948 14 1.00000
65.7 25.00336 14 1.00000
65.8 25.01175 14 1.00000
65.9 25.05564 14 1.00000
66.0 25.16079 14 1.00000
66.1 25.30996 14 1.00000
66.2 25.24978 14 1.00000
66.3 25.27759 14 1.00000
66.4 25.27874 14 1.00000
66.5 25.32277 14 1.00000
66.6 25.36677 14 1.00000
66.7 25.42850 14 1.00000
66.8 25.51931 14 1.00000
66.9 25.55853 14 1.00000
67.0 25.57430 14 1.00000
67.1 25.59080 14 1.00000
67.2 25.63491 14 1.00000
67.3 25.67910 14 1.00000
67.4 25.75249 14 1.00000
67.5 25.82979 14 1.00000
67.6 25.82089 14 1.00000
67.7 25.89430 14 1.00000
67.8 25.90396 14 1.00000
67.9 25.94824 14 1.00000
68.0 25.99256 14 1.00000
68.1 26.06137 14 1.00000
68.2 26.13447 14 1.00000
68.3 26.20720 14 1.00000
68.4 26.27999 14 1.00000
68.5 26.21774 14 1.00000
68.6 26.26281 14 1.00000
68.7 26.30721 14 1.00000
68.8 26.35406 14 1.00000
68.9 26.42828 14 1.00000
69.0 26.50245 14 1.00000
69.1 26.57259 14 1.00000
69.2 26.64204 14 1.00000
69.3 26.70798 14 1.00000
69.4 26.77182 14 1.00000
69.5 26.66774 14 1.00000
69.6 26.71235 14 1.00000
69.7 26.77457 14 1.00000
69.8 26.85033 14 1.00000
69.9 26.92049 14 1.00000
70.0 26.98694 14 1.00000
70.1 27.05778 14 1.00000
70.2 27.12242 14 1.00000
70.3 27.19390 14 1.00000
70.4 27.15402 14 1.00000
70.5 27.11938 14 1.00000
70.6 27.17469 14 1.00000
70.7 27.25113 14 1.00000
70.8 27.32216 14 1.00000
70.9 27.39046 14 1.00000
71.0 27.45660 14 1.00000
71.1 27.52488 14 1.00000
71.2 27.58644 14 1.00000
71.3 27.65469 14 1.00000
71.4 27.61011 14 1.00000
71.5 27.65813 14 1.00000
71.6 27.62374 14 1.00000
71.7 27.69948 14 1.00000
71.8 27.76693 14 1.00000
71.9 27.83801 14 1.00000
72.0 27.90636 14 1.00000
72.1 27.97267 14 1.00000
72.2 28.03730 14 1.00000
72.3 28.10193 14 1.00000
72.4 28.17077 14 1.00000
72.5 28.11996 14 1.00000
72.6 28.16448 14 1.00000
72.7 28.30038 14 1.00000
72.8 28.18991 14 1.00000
72.9 28.26348 14 1.00000
73.0 28.33081 14 1.00000
73.1 28.39745 14 1.00000
73.2 28.46389 14 1.00000
73.3 28.52845 14 1.00000
73.4 28.59033 14 1.00000
73.5 28.65693 14 1.00000
73.6 28.62048 14 1.00000
73.7 28.67358 14 1.00000
73.8 28.71966 14 1.00000
73.9 28.75845 14 1.00000
74.0 28.77638 14 1.00000
74.1 28.79248 14 1.00000
74.2 28.86426 14 1.00000
74.3 28.92968 14 1.00000
74.4 28.99748 14 1.00000
74.5 29.06160 14 1.00000
74.6 29.12672 14 1.00000
74.7 29.18604 14 1.00000
74.8 29.25272 14 1.00000
74.9 29.31445 14 1.00000
75.0 29.27445 14 1.00000
75.1 29.32541 14 1.00000
75.2 29.36987 14 1.00000
75.3 29.41950 14 1.00000
75.4 29.36123 14 1.00000
75.5 29.42224 14 1.00000
75.6 29.49347 14 1.00000
75.7 29.56055 14 1.00000
75.8 29.62488 14 1.00000
75.9 29.69285 14 1.00000
76.0 29.75458 14 1.00000
76.1 29.81799 14 1.00000
76.2 29.87772 14 1.00000
76.3 29.94399 14 1.00000
76.4 30.00912 14 1.00000
76.5 29.97250 14 1.00000
76.6 30.02653 14 1.00000
76.7 30.07335 14 1.00000
76.8 30.12061 14 1.00000
76.9 30.14935 14 1.00000
77.0 30.10334 14 1.00000
77.1 30.15377 14 1.00000
77.2 30.21735 14 1.00000
77.3 30.28467 14 1.00000
77.4 30.35079 14 1.00000
77.5 30.41389 14 1.00000
77.6 30.47686 14 1.00000
77.7 30.54180 14 1.00000
77.8 30.60229 14 1.00000
77.9 30.66476 14 1.00000
78.0 30.72255 14 1.00000
78.1 30.78591 14 1.00000
78.2 30.84909 14 1.00000
78.3 30.81476 14 1.00000
78.4 30.87056 14 1.00000
78.5 30.97187 14 1.00000
78.6 30.85799 14 1.00000
78.7 30.91719 14 1.00000
78.8 30.94441 14 1.00000
78.9 30.99094 14 1.00000
79.0 31.03749 14 1.00000
79.1 31.09010 14 1.00000
79.2 31.15308 14 1.00000
79.3 31.22033 14 1.00000
79.4 31.28471 14 1.00000
79.5 31.34327 14 1.00000
79.6 31.40455 14 1.00000
79.7 31.46423 14 1.00000
79.8 31.52940 14 1.00000
79.9 31.58546 14 1.00000
80.0 31.64127 14 1.00000
80.1 31.70742 14 1.00000
80.2 31.70464 14 1.00000
80.3 31.66506 14 1.00000
80.4 31.82192 14 1.00000
80.5 31.86802 14 1.00000
80.6 31.90981 14 1.00000
80.7 31.94798 14 1.00000
80.8 31.96819 14 1.00000
80.9 32.00195 14 1.00000
81.0 32.03941 14 1.00000
81.1 32.06777 14 1.00000
81.2 32.09139 14 1.00000
81.3 32.12182 14 1.00000
81.4 32.16884 14 1.00000
81.5 32.21593 14 1.00000
81.6 32.27116 14 1.00000
81.7 32.33375 14 1.00000
81.8 32.39942 14 1.00000
81.9 32.46280 14 1.00000
82.0 32.52251 14 1.00000
82.1 32.58347 14 1.00000
82.2 32.63795 14 1.00000
82.3 32.59594 14 1.00000
82.4 32.82655 14 1.00000
82.5 32.88170 14 1.00000
82.6 32.94200 14 1.00000
82.7 32.99848 14 1.00000
82.8 32.95632 14 1.00000
82.9 33.01519 14 1.00000
83.0 33.06165 14 1.00000
83.1 33.11621 14 1.00000
83.2 33.16555 14 1.00000
83.3 33.21270 14 1.00000
83.4 33.26142 14 1.00000
83.5 33.30894 14 1.00000
83.6 33.34585 14 1.00000
83.7 33.39553 14 1.00000
83.8 33.41779 14 1.00000
83.9 33.45782 14 1.00000
84.0 33.49986 14 1.00000
84.1 33.54086 14 1.00000
84.2 33.57650 14 1.00000
84.3 33.61525 14 1.00000
84.4 33.64593 14 1.00000
84.5 33.69361 14 1.00000
84.6 33.80169 14 1.00000
84.7 33.88004 14 1.00000
84.8 33.86546 14 1.00000
84.9 33.92560 14 1.00000
85.0 33.98151 14 1.00000
85.1 34.04082 14 1.00000
85.2 34.09603 14 1.00000
85.3 34.14698 14 1.00000
85.4 34.20931 14 1.00000
85.5 34.26666 14 1.00000
85.6 34.32303 14 1.00000
85.7 34.37838 14 1.00000
85.8 34.43231 14 1.00000
85.9 34.48678 14 1.00000
86.0 34.54092 14 1.00000
86.1 34.60005 14 1.00000
86.2 34.65757 14 1.00000
86.3 34.71344 14 1.00000
86.4 34.76867 14 1.00000
86.5 34.82425 14 1.00000
86.6 34.87879 14 1.00000
86.7 34.83953 14 1.00000
86.8 34.89697 14 1.00000
86.9 34.99538 14 1.00000
87.0 34.89930 14 1.00000
87.1 35.05968 14 1.00000
87.2 35.10925 14 1.00000
87.3 35.15514 14 1.00000
87.4 35.19757 14 1.00000
87.5 35.24598 14 1.00000
87.6 35.29744 14 1.00000
87.7 35.31767 14 1.00000
87.8 35.36785 14 1.00000
87.9 35.41479 14 1.00000
88.0 35.45437 14 1.00000
88.1 35.50223 14 1.00000
88.2 35.54766 14 1.00000
88.3 35.58562 14 1.00000
88.4 35.63364 14 1.00000
88.5 35.67454 14 1.00000
88.6 35.70845 14 1.00000
88.7 35.75657 14 1.00000
88.8 35.79536 14 1.00000
88.9 35.83195 14 1.00000
89.0 35.86692 14 1.00000
89.1 35.90123 14 1.00000
89.2 35.93422 14 1.00000
89.3 35.97535 14 1.00000
89.4 36.02504 14 1.00000
89.5 36.07825 14 1.00000
89.6 36.13185 14 1.00000
89.7 36.18928 14 1.00000
89.8 36.24671 14 1.00000
89.9 36.30389 14 1.00000
90.0 36.36112 14 1.00000
90.1 36.41720 14 1.00000
90.2 36.46761 14 1.00000
90.3 36.49279 14 1.00000
90.4 36.53429 14 1.00000
90.5 36.68241 14 1.00000
90.6 36.78537 14 1.00000
90.7 36.82806 14 1.00000
90.8 36.85228 14 1.00000
90.9 36.90614 14 1.00000
91.0 36.96145 14 1.00000
91.1 37.00865 14 1.00000
91.2 37.06900 14 1.00000
91.3 37.10987 14 1.00000
91.4 37.17339 14 1.00000
91.5 37.22434 14 1.00000
91.6 37.27585 14 1.00000
91.7 37.33349 14 1.00000
91.8 37.37720 14 1.00000
91.9 37.44025 14 1.00000
92.0 37.48031 14 1.00000
92.1 37.54128 14 1.00000
92.2 37.59676 14 1.00000
92.3 37.63533 14 1.00000
92.4 37.69621 14 1.00000
92.5 37.75233 14 1.00000
92.6 37.80031 14 1.00000
92.7 37.85073 14 1.00000
92.8 37.90825 14 1.00000
92.9 37.95724 14 1.00000
93.0 38.00358 14 1.00000
93.1 38.06435 14 1.00000
93.2 38.10915 14 1.00000
93.3 38.12379 14 1.00000
93.4 38.07944 14 1.00000
93.5 38.19699 14 1.00000
93.6 38.26386 14 1.00000
93.7 38.31662 14 1.00000
93.8 38.37803 14 1.00000
93.9 38.42286 14 1.00000
94.0 38.46769 14 1.00000
94.1 38.51251 14 1.00000
94.2 38.55735 14 1.00000
94.3 38.60530 14 1.00000
94.4 38.65355 14 1.00000
94.5 38.70176 14 1.00000
94.6 38.75021 14 1.00000
94.7 38.79845 14 1.00000
94.8 38.84673 14 1.00000
94.9 38.89505 14 1.00000
95.0 38.94324 14 1.00000
95.1 38.99140 14 1.00000
95.2 39.03509 14 1.00000
95.3 39.08664 14 1.00000
95.4 39.09715 14 1.00000
95.5 39.19086 14 1.00000
95.6 39.23875 14 1.00000
95.7 39.28668 14 1.00000
95.8 39.33475 14 1.00000
95.9 39.38274 14 1.00000
96.0 39.43088 14 1.00000
96.1 39.47938 14 1.00000
96.2 39.52784 14 1.00000
96.3 39.57630 14 1.00000
96.4 39.62479 14 1.00000
96.5 39.67323 14 1.00000
96.6 39.71416 14 1.00000
96.7 39.76386 14 1.00000
96.8 39.81360 14 1.00000
96.9 39.86334 14 1.00000
97.0 39.91314 14 1.00000
97.1 39.96292 14 1.00000
97.2 40.01278 14 1.00000
97.3 40.07256 14 1.00000
97.4 40.10139 14 1.00000
97.5 40.13197 14 1.00000
97.6 40.22211 14 1.00000
97.7 40.25338 14 1.00000
97.8 40.28609 14 1.00000
97.9 40.32001 14 1.00000
98.0 40.41268 14 1.00000
98.1 40.44830 14 1.00000
98.2 40.48509 14 1.00000
98.3 40.52298 14 1.00000
98.4 40.56234 14 1.00000
98.5 40.65871 14 1.00000
98.6 40.70033 14 1.00000
98.7 40.78453 14 1.00000
98.8 40.87391 14 1.00000
98.9 40.96295 14 1.00000
99.0 41.05231 14 1.00000
99.1 41.14146 14 1.00000
99.2 41.23087 14 1.00000
99.3 41.32030 14 1.00000
99.4 41.40952 14 1.00000
99.5 41.49900 14 1.00000
99.6 41.58825 14 1.00000
99.7 41.67783 14 1.00000
99.8 41.76708 14 1.00000
99.9 41.85670 14 1.00000
100.0 41.94604 14 1.00000
100.1 42.03565 14 1.00000
100.2 42.12498 14 1.00000
100.3 42.21468 14 1.00000
100.4 42.30411 14 1.00000
100.5 42.39379 14 1.00000
100.6 42.48321 14 1.00000
100.7 42.57293 14 1.00000
100.8 42.66267 14 1.00000
100.9 42.75219 14 1.00000
101.0 42.84202 14 1.00000
101.1 42.93158 14 1.00000
101.2 43.02139 14 1.00000
101.3 43.11094 14 1.00000
101.4 43.20084 14 1.00000
101.5 43.29041 14 1.00000
101.6 43.38029 14 1.00000
101.7 43.46995 14 1.00000
101.8 43.55991 14 1.00000
101.9 43.64984 14 1.00000
102.0 43.73955 14 1.00000
102.1 43.82951 14 1.00000
102.2 43.91919 14 1.00000
102.3 44.00924 14 1.00000
102.4 44.09900 14 1.00000
102.5 44.18897 14 1.00000
102.6 44.27876 14 1.00000
102.7 44.36886 14 1.00000
102.8 44.45892 14 1.00000
102.9 44.54876 14 1.00000
103.0 44.63884 14 1.00000
103.1 44.72865 14 1.00000
103.2 44.81876 14 1.00000
103.3 44.90866 14 1.00000
103.4 44.99883 14 1.00000
103.5 45.08893 14 1.00000
103.6 45.17890 14 1.00000
103.7 45.26907 14 1.00000
103.8 45.35902 14 1.00000
103.9 45.44921 14 1.00000
104.0 45.53918 14 1.00000
104.1 45.62939 14 1.00000
104.2 45.71962 14 1.00000
104.3 45.80962 14 1.00000
104.4 45.89981 14 1.00000
104.5 45.98983 14 1.00000
104.6 46.08015 14 1.00000
104.7 46.17014 14 1.00000
104.8 46.26042 14 1.00000
104.9 46.35071 14 1.00000
105.0 46.44078 14 1.00000
105.1 46.53109 14 1.00000
105.2 46.62123 14 1.00000
105.3 46.71155 14 1.00000
105.4 46.80183 14 1.00000
105.5 46.89199 14 1.00000
105.6 46.98229 14 1.00000
105.7 47.07242 14 1.00000
105.8 47.16283 14 1.00000
105.9 47.25320 14 1.00000
106.0 47.34335 14 1.00000
106.1 47.43374 14 1.00000
106.2 47.52390 14 1.00000
106.3 47.61430 14 1.00000
106.4 47.70470 14 1.00000
106.5 47.79489 14 1.00000
106.6 47.88525 14 1.00000
106.7 47.97545 14 1.00000
106.8 48.06588 14 1.00000
106.9 48.15631 14 1.00000
107.0 48.24657 14 1.00000
107.1 48.33702 14 1.00000
107.2 48.42724 14 1.00000
107.3 48.51769 14 1.00000
107.4 48.60815 14 1.00000
107.5 48.69839 14 1.00000
107.6 48.78881 14 1.00000
107.7 48.87910 14 1.00000
107.8 48.96953 14 1.00000
107.9 49.06006 14 1.00000
108.0 49.15027 14 1.00000
108.1 49.24081 14 1.00000
108.2 49.33107 14 1.00000
108.3 49.42157 14 1.00000
108.4 49.51207 14 1.00000
108.5 49.60234 14 1.00000
108.6 49.69280 14 1.00000
108.7 49.78330 14 1.00000
108.8 49.87364 14 1.00000
108.9 49.96415 14 1.00000
109.0 50.05445 14 1.00000
109.1 50.14491 14 1.00000
109.2 50.23543 14 1.00000
109.3 50.32573 14 1.00000
109.4 50.41630 14 1.00000
109.5 50.50683 14 1.00000
109.6 50.59708 14 1.00000
109.7 50.68761 14 1.00000
109.8 50.77797 14 1.00000
109.9 50.86850 14 1.00000
110.0 50.95898 14 1.00000
110.1 51.04934 14 1.00000
110.2 51.13982 14 1.00000
110.3 51.23041 14 1.00000
110.4 51.32073 14 1.00000
110.5 51.41126 14 1.00000
110.6 51.50153 14 1.00000
110.7 51.59206 14 1.00000
110.8 51.68265 14 1.00000
110.9 51.77297 14 1.00000
111.0 51.86346 14 1.00000
111.1 51.95399 14 1.00000
111.2 52.04431 14 1.00000
111.3 52.13490 14 1.00000
111.4 52.22538 14 1.00000
111.5 52.31575 14 1.00000
111.6 52.40629 14 1.00000
111.7 52.49677 14 1.00000
111.8 52.58714 14 1.00000
111.9 52.67767 14 1.00000
112.0 52.76793 14 1.00000
112.1 52.85851 14 1.00000
112.2 52.94904 14 1.00000
112.3 53.03930 14 1.00000
112.4 53.12983 14 1.00000
112.5 53.22035 14 1.00000
112.6 53.31071 14 1.00000
112.7 53.40123 14 1.00000
112.8 53.49170 14 1.00000
112.9 53.58205 14 1.00000
113.0 53.67252 14 1.00000
113.1 53.76308 14 1.00000
113.2 53.85337 14 1.00000
113.3 53.94383 14 1.00000
113.4 54.03439 14 1.00000
113.5 54.12463 14 1.00000
113.6 54.21518 14 1.00000
113.7 54.30563 14 1.00000
113.8 54.39596 14 1.00000
113.9 54.48645 14 1.00000
114.0 54.57689 14 1.00000
114.1 54.66722 14 1.00000
114.2 54.75765 14 1.00000
114.3 54.84813 14 1.00000
114.4 54.93844 14 1.00000
114.5 55.02892 14 1.00000
114.6 55.11938 14 1.00000
114.7 55.20964 14 1.00000
114.8 55.30005 14 1.00000
114.9 55.39051 14 1.00000
115.0 55.48076 14 1.00000
115.1 55.57126 14 1.00000
115.2 55.66171 14 1.00000
115.3 55.75194 14 1.00000
115.4 55.84238 14 1.00000
115.5 55.93277 14 1.00000
115.6 56.02299 14 1.00000
115.7 56.11347 14 1.00000
115.8 56.20384 14 1.00000
115.9 56.29405 14 1.00000
116.0 56.38446 14 1.00000
116.1 56.47492 14 1.00000
116.2 56.56507 14 1.00000
116.3 56.65552 14 1.00000
116.4 56.74586 14 1.00000
116.5 56.83605 14 1.00000
116.6 56.92648 14 1.00000
116.7 57.01681 14 1.00000
116.8 57.10698 14 1.00000
116.9 57.19735 14 1.00000
117.0 57.28772 14 1.00000
117.1 57.37792 14 1.00000
117.2 57.46822 14 1.00000
117.3 57.55857 14 1.00000
117.4 57.64897 14 1.00000
117.5 57.73910 14 1.00000
117.6 57.82938 14 1.00000
117.7 57.91971 14 1.00000
117.8 58.00988 14 1.00000
117.9 58.10019 14 1.00000
118.0 58.19050 14 1.00000
118.1 58.28061 14 1.00000
118.2 58.37090 14 1.00000
118.3 58.46114 14 1.00000
118.4 58.55128 14 1.00000
118.5 58.64156 14 1.00000
118.6 58.73183 14 1.00000
118.7 58.82190 14 1.00000
118.8 58.91216 14 1.00000
118.9 59.00236 14 1.00000
119.0 59.09266 14 1.00000
119.1 59.18270 14 1.00000
119.2 59.27289 14 1.00000
119.3 59.36317 14 1.00000
119.4 59.45319 14 1.00000
119.5 59.54335 14 1.00000
119.6 59.63356 14 1.00000
119.7 59.72357 14 1.00000
119.8 59.81376 14 1.00000
119.9 59.90400 14 1.00000
120.0 59.99414 14 1.00000
120.1 60.08416 14 1.00000
120.2 60.17433 14 1.00000
120.3 60.26444 14 1.00000
120.4 60.35445 14 1.00000
120.5 60.44460 14 1.00000
120.6 60.53468 14 1.00000
120.7 60.62482 14 1.00000
120.8 60.71479 14 1.00000
120.9 60.80486 14 1.00000
121.0 60.89502 14 1.00000
121.1 60.98488 14 1.00000
121.2 61.07498 14 1.00000
121.3 61.16512 14 1.00000
121.4 61.25495 14 1.00000
121.5 61.34507 14 1.00000
121.6 61.43509 14 1.00000
121.7 61.52520 14 1.00000
121.8 61.61506 14 1.00000
121.9 61.70505 14 1.00000
122.0 61.79508 14 1.00000
122.1 61.88496 14 1.00000
122.2 61.97493 14 1.00000
122.3 62.06495 14 1.00000
122.4 62.15495 14 1.00000
122.5 62.24480 14 1.00000
122.6 62.33479 14 1.00000
122.7 62.42477 14 1.00000
122.8 62.51450 14 1.00000
122.9 62.60446 14 1.00000
123.0 62.69447 14 1.00000
123.1 62.78442 14 1.00000
123.2 62.87416 14 1.00000
123.3 62.96404 14 1.00000
123.4 63.05397 14 1.00000
123.5 63.14393 14 1.00000
123.6 63.23359 14 1.00000
123.7 63.32354 14 1.00000
123.8 63.41338 14 1.00000
123.9 63.50312 14 1.00000
124.0 63.59294 14 1.00000
124.1 63.68286 14 1.00000
124.2 63.77266 14 1.00000
124.3 63.86237 14 1.00000
124.4 63.95216 14 1.00000
124.5 64.04198 14 1.00000
124.6 64.13181 14 1.00000
124.7 64.22147 14 1.00000
124.8 64.31128 14 1.00000
124.9 64.40102 14 1.00000
125.0 64.49062 14 1.00000
125.1 64.58044 14 1.00000
125.2 64.67017 14 1.00000
125.3 64.75998 14 1.00000
125.4 64.84953 14 1.00000
125.5 64.93923 14 1.00000
125.6 65.02901 14 1.00000
125.7 65.11874 14 1.00000
125.8 65.20821 14 1.00000
125.9 65.29797 14 1.00000
126.0 65.38766 14 1.00000
126.1 65.47730 14 1.00000
126.2 65.56679 14 1.00000
126.3 65.65646 14 1.00000
126.4 65.74617 14 1.00000
126.5 65.83562 14 1.00000
126.6 65.92522 14 1.00000
126.7 66.01490 14 1.00000
126.8 66.10448 14 1.00000
126.9 66.19390 14 1.00000
127.0 66.28355 14 1.00000
127.1 66.37315 14 1.00000
127.2 66.46274 14 1.00000
127.3 66.55208 14 1.00000
127.4 66.64164 14 1.00000
127.5 66.73125 14 1.00000
127.6 66.82075 14 1.00000
127.7 66.91010 14 1.00000
127.8 66.99968 14 1.00000
127.9 67.08915 14 1.00000
128.0 67.17866 14 1.00000
128.1 67.26802 14 1.00000
128.2 67.35746 14 1.00000
128.3 67.44695 14 1.00000
128.4 67.53642 14 1.00000
128.5 67.62569 14 1.00000
128.6 67.71519 14 1.00000
128.7 67.80463 14 1.00000
128.8 67.89402 14 1.00000
128.9 67.98330 14 1.00000
129.0 68.07266 14 1.00000
129.1 68.16212 14 1.00000
129.2 68.25151 14 1.00000
129.3 68.34071 14 1.00000
129.4 68.43004 14 1.00000
129.5 68.51945 14 1.00000
129.6 68.60880 14 1.00000
129.7 68.69791 14 1.00000
129.8 68.78729 14 1.00000
129.9 68.87657 14 1.00000
130.0 68.96589 14 1.00000
130.1 69.05505 14 1.00000
130.2 69.14430 14 1.00000
130.3 69.23363 14 1.00000
130.4 69.32286 14 1.00000
130.5 69.41199 14 1.00000
130.6 69.50120 14 1.00000
130.7 69.59048 14 1.00000
130.8 69.67972 14 1.00000
130.9 69.76871 14 1.00000
131.0 69.85798 14 1.00000
131.1 69.94718 14 1.00000
131.2 70.03632 14 1.00000
131.3 70.12551 14 1.00000
131.4 70.21455 14 1.00000
131.5 70.30367 14 1.00000
131.6 70.39286 14 1.00000
131.7 70.48200 14 1.00000
131.8 70.57091 14 1.00000
131.9 70.66008 14 1.00000
132.0 70.74919 14 1.00000
132.1 70.83829 14 1.00000
132.2 70.92720 14 1.00000
132.3 71.01628 14 1.00000
132.4 71.10530 14 1.00000
132.5 71.19441 14 1.00000
132.6 71.28329 14 1.00000
132.7 71.37228 14 1.00000
132.8 71.46135 14 1.00000
132.9 71.55032 14 1.00000
133.0 71.63933 14 1.00000
133.1 71.72820 14 1.00000
133.2 71.81718 14 1.00000
133.3 71.90611 14 1.00000
133.4 71.99513 14 1.00000
133.5 72.08385 14 1.00000
133.6 72.17280 14 1.00000
133.7 72.26179 14 1.00000
133.8 72.35071 14 1.00000
133.9 72.43958 14 1.00000
134.0 72.52835 14 1.00000
134.1 72.61724 14 1.00000
134.2 72.70608 14 1.00000
134.3 72.79500 14 1.00000
134.4 72.88363 14 1.00000
134.5 72.97248 14 1.00000
134.6 73.06133 14 1.00000
134.7 73.15015 14 1.00000
134.8 73.23885 14 1.00000
134.9 73.32765 14 1.00000
135.0 73.41645 14 1.00000
135.1 73.50519 14 1.00000
135.2 73.59402 14 1.00000
135.3 73.68256 14 1.00000
135.4 73.30843 14 1.00000
135.5 73.39728 14 1.00000
135.6 73.48607 14 1.00000
135.7 73.57494 14 1.00000
135.8 73.66361 14 1.00000
135.9 73.28947 14 1.00000
136.0 73.37836 14 1.00000
136.1 73.46725 14 1.00000
136.2 73.55618 14 1.00000
136.3 73.64482 14 1.00000
136.4 73.27088 14 1.00000
136.5 73.35988 14 1.00000
136.6 73.44878 14 1.00000
136.7 73.53770 14 1.00000
136.8 73.62663 14 1.00000
136.9 73.25233 14 1.00000
137.0 73.34170 14 1.00000
137.1 73.43069 14 1.00000
137.2 73.51962 14 1.00000
137.3 73.60859 14 1.00000
137.4 73.69736 14 1.00000
137.5 73.32343 14 1.00000
137.6 73.41241 14 1.00000
137.7 73.50188 14 1.00000
137.8 73.59094 14 1.00000
137.9 73.67977 14 1.00000
138.0 73.30576 14 1.00000
138.1 73.39485 14 1.00000
138.2 73.48398 14 1.00000
138.3 73.57359 14 1.00000
138.4 73.66248 14 1.00000
138.5 73.28854 14 1.00000
138.6 73.37762 14 1.00000
138.7 73.46680 14 1.00000
138.8 73.55587 14 1.00000
138.9 73.64552 14 1.00000
139.0 73.27155 14 1.00000
139.1 73.36079 14 1.00000
139.2 73.44992 14 1.00000
139.3 73.53909 14 1.00000
139.4 73.62829 14 1.00000
139.5 73.71720 14 1.00000
139.6 73.34420 14 1.00000
139.7 73.43347 14 1.00000
139.8 73.52264 14 1.00000
139.9 73.61184 14 1.00000
140.0 73.70090 14 1.00000
140.1 73.79008 14 1.00000
140.2 73.41726 14 1.00000
140.3 73.50652 14 1.00000
140.4 73.59577 14 1.00000
140.5 73.68483 14 1.00000
140.6 73.77406 14 1.00000
140.7 73.86327 14 1.00000
140.8 73.95248 14 1.00000
140.9 73.58009 14 1.00000
141.0 73.66914 14 1.00000
141.1 73.75847 14 1.00000
141.2 73.84769 14 1.00000
141.3 73.93694 14 1.00000
141.4 74.02623 14 1.00000
141.5 73.65379 14 1.00000
141.6 73.74316 14 1.00000
141.7 73.83247 14 1.00000
141.8 73.92178 14 1.00000
141.9 74.01106 14 1.00000
142.0 74.10016 14 1.00000
142.1 73.72813 14 1.00000
142.2 73.81754 14 1.00000
142.3 73.90688 14 1.00000
142.4 73.99617 14 1.00000
142.5 74.08537 14 1.00000
142.6 74.17463 14 1.00000
142.7 73.80163 14 1.00000
142.8 73.89227 14 1.00000
142.9 73.98170 14 1.00000
143.0 74.07085 14 1.00000
143.1 74.16026 14 1.00000
143.2 73.78723 14 1.00000
143.3 73.87663 14 1.00000
143.4 73.96751 14 1.00000
143.5 74.05675 14 1.00000
143.6 74.14615 14 1.00000
143.7 74.23550 14 1.00000
143.8 73.86265 14 1.00000
143.9 73.95207 14 1.00000
144.0 74.04153 14 1.00000
144.1 74.13237 14 1.00000
144.2 74.22176 14 1.00000
144.3 73.84894 14 1.00000
144.4 73.93841 14 1.00000
144.5 74.02792 14 1.00000
144.6 74.11723 14 1.00000
144.7 74.20839 14 1.00000
144.8 73.83556 14 1.00000
144.9 73.92512 14 1.00000
145.0 74.01467 14 1.00000
145.1 74.10403 14 1.00000
145.2 74.19356 14 1.00000
145.3 74.28308 14 1.00000
145.4 73.91204 14 1.00000
145.5 74.00164 14 1.00000
145.6 74.09105 14 1.00000
145.7 74.18062 14 1.00000
145.8 74.27023 14 1.00000
145.9 74.35978 14 1.00000
146.0 73.98902 14 1.00000
146.1 74.07842 14 1.00000
146.2 74.16809 14 1.00000
146.3 74.25765 14 1.00000
146.4 74.34724 14 1.00000
146.5 74.43682 14 1.00000
146.6 74.52621 14 1.00000
146.7 74.15577 14 1.00000
146.8 74.24547 14 1.00000
146.9 74.33506 14 1.00000
147.0 74.42474 14 1.00000
147.1 74.51418 14 1.00000
147.2 74.60378 14 1.00000
147.3 74.23356 14 1.00000
147.4 74.32323 14 1.00000
147.5 74.41286 14 1.00000
147.6 74.50239 14 1.00000
147.7 74.59203 14 1.00000
147.8 74.68166 14 1.00000
147.9 74.77129 14 1.00000
148.0 74.40134 14 1.00000
148.1 74.49091 14 1.00000
148.2 74.58054 14 1.00000
148.3 74.67027 14 1.00000
148.4 74.75989 14 1.00000
148.5 74.84954 14 1.00000
148.6 74.47968 14 1.00000
148.7 74.56947 14 1.00000
148.8 74.65913 14 1.00000
148.9 74.74884 14 1.00000
149.0 74.83858 14 1.00000
149.1 74.92804 14 1.00000
149.2 75.01775 14 1.00000
149.3 74.64835 14 1.00000
149.4 74.73814 14 1.00000
149.5 74.82788 14 1.00000
149.6 74.91737 14 1.00000
149.7 75.00713 14 1.00000
149.8 75.09683 14 1.00000
149.9 75.18647 14 1.00000
150.0 74.81747 14 1.00000
150.1 74.90706 14 1.00000
150.2 74.99681 14 1.00000
150.3 75.08650 14 1.00000
150.4 75.17623 14 1.00000
150.5 75.26600 14 1.00000
150.6 74.89694 14 1.00000
150.7 74.98679 14 1.00000
150.8 75.07652 14 1.00000
150.9 75.16634 14 1.00000
151.0 75.25605 14 1.00000
151.1 75.34566 14 1.00000
151.2 75.43539 14 1.00000
151.3 75.06683 14 1.00000
151.4 75.15668 14 1.00000
151.5 75.24648 14 1.00000
151.6 75.33610 14 1.00000
151.7 75.42587 14 1.00000
151.8 75.51563 14 1.00000
151.9 75.14465 14 1.00000
152.0 75.23716 14 1.00000
152.1 75.32676 14 1.00000
152.2 75.41663 14 1.00000
152.3 75.50638 14 1.00000
152.4 75.13552 14 1.00000
152.5 75.22536 14 1.00000
152.6 75.31777 14 1.00000
152.7 75.40762 14 1.00000
152.8 75.49751 14 1.00000
152.9 75.12664 14 1.00000
153.0 75.21656 14 1.00000
153.1 75.30630 14 1.00000
153.2 75.39614 14 1.00000
153.3 75.48888 14 1.00000
153.4 75.11804 14 1.00000
153.5 75.20795 14 1.00000
153.6 75.29773 14 1.00000
153.7 75.38771 14 1.00000
153.8 75.47764 14 1.00000
153.9 75.56750 14 1.00000
154.0 75.19967 14 1.00000
154.1 75.28954 14 1.00000
154.2 75.37946 14 1.00000
154.3 75.46943 14 1.00000
154.4 75.55938 14 1.00000
154.5 75.64936 14 1.00000
154.6 75.73907 14 1.00000
154.7 75.37159 14 1.00000
154.8 75.46159 14 1.00000
154.9 75.55158 14 1.00000
155.0 75.64156 14 1.00000
155.1 75.73135 14 1.00000
155.2 75.82130 14 1.00000
155.3 75.91124 14 1.00000
155.4 75.54397 14 1.00000
155.5 75.63399 14 1.00000
155.6 75.72386 14 1.00000
155.7 75.81385 14 1.00000
155.8 75.90383 14 1.00000
155.9 75.99380 14 1.00000
156.0 75.62673 14 1.00000
156.1 75.71664 14 1.00000
156.2 75.80663 14 1.00000
156.3 75.89669 14 1.00000
156.4 75.98669 14 1.00000
156.5 76.07663 14 1.00000
156.6 76.16644 14 1.00000
156.7 75.79971 14 1.00000
156.8 75.88977 14 1.00000
156.9 75.97986 14 1.00000
157.0 76.06984 14 1.00000
157.1 76.15968 14 1.00000
157.2 76.24968 14 1.00000
157.3 76.33971 14 1.00000
157.4 75.97329 14 1.00000
157.5 76.06336 14 1.00000
157.6 76.15324 14 1.00000
157.7 76.24323 14 1.00000
157.8 76.33330 14 1.00000
157.9 76.42326 14 1.00000
158.0 76.51326 14 1.00000
158.1 76.14701 14 1.00000
158.2 76.23704 14 1.00000
158.3 76.32710 14 1.00000
158.4 76.41720 14 1.00000
158.5 76.50723 14 1.00000
158.6 76.59708 14 1.00000
158.7 76.68710 14 1.00000
158.8 76.32126 14 1.00000
158.9 76.41134 14 1.00000
159.0 76.50142 14 1.00000
159.1 76.59130 14 1.00000
159.2 76.68130 14 1.00000
159.3 76.77139 14 1.00000
159.4 76.86136 14 1.00000
159.5 76.49580 14 1.00000
159.6 76.58573 14 1.00000
159.7 76.67581 14 1.00000
159.8 76.76588 14 1.00000
159.9 76.85594 14 1.00000
160.0 76.94598 14 1.00000
160.1 77.03589 14 1.00000
160.2 76.67058 14 1.00000
160.3 76.76073 14 1.00000
160.4 76.85083 14 1.00000
160.5 76.94086 14 1.00000
160.6 77.03080 14 1.00000
160.7 77.12080 14 1.00000
160.8 77.21089 14 1.00000
160.9 76.84587 14 1.00000
161.0 76.93598 14 1.00000
161.1 77.02596 14 1.00000
161.2 77.11600 14 1.00000
161.3 77.20612 14 1.00000
161.4 77.29619 14 1.00000
161.5 77.38623 14 1.00000
161.6 77.02137 14 1.00000
161.7 77.11144 14 1.00000
161.8 77.20160 14 1.00000
161.9 77.29166 14 1.00000
162.0 77.38178 14 1.00000
162.1 77.47168 14 1.00000
162.2 77.56174 14 1.00000
162.3 77.19733 14 1.00000
162.4 77.28746 14 1.00000
162.5 77.37758 14 1.00000
162.6 77.46751 14 1.00000
162.7 77.55756 14 1.00000
162.8 77.64763 14 1.00000
162.9 77.73774 14 1.00000
163.0 77.37357 14 1.00000
163.1 77.46353 14 1.00000
163.2 77.55366 14 1.00000
163.3 77.64377 14 1.00000
163.4 77.73392 14 1.00000
163.5 77.82401 14 1.00000
163.6 77.45602 14 1.00000
163.7 77.55000 14 1.00000
163.8 77.64019 14 1.00000
163.9 77.73028 14 1.00000
164.0 77.82044 14 1.00000
164.1 77.45248 14 1.00000
164.2 77.54273 14 1.00000
164.3 77.63287 14 1.00000
164.4 77.72692 14 1.00000
164.5 77.81712 14 1.00000
164.6 77.44920 14 1.00000
164.7 77.53943 14 1.00000
164.8 77.62964 14 1.00000
164.9 77.71989 14 1.00000
165.0 77.81003 14 1.00000
165.1 77.44614 14 1.00000
165.2 77.53645 14 1.00000
165.3 77.62665 14 1.00000
165.4 77.71693 14 1.00000
165.5 77.80711 14 1.00000
165.6 77.89714 14 1.00000
165.7 77.98734 14 1.00000
165.8 77.62388 14 1.00000
165.9 77.71420 14 1.00000
166.0 77.80441 14 1.00000
166.1 77.89448 14 1.00000
166.2 77.98470 14 1.00000
166.3 78.07497 14 1.00000
166.4 78.16516 14 1.00000
166.5 77.80198 14 1.00000
166.6 77.89203 14 1.00000
166.7 77.98234 14 1.00000
166.8 78.07259 14 1.00000
166.9 78.16282 14 1.00000
167.0 78.25304 14 1.00000
167.1 78.34307 14 1.00000
167.2 77.98015 14 1.00000
167.3 78.07038 14 1.00000
167.4 78.16064 14 1.00000
167.5 78.25094 14 1.00000
167.6 78.34096 14 1.00000
167.7 78.43118 14 1.00000
167.8 78.52139 14 1.00000
167.9 78.15874 14 1.00000
168.0 78.24902 14 1.00000
168.1 78.33916 14 1.00000
168.2 78.42942 14 1.00000
168.3 78.51966 14 1.00000
168.4 78.60983 14 1.00000
168.5 78.70010 14 1.00000
168.6 78.79008 14 1.00000
168.7 78.42777 14 1.00000
168.8 78.51809 14 1.00000
168.9 78.60835 14 1.00000
169.0 78.69855 14 1.00000
169.1 78.78860 14 1.00000
169.2 78.87881 14 1.00000
169.3 78.96907 14 1.00000
169.4 78.60703 14 1.00000
169.5 78.69730 14 1.00000
169.6 78.78739 14 1.00000
169.7 78.87759 14 1.00000
169.8 78.96787 14 1.00000
169.9 79.05809 14 1.00000
170.0 79.14824 14 1.00000
170.1 78.78633 14 1.00000
170.2 78.87661 14 1.00000
170.3 78.96682 14 1.00000
170.4 79.05707 14 1.00000
170.5 79.14731 14 1.00000
170.6 79.23740 14 1.00000
170.7 79.32761 14 1.00000
170.8 78.96603 14 1.00000
170.9 79.05631 14 1.00000
171.0 79.14662 14 1.00000
171.1 79.23666 14 1.00000
171.2 79.32689 14 1.00000
171.3 79.41711 14 1.00000
171.4 79.50737 14 1.00000
171.5 79.59756 14 1.00000
171.6 79.23615 14 1.00000
171.7 79.32647 14 1.00000
171.8 79.41672 14 1.00000
171.9 79.50690 14 1.00000
172.0 79.59718 14 1.00000
172.1 79.68717 14 1.00000
172.2 79.77741 14 1.00000
172.3 79.41647 14 1.00000
172.4 79.50669 14 1.00000
172.5 79.59699 14 1.00000
172.6 79.68701 14 1.00000
172.7 79.77728 14 1.00000
172.8 79.86749 14 1.00000
172.9 79.95764 14 1.00000
173.0 79.59699 14 1.00000
173.1 79.68710 14 1.00000
173.2 79.77734 14 1.00000
173.3 79.86758 14 1.00000
173.4 79.95781 14 1.00000
173.5 80.04802 14 1.00000
173.6 80.13800 14 1.00000
173.7 80.22823 14 1.00000
173.8 79.86786 14 1.00000
173.9 79.95811 14 1.00000
174.0 80.04836 14 1.00000
174.1 80.13836 14 1.00000
174.2 80.22862 14 1.00000
174.3 80.31882 14 1.00000
174.4 80.40900 14 1.00000
174.5 80.04887 14 1.00000
174.6 80.13891 14 1.00000
174.7 80.22919 14 1.00000
174.8 80.31937 14 1.00000
174.9 80.40963 14 1.00000
175.0 80.49982 14 1.00000
175.1 80.58984 14 1.00000
175.2 80.68000 14 1.00000
175.3 80.32021 14 1.00000
175.4 80.41039 14 1.00000
175.5 80.50061 14 1.00000
175.6 80.59065 14 1.00000
175.7 80.68089 14 1.00000
175.8 80.77103 14 1.00000
175.9 80.86124 14 1.00000
176.0 80.50163 14 1.00000
176.1 80.59170 14 1.00000
176.2 80.68197 14 1.00000
176.3 80.77217 14 1.00000
176.4 80.86231 14 1.00000
176.5 80.95254 14 1.00000
176.6 81.04253 14 1.00000
176.7 81.13268 14 1.00000
176.8 80.77344 14 1.00000
176.9 80.86361 14 1.00000
177.0 80.95381 14 1.00000
177.1 81.04384 14 1.00000
177.2 81.13401 14 1.00000
177.3 81.22422 14 1.00000
177.4 81.31432 14 1.00000
177.5 80.95531 14 1.00000
177.6 81.04540 14 1.00000
177.7 81.13560 14 1.00000
177.8 81.22574 14 1.00000
177.9 81.31596 14 1.00000
178.0 81.40612 14 1.00000
178.1 81.49609 14 1.00000
178.2 81.13280 14 1.00000
178.3 81.22749 14 1.00000
178.4 81.31773 14 1.00000
178.5 81.40791 14 1.00000
178.6 81.49791 14 1.00000
178.7 81.13464 14 1.00000
178.8 81.22484 14 1.00000
178.9 81.31506 14 1.00000
179.0 81.40986 14 1.00000
179.1 81.49989 14 1.00000
179.2 81.13665 14 1.00000
179.3 81.22691 14 1.00000
179.4 81.31712 14 1.00000
179.5 81.40740 14 1.00000
179.6 81.49746 14 1.00000
179.7 81.58762 14 1.00000
179.8 81.22905 14 1.00000
179.9 81.31937 14 1.00000
180.0 81.40959 14 1.00000
180.1 81.49967 14 1.00000
180.2 81.58990 14 1.00000
180.3 81.68012 14 1.00000
180.4 81.77038 14 1.00000
180.5 81.41198 14 1.00000
180.6 81.50208 14 1.00000
180.7 81.59234 14 1.00000
180.8 81.68259 14 1.00000
180.9 81.77286 14 1.00000
181.0 81.86308 14 1.00000
181.1 81.95306 14 1.00000
181.2 82.04330 14 1.00000
181.3 81.68520 14 1.00000
181.4 81.77545 14 1.00000
181.5 81.86574 14 1.00000
181.6 81.95579 14 1.00000
181.7 82.04600 14 1.00000
181.8 82.13615 14 1.00000
181.9 82.22632 14 1.00000
182.0 82.31648 14 1.00000
182.1 81.95857 14 1.00000
182.2 82.04886 14 1.00000
182.3 82.13902 14 1.00000
182.4 82.22927 14 1.00000
182.5 82.31946 14 1.00000
182.6 82.40946 14 1.00000
182.7 82.49962 14 1.00000
182.8 82.14209 14 1.00000
182.9 82.23226 14 1.00000
183.0 82.32253 14 1.00000
183.1 82.41255 14 1.00000
183.2 82.50269 14 1.00000
183.3 82.59290 14 1.00000
183.4 82.68304 14 1.00000
183.5 82.77318 14 1.00000
183.6 82.41573 14 1.00000
183.7 82.50593 14 1.00000
183.8 82.59617 14 1.00000
183.9 82.68629 14 1.00000
184.0 82.77650 14 1.00000
184.1 82.86659 14 1.00000
184.2 82.95656 14 1.00000
184.3 83.04671 14 1.00000
184.4 82.68977 14 1.00000
184.5 82.77995 14 1.00000
184.6 82.87006 14 1.00000
184.7 82.96009 14 1.00000
184.8 83.05023 14 1.00000
184.9 83.14035 14 1.00000
185.0 83.23046 14 1.00000
185.1 83.32050 14 1.00000
185.2 82.96367 14 1.00000
185.3 83.05383 14 1.00000
185.4 83.14397 14 1.00000
185.5 83.23414 14 1.00000
185.6 83.32425 14 1.00000
185.7 83.41418 14 1.00000
185.8 83.50427 14 1.00000
185.9 83.59429 14 1.00000
186.0 83.23795 14 1.00000
186.1 83.32804 14 1.00000
186.2 83.41805 14 1.00000
186.3 83.50809 14 1.00000
186.4 83.59818 14 1.00000
186.5 83.68826 14 1.00000
186.6 83.77831 14 1.00000
186.7 83.42197 14 1.00000
186.8 83.51214 14 1.00000
186.9 83.60225 14 1.00000
187.0 83.69229 14 1.00000
187.1 83.78242 14 1.00000
187.2 83.87228 14 1.00000
187.3 83.96233 14 1.00000
187.4 84.05237 14 1.00000
187.5 83.69651 14 1.00000
187.6 83.78661 14 1.00000
187.7 83.87659 14 1.00000
187.8 83.96667 14 1.00000
187.9 84.05673 14 1.00000
188.0 84.14678 14 1.00000
188.1 84.23676 14 1.00000
188.2 84.32678 14 1.00000
188.3 83.97112 14 1.00000
188.4 84.06120 14 1.00000
188.5 84.15128 14 1.00000
188.6 84.24139 14 1.00000
188.7 84.33138 14 1.00000
188.8 84.42130 14 1.00000
188.9 84.51127 14 1.00000
189.0 84.60126 14 1.00000
189.1 84.24615 14 1.00000
189.2 84.33606 14 1.00000
189.3 84.42612 14 1.00000
189.4 84.51616 14 1.00000
189.5 84.60614 14 1.00000
189.6 84.69615 14 1.00000
189.7 84.78615 14 1.00000
189.8 84.87602 14 1.00000
189.9 84.52116 14 1.00000
190.0 84.61121 14 1.00000
190.1 84.70129 14 1.00000
190.2 84.79132 14 1.00000
190.3 84.88112 14 1.00000
190.4 84.97112 14 1.00000
190.5 85.06110 14 1.00000
190.6 85.15106 14 1.00000
190.7 84.79664 14 1.00000
190.8 84.88651 14 1.00000
190.9 84.97649 14 1.00000
191.0 85.06649 14 1.00000
191.1 85.15652 14 1.00000
191.2 85.24645 14 1.00000
191.3 85.33626 14 1.00000
191.4 85.42620 14 1.00000
191.5 85.07208 14 1.00000
191.6 85.16215 14 1.00000
191.7 85.25210 14 1.00000
191.8 85.34197 14 1.00000
191.9 85.43195 14 1.00000
192.0 85.52186 14 1.00000
192.1 85.61180 14 1.00000
192.2 85.70173 14 1.00000
192.3 85.34779 14 1.00000
192.4 85.43784 14 1.00000
192.5 85.52777 14 1.00000
192.6 85.61778 14 1.00000
192.7 85.70770 14 1.00000
192.8 85.79763 14 1.00000
192.9 85.88744 14 1.00000
193.0 85.97730 14 1.00000
193.1 85.62392 14 1.00000
193.2 85.71390 14 1.00000
193.3 85.80386 14 1.00000
193.4 85.89360 14 1.00000
193.5 85.98354 14 1.00000
193.6 86.07351 14 1.00000
193.7 86.16341 14 1.00000
193.8 86.25330 14 1.00000
193.9 85.90005 14 1.00000
194.0 85.99002 14 1.00000
194.1 86.07996 14 1.00000
194.2 86.16985 14 1.00000
194.3 86.25981 14 1.00000
194.4 86.34971 14 1.00000
194.5 86.43939 14 1.00000
194.6 86.52931 14 1.00000
194.7 86.61917 14 1.00000
194.8 86.26646 14 1.00000
194.9 86.35638 14 1.00000
195.0 86.44614 14 1.00000
195.1 86.53603 14 1.00000
195.2 86.62596 14 1.00000
195.3 86.71578 14 1.00000
195.4 86.80569 14 1.00000
195.5 86.89548 14 1.00000
195.6 86.54300 14 1.00000
195.7 86.63290 14 1.00000
195.8 86.72285 14 1.00000
195.9 86.81272 14 1.00000
196.0 86.90259 14 1.00000
196.1 86.99227 14 1.00000
196.2 86.63493 14 1.00000
196.3 86.72489 14 1.00000
196.4 86.81995 14 1.00000
196.5 86.90984 14 1.00000
196.6 86.99950 14 1.00000
196.7 86.64229 14 1.00000
196.8 86.73218 14 1.00000
196.9 86.82216 14 1.00000
197.0 86.91187 14 1.00000
197.1 87.00181 14 1.00000
197.2 86.64979 14 1.00000
197.3 86.73971 14 1.00000
197.4 86.82966 14 1.00000
197.5 86.91943 14 1.00000
197.6 87.00941 14 1.00000
197.7 87.09927 14 1.00000
197.8 87.18916 14 1.00000
197.9 87.27905 14 1.00000
198.0 87.36896 14 1.00000
198.1 87.01720 14 1.00000
198.2 87.10713 14 1.00000
198.3 87.19700 14 1.00000
198.4 87.28695 14 1.00000
198.5 87.37684 14 1.00000
198.6 87.46667 14 1.00000
198.7 87.55642 14 1.00000
198.8 87.64622 14 1.00000
198.9 87.29500 14 1.00000
199.0 87.38486 14 1.00000
199.1 87.47460 14 1.00000
199.2 87.56449 14 1.00000
199.3 87.65441 14 1.00000
199.4 87.74426 14 1.00000
199.5 87.83405 14 1.00000
199.6 87.92388 14 1.00000
199.7 87.57280 14 1.00000
199.8 87.66274 14 1.00000
199.9 87.75257 14 1.00000
200.0 87.84244 14 1.00000
200.1 87.93233 14 1.00000
200.2 88.02213 14 1.00000
200.3 88.11179 14 1.00000
200.4 88.20164 14 1.00000
200.5 88.29144 14 1.00000
200.6 87.94088 14 1.00000
200.7 88.03059 14 1.00000
200.8 88.12043 14 1.00000
200.9 88.21030 14 1.00000
201.0 88.30007 14 1.00000
201.1 88.38992 14 1.00000
201.2 88.47967 14 1.00000
201.3 88.56949 14 1.00000
201.4 88.21911 14 1.00000
201.5 88.30895 14 1.00000
201.6 88.39883 14 1.00000
201.7 88.48863 14 1.00000
201.8 88.57838 14 1.00000
201.9 88.66801 14 1.00000
202.0 88.75783 14 1.00000
202.1 88.84758 14 1.00000
202.2 88.93732 14 1.00000
202.3 88.58755 14 1.00000
202.4 88.67716 14 1.00000
202.5 88.76695 14 1.00000
202.6 88.85678 14 1.00000
202.7 88.94650 14 1.00000
202.8 89.03624 14 1.00000
202.9 89.12602 14 1.00000
203.0 89.21554 14 1.00000
203.1 88.86617 14 1.00000
203.2 88.95596 14 1.00000
203.3 89.04572 14 1.00000
203.4 89.13544 14 1.00000
203.5 89.22507 14 1.00000
203.6 89.31475 14 1.00000
203.7 89.40451 14 1.00000
203.8 89.49421 14 1.00000
203.9 89.58390 14 1.00000
204.0 89.23469 14 1.00000
204.1 89.32449 14 1.00000
204.2 89.41422 14 1.00000
204.3 89.50394 14 1.00000
204.4 89.59361 14 1.00000
204.5 89.68330 14 1.00000
204.6 89.77283 14 1.00000
204.7 89.86254 14 1.00000
204.8 89.51382 14 1.00000
204.9 89.60355 14 1.00000
205.0 89.69331 14 1.00000
205.1 89.78286 14 1.00000
205.2 89.87251 14 1.00000
205.3 89.96223 14 1.00000
205.4 90.05189 14 1.00000
205.5 90.14153 14 1.00000
205.6 90.23116 14 1.00000
205.7 89.88270 14 1.00000
205.8 89.97240 14 1.00000
205.9 90.06208 14 1.00000
206.0 90.15179 14 1.00000
206.1 90.24140 14 1.00000
206.2 90.33093 14 1.00000
206.3 90.42056 14 1.00000
206.4 90.51012 14 1.00000
206.5 90.59978 14 1.00000
206.6 90.25191 14 1.00000
206.7 90.34138 14 1.00000
206.8 90.43108 14 1.00000
206.9 90.52071 14 1.00000
207.0 90.61028 14 1.00000
207.1 90.69989 14 1.00000
207.2 90.78948 14 1.00000
207.3 90.87907 14 1.00000
207.4 90.53138 14 1.00000
207.5 90.62107 14 1.00000
207.6 90.71070 14 1.00000
207.7 90.80027 14 1.00000
207.8 90.88987 14 1.00000
207.9 90.97930 14 1.00000
208.0 91.06888 14 1.00000
208.1 91.15849 14 1.00000
208.2 91.24798 14 1.00000
208.3 90.90075 14 1.00000
208.4 90.99031 14 1.00000
208.5 91.07996 14 1.00000
208.6 91.16954 14 1.00000
208.7 91.25911 14 1.00000
208.8 91.34866 14 1.00000
208.9 91.43820 14 1.00000
209.0 91.52753 14 1.00000
209.1 91.61708 14 1.00000
209.2 91.27036 14 1.00000
209.3 91.35989 14 1.00000
209.4 91.44946 14 1.00000
209.5 91.53885 14 1.00000
209.6 91.62843 14 1.00000
209.7 91.71795 14 1.00000
209.8 91.80746 14 1.00000
209.9 91.89690 14 1.00000
210.0 91.98643 14 1.00000
210.1 91.63996 14 1.00000
210.2 91.72945 14 1.00000
210.3 91.81903 14 1.00000
210.4 91.90849 14 1.00000
210.5 91.99804 14 1.00000
210.6 92.08733 14 1.00000
210.7 92.17685 14 1.00000
210.8 92.26626 14 1.00000
210.9 92.35571 14 1.00000
211.0 92.00979 14 1.00000
211.1 92.09914 14 1.00000
211.2 92.18864 14 1.00000
211.3 92.27812 14 1.00000
211.4 92.36758 14 1.00000
211.5 92.45704 14 1.00000
211.6 92.54652 14 1.00000
211.7 92.63595 14 1.00000
211.8 92.72520 14 1.00000
211.9 92.37969 14 1.00000
212.0 92.46912 14 1.00000
212.1 92.55858 14 1.00000
212.2 92.64808 14 1.00000
212.3 92.73730 14 1.00000
212.4 92.82677 14 1.00000
212.5 92.91613 14 1.00000
212.6 93.00552 14 1.00000
212.7 92.66039 14 1.00000
212.8 92.74969 14 1.00000
212.9 92.83907 14 1.00000
213.0 92.92850 14 1.00000
213.1 93.01791 14 1.00000
213.2 93.10736 14 1.00000
213.3 93.19670 14 1.00000
213.4 93.28596 14 1.00000
213.5 93.37527 14 1.00000
213.6 93.03049 14 1.00000
213.7 93.11996 14 1.00000
213.8 93.20934 14 1.00000
213.9 93.29860 14 1.00000
214.0 93.38793 14 1.00000
214.1 93.47729 14 1.00000
214.2 93.56670 14 1.00000
214.3 93.65599 14 1.00000
214.4 93.74532 14 1.00000
214.5 93.83467 14 1.00000
214.6 93.49015 14 1.00000
214.7 93.57957 14 1.00000
214.8 93.66894 14 1.00000
214.9 93.75828 14 1.00000
215.0 93.84761 14 1.00000
215.1 93.93678 14 1.00000
215.2 94.02604 14 1.00000
215.3 94.11533 14 1.00000
215.4 94.20465 14 1.00000
215.5 93.86068 14 1.00000
215.6 93.94991 14 1.00000
215.7 94.03925 14 1.00000
215.8 94.12856 14 1.00000
215.9 94.21786 14 1.00000
216.0 94.30714 14 1.00000
216.1 94.39641 14 1.00000
216.2 94.48547 14 1.00000
216.3 94.57476 14 1.00000
216.4 94.23123 14 1.00000
216.5 94.32054 14 1.00000
216.6 94.40978 14 1.00000
216.7 94.49896 14 1.00000
216.8 94.58823 14 1.00000
216.9 94.67747 14 1.00000
217.0 94.76672 14 1.00000
217.1 94.85589 14 1.00000
217.2 94.94511 14 1.00000
217.3 94.60186 14 1.00000
217.4 94.69109 14 1.00000
217.5 94.78035 14 1.00000
217.6 94.86964 14 1.00000
217.7 94.95887 14 1.00000
217.8 95.04809 14 1.00000
217.9 95.13710 14 1.00000
218.0 94.78767 14 1.00000
218.1 94.87699 14 1.00000
218.2 94.97277 14 1.00000
218.3 95.06196 14 1.00000
218.4 95.15108 14 1.00000
218.5 94.80164 14 1.00000
218.6 94.89098 14 1.00000
218.7 94.98026 14 1.00000
218.8 95.06947 14 1.00000
218.9 95.15862 14 1.00000
219.0 95.24786 14 1.00000
219.1 94.90511 14 1.00000
219.2 94.99440 14 1.00000
219.3 95.08353 14 1.00000
219.4 95.17281 14 1.00000
219.5 95.26211 14 1.00000
219.6 95.35135 14 1.00000
219.7 95.44058 14 1.00000
219.8 95.52975 14 1.00000
219.9 95.61900 14 1.00000
220.0 95.70799 14 1.00000
220.1 95.36580 14 1.00000
220.2 95.45500 14 1.00000
220.3 95.54424 14 1.00000
220.4 95.63346 14 1.00000
220.5 95.72256 14 1.00000
220.6 95.81176 14 1.00000
220.7 95.90095 14 1.00000
220.8 95.99007 14 1.00000
220.9 96.07922 14 1.00000
221.0 95.73722 14 1.00000
221.1 95.82648 14 1.00000
221.2 95.91564 14 1.00000
221.3 96.00488 14 1.00000
221.4 96.09406 14 1.00000
221.5 96.18317 14 1.00000
221.6 96.27237 14 1.00000
221.7 96.36136 14 1.00000
221.8 96.45048 14 1.00000
221.9 96.53954 14 1.00000
222.0 96.19820 14 1.00000
222.1 96.28732 14 1.00000
222.2 96.37637 14 1.00000
222.3 96.46547 14 1.00000
222.4 96.55460 14 1.00000
222.5 96.64372 14 1.00000
222.6 96.73287 14 1.00000
222.7 96.82191 14 1.00000
222.8 96.91099 14 1.00000
222.9 96.56983 14 1.00000
223.0 96.65897 14 1.00000
223.1 96.74809 14 1.00000
223.2 96.83720 14 1.00000
223.3 96.92631 14 1.00000
223.4 97.01529 14 1.00000
223.5 97.10436 14 1.00000
223.6 97.19342 14 1.00000
223.7 97.28242 14 1.00000
223.8 97.37144 14 1.00000
223.9 97.03075 14 1.00000
224.0 97.11983 14 1.00000
224.1 97.20892 14 1.00000
224.2 97.29803 14 1.00000
224.3 97.38703 14 1.00000
224.4 97.47607 14 1.00000
224.5 97.56514 14 1.00000
224.6 97.65396 14 1.00000
224.7 97.74296 14 1.00000
224.8 97.40283 14 1.00000
224.9 97.49184 14 1.00000
225.0 97.58080 14 1.00000
225.1 97.66982 14 1.00000
225.2 97.75884 14 1.00000
225.3 97.84785 14 1.00000
225.4 97.93684 14 1.00000
225.5 98.02577 14 1.00000
225.6 98.11479 14 1.00000
225.7 98.20374 14 1.00000
225.8 97.86388 14 1.00000
225.9 97.95284 14 1.00000
226.0 98.04184 14 1.00000
226.1 98.13083 14 1.00000
226.2 98.21966 14 1.00000
226.3 98.30866 14 1.00000
226.4 98.39757 14 1.00000
226.5 98.48655 14 1.00000
226.6 98.57542 14 1.00000
226.7 98.66433 14 1.00000
226.8 98.32491 14 1.00000
226.9 98.41388 14 1.00000
227.0 98.50284 14 1.00000
227.1 98.59183 14 1.00000
227.2 98.68071 14 1.00000
227.3 98.76962 14 1.00000
227.4 98.85838 14 1.00000
227.5 98.94727 14 1.00000
227.6 99.03615 14 1.00000
227.7 98.69730 14 1.00000
227.8 98.78619 14 1.00000
227.9 98.87496 14 1.00000
228.0 98.96387 14 1.00000
228.1 99.05282 14 1.00000
228.2 99.14170 14 1.00000
228.3 99.23058 14 1.00000
228.4 99.31938 14 1.00000
228.5 99.40827 14 1.00000
228.6 99.49706 14 1.00000
228.7 99.15852 14 1.00000
228.8 99.24736 14 1.00000
228.9 99.33628 14 1.00000
229.0 99.42510 14 1.00000
229.1 99.51385 14 1.00000
229.2 99.60269 14 1.00000
229.3 99.69147 14 1.00000
229.4 99.78029 14 1.00000
229.5 99.86909 14 1.00000
229.6 99.95792 14 1.00000
229.7 99.61973 14 1.00000
229.8 99.70857 14 1.00000
229.9 99.79745 14 1.00000
230.0 99.88622 14 1.00000
230.1 99.97508 14 1.00000
230.2 100.06383 14 1.00000
230.3 100.15251 14 1.00000
230.4 100.24128 14 1.00000
230.5 100.33003 14 1.00000
230.6 100.41873 14 1.00000
230.7 100.08118 14 1.00000
230.8 100.16983 14 1.00000
230.9 100.25867 14 1.00000
231.0 100.34740 14 1.00000
231.1 100.43620 14 1.00000
231.2 100.52491 14 1.00000
231.3 100.61369 14 1.00000
231.4 100.70237 14 1.00000
231.5 100.79108 14 1.00000
231.6 100.87963 14 1.00000
231.7 100.54252 14 1.00000
231.8 100.63132 14 1.00000
231.9 100.72007 14 1.00000
232.0 100.80865 14 1.00000
232.1 100.89733 14 1.00000
232.2 100.98603 14 1.00000
232.3 101.07472 14 1.00000
232.4 101.16341 14 1.00000
232.5 101.25208 14 1.00000
232.6 101.34077 14 1.00000
232.7 101.00391 14 1.00000
232.8 101.09267 14 1.00000
232.9 101.18137 14 1.00000
233.0 101.27000 14 1.00000
233.1 101.35868 14 1.00000
233.2 101.44734 14 1.00000
233.3 101.53590 14 1.00000
233.4 101.62453 14 1.00000
233.5 101.71316 14 1.00000
233.6 101.80177 14 1.00000
233.7 101.46553 14 1.00000
233.8 101.55405 14 1.00000
233.9 101.64266 14 1.00000
234.0 101.73135 14 1.00000
234.1 101.81998 14 1.00000
234.2 101.90856 14 1.00000
234.3 101.99722 14 1.00000
234.4 102.08575 14 1.00000
234.5 102.17424 14 1.00000
234.6 102.26281 14 1.00000
234.7 101.92701 14 1.00000
234.8 102.01559 14 1.00000
234.9 102.10419 14 1.00000
235.0 102.19270 14 1.00000
235.1 102.28124 14 1.00000
235.2 102.36982 14 1.00000
235.3 102.45843 14 1.00000
235.4 102.54698 14 1.00000
235.5 102.63547 14 1.00000
235.6 102.72399 14 1.00000
235.7 102.81236 14 1.00000
235.8 102.47706 14 1.00000
235.9 102.56563 14 1.00000
236.0 102.65419 14 1.00000
236.1 102.74274 14 1.00000
236.2 102.83117 14 1.00000
236.3 102.91969 14 1.00000
236.4 103.00815 14 1.00000
236.5 103.09665 14 1.00000
236.6 103.18517 14 1.00000
236.7 103.27364 14 1.00000
236.8 102.93858 14 1.00000
236.9 103.02716 14 1.00000
237.0 103.11568 14 1.00000
237.1 103.20412 14 1.00000
237.2 103.29266 14 1.00000
237.3 103.38110 14 1.00000
237.4 103.46960 14 1.00000
237.5 103.55791 14 1.00000
237.6 103.64635 14 1.00000
237.7 103.73474 14 1.00000
237.8 103.40029 14 1.00000
237.9 103.48864 14 1.00000
238.0 103.57716 14 1.00000
238.1 103.66562 14 1.00000
238.2 103.75406 14 1.00000
238.3 103.84250 14 1.00000
238.4 103.93087 14 1.00000
238.5 104.01933 14 1.00000
238.6 104.10768 14 1.00000
238.7 104.19592 14 1.00000
238.8 104.28429 14 1.00000
238.9 103.95039 14 1.00000
239.0 104.03883 14 1.00000
239.1 104.12720 14 1.00000
239.2 104.21551 14 1.00000
239.3 104.30390 14 1.00000
239.4 104.39223 14 1.00000
239.5 104.48060 14 1.00000
239.6 104.56895 14 1.00000
239.7 104.65730 14 1.00000
239.8 104.74563 14 1.00000
239.9 104.41202 14 1.00000
240.0 104.50035 14 1.00000
240.1 104.58873 14 1.00000
240.2 104.67709 14 1.00000
240.3 104.76549 14 1.00000
240.4 104.85383 14 1.00000
240.5 104.94196 14 1.00000
240.6 105.03028 14 1.00000
240.7 105.11863 14 1.00000
240.8 105.20687 14 1.00000
240.9 105.29520 14 1.00000
241.0 104.96198 14 1.00000
241.1 105.05031 14 1.00000
241.2 105.13863 14 1.00000
241.3 105.22694 14 1.00000
241.4 105.31524 14 1.00000
241.5 105.40357 14 1.00000
241.6 105.49179 14 1.00000
241.7 105.57991 14 1.00000
241.8 105.66821 14 1.00000
241.9 105.75640 14 1.00000
242.0 105.84467 14 1.00000
242.1 105.51208 14 1.00000
242.2 105.60022 14 1.00000
242.3 105.68853 14 1.00000
242.4 105.77679 14 1.00000
242.5 105.86503 14 1.00000
242.6 105.95326 14 1.00000
242.7 106.04144 14 1.00000
242.8 106.12969 14 1.00000
242.9 106.21789 14 1.00000
243.0 106.30588 14 1.00000
243.1 105.97380 14 1.00000
243.2 106.06204 14 1.00000
243.3 106.15027 14 1.00000
243.4 106.23843 14 1.00000
243.5 106.32655 14 1.00000
243.6 106.41473 14 1.00000
243.7 106.50287 14 1.00000
243.8 106.59108 14 1.00000
243.9 106.67918 14 1.00000
244.0 106.76733 14 1.00000
244.1 106.85551 14 1.00000
244.2 106.52373 14 1.00000
244.3 106.61186 14 1.00000
244.4 106.70009 14 1.00000
244.5 106.78820 14 1.00000
244.6 106.87640 14 1.00000
244.7 106.96454 14 1.00000
244.8 107.05247 14 1.00000
244.9 107.14059 14 1.00000
245.0 107.21249 14 1.00000
245.1 107.30056 14 1.00000
245.2 107.38866 14 1.00000
245.3 107.07361 14 1.00000
245.4 107.14537 14 1.00000
245.5 107.23351 14 1.00000
245.6 107.32169 14 1.00000
245.7 107.40981 14 1.00000
245.8 107.49792 14 1.00000
245.9 107.58601 14 1.00000
246.0 107.67410 14 1.00000
246.1 107.76194 14 1.00000
246.2 107.85004 14 1.00000
246.3 107.93805 14 1.00000
246.4 107.60726 14 1.00000
246.5 107.69523 14 1.00000
246.6 107.78328 14 1.00000
246.7 107.87140 14 1.00000
246.8 107.95942 14 1.00000
246.9 108.04748 14 1.00000
247.0 108.13552 14 1.00000
247.1 108.22355 14 1.00000
247.2 108.31157 14 1.00000
247.3 108.39957 14 1.00000
247.4 108.48748 14 1.00000
247.5 108.15714 14 1.00000
247.6 108.24514 14 1.00000
247.7 108.33323 14 1.00000
247.8 108.42111 14 1.00000
247.9 108.50913 14 1.00000
248.0 108.59708 14 1.00000
248.1 108.68513 14 1.00000
248.2 108.77310 14 1.00000
248.3 108.86102 14 1.00000
248.4 108.94903 14 1.00000
248.5 109.03697 14 1.00000
248.6 109.12486 14 1.00000
248.7 108.79491 14 1.00000
248.8 108.88295 14 1.00000
248.9 108.97090 14 1.00000
249.0 109.05885 14 1.00000
249.1 109.14671 14 1.00000
249.2 109.23460 14 1.00000
249.3 109.32253 14 1.00000
249.4 109.41049 14 1.00000
249.5 109.49840 14 1.00000
249.6 109.58629 14 1.00000
249.7 109.67413 14 1.00000
249.8 109.34466 14 1.00000
249.9 109.43259 14 1.00000
250.0 109.52052 14 1.00000
