15.0 1.53002 13
15.1 1.53738 13
15.2 1.54473 13
15.3 1.55208 13
15.4 1.55943 13
15.5 1.56678 13
15.6 1.57412 13
15.7 1.58147 13
15.8 1.58881 13
15.9 1.59614 13
16.0 1.60348 13
16.1 1.61081 13
16.2 1.61815 13
16.3 1.62548 13
16.4 1.63280 13
16.5 1.64013 13
16.6 1.64745 13
16.7 1.65477 13
16.8 1.66209 13
16.9 1.66940 13
17.0 1.67672 13
17.1 1.68403 13
17.2 1.69170 13
17.3 1.70312 13
17.4 1.71462 13
17.5 1.72620 13
17.6 1.73788 13
17.7 1.74964 13
17.8 1.76149 13
17.9 1.77343 13
18.0 1.78546 13
18.1 1.79758 13
18.2 1.80978 13
18.3 1.82208 13
18.4 1.83448 13
18.5 1.84696 13
18.6 1.85954 13
18.7 1.87221 13
18.8 1.88497 13
18.9 1.89783 13
19.0 1.91078 13
19.1 1.92383 13
19.2 1.93698 13
19.3 1.95022 13
19.4 1.96356 13
19.5 1.97700 13
19.6 1.99054 13
19.7 18.94847 14
19.8 19.04529 14
19.9 19.14204 14
20.0 19.23877 14
20.1 19.33547 14
20.2 19.43211 14
20.3 19.52868 14
20.4 19.62534 14
20.5 19.72200 14
20.6 19.81862 14
20.7 19.91514 14
20.8 20.01163 14
20.9 20.10809 14
21.0 20.20453 14
21.1 20.30088 14
21.2 20.39715 14
21.3 20.49340 14
21.4 20.58961 14
21.5 20.68580 14
21.6 20.78189 14
21.7 20.87789 14
21.8 20.97382 14
21.9 21.06968 14
22.0 21.16547 14
22.1 21.26118 14
22.2 5.70040 14
22.3 5.82738 14
22.4 5.95617 14
22.5 6.08680 14
22.6 6.21927 14
22.7 6.35358 14
22.8 6.48974 14
22.9 6.62775 14
23.0 6.76762 14
23.1 6.90936 14
23.2 7.05298 14
23.3 7.19847 14
23.4 7.34585 14
23.5 7.49512 14
23.6 7.64629 14
23.7 7.79936 14
23.8 7.95434 14
23.9 8.11124 14
24.0 8.27007 14
24.1 8.43082 14
24.2 8.59351 14
24.3 8.75814 14
24.4 8.92473 14
24.5 9.09326 14
24.6 9.26377 14
24.7 9.43624 14
24.8 9.61068 14
24.9 9.78711 14
25.0 9.96552 14
25.1 10.14594 14
25.2 10.32835 14
25.3 10.51278 14
25.4 10.69921 14
25.5 10.88768 14
25.6 11.07817 14
25.7 11.27070 14
25.8 11.46527 14
25.9 11.66189 14
26.0 11.86056 14
26.1 12.06130 14
26.2 12.26412 14
26.3 12.46901 14
26.4 12.67598 14
26.5 12.88505 14
26.6 13.09621 14
26.7 13.30948 14
26.8 13.52487 14
26.9 13.74237 14
27.0 13.96200 14
27.1 14.18377 14
27.2 14.40768 14
27.3 14.63374 14
27.4 14.86196 14
27.5 15.09233 14
27.6 15.32488 14
27.7 15.55961 14
27.8 15.79653 14
27.9 16.03563 14
28.0 16.27694 14
28.1 16.52046 14
28.2 16.76619 14
28.3 17.01414 14
28.4 17.26433 14
28.5 17.51675 14
28.6 17.77142 14
28.7 18.02398 14
28.8 18.28305 14
28.9 18.54438 14
29.0 18.80799 14
29.1 19.07388 14
29.2 19.34206 14
29.3 19.61254 14
29.4 19.88532 14
29.5 20.16042 14
29.6 20.43783 14
29.7 20.71758 14
29.8 20.99966 14
29.9 21.28409 14
30.0 21.57087 14
30.1 21.86001 14
30.2 22.15152 14
30.3 22.44470 14
30.4 22.73797 14
30.5 23.03344 14
30.6 23.33111 14
30.7 23.63097 14
30.8 23.93304 14
30.9 24.23729 14
31.0 24.54374 14
31.1 24.84483 14
31.2 25.15614 14
31.3 25.46979 14
31.4 25.78568 14
31.5 26.10380 14
31.6 26.42414 14
31.7 26.74671 14
31.8 27.07151 14
31.9 27.39853 14
32.0 27.72810 14
32.1 28.06055 14
32.2 28.38584 14
32.3 28.72256 14
32.4 28.96443 14
32.5 29.30477 14
32.6 29.64738 14
32.7 29.99241 14
32.8 30.18456 14
32.9 30.53341 14
33.0 30.88502 14
33.1 31.14138 14
33.2 31.21658 14
33.3 31.14125 14
33.4 31.22735 14
33.5 31.31302 14
33.6 31.39847 14
33.7 31.32069 14
33.8 31.40716 14
33.9 31.49355 14
34.0 31.57954 14
34.1 31.50031 14
34.2 31.57446 14
34.3 31.66017 14
34.4 31.74544 14
34.5 31.83056 14
34.6 31.74835 14
34.7 31.83440 14
34.8 31.92021 14
34.9 32.00603 14
35.0 31.92232 14
35.1 32.00776 14
35.2 32.09330 14
35.3 32.16526 14
35.4 32.24996 14
35.5 32.16309 14
35.6 32.24826 14
35.7 32.33374 14
35.8 32.41899 14
35.9 32.50406 14
36.0 32.41538 14
36.1 32.50027 14
36.2 32.58472 14
36.3 32.65528 14
36.4 32.56311 14
36.5 31.13026 14
36.6 28.19126 14
36.7 26.77690 14
36.8 23.86144 14
36.9 22.46409 14
37.0 19.54889 14
37.1 16.61307 14
37.2 15.20663 14
37.3 14.54854 14
37.4 14.56551 14
37.5 14.48136 14
37.6 14.50556 14
37.7 14.41717 14
37.8 14.44598 14
37.9 14.34537 14
38.0 14.37380 14
38.1 14.41107 14
38.2 14.44828 14
38.3 14.48236 14
38.4 14.52319 14
38.5 14.56087 14
38.6 14.59809 14
38.7 14.63524 14
38.8 14.67236 14
38.9 14.71414 14
39.0 14.74763 14
39.1 14.78480 14
39.2 14.82188 14
39.3 14.85894 14
39.4 14.89904 14
39.5 14.94639 14
39.6 14.97121 14
39.7 15.00822 14
39.8 15.04520 14
39.9 15.08431 14
40.0 15.13172 14
40.1 15.17914 14
40.2 15.22657 14
40.3 15.23114 14
40.4 15.26996 14
40.5 15.31743 14
40.6 15.36491 14
40.7 15.41241 14
40.8 15.45992 14
40.9 15.45601 14
41.0 15.50355 14
41.1 15.55109 14
41.2 15.59865 14
41.3 15.64622 14
41.4 15.69381 14
41.5 15.69008 14
41.6 15.73769 14
41.7 15.78532 14
41.8 15.83295 14
41.9 15.88060 14
42.0 16.02907 14
42.1 15.92473 14
42.2 15.97242 14
42.3 16.02011 14
42.4 16.06782 14
42.5 16.21545 14
42.6 16.24970 14
42.7 16.15997 14
42.8 16.20774 14
42.9 16.25551 14
43.0 16.40108 14
43.1 16.43404 14
43.2 16.34800 14
43.3 16.39583 14
43.4 16.54782 14
43.5 16.58566 14
43.6 16.63407 14
43.7 16.65620 14
43.8 16.58442 14
43.9 16.73455 14
44.0 16.76896 14
44.1 16.81398 14
44.2 16.83489 14
44.3 16.87944 14
44.4 16.91906 14
44.5 16.96802 14
44.6 16.99044 14
44.7 16.91508 14
44.8 17.06691 14
44.9 17.10112 14
45.0 17.14545 14
45.1 17.16646 14
45.2 17.21235 14
45.3 17.25025 14
45.4 17.29796 14
45.5 17.31874 14
45.6 17.35546 14
45.7 17.39801 14
45.8 17.44747 14
45.9 17.34233 14
46.0 17.49753 14
46.1 17.54474 14
46.2 17.43737 14
46.3 17.48562 14
46.4 17.63992 14
46.5 17.53275 14
46.6 17.58106 14
46.7 17.58225 14
46.8 17.62849 14
46.9 17.65511 14
47.0 17.69101 14
47.1 17.72825 14
47.2 17.74622 14
47.3 17.59683 14
47.4 17.60836 14
47.5 17.65950 14
47.6 17.70149 14
47.7 17.73740 14
47.8 17.77166 14
47.9 17.80565 14
48.0 17.83990 14
48.1 18.04044 14
48.2 18.07554 14
48.3 18.09583 14
48.4 18.13575 14
48.5 18.18841 14
48.6 18.23688 14
48.7 18.26600 14
48.8 18.29050 14
48.9 18.33242 14
49.0 18.38531 14
49.1 18.42980 14
49.2 18.46664 14
49.3 18.50150 14
49.4 18.53596 14
49.5 18.57007 14
49.6 18.60492 14
49.7 18.65041 14
49.8 18.69917 14
49.9 18.87215 14
50.0 18.90796 14
50.1 18.96304 14
50.2 19.01174 14
50.3 19.04600 14
50.4 19.06773 14
50.5 19.10596 14
50.6 19.16034 14
50.7 19.20808 14
50.8 19.24633 14
50.9 19.28162 14
51.0 19.31630 14
51.1 19.35087 14
51.2 19.38540 14
51.3 19.42537 14
51.4 19.47426 14
51.5 19.52315 14
51.6 19.57205 14
51.7 19.62098 14
51.8 19.78633 14
51.9 19.83353 14
52.0 19.88118 14
52.1 19.90049 14
52.2 19.93058 14
52.3 19.98391 14
52.4 20.03714 14
52.5 20.07859 14
52.6 20.11469 14
52.7 20.14967 14
52.8 20.18440 14
52.9 20.21935 14
53.0 20.25464 14
53.1 20.30018 14
53.2 20.34919 14
53.3 20.39821 14
53.4 20.44723 14
53.5 20.49625 14
53.6 20.54529 14
53.7 20.71379 14
53.8 20.76082 14
53.9 20.79763 14
54.0 20.81396 14
54.1 20.85386 14
54.2 20.91292 14
54.3 20.96271 14
54.4 21.00188 14
54.5 21.03749 14
54.6 21.07272 14
54.7 21.10750 14
54.8 21.14250 14
54.9 21.17845 14
55.0 21.22595 14
55.1 21.27505 14
55.2 21.32417 14
55.3 21.37327 14
55.4 21.42240 14
55.5 21.47152 14
55.6 21.52065 14
55.7 21.56979 14
55.8 21.73072 14
55.9 21.77835 14
56.0 21.78935 14
56.1 21.82828 14
56.2 21.89034 14
56.3 21.94190 14
56.4 21.98155 14
56.5 22.01755 14
56.6 22.05255 14
56.7 22.08762 14
56.8 22.12262 14
56.9 22.15807 14
57.0 22.20240 14
57.1 22.25158 14
57.2 22.30077 14
57.3 22.34995 14
57.4 22.39913 14
57.5 22.44832 14
57.6 22.49751 14
57.7 22.54670 14
57.8 22.59588 14
57.9 22.76459 14
58.0 22.81491 14
58.1 22.82553 14
58.2 22.85715 14
58.3 22.91831 14
58.4 22.97627 14
58.5 23.01975 14
58.6 23.05685 14
58.7 23.09231 14
58.8 23.12741 14
58.9 23.16236 14
59.0 23.19725 14
59.1 23.23302 14
59.2 23.27841 14
59.3 23.32763 14
59.4 23.37685 14
59.5 23.42607 14
59.6 23.47529 14
59.7 23.52451 14
59.8 23.57373 14
59.9 23.62295 14
60.0 23.67217 14
60.1 23.72139 14
60.2 23.89477 14
60.3 23.94524 14
60.4 23.95460 14
60.5 23.98702 14
60.6 24.04899 14
60.7 24.10998 14
60.8 24.15645 14
60.9 24.19472 14
61.0 24.23037 14
61.1 24.26536 14
61.2 24.30017 14
61.3 24.33515 14
61.4 24.36978 14
61.5 24.40623 14
61.6 24.45347 14
61.7 24.50268 14
61.8 24.55190 14
61.9 24.60112 14
62.0 24.65034 14
62.1 24.69955 14
62.2 24.74876 14
62.3 24.79797 14
62.4 24.84718 14
62.5 24.89639 14
62.6 24.94560 14
62.7 25.12212 14
62.8 25.17860 14
62.9 25.18643 14
63.0 25.21661 14
63.1 25.27750 14
63.2 25.34300 14
63.3 25.39464 14
63.4 25.43539 14
63.5 25.47166 14
63.6 25.50788 14
63.7 25.54440 14
63.8 25.58054 14
63.9 25.61663 14
64.0 25.65301 14
64.1 25.68906 14
64.2 25.72509 14
64.3 25.76140 14
64.4 25.79888 14
64.5 25.84133 14
64.6 25.88723 14
64.7 25.93314 14
64.8 25.97906 14
64.9 26.02501 14
65.0 26.07096 14
65.1 26.11692 14
65.2 26.16290 14
65.3 26.20889 14
65.4 26.25490 14
65.5 26.30091 14
65.6 26.34693 14
65.7 26.39298 14
65.8 26.43903 14
65.9 26.48510 14
66.0 26.53118 14
66.1 26.57727 14
66.2 26.62337 14
66.3 26.66948 14
66.4 26.86193 14
66.5 26.91842 14
66.6 26.95143 14
66.7 26.96647 14
66.8 26.98775 14
66.9 27.02291 14
67.0 27.07362 14
67.1 27.13343 14
67.2 27.19294 14
67.3 27.24685 14
67.4 27.29389 14
67.5 27.33584 14
67.6 27.37498 14
67.7 27.41240 14
67.8 27.44938 14
67.9 27.48608 14
68.0 27.52233 14
68.1 27.55878 14
68.2 27.59491 14
68.3 27.63134 14
68.4 27.66743 14
68.5 27.70379 14
68.6 27.73986 14
68.7 27.77766 14
68.8 27.81929 14
68.9 27.86571 14
69.0 27.91215 14
69.1 27.95859 14
69.2 28.00506 14
69.3 28.05154 14
69.4 28.09802 14
69.5 28.14452 14
69.6 28.19104 14
69.7 28.23755 14
69.8 28.28410 14
69.9 28.33065 14
70.0 28.37721 14
70.1 28.42379 14
70.2 28.47038 14
70.3 28.51697 14
70.4 28.56359 14
70.5 28.61022 14
70.6 28.65685 14
70.7 28.70351 14
70.8 28.75018 14
70.9 28.96186 14
71.0 29.01176 14
71.1 29.02710 14
71.2 29.04003 14
71.3 29.06501 14
71.4 29.10671 14
71.5 29.16342 14
71.6 29.22762 14
71.7 29.28963 14
71.8 29.34490 14
71.9 29.39302 14
72.0 29.43570 14
72.1 29.47530 14
72.2 29.51325 14
72.3 29.55039 14
72.4 29.58694 14
72.5 29.62352 14
72.6 29.66001 14
72.7 29.69646 14
72.8 29.73292 14
72.9 29.76905 14
73.0 29.80544 14
73.1 29.84181 14
73.2 29.87817 14
73.3 29.91688 14
73.4 29.95936 14
73.5 30.00634 14
73.6 30.05334 14
73.7 30.10035 14
73.8 30.14737 14
73.9 30.19439 14
74.0 30.24144 14
74.1 30.28850 14
74.2 30.33557 14
74.3 30.38265 14
74.4 30.42975 14
74.5 30.47685 14
74.6 30.52397 14
74.7 30.57111 14
74.8 30.61826 14
74.9 30.66542 14
75.0 30.71259 14
75.1 30.75978 14
75.2 30.80698 14
75.3 30.85418 14
75.4 30.90141 14
75.5 30.94864 14
75.6 30.99589 14
75.7 31.23100 14
75.8 31.24453 14
75.9 31.25314 14
76.0 31.27117 14
76.1 31.30617 14
76.2 31.35943 14
76.3 31.42491 14
76.4 31.49338 14
76.5 31.55624 14
76.6 31.61098 14
76.7 31.65844 14
76.8 31.70088 14
76.9 31.74036 14
77.0 31.77829 14
77.1 31.81545 14
77.2 31.85228 14
77.3 31.88888 14
77.4 31.92539 14
77.5 31.96185 14
77.6 31.99828 14
77.7 32.03473 14
77.8 32.07113 14
77.9 32.10751 14
78.0 32.14387 14
78.1 32.18066 14
78.2 32.22163 14
78.3 32.26635 14
78.4 32.31392 14
78.5 32.36151 14
78.6 32.40911 14
78.7 32.45673 14
78.8 32.50435 14
78.9 32.55199 14
79.0 32.59965 14
79.1 32.64731 14
79.2 32.69499 14
79.3 32.74268 14
79.4 32.79038 14
79.5 32.83810 14
79.6 32.88583 14
79.7 32.93357 14
79.8 32.98133 14
79.9 33.02909 14
80.0 33.07687 14
80.1 33.12467 14
80.2 33.17247 14
80.3 33.22029 14
80.4 33.26812 14
80.5 33.31596 14
80.6 33.36382 14
80.7 33.61459 14
80.8 33.62157 14
80.9 33.62656 14
81.0 33.64058 14
81.1 33.67272 14
81.2 33.72530 14
81.3 33.79310 14
81.4 33.86629 14
81.5 33.93583 14
81.6 33.99689 14
81.7 34.04919 14
81.8 34.09481 14
81.9 34.13617 14
82.0 34.17510 14
82.1 34.21302 14
82.2 34.25013 14
82.3 34.28686 14
82.4 34.32344 14
82.5 34.35993 14
82.6 34.39638 14
82.7 34.43279 14
82.8 34.46924 14
82.9 34.50587 14
83.0 34.54224 14
83.1 34.57860 14
83.2 34.61494 14
83.3 34.65539 14
83.4 34.69721 14
83.5 34.74540 14
83.6 34.79361 14
83.7 34.84184 14
83.8 34.89007 14
83.9 34.93832 14
84.0 34.98658 14
84.1 35.03485 14
84.2 35.08313 14
84.3 35.13144 14
84.4 35.17975 14
84.5 35.22807 14
84.6 35.27641 14
84.7 35.32475 14
84.8 35.37312 14
84.9 35.42150 14
85.0 35.46989 14
85.1 35.51829 14
85.2 35.56670 14
85.3 35.61512 14
85.4 35.66356 14
85.5 35.71203 14
85.6 35.76049 14
85.7 35.80896 14
85.8 35.85745 14
85.9 35.90595 14
86.0 35.95448 14
86.1 36.16364 14
86.2 36.16369 14
86.3 36.17625 14
86.4 36.20957 14
86.5 36.26472 14
86.6 36.33692 14
86.7 36.41583 14
86.8 36.49146 14
86.9 36.55793 14
87.0 36.61484 14
87.1 36.66364 14
87.2 36.70698 14
87.3 36.74705 14
87.4 36.78556 14
87.5 36.82293 14
87.6 36.85988 14
87.7 36.89653 14
87.8 36.93330 14
87.9 36.96976 14
88.0 37.00618 14
88.1 37.04263 14
88.2 37.07924 14
88.3 37.11559 14
88.4 37.15194 14
88.5 37.18827 14
88.6 37.22485 14
88.7 37.26484 14
88.8 37.30683 14
88.9 37.35326 14
89.0 37.40214 14
89.1 37.45101 14
89.2 37.49990 14
89.3 37.54882 14
89.4 37.59774 14
89.5 37.64667 14
89.6 37.69561 14
89.7 37.74458 14
89.8 37.79355 14
89.9 37.84253 14
90.0 37.89154 14
90.1 37.94055 14
90.2 37.98956 14
90.3 38.03860 14
90.4 38.08766 14
90.5 38.13672 14
90.6 38.18579 14
90.7 38.23489 14
90.8 38.28398 14
90.9 38.33309 14
91.0 38.38223 14
91.1 38.43137 14
91.2 38.48052 14
91.3 38.52968 14
91.4 38.57887 14
91.5 38.62806 14
91.6 38.67726 14
91.7 38.87557 14
91.8 38.87232 14
91.9 38.88822 14
92.0 38.93077 14
92.1 38.98642 14
92.2 39.06124 14
92.3 39.14627 14
92.4 39.22843 14
92.5 39.30089 14
92.6 39.36206 14
92.7 39.41408 14
92.8 39.45948 14
92.9 39.50098 14
93.0 39.53998 14
93.1 39.57772 14
93.2 39.61503 14
93.3 39.65184 14
93.4 39.68840 14
93.5 39.72510 14
93.6 39.76151 14
93.7 39.79789 14
93.8 39.83455 14
93.9 39.87088 14
94.0 39.90744 14
94.1 39.94375 14
94.2 39.98005 14
94.3 40.01658 14
94.4 40.05637 14
94.5 40.09892 14
94.6 40.14342 14
94.7 40.19298 14
94.8 40.24258 14
94.9 40.29217 14
95.0 40.34177 14
95.1 40.39141 14
95.2 40.44104 14
95.3 40.49068 14
95.4 40.54035 14
95.5 40.59002 14
95.6 40.63972 14
95.7 40.68942 14
95.8 40.73913 14
95.9 40.78886 14
96.0 40.83860 14
96.1 40.88836 14
96.2 40.93812 14
96.3 40.98790 14
96.4 41.03770 14
96.5 41.08750 14
96.6 41.13731 14
96.7 41.18716 14
96.8 41.23700 14
96.9 41.28686 14
97.0 41.33673 14
97.1 41.38662 14
97.2 41.43652 14
97.3 41.48642 14
97.4 41.53636 14
97.5 41.58629 14
97.6 41.78200 14
97.7 41.82638 14
97.8 41.87243 14
97.9 41.91950 14
98.0 41.96637 14
98.1 42.01268 14
98.2 42.05949 14
98.3 42.10139 14
98.4 42.15484 14
98.5 42.19890 14
98.6 42.24165 14
98.7 42.29613 14
98.8 42.34011 14
98.9 42.38441 14
99.0 42.42493 14
99.1 42.48687 14
99.2 42.53185 14
99.3 42.57745 14
99.4 42.61962 14
99.5 42.67904 14
99.6 42.78110 14
99.7 42.88331 14
99.8 42.98533 14
99.9 43.08745 14
100.0 43.18938 14
100.1 43.29121 14
100.2 43.39320 14
100.3 43.49494 14
100.4 43.59690 14
100.5 43.69856 14
100.6 43.80049 14
100.7 43.90205 14
100.8 44.00384 14
100.9 44.10532 14
101.0 44.20701 14
101.1 44.30841 14
101.2 44.41002 14
101.3 44.51133 14
101.4 44.61259 14
101.5 44.71402 14
101.6 44.81526 14
101.7 44.91665 14
101.8 45.01775 14
101.9 45.11906 14
102.0 45.22007 14
102.1 45.32125 14
102.2 45.42218 14
102.3 45.52332 14
102.4 45.62417 14
102.5 45.72529 14
102.6 45.82605 14
102.7 45.92703 14
102.8 46.02765 14
102.9 46.12861 14
103.0 46.22915 14
103.1 46.33002 14
103.2 46.43048 14
103.3 46.53127 14
103.4 46.63171 14
103.5 46.73231 14
103.6 46.83266 14
103.7 46.93323 14
103.8 47.03357 14
103.9 44.50000 14
104.0 44.50000 14
104.1 44.50000 14
104.2 44.50000 14
104.3 44.50000 14
104.4 44.50000 14
104.5 44.50000 14
104.6 44.50000 14
104.7 44.50000 14
104.8 44.50000 14
104.9 44.50000 14
105.0 44.50000 14
105.1 44.50000 14
105.2 44.50000 14
105.3 44.50000 14
105.4 44.50000 14
105.5 44.50000 14
105.6 44.50000 14
105.7 44.50000 14
105.8 44.50000 14
105.9 44.50000 14
106.0 44.50000 14
106.1 44.50000 14
106.2 44.50000 14
106.3 44.50000 14
106.4 44.50000 14
106.5 44.50000 14
106.6 44.50000 14
106.7 44.50000 14
106.8 44.50000 14
106.9 44.50000 14
107.0 44.50000 14
107.1 44.50000 14
107.2 44.50000 14
107.3 44.50000 14
107.4 44.50000 14
107.5 44.50000 14
107.6 44.50000 14
107.7 44.50000 14
107.8 44.50000 14
107.9 44.50000 14
108.0 44.50000 14
108.1 44.50000 14
108.2 44.50000 14
108.3 44.50000 14
108.4 44.50000 14
108.5 44.50000 14
108.6 44.50000 14
108.7 44.50000 14
108.8 44.50000 14
108.9 44.50000 14
109.0 44.50000 14
109.1 44.50000 14
109.2 44.50000 14
109.3 44.50000 14
109.4 44.50000 14
109.5 44.50000 14
109.6 44.50000 14
109.7 44.50000 14
109.8 44.50000 14
109.9 44.50000 14
110.0 44.50000 14
110.1 44.50000 14
110.2 44.50000 14
110.3 44.50000 14
110.4 44.50000 14
110.5 44.50000 14
110.6 44.50000 14
110.7 44.50000 14
110.8 44.50000 14
110.9 44.50000 14
111.0 44.50000 14
111.1 44.50000 14
111.2 44.50000 14
111.3 44.50000 14
111.4 44.50000 14
111.5 44.50000 14
111.6 44.50000 14
111.7 44.50000 14
111.8 44.50000 14
111.9 44.50000 14
112.0 44.50000 14
112.1 44.50000 14
112.2 44.50000 14
112.3 44.50000 14
112.4 44.50000 14
112.5 44.50000 14
112.6 44.50000 14
112.7 44.50000 14
112.8 44.50000 14
112.9 44.50000 14
113.0 44.50000 14
113.1 44.50000 14
113.2 44.50000 14
113.3 44.50000 14
113.4 44.50000 14
113.5 44.50000 14
113.6 44.50000 14
113.7 44.50000 14
113.8 44.50000 14
113.9 44.50000 14
114.0 44.50000 14
114.1 44.50000 14
114.2 44.50000 14
114.3 44.50000 14
114.4 44.50000 14
114.5 44.50000 14
114.6 44.50000 14
114.7 44.50000 14
114.8 44.50000 14
114.9 44.50000 14
115.0 44.50000 14
115.1 44.50000 14
115.2 44.50000 14
115.3 44.50000 14
115.4 44.50000 14
115.5 44.50000 14
115.6 44.50000 14
115.7 44.50000 14
115.8 44.50000 14
115.9 44.50000 14
116.0 44.50000 14
116.1 44.50000 14
116.2 44.50000 14
116.3 44.50000 14
116.4 44.50000 14
116.5 44.50000 14
116.6 44.50000 14
116.7 44.50000 14
116.8 44.50000 14
116.9 44.50000 14
117.0 44.50000 14
117.1 44.50000 14
117.2 44.50000 14
117.3 44.50000 14
117.4 44.50000 14
117.5 44.50000 14
117.6 44.50000 14
117.7 44.50000 14
117.8 44.50000 14
117.9 44.50000 14
118.0 44.50000 14
118.1 44.50000 14
118.2 44.50000 14
118.3 44.50000 14
118.4 44.50000 14
118.5 44.50000 14
118.6 44.50000 14
118.7 44.50000 14
118.8 44.50000 14
118.9 44.50000 14
119.0 44.50000 14
119.1 44.50000 14
119.2 44.50000 14
119.3 44.50000 14
119.4 44.50000 14
119.5 44.50000 14
119.6 44.50000 14
119.7 44.50000 14
119.8 44.50000 14
119.9 44.50000 14
120.0 44.50000 14
120.1 44.50000 14
120.2 44.50000 14
120.3 44.50000 14
120.4 44.50000 14
120.5 44.50000 14
120.6 44.50000 14
120.7 44.50000 14
120.8 44.50000 14
120.9 44.50000 14
121.0 44.50000 14
121.1 44.50000 14
121.2 44.50000 14
121.3 44.50000 14
121.4 44.50000 14
121.5 44.50000 14
121.6 44.50000 14
121.7 44.50000 14
121.8 44.50000 14
121.9 44.50000 14
122.0 44.50000 14
122.1 44.50000 14
122.2 44.50000 14
122.3 44.50000 14
122.4 44.50000 14
122.5 44.50000 14
122.6 44.50000 14
122.7 44.50000 14
122.8 44.50000 14
122.9 44.50000 14
123.0 44.50000 14
123.1 44.50000 14
123.2 44.50000 14
123.3 44.50000 14
123.4 44.50000 14
123.5 44.50000 14
123.6 44.50000 14
123.7 44.50000 14
123.8 44.50000 14
123.9 44.50000 14
124.0 44.50000 14
124.1 44.50000 14
124.2 44.50000 14
124.3 44.50000 14
124.4 44.50000 14
124.5 44.50000 14
124.6 44.50000 14
124.7 44.50000 14
124.8 44.50000 14
124.9 44.50000 14
125.0 44.50000 14
125.1 44.50000 14
125.2 44.50000 14
125.3 44.50000 14
125.4 44.50000 14
125.5 44.50000 14
125.6 44.50000 14
125.7 44.50000 14
125.8 44.50000 14
125.9 44.50000 14
126.0 44.50000 14
126.1 44.50000 14
126.2 44.50000 14
126.3 44.50000 14
126.4 44.50000 14
126.5 44.50000 14
126.6 44.50000 14
126.7 44.50000 14
126.8 44.50000 14
126.9 44.50000 14
127.0 44.50000 14
127.1 44.50000 14
127.2 44.50000 14
127.3 44.50000 14
127.4 44.50000 14
127.5 44.50000 14
127.6 44.50000 14
127.7 44.50000 14
127.8 44.50000 14
127.9 44.50000 14
128.0 44.50000 14
128.1 44.50000 14
128.2 44.50000 14
128.3 44.50000 14
128.4 44.50000 14
128.5 44.50000 14
128.6 44.50000 14
128.7 44.50000 14
128.8 44.50000 14
128.9 44.50000 14
129.0 44.50000 14
129.1 44.50000 14
129.2 44.50000 14
129.3 44.50000 14
129.4 44.50000 14
129.5 44.50000 14
129.6 44.50000 14
129.7 44.50000 14
129.8 44.50000 14
129.9 44.50000 14
130.0 44.50000 14
130.1 44.50000 14
130.2 44.50000 14
130.3 44.50000 14
130.4 44.50000 14
130.5 44.50000 14
130.6 44.50000 14
130.7 44.50000 14
130.8 44.50000 14
130.9 44.50000 14
131.0 44.50000 14
131.1 44.50000 14
131.2 44.50000 14
131.3 44.50000 14
131.4 44.50000 14
131.5 44.50000 14
131.6 44.50000 14
131.7 44.50000 14
131.8 44.50000 14
131.9 44.50000 14
132.0 44.50000 14
132.1 44.50000 14
132.2 44.50000 14
132.3 44.50000 14
132.4 44.50000 14
132.5 44.50000 14
132.6 44.50000 14
132.7 44.50000 14
132.8 44.50000 14
132.9 44.50000 14
133.0 44.50000 14
133.1 44.50000 14
133.2 44.50000 14
133.3 44.50000 14
133.4 44.50000 14
133.5 44.50000 14
133.6 44.50000 14
133.7 44.50000 14
133.8 44.50000 14
133.9 44.50000 14
134.0 44.50000 14
134.1 44.50000 14
134.2 44.50000 14
134.3 44.50000 14
134.4 44.50000 14
134.5 44.50000 14
134.6 44.50000 14
134.7 44.50000 14
134.8 44.50000 14
134.9 44.50000 14
135.0 44.50000 14
135.1 44.50000 14
135.2 44.50000 14
135.3 44.50000 14
135.4 44.50000 14
135.5 44.50000 14
135.6 44.50000 14
135.7 44.50000 14
135.8 44.50000 14
135.9 44.50000 14
136.0 44.50000 14
136.1 44.50000 14
136.2 44.50000 14
136.3 44.50000 14
136.4 44.50000 14
136.5 44.50000 14
136.6 44.50000 14
136.7 44.50000 14
136.8 44.50000 14
136.9 44.50000 14
137.0 44.50000 14
137.1 44.50000 14
137.2 44.50000 14
137.3 44.50000 14
137.4 44.50000 14
137.5 44.50000 14
137.6 44.50000 14
137.7 44.50000 14
137.8 44.50000 14
137.9 44.50000 14
138.0 44.50000 14
138.1 44.50000 14
138.2 44.50000 14
138.3 44.50000 14
138.4 44.50000 14
138.5 44.50000 14
138.6 44.50000 14
138.7 44.50000 14
138.8 44.50000 14
138.9 44.50000 14
139.0 44.50000 14
139.1 44.50000 14
139.2 44.50000 14
139.3 44.50000 14
139.4 44.50000 14
139.5 44.50000 14
139.6 44.50000 14
139.7 44.50000 14
139.8 44.50000 14
139.9 44.50000 14
140.0 44.50000 14
140.1 44.50000 14
140.2 44.50000 14
140.3 44.50000 14
140.4 44.50000 14
140.5 44.50000 14
140.6 44.50000 14
140.7 44.50000 14
140.8 44.50000 14
140.9 44.50000 14
141.0 44.50000 14
141.1 44.50000 14
141.2 44.50000 14
141.3 44.50000 14
141.4 44.50000 14
141.5 44.50000 14
141.6 44.50000 14
141.7 44.50000 14
141.8 44.50000 14
141.9 44.50000 14
142.0 44.50000 14
142.1 44.50000 14
142.2 44.50000 14
142.3 44.50000 14
142.4 44.50000 14
142.5 44.50000 14
142.6 44.50000 14
142.7 44.50000 14
142.8 44.50000 14
142.9 44.50000 14
143.0 44.50000 14
143.1 44.50000 14
143.2 44.50000 14
143.3 44.50000 14
143.4 44.50000 14
143.5 44.50000 14
143.6 44.50000 14
143.7 44.50000 14
143.8 44.50000 14
143.9 44.50000 14
144.0 44.50000 14
144.1 44.50000 14
144.2 44.50000 14
144.3 44.50000 14
144.4 44.50000 14
144.5 44.50000 14
144.6 44.50000 14
144.7 44.50000 14
144.8 44.50000 14
144.9 44.50000 14
145.0 44.50000 14
145.1 44.50000 14
145.2 44.50000 14
145.3 44.50000 14
145.4 44.50000 14
145.5 44.50000 14
145.6 44.50000 14
145.7 44.50000 14
145.8 44.50000 14
145.9 44.50000 14
146.0 44.50000 14
146.1 44.50000 14
146.2 44.50000 14
146.3 44.50000 14
146.4 44.50000 14
146.5 44.50000 14
146.6 44.50000 14
146.7 44.50000 14
146.8 44.50000 14
146.9 44.50000 14
147.0 44.50000 14
147.1 44.50000 14
147.2 44.50000 14
147.3 44.50000 14
147.4 44.50000 14
147.5 44.50000 14
147.6 44.50000 14
147.7 44.50000 14
147.8 44.50000 14
147.9 44.50000 14
148.0 44.50000 14
148.1 44.50000 14
148.2 44.50000 14
148.3 44.50000 14
148.4 44.50000 14
148.5 44.50000 14
148.6 44.50000 14
148.7 44.50000 14
148.8 44.50000 14
148.9 44.50000 14
149.0 44.50000 14
149.1 44.50000 14
149.2 44.50000 14
149.3 44.50000 14
149.4 44.50000 14
149.5 44.50000 14
149.6 44.50000 14
149.7 44.50000 14
149.8 44.50000 14
149.9 44.50000 14
150.0 44.50000 14
150.1 44.50000 14
150.2 44.50000 14
150.3 44.50000 14
150.4 44.50000 14
150.5 44.50000 14
150.6 44.50000 14
150.7 44.50000 14
150.8 44.50000 14
150.9 44.50000 14
151.0 44.50000 14
151.1 44.50000 14
151.2 44.50000 14
151.3 44.50000 14
151.4 44.50000 14
151.5 44.50000 14
151.6 44.50000 14
151.7 44.50000 14
151.8 44.50000 14
151.9 44.50000 14
152.0 44.50000 14
152.1 44.50000 14
152.2 44.50000 14
152.3 44.50000 14
152.4 44.50000 14
152.5 44.50000 14
152.6 44.50000 14
152.7 44.50000 14
152.8 44.50000 14
152.9 44.50000 14
153.0 44.50000 14
153.1 44.50000 14
153.2 44.50000 14
153.3 44.50000 14
153.4 44.50000 14
153.5 44.50000 14
153.6 44.50000 14
153.7 44.50000 14
153.8 44.50000 14
153.9 44.50000 14
154.0 44.50000 14
154.1 44.50000 14
154.2 44.50000 14
154.3 44.50000 14
154.4 44.50000 14
154.5 44.50000 14
154.6 44.50000 14
154.7 44.50000 14
154.8 44.50000 14
154.9 44.50000 14
155.0 44.50000 14
155.1 44.50000 14
155.2 44.50000 14
155.3 44.50000 14
155.4 44.50000 14
155.5 44.50000 14
155.6 44.50000 14
155.7 44.50000 14
155.8 44.50000 14
155.9 44.50000 14
156.0 44.50000 14
156.1 44.50000 14
156.2 44.50000 14
156.3 44.50000 14
156.4 44.50000 14
156.5 44.50000 14
156.6 44.50000 14
156.7 44.50000 14
156.8 44.50000 14
156.9 44.50000 14
157.0 44.50000 14
157.1 44.50000 14
157.2 44.50000 14
157.3 44.50000 14
157.4 44.50000 14
157.5 44.50000 14
157.6 44.50000 14
157.7 44.50000 14
157.8 44.50000 14
157.9 44.50000 14
158.0 44.50000 14
158.1 44.50000 14
158.2 44.50000 14
158.3 44.50000 14
158.4 44.50000 14
158.5 44.50000 14
158.6 44.50000 14
158.7 44.50000 14
158.8 44.50000 14
158.9 44.50000 14
159.0 44.50000 14
159.1 44.50000 14
159.2 44.50000 14
159.3 44.50000 14
159.4 44.50000 14
159.5 44.50000 14
159.6 44.50000 14
159.7 44.50000 14
159.8 44.50000 14
159.9 44.50000 14
160.0 44.50000 14
160.1 44.50000 14
160.2 44.50000 14
160.3 44.50000 14
160.4 44.50000 14
160.5 44.50000 14
160.6 44.50000 14
160.7 44.50000 14
160.8 44.50000 14
160.9 44.50000 14
161.0 44.50000 14
161.1 44.50000 14
161.2 44.50000 14
161.3 44.50000 14
161.4 44.50000 14
161.5 44.50000 14
161.6 44.50000 14
161.7 44.50000 14
161.8 44.50000 14
161.9 44.50000 14
162.0 44.50000 14
162.1 44.50000 14
162.2 44.50000 14
162.3 44.50000 14
162.4 44.50000 14
162.5 44.50000 14
162.6 44.50000 14
162.7 44.50000 14
162.8 44.50000 14
162.9 44.50000 14
163.0 44.50000 14
163.1 44.50000 14
163.2 44.50000 14
163.3 44.50000 14
163.4 44.50000 14
163.5 44.50000 14
163.6 44.50000 14
163.7 44.50000 14
163.8 44.50000 14
163.9 44.50000 14
164.0 44.50000 14
164.1 44.50000 14
164.2 44.50000 14
164.3 44.50000 14
164.4 44.50000 14
164.5 44.50000 14
164.6 44.50000 14
164.7 44.50000 14
164.8 44.50000 14
164.9 44.50000 14
165.0 44.50000 14
165.1 44.50000 14
165.2 44.50000 14
165.3 44.50000 14
165.4 44.50000 14
165.5 44.50000 14
165.6 44.50000 14
165.7 44.50000 14
165.8 44.50000 14
165.9 44.50000 14
166.0 44.50000 14
166.1 44.50000 14
166.2 44.50000 14
166.3 44.50000 14
166.4 44.50000 14
166.5 44.50000 14
166.6 44.50000 14
166.7 44.50000 14
166.8 44.50000 14
166.9 44.50000 14
167.0 44.50000 14
167.1 44.50000 14
167.2 44.50000 14
167.3 44.50000 14
167.4 44.50000 14
167.5 44.50000 14
167.6 44.50000 14
167.7 44.50000 14
167.8 44.50000 14
167.9 44.50000 14
168.0 44.50000 14
168.1 44.50000 14
168.2 44.50000 14
168.3 44.50000 14
168.4 44.50000 14
168.5 44.50000 14
168.6 44.50000 14
168.7 44.50000 14
168.8 44.50000 14
168.9 44.50000 14
169.0 44.50000 14
169.1 44.50000 14
169.2 44.50000 14
169.3 44.50000 14
169.4 44.50000 14
169.5 44.50000 14
169.6 44.50000 14
169.7 44.50000 14
169.8 44.50000 14
169.9 44.50000 14
170.0 44.50000 14
170.1 44.50000 14
170.2 44.50000 14
170.3 44.50000 14
170.4 0.00000 15
170.5 0.00000 15
170.6 44.50000 14
170.7 44.50000 14
170.8 44.50000 14
170.9 0.00000 15
171.0 0.00000 15
171.1 0.00000 15
171.2 44.50000 14
171.3 44.50000 14
171.4 0.00000 15
171.5 0.00000 15
171.6 0.00000 15
171.7 0.00000 15
171.8 0.00000 15
171.9 0.00000 15
172.0 0.00000 15
172.1 0.00000 15
172.2 0.00000 15
172.3 0.00000 15
172.4 0.00000 15
172.5 0.00000 15
172.6 0.00000 15
172.7 0.00000 15
172.8 0.00000 15
172.9 0.00000 15
173.0 0.00000 15
173.1 0.00000 15
173.2 0.00000 15
173.3 0.00000 15
173.4 0.00000 15
173.5 0.00000 15
173.6 0.00000 15
173.7 0.00000 15
173.8 0.00000 15
173.9 0.00000 15
174.0 0.00000 15
174.1 0.00000 15
174.2 0.00000 15
174.3 0.00000 15
174.4 0.00000 15
174.5 0.00000 15
174.6 0.00000 15
174.7 0.00000 15
174.8 0.00000 15
174.9 0.00000 15
175.0 0.00000 15
175.1 0.00000 15
175.2 0.00000 15
175.3 0.00000 15
175.4 0.00000 15
175.5 0.00000 15
175.6 0.00000 15
175.7 0.00000 15
175.8 0.00000 15
175.9 0.00000 15
176.0 0.00000 15
176.1 0.00000 15
176.2 0.00000 15
176.3 0.00000 15
176.4 0.00000 15
176.5 0.00000 15
176.6 0.00000 15
176.7 0.00000 15
176.8 0.00000 15
176.9 0.00000 15
177.0 0.00000 15
177.1 0.00000 15
177.2 0.00000 15
177.3 0.00000 15
177.4 0.00000 15
177.5 0.00000 15
177.6 0.00000 15
177.7 0.00000 15
177.8 0.00000 15
177.9 0.00000 15
178.0 0.00000 15
178.1 0.00000 15
178.2 0.00000 15
178.3 0.00000 15
178.4 0.00000 15
178.5 0.00000 15
178.6 0.00000 15
178.7 0.00000 15
178.8 0.00000 15
178.9 0.00000 15
179.0 0.00000 15
179.1 0.00000 15
179.2 0.00000 15
179.3 0.00000 15
179.4 0.00000 15
179.5 0.00000 15
179.6 0.00000 15
179.7 0.00000 15
179.8 0.00000 15
179.9 0.00000 15
180.0 0.00000 15
180.1 0.00000 15
180.2 0.00000 15
180.3 0.00000 15
180.4 0.00000 15
180.5 0.00000 15
180.6 0.00000 15
180.7 0.00000 15
180.8 0.00000 15
180.9 0.00000 15
181.0 0.00000 15
181.1 0.00000 15
181.2 0.00000 15
181.3 0.00000 15
181.4 0.00000 15
181.5 0.00000 15
181.6 0.00000 15
181.7 0.00000 15
181.8 0.00000 15
181.9 0.00000 15
182.0 0.00000 15
182.1 0.00000 15
182.2 0.00000 15
182.3 0.00000 15
182.4 0.00000 15
182.5 0.00000 15
182.6 0.00000 15
182.7 0.00000 15
182.8 0.00000 15
182.9 0.00000 15
183.0 0.00000 15
183.1 0.00000 15
183.2 0.00000 15
183.3 0.00000 15
183.4 0.00000 15
183.5 0.00000 15
183.6 0.00000 15
183.7 0.00000 15
183.8 0.00000 15
183.9 0.00000 15
184.0 0.00000 15
184.1 0.00000 15
184.2 0.00000 15
184.3 0.00000 15
184.4 0.00000 15
184.5 0.00000 15
184.6 0.00000 15
184.7 0.00000 15
184.8 0.00000 15
184.9 0.00000 15
185.0 0.00000 15
185.1 0.00000 15
185.2 0.00000 15
185.3 0.00000 15
185.4 0.00000 15
185.5 0.00000 15
185.6 0.00000 15
185.7 0.00000 15
185.8 0.00000 15
185.9 0.00000 15
186.0 0.00000 15
186.1 0.00000 15
186.2 0.00000 15
186.3 0.00000 15
186.4 0.00000 15
186.5 0.00000 15
186.6 0.00000 15
186.7 0.00000 15
186.8 0.00000 15
186.9 0.00000 15
187.0 0.00000 15
187.1 0.00000 15
187.2 0.00000 15
187.3 0.00000 15
187.4 0.00000 15
187.5 0.00000 15
187.6 0.00000 15
187.7 0.00000 15
187.8 0.00000 15
187.9 0.00000 15
188.0 0.00000 15
188.1 0.00000 15
188.2 0.00000 15
188.3 0.00000 15
188.4 0.00000 15
188.5 0.00000 15
188.6 0.00000 15
188.7 0.00000 15
188.8 0.00000 15
188.9 0.00000 15
189.0 0.00000 15
189.1 0.00000 15
189.2 0.00000 15
189.3 0.00000 15
189.4 0.00000 15
189.5 0.00000 15
189.6 0.00000 15
189.7 0.00000 15
189.8 0.00000 15
189.9 0.00000 15
190.0 0.00000 15
190.1 0.00000 15
190.2 0.00000 15
190.3 0.00000 15
190.4 0.00000 15
190.5 0.00000 15
190.6 0.00000 15
190.7 0.00000 15
190.8 0.00000 15
190.9 0.00000 15
191.0 0.00000 15
191.1 0.00000 15
191.2 0.00000 15
191.3 0.00000 15
191.4 0.00000 15
191.5 0.00000 15
191.6 0.00000 15
191.7 0.00000 15
191.8 0.00000 15
191.9 0.00000 15
192.0 0.00000 15
192.1 0.00000 15
192.2 0.00000 15
192.3 0.00000 15
192.4 0.00000 15
192.5 0.00000 15
192.6 0.00000 15
192.7 0.00000 15
192.8 0.00000 15
192.9 0.00000 15
193.0 0.00000 15
193.1 0.00000 15
193.2 0.00000 15
193.3 0.00000 15
193.4 0.00000 15
193.5 0.00000 15
193.6 0.00000 15
193.7 0.00000 15
193.8 0.00000 15
193.9 0.00000 15
194.0 0.00000 15
194.1 0.00000 15
194.2 0.00000 15
194.3 0.00000 15
194.4 0.00000 15
194.5 0.00000 15
194.6 0.00000 15
194.7 0.00000 15
194.8 0.00000 15
194.9 0.00000 15
195.0 0.00000 15
195.1 0.00000 15
195.2 0.00000 15
195.3 0.00000 15
195.4 0.00000 15
195.5 0.00000 15
195.6 0.00000 15
195.7 0.00000 15
195.8 0.00000 15
195.9 0.00000 15
196.0 0.00000 15
196.1 0.00000 15
196.2 0.00000 15
196.3 0.00000 15
196.4 0.00000 15
196.5 0.00000 15
196.6 0.00000 15
196.7 0.00000 15
196.8 0.00000 15
196.9 0.00000 15
197.0 0.00000 15
197.1 0.00000 15
197.2 0.00000 15
197.3 0.00000 15
197.4 0.00000 15
197.5 0.00000 15
197.6 0.00000 15
197.7 0.00000 15
197.8 0.00000 15
197.9 0.00000 15
198.0 0.00000 15
198.1 0.00000 15
198.2 0.00000 15
198.3 0.00000 15
198.4 0.00000 15
198.5 0.00000 15
198.6 0.00000 15
198.7 0.00000 15
198.8 0.00000 15
198.9 0.00000 15
199.0 0.00000 15
199.1 0.00000 15
199.2 0.00000 15
199.3 0.00000 15
199.4 0.00000 15
199.5 0.00000 15
199.6 0.00000 15
199.7 0.00000 15
199.8 0.00000 15
199.9 0.00000 15
200.0 0.00000 15
200.1 0.00000 15
200.2 0.00000 15
200.3 0.00000 15
200.4 0.00000 15
200.5 0.00000 15
200.6 0.00000 15
200.7 0.00000 15
200.8 0.00000 15
200.9 0.00000 15
201.0 0.00000 15
201.1 0.00000 15
201.2 0.00000 15
201.3 0.00000 15
201.4 0.00000 15
201.5 0.00000 15
201.6 0.00000 15
201.7 0.00000 15
201.8 0.00000 15
201.9 0.00000 15
202.0 0.00000 15
202.1 0.00000 15
202.2 0.00000 15
202.3 0.00000 15
202.4 0.00000 15
202.5 0.00000 15
202.6 0.00000 15
202.7 0.00000 15
202.8 0.00000 15
202.9 0.00000 15
203.0 0.00000 15
203.1 0.00000 15
203.2 0.00000 15
203.3 0.00000 15
203.4 0.00000 15
203.5 0.00000 15
203.6 0.00000 15
203.7 0.00000 15
203.8 0.00000 15
203.9 0.00000 15
204.0 0.00000 15
204.1 0.00000 15
204.2 0.00000 15
204.3 0.00000 15
204.4 0.00000 15
204.5 0.00000 15
204.6 0.00000 15
204.7 0.00000 15
204.8 0.00000 15
204.9 0.00000 15
205.0 0.00000 15
205.1 0.00000 15
205.2 0.00000 15
205.3 0.00000 15
205.4 0.00000 15
205.5 0.00000 15
205.6 0.00000 15
205.7 0.00000 15
205.8 0.00000 15
205.9 0.00000 15
206.0 0.00000 15
206.1 0.00000 15
206.2 0.00000 15
206.3 0.00000 15
206.4 0.00000 15
206.5 0.00000 15
206.6 0.00000 15
206.7 0.00000 15
206.8 0.00000 15
206.9 0.00000 15
207.0 0.00000 15
207.1 0.00000 15
207.2 0.00000 15
207.3 0.00000 15
207.4 0.00000 15
207.5 0.00000 15
207.6 0.00000 15
207.7 0.00000 15
207.8 0.00000 15
207.9 0.00000 15
208.0 0.00000 15
208.1 0.00000 15
208.2 0.00000 15
208.3 0.00000 15
208.4 0.00000 15
208.5 0.00000 15
208.6 0.00000 15
208.7 0.00000 15
208.8 0.00000 15
208.9 0.00000 15
209.0 0.00000 15
209.1 0.00000 15
209.2 0.00000 15
209.3 0.00000 15
209.4 0.00000 15
209.5 0.00000 15
209.6 0.00000 15
209.7 0.00000 15
209.8 0.00000 15
209.9 0.00000 15
210.0 0.00000 15
210.1 0.00000 15
210.2 0.00000 15
210.3 0.00000 15
210.4 0.00000 15
210.5 0.00000 15
210.6 0.00000 15
210.7 0.00000 15
210.8 0.00000 15
210.9 0.00000 15
211.0 0.00000 15
211.1 0.00000 15
211.2 0.00000 15
211.3 0.00000 15
211.4 0.00000 15
211.5 0.00000 15
211.6 0.00000 15
211.7 0.00000 15
211.8 0.00000 15
211.9 0.00000 15
212.0 0.00000 15
212.1 0.00000 15
212.2 0.00000 15
212.3 0.00000 15
212.4 0.00000 15
212.5 0.00000 15
212.6 0.00000 15
212.7 0.00000 15
212.8 0.00000 15
212.9 0.00000 15
213.0 0.00000 15
213.1 0.00000 15
213.2 0.00000 15
213.3 0.00000 15
213.4 0.00000 15
213.5 0.00000 15
213.6 0.00000 15
213.7 0.00000 15
213.8 0.00000 15
213.9 0.00000 15
214.0 0.00000 15
214.1 0.00000 15
214.2 0.00000 15
214.3 0.00000 15
214.4 0.00000 15
214.5 0.00000 15
214.6 0.00000 15
214.7 0.00000 15
214.8 0.00000 15
214.9 0.00000 15
215.0 0.00000 15
215.1 0.00000 15
215.2 0.00000 15
215.3 0.00000 15
215.4 0.00000 15
215.5 0.00000 15
215.6 0.00000 15
215.7 0.00000 15
215.8 0.00000 15
215.9 0.00000 15
216.0 0.00000 15
216.1 0.00000 15
216.2 0.00000 15
216.3 0.00000 15
216.4 0.00000 15
216.5 0.00000 15
216.6 0.00000 15
216.7 0.00000 15
216.8 0.00000 15
216.9 0.00000 15
217.0 0.00000 15
217.1 0.00000 15
217.2 0.00000 15
217.3 0.00000 15
217.4 0.00000 15
217.5 0.00000 15
217.6 0.00000 15
217.7 0.00000 15
217.8 0.00000 15
217.9 0.00000 15
218.0 0.00000 15
218.1 0.00000 15
218.2 0.00000 15
218.3 0.00000 15
218.4 0.00000 15
218.5 0.00000 15
218.6 0.00000 15
218.7 0.00000 15
218.8 0.00000 15
218.9 0.00000 15
219.0 0.00000 15
219.1 0.00000 15
219.2 0.00000 15
219.3 0.00000 15
219.4 0.00000 15
219.5 0.00000 15
219.6 0.00000 15
219.7 0.00000 15
219.8 0.00000 15
219.9 0.00000 15
220.0 0.00000 15
220.1 0.00000 15
220.2 0.00000 15
220.3 0.00000 15
220.4 0.00000 15
220.5 0.00000 15
220.6 0.00000 15
220.7 0.00000 15
220.8 0.00000 15
220.9 0.00000 15
221.0 0.00000 15
221.1 0.00000 15
221.2 0.00000 15
221.3 0.00000 15
221.4 0.00000 15
221.5 0.00000 15
221.6 0.00000 15
221.7 0.00000 15
221.8 0.00000 15
221.9 0.00000 15
222.0 0.00000 15
222.1 0.00000 15
222.2 0.00000 15
222.3 0.00000 15
222.4 0.00000 15
222.5 0.00000 15
222.6 0.00000 15
222.7 0.00000 15
222.8 0.00000 15
222.9 0.00000 15
223.0 0.00000 15
223.1 0.00000 15
223.2 0.00000 15
223.3 0.00000 15
223.4 0.00000 15
223.5 0.00000 15
223.6 0.00000 15
223.7 0.00000 15
223.8 0.00000 15
223.9 0.00000 15
224.0 0.00000 15
224.1 0.00000 15
224.2 0.00000 15
224.3 0.00000 15
224.4 0.00000 15
224.5 0.00000 15
224.6 0.00000 15
224.7 0.00000 15
224.8 0.00000 15
224.9 0.00000 15
225.0 0.00000 15
225.1 0.00000 15
225.2 0.00000 15
225.3 0.00000 15
225.4 0.00000 15
225.5 0.00000 15
225.6 0.00000 15
225.7 0.00000 15
225.8 0.00000 15
225.9 0.00000 15
226.0 0.00000 15
226.1 0.00000 15
226.2 0.00000 15
226.3 0.00000 15
226.4 0.00000 15
226.5 0.00000 15
226.6 0.00000 15
226.7 0.00000 15
226.8 0.00000 15
226.9 0.00000 15
227.0 0.00000 15
227.1 0.00000 15
227.2 0.00000 15
227.3 0.00000 15
227.4 0.00000 15
227.5 0.00000 15
227.6 0.00000 15
227.7 0.00000 15
227.8 0.00000 15
227.9 0.00000 15
228.0 0.00000 15
228.1 0.00000 15
228.2 0.00000 15
228.3 0.00000 15
228.4 0.00000 15
228.5 0.00000 15
228.6 0.00000 15
228.7 0.00000 15
228.8 0.00000 15
228.9 0.00000 15
229.0 0.00000 15
229.1 0.00000 15
229.2 0.00000 15
229.3 0.00000 15
229.4 0.00000 15
229.5 0.00000 15
229.6 0.00000 15
229.7 0.00000 15
229.8 0.00000 15
229.9 0.00000 15
230.0 0.00000 15
230.1 0.00000 15
230.2 0.00000 15
230.3 0.00000 15
230.4 0.00000 15
230.5 0.00000 15
230.6 0.00000 15
230.7 0.00000 15
230.8 0.00000 15
230.9 0.00000 15
231.0 0.00000 15
231.1 0.00000 15
231.2 0.00000 15
231.3 0.00000 15
231.4 0.00000 15
231.5 0.00000 15
231.6 0.00000 15
231.7 0.00000 15
231.8 0.00000 15
231.9 0.00000 15
232.0 0.00000 15
232.1 0.00000 15
232.2 0.00000 15
232.3 0.00000 15
232.4 0.00000 15
232.5 0.00000 15
232.6 0.00000 15
232.7 0.00000 15
232.8 0.00000 15
232.9 0.00000 15
233.0 0.00000 15
233.1 0.00000 15
233.2 0.00000 15
233.3 0.00000 15
233.4 0.00000 15
233.5 0.00000 15
233.6 0.00000 15
233.7 0.00000 15
233.8 0.00000 15
233.9 0.00000 15
234.0 0.00000 15
234.1 0.00000 15
234.2 0.00000 15
234.3 0.00000 15
234.4 0.00000 15
234.5 0.00000 15
234.6 0.00000 15
234.7 0.00000 15
234.8 0.00000 15
234.9 0.00000 15
235.0 0.00000 15
235.1 0.00000 15
235.2 0.00000 15
235.3 0.00000 15
235.4 0.00000 15
235.5 0.00000 15
235.6 0.00000 15
235.7 0.00000 15
235.8 0.00000 15
235.9 0.00000 15
236.0 0.00000 15
236.1 0.00000 15
236.2 0.00000 15
236.3 0.00000 15
236.4 0.00000 15
236.5 0.00000 15
236.6 0.00000 15
236.7 0.00000 15
236.8 0.00000 15
236.9 0.00000 15
237.0 0.00000 15
237.1 0.00000 15
237.2 0.00000 15
237.3 0.00000 15
237.4 0.00000 15
237.5 0.00000 15
237.6 0.00000 15
237.7 0.00000 15
237.8 0.00000 15
237.9 0.00000 15
238.0 0.00000 15
238.1 0.00000 15
238.2 0.00000 15
238.3 0.00000 15
238.4 0.00000 15
238.5 0.00000 15
238.6 0.00000 15
238.7 0.00000 15
238.8 0.00000 15
238.9 0.00000 15
239.0 0.00000 15
239.1 0.00000 15
239.2 0.00000 15
239.3 0.00000 15
239.4 0.00000 15
239.5 0.00000 15
239.6 0.00000 15
239.7 0.00000 15
239.8 0.00000 15
239.9 0.00000 15
240.0 0.00000 15
240.1 0.00000 15
240.2 0.00000 15
240.3 0.00000 15
240.4 0.00000 15
240.5 0.00000 15
240.6 0.00000 15
240.7 0.00000 15
240.8 0.00000 15
240.9 0.00000 15
241.0 0.00000 15
241.1 0.00000 15
241.2 0.00000 15
241.3 0.00000 15
241.4 0.00000 15
241.5 0.00000 15
241.6 0.00000 15
241.7 0.00000 15
241.8 0.00000 15
241.9 0.00000 15
242.0 0.00000 15
242.1 0.00000 15
242.2 0.00000 15
242.3 0.00000 15
242.4 0.00000 15
242.5 0.00000 15
242.6 0.00000 15
242.7 0.00000 15
242.8 0.00000 15
242.9 0.00000 15
243.0 0.00000 15
243.1 0.00000 15
243.2 0.00000 15
243.3 0.00000 15
243.4 0.00000 15
243.5 0.00000 15
243.6 0.00000 15
243.7 0.00000 15
243.8 0.00000 15
243.9 0.00000 15
244.0 0.00000 15
244.1 0.00000 15
244.2 0.00000 15
244.3 0.00000 15
244.4 0.00000 15
244.5 0.00000 15
244.6 0.00000 15
244.7 0.00000 15
244.8 0.00000 15
244.9 0.00000 15
245.0 0.00000 15
245.1 0.00000 15
245.2 0.00000 15
245.3 0.00000 15
245.4 0.00000 15
245.5 0.00000 15
245.6 0.00000 15
245.7 0.00000 15
245.8 0.00000 15
245.9 0.00000 15
246.0 0.00000 15
246.1 0.00000 15
246.2 0.00000 15
246.3 0.00000 15
246.4 0.00000 15
246.5 0.00000 15
246.6 0.00000 15
246.7 0.00000 15
246.8 0.00000 15
246.9 0.00000 15
247.0 0.00000 15
247.1 0.00000 15
247.2 0.00000 15
247.3 0.00000 15
247.4 0.00000 15
247.5 0.00000 15
247.6 0.00000 15
247.7 0.00000 15
247.8 0.00000 15
247.9 0.00000 15
248.0 0.00000 15
248.1 0.00000 15
248.2 0.00000 15
248.3 0.00000 15
248.4 0.00000 15
248.5 0.00000 15
248.6 0.00000 15
248.7 0.00000 15
248.8 0.00000 15
248.9 0.00000 15
249.0 0.00000 15
249.1 0.00000 15
249.2 0.00000 15
249.3 0.00000 15
249.4 0.00000 15
249.5 0.00000 15
249.6 0.00000 15
249.7 0.00000 15
249.8 0.00000 15
249.9 0.00000 15
250.0 0.00000 15
