15.0 1.52965 13
15.1 1.53700 13
15.2 1.54435 13
15.3 1.55170 13
15.4 1.55905 13
15.5 1.56639 13
15.6 1.57373 13
15.7 1.58107 13
15.8 1.58841 13
15.9 1.59575 13
16.0 1.60308 13
16.1 1.61041 13
16.2 1.61774 13
16.3 1.62507 13
16.4 1.63239 13
16.5 1.63971 13
16.6 1.64703 13
16.7 1.65435 13
16.8 1.66167 13
16.9 1.66898 13
17.0 1.67629 13
17.1 1.68360 13
17.2 1.69274 13
17.3 1.70417 13
17.4 1.71568 13
17.5 1.72729 13
17.6 1.73898 13
17.7 1.75076 13
17.8 1.76263 13
17.9 1.77459 13
18.0 1.78663 13
18.1 1.79877 13
18.2 1.81100 13
18.3 1.82332 13
18.4 1.83573 13
18.5 1.84823 13
18.6 1.86083 13
18.7 1.87352 13
18.8 1.88630 13
18.9 1.89918 13
19.0 1.91216 13
19.1 1.92523 13
19.2 1.93840 13
19.3 1.95166 13
19.4 1.96502 13
19.5 1.97848 13
19.6 1.99204 13
19.7 18.95471 14
19.8 19.05164 14
19.9 19.14854 14
20.0 19.24542 14
20.1 19.34222 14
20.2 19.43898 14
20.3 19.53571 14
20.4 19.63256 14
20.5 19.72932 14
20.6 19.82605 14
20.7 19.92275 14
20.8 20.01942 14
20.9 20.11603 14
21.0 20.21256 14
21.1 20.30907 14
21.2 20.40555 14
21.3 20.50201 14
21.4 20.59836 14
21.5 20.69465 14
21.6 20.79092 14
21.7 20.88716 14
21.8 20.98337 14
21.9 21.07947 14
22.0 21.17549 14
22.1 21.27144 14
22.2 5.71671 14
22.3 5.84408 14
22.4 5.97329 14
22.5 6.10433 14
22.6 6.23721 14
22.7 6.37195 14
22.8 6.50853 14
22.9 6.64698 14
23.0 6.78730 14
23.1 6.92949 14
23.2 7.07356 14
23.3 7.21951 14
23.4 7.36736 14
23.5 7.51711 14
23.6 7.66876 14
23.7 7.82232 14
23.8 7.97780 14
23.9 8.13520 14
24.0 8.29454 14
24.1 8.45581 14
24.2 8.61902 14
24.3 8.78419 14
24.4 8.95131 14
24.5 9.12039 14
24.6 9.29145 14
24.7 9.46448 14
24.8 9.63949 14
24.9 9.81649 14
25.0 9.99549 14
25.1 10.17650 14
25.2 10.35951 14
25.3 10.54454 14
25.4 10.73159 14
25.5 10.92068 14
25.6 11.11180 14
25.7 11.30496 14
25.8 11.50018 14
25.9 11.69746 14
26.0 11.89680 14
26.1 12.09821 14
26.2 12.30170 14
26.3 12.50728 14
26.4 12.71495 14
26.5 12.92472 14
26.6 13.13660 14
26.7 13.35060 14
26.8 13.56671 14
26.9 13.78496 14
27.0 14.00534 14
27.1 14.22786 14
27.2 14.45254 14
27.3 14.67938 14
27.4 14.90838 14
27.5 15.13955 14
27.6 15.37291 14
27.7 15.60845 14
27.8 15.84619 14
27.9 16.08613 14
28.0 16.32828 14
28.1 16.57265 14
28.2 16.81924 14
28.3 17.06807 14
28.4 17.31914 14
28.5 17.57246 14
28.6 17.82803 14
28.7 18.08587 14
28.8 18.34598 14
28.9 18.60837 14
29.0 18.87304 14
29.1 19.14001 14
29.2 19.40928 14
29.3 19.68087 14
29.4 19.95477 14
29.5 20.23099 14
29.6 20.50956 14
29.7 20.79046 14
29.8 21.07371 14
29.9 21.35933 14
30.0 21.64143 14
30.1 21.93165 14
30.2 22.22424 14
30.3 22.51922 14
30.4 22.81659 14
30.5 23.11637 14
30.6 23.41857 14
30.7 23.72318 14
30.8 24.03023 14
30.9 24.33748 14
31.0 24.64612 14
31.1 24.95702 14
31.2 25.27016 14
31.3 25.58555 14
31.4 25.90319 14
31.5 26.22308 14
31.6 26.54521 14
31.7 26.86978 14
31.8 27.18868 14
31.9 27.51822 14
32.0 27.85006 14
32.1 28.18417 14
32.2 28.52057 14
32.3 28.85926 14
32.4 29.10257 14
32.5 29.44482 14
32.6 29.79020 14
32.7 30.13815 14
32.8 30.32235 14
32.9 30.67340 14
33.0 31.02686 14
33.1 31.20739 14
33.2 31.13195 14
33.3 31.21870 14
33.4 31.30526 14
33.5 31.39236 14
33.6 31.47949 14
33.7 31.40302 14
33.8 31.47866 14
33.9 31.56534 14
34.0 31.65190 14
34.1 31.57241 14
34.2 31.65880 14
34.3 31.74491 14
34.4 31.83192 14
34.5 31.91866 14
34.6 31.83793 14
34.7 31.92450 14
34.8 32.01101 14
34.9 32.08506 14
35.0 32.00102 14
35.1 32.08713 14
35.2 32.17278 14
35.3 32.25910 14
35.4 32.34558 14
35.5 32.25995 14
35.6 32.34624 14
35.7 32.43237 14
35.8 32.51807 14
35.9 32.41654 14
36.0 32.50186 14
36.1 32.58698 14
36.2 32.67256 14
36.3 32.75837 14
36.4 32.66796 14
36.5 29.71738 14
36.6 28.29567 14
36.7 25.36898 14
36.8 23.96438 14
36.9 21.04458 14
37.0 19.62286 14
37.1 16.68063 14
37.2 14.57070 14
37.3 14.55959 14
37.4 14.46312 14
37.5 14.49851 14
37.6 14.40736 14
37.7 14.43297 14
37.8 14.35167 14
37.9 14.34743 14
38.0 14.38305 14
38.1 14.42052 14
38.2 14.45783 14
38.3 14.49510 14
38.4 14.53280 14
38.5 14.57934 14
38.6 14.62659 14
38.7 14.64515 14
38.8 14.68236 14
38.9 14.71978 14
39.0 14.76441 14
39.1 14.81172 14
39.2 14.85905 14
39.3 14.86932 14
39.4 14.90652 14
39.5 14.94985 14
39.6 14.99722 14
39.7 15.04462 14
39.8 15.09202 14
39.9 15.13945 14
40.0 15.13567 14
40.1 15.18311 14
40.2 15.23056 14
40.3 15.27803 14
40.4 15.32551 14
40.5 15.37301 14
40.6 15.36939 14
40.7 15.41691 14
40.8 15.46444 14
40.9 15.51199 14
41.0 15.55954 14
41.1 15.70436 14
41.2 15.60368 14
41.3 15.65128 14
41.4 15.69888 14
41.5 15.74651 14
41.6 15.89156 14
41.7 15.92584 14
41.8 15.83855 14
41.9 15.88622 14
42.0 15.93390 14
42.1 16.07832 14
42.2 16.11197 14
42.3 16.15474 14
42.4 16.07401 14
42.5 16.22496 14
42.6 16.26448 14
42.7 16.29725 14
42.8 16.33761 14
42.9 16.36346 14
43.0 16.41298 14
43.1 16.44979 14
43.2 16.49662 14
43.3 16.51894 14
43.4 16.55042 14
43.5 16.59976 14
43.6 16.63404 14
43.7 16.67757 14
43.8 16.70000 14
43.9 16.74002 14
44.0 16.78490 14
44.1 16.83296 14
44.2 16.85590 14
44.3 16.88364 14
44.4 16.93276 14
44.5 16.96808 14
44.6 17.01186 14
44.7 17.03393 14
44.8 17.07300 14
44.9 17.12667 14
45.0 17.16525 14
45.1 17.18725 14
45.2 17.21702 14
45.3 17.26776 14
45.4 17.31524 14
45.5 17.34045 14
45.6 17.36465 14
45.7 17.40929 14
45.8 17.44833 14
45.9 17.49219 14
46.0 17.51405 14
46.1 17.55863 14
46.2 17.59639 14
46.3 17.64222 14
46.4 17.54559 14
46.5 17.70377 14
46.6 17.74368 14
46.7 17.64169 14
46.8 17.79439 14
46.9 17.68975 14
47.0 17.73817 14
47.1 17.74395 14
47.2 17.78654 14
47.3 17.81743 14
47.4 17.82426 14
47.5 17.85655 14
47.6 17.72091 14
47.7 17.75755 14
47.8 17.79204 14
47.9 17.82647 14
48.0 18.00734 14
48.1 18.05616 14
48.2 18.09856 14
48.3 18.11999 14
48.4 18.15396 14
48.5 18.20625 14
48.6 18.25516 14
48.7 18.28904 14
48.8 18.31349 14
48.9 18.35151 14
49.0 18.40355 14
49.1 18.45021 14
49.2 18.48793 14
49.3 18.52310 14
49.4 18.55772 14
49.5 18.59196 14
49.6 18.62646 14
49.7 18.66895 14
49.8 18.71777 14
49.9 18.89878 14
50.0 18.92790 14
50.1 18.98109 14
50.2 19.02948 14
50.3 19.07037 14
50.4 19.09262 14
50.5 19.12682 14
50.6 19.17906 14
50.7 19.22919 14
50.8 19.26886 14
50.9 19.30457 14
51.0 19.33947 14
51.1 19.37419 14
51.2 19.40886 14
51.3 19.44498 14
51.4 19.49393 14
51.5 19.54289 14
51.6 19.59187 14
51.7 19.75539 14
51.8 19.80397 14
51.9 19.85643 14
52.0 19.90511 14
52.1 19.92821 14
52.2 19.95448 14
52.3 20.00337 14
52.4 20.05825 14
52.5 20.10216 14
52.6 20.13913 14
52.7 20.17439 14
52.8 20.20929 14
52.9 20.24438 14
53.0 20.27917 14
53.1 20.32096 14
53.2 20.37003 14
53.3 20.41911 14
53.4 20.46819 14
53.5 20.51728 14
53.6 20.56638 14
53.7 20.73321 14
53.8 20.77916 14
53.9 20.82661 14
54.0 20.84376 14
54.1 20.87660 14
54.2 20.93292 14
54.3 20.98620 14
54.4 21.02755 14
54.5 21.06382 14
54.6 21.09930 14
54.7 21.13424 14
54.8 21.16913 14
54.9 21.20442 14
55.0 21.24791 14
55.1 21.29708 14
55.2 21.34625 14
55.3 21.39543 14
55.4 21.44461 14
55.5 21.49379 14
55.6 21.54298 14
55.7 21.59216 14
55.8 21.75902 14
55.9 21.80901 14
56.0 21.82421 14
56.1 21.85158 14
56.2 21.90895 14
56.3 21.96588 14
56.4 22.00887 14
56.5 22.04555 14
56.6 22.08110 14
56.7 22.11639 14
56.8 22.15129 14
56.9 22.18642 14
57.0 22.22559 14
57.1 22.27481 14
57.2 22.32405 14
57.3 22.37329 14
57.4 22.42253 14
57.5 22.47177 14
57.6 22.52101 14
57.7 22.57026 14
57.8 22.61951 14
57.9 22.79446 14
58.0 22.84477 14
58.1 22.86620 14
58.2 22.88517 14
58.3 22.93647 14
58.4 22.99868 14
58.5 23.04776 14
58.6 23.08694 14
58.7 23.12274 14
58.8 23.15808 14
58.9 23.19326 14
59.0 23.22833 14
59.1 23.26335 14
59.2 23.30284 14
59.3 23.35211 14
59.4 23.40138 14
59.5 23.45065 14
59.6 23.49992 14
59.7 23.54919 14
59.8 23.59846 14
59.9 23.64773 14
60.0 23.69700 14
60.1 23.74627 14
60.2 23.92778 14
60.3 23.97817 14
60.4 24.00027 14
60.5 24.01759 14
60.6 24.06678 14
60.7 24.13126 14
60.8 24.18487 14
60.9 24.22649 14
61.0 24.26326 14
61.1 24.29865 14
61.2 24.33368 14
61.3 24.36889 14
61.4 24.40371 14
61.5 24.43848 14
61.6 24.47915 14
61.7 24.52842 14
61.8 24.57768 14
61.9 24.62695 14
62.0 24.67622 14
62.1 24.72548 14
62.2 24.77473 14
62.3 24.82399 14
62.4 24.87324 14
62.5 24.92249 14
62.6 24.97175 14
62.7 25.16279 14
62.8 25.21079 14
62.9 25.23918 14
63.0 25.25280 14
63.1 25.29554 14
63.2 25.36099 14
63.3 25.41939 14
63.4 25.46613 14
63.5 25.50796 14
63.6 25.54682 14
63.7 25.58423 14
63.8 25.62128 14
63.9 25.65775 14
64.0 25.69408 14
64.1 25.73064 14
64.2 25.76692 14
64.3 25.80314 14
64.4 25.83935 14
64.5 25.87583 14
64.6 25.91203 14
64.7 25.95152 14
64.8 25.99752 14
64.9 26.04351 14
65.0 26.08953 14
65.1 26.13554 14
65.2 26.18157 14
65.3 26.22763 14
65.4 26.27368 14
65.5 26.31975 14
65.6 26.36585 14
65.7 26.41194 14
65.8 26.45806 14
65.9 26.50418 14
66.0 26.55032 14
66.1 26.59646 14
66.2 26.64262 14
66.3 26.68880 14
66.4 26.73499 14
66.5 26.78119 14
66.6 26.82740 14
66.7 27.01982 14
66.8 27.07367 14
66.9 27.09394 14
67.0 27.11123 14
67.1 27.13980 14
67.2 27.18344 14
67.3 27.23940 14
67.4 27.29982 14
67.5 27.35647 14
67.6 27.40668 14
67.7 27.45098 14
67.8 27.49131 14
67.9 27.52973 14
68.0 27.56690 14
68.1 27.60390 14
68.2 27.64039 14
68.3 27.67704 14
68.4 27.71365 14
68.5 27.74999 14
68.6 27.78654 14
68.7 27.82281 14
68.8 27.85934 14
68.9 27.89559 14
69.0 27.93510 14
69.1 27.97949 14
69.2 28.02600 14
69.3 28.07254 14
69.4 28.11907 14
69.5 28.16563 14
69.6 28.21221 14
69.7 28.25878 14
69.8 28.30538 14
69.9 28.35199 14
70.0 28.39861 14
70.1 28.44524 14
70.2 28.49189 14
70.3 28.53854 14
70.4 28.58522 14
70.5 28.63191 14
70.6 28.67859 14
70.7 28.72531 14
70.8 28.77203 14
70.9 28.81876 14
71.0 28.86551 14
71.1 28.91227 14
71.2 29.13195 14
71.3 29.16184 14
71.4 29.17516 14
71.5 29.19331 14
71.6 29.22499 14
71.7 29.27358 14
71.8 29.33395 14
71.9 29.39777 14
72.0 29.45694 14
72.1 29.50898 14
72.2 29.55469 14
72.3 29.59593 14
72.4 29.63488 14
72.5 29.67260 14
72.6 29.70978 14
72.7 29.74638 14
72.8 29.78311 14
72.9 29.81977 14
73.0 29.85639 14
73.1 29.89303 14
73.2 29.92935 14
73.3 29.96591 14
73.4 30.00247 14
73.5 30.03902 14
73.6 30.07933 14
73.7 30.12378 14
73.8 30.17086 14
73.9 30.21795 14
74.0 30.26505 14
74.1 30.31217 14
74.2 30.35930 14
74.3 30.40642 14
74.4 30.45358 14
74.5 30.50074 14
74.6 30.54792 14
74.7 30.59512 14
74.8 30.64232 14
74.9 30.68952 14
75.0 30.73675 14
75.1 30.78400 14
75.2 30.83125 14
75.3 30.87852 14
75.4 30.92580 14
75.5 30.97309 14
75.6 31.02040 14
75.7 31.06770 14
75.8 31.11503 14
75.9 31.35108 14
76.0 31.38784 14
76.1 31.39829 14
76.2 31.40999 14
76.3 31.43378 14
76.4 31.47515 14
76.5 31.53293 14
76.6 31.59963 14
76.7 31.66616 14
76.8 31.72636 14
76.9 31.77866 14
77.0 31.82434 14
77.1 31.86580 14
77.2 31.90485 14
77.3 31.94267 14
77.4 31.97992 14
77.5 32.01683 14
77.6 32.05359 14
77.7 32.09028 14
77.8 32.12693 14
77.9 32.16359 14
78.0 32.20019 14
78.1 32.23677 14
78.2 32.27335 14
78.3 32.30991 14
78.4 32.34792 14
78.5 32.38895 14
78.6 32.43519 14
78.7 32.48286 14
78.8 32.53054 14
78.9 32.57823 14
79.0 32.62594 14
79.1 32.67365 14
79.2 32.72139 14
79.3 32.76913 14
79.4 32.81689 14
79.5 32.86466 14
79.6 32.91244 14
79.7 32.96023 14
79.8 33.00804 14
79.9 33.05586 14
80.0 33.10369 14
80.1 33.15154 14
80.2 33.19940 14
80.3 33.24727 14
80.4 33.29515 14
80.5 33.34305 14
80.6 33.39096 14
80.7 33.43888 14
80.8 33.48681 14
80.9 33.53477 14
81.0 33.77714 14
81.1 33.78300 14
81.2 33.78980 14
81.3 33.80846 14
81.4 33.84583 14
81.5 33.90235 14
81.6 33.97162 14
81.7 34.04389 14
81.8 34.11119 14
81.9 34.16992 14
82.0 34.22047 14
82.1 34.26503 14
82.2 34.30607 14
82.3 34.34487 14
82.4 34.38259 14
82.5 34.41981 14
82.6 34.45670 14
82.7 34.49346 14
82.8 34.53015 14
82.9 34.56680 14
83.0 34.60347 14
83.1 34.64032 14
83.2 34.67691 14
83.3 34.71348 14
83.4 34.75005 14
83.5 34.78661 14
83.6 34.82782 14
83.7 34.87051 14
83.8 34.91881 14
83.9 34.96710 14
84.0 35.01541 14
84.1 35.06373 14
84.2 35.11207 14
84.3 35.16042 14
84.4 35.20878 14
84.5 35.25716 14
84.6 35.30555 14
84.7 35.35394 14
84.8 35.40235 14
84.9 35.45078 14
85.0 35.49921 14
85.1 35.54768 14
85.2 35.59614 14
85.3 35.64461 14
85.4 35.69310 14
85.5 35.74160 14
85.6 35.79011 14
85.7 35.83865 14
85.8 35.88719 14
85.9 35.93574 14
86.0 35.98430 14
86.1 36.03288 14
86.2 36.08148 14
86.3 36.33246 14
86.4 36.33194 14
86.5 36.33468 14
86.6 36.35100 14
86.7 36.38795 14
86.8 36.44582 14
86.9 36.51885 14
87.0 36.59692 14
87.1 36.67041 14
87.2 36.73548 14
87.3 36.79099 14
87.4 36.83894 14
87.5 36.88186 14
87.6 36.92201 14
87.7 36.96036 14
87.8 36.99786 14
87.9 37.03498 14
88.0 37.07207 14
88.1 37.10881 14
88.2 37.14548 14
88.3 37.18211 14
88.4 37.21902 14
88.5 37.25561 14
88.6 37.29218 14
88.7 37.32875 14
88.8 37.36555 14
88.9 37.40209 14
89.0 37.44246 14
89.1 37.48450 14
89.2 37.53121 14
89.3 37.58016 14
89.4 37.62913 14
89.5 37.67810 14
89.6 37.72711 14
89.7 37.77611 14
89.8 37.82512 14
89.9 37.87417 14
90.0 37.92321 14
90.1 37.97226 14
90.2 38.02132 14
90.3 38.07042 14
90.4 38.11951 14
90.5 38.16861 14
90.6 38.21775 14
90.7 38.26688 14
90.8 38.31602 14
90.9 38.36518 14
91.0 38.41436 14
91.1 38.46354 14
91.2 38.51273 14
91.3 38.56196 14
91.4 38.61118 14
91.5 38.66041 14
91.6 38.70967 14
91.7 38.75893 14
91.8 38.80820 14
91.9 38.85750 14
92.0 39.05266 14
92.1 39.05184 14
92.2 39.06947 14
92.3 39.11283 14
92.4 39.16914 14
92.5 39.24613 14
92.6 39.33015 14
92.7 39.41096 14
92.8 39.48221 14
92.9 39.54256 14
93.0 39.59163 14
93.1 39.63702 14
93.2 39.68024 14
93.3 39.71999 14
93.4 39.75813 14
93.5 39.79542 14
93.6 39.83244 14
93.7 39.86946 14
93.8 39.90616 14
93.9 39.94280 14
94.0 39.97964 14
94.1 40.01629 14
94.2 40.05286 14
94.3 40.08965 14
94.4 40.12619 14
94.5 40.16273 14
94.6 40.19949 14
94.7 40.23918 14
94.8 40.28191 14
94.9 40.32593 14
95.0 40.37557 14
95.1 40.42525 14
95.2 40.47492 14
95.3 40.52461 14
95.4 40.57432 14
95.5 40.62403 14
95.6 40.67377 14
95.7 40.72351 14
95.8 40.77326 14
95.9 40.82304 14
96.0 40.87281 14
96.1 40.92260 14
96.2 40.97242 14
96.3 41.02224 14
96.4 41.07208 14
96.5 41.12192 14
96.6 41.17178 14
96.7 41.22166 14
96.8 41.27154 14
96.9 41.32145 14
97.0 41.37136 14
97.1 41.42127 14
97.2 41.47122 14
97.3 41.52117 14
97.4 41.57114 14
97.5 41.62111 14
97.6 41.70530 14
97.7 41.80740 14
97.8 41.89450 14
97.9 41.94796 14
98.0 41.99142 14
98.1 42.03392 14
98.2 42.08788 14
98.3 42.13189 14
98.4 42.17573 14
98.5 42.21414 14
98.6 42.27552 14
98.7 42.32040 14
98.8 42.36425 14
98.9 42.40330 14
99.0 42.48096 14
99.1 42.52916 14
99.2 42.59699 14
99.3 42.69965 14
99.4 42.80199 14
99.5 42.90455 14
99.6 43.00674 14
99.7 43.10900 14
99.8 43.21137 14
99.9 43.31354 14
100.0 43.41588 14
100.1 43.51791 14
100.2 43.62015 14
100.3 43.72204 14
100.4 43.82420 14
100.5 43.92611 14
100.6 44.02786 14
100.7 44.12994 14
100.8 44.23167 14
100.9 44.33355 14
101.0 44.43525 14
101.1 44.53704 14
101.2 44.63860 14
101.3 44.74042 14
101.4 44.84189 14
101.5 44.94357 14
101.6 45.04496 14
101.7 45.14656 14
101.8 45.24786 14
101.9 45.34911 14
102.0 45.45059 14
102.1 45.55176 14
102.2 45.65315 14
102.3 45.75418 14
102.4 45.85549 14
102.5 45.95650 14
102.6 46.05778 14
102.7 46.15865 14
102.8 46.25985 14
102.9 46.36064 14
103.0 46.46170 14
103.1 46.56246 14
103.2 46.66344 14
103.3 46.76418 14
103.4 46.86508 14
103.5 46.96563 14
103.6 47.06650 14
103.7 47.16697 14
103.8 47.26776 14
103.9 44.50000 14
104.0 44.50000 14
104.1 44.50000 14
104.2 44.50000 14
104.3 44.50000 14
104.4 44.50000 14
104.5 44.50000 14
104.6 44.50000 14
104.7 44.50000 14
104.8 44.50000 14
104.9 44.50000 14
105.0 44.50000 14
105.1 44.50000 14
105.2 44.50000 14
105.3 44.50000 14
105.4 44.50000 14
105.5 44.50000 14
105.6 44.50000 14
105.7 44.50000 14
105.8 44.50000 14
105.9 44.50000 14
106.0 44.50000 14
106.1 44.50000 14
106.2 44.50000 14
106.3 44.50000 14
106.4 44.50000 14
106.5 44.50000 14
106.6 44.50000 14
106.7 44.50000 14
106.8 44.50000 14
106.9 44.50000 14
107.0 44.50000 14
107.1 44.50000 14
107.2 44.50000 14
107.3 44.50000 14
107.4 44.50000 14
107.5 44.50000 14
107.6 44.50000 14
107.7 44.50000 14
107.8 44.50000 14
107.9 44.50000 14
108.0 44.50000 14
108.1 44.50000 14
108.2 44.50000 14
108.3 44.50000 14
108.4 44.50000 14
108.5 44.50000 14
108.6 44.50000 14
108.7 44.50000 14
108.8 44.50000 14
108.9 44.50000 14
109.0 44.50000 14
109.1 44.50000 14
109.2 44.50000 14
109.3 44.50000 14
109.4 44.50000 14
109.5 44.50000 14
109.6 44.50000 14
109.7 44.50000 14
109.8 44.50000 14
109.9 44.50000 14
110.0 44.50000 14
110.1 44.50000 14
110.2 44.50000 14
110.3 44.50000 14
110.4 44.50000 14
110.5 44.50000 14
110.6 44.50000 14
110.7 44.50000 14
110.8 44.50000 14
110.9 44.50000 14
111.0 44.50000 14
111.1 44.50000 14
111.2 44.50000 14
111.3 44.50000 14
111.4 44.50000 14
111.5 44.50000 14
111.6 44.50000 14
111.7 44.50000 14
111.8 44.50000 14
111.9 44.50000 14
112.0 44.50000 14
112.1 44.50000 14
112.2 44.50000 14
112.3 44.50000 14
112.4 44.50000 14
112.5 44.50000 14
112.6 44.50000 14
112.7 44.50000 14
112.8 44.50000 14
112.9 44.50000 14
113.0 44.50000 14
113.1 44.50000 14
113.2 44.50000 14
113.3 44.50000 14
113.4 44.50000 14
113.5 44.50000 14
113.6 44.50000 14
113.7 44.50000 14
113.8 44.50000 14
113.9 44.50000 14
114.0 44.50000 14
114.1 44.50000 14
114.2 44.50000 14
114.3 44.50000 14
114.4 44.50000 14
114.5 44.50000 14
114.6 44.50000 14
114.7 44.50000 14
114.8 44.50000 14
114.9 44.50000 14
115.0 44.50000 14
115.1 44.50000 14
115.2 44.50000 14
115.3 44.50000 14
115.4 44.50000 14
115.5 44.50000 14
115.6 44.50000 14
115.7 44.50000 14
115.8 44.50000 14
115.9 44.50000 14
116.0 44.50000 14
116.1 44.50000 14
116.2 44.50000 14
116.3 44.50000 14
116.4 44.50000 14
116.5 44.50000 14
116.6 44.50000 14
116.7 44.50000 14
116.8 44.50000 14
116.9 44.50000 14
117.0 44.50000 14
117.1 44.50000 14
117.2 44.50000 14
117.3 44.50000 14
117.4 44.50000 14
117.5 44.50000 14
117.6 44.50000 14
117.7 44.50000 14
117.8 44.50000 14
117.9 44.50000 14
118.0 44.50000 14
118.1 44.50000 14
118.2 44.50000 14
118.3 44.50000 14
118.4 44.50000 14
118.5 44.50000 14
118.6 44.50000 14
118.7 44.50000 14
118.8 44.50000 14
118.9 44.50000 14
119.0 44.50000 14
119.1 44.50000 14
119.2 44.50000 14
119.3 44.50000 14
119.4 44.50000 14
119.5 44.50000 14
119.6 44.50000 14
119.7 44.50000 14
119.8 44.50000 14
119.9 44.50000 14
120.0 44.50000 14
120.1 44.50000 14
120.2 44.50000 14
120.3 44.50000 14
120.4 44.50000 14
120.5 44.50000 14
120.6 44.50000 14
120.7 44.50000 14
120.8 44.50000 14
120.9 44.50000 14
121.0 44.50000 14
121.1 44.50000 14
121.2 44.50000 14
121.3 44.50000 14
121.4 44.50000 14
121.5 44.50000 14
121.6 44.50000 14
121.7 44.50000 14
121.8 44.50000 14
121.9 44.50000 14
122.0 44.50000 14
122.1 44.50000 14
122.2 44.50000 14
122.3 44.50000 14
122.4 44.50000 14
122.5 44.50000 14
122.6 44.50000 14
122.7 44.50000 14
122.8 44.50000 14
122.9 44.50000 14
123.0 44.50000 14
123.1 44.50000 14
123.2 44.50000 14
123.3 44.50000 14
123.4 44.50000 14
123.5 44.50000 14
123.6 44.50000 14
123.7 44.50000 14
123.8 44.50000 14
123.9 44.50000 14
124.0 44.50000 14
124.1 44.50000 14
124.2 44.50000 14
124.3 44.50000 14
124.4 44.50000 14
124.5 44.50000 14
124.6 44.50000 14
124.7 44.50000 14
124.8 44.50000 14
124.9 44.50000 14
125.0 44.50000 14
125.1 44.50000 14
125.2 44.50000 14
125.3 44.50000 14
125.4 44.50000 14
125.5 44.50000 14
125.6 44.50000 14
125.7 44.50000 14
125.8 44.50000 14
125.9 44.50000 14
126.0 44.50000 14
126.1 44.50000 14
126.2 44.50000 14
126.3 44.50000 14
126.4 44.50000 14
126.5 44.50000 14
126.6 44.50000 14
126.7 44.50000 14
126.8 44.50000 14
126.9 44.50000 14
127.0 44.50000 14
127.1 44.50000 14
127.2 44.50000 14
127.3 44.50000 14
127.4 44.50000 14
127.5 44.50000 14
127.6 44.50000 14
127.7 44.50000 14
127.8 44.50000 14
127.9 44.50000 14
128.0 44.50000 14
128.1 44.50000 14
128.2 44.50000 14
128.3 44.50000 14
128.4 44.50000 14
128.5 44.50000 14
128.6 44.50000 14
128.7 44.50000 14
128.8 44.50000 14
128.9 44.50000 14
129.0 44.50000 14
129.1 44.50000 14
129.2 44.50000 14
129.3 44.50000 14
129.4 44.50000 14
129.5 44.50000 14
129.6 44.50000 14
129.7 44.50000 14
129.8 44.50000 14
129.9 44.50000 14
130.0 44.50000 14
130.1 44.50000 14
130.2 44.50000 14
130.3 44.50000 14
130.4 44.50000 14
130.5 44.50000 14
130.6 44.50000 14
130.7 44.50000 14
130.8 44.50000 14
130.9 44.50000 14
131.0 44.50000 14
131.1 44.50000 14
131.2 44.50000 14
131.3 44.50000 14
131.4 44.50000 14
131.5 44.50000 14
131.6 44.50000 14
131.7 44.50000 14
131.8 44.50000 14
131.9 44.50000 14
132.0 44.50000 14
132.1 44.50000 14
132.2 44.50000 14
132.3 44.50000 14
132.4 44.50000 14
132.5 44.50000 14
132.6 44.50000 14
132.7 44.50000 14
132.8 44.50000 14
132.9 44.50000 14
133.0 44.50000 14
133.1 44.50000 14
133.2 44.50000 14
133.3 44.50000 14
133.4 44.50000 14
133.5 44.50000 14
133.6 44.50000 14
133.7 44.50000 14
133.8 44.50000 14
133.9 44.50000 14
134.0 44.50000 14
134.1 44.50000 14
134.2 44.50000 14
134.3 44.50000 14
134.4 44.50000 14
134.5 44.50000 14
134.6 44.50000 14
134.7 44.50000 14
134.8 44.50000 14
134.9 44.50000 14
135.0 44.50000 14
135.1 44.50000 14
135.2 44.50000 14
135.3 44.50000 14
135.4 44.50000 14
135.5 44.50000 14
135.6 44.50000 14
135.7 44.50000 14
135.8 44.50000 14
135.9 44.50000 14
136.0 44.50000 14
136.1 44.50000 14
136.2 44.50000 14
136.3 44.50000 14
136.4 44.50000 14
136.5 44.50000 14
136.6 44.50000 14
136.7 44.50000 14
136.8 44.50000 14
136.9 44.50000 14
137.0 44.50000 14
137.1 44.50000 14
137.2 44.50000 14
137.3 44.50000 14
137.4 44.50000 14
137.5 44.50000 14
137.6 44.50000 14
137.7 44.50000 14
137.8 44.50000 14
137.9 44.50000 14
138.0 44.50000 14
138.1 44.50000 14
138.2 44.50000 14
138.3 44.50000 14
138.4 44.50000 14
138.5 44.50000 14
138.6 44.50000 14
138.7 44.50000 14
138.8 44.50000 14
138.9 44.50000 14
139.0 44.50000 14
139.1 44.50000 14
139.2 44.50000 14
139.3 44.50000 14
139.4 44.50000 14
139.5 44.50000 14
139.6 44.50000 14
139.7 44.50000 14
139.8 44.50000 14
139.9 44.50000 14
140.0 44.50000 14
140.1 44.50000 14
140.2 44.50000 14
140.3 44.50000 14
140.4 44.50000 14
140.5 44.50000 14
140.6 44.50000 14
140.7 44.50000 14
140.8 44.50000 14
140.9 44.50000 14
141.0 44.50000 14
141.1 44.50000 14
141.2 44.50000 14
141.3 44.50000 14
141.4 44.50000 14
141.5 44.50000 14
141.6 44.50000 14
141.7 44.50000 14
141.8 44.50000 14
141.9 44.50000 14
142.0 44.50000 14
142.1 44.50000 14
142.2 44.50000 14
142.3 44.50000 14
142.4 44.50000 14
142.5 44.50000 14
142.6 44.50000 14
142.7 44.50000 14
142.8 44.50000 14
142.9 44.50000 14
143.0 44.50000 14
143.1 44.50000 14
143.2 44.50000 14
143.3 44.50000 14
143.4 44.50000 14
143.5 44.50000 14
143.6 44.50000 14
143.7 44.50000 14
143.8 44.50000 14
143.9 44.50000 14
144.0 44.50000 14
144.1 44.50000 14
144.2 44.50000 14
144.3 44.50000 14
144.4 44.50000 14
144.5 44.50000 14
144.6 44.50000 14
144.7 44.50000 14
144.8 44.50000 14
144.9 44.50000 14
145.0 44.50000 14
145.1 44.50000 14
145.2 44.50000 14
145.3 44.50000 14
145.4 44.50000 14
145.5 44.50000 14
145.6 44.50000 14
145.7 44.50000 14
145.8 44.50000 14
145.9 44.50000 14
146.0 44.50000 14
146.1 44.50000 14
146.2 44.50000 14
146.3 44.50000 14
146.4 44.50000 14
146.5 44.50000 14
146.6 44.50000 14
146.7 44.50000 14
146.8 44.50000 14
146.9 44.50000 14
147.0 44.50000 14
147.1 44.50000 14
147.2 44.50000 14
147.3 44.50000 14
147.4 44.50000 14
147.5 44.50000 14
147.6 44.50000 14
147.7 44.50000 14
147.8 44.50000 14
147.9 44.50000 14
148.0 44.50000 14
148.1 44.50000 14
148.2 44.50000 14
148.3 44.50000 14
148.4 44.50000 14
148.5 44.50000 14
148.6 44.50000 14
148.7 44.50000 14
148.8 44.50000 14
148.9 44.50000 14
149.0 44.50000 14
149.1 44.50000 14
149.2 44.50000 14
149.3 44.50000 14
149.4 44.50000 14
149.5 44.50000 14
149.6 44.50000 14
149.7 44.50000 14
149.8 44.50000 14
149.9 44.50000 14
150.0 44.50000 14
150.1 44.50000 14
150.2 44.50000 14
150.3 44.50000 14
150.4 44.50000 14
150.5 44.50000 14
150.6 44.50000 14
150.7 44.50000 14
150.8 44.50000 14
150.9 44.50000 14
151.0 44.50000 14
151.1 44.50000 14
151.2 44.50000 14
151.3 44.50000 14
151.4 44.50000 14
151.5 44.50000 14
151.6 44.50000 14
151.7 44.50000 14
151.8 44.50000 14
151.9 44.50000 14
152.0 44.50000 14
152.1 44.50000 14
152.2 44.50000 14
152.3 44.50000 14
152.4 44.50000 14
152.5 44.50000 14
152.6 44.50000 14
152.7 44.50000 14
152.8 44.50000 14
152.9 44.50000 14
153.0 44.50000 14
153.1 44.50000 14
153.2 44.50000 14
153.3 44.50000 14
153.4 44.50000 14
153.5 44.50000 14
153.6 44.50000 14
153.7 44.50000 14
153.8 44.50000 14
153.9 44.50000 14
154.0 44.50000 14
154.1 44.50000 14
154.2 44.50000 14
154.3 44.50000 14
154.4 44.50000 14
154.5 44.50000 14
154.6 44.50000 14
154.7 44.50000 14
154.8 44.50000 14
154.9 44.50000 14
155.0 44.50000 14
155.1 44.50000 14
155.2 44.50000 14
155.3 44.50000 14
155.4 44.50000 14
155.5 44.50000 14
155.6 44.50000 14
155.7 44.50000 14
155.8 44.50000 14
155.9 44.50000 14
156.0 44.50000 14
156.1 44.50000 14
156.2 44.50000 14
156.3 44.50000 14
156.4 44.50000 14
156.5 44.50000 14
156.6 44.50000 14
156.7 44.50000 14
156.8 44.50000 14
156.9 44.50000 14
157.0 44.50000 14
157.1 44.50000 14
157.2 44.50000 14
157.3 44.50000 14
157.4 44.50000 14
157.5 44.50000 14
157.6 44.50000 14
157.7 44.50000 14
157.8 44.50000 14
157.9 44.50000 14
158.0 44.50000 14
158.1 44.50000 14
158.2 44.50000 14
158.3 44.50000 14
158.4 44.50000 14
158.5 44.50000 14
158.6 44.50000 14
158.7 44.50000 14
158.8 44.50000 14
158.9 44.50000 14
159.0 44.50000 14
159.1 44.50000 14
159.2 44.50000 14
159.3 44.50000 14
159.4 44.50000 14
159.5 44.50000 14
159.6 44.50000 14
159.7 44.50000 14
159.8 44.50000 14
159.9 44.50000 14
160.0 44.50000 14
160.1 44.50000 14
160.2 44.50000 14
160.3 44.50000 14
160.4 44.50000 14
160.5 44.50000 14
160.6 44.50000 14
160.7 44.50000 14
160.8 44.50000 14
160.9 44.50000 14
161.0 44.50000 14
161.1 44.50000 14
161.2 44.50000 14
161.3 44.50000 14
161.4 44.50000 14
161.5 44.50000 14
161.6 44.50000 14
161.7 44.50000 14
161.8 44.50000 14
161.9 44.50000 14
162.0 44.50000 14
162.1 44.50000 14
162.2 44.50000 14
162.3 44.50000 14
162.4 44.50000 14
162.5 44.50000 14
162.6 44.50000 14
162.7 44.50000 14
162.8 44.50000 14
162.9 44.50000 14
163.0 44.50000 14
163.1 44.50000 14
163.2 44.50000 14
163.3 44.50000 14
163.4 44.50000 14
163.5 44.50000 14
163.6 44.50000 14
163.7 44.50000 14
163.8 44.50000 14
163.9 44.50000 14
164.0 44.50000 14
164.1 44.50000 14
164.2 44.50000 14
164.3 44.50000 14
164.4 44.50000 14
164.5 44.50000 14
164.6 44.50000 14
164.7 44.50000 14
164.8 44.50000 14
164.9 44.50000 14
165.0 44.50000 14
165.1 44.50000 14
165.2 44.50000 14
165.3 44.50000 14
165.4 44.50000 14
165.5 44.50000 14
165.6 44.50000 14
165.7 44.50000 14
165.8 44.50000 14
165.9 44.50000 14
166.0 44.50000 14
166.1 44.50000 14
166.2 44.50000 14
166.3 44.50000 14
166.4 44.50000 14
166.5 44.50000 14
166.6 44.50000 14
166.7 44.50000 14
166.8 44.50000 14
166.9 44.50000 14
167.0 44.50000 14
167.1 44.50000 14
167.2 44.50000 14
167.3 44.50000 14
167.4 44.50000 14
167.5 44.50000 14
167.6 44.50000 14
167.7 44.50000 14
167.8 44.50000 14
167.9 44.50000 14
168.0 44.50000 14
168.1 44.50000 14
168.2 44.50000 14
168.3 44.50000 14
168.4 44.50000 14
168.5 44.50000 14
168.6 44.50000 14
168.7 0.00000 15
168.8 44.50000 14
168.9 44.50000 14
169.0 44.50000 14
169.1 44.50000 14
169.2 0.00000 15
169.3 0.00000 15
169.4 44.50000 14
169.5 44.50000 14
169.6 44.50000 14
169.7 0.00000 15
169.8 0.00000 15
169.9 0.00000 15
170.0 0.00000 15
170.1 44.50000 14
170.2 0.00000 15
170.3 0.00000 15
170.4 0.00000 15
170.5 0.00000 15
170.6 0.00000 15
170.7 0.00000 15
170.8 0.00000 15
170.9 0.00000 15
171.0 0.00000 15
171.1 0.00000 15
171.2 0.00000 15
171.3 0.00000 15
171.4 0.00000 15
171.5 0.00000 15
171.6 0.00000 15
171.7 0.00000 15
171.8 0.00000 15
171.9 0.00000 15
172.0 0.00000 15
172.1 0.00000 15
172.2 0.00000 15
172.3 0.00000 15
172.4 0.00000 15
172.5 0.00000 15
172.6 0.00000 15
172.7 0.00000 15
172.8 0.00000 15
172.9 0.00000 15
173.0 0.00000 15
173.1 0.00000 15
173.2 0.00000 15
173.3 0.00000 15
173.4 0.00000 15
173.5 0.00000 15
173.6 0.00000 15
173.7 0.00000 15
173.8 0.00000 15
173.9 0.00000 15
174.0 0.00000 15
174.1 0.00000 15
174.2 0.00000 15
174.3 0.00000 15
174.4 0.00000 15
174.5 0.00000 15
174.6 0.00000 15
174.7 0.00000 15
174.8 0.00000 15
174.9 0.00000 15
175.0 0.00000 15
175.1 0.00000 15
175.2 0.00000 15
175.3 0.00000 15
175.4 0.00000 15
175.5 0.00000 15
175.6 0.00000 15
175.7 0.00000 15
175.8 0.00000 15
175.9 0.00000 15
176.0 0.00000 15
176.1 0.00000 15
176.2 0.00000 15
176.3 0.00000 15
176.4 0.00000 15
176.5 0.00000 15
176.6 0.00000 15
176.7 0.00000 15
176.8 0.00000 15
176.9 0.00000 15
177.0 0.00000 15
177.1 0.00000 15
177.2 0.00000 15
177.3 0.00000 15
177.4 0.00000 15
177.5 0.00000 15
177.6 0.00000 15
177.7 0.00000 15
177.8 0.00000 15
177.9 0.00000 15
178.0 0.00000 15
178.1 0.00000 15
178.2 0.00000 15
178.3 0.00000 15
178.4 0.00000 15
178.5 0.00000 15
178.6 0.00000 15
178.7 0.00000 15
178.8 0.00000 15
178.9 0.00000 15
179.0 0.00000 15
179.1 0.00000 15
179.2 0.00000 15
179.3 0.00000 15
179.4 0.00000 15
179.5 0.00000 15
179.6 0.00000 15
179.7 0.00000 15
179.8 0.00000 15
179.9 0.00000 15
180.0 0.00000 15
180.1 0.00000 15
180.2 0.00000 15
180.3 0.00000 15
180.4 0.00000 15
180.5 0.00000 15
180.6 0.00000 15
180.7 0.00000 15
180.8 0.00000 15
180.9 0.00000 15
181.0 0.00000 15
181.1 0.00000 15
181.2 0.00000 15
181.3 0.00000 15
181.4 0.00000 15
181.5 0.00000 15
181.6 0.00000 15
181.7 0.00000 15
181.8 0.00000 15
181.9 0.00000 15
182.0 0.00000 15
182.1 0.00000 15
182.2 0.00000 15
182.3 0.00000 15
182.4 0.00000 15
182.5 0.00000 15
182.6 0.00000 15
182.7 0.00000 15
182.8 0.00000 15
182.9 0.00000 15
183.0 0.00000 15
183.1 0.00000 15
183.2 0.00000 15
183.3 0.00000 15
183.4 0.00000 15
183.5 0.00000 15
183.6 0.00000 15
183.7 0.00000 15
183.8 0.00000 15
183.9 0.00000 15
184.0 0.00000 15
184.1 0.00000 15
184.2 0.00000 15
184.3 0.00000 15
184.4 0.00000 15
184.5 0.00000 15
184.6 0.00000 15
184.7 0.00000 15
184.8 0.00000 15
184.9 0.00000 15
185.0 0.00000 15
185.1 0.00000 15
185.2 0.00000 15
185.3 0.00000 15
185.4 0.00000 15
185.5 0.00000 15
185.6 0.00000 15
185.7 0.00000 15
185.8 0.00000 15
185.9 0.00000 15
186.0 0.00000 15
186.1 0.00000 15
186.2 0.00000 15
186.3 0.00000 15
186.4 0.00000 15
186.5 0.00000 15
186.6 0.00000 15
186.7 0.00000 15
186.8 0.00000 15
186.9 0.00000 15
187.0 0.00000 15
187.1 0.00000 15
187.2 0.00000 15
187.3 0.00000 15
187.4 0.00000 15
187.5 0.00000 15
187.6 0.00000 15
187.7 0.00000 15
187.8 0.00000 15
187.9 0.00000 15
188.0 0.00000 15
188.1 0.00000 15
188.2 0.00000 15
188.3 0.00000 15
188.4 0.00000 15
188.5 0.00000 15
188.6 0.00000 15
188.7 0.00000 15
188.8 0.00000 15
188.9 0.00000 15
189.0 0.00000 15
189.1 0.00000 15
189.2 0.00000 15
189.3 0.00000 15
189.4 0.00000 15
189.5 0.00000 15
189.6 0.00000 15
189.7 0.00000 15
189.8 0.00000 15
189.9 0.00000 15
190.0 0.00000 15
190.1 0.00000 15
190.2 0.00000 15
190.3 0.00000 15
190.4 0.00000 15
190.5 0.00000 15
190.6 0.00000 15
190.7 0.00000 15
190.8 0.00000 15
190.9 0.00000 15
191.0 0.00000 15
191.1 0.00000 15
191.2 0.00000 15
191.3 0.00000 15
191.4 0.00000 15
191.5 0.00000 15
191.6 0.00000 15
191.7 0.00000 15
191.8 0.00000 15
191.9 0.00000 15
192.0 0.00000 15
192.1 0.00000 15
192.2 0.00000 15
192.3 0.00000 15
192.4 0.00000 15
192.5 0.00000 15
192.6 0.00000 15
192.7 0.00000 15
192.8 0.00000 15
192.9 0.00000 15
193.0 0.00000 15
193.1 0.00000 15
193.2 0.00000 15
193.3 0.00000 15
193.4 0.00000 15
193.5 0.00000 15
193.6 0.00000 15
193.7 0.00000 15
193.8 0.00000 15
193.9 0.00000 15
194.0 0.00000 15
194.1 0.00000 15
194.2 0.00000 15
194.3 0.00000 15
194.4 0.00000 15
194.5 0.00000 15
194.6 0.00000 15
194.7 0.00000 15
194.8 0.00000 15
194.9 0.00000 15
195.0 0.00000 15
195.1 0.00000 15
195.2 0.00000 15
195.3 0.00000 15
195.4 0.00000 15
195.5 0.00000 15
195.6 0.00000 15
195.7 0.00000 15
195.8 0.00000 15
195.9 0.00000 15
196.0 0.00000 15
196.1 0.00000 15
196.2 0.00000 15
196.3 0.00000 15
196.4 0.00000 15
196.5 0.00000 15
196.6 0.00000 15
196.7 0.00000 15
196.8 0.00000 15
196.9 0.00000 15
197.0 0.00000 15
197.1 0.00000 15
197.2 0.00000 15
197.3 0.00000 15
197.4 0.00000 15
197.5 0.00000 15
197.6 0.00000 15
197.7 0.00000 15
197.8 0.00000 15
197.9 0.00000 15
198.0 0.00000 15
198.1 0.00000 15
198.2 0.00000 15
198.3 0.00000 15
198.4 0.00000 15
198.5 0.00000 15
198.6 0.00000 15
198.7 0.00000 15
198.8 0.00000 15
198.9 0.00000 15
199.0 0.00000 15
199.1 0.00000 15
199.2 0.00000 15
199.3 0.00000 15
199.4 0.00000 15
199.5 0.00000 15
199.6 0.00000 15
199.7 0.00000 15
199.8 0.00000 15
199.9 0.00000 15
200.0 0.00000 15
200.1 0.00000 15
200.2 0.00000 15
200.3 0.00000 15
200.4 0.00000 15
200.5 0.00000 15
200.6 0.00000 15
200.7 0.00000 15
200.8 0.00000 15
200.9 0.00000 15
201.0 0.00000 15
201.1 0.00000 15
201.2 0.00000 15
201.3 0.00000 15
201.4 0.00000 15
201.5 0.00000 15
201.6 0.00000 15
201.7 0.00000 15
201.8 0.00000 15
201.9 0.00000 15
202.0 0.00000 15
202.1 0.00000 15
202.2 0.00000 15
202.3 0.00000 15
202.4 0.00000 15
202.5 0.00000 15
202.6 0.00000 15
202.7 0.00000 15
202.8 0.00000 15
202.9 0.00000 15
203.0 0.00000 15
203.1 0.00000 15
203.2 0.00000 15
203.3 0.00000 15
203.4 0.00000 15
203.5 0.00000 15
203.6 0.00000 15
203.7 0.00000 15
203.8 0.00000 15
203.9 0.00000 15
204.0 0.00000 15
204.1 0.00000 15
204.2 0.00000 15
204.3 0.00000 15
204.4 0.00000 15
204.5 0.00000 15
204.6 0.00000 15
204.7 0.00000 15
204.8 0.00000 15
204.9 0.00000 15
205.0 0.00000 15
205.1 0.00000 15
205.2 0.00000 15
205.3 0.00000 15
205.4 0.00000 15
205.5 0.00000 15
205.6 0.00000 15
205.7 0.00000 15
205.8 0.00000 15
205.9 0.00000 15
206.0 0.00000 15
206.1 0.00000 15
206.2 0.00000 15
206.3 0.00000 15
206.4 0.00000 15
206.5 0.00000 15
206.6 0.00000 15
206.7 0.00000 15
206.8 0.00000 15
206.9 0.00000 15
207.0 0.00000 15
207.1 0.00000 15
207.2 0.00000 15
207.3 0.00000 15
207.4 0.00000 15
207.5 0.00000 15
207.6 0.00000 15
207.7 0.00000 15
207.8 0.00000 15
207.9 0.00000 15
208.0 0.00000 15
208.1 0.00000 15
208.2 0.00000 15
208.3 0.00000 15
208.4 0.00000 15
208.5 0.00000 15
208.6 0.00000 15
208.7 0.00000 15
208.8 0.00000 15
208.9 0.00000 15
209.0 0.00000 15
209.1 0.00000 15
209.2 0.00000 15
209.3 0.00000 15
209.4 0.00000 15
209.5 0.00000 15
209.6 0.00000 15
209.7 0.00000 15
209.8 0.00000 15
209.9 0.00000 15
210.0 0.00000 15
210.1 0.00000 15
210.2 0.00000 15
210.3 0.00000 15
210.4 0.00000 15
210.5 0.00000 15
210.6 0.00000 15
210.7 0.00000 15
210.8 0.00000 15
210.9 0.00000 15
211.0 0.00000 15
211.1 0.00000 15
211.2 0.00000 15
211.3 0.00000 15
211.4 0.00000 15
211.5 0.00000 15
211.6 0.00000 15
211.7 0.00000 15
211.8 0.00000 15
211.9 0.00000 15
212.0 0.00000 15
212.1 0.00000 15
212.2 0.00000 15
212.3 0.00000 15
212.4 0.00000 15
212.5 0.00000 15
212.6 0.00000 15
212.7 0.00000 15
212.8 0.00000 15
212.9 0.00000 15
213.0 0.00000 15
213.1 0.00000 15
213.2 0.00000 15
213.3 0.00000 15
213.4 0.00000 15
213.5 0.00000 15
213.6 0.00000 15
213.7 0.00000 15
213.8 0.00000 15
213.9 0.00000 15
214.0 0.00000 15
214.1 0.00000 15
214.2 0.00000 15
214.3 0.00000 15
214.4 0.00000 15
214.5 0.00000 15
214.6 0.00000 15
214.7 0.00000 15
214.8 0.00000 15
214.9 0.00000 15
215.0 0.00000 15
215.1 0.00000 15
215.2 0.00000 15
215.3 0.00000 15
215.4 0.00000 15
215.5 0.00000 15
215.6 0.00000 15
215.7 0.00000 15
215.8 0.00000 15
215.9 0.00000 15
216.0 0.00000 15
216.1 0.00000 15
216.2 0.00000 15
216.3 0.00000 15
216.4 0.00000 15
216.5 0.00000 15
216.6 0.00000 15
216.7 0.00000 15
216.8 0.00000 15
216.9 0.00000 15
217.0 0.00000 15
217.1 0.00000 15
217.2 0.00000 15
217.3 0.00000 15
217.4 0.00000 15
217.5 0.00000 15
217.6 0.00000 15
217.7 0.00000 15
217.8 0.00000 15
217.9 0.00000 15
218.0 0.00000 15
218.1 0.00000 15
218.2 0.00000 15
218.3 0.00000 15
218.4 0.00000 15
218.5 0.00000 15
218.6 0.00000 15
218.7 0.00000 15
218.8 0.00000 15
218.9 0.00000 15
219.0 0.00000 15
219.1 0.00000 15
219.2 0.00000 15
219.3 0.00000 15
219.4 0.00000 15
219.5 0.00000 15
219.6 0.00000 15
219.7 0.00000 15
219.8 0.00000 15
219.9 0.00000 15
220.0 0.00000 15
220.1 0.00000 15
220.2 0.00000 15
220.3 0.00000 15
220.4 0.00000 15
220.5 0.00000 15
220.6 0.00000 15
220.7 0.00000 15
220.8 0.00000 15
220.9 0.00000 15
221.0 0.00000 15
221.1 0.00000 15
221.2 0.00000 15
221.3 0.00000 15
221.4 0.00000 15
221.5 0.00000 15
221.6 0.00000 15
221.7 0.00000 15
221.8 0.00000 15
221.9 0.00000 15
222.0 0.00000 15
222.1 0.00000 15
222.2 0.00000 15
222.3 0.00000 15
222.4 0.00000 15
222.5 0.00000 15
222.6 0.00000 15
222.7 0.00000 15
222.8 0.00000 15
222.9 0.00000 15
223.0 0.00000 15
223.1 0.00000 15
223.2 0.00000 15
223.3 0.00000 15
223.4 0.00000 15
223.5 0.00000 15
223.6 0.00000 15
223.7 0.00000 15
223.8 0.00000 15
223.9 0.00000 15
224.0 0.00000 15
224.1 0.00000 15
224.2 0.00000 15
224.3 0.00000 15
224.4 0.00000 15
224.5 0.00000 15
224.6 0.00000 15
224.7 0.00000 15
224.8 0.00000 15
224.9 0.00000 15
225.0 0.00000 15
225.1 0.00000 15
225.2 0.00000 15
225.3 0.00000 15
225.4 0.00000 15
225.5 0.00000 15
225.6 0.00000 15
225.7 0.00000 15
225.8 0.00000 15
225.9 0.00000 15
226.0 0.00000 15
226.1 0.00000 15
226.2 0.00000 15
226.3 0.00000 15
226.4 0.00000 15
226.5 0.00000 15
226.6 0.00000 15
226.7 0.00000 15
226.8 0.00000 15
226.9 0.00000 15
227.0 0.00000 15
227.1 0.00000 15
227.2 0.00000 15
227.3 0.00000 15
227.4 0.00000 15
227.5 0.00000 15
227.6 0.00000 15
227.7 0.00000 15
227.8 0.00000 15
227.9 0.00000 15
228.0 0.00000 15
228.1 0.00000 15
228.2 0.00000 15
228.3 0.00000 15
228.4 0.00000 15
228.5 0.00000 15
228.6 0.00000 15
228.7 0.00000 15
228.8 0.00000 15
228.9 0.00000 15
229.0 0.00000 15
229.1 0.00000 15
229.2 0.00000 15
229.3 0.00000 15
229.4 0.00000 15
229.5 0.00000 15
229.6 0.00000 15
229.7 0.00000 15
229.8 0.00000 15
229.9 0.00000 15
230.0 0.00000 15
230.1 0.00000 15
230.2 0.00000 15
230.3 0.00000 15
230.4 0.00000 15
230.5 0.00000 15
230.6 0.00000 15
230.7 0.00000 15
230.8 0.00000 15
230.9 0.00000 15
231.0 0.00000 15
231.1 0.00000 15
231.2 0.00000 15
231.3 0.00000 15
231.4 0.00000 15
231.5 0.00000 15
231.6 0.00000 15
231.7 0.00000 15
231.8 0.00000 15
231.9 0.00000 15
232.0 0.00000 15
232.1 0.00000 15
232.2 0.00000 15
232.3 0.00000 15
232.4 0.00000 15
232.5 0.00000 15
232.6 0.00000 15
232.7 0.00000 15
232.8 0.00000 15
232.9 0.00000 15
233.0 0.00000 15
233.1 0.00000 15
233.2 0.00000 15
233.3 0.00000 15
233.4 0.00000 15
233.5 0.00000 15
233.6 0.00000 15
233.7 0.00000 15
233.8 0.00000 15
233.9 0.00000 15
234.0 0.00000 15
234.1 0.00000 15
234.2 0.00000 15
234.3 0.00000 15
234.4 0.00000 15
234.5 0.00000 15
234.6 0.00000 15
234.7 0.00000 15
234.8 0.00000 15
234.9 0.00000 15
235.0 0.00000 15
235.1 0.00000 15
235.2 0.00000 15
235.3 0.00000 15
235.4 0.00000 15
235.5 0.00000 15
235.6 0.00000 15
235.7 0.00000 15
235.8 0.00000 15
235.9 0.00000 15
236.0 0.00000 15
236.1 0.00000 15
236.2 0.00000 15
236.3 0.00000 15
236.4 0.00000 15
236.5 0.00000 15
236.6 0.00000 15
236.7 0.00000 15
236.8 0.00000 15
236.9 0.00000 15
237.0 0.00000 15
237.1 0.00000 15
237.2 0.00000 15
237.3 0.00000 15
237.4 0.00000 15
237.5 0.00000 15
237.6 0.00000 15
237.7 0.00000 15
237.8 0.00000 15
237.9 0.00000 15
238.0 0.00000 15
238.1 0.00000 15
238.2 0.00000 15
238.3 0.00000 15
238.4 0.00000 15
238.5 0.00000 15
238.6 0.00000 15
238.7 0.00000 15
238.8 0.00000 15
238.9 0.00000 15
239.0 0.00000 15
239.1 0.00000 15
239.2 0.00000 15
239.3 0.00000 15
239.4 0.00000 15
239.5 0.00000 15
239.6 0.00000 15
239.7 0.00000 15
239.8 0.00000 15
239.9 0.00000 15
240.0 0.00000 15
240.1 0.00000 15
240.2 0.00000 15
240.3 0.00000 15
240.4 0.00000 15
240.5 0.00000 15
240.6 0.00000 15
240.7 0.00000 15
240.8 0.00000 15
240.9 0.00000 15
241.0 0.00000 15
241.1 0.00000 15
241.2 0.00000 15
241.3 0.00000 15
241.4 0.00000 15
241.5 0.00000 15
241.6 0.00000 15
241.7 0.00000 15
241.8 0.00000 15
241.9 0.00000 15
242.0 0.00000 15
242.1 0.00000 15
242.2 0.00000 15
242.3 0.00000 15
242.4 0.00000 15
242.5 0.00000 15
242.6 0.00000 15
242.7 0.00000 15
242.8 0.00000 15
242.9 0.00000 15
243.0 0.00000 15
243.1 0.00000 15
243.2 0.00000 15
243.3 0.00000 15
243.4 0.00000 15
243.5 0.00000 15
243.6 0.00000 15
243.7 0.00000 15
243.8 0.00000 15
243.9 0.00000 15
244.0 0.00000 15
244.1 0.00000 15
244.2 0.00000 15
244.3 0.00000 15
244.4 0.00000 15
244.5 0.00000 15
244.6 0.00000 15
244.7 0.00000 15
244.8 0.00000 15
244.9 0.00000 15
245.0 0.00000 15
245.1 0.00000 15
245.2 0.00000 15
245.3 0.00000 15
245.4 0.00000 15
245.5 0.00000 15
245.6 0.00000 15
245.7 0.00000 15
245.8 0.00000 15
245.9 0.00000 15
246.0 0.00000 15
246.1 0.00000 15
246.2 0.00000 15
246.3 0.00000 15
246.4 0.00000 15
246.5 0.00000 15
246.6 0.00000 15
246.7 0.00000 15
246.8 0.00000 15
246.9 0.00000 15
247.0 0.00000 15
247.1 0.00000 15
247.2 0.00000 15
247.3 0.00000 15
247.4 0.00000 15
247.5 0.00000 15
247.6 0.00000 15
247.7 0.00000 15
247.8 0.00000 15
247.9 0.00000 15
248.0 0.00000 15
248.1 0.00000 15
248.2 0.00000 15
248.3 0.00000 15
248.4 0.00000 15
248.5 0.00000 15
248.6 0.00000 15
248.7 0.00000 15
248.8 0.00000 15
248.9 0.00000 15
249.0 0.00000 15
249.1 0.00000 15
249.2 0.00000 15
249.3 0.00000 15
249.4 0.00000 15
249.5 0.00000 15
249.6 0.00000 15
249.7 0.00000 15
249.8 0.00000 15
249.9 0.00000 15
250.0 0.00000 15
