15.0 1.39286 13
15.1 1.40014 13
15.2 1.40761 13
15.3 1.41492 13
15.4 1.42223 13
15.5 1.42957 13
15.6 1.43691 13
15.7 1.44427 13
15.8 1.45165 13
15.9 1.45904 13
16.0 1.46645 13
16.1 1.47387 13
16.2 1.48106 13
16.3 1.48851 13
16.4 1.49597 13
16.5 1.50318 13
16.6 1.51067 13
16.7 1.51790 13
16.8 1.52542 13
16.9 1.53267 13
17.0 1.54022 13
17.1 1.54748 13
17.2 1.55526 13
17.3 1.56254 13
17.4 1.57016 13
17.5 1.57747 13
17.6 1.58478 13
17.7 1.59209 13
17.8 1.59941 13
17.9 1.60674 13
18.0 1.61408 13
18.1 1.62142 13
18.2 1.62878 13
18.3 1.63614 13
18.4 1.64350 13
18.5 1.65088 13
18.6 1.65826 13
18.7 1.66565 13
18.8 1.67260 13
18.9 1.68000 13
19.0 1.68741 13
19.1 1.69483 13
19.2 1.70225 13
19.3 1.70920 13
19.4 1.71667 13
19.5 1.72741 13
19.6 1.73749 13
19.7 1.74839 13
19.8 1.75936 13
19.9 1.76962 13
20.0 1.78075 13
20.1 1.79113 13
20.2 1.80241 13
20.3 1.81379 13
20.4 1.82558 13
20.5 1.83714 13
20.6 1.84785 13
20.7 1.85957 13
20.8 1.87040 13
20.9 1.88229 13
21.0 1.89325 13
21.1 1.90425 13
21.2 1.91638 13
21.3 1.92751 13
21.4 1.93982 13
21.5 1.95107 13
21.6 1.96355 13
21.7 1.97494 13
21.8 1.98638 13
21.9 1.99912 13
22.0 7.16574 14
22.1 7.20415 14
22.2 7.24769 14
22.3 7.28704 14
22.4 7.32684 14
22.5 7.37058 14
22.6 7.41068 14
22.7 7.45079 14
22.8 7.49673 14
22.9 7.53780 14
23.0 7.57781 14
23.1 7.62307 14
23.2 7.66325 14
23.3 7.70333 14
23.4 7.74333 14
23.5 7.78808 14
23.6 7.82837 14
23.7 7.86723 14
23.8 7.89377 14
23.9 7.61502 14
24.0 7.62214 14
24.1 7.62878 14
24.2 7.72601 14
24.3 7.71105 14
24.4 7.69572 14
24.5 7.69642 14
24.6 7.70711 14
24.7 7.72763 14
24.8 7.75293 14
24.9 7.76577 14
25.0 7.77461 14
25.1 7.77909 14
25.2 7.78223 14
25.3 7.78483 14
25.4 7.78719 14
25.5 7.78942 14
25.6 7.79159 14
25.7 7.79406 14
25.8 7.79741 14
25.9 7.80662 14
26.0 7.81601 14
26.1 7.82563 14
26.2 7.83553 14
26.3 7.84577 14
26.4 7.85711 14
26.5 7.87168 14
26.6 7.88440 14
26.7 7.89767 14
26.8 7.91165 14
26.9 7.92655 14
27.0 7.94265 14
27.1 7.96037 14
27.2 7.97536 14
27.3 7.99104 14
27.4 8.00782 14
27.5 8.02730 14
27.6 8.04215 14
27.7 7.98982 14
27.8 7.99646 14
27.9 8.00346 14
28.0 8.01083 14
28.1 8.01857 14
28.2 8.02670 14
28.3 8.12957 14
28.4 8.12318 14
28.5 8.10097 14
28.6 8.09795 14
28.7 8.10552 14
28.8 8.12029 14
28.9 8.15741 14
29.0 8.17414 14
29.1 8.18540 14
29.2 8.19300 14
29.3 8.19875 14
29.4 8.20491 14
29.5 8.20949 14
29.6 8.21396 14
29.7 8.21835 14
29.8 8.22271 14
29.9 8.22703 14
30.0 8.23291 14
30.1 8.24003 14
30.2 8.25066 14
30.3 8.26142 14
30.4 8.27234 14
30.5 8.28345 14
30.6 8.29493 14
30.7 8.30759 14
30.8 8.32045 14
30.9 8.33356 14
31.0 8.34695 14
31.1 8.36065 14
31.2 8.37476 14
31.3 8.38937 14
31.4 8.40463 14
31.5 8.42071 14
31.6 8.43784 14
31.7 8.45634 14
31.8 8.47665 14
31.9 8.49882 14
32.0 8.44944 14
32.1 8.45579 14
32.2 8.46269 14
32.3 8.47017 14
32.4 8.47821 14
32.5 8.57184 14
32.6 8.54283 14
32.7 8.53873 14
32.8 8.54942 14
32.9 8.57335 14
33.0 8.60235 14
33.1 8.61493 14
33.2 8.62170 14
33.3 8.62571 14
33.4 8.62866 14
33.5 8.63124 14
33.6 8.63367 14
33.7 8.63601 14
33.8 8.63831 14
33.9 8.64057 14
34.0 8.64813 14
34.1 8.65763 14
34.2 8.66727 14
34.3 8.67328 14
34.4 8.68320 14
34.5 5.70082 14
34.6 5.70774 14
34.7 5.71485 14
34.8 5.72218 14
34.9 5.72977 14
35.0 5.73768 14
35.1 5.74600 14
35.2 5.75482 14
35.3 5.76429 14
35.4 5.77460 14
35.5 5.78601 14
35.6 5.79889 14
35.7 5.77593 14
35.8 5.77885 14
35.9 5.78217 14
36.0 5.78593 14
36.1 5.79013 14
36.2 5.85795 14
36.3 5.83668 14
36.4 5.82844 14
36.5 5.83293 14
36.6 5.84694 14
36.7 5.86908 14
36.8 5.87760 14
36.9 5.88152 14
37.0 5.88261 14
37.1 5.88385 14
37.2 5.88465 14
37.3 5.88530 14
37.4 5.88590 14
37.5 5.88647 14
37.6 5.88701 14
37.7 5.88949 14
37.8 5.89544 14
37.9 5.90151 14
38.0 5.90775 14
38.1 5.91418 14
38.2 5.92165 14
38.3 5.92930 14
38.4 5.93718 14
38.5 5.94532 14
38.6 5.95379 14
38.7 5.96267 14
38.8 5.97205 14
38.9 5.98209 14
39.0 5.99297 14
39.1 5.99839 14
39.2 6.01096 14
39.3 6.02519 14
39.4 5.99881 14
39.5 6.00153 14
39.6 6.00471 14
39.7 6.00843 14
39.8 6.01265 14
39.9 6.09074 14
40.0 6.06227 14
40.1 6.05454 14
40.2 6.06041 14
40.3 6.07772 14
40.4 6.10250 14
40.5 6.11069 14
40.6 6.11391 14
40.7 6.11488 14
40.8 6.11501 14
40.9 6.11507 14
41.0 6.11496 14
41.1 6.11474 14
41.2 6.11456 14
41.3 6.11435 14
41.4 6.11563 14
41.5 6.12174 14
41.6 6.12800 14
41.7 6.13443 14
41.8 6.14114 14
41.9 6.14891 14
42.0 6.15687 14
42.1 6.16505 14
42.2 6.17351 14
42.3 6.18231 14
42.4 6.19154 14
42.5 6.19485 14
42.6 6.20478 14
42.7 6.21544 14
42.8 6.22704 14
42.9 6.23987 14
43.0 6.25434 14
43.1 6.22893 14
43.2 6.23126 14
43.3 6.23410 14
43.4 6.23749 14
43.5 6.24142 14
43.6 6.33479 14
43.7 6.30517 14
43.8 6.28857 14
43.9 6.29047 14
44.0 6.30410 14
44.1 6.31059 14
44.2 6.33989 14
44.3 6.34901 14
44.4 6.35237 14
44.5 6.35298 14
44.6 6.35259 14
44.7 6.35187 14
44.8 6.35103 14
44.9 6.35016 14
45.0 6.34921 14
45.1 6.34832 14
45.2 6.35025 14
45.3 6.35641 14
45.4 6.36271 14
45.5 6.36919 14
45.6 6.37069 14
45.7 6.37801 14
45.8 6.38590 14
45.9 6.39398 14
46.0 6.40229 14
46.1 6.41090 14
46.2 6.41987 14
46.3 6.42930 14
46.4 6.43927 14
46.5 6.43952 14
46.6 6.45016 14
46.7 6.46170 14
46.8 6.47439 14
46.9 6.48860 14
47.0 6.50481 14
47.1 6.46538 14
47.2 6.46735 14
47.3 6.46984 14
47.4 6.47288 14
47.5 6.47646 14
47.6 6.58343 14
47.7 6.55813 14
47.8 6.53044 14
47.9 6.52696 14
48.0 6.53592 14
48.1 6.55826 14
48.2 6.58653 14
48.3 6.59422 14
48.4 6.59655 14
48.5 6.59642 14
48.6 6.59634 14
48.7 6.59525 14
48.8 6.59382 14
48.9 6.59237 14
49.0 6.59088 14
49.1 6.58938 14
49.2 6.58788 14
49.3 6.58803 14
49.4 6.59408 14
49.5 6.60027 14
49.6 6.60664 14
49.7 6.61346 14
49.8 6.62125 14
49.9 6.62922 14
50.0 6.63740 14
50.1 6.63770 14
50.2 6.59875 14
50.3 6.59026 14
50.4 6.58669 14
50.5 6.58036 14
50.6 6.57793 14
50.7 6.57565 14
50.8 6.57342 14
50.9 6.57117 14
51.0 6.56885 14
51.1 6.56640 14
51.2 6.56380 14
51.3 6.56421 14
51.4 6.56128 14
51.5 6.56153 14
51.6 6.56130 14
51.7 6.55788 14
51.8 6.55786 14
51.9 6.55775 14
52.0 6.55351 14
52.1 6.55305 14
52.2 6.55245 14
52.3 6.55168 14
52.4 6.55075 14
52.5 6.54964 14
52.6 6.54833 14
52.7 6.54681 14
52.8 6.55066 14
52.9 6.54876 14
53.0 6.54653 14
53.1 6.54558 14
53.2 6.54994 14
53.3 6.54434 14
53.4 6.53781 14
53.5 6.53900 14
53.6 6.53234 14
53.7 6.54346 14
53.8 6.61088 14
53.9 6.56068 14
54.0 6.58758 14
54.1 6.58580 14
54.2 6.57134 14
54.3 6.55935 14
54.4 6.55399 14
54.5 6.55403 14
54.6 6.55321 14
54.7 6.55242 14
54.8 6.56037 14
54.9 6.57354 14
55.0 6.58752 14
55.1 6.60165 14
55.2 6.61581 14
55.3 6.63002 14
55.4 6.64437 14
55.5 6.65873 14
55.6 6.69057 14
55.7 6.69837 14
55.8 6.81364 14
55.9 6.75902 14
56.0 6.76535 14
56.1 6.76071 14
56.2 6.80133 14
56.3 6.83518 14
56.4 6.83962 14
56.5 6.83913 14
56.6 6.83792 14
56.7 6.83714 14
56.8 6.83581 14
56.9 6.84499 14
57.0 6.85937 14
57.1 6.87461 14
57.2 6.88998 14
57.3 6.90535 14
57.4 6.92079 14
57.5 6.91575 14
57.6 6.93122 14
57.7 6.94669 14
57.8 6.96229 14
57.9 6.99566 14
58.0 7.00416 14
58.1 7.13390 14
58.2 7.07129 14
58.3 7.08140 14
58.4 7.14307 14
58.5 7.16296 14
58.6 7.16540 14
58.7 7.16473 14
58.8 7.16290 14
58.9 7.16155 14
59.0 7.15960 14
59.1 7.16016 14
59.2 7.16275 14
59.3 7.17637 14
59.4 7.19272 14
59.5 7.20921 14
59.6 7.22568 14
59.7 7.24230 14
59.8 7.25890 14
59.9 7.27557 14
60.0 7.29237 14
60.1 7.30917 14
60.2 7.34332 14
60.3 7.35318 14
60.4 7.48077 14
60.5 7.42619 14
60.6 7.43808 14
60.7 7.42855 14
60.8 7.46698 14
60.9 7.52729 14
61.0 7.53639 14
61.1 7.53602 14
61.2 7.53375 14
61.3 7.53182 14
61.4 7.52918 14
61.5 7.52707 14
61.6 7.53878 14
61.7 7.55514 14
61.8 7.57286 14
61.9 7.59056 14
62.0 7.60840 14
62.1 7.62620 14
62.2 7.61576 14
62.3 7.63356 14
62.4 7.65135 14
62.5 7.66928 14
62.6 7.68718 14
62.7 7.70515 14
62.8 7.73921 14
62.9 7.75015 14
63.0 7.86235 14
63.1 7.82885 14
63.2 7.86569 14
63.3 7.82872 14
63.4 7.85159 14
63.5 7.93424 14
63.6 7.95390 14
63.7 7.95693 14
63.8 7.95588 14
63.9 7.95666 14
64.0 7.95395 14
64.1 7.95138 14
64.2 7.94788 14
64.3 7.94447 14
64.4 7.94706 14
64.5 7.96228 14
64.6 7.98074 14
64.7 7.99940 14
64.8 8.01820 14
64.9 8.03697 14
65.0 8.05589 14
65.1 8.07478 14
65.2 8.09371 14
65.3 8.11279 14
65.4 8.09804 14
65.5 8.11701 14
65.6 8.13596 14
65.7 8.17753 14
65.8 8.18779 14
65.9 8.39460 14
66.0 8.29950 14
66.1 8.28718 14
66.2 8.32380 14
66.3 8.41318 14
66.4 8.43035 14
66.5 8.43169 14
66.6 8.42922 14
66.7 8.42519 14
66.8 8.42175 14
66.9 8.41749 14
67.0 8.41401 14
67.1 8.41707 14
67.2 8.41361 14
67.3 8.42662 14
67.4 8.44422 14
67.5 8.46394 14
67.6 8.48384 14
67.7 8.50367 14
67.8 8.52354 14
67.9 8.54360 14
68.0 8.56360 14
68.1 8.58376 14
68.2 8.60387 14
68.3 8.62414 14
68.4 8.64435 14
68.5 8.68347 14
68.6 8.69553 14
68.7 8.68369 14
68.8 8.69570 14
68.9 8.87387 14
69.0 8.80100 14
69.1 8.80958 14
69.2 8.86687 14
69.3 8.95442 14
69.4 8.96741 14
69.5 8.96774 14
69.6 8.96373 14
69.7 8.95964 14
69.8 8.95449 14
69.9 8.95016 14
70.0 8.94499 14
70.1 8.95162 14
70.2 8.96904 14
70.3 8.98955 14
70.4 9.01053 14
70.5 8.98746 14
70.6 9.00830 14
70.7 9.02931 14
70.8 9.05025 14
70.9 9.07136 14
71.0 9.09241 14
71.1 9.11362 14
71.2 9.13477 14
71.3 9.15608 14
71.4 9.17732 14
71.5 9.19875 14
71.6 9.24312 14
71.7 9.25542 14
71.8 9.52261 14
71.9 9.40111 14
72.0 9.37769 14
72.1 9.40778 14
72.2 9.37681 14
72.3 9.39739 14
72.4 9.47001 14
72.5 9.55936 14
72.6 9.57211 14
72.7 9.57127 14
72.8 9.56730 14
72.9 9.56143 14
73.0 9.55602 14
73.1 9.54985 14
73.2 9.54459 14
73.3 9.54054 14
73.4 9.55925 14
73.5 9.57863 14
73.6 9.60082 14
73.7 9.62293 14
73.8 9.64521 14
73.9 9.66742 14
74.0 9.63764 14
74.1 9.65981 14
74.2 9.68189 14
74.3 9.70411 14
74.4 9.72629 14
74.5 9.74863 14
74.6 9.77088 14
74.7 9.79331 14
74.8 9.81564 14
74.9 9.83817 14
75.0 9.88112 14
75.1 9.89471 14
75.2 10.16737 14
75.3 10.04361 14
75.4 10.02967 14
75.5 10.06555 14
75.6 10.16060 14
75.7 10.24180 14
75.8 10.10565 14
75.9 10.22901 14
76.0 10.24925 14
76.1 10.25111 14
76.2 10.24745 14
76.3 10.24187 14
76.4 10.23478 14
76.5 10.22857 14
76.6 10.22132 14
76.7 10.21510 14
76.8 10.21379 14
76.9 10.23351 14
77.0 10.25375 14
77.1 10.27701 14
77.2 10.30016 14
77.3 10.32351 14
77.4 10.34690 14
77.5 10.37019 14
77.6 10.39366 14
77.7 10.35594 14
77.8 10.37922 14
77.9 10.40254 14
78.0 10.42576 14
78.1 10.44917 14
78.2 10.47249 14
78.3 10.49599 14
78.4 10.51935 14
78.5 10.54294 14
78.6 10.59011 14
78.7 10.60388 14
78.8 10.95845 14
78.9 10.80817 14
79.0 10.75970 14
79.1 10.77350 14
79.2 10.83327 14
79.3 10.97854 14
79.4 11.01039 14
79.5 11.01641 14
79.6 10.99271 14
79.7 11.01324 14
79.8 11.01498 14
79.9 11.01075 14
80.0 11.00434 14
80.1 10.99608 14
80.2 10.98896 14
80.3 10.98047 14
80.4 10.97330 14
80.5 10.96604 14
80.6 10.97567 14
80.7 10.99655 14
80.8 11.01843 14
80.9 11.04271 14
81.0 11.06685 14
81.1 11.09122 14
81.2 11.11564 14
81.3 11.13994 14
81.4 11.16444 14
81.5 11.18882 14
81.6 11.14222 14
81.7 11.16653 14
81.8 11.19072 14
81.9 11.21512 14
82.0 11.23939 14
82.1 11.26388 14
82.2 11.28840 14
82.3 11.31279 14
82.4 11.33741 14
82.5 11.36188 14
82.6 11.40163 14
82.7 11.81800 14
82.8 11.67740 14
82.9 11.58880 14
83.0 11.58228 14
83.1 11.62175 14
83.2 11.71479 14
83.3 11.85340 14
83.4 11.87249 14
83.5 11.87361 14
83.6 11.85116 14
83.7 11.87180 14
83.8 11.87382 14
83.9 11.86917 14
84.0 11.86183 14
84.1 11.85238 14
84.2 11.84406 14
84.3 11.83450 14
84.4 11.82610 14
84.5 11.81772 14
84.6 11.80820 14
84.7 11.82945 14
84.8 11.85114 14
84.9 11.87456 14
85.0 11.89985 14
85.1 11.92499 14
85.2 11.95035 14
85.3 11.97557 14
85.4 12.00096 14
85.5 12.02643 14
85.6 12.05176 14
85.7 11.99485 14
85.8 12.02010 14
85.9 12.04521 14
86.0 12.07054 14
86.1 12.09592 14
86.2 12.12114 14
86.3 12.14660 14
86.4 12.17208 14
86.5 12.19740 14
86.6 12.22298 14
86.7 12.24840 14
86.8 12.29320 14
86.9 12.30899 14
87.0 12.75455 14
87.1 12.55583 14
87.2 12.50060 14
87.3 12.50960 14
87.4 12.55986 14
87.5 12.67081 14
87.6 12.81692 14
87.7 12.83672 14
87.8 12.83820 14
87.9 12.78218 14
88.0 12.83088 14
88.1 12.83859 14
88.2 12.83580 14
88.3 12.82861 14
88.4 12.81857 14
88.5 12.80924 14
88.6 12.79807 14
88.7 12.78852 14
88.8 12.77898 14
88.9 12.76819 14
89.0 12.75869 14
89.1 12.77653 14
89.2 12.79922 14
89.3 12.82223 14
89.4 12.84847 14
89.5 12.87454 14
89.6 12.90084 14
89.7 12.92698 14
89.8 12.95335 14
89.9 12.97970 14
90.0 13.00595 14
90.1 12.93703 14
90.2 12.96319 14
90.3 12.98930 14
90.4 13.01532 14
90.5 13.04160 14
90.6 13.06768 14
90.7 13.09402 14
90.8 13.12038 14
90.9 13.14657 14
91.0 13.17300 14
91.1 13.19948 14
91.2 13.22575 14
91.3 13.25224 14
91.4 13.25973 14
91.5 13.30298 14
91.6 13.31911 14
91.7 13.82754 14
91.8 13.60147 14
91.9 13.53747 14
92.0 13.53764 14
92.1 13.57892 14
92.2 13.66748 14
92.3 13.53398 14
92.4 13.54184 14
92.5 13.58948 14
92.6 13.68691 14
92.7 13.87928 14
92.8 13.91440 14
92.9 13.92247 14
93.0 13.91950 14
93.1 13.91039 14
93.2 13.90067 14
93.3 13.89029 14
93.4 13.87828 14
93.5 13.86711 14
93.6 13.85638 14
93.7 13.84432 14
93.8 13.83363 14
93.9 13.82299 14
94.0 13.84640 14
94.1 13.87034 14
94.2 13.89432 14
94.3 13.92054 14
94.4 13.93727 14
94.5 13.94791 14
94.6 13.95865 14
94.7 13.91938 14
94.8 13.93671 14
94.9 13.94734 14
95.0 13.95789 14
95.1 13.96852 14
95.2 13.97905 14
95.3 13.98964 14
95.4 14.00026 14
95.5 14.01079 14
95.6 14.02140 14
95.7 14.03201 14
95.8 14.04253 14
95.9 14.05313 14
96.0 14.06373 14
96.1 14.07424 14
96.2 14.08483 14
96.3 14.09542 14
96.4 14.10592 14
96.5 14.11651 14
96.6 14.13061 14
96.7 14.36475 14
96.8 14.30498 14
96.9 14.24509 14
97.0 14.22723 14
97.1 14.13557 14
97.2 14.33606 14
97.3 14.25656 14
97.4 14.22987 14
97.5 14.22718 14
97.6 14.24006 14
97.7 14.26792 14
97.8 14.32088 14
97.9 14.38541 14
98.0 14.39363 14
98.1 14.39487 14
98.2 14.39301 14
98.3 14.38961 14
98.4 14.38502 14
98.5 14.38050 14
98.6 14.37609 14
98.7 14.37110 14
98.8 14.36664 14
98.9 14.36218 14
99.0 14.35719 14
99.1 14.35275 14
99.2 14.35275 14
99.3 14.36204 14
99.4 14.37122 14
99.5 14.38052 14
99.6 14.35061 14
99.7 14.35715 14
99.8 14.36623 14
99.9 14.37544 14
100.0 14.38482 14
100.1 14.39499 14
100.2 14.40525 14
100.3 14.41551 14
100.4 14.42564 14
100.5 14.43589 14
100.6 14.44613 14
100.7 14.45638 14
100.8 14.46653 14
100.9 14.47676 14
101.0 14.48700 14
101.1 14.49714 14
101.2 14.50736 14
101.3 14.51759 14
101.4 14.52772 14
101.5 14.53794 14
101.6 14.54815 14
101.7 14.55827 14
101.8 14.56848 14
101.9 14.57865 14
102.0 14.58884 14
102.1 14.55051 14
102.2 14.56053 14
102.3 14.57063 14
102.4 14.58069 14
102.5 14.59069 14
102.6 14.60357 14
102.7 14.61016 14
102.8 14.83520 14
102.9 14.74551 14
103.0 14.71326 14
103.1 14.70601 14
103.2 14.71341 14
103.3 14.73357 14
103.4 14.76984 14
103.5 14.83580 14
103.6 14.88194 14
103.7 14.88795 14
103.8 14.88865 14
103.9 14.88575 14
104.0 14.88215 14
104.1 14.87796 14
104.2 14.87295 14
104.3 14.86838 14
104.4 14.86376 14
104.5 14.85859 14
104.6 14.85396 14
104.7 14.84934 14
104.8 14.86860 14
104.9 14.86404 14
105.0 14.85947 14
105.1 14.85434 14
105.2 14.84976 14
105.3 14.84519 14
105.4 14.84010 14
105.5 14.83983 14
105.6 14.84881 14
105.7 14.85766 14
105.8 14.86663 14
105.9 14.87578 14
106.0 14.88564 14
106.1 14.89543 14
106.2 14.90532 14
106.3 14.91521 14
106.4 14.92500 14
106.5 14.93486 14
106.6 14.94471 14
106.7 14.95455 14
106.8 14.96430 14
106.9 14.97414 14
107.0 14.98397 14
107.1 14.99371 14
107.2 15.00354 14
107.3 15.01336 14
107.4 15.02318 14
107.5 14.98064 14
107.6 14.99037 14
107.7 15.00000 14
107.8 15.00972 14
107.9 15.01943 14
108.0 15.02905 14
108.1 15.03872 14
108.2 15.04843 14
108.3 15.05813 14
108.4 15.06773 14
108.5 15.07743 14
108.6 15.08712 14
108.7 15.09672 14
108.8 15.10628 14
108.9 15.37487 14
109.0 15.32751 14
109.1 15.25032 14
109.2 15.22037 14
109.3 15.21244 14
109.4 15.21783 14
109.5 15.23433 14
109.6 15.26356 14
109.7 15.31296 14
109.8 15.39642 14
109.9 15.40625 14
110.0 15.40977 14
110.1 15.40929 14
110.2 15.40610 14
110.3 15.40229 14
110.4 15.40062 14
110.5 15.40799 14
110.6 15.40995 14
110.7 15.40815 14
110.8 15.40505 14
110.9 15.40109 14
111.0 15.39671 14
111.1 15.39160 14
111.2 15.38695 14
111.3 15.38226 14
111.4 15.37757 14
111.5 15.37232 14
111.6 15.36762 14
111.7 15.36293 14
111.8 15.35826 14
111.9 15.35279 14
112.0 15.35733 14
112.1 15.36602 14
112.2 15.37459 14
112.3 15.38328 14
112.4 15.39196 14
112.5 15.40143 14
112.6 15.41081 14
112.7 15.42028 14
112.8 15.42975 14
112.9 15.43921 14
113.0 15.44858 14
113.1 15.45804 14
113.2 15.46749 14
113.3 15.42039 14
113.4 15.42975 14
113.5 15.43910 14
113.6 15.44837 14
113.7 15.45772 14
113.8 15.46706 14
113.9 15.47640 14
114.0 15.48564 14
114.1 15.49494 14
114.2 15.50427 14
114.3 15.51359 14
114.4 15.52282 14
114.5 15.53215 14
114.6 15.54147 14
114.7 15.55069 14
114.8 15.56000 14
114.9 15.56930 14
115.0 15.57861 14
115.1 15.58782 14
115.2 15.59712 14
115.3 15.60641 14
115.4 15.61570 14
115.5 15.62490 14
115.6 15.63328 14
115.7 15.63940 14
115.8 15.91711 14
115.9 15.82681 14
116.0 15.77491 14
116.1 15.75306 14
116.2 15.74802 14
116.3 15.75400 14
116.4 15.92171 14
116.5 15.86159 14
116.6 15.78978 14
116.7 15.75902 14
116.8 15.74849 14
116.9 15.75040 14
117.0 15.76189 14
117.1 15.78314 14
117.2 15.81708 14
117.3 15.87085 14
117.4 15.94985 14
117.5 15.95857 14
117.6 15.96187 14
117.7 15.96157 14
117.8 15.95866 14
117.9 15.95504 14
118.0 15.95082 14
118.1 15.94631 14
118.2 15.94109 14
118.3 15.93636 14
118.4 15.93159 14
118.5 15.92681 14
118.6 15.92148 14
118.7 15.91670 14
118.8 15.91192 14
118.9 15.90716 14
119.0 15.90186 14
119.1 15.89711 14
119.2 15.90296 14
119.3 15.91134 14
119.4 15.91960 14
119.5 15.92799 14
119.6 15.90537 14
119.7 15.90067 14
119.8 15.89656 14
119.9 15.90484 14
120.0 15.91312 14
120.1 15.92128 14
120.2 15.92956 14
120.3 15.93784 14
120.4 15.94487 14
120.5 15.94027 14
120.6 15.93501 14
120.7 15.93032 14
120.8 15.92507 14
120.9 15.91965 14
121.0 15.91495 14
121.1 15.91026 14
121.2 15.90504 14
121.3 15.89961 14
121.4 15.89840 14
121.5 15.90664 14
121.6 15.91610 14
121.7 15.92434 14
121.8 15.93258 14
121.9 15.94829 14
122.0 15.94249 14
122.1 15.93728 14
122.2 15.93262 14
122.3 15.92718 14
122.4 15.92196 14
122.5 15.91655 14
122.6 15.91111 14
122.7 15.90645 14
122.8 15.90049 14
122.9 15.93332 14
123.0 15.92794 14
123.1 15.92278 14
123.2 15.91743 14
123.3 15.91205 14
123.4 15.90744 14
123.5 15.90154 14
123.6 15.89620 14
123.7 15.90429 14
123.8 15.91239 14
123.9 15.92307 14
124.0 15.93117 14
124.1 15.94911 14
124.2 15.94267 14
124.3 15.93754 14
124.4 15.93295 14
124.5 15.92681 14
124.6 15.92167 14
124.7 15.91634 14
124.8 15.91020 14
124.9 15.90508 14
125.0 15.89974 14
125.1 15.90071 14
125.2 15.90878 14
125.3 15.91944 14
125.4 15.92887 14
125.5 15.93695 14
125.6 15.94322 14
125.7 15.93870 14
125.8 15.93353 14
125.9 15.92664 14
126.0 15.92151 14
126.1 15.91541 14
126.2 15.90929 14
126.3 15.90341 14
126.4 15.94142 14
126.5 15.93635 14
126.6 15.93029 14
126.7 15.92444 14
126.8 15.91918 14
126.9 15.91234 14
127.0 15.90782 14
127.1 15.90124 14
127.2 15.89793 14
127.3 15.90725 14
127.4 15.91642 14
127.5 15.92709 14
127.6 15.93641 14
127.7 15.94358 14
127.8 15.93837 14
127.9 15.93250 14
128.0 15.92512 14
128.1 15.91987 14
128.2 15.91226 14
128.3 15.90775 14
128.4 15.90040 14
128.5 15.89941 14
128.6 15.91007 14
128.7 15.92332 14
128.8 15.93263 14
128.9 15.94621 14
129.0 15.93973 14
129.1 15.93388 14
129.2 15.92496 14
129.3 15.91971 14
129.4 15.91133 14
129.5 15.90474 14
129.6 15.89641 14
129.7 15.93449 14
129.8 15.92608 14
129.9 15.92099 14
130.0 15.92531 14
130.1 15.92086 14
130.2 15.91181 14
130.3 15.90659 14
130.4 15.94029 14
130.5 15.93447 14
130.6 15.92613 14
130.7 15.92110 14
130.8 15.91202 14
130.9 15.90677 14
131.0 15.89946 14
131.1 15.93522 14
131.2 15.92762 14
131.3 15.92179 14
131.4 15.92744 14
131.5 15.92170 14
131.6 15.91345 14
131.7 15.90749 14
131.8 15.94115 14
131.9 15.93538 14
132.0 15.92785 14
132.1 15.92207 14
132.2 15.91456 14
132.3 15.90857 14
132.4 15.90052 14
132.5 15.90066 14
132.6 15.93024 14
132.7 15.92289 14
132.8 15.93010 14
132.9 15.92284 14
133.0 15.91539 14
133.1 15.90946 14
133.2 15.90134 14
133.3 15.93659 14
133.4 15.93140 14
133.5 15.92334 14
133.6 15.91587 14
133.7 15.90990 14
133.8 15.90188 14
133.9 15.89810 14
134.0 15.93237 14
134.1 15.92429 14
134.2 15.91911 14
134.3 15.92428 14
134.4 15.91918 14
134.5 15.91096 14
134.6 15.90375 14
134.7 15.93944 14
134.8 15.93370 14
134.9 15.92491 14
135.0 15.92051 14
135.1 15.91153 14
135.2 15.90638 14
135.3 15.89916 14
135.4 15.93481 14
135.5 15.92730 14
135.6 15.92156 14
135.7 15.92732 14
135.8 15.92167 14
135.9 15.91352 14
136.0 15.90841 14
136.1 15.94120 14
136.2 15.93552 14
136.3 15.92808 14
136.4 15.92240 14
136.5 15.91499 14
136.6 15.90908 14
136.7 15.90112 14
136.8 15.89967 14
136.9 15.93160 14
137.0 15.92358 14
137.1 15.91845 14
137.2 15.92370 14
137.3 15.91867 14
137.4 15.91050 14
137.5 15.90316 14
137.6 15.93897 14
137.7 15.93329 14
137.8 15.92456 14
137.9 15.91950 14
138.0 15.91131 14
138.1 15.90621 14
138.2 15.89899 14
138.3 15.93462 14
138.4 15.92718 14
138.5 15.92150 14
138.6 15.92732 14
138.7 15.92173 14
138.8 15.91364 14
138.9 15.90860 14
139.0 15.94207 14
139.1 15.93569 14
139.2 15.92986 14
139.3 15.92269 14
139.4 15.91534 14
139.5 15.90949 14
139.6 15.90159 14
139.7 15.89898 14
139.8 15.93205 14
139.9 15.92409 14
140.0 15.91903 14
140.1 15.92433 14
140.2 15.91936 14
140.3 15.91125 14
140.4 15.90466 14
140.5 15.93969 14
140.6 15.93408 14
140.7 15.92595 14
140.8 15.92114 14
140.9 15.91228 14
141.0 15.90725 14
141.1 15.90007 14
141.2 15.93563 14
141.3 15.92981 14
141.4 15.92264 14
141.5 15.91529 14
141.6 15.92297 14
141.7 15.91570 14
141.8 15.90995 14
141.9 15.90165 14
142.0 15.93838 14
142.1 15.93202 14
142.2 15.92414 14
142.3 15.91917 14
142.4 15.91107 14
142.5 15.90607 14
142.6 15.89635 14
142.7 15.93444 14
142.8 15.92709 14
142.9 15.92150 14
143.0 15.92741 14
143.1 15.92191 14
143.2 15.91468 14
143.3 15.90888 14
143.4 15.94229 14
143.5 15.93600 14
143.6 15.93026 14
143.7 15.92318 14
143.8 15.91592 14
143.9 15.91017 14
144.0 15.90312 14
144.1 15.89776 14
144.2 15.93354 14
144.3 15.92490 14
144.4 15.92066 14
144.5 15.92530 14
144.6 15.92115 14
144.7 15.91318 14
144.8 15.90719 14
144.9 15.94078 14
145.0 15.93528 14
145.1 15.92802 14
145.2 15.92252 14
145.3 15.91529 14
145.4 15.90956 14
145.5 15.90178 14
145.6 15.89897 14
145.7 15.93217 14
145.8 15.92433 14
145.9 15.91939 14
146.0 15.92480 14
146.1 15.92068 14
146.2 15.91197 14
146.3 15.90656 14
146.4 15.94032 14
146.5 15.93484 14
146.6 15.92761 14
146.7 15.92214 14
146.8 15.91494 14
146.9 15.90924 14
147.0 15.90133 14
147.1 15.89958 14
147.2 15.93185 14
147.3 15.92404 14
147.4 15.91914 14
147.5 15.92458 14
147.6 15.92049 14
147.7 15.91180 14
147.8 15.90634 14
147.9 15.94014 14
148.0 15.93468 14
148.1 15.92748 14
148.2 15.92204 14
148.3 15.91487 14
148.4 15.90920 14
148.5 15.90124 14
148.6 15.89969 14
148.7 15.93182 14
148.8 15.92404 14
148.9 15.91916 14
149.0 15.92463 14
149.1 15.92057 14
149.2 15.91191 14
149.3 15.90639 14
149.4 15.94022 14
149.5 15.93479 14
149.6 15.92762 14
149.7 15.92221 14
149.8 15.91506 14
149.9 15.90943 14
150.0 15.90149 14
150.1 15.89934 14
150.2 15.93204 14
150.3 15.92429 14
150.4 15.91945 14
150.5 15.92494 14
150.6 15.92091 14
150.7 15.91305 14
150.8 15.90677 14
150.9 15.94056 14
151.0 15.93516 14
151.1 15.92802 14
151.2 15.92264 14
151.3 15.91552 14
151.4 15.90992 14
151.5 15.90200 14
151.6 15.89842 14
151.7 15.93330 14
151.8 15.92481 14
151.9 15.92072 14
152.0 15.92605 14
152.1 15.92150 14
152.2 15.91444 14
152.3 15.90817 14
152.4 15.94114 14
152.5 15.93578 14
152.6 15.93022 14
152.7 15.92332 14
152.8 15.91855 14
152.9 15.91066 14
153.0 15.90360 14
153.1 15.89707 14
153.2 15.93404 14
153.3 15.92690 14
153.4 15.92152 14
153.5 15.91441 14
153.6 15.92234 14
153.7 15.91531 14
153.8 15.90920 14
153.9 15.90099 14
154.0 15.93665 14
154.1 15.93188 14
154.2 15.92424 14
154.3 15.92023 14
154.4 15.91164 14
154.5 15.90678 14
154.6 15.89906 14
154.7 15.93502 14
154.8 15.92791 14
154.9 15.92256 14
155.0 15.91547 14
155.1 15.92341 14
155.2 15.91873 14
155.3 15.91048 14
155.4 15.90288 14
155.5 15.93910 14
155.6 15.93378 14
155.7 15.92594 14
155.8 15.92142 14
155.9 15.91439 14
156.0 15.90887 14
156.1 15.90045 14
156.2 15.90067 14
156.3 15.93146 14
156.4 15.92382 14
156.5 15.91909 14
156.6 15.92471 14
156.7 15.92079 14
156.8 15.91200 14
156.9 15.90645 14
157.0 15.94041 14
157.1 15.93513 14
157.2 15.92965 14
157.3 15.92283 14
157.4 15.91583 14
157.5 15.91034 14
157.6 15.90292 14
157.7 15.89793 14
157.8 15.93369 14
157.9 15.92586 14
158.0 15.92134 14
158.1 15.91431 14
158.2 15.92233 14
158.3 15.91529 14
158.4 15.90900 14
158.5 15.90096 14
158.6 15.93669 14
158.7 15.93201 14
158.8 15.92445 14
158.9 15.92053 14
159.0 15.91202 14
159.1 15.90696 14
159.2 15.89940 14
159.3 15.93537 14
159.4 15.92989 14
159.5 15.92307 14
159.6 15.91839 14
159.7 15.92409 14
159.8 15.92022 14
159.9 15.91112 14
160.0 15.90442 14
160.1 15.93982 14
160.2 15.93458 14
160.3 15.92761 14
160.4 15.92239 14
160.5 15.91545 14
160.6 15.90981 14
160.7 15.90161 14
160.8 15.89877 14
160.9 15.93333 14
161.0 15.92501 14
161.1 15.92109 14
161.2 15.91335 14
161.3 15.92220 14
161.4 15.91492 14
161.5 15.90879 14
161.6 15.94253 14
161.7 15.93658 14
161.8 15.93195 14
161.9 15.92445 14
162.0 15.92058 14
162.1 15.91290 14
162.2 15.90692 14
162.3 15.89941 14
162.4 15.93544 14
162.5 15.93002 14
162.6 15.92326 14
162.7 15.91863 14
162.8 15.92437 14
162.9 15.92036 14
163.0 15.91140 14
163.1 15.90598 14
163.2 15.94012 14
163.3 15.93494 14
163.4 15.92957 14
163.5 15.92286 14
163.6 15.91828 14
163.7 15.91029 14
163.8 15.90288 14
163.9 15.89780 14
164.0 15.93387 14
164.1 15.92692 14
164.2 15.92174 14
164.3 15.91482 14
164.4 15.92294 14
164.5 15.91561 14
164.6 15.90959 14
164.7 15.90149 14
164.8 15.93870 14
164.9 15.93353 14
165.0 15.92586 14
165.1 15.92150 14
165.2 15.91453 14
165.3 15.90869 14
165.4 15.90043 14
165.5 15.90040 14
165.6 15.93177 14
165.7 15.92430 14
165.8 15.92046 14
165.9 15.91203 14
166.0 15.92154 14
166.1 15.91415 14
166.2 15.90727 14
166.3 15.94201 14
166.4 15.93613 14
166.5 15.93158 14
166.6 15.92416 14
166.7 15.92037 14
166.8 15.91158 14
166.9 15.90656 14
167.0 15.89906 14
167.1 15.93524 14
167.2 15.92989 14
167.3 15.92321 14
167.4 15.91867 14
167.5 15.92439 14
167.6 15.92025 14
167.7 15.91137 14
167.8 15.90602 14
167.9 15.94024 14
168.0 15.93514 14
168.1 15.92985 14
168.2 15.92322 14
168.3 15.91851 14
168.4 15.91049 14
168.5 15.90325 14
168.6 15.89705 14
168.7 15.93431 14
168.8 15.92745 14
168.9 15.92234 14
169.0 15.91550 14
169.1 15.92338 14
169.2 15.91853 14
169.3 15.91026 14
169.4 15.90305 14
169.5 15.93944 14
169.6 15.93436 14
169.7 15.92754 14
169.8 15.92238 14
169.9 15.91528 14
170.0 15.90960 14
170.1 15.90156 14
170.2 15.89858 14
170.3 15.93360 14
170.4 15.92675 14
170.5 15.92168 14
170.6 15.91475 14
170.7 15.92267 14
170.8 15.91544 14
170.9 15.90944 14
171.0 15.90152 14
171.1 15.93884 14
171.2 15.93377 14
171.3 15.92698 14
171.4 15.92173 14
171.5 15.91466 14
171.6 15.90892 14
171.7 15.90084 14
171.8 15.89953 14
171.9 15.93308 14
172.0 15.92494 14
172.1 15.92121 14
172.2 15.91409 14
172.3 15.92205 14
172.4 15.91485 14
172.5 15.90890 14
172.6 15.90109 14
172.7 15.93842 14
172.8 15.93338 14
172.9 15.92572 14
173.0 15.92128 14
173.1 15.91413 14
173.2 15.90842 14
173.3 15.90038 14
173.4 15.90026 14
173.5 15.93197 14
173.6 15.92463 14
173.7 15.92081 14
173.8 15.91295 14
173.9 15.92171 14
174.0 15.91454 14
174.1 15.90854 14
174.2 15.94255 14
174.3 15.93818 14
174.4 15.93316 14
174.5 15.92488 14
174.6 15.92089 14
174.7 15.91311 14
174.8 15.90819 14
174.9 15.90011 14
175.0 15.90057 14
175.1 15.93182 14
175.2 15.92439 14
175.3 15.92048 14
175.4 15.91199 14
175.5 15.92155 14
175.6 15.91431 14
175.7 15.90842 14
175.8 15.94247 14
175.9 15.93812 14
176.0 15.93301 14
176.1 15.92475 14
176.2 15.92079 14
176.3 15.91303 14
176.4 15.90814 14
176.5 15.90008 14
176.6 15.90058 14
176.7 15.93184 14
176.8 15.92432 14
176.9 15.92043 14
177.0 15.91197 14
177.1 15.92155 14
177.2 15.91443 14
177.3 15.90847 14
177.4 15.94254 14
177.5 15.93822 14
177.6 15.93302 14
177.7 15.92478 14
177.8 15.92085 14
177.9 15.91311 14
178.0 15.90824 14
178.1 15.90028 14
178.2 15.90031 14
178.3 15.93190 14
178.4 15.92440 14
178.5 15.92054 14
178.6 15.91287 14
178.7 15.92171 14
178.8 15.91461 14
178.9 15.90868 14
179.0 15.90104 14
179.1 15.93835 14
179.2 15.93318 14
179.3 15.92497 14
179.4 15.92116 14
179.5 15.91411 14
179.6 15.90859 14
179.7 15.90056 14
179.8 15.89977 14
179.9 15.93289 14
180.0 15.92476 14
180.1 15.92092 14
180.2 15.91316 14
180.3 15.92201 14
180.4 15.91494 14
180.5 15.90918 14
180.6 15.90130 14
180.7 15.93863 14
180.8 15.93349 14
180.9 15.92584 14
181.0 15.92152 14
181.1 15.91459 14
181.2 15.90899 14
181.3 15.90114 14
181.4 15.89908 14
181.5 15.93324 14
181.6 15.92568 14
181.7 15.92133 14
181.8 15.91436 14
181.9 15.92256 14
182.0 15.91550 14
182.1 15.90975 14
182.2 15.90263 14
182.3 15.93905 14
182.4 15.93393 14
182.5 15.92709 14
182.6 15.92201 14
182.7 15.91511 14
182.8 15.90963 14
182.9 15.90166 14
183.0 15.89814 14
183.1 15.93385 14
183.2 15.92697 14
183.3 15.92187 14
183.4 15.91503 14
183.5 15.92314 14
183.6 15.91851 14
183.7 15.91042 14
183.8 15.90322 14
183.9 15.93960 14
184.0 15.93462 14
184.1 15.92857 14
184.2 15.92274 14
184.3 15.91817 14
184.4 15.91039 14
184.5 15.90328 14
184.6 15.89698 14
184.7 15.93447 14
184.8 15.92762 14
184.9 15.92265 14
185.0 15.91804 14
185.1 15.91042 14
185.2 15.92007 14
185.3 15.91113 14
185.4 15.90602 14
185.5 15.94038 14
185.6 15.93532 14
185.7 15.93083 14
185.8 15.92349 14
185.9 15.91904 14
186.0 15.91116 14
186.1 15.90622 14
186.2 15.89899 14
186.3 15.93521 14
186.4 15.93081 14
186.5 15.92343 14
186.6 15.91896 14
186.7 15.91126 14
186.8 15.92088 14
186.9 15.91293 14
187.0 15.90691 14
187.1 15.94192 14
187.2 15.93613 14
187.3 15.93178 14
187.4 15.92445 14
187.5 15.92053 14
187.6 15.91281 14
187.7 15.90797 14
187.8 15.89995 14
187.9 15.90072 14
188.0 15.93168 14
188.1 15.92433 14
188.2 15.92061 14
188.3 15.91295 14
188.4 15.92180 14
188.5 15.91472 14
188.6 15.90888 14
188.7 15.90107 14
188.8 15.93852 14
188.9 15.93348 14
189.0 15.92673 14
189.1 15.92162 14
189.2 15.91468 14
189.3 15.90908 14
189.4 15.90110 14
189.5 15.89894 14
189.6 15.93355 14
189.7 15.92676 14
189.8 15.92162 14
189.9 15.91474 14
190.0 15.92283 14
190.1 15.91817 14
190.2 15.91008 14
190.3 15.90306 14
190.4 15.93952 14
190.5 15.93464 14
190.6 15.92855 14
190.7 15.92269 14
190.8 15.91808 14
190.9 15.91027 14
191.0 15.90325 14
191.1 15.89688 14
191.2 15.93462 14
191.3 15.92850 14
191.4 15.92284 14
191.5 15.91820 14
191.6 15.91055 14
191.7 15.92016 14
191.8 15.91139 14
191.9 15.90635 14
192.0 15.94073 14
192.1 15.93563 14
192.2 15.93111 14
192.3 15.92373 14
192.4 15.91999 14
192.5 15.91146 14
192.6 15.90670 14
192.7 15.89953 14
192.8 15.93577 14
192.9 15.93134 14
193.0 15.92392 14
193.1 15.92014 14
193.2 15.91178 14
193.3 15.92137 14
193.4 15.91446 14
193.5 15.90861 14
193.6 15.94254 14
193.7 15.93820 14
193.8 15.93322 14
193.9 15.92563 14
194.0 15.92137 14
194.1 15.91449 14
194.2 15.90883 14
194.3 15.90096 14
194.4 15.89916 14
194.5 15.93324 14
194.6 15.92573 14
194.7 15.92143 14
194.8 15.91462 14
194.9 15.92277 14
195.0 15.91818 14
195.1 15.91002 14
195.2 15.90307 14
195.3 15.93947 14
195.4 15.93452 14
195.5 15.92849 14
195.6 15.92270 14
195.7 15.91815 14
195.8 15.91041 14
195.9 15.90332 14
196.0 15.89687 14
196.1 15.93456 14
196.2 15.92850 14
196.3 15.92291 14
196.4 15.91844 14
196.5 15.91075 14
196.6 15.92029 14
196.7 15.91158 14
196.8 15.90648 14
196.9 15.94079 14
197.0 15.93576 14
197.1 15.93130 14
197.2 15.92398 14
197.3 15.92030 14
197.4 15.91181 14
197.5 15.90688 14
197.6 15.89965 14
197.7 15.90090 14
197.8 15.93158 14
197.9 15.92422 14
198.0 15.92051 14
198.1 15.91285 14
198.2 15.92183 14
198.3 15.91475 14
198.4 15.90891 14
198.5 15.90109 14
198.6 15.93854 14
198.7 15.93364 14
198.8 15.92688 14
198.9 15.92177 14
199.0 15.91483 14
199.1 15.90945 14
199.2 15.90144 14
199.3 15.89836 14
199.4 15.93381 14
199.5 15.92702 14
199.6 15.92188 14
199.7 15.91513 14
199.8 15.90967 14
199.9 15.91855 14
200.0 15.91053 14
200.1 15.90571 14
200.2 15.94001 14
200.3 15.93513 14
200.4 15.92981 14
200.5 15.92317 14
200.6 15.91869 14
200.7 15.91097 14
200.8 15.90610 14
200.9 15.89893 14
201.0 15.93534 14
201.1 15.93087 14
201.2 15.92342 14
201.3 15.91901 14
201.4 15.91125 14
201.5 15.92094 14
201.6 15.91403 14
201.7 15.90805 14
201.8 15.94215 14
201.9 15.93653 14
202.0 15.93277 14
202.1 15.92461 14
202.2 15.92111 14
202.3 15.91399 14
202.4 15.90843 14
202.5 15.90075 14
202.6 15.89958 14
202.7 15.93296 14
202.8 15.92556 14
202.9 15.92123 14
203.0 15.91428 14
203.1 15.90910 14
203.2 15.91561 14
203.3 15.90976 14
203.4 15.90292 14
203.5 15.93935 14
203.6 15.93436 14
203.7 15.92844 14
203.8 15.92261 14
203.9 15.91804 14
204.0 15.91026 14
204.1 15.90327 14
204.2 15.89700 14
204.3 15.93458 14
204.4 15.92849 14
204.5 15.92287 14
204.6 15.91850 14
204.7 15.91077 14
204.8 15.92028 14
204.9 15.91154 14
205.0 15.90654 14
205.1 15.94081 14
205.2 15.93588 14
205.3 15.93150 14
205.4 15.92404 14
205.5 15.92032 14
205.6 15.91270 14
205.7 15.90696 14
205.8 15.89969 14
205.9 15.90064 14
206.0 15.93169 14
206.1 15.92443 14
206.2 15.92055 14
206.3 15.91299 14
206.4 15.92193 14
206.5 15.91495 14
206.6 15.90907 14
206.7 15.90135 14
206.8 15.93889 14
206.9 15.93369 14
207.0 15.92704 14
207.1 15.92189 14
207.2 15.91504 14
207.3 15.90962 14
207.4 15.90268 14
207.5 15.89794 14
207.6 15.93415 14
207.7 15.92719 14
207.8 15.92214 14
207.9 15.91548 14
208.0 15.90985 14
208.1 15.91892 14
208.2 15.91086 14
208.3 15.90604 14
208.4 15.94029 14
208.5 15.93539 14
208.6 15.93080 14
208.7 15.92348 14
208.8 15.91980 14
208.9 15.91134 14
209.0 15.90643 14
209.1 15.89908 14
209.2 15.93559 14
209.3 15.93108 14
209.4 15.92386 14
209.5 15.92001 14
209.6 15.91172 14
209.7 15.92138 14
209.8 15.91431 14
209.9 15.90848 14
210.0 15.94234 14
210.1 15.93819 14
210.2 15.93315 14
210.3 15.92575 14
210.4 15.92142 14
210.5 15.91447 14
210.6 15.90874 14
210.7 15.90093 14
210.8 15.89910 14
210.9 15.93319 14
211.0 15.92666 14
211.1 15.92151 14
211.2 15.91463 14
211.3 15.90929 14
211.4 15.91831 14
211.5 15.91008 14
211.6 15.90409 14
211.7 15.93964 14
211.8 15.93475 14
211.9 15.92942 14
212.0 15.92291 14
212.1 15.91830 14
212.2 15.91047 14
212.3 15.90574 14
212.4 15.89655 14
212.5 15.93493 14
212.6 15.92968 14
212.7 15.92313 14
212.8 15.91872 14
212.9 15.91094 14
213.0 15.92064 14
213.1 15.91262 14
213.2 15.90691 14
213.3 15.94183 14
213.4 15.93609 14
213.5 15.93167 14
213.6 15.92427 14
213.7 15.92054 14
213.8 15.91286 14
213.9 15.90808 14
214.0 15.90031 14
214.1 15.90034 14
214.2 15.93258 14
214.3 15.92451 14
214.4 15.92082 14
214.5 15.91387 14
214.6 15.90858 14
214.7 15.91497 14
214.8 15.90925 14
214.9 15.90142 14
215.0 15.93891 14
215.1 15.93379 14
215.2 15.92709 14
215.3 15.92203 14
215.4 15.91500 14
215.5 15.90967 14
215.6 15.90282 14
215.7 15.89802 14
215.8 15.93418 14
215.9 15.92717 14
216.0 15.92221 14
216.1 15.91550 14
216.2 15.90983 14
216.3 15.91899 14
216.4 15.91065 14
216.5 15.90601 14
216.6 15.94021 14
216.7 15.93539 14
216.8 15.93075 14
216.9 15.92339 14
217.0 15.91979 14
217.1 15.91115 14
217.2 15.90632 14
217.3 15.89892 14
217.4 15.93552 14
217.5 15.93095 14
217.6 15.92368 14
217.7 15.91992 14
217.8 15.91133 14
217.9 15.92107 14
218.0 15.91407 14
218.1 15.90814 14
218.2 15.94213 14
218.3 15.93794 14
218.4 15.93285 14
218.5 15.92459 14
218.6 15.92114 14
218.7 15.91392 14
218.8 15.90841 14
218.9 15.90056 14
219.0 15.89982 14
219.1 15.93278 14
219.2 15.92542 14
219.3 15.92113 14
219.4 15.91409 14
219.5 15.90885 14
219.6 15.91537 14
219.7 15.90948 14
219.8 15.90162 14
219.9 15.93909 14
220.0 15.93417 14
220.1 15.92735 14
220.2 15.92209 14
220.3 15.91510 14
220.4 15.90982 14
220.5 15.90289 14
220.6 15.89782 14
220.7 15.93435 14
220.8 15.92725 14
220.9 15.92220 14
221.0 15.91554 14
221.1 15.90991 14
221.2 15.91898 14
221.3 15.91070 14
221.4 15.90610 14
221.5 15.94021 14
221.6 15.93530 14
221.7 15.93071 14
221.8 15.92339 14
221.9 15.91887 14
222.0 15.91111 14
222.1 15.90619 14
222.2 15.89864 14
222.3 15.93534 14
222.4 15.93083 14
222.5 15.92333 14
222.6 15.91975 14
222.7 15.91121 14
222.8 15.92086 14
222.9 15.91278 14
223.0 15.90705 14
223.1 15.94193 14
223.2 15.93615 14
223.3 15.93169 14
223.4 15.92439 14
223.5 15.92061 14
223.6 15.91276 14
223.7 15.90807 14
223.8 15.89972 14
223.9 15.90050 14
224.0 15.93168 14
224.1 15.92447 14
224.2 15.92049 14
224.3 15.91284 14
224.4 15.90828 14
224.5 15.91463 14
224.6 15.90894 14
224.7 15.90100 14
224.8 15.93845 14
224.9 15.93342 14
225.0 15.92667 14
225.1 15.92157 14
225.2 15.91449 14
225.3 15.90892 14
225.4 15.90119 14
225.5 15.89926 14
225.6 15.93325 14
225.7 15.92658 14
225.8 15.92130 14
225.9 15.91432 14
226.0 15.90925 14
226.1 15.91790 14
226.2 15.90969 14
226.3 15.90295 14
226.4 15.93921 14
226.5 15.93432 14
226.6 15.92745 14
226.7 15.92225 14
226.8 15.91505 14
226.9 15.90983 14
227.0 15.90295 14
227.1 15.89809 14
227.2 15.93426 14
227.3 15.92722 14
227.4 15.92194 14
227.5 15.91508 14
227.6 15.90978 14
227.7 15.91882 14
227.8 15.91041 14
227.9 15.90587 14
228.0 15.93993 14
228.1 15.93478 14
228.2 15.92948 14
228.3 15.92299 14
228.4 15.91825 14
228.5 15.91045 14
228.6 15.90574 14
228.7 15.89725 14
228.8 15.93468 14
228.9 15.92843 14
229.0 15.92292 14
229.1 15.91813 14
229.2 15.91063 14
229.3 15.92012 14
229.4 15.91086 14
229.5 15.90632 14
229.6 15.94043 14
229.7 15.93532 14
229.8 15.93081 14
229.9 15.92357 14
230.0 15.91870 14
230.1 15.91087 14
230.2 15.90617 14
230.3 15.89854 14
230.4 15.93505 14
230.5 15.93075 14
230.6 15.92318 14
230.7 15.91866 14
230.8 15.91092 14
230.9 15.92065 14
231.0 15.91138 14
231.1 15.90664 14
231.2 15.94063 14
231.3 15.93554 14
231.4 15.93103 14
231.5 15.92381 14
231.6 15.91979 14
231.7 15.91128 14
231.8 15.90631 14
231.9 15.89870 14
232.0 15.93535 14
232.1 15.93093 14
232.2 15.92338 14
232.3 15.91887 14
232.4 15.91101 14
232.5 15.92075 14
232.6 15.91149 14
232.7 15.90684 14
232.8 15.94153 14
232.9 15.93569 14
233.0 15.93106 14
233.1 15.92385 14
233.2 15.91984 14
233.3 15.91134 14
233.4 15.90639 14
233.5 15.89879 14
233.6 15.93546 14
233.7 15.93091 14
233.8 15.92337 14
233.9 15.91888 14
234.0 15.91102 14
234.1 15.92078 14
234.2 15.91154 14
234.3 15.90676 14
234.4 15.94070 14
234.5 15.93563 14
234.6 15.93102 14
234.7 15.92382 14
234.8 15.91983 14
234.9 15.91120 14
235.0 15.90626 14
235.1 15.89868 14
235.2 15.93536 14
235.3 15.93082 14
235.4 15.92315 14
235.5 15.91867 14
235.6 15.91083 14
235.7 15.92061 14
235.8 15.91102 14
235.9 15.90654 14
236.0 15.94042 14
236.1 15.93537 14
236.2 15.93077 14
236.3 15.92358 14
236.4 15.91849 14
236.5 15.91085 14
236.6 15.90583 14
236.7 15.89672 14
236.8 15.93477 14
236.9 15.92949 14
237.0 15.92286 14
237.1 15.91814 14
237.2 15.91042 14
237.3 15.91986 14
237.4 15.91057 14
237.5 15.90611 14
237.6 15.93996 14
237.7 15.93490 14
237.8 15.92939 14
237.9 15.92299 14
238.0 15.91805 14
238.1 15.91033 14
238.2 15.90402 14
238.3 15.89779 14
238.4 15.93423 14
238.5 15.92729 14
238.6 15.92169 14
238.7 15.91506 14
238.8 15.90957 14
238.9 15.91829 14
239.0 15.90981 14
239.1 15.90402 14
239.2 15.93926 14
239.3 15.93434 14
239.4 15.92730 14
239.5 15.92193 14
239.6 15.91469 14
239.7 15.90958 14
239.8 15.90135 14
239.9 15.89925 14
240.0 15.93323 14
240.1 15.92563 14
240.2 15.92096 14
240.3 15.91410 14
240.4 15.90862 14
240.5 15.91469 14
240.6 15.90885 14
240.7 15.90091 14
240.8 15.93822 14
240.9 15.93317 14
241.0 15.92565 14
241.1 15.92117 14
241.2 15.91282 14
241.3 15.90828 14
241.4 15.90034 14
241.5 15.90084 14
241.6 15.93134 14
241.7 15.92386 14
241.8 15.91989 14
241.9 15.91122 14
242.0 15.92104 14
242.1 15.91258 14
242.2 15.90686 14
242.3 15.94058 14
242.4 15.93558 14
242.5 15.93088 14
242.6 15.92361 14
242.7 15.91870 14
242.8 15.91060 14
242.9 15.90573 14
243.0 15.89706 14
243.1 15.93462 14
243.2 15.92835 14
243.3 15.92214 14
243.4 15.91513 14
243.5 15.90968 14
243.6 15.91857 14
243.7 15.91007 14
243.8 15.90395 14
243.9 15.93909 14
244.0 15.93396 14
244.1 15.92709 14
244.2 15.92186 14
244.3 15.91452 14
244.4 15.90882 14
244.5 15.90089 14
244.6 15.89996 14
244.7 15.93278 14
244.8 15.92535 14
244.9 15.92032 14
245.0 15.91256 14
245.1 15.90803 14
245.2 15.91405 14
245.3 15.90807 14
245.4 15.94202 14
245.5 15.93572 14
245.6 15.93105 14
245.7 15.92394 14
245.8 15.91989 14
245.9 15.91094 14
246.0 15.90571 14
246.1 15.89706 14
246.2 15.93465 14
246.3 15.92917 14
246.4 15.92222 14
246.5 15.91494 14
246.6 15.90951 14
246.7 15.91829 14
246.8 15.90987 14
246.9 15.90309 14
247.0 15.93874 14
247.1 15.93363 14
247.2 15.92678 14
247.3 15.92158 14
247.4 15.91416 14
247.5 15.90858 14
247.6 15.89985 14
247.7 15.90080 14
247.8 15.93141 14
247.9 15.92398 14
248.0 15.91991 14
248.1 15.91086 14
248.2 15.92073 14
248.3 15.91146 14
248.4 15.90657 14
248.5 15.94028 14
248.6 15.93476 14
248.7 15.92934 14
248.8 15.92249 14
248.9 15.91518 14
249.0 15.91009 14
249.1 15.90127 14
249.2 15.89926 14
249.3 15.93329 14
249.4 15.92653 14
249.5 15.92087 14
249.6 15.91261 14
249.7 15.90811 14
249.8 15.91416 14
249.9 15.90822 14
250.0 15.94219 14
