15.0 1.36082 13
15.1 1.36810 13
15.2 1.37518 13
15.3 1.38228 13
15.4 1.38941 13
15.5 1.39657 13
15.6 1.40376 13
15.7 1.41097 13
15.8 1.41794 13
15.9 1.42521 13
16.0 1.43221 13
16.1 1.43953 13
16.2 1.44657 13
16.3 1.45362 13
16.4 1.46104 13
16.5 1.46813 13
16.6 1.47525 13
16.7 1.48238 13
16.8 1.48954 13
16.9 1.49671 13
17.0 1.50391 13
17.1 1.51113 13
17.2 1.51796 13
17.3 1.52521 13
17.4 1.53249 13
17.5 1.53935 13
17.6 1.54667 13
17.7 1.55355 13
17.8 1.56091 13
17.9 1.56781 13
18.0 1.57471 13
18.1 1.58214 13
18.2 1.58906 13
18.3 1.59600 13
18.4 1.60294 13
18.5 1.60989 13
18.6 1.61742 13
18.7 1.62439 13
18.8 1.63138 13
18.9 1.63837 13
19.0 1.64537 13
19.1 1.65239 13
19.2 1.65941 13
19.3 1.66654 13
19.4 1.67359 13
19.5 1.67996 13
19.6 1.68701 13
19.7 1.69408 13
19.8 1.70115 13
19.9 1.70823 13
20.0 1.71459 13
20.1 1.72169 13
20.2 1.72879 13
20.3 1.73591 13
20.4 1.74225 13
20.5 1.74939 13
20.6 1.75653 13
20.7 1.76286 13
20.8 1.77001 13
20.9 1.77633 13
21.0 1.78350 13
21.1 1.79068 13
21.2 1.79704 13
21.3 1.80756 13
21.4 1.81680 13
21.5 1.82746 13
21.6 1.83679 13
21.7 1.84759 13
21.8 1.85700 13
21.9 1.86794 13
22.0 1.87744 13
22.1 1.88853 13
22.2 1.89812 13
22.3 1.90774 13
22.4 1.91903 13
22.5 1.92874 13
22.6 1.94018 13
22.7 1.94998 13
22.8 1.95981 13
22.9 1.97147 13
23.0 1.98139 13
23.1 1.99135 13
23.2 20.62096 14
23.3 20.69371 14
23.4 20.76629 14
23.5 20.85297 14
23.6 20.92540 14
23.7 20.99768 14
23.8 21.08458 14
23.9 21.15667 14
24.0 21.22860 14
24.1 21.30037 14
24.2 21.38742 14
24.3 21.45902 14
24.4 21.53045 14
24.5 21.60173 14
24.6 21.68896 14
24.7 21.76007 14
24.8 21.83102 14
24.9 21.90181 14
25.0 21.97244 14
25.1 22.05988 14
25.2 22.13036 14
25.3 22.20068 14
25.4 22.27085 14
25.5 22.34086 14
25.6 22.42854 14
25.7 22.49841 14
25.8 22.56812 14
25.9 22.63768 14
26.0 22.70710 14
26.1 22.77636 14
26.2 22.86432 14
26.3 22.93344 14
26.4 23.00242 14
26.5 23.07124 14
26.6 23.13992 14
26.7 23.20845 14
26.8 23.27683 14
26.9 23.36515 14
27.0 23.43340 14
27.1 23.50152 14
27.2 5.71747 14
27.3 5.81433 14
27.4 5.91188 14
27.5 6.01010 14
27.6 6.10899 14
27.7 6.20856 14
27.8 6.34134 14
27.9 6.44278 14
28.0 6.54489 14
28.1 6.64767 14
28.2 6.75111 14
28.3 6.85522 14
28.4 6.95998 14
28.5 7.06540 14
28.6 7.17148 14
28.7 7.27820 14
28.8 7.38558 14
28.9 7.49360 14
29.0 7.60227 14
29.1 7.75185 14
29.2 7.86242 14
29.3 7.97363 14
29.4 8.08548 14
29.5 8.19797 14
29.6 8.31110 14
29.7 8.42486 14
29.8 8.53926 14
29.9 8.65428 14
30.0 8.76993 14
30.1 8.88621 14
30.2 9.00311 14
30.3 9.12063 14
30.4 9.23955 14
30.5 9.38271 14
30.6 9.52652 14
30.7 9.67099 14
30.8 9.81610 14
30.9 9.96185 14
31.0 10.10824 14
31.1 10.25527 14
31.2 10.40293 14
31.3 10.55122 14
31.4 10.70013 14
31.5 10.84966 14
31.6 10.99981 14
31.7 11.15057 14
31.8 11.30194 14
31.9 11.45391 14
32.0 11.60649 14
32.1 11.75966 14
32.2 11.91343 14
32.3 12.06779 14
32.4 12.22273 14
32.5 12.37826 14
32.6 12.53438 14
32.7 12.69106 14
32.8 12.84832 14
32.9 13.00615 14
33.0 13.16455 14
33.1 13.32351 14
33.2 13.48303 14
33.3 13.64311 14
33.4 13.80374 14
33.5 13.96491 14
33.6 14.12664 14
33.7 14.28890 14
33.8 14.45171 14
33.9 14.61505 14
34.0 14.77893 14
34.1 14.94333 14
34.2 15.10827 14
34.3 15.27372 14
34.4 15.43970 14
34.5 15.60619 14
34.6 15.77319 14
34.7 15.94071 14
34.8 16.10874 14
34.9 16.27726 14
35.0 16.44629 14
35.1 16.61582 14
35.2 16.78585 14
35.3 16.95636 14
35.4 17.12737 14
35.5 17.29886 14
35.6 17.47083 14
35.7 17.64329 14
35.8 17.81622 14
35.9 17.98963 14
36.0 18.16350 14
36.1 18.33785 14
36.2 18.51266 14
36.3 18.68794 14
36.4 18.86367 14
36.5 19.03987 14
36.6 19.21651 14
36.7 19.39361 14
36.8 19.57116 14
36.9 19.74915 14
37.0 19.92759 14
37.1 20.10646 14
37.2 20.28578 14
37.3 20.46553 14
37.4 20.64571 14
37.5 20.82632 14
37.6 21.00736 14
37.7 21.05849 14
37.8 21.23921 14
37.9 21.42033 14
38.0 21.60187 14
38.1 21.78382 14
38.2 21.96617 14
38.3 22.14893 14
38.4 22.33209 14
38.5 22.51565 14
38.6 22.69960 14
38.7 22.88395 14
38.8 23.06869 14
38.9 23.25381 14
39.0 23.43933 14
39.1 23.62522 14
39.2 23.81150 14
39.3 23.99816 14
39.4 24.18519 14
39.5 24.37260 14
39.6 24.56038 14
39.7 24.74853 14
39.8 24.93705 14
39.9 25.12593 14
40.0 25.31517 14
40.1 25.50478 14
40.2 25.53481 14
40.3 25.72384 14
40.4 25.91323 14
40.5 26.10296 14
40.6 26.29303 14
40.7 26.48344 14
40.8 26.67420 14
40.9 26.86529 14
41.0 27.05671 14
41.1 27.24847 14
41.2 27.44056 14
41.3 27.63298 14
41.4 27.82573 14
41.5 28.01880 14
41.6 28.21219 14
41.7 28.40590 14
41.8 28.59993 14
41.9 28.79427 14
42.0 28.98893 14
42.1 29.18390 14
42.2 29.37918 14
42.3 29.38831 14
42.4 29.58284 14
42.5 29.77766 14
42.6 29.97278 14
42.7 30.16820 14
42.8 30.36391 14
42.9 30.55991 14
43.0 30.75620 14
43.1 30.91041 14
43.2 31.10695 14
43.3 31.30378 14
43.4 31.50088 14
43.5 31.69826 14
43.6 31.89592 14
43.7 32.09386 14
43.8 32.29206 14
43.9 32.49054 14
44.0 32.68928 14
44.1 32.88830 14
44.2 33.08757 14
44.3 33.07409 14
44.4 33.27246 14
44.5 33.39453 14
44.6 33.44283 14
44.7 33.49106 14
44.8 33.53920 14
44.9 33.58726 14
45.0 33.63523 14
45.1 33.68313 14
45.2 33.73094 14
45.3 33.77867 14
45.4 33.82631 14
45.5 33.87388 14
45.6 33.92137 14
45.7 33.96877 14
45.8 34.01609 14
45.9 34.06334 14
46.0 34.11050 14
46.1 34.10228 14
46.2 34.14908 14
46.3 34.19581 14
46.4 34.24246 14
46.5 34.28904 14
46.6 34.33553 14
46.7 34.38194 14
46.8 34.42828 14
46.9 34.47453 14
47.0 34.52071 14
47.1 34.56681 14
47.2 34.61283 14
47.3 34.65878 14
47.4 34.70464 14
47.5 34.75044 14
47.6 34.79615 14
47.7 34.84179 14
47.8 34.88735 14
47.9 34.93284 14
48.0 34.91953 14
48.1 34.96467 14
48.2 35.00973 14
48.3 35.05473 14
48.4 35.09964 14
48.5 35.14448 14
48.6 35.18925 14
48.7 35.23394 14
48.8 35.27856 14
48.9 35.32310 14
49.0 35.36757 14
49.1 35.41197 14
49.2 35.45629 14
49.3 35.50054 14
49.4 35.54472 14
49.5 35.58883 14
49.6 35.63286 14
49.7 35.67682 14
49.8 35.65879 14
49.9 35.70242 14
50.0 35.74597 14
50.1 35.78945 14
50.2 35.83286 14
50.3 35.87619 14
50.4 35.91946 14
50.5 35.96265 14
50.6 36.00578 14
50.7 36.04883 14
50.8 36.09182 14
50.9 36.13473 14
51.0 36.17757 14
51.1 36.22035 14
51.2 36.26305 14
51.3 36.30569 14
51.4 36.34825 14
51.5 36.39075 14
51.6 36.36812 14
51.7 36.41029 14
51.8 36.45239 14
51.9 36.49442 14
52.0 36.53639 14
52.1 36.57829 14
52.2 36.62012 14
52.3 36.66188 14
52.4 36.70357 14
52.5 36.74520 14
52.6 36.78676 14
52.7 36.82825 14
52.8 36.86968 14
52.9 36.91104 14
53.0 36.95233 14
53.1 36.99356 14
53.2 37.03472 14
53.3 37.07582 14
53.4 37.04869 14
53.5 37.08946 14
53.6 37.13018 14
53.7 37.17082 14
53.8 37.21140 14
53.9 37.25192 14
54.0 37.29237 14
54.1 37.33276 14
54.2 37.37308 14
54.3 37.41334 14
54.4 37.45354 14
54.5 37.49367 14
54.6 37.53374 14
54.7 37.57374 14
54.8 37.61369 14
54.9 37.65357 14
55.0 37.69338 14
55.1 37.73313 14
55.2 37.77283 14
55.3 37.74105 14
55.4 37.78043 14
55.5 37.81975 14
55.6 37.85900 14
55.7 37.89819 14
55.8 37.93732 14
55.9 37.97640 14
56.0 38.01540 14
56.1 38.05435 14
56.2 38.09324 14
56.3 38.13206 14
56.4 38.17083 14
56.5 38.20954 14
56.6 38.24818 14
56.7 38.28676 14
56.8 38.32529 14
56.9 38.36375 14
57.0 38.40216 14
57.1 38.36610 14
57.2 38.40420 14
57.3 38.44224 14
57.4 38.48022 14
57.5 38.51814 14
57.6 38.55601 14
57.7 38.59381 14
57.8 38.63156 14
57.9 38.66925 14
58.0 38.70688 14
58.1 38.74445 14
58.2 38.78197 14
58.3 38.81943 14
58.4 38.85683 14
58.5 38.89417 14
58.6 38.93145 14
58.7 38.96868 14
58.8 39.00585 14
58.9 39.04296 14
59.0 39.08002 14
59.1 39.03930 14
59.2 39.07606 14
59.3 39.11276 14
59.4 39.14941 14
59.5 39.18600 14
59.6 39.22254 14
59.7 39.25902 14
59.8 39.29544 14
59.9 39.33181 14
60.0 39.36812 14
60.1 39.40438 14
60.2 39.44059 14
60.3 39.47673 14
60.4 39.51283 14
60.5 39.54887 14
60.6 39.58485 14
60.7 39.62078 14
60.8 39.65665 14
60.9 39.69248 14
61.0 39.64746 14
61.1 39.68299 14
61.2 39.71847 14
61.3 39.75389 14
61.4 39.78927 14
61.5 39.82458 14
61.6 39.85985 14
61.7 39.89506 14
61.8 39.93022 14
61.9 39.96533 14
62.0 40.00038 14
62.1 40.03538 14
62.2 40.07033 14
62.3 40.10522 14
62.4 40.14007 14
62.5 40.17486 14
62.6 40.20960 14
62.7 40.24429 14
62.8 40.27892 14
62.9 40.31351 14
63.0 40.26408 14
63.1 40.29838 14
63.2 40.33263 14
63.3 40.36683 14
63.4 40.40098 14
63.5 40.43508 14
63.6 40.46913 14
63.7 40.50313 14
63.8 40.53708 14
63.9 40.57098 14
64.0 40.60482 14
64.1 40.63862 14
64.2 40.67237 14
64.3 40.70606 14
64.4 40.73971 14
64.5 40.77331 14
64.6 40.80686 14
64.7 40.84036 14
64.8 40.87381 14
64.9 40.90721 14
65.0 40.85349 14
65.1 40.88662 14
65.2 40.91970 14
65.3 40.95272 14
65.4 40.98571 14
65.5 41.01864 14
65.6 41.05152 14
65.7 41.08436 14
65.8 41.11715 14
65.9 41.14988 14
66.0 41.18258 14
66.1 41.21522 14
66.2 41.24782 14
66.3 41.28037 14
66.4 41.31287 14
66.5 41.34532 14
66.6 41.37773 14
66.7 41.41009 14
66.8 41.44240 14
66.9 41.47467 14
67.0 41.50689 14
67.1 41.44879 14
67.2 41.48074 14
67.3 41.51265 14
67.4 41.54451 14
67.5 41.57632 14
67.6 41.60809 14
67.7 41.63981 14
67.8 41.67149 14
67.9 41.70312 14
68.0 41.73470 14
68.1 41.76624 14
68.2 41.79773 14
68.3 41.82918 14
68.4 41.86059 14
68.5 41.89194 14
68.6 41.92326 14
68.7 41.95452 14
68.8 41.98575 14
68.9 42.01693 14
69.0 42.04806 14
69.1 42.07915 14
69.2 42.11019 14
69.3 42.04763 14
69.4 42.07841 14
69.5 42.10915 14
69.6 42.13985 14
69.7 42.17051 14
69.8 42.20112 14
69.9 42.23168 14
70.0 42.26221 14
70.1 42.29269 14
70.2 42.32312 14
70.3 42.35351 14
70.4 42.38386 14
70.5 42.41417 14
70.6 42.44443 14
70.7 42.47465 14
70.8 42.50483 14
70.9 42.53497 14
71.0 42.56506 14
71.1 42.59511 14
71.2 42.62512 14
71.3 42.65508 14
71.4 42.68501 14
71.5 42.61811 14
71.6 42.64778 14
71.7 42.67741 14
71.8 42.70700 14
71.9 42.73655 14
72.0 42.76605 14
72.1 42.79551 14
72.2 42.82494 14
72.3 42.85432 14
72.4 42.88365 14
72.5 42.91295 14
72.6 42.94221 14
72.7 42.97142 14
72.8 43.00060 14
72.9 43.02973 14
73.0 43.05882 14
73.1 43.08788 14
73.2 43.11689 14
73.3 43.14586 14
73.4 43.17479 14
73.5 43.20368 14
73.6 43.23253 14
73.7 43.26134 14
73.8 43.19006 14
73.9 43.21863 14
74.0 43.24715 14
74.1 43.27564 14
74.2 43.30409 14
74.3 43.33250 14
74.4 43.36086 14
74.5 43.38919 14
74.6 43.41748 14
74.7 43.44573 14
74.8 43.47394 14
74.9 43.50212 14
75.0 43.53025 14
75.1 43.55834 14
75.2 43.58640 14
75.3 43.61442 14
75.4 43.64239 14
75.5 43.67033 14
75.6 43.69823 14
75.7 43.72610 14
75.8 43.75392 14
75.9 43.78171 14
76.0 43.80946 14
76.1 43.83717 14
76.2 43.76145 14
76.3 43.78892 14
76.4 43.81636 14
76.5 43.84376 14
76.6 43.87112 14
76.7 43.89844 14
76.8 43.92573 14
76.9 43.95298 14
77.0 43.98019 14
77.1 44.00736 14
77.2 44.03450 14
77.3 44.06160 14
77.4 44.08866 14
77.5 44.11569 14
77.6 44.14268 14
77.7 44.16963 14
77.8 44.19654 14
77.9 44.22342 14
78.0 44.25027 14
78.1 44.27707 14
78.2 44.30384 14
78.3 44.33058 14
78.4 44.35728 14
78.5 44.38394 14
78.6 44.41056 14
78.7 44.33037 14
78.8 44.35677 14
78.9 44.38313 14
79.0 44.40946 14
79.1 44.43575 14
79.2 44.46200 14
79.3 44.48822 14
79.4 44.51440 14
79.5 44.54055 14
79.6 44.56666 14
79.7 44.59274 14
79.8 44.61878 14
79.9 44.64479 14
80.0 44.67076 14
80.1 44.69670 14
80.2 44.72260 14
80.3 44.74847 14
80.4 44.77431 14
80.5 44.80011 14
80.6 44.82587 14
80.7 44.85160 14
80.8 44.87730 14
80.9 44.90296 14
81.0 44.92859 14
81.1 44.95418 14
81.2 44.97974 14
81.3 44.89505 14
81.4 44.92039 14
81.5 44.94569 14
81.6 44.97096 14
81.7 44.99620 14
81.8 45.02140 14
81.9 45.04657 14
82.0 45.07171 14
82.1 45.09681 14
82.2 45.12188 14
82.3 45.14691 14
82.4 45.17192 14
82.5 45.19689 14
82.6 45.22182 14
82.7 45.24673 14
82.8 45.27160 14
82.9 45.29644 14
83.0 45.32124 14
83.1 45.34601 14
83.2 45.37075 14
83.3 45.39546 14
83.4 45.42014 14
83.5 45.44478 14
83.6 45.46939 14
83.7 45.49397 14
83.8 45.51851 14
83.9 45.42950 14
84.0 45.45383 14
84.1 45.47813 14
84.2 45.50240 14
84.3 45.52663 14
84.4 45.55083 14
84.5 45.57501 14
84.6 45.59915 14
84.7 45.62325 14
84.8 45.64733 14
84.9 45.67138 14
85.0 45.69539 14
85.1 45.71937 14
85.2 45.74332 14
85.3 45.76724 14
85.4 45.79113 14
85.5 45.81499 14
85.6 45.83882 14
85.7 45.86261 14
85.8 45.88638 14
85.9 45.91011 14
86.0 45.93382 14
86.1 45.95749 14
86.2 45.98113 14
86.3 46.00474 14
86.4 46.02832 14
86.5 46.05187 14
86.6 46.07539 14
86.7 45.98188 14
86.8 46.00519 14
86.9 46.02847 14
87.0 46.05172 14
87.1 46.07495 14
87.2 46.09814 14
87.3 46.12130 14
87.4 46.14443 14
87.5 46.16753 14
87.6 46.19061 14
87.7 46.21365 14
87.8 46.23666 14
87.9 46.25965 14
88.0 46.28260 14
88.1 46.30553 14
88.2 46.32842 14
88.3 46.35129 14
88.4 46.37413 14
88.5 46.39693 14
88.6 46.41971 14
88.7 46.44246 14
88.8 46.46518 14
88.9 46.48787 14
89.0 46.51054 14
89.1 46.53317 14
89.2 46.55578 14
89.3 46.57835 14
89.4 46.60090 14
89.5 46.62342 14
89.6 46.52541 14
89.7 46.54773 14
89.8 46.57002 14
89.9 46.59228 14
90.0 46.61451 14
90.1 46.63672 14
90.2 46.65889 14
90.3 46.68104 14
90.4 46.70316 14
90.5 46.72526 14
90.6 46.74732 14
90.7 46.76936 14
90.8 46.79136 14
90.9 46.81335 14
91.0 46.83530 14
91.1 46.85722 14
91.2 46.87912 14
91.3 46.90099 14
91.4 46.92284 14
91.5 46.94465 14
91.6 46.96644 14
91.7 46.98820 14
91.8 47.00993 14
91.9 47.03164 14
92.0 47.05332 14
92.1 47.07497 14
92.2 47.09659 14
92.3 47.11819 14
92.4 47.13976 14
92.5 47.16130 14
92.6 47.18281 14
92.7 47.08018 14
92.8 47.10150 14
92.9 47.12280 14
93.0 47.14407 14
93.1 47.16531 14
93.2 47.18652 14
93.3 47.20771 14
93.4 47.22888 14
93.5 47.25001 14
93.6 47.27112 14
93.7 47.29221 14
93.8 47.31327 14
93.9 47.33430 14
94.0 47.35530 14
94.1 47.37628 14
94.2 47.39724 14
94.3 47.41816 14
94.4 47.43907 14
94.5 47.45994 14
94.6 47.48079 14
94.7 47.50161 14
94.8 47.52241 14
94.9 47.54318 14
95.0 47.56393 14
95.1 47.58465 14
95.2 47.60535 14
95.3 47.62602 14
95.4 47.64666 14
95.5 47.66728 14
95.6 47.68787 14
95.7 47.70844 14
95.8 47.72899 14
95.9 47.62177 14
96.0 47.64213 14
96.1 47.66246 14
96.2 47.68277 14
96.3 47.70305 14
96.4 47.72331 14
96.5 47.74354 14
96.6 47.76375 14
96.7 47.78393 14
96.8 47.80409 14
96.9 47.82422 14
97.0 47.84433 14
97.1 47.86441 14
97.2 47.88447 14
97.3 47.90451 14
97.4 47.92452 14
97.5 47.94451 14
97.6 47.96447 14
97.7 47.98440 14
97.8 48.00432 14
97.9 48.02421 14
98.0 48.04407 14
98.1 48.06391 14
98.2 48.08373 14
98.3 48.10352 14
98.4 48.12329 14
98.5 48.14303 14
98.6 48.16275 14
98.7 48.18245 14
98.8 48.20212 14
98.9 48.22177 14
99.0 48.24140 14
99.1 48.26100 14
99.2 48.28057 14
99.3 48.16869 14
99.4 48.18809 14
99.5 48.20747 14
99.6 48.22682 14
99.7 48.24615 14
99.8 48.26545 14
99.9 48.28473 14
100.0 48.30399 14
100.1 48.32323 14
100.2 48.34244 14
100.3 48.36163 14
100.4 48.38080 14
100.5 48.39994 14
100.6 48.41906 14
100.7 48.43816 14
100.8 48.45723 14
100.9 48.47628 14
101.0 48.49531 14
101.1 48.51432 14
101.2 48.53330 14
101.3 48.55226 14
101.4 48.57120 14
101.5 48.59011 14
101.6 48.60901 14
101.7 48.62788 14
101.8 48.64672 14
101.9 48.66555 14
102.0 48.68435 14
102.1 48.70313 14
102.2 48.72189 14
102.3 48.74062 14
102.4 48.75934 14
102.5 48.77803 14
102.6 48.79670 14
102.7 48.81534 14
102.8 48.69887 14
102.9 48.71735 14
103.0 48.73580 14
103.1 48.75423 14
103.2 48.77264 14
103.3 48.79103 14
103.4 48.80940 14
103.5 48.82774 14
103.6 48.84606 14
103.7 48.86436 14
103.8 48.88264 14
103.9 48.90090 14
104.0 48.91914 14
104.1 48.93735 14
104.2 48.95554 14
104.3 48.97371 14
104.4 48.99186 14
104.5 49.00999 14
104.6 49.02810 14
104.7 49.04619 14
104.8 49.06425 14
104.9 49.08229 14
105.0 49.10032 14
105.1 49.11832 14
105.2 49.13630 14
105.3 49.15426 14
105.4 49.17219 14
105.5 49.19011 14
105.6 49.20801 14
105.7 49.22588 14
105.8 49.24373 14
105.9 49.26157 14
106.0 49.27938 14
106.1 49.29717 14
106.2 49.31494 14
106.3 49.33269 14
106.4 49.35042 14
106.5 49.22931 14
106.6 49.24688 14
106.7 49.26442 14
106.8 49.28195 14
106.9 49.29945 14
107.0 49.31693 14
107.1 49.33440 14
107.2 49.35184 14
107.3 49.36926 14
107.4 49.38666 14
107.5 49.40405 14
107.6 49.42141 14
107.7 49.43875 14
107.8 49.45607 14
107.9 49.47337 14
108.0 49.49065 14
108.1 49.50792 14
108.2 49.52516 14
108.3 49.54238 14
108.4 49.55958 14
108.5 49.57676 14
108.6 49.59392 14
108.7 49.61107 14
108.8 49.62819 14
108.9 49.64529 14
109.0 49.66237 14
109.1 49.67944 14
109.2 49.69648 14
109.3 49.71351 14
109.4 49.73051 14
109.5 49.74749 14
109.6 49.76446 14
109.7 49.78141 14
109.8 49.79833 14
109.9 49.81524 14
110.0 49.83213 14
110.1 49.84900 14
110.2 49.86585 14
110.3 49.88268 14
110.4 49.89949 14
110.5 49.77358 14
110.6 49.79023 14
110.7 49.80687 14
110.8 49.82348 14
110.9 49.84008 14
111.0 49.85666 14
111.1 49.87322 14
111.2 49.88976 14
111.3 49.90628 14
111.4 49.92278 14
111.5 49.93926 14
111.6 49.95573 14
111.7 49.97217 14
111.8 49.98860 14
111.9 50.00501 14
112.0 50.02140 14
112.1 50.03777 14
112.2 50.05412 14
112.3 50.07046 14
112.4 50.08678 14
112.5 50.10307 14
112.6 50.11935 14
112.7 50.13561 14
112.8 50.15185 14
112.9 50.16808 14
113.0 50.18428 14
113.1 50.20047 14
113.2 50.21664 14
113.3 50.23279 14
113.4 50.24892 14
113.5 50.26504 14
113.6 50.28113 14
113.7 50.29721 14
113.8 50.31327 14
113.9 50.32931 14
114.0 50.34534 14
114.1 50.36134 14
114.2 50.37733 14
114.3 50.39330 14
114.4 50.40925 14
114.5 50.42518 14
114.6 50.44110 14
114.7 50.31040 14
114.8 50.32617 14
114.9 50.34192 14
115.0 50.35765 14
115.1 50.37336 14
115.2 50.38906 14
115.3 50.40474 14
115.4 50.42040 14
115.5 50.43604 14
115.6 50.45167 14
115.7 50.46728 14
115.8 50.48287 14
115.9 50.49844 14
116.0 50.51400 14
116.1 50.52954 14
116.2 50.54506 14
116.3 50.56057 14
116.4 50.57605 14
116.5 50.59152 14
116.6 50.60698 14
116.7 50.62241 14
116.8 50.63783 14
116.9 50.65323 14
117.0 50.66862 14
117.1 50.68398 14
117.2 50.69934 14
117.3 50.71467 14
117.4 50.72999 14
117.5 50.74528 14
117.6 50.76057 14
117.7 50.77583 14
117.8 50.79108 14
117.9 50.80631 14
118.0 50.82153 14
118.1 50.83673 14
118.2 50.85191 14
118.3 50.86707 14
118.4 50.88222 14
118.5 50.89735 14
118.6 50.91247 14
118.7 50.92757 14
118.8 50.94265 14
118.9 50.95771 14
119.0 50.97276 14
119.1 50.83731 14
119.2 50.85222 14
119.3 50.86711 14
119.4 50.88198 14
119.5 50.89684 14
119.6 50.91168 14
119.7 50.92650 14
119.8 50.94131 14
119.9 50.95611 14
120.0 50.97088 14
120.1 50.98564 14
120.2 51.00039 14
120.3 51.01511 14
120.4 51.02983 14
120.5 51.04452 14
120.6 51.05920 14
120.7 51.07386 14
120.8 51.08851 14
120.9 51.10314 14
121.0 51.11776 14
121.1 51.13236 14
121.2 51.14694 14
121.3 51.16151 14
121.4 51.17606 14
121.5 51.19060 14
121.6 51.20512 14
121.7 51.21963 14
121.8 51.23411 14
121.9 51.24859 14
122.0 51.26305 14
122.1 51.27749 14
122.2 51.29192 14
122.3 51.30633 14
122.4 51.32072 14
122.5 51.33510 14
122.6 51.34947 14
122.7 51.36381 14
122.8 51.37815 14
122.9 51.39247 14
123.0 51.40677 14
123.1 51.42106 14
123.2 51.43533 14
123.3 51.44958 14
123.4 51.46383 14
123.5 51.47805 14
123.6 51.49226 14
123.7 51.50646 14
123.8 51.36618 14
123.9 51.38024 14
124.0 51.39429 14
124.1 51.40832 14
124.2 51.42233 14
124.3 51.43633 14
124.4 51.45032 14
124.5 51.46429 14
124.6 51.47824 14
124.7 51.49218 14
124.8 51.50611 14
124.9 51.52002 14
125.0 51.53391 14
125.1 51.54779 14
125.2 51.56166 14
125.3 51.57551 14
125.4 51.58935 14
125.5 51.60317 14
125.6 51.61697 14
125.7 51.63076 14
125.8 51.64454 14
125.9 51.65830 14
126.0 51.67205 14
126.1 51.68578 14
126.2 51.69950 14
126.3 51.71321 14
126.4 51.72690 14
126.5 51.74057 14
126.6 51.75423 14
126.7 51.76788 14
126.8 51.78151 14
126.9 51.79513 14
127.0 51.80873 14
127.1 51.82232 14
127.2 51.83589 14
127.3 51.84945 14
127.4 51.86300 14
127.5 51.87653 14
127.6 51.89004 14
127.7 51.90355 14
127.8 51.91703 14
127.9 51.93051 14
128.0 51.94397 14
128.1 51.95741 14
128.2 51.97084 14
128.3 51.98426 14
128.4 51.99766 14
128.5 52.01105 14
128.6 52.02443 14
128.7 52.03779 14
128.8 52.05114 14
128.9 51.90590 14
129.0 51.91912 14
129.1 51.93233 14
129.2 51.94552 14
129.3 51.95870 14
129.4 51.97186 14
129.5 51.98501 14
129.6 51.99815 14
129.7 52.01127 14
129.8 52.02438 14
129.9 52.03747 14
130.0 52.05055 14
130.1 52.06362 14
130.2 52.07667 14
130.3 52.08971 14
130.4 52.10274 14
130.5 52.11575 14
130.6 52.12875 14
130.7 52.14174 14
130.8 52.15471 14
130.9 52.16767 14
131.0 52.18062 14
131.1 52.19355 14
131.2 52.20647 14
131.3 52.21937 14
131.4 52.23226 14
131.5 52.24514 14
131.6 52.25801 14
131.7 52.27086 14
131.8 52.28370 14
131.9 52.29652 14
132.0 52.30933 14
132.1 52.32213 14
132.2 52.33492 14
132.3 52.34769 14
132.4 52.36045 14
132.5 52.37319 14
132.6 52.38593 14
132.7 52.39865 14
132.8 52.41135 14
132.9 52.42405 14
133.0 52.43673 14
133.1 52.44939 14
133.2 52.46205 14
133.3 52.47469 14
133.4 52.48732 14
133.5 52.49993 14
133.6 52.51253 14
133.7 52.52512 14
133.8 52.53770 14
133.9 52.55026 14
134.0 52.56281 14
134.1 52.57535 14
134.2 52.58788 14
134.3 52.43770 14
134.4 52.45010 14
134.5 52.46250 14
134.6 52.47487 14
134.7 52.48724 14
134.8 52.49959 14
134.9 52.51193 14
135.0 52.52426 14
135.1 52.53658 14
135.2 52.54888 14
135.3 52.56117 14
135.4 52.57345 14
135.5 52.58571 14
135.6 52.59797 14
135.7 52.61021 14
135.8 52.62243 14
135.9 52.63465 14
136.0 52.64685 14
136.1 52.65904 14
136.2 52.67122 14
136.3 52.68339 14
136.4 52.69554 14
136.5 52.70768 14
136.6 52.71981 14
136.7 52.73192 14
136.8 52.74403 14
136.9 52.75612 14
137.0 52.76820 14
137.1 52.78027 14
137.2 52.79232 14
137.3 52.80437 14
137.4 52.81640 14
137.5 52.82841 14
137.6 52.84042 14
137.7 52.85242 14
137.8 52.86440 14
137.9 52.87637 14
138.0 52.88833 14
138.1 52.90027 14
138.2 52.91221 14
138.3 52.92413 14
138.4 52.93604 14
138.5 52.94794 14
138.6 52.95982 14
138.7 52.97170 14
138.8 52.98356 14
138.9 52.99541 14
139.0 53.00725 14
139.1 53.01908 14
139.2 53.03089 14
139.3 53.04269 14
139.4 53.05448 14
139.5 53.06626 14
139.6 53.07803 14
139.7 53.08979 14
139.8 53.10153 14
139.9 53.11326 14
140.0 53.12499 14
140.1 52.96982 14
140.2 52.98142 14
140.3 52.99302 14
140.4 53.00460 14
140.5 53.01617 14
140.6 53.02773 14
140.7 53.03928 14
140.8 53.05082 14
140.9 53.06234 14
141.0 53.07386 14
141.1 53.08536 14
141.2 53.09685 14
141.3 53.10833 14
141.4 53.11980 14
141.5 53.13126 14
141.6 53.14271 14
141.7 53.15414 14
141.8 53.16556 14
141.9 53.17698 14
142.0 53.18838 14
142.1 53.19976 14
142.2 53.21114 14
142.3 53.22251 14
142.4 53.23387 14
142.5 53.24521 14
142.6 53.25654 14
142.7 53.26786 14
142.8 53.27917 14
142.9 53.29047 14
143.0 53.30176 14
143.1 53.31304 14
143.2 53.32431 14
143.3 53.33556 14
143.4 53.34681 14
143.5 53.35804 14
143.6 53.36926 14
143.7 53.38047 14
143.8 53.39167 14
143.9 53.40286 14
144.0 53.41404 14
144.1 53.42520 14
144.2 53.43636 14
144.3 53.44751 14
144.4 53.45864 14
144.5 53.46976 14
144.6 53.48087 14
144.7 53.49198 14
144.8 53.50307 14
144.9 53.51415 14
145.0 53.52522 14
145.1 53.53627 14
145.2 53.54732 14
145.3 53.55836 14
145.4 53.56938 14
145.5 53.58040 14
145.6 53.59140 14
145.7 53.60240 14
145.8 53.61338 14
145.9 53.62435 14
146.0 53.63531 14
146.1 53.64626 14
146.2 53.65720 14
146.3 53.66813 14
146.4 53.50787 14
146.5 53.51869 14
146.6 53.52950 14
146.7 53.54030 14
146.8 53.55110 14
146.9 53.56188 14
147.0 53.57265 14
147.1 53.58341 14
147.2 53.59415 14
147.3 53.60489 14
147.4 53.61562 14
147.5 53.62634 14
147.6 53.63705 14
147.7 53.64774 14
147.8 53.65843 14
147.9 53.66911 14
148.0 53.67977 14
148.1 53.69043 14
148.2 53.70108 14
148.3 53.71171 14
148.4 53.72234 14
148.5 53.73295 14
148.6 53.74356 14
148.7 53.75415 14
148.8 53.76473 14
148.9 53.77531 14
149.0 53.78587 14
149.1 53.79643 14
149.2 53.80697 14
149.3 53.81750 14
149.4 53.82803 14
149.5 53.83854 14
149.6 53.84904 14
149.7 53.85954 14
149.8 53.87002 14
149.9 53.88049 14
150.0 53.89096 14
150.1 53.90141 14
150.2 53.91185 14
150.3 53.92229 14
150.4 53.93271 14
150.5 53.94312 14
150.6 53.95352 14
150.7 53.96392 14
150.8 53.97430 14
150.9 53.98467 14
151.0 53.99504 14
151.1 54.00539 14
151.2 54.01574 14
151.3 54.02607 14
151.4 54.03639 14
151.5 54.04671 14
151.6 54.05701 14
151.7 54.06731 14
151.8 54.07759 14
151.9 54.08787 14
152.0 54.09813 14
152.1 54.10839 14
152.2 54.11864 14
152.3 54.12887 14
152.4 54.13910 14
152.5 54.14932 14
152.6 54.14344 14
152.7 54.15380 14
152.8 54.16414 14
152.9 54.17448 14
153.0 54.18480 14
153.1 54.19511 14
153.2 54.20542 14
153.3 54.05507 14
153.4 54.06512 14
153.5 54.06091 14
153.6 54.07109 14
153.7 54.08127 14
153.8 54.09143 14
153.9 54.10159 14
154.0 54.11173 14
154.1 54.12187 14
154.2 54.13200 14
154.3 54.14211 14
154.4 54.13603 14
154.5 54.14653 14
154.6 54.15678 14
154.7 54.16701 14
154.8 54.17723 14
154.9 54.18745 14
155.0 54.19765 14
155.1 54.04738 14
155.2 54.05733 14
155.3 54.06728 14
155.4 54.06324 14
155.5 54.07331 14
155.6 54.08338 14
155.7 54.09344 14
155.8 54.10348 14
155.9 54.11352 14
156.0 54.12355 14
156.1 54.13357 14
156.2 54.14358 14
156.3 54.13742 14
156.4 54.14806 14
156.5 54.15820 14
156.6 54.16832 14
156.7 54.17844 14
156.8 54.18854 14
156.9 54.19864 14
157.0 54.04824 14
157.1 54.05809 14
157.2 54.06793 14
157.3 54.06405 14
157.4 54.07402 14
157.5 54.08398 14
157.6 54.09393 14
157.7 54.10387 14
157.8 54.11381 14
157.9 54.12373 14
158.0 54.13364 14
158.1 54.14355 14
158.2 54.13728 14
158.3 54.14808 14
158.4 54.15811 14
158.5 54.16813 14
158.6 54.17814 14
158.7 54.18814 14
158.8 54.19813 14
158.9 54.04764 14
159.0 54.05738 14
159.1 54.06712 14
159.2 54.06287 14
159.3 54.07325 14
159.4 54.08311 14
159.5 54.09296 14
159.6 54.10280 14
159.7 54.11263 14
159.8 54.12245 14
159.9 54.13226 14
160.0 54.14207 14
160.1 54.13568 14
160.2 54.14637 14
160.3 54.15656 14
160.4 54.16648 14
160.5 54.17639 14
160.6 54.18628 14
160.7 54.19617 14
160.8 54.20605 14
160.9 54.05527 14
161.0 54.06490 14
161.1 54.06052 14
161.2 54.07107 14
161.3 54.08083 14
161.4 54.09058 14
161.5 54.10031 14
161.6 54.11004 14
161.7 54.11976 14
161.8 54.12948 14
161.9 54.13918 14
162.0 54.14887 14
162.1 54.14298 14
162.2 54.15360 14
162.3 54.16342 14
162.4 54.17323 14
162.5 54.18302 14
162.6 54.19281 14
162.7 54.20259 14
162.8 54.05178 14
162.9 54.06132 14
163.0 54.07085 14
163.1 54.06697 14
163.2 54.07717 14
163.3 54.08682 14
163.4 54.09646 14
163.5 54.10609 14
163.6 54.11572 14
163.7 54.12533 14
163.8 54.13493 14
163.9 54.14453 14
164.0 54.13822 14
164.1 54.14873 14
164.2 54.15900 14
164.3 54.16871 14
164.4 54.17841 14
164.5 54.18810 14
164.6 54.19778 14
164.7 54.20745 14
164.8 54.05642 14
164.9 54.06586 14
165.0 54.06129 14
165.1 54.07164 14
165.2 54.08175 14
165.3 54.09129 14
165.4 54.10082 14
165.5 54.11035 14
165.6 54.11987 14
165.7 54.12938 14
165.8 54.13888 14
165.9 54.14837 14
166.0 54.14227 14
166.1 54.15269 14
166.2 54.16287 14
166.3 54.17248 14
166.4 54.18207 14
166.5 54.19166 14
166.6 54.20123 14
166.7 54.05025 14
166.8 54.05959 14
166.9 54.06892 14
167.0 54.06456 14
167.1 54.07482 14
167.2 54.08484 14
167.3 54.09428 14
167.4 54.10372 14
167.5 54.11314 14
167.6 54.12255 14
167.7 54.13196 14
167.8 54.14136 14
167.9 54.15075 14
168.0 54.14485 14
168.1 54.15519 14
168.2 54.16528 14
168.3 54.17478 14
168.4 54.18427 14
168.5 54.19375 14
168.6 54.20323 14
168.7 54.05210 14
168.8 54.06134 14
168.9 54.07057 14
169.0 54.06640 14
169.1 54.07658 14
169.2 54.08651 14
169.3 54.09585 14
169.4 54.10519 14
169.5 54.11451 14
169.6 54.12383 14
169.7 54.13313 14
169.8 54.14243 14
169.9 54.13555 14
170.0 54.14574 14
170.1 54.15626 14
170.2 54.16627 14
170.3 54.17567 14
170.4 54.18506 14
170.5 54.19444 14
170.6 54.20382 14
170.7 54.05257 14
170.8 54.06172 14
170.9 54.07085 14
171.0 54.06659 14
171.1 54.07667 14
171.2 54.08681 14
171.3 54.09605 14
171.4 54.10529 14
171.5 54.11451 14
171.6 54.12373 14
171.7 54.13294 14
171.8 54.14214 14
171.9 54.13516 14
172.0 54.14525 14
172.1 54.15539 14
172.2 54.16589 14
172.3 54.17519 14
172.4 54.18449 14
172.5 54.19377 14
172.6 54.20305 14
172.7 54.05173 14
172.8 54.06078 14
172.9 54.06982 14
173.0 54.06518 14
173.1 54.07543 14
173.2 54.08547 14
173.3 54.09492 14
173.4 54.10406 14
173.5 54.11319 14
173.6 54.12232 14
173.7 54.13143 14
173.8 54.14054 14
173.9 54.14964 14
174.0 54.14317 14
174.1 54.15348 14
174.2 54.16357 14
174.3 54.17341 14
174.4 54.18260 14
174.5 54.19179 14
174.6 54.20098 14
174.7 54.21015 14
174.8 54.05856 14
174.9 54.06751 14
175.0 54.06249 14
175.1 54.07262 14
175.2 54.08254 14
175.3 54.09252 14
175.4 54.10157 14
175.5 54.11061 14
175.6 54.11964 14
175.7 54.12866 14
175.8 54.13767 14
175.9 54.14668 14
176.0 54.13982 14
176.1 54.15001 14
176.2 54.15999 14
176.3 54.17035 14
176.4 54.17946 14
176.5 54.18855 14
176.6 54.19764 14
176.7 54.20672 14
176.8 54.05512 14
176.9 54.06397 14
177.0 54.05857 14
177.1 54.06831 14
177.2 54.07839 14
177.3 54.08857 14
177.4 54.09785 14
177.5 54.10680 14
177.6 54.11573 14
177.7 54.12467 14
177.8 54.13359 14
177.9 54.14251 14
178.0 54.13525 14
178.1 54.14505 14
178.2 54.15490 14
178.3 54.16511 14
178.4 54.17509 14
178.5 54.18410 14
178.6 54.19310 14
178.7 54.20209 14
178.8 54.21107 14
178.9 54.05926 14
179.0 54.06803 14
179.1 54.06309 14
179.2 54.07277 14
179.3 54.08251 14
179.4 54.09295 14
179.5 54.10181 14
179.6 54.11066 14
179.7 54.11950 14
179.8 54.12834 14
179.9 54.13716 14
180.0 54.14598 14
180.1 54.13893 14
180.2 54.14865 14
180.3 54.15843 14
180.4 54.16889 14
180.5 54.17847 14
180.6 54.18738 14
180.7 54.19628 14
180.8 54.20518 14
180.9 54.05342 14
181.0 54.06210 14
181.1 54.07076 14
181.2 54.06604 14
181.3 54.07565 14
181.4 54.08531 14
181.5 54.09569 14
181.6 54.10445 14
181.7 54.11321 14
181.8 54.12196 14
181.9 54.13070 14
182.0 54.13943 14
182.1 54.14816 14
182.2 54.14130 14
182.3 54.15094 14
182.4 54.16064 14
182.5 54.17105 14
182.6 54.18055 14
182.7 54.18937 14
182.8 54.19817 14
182.9 54.20697 14
183.0 54.05508 14
183.1 54.06366 14
183.2 54.05798 14
183.3 54.06745 14
183.4 54.07696 14
183.5 54.08684 14
183.6 54.09716 14
183.7 54.10583 14
183.8 54.11450 14
183.9 54.12315 14
184.0 54.13180 14
184.1 54.14044 14
184.2 54.14908 14
184.3 54.14214 14
184.4 54.15170 14
184.5 54.16161 14
184.6 54.17162 14
184.7 54.18137 14
184.8 54.19010 14
184.9 54.19881 14
185.0 54.20752 14
185.1 54.05552 14
185.2 54.06402 14
185.3 54.05825 14
185.4 54.06763 14
185.5 54.07705 14
185.6 54.08684 14
185.7 54.09742 14
185.8 54.10600 14
185.9 54.11457 14
186.0 54.12314 14
186.1 54.13170 14
186.2 54.14025 14
186.3 54.14879 14
186.4 54.14177 14
186.5 54.15123 14
186.6 54.16075 14
186.7 54.17097 14
186.8 54.18099 14
186.9 54.18963 14
187.0 54.19825 14
187.1 54.20687 14
187.2 54.05480 14
187.3 54.06320 14
187.4 54.05734 14
187.5 54.06663 14
187.6 54.07596 14
187.7 54.08535 14
187.8 54.09651 14
187.9 54.10500 14
188.0 54.11349 14
188.1 54.12196 14
188.2 54.13044 14
188.3 54.13890 14
188.4 54.14736 14
188.5 54.14022 14
188.6 54.14960 14
188.7 54.15903 14
188.8 54.16883 14
188.9 54.17946 14
189.0 54.18800 14
189.1 54.19654 14
189.2 54.20507 14
189.3 54.21359 14
189.4 54.06127 14
189.5 54.06959 14
189.6 54.06423 14
189.7 54.07346 14
189.8 54.08275 14
189.9 54.09274 14
190.0 54.10288 14
190.1 54.11128 14
190.2 54.11968 14
190.3 54.12806 14
190.4 54.13644 14
190.5 54.14481 14
190.6 54.13730 14
190.7 54.14657 14
190.8 54.15589 14
190.9 54.16527 14
191.0 54.17682 14
191.1 54.18527 14
191.2 54.19373 14
191.3 54.20217 14
191.4 54.21061 14
191.5 54.05827 14
191.6 54.06650 14
191.7 54.06076 14
191.8 54.06989 14
191.9 54.07907 14
192.0 54.08862 14
192.1 54.09970 14
192.2 54.10802 14
192.3 54.11632 14
192.4 54.12463 14
192.5 54.13292 14
192.6 54.14121 14
192.7 54.14949 14
192.8 54.14222 14
192.9 54.15142 14
193.0 54.16067 14
193.1 54.17063 14
193.2 54.18149 14
193.3 54.18986 14
193.4 54.19822 14
193.5 54.20657 14
193.6 54.21492 14
193.7 54.06239 14
193.8 54.07053 14
193.9 54.06503 14
194.0 54.07408 14
194.1 54.08349 14
194.2 54.09408 14
194.3 54.10372 14
194.4 54.11195 14
194.5 54.12017 14
194.6 54.12839 14
194.7 54.13659 14
194.8 54.14480 14
194.9 54.13711 14
195.0 54.14621 14
195.1 54.15507 14
195.2 54.16456 14
195.3 54.17669 14
195.4 54.18498 14
195.5 54.19325 14
195.6 54.20153 14
195.7 54.20979 14
195.8 54.05730 14
195.9 54.06536 14
196.0 54.05945 14
196.1 54.06813 14
196.2 54.07712 14
196.3 54.08648 14
196.4 54.09846 14
196.5 54.10660 14
196.6 54.11475 14
196.7 54.12288 14
196.8 54.13101 14
196.9 54.13913 14
197.0 54.14724 14
197.1 54.13952 14
197.2 54.14852 14
197.3 54.15758 14
197.4 54.16702 14
197.5 54.17913 14
197.6 54.18733 14
197.7 54.19552 14
197.8 54.20371 14
197.9 54.21189 14
198.0 54.05926 14
198.1 54.06724 14
198.2 54.06127 14
198.3 54.07014 14
198.4 54.07906 14
198.5 54.08874 14
198.6 54.10033 14
198.7 54.10839 14
198.8 54.11645 14
198.9 54.12450 14
199.0 54.13254 14
199.1 54.14058 14
199.2 54.14861 14
199.3 54.14107 14
199.4 54.15001 14
199.5 54.15901 14
199.6 54.16917 14
199.7 54.18048 14
199.8 54.18860 14
199.9 54.19671 14
200.0 54.20481 14
200.1 54.21291 14
200.2 54.06017 14
200.3 54.06807 14
200.4 54.06228 14
200.5 54.07081 14
200.6 54.07966 14
200.7 54.09035 14
200.8 54.10115 14
200.9 54.10913 14
201.0 54.11710 14
201.1 54.12507 14
201.2 54.13303 14
201.3 54.14098 14
201.4 54.14893 14
201.5 54.14132 14
201.6 54.15018 14
201.7 54.15909 14
201.8 54.16957 14
201.9 54.18080 14
202.0 54.18884 14
202.1 54.19686 14
202.2 54.20488 14
202.3 54.21290 14
202.4 54.06008 14
202.5 54.06790 14
202.6 54.06177 14
202.7 54.07048 14
202.8 54.07924 14
202.9 54.09025 14
203.0 54.10096 14
203.1 54.10886 14
203.2 54.11676 14
203.3 54.12465 14
203.4 54.13253 14
203.5 54.14040 14
203.6 54.14827 14
203.7 54.14057 14
203.8 54.14935 14
203.9 54.15859 14
204.0 54.16898 14
204.1 54.18013 14
204.2 54.18808 14
204.3 54.19603 14
204.4 54.20397 14
204.5 54.21190 14
204.6 54.05903 14
204.7 54.06677 14
204.8 54.06055 14
204.9 54.06918 14
205.0 54.07826 14
205.1 54.08849 14
205.2 54.09983 14
205.3 54.10765 14
205.4 54.11547 14
205.5 54.12327 14
205.6 54.13108 14
205.7 54.13887 14
205.8 54.14666 14
205.9 54.13861 14
206.0 54.14729 14
206.1 54.15643 14
206.2 54.16673 14
206.3 54.17852 14
206.4 54.18639 14
206.5 54.19426 14
206.6 54.20212 14
206.7 54.20998 14
206.8 54.21782 14
206.9 54.06473 14
207.0 54.05816 14
207.1 54.06669 14
207.2 54.07608 14
207.3 54.08582 14
207.4 54.09778 14
207.5 54.10553 14
207.6 54.11327 14
207.7 54.12100 14
207.8 54.12873 14
207.9 54.13645 14
208.0 54.14416 14
208.1 54.13574 14
208.2 54.14432 14
208.3 54.15379 14
208.4 54.16359 14
208.5 54.17601 14
208.6 54.18381 14
208.7 54.19160 14
208.8 54.19938 14
208.9 54.20716 14
209.0 54.21493 14
209.1 54.06183 14
209.2 54.06941 14
209.3 54.06333 14
209.4 54.07264 14
209.5 54.08199 14
209.6 54.09310 14
209.7 54.10254 14
209.8 54.11021 14
209.9 54.11787 14
210.0 54.12552 14
210.1 54.13316 14
210.2 54.14080 14
210.3 54.14844 14
210.4 54.14093 14
210.5 54.14988 14
210.6 54.15929 14
210.7 54.16945 14
210.8 54.18037 14
210.9 54.18808 14
211.0 54.19579 14
211.1 54.20350 14
211.2 54.21119 14
211.3 54.05810 14
211.4 54.06561 14
211.5 54.05957 14
211.6 54.06838 14
211.7 54.07764 14
211.8 54.08763 14
211.9 54.09874 14
212.0 54.10633 14
212.1 54.11392 14
212.2 54.12149 14
212.3 54.12907 14
212.4 54.13663 14
212.5 54.14420 14
212.6 54.13605 14
212.7 54.14490 14
212.8 54.15421 14
212.9 54.16386 14
213.0 54.17612 14
213.1 54.18376 14
213.2 54.19140 14
213.3 54.19903 14
213.4 54.20666 14
213.5 54.21428 14
213.6 54.06103 14
213.7 54.06889 14
213.8 54.06307 14
213.9 54.07223 14
214.0 54.08142 14
214.1 54.09205 14
214.2 54.10168 14
214.3 54.10919 14
214.4 54.11670 14
214.5 54.12420 14
214.6 54.13170 14
214.7 54.13919 14
214.8 54.14710 14
214.9 54.13917 14
215.0 54.14838 14
215.1 54.15791 14
215.2 54.16721 14
215.3 54.17868 14
215.4 54.18625 14
215.5 54.19381 14
215.6 54.20136 14
215.7 54.20891 14
215.8 54.21645 14
215.9 54.06351 14
216.0 54.05704 14
216.1 54.06610 14
216.2 54.07480 14
216.3 54.08433 14
216.4 54.09629 14
216.5 54.10374 14
216.6 54.11118 14
216.7 54.11861 14
216.8 54.12603 14
216.9 54.13346 14
217.0 54.14130 14
217.1 54.14914 14
217.2 54.14184 14
217.3 54.15057 14
217.4 54.15976 14
217.5 54.17001 14
217.6 54.18038 14
217.7 54.18787 14
217.8 54.19535 14
217.9 54.20283 14
218.0 54.21030 14
218.1 54.21821 14
218.2 54.06515 14
218.3 54.05930 14
218.4 54.06762 14
218.5 54.07664 14
218.6 54.08601 14
218.7 54.09759 14
218.8 54.10496 14
218.9 54.11233 14
219.0 54.11968 14
219.1 54.12747 14
219.2 54.13525 14
219.3 54.14302 14
219.4 54.13464 14
219.5 54.14327 14
219.6 54.15194 14
219.7 54.16147 14
219.8 54.17167 14
219.9 54.18125 14
220.0 54.18866 14
220.1 54.19607 14
220.2 54.20392 14
220.3 54.21176 14
220.4 54.21959 14
220.5 54.06642 14
220.6 54.06010 14
220.7 54.06861 14
220.8 54.07758 14
220.9 54.08697 14
221.0 54.09810 14
221.1 54.10539 14
221.2 54.11269 14
221.3 54.12041 14
221.4 54.12813 14
221.5 54.13584 14
221.6 54.14353 14
221.7 54.13509 14
221.8 54.14365 14
221.9 54.15266 14
222.0 54.16171 14
222.1 54.17221 14
222.2 54.18134 14
222.3 54.18868 14
222.4 54.19647 14
222.5 54.20425 14
222.6 54.21201 14
222.7 54.21977 14
222.8 54.06652 14
222.9 54.06013 14
223.0 54.06858 14
223.1 54.07748 14
223.2 54.08641 14
223.3 54.09785 14
223.4 54.10508 14
223.5 54.11275 14
223.6 54.12040 14
223.7 54.12805 14
223.8 54.13569 14
223.9 54.14331 14
224.0 54.13480 14
224.1 54.14328 14
224.2 54.15182 14
224.3 54.16081 14
224.4 54.17093 14
224.5 54.18115 14
224.6 54.18842 14
224.7 54.19614 14
224.8 54.20384 14
224.9 54.21154 14
225.0 54.21923 14
225.1 54.06592 14
225.2 54.05946 14
225.3 54.06783 14
225.4 54.07638 14
225.5 54.08553 14
225.6 54.09735 14
225.7 54.10451 14
225.8 54.11211 14
225.9 54.11970 14
226.0 54.12728 14
226.1 54.13485 14
226.2 54.14198 14
226.3 54.13381 14
226.4 54.14196 14
226.5 54.15041 14
226.6 54.15931 14
226.7 54.16974 14
226.8 54.17981 14
226.9 54.18747 14
227.0 54.19512 14
227.1 54.20276 14
227.2 54.20995 14
227.3 54.21757 14
227.4 54.06424 14
227.5 54.05787 14
227.6 54.06615 14
227.7 54.07449 14
227.8 54.08412 14
227.9 54.09619 14
228.0 54.10328 14
228.1 54.11081 14
228.2 54.11834 14
228.3 54.12541 14
228.4 54.13292 14
228.5 54.14042 14
228.6 54.14790 14
228.7 54.13982 14
228.8 54.14862 14
228.9 54.15791 14
229.0 54.16795 14
229.1 54.17829 14
229.2 54.18588 14
229.3 54.19346 14
229.4 54.20059 14
229.5 54.20815 14
229.6 54.21571 14
229.7 54.06236 14
229.8 54.06972 14
229.9 54.06431 14
230.0 54.07256 14
230.1 54.08171 14
230.2 54.09185 14
230.3 54.10143 14
230.4 54.10890 14
230.5 54.11592 14
230.6 54.12337 14
230.7 54.13081 14
230.8 54.13824 14
230.9 54.14566 14
231.0 54.13770 14
231.1 54.14599 14
231.2 54.15521 14
231.3 54.16400 14
231.4 54.17615 14
231.5 54.18368 14
231.6 54.19075 14
231.7 54.19826 14
231.8 54.20576 14
231.9 54.21325 14
232.0 54.22073 14
232.1 54.06764 14
232.2 54.06101 14
232.3 54.07005 14
232.4 54.07872 14
232.5 54.08808 14
232.6 54.09901 14
232.7 54.10596 14
232.8 54.11336 14
232.9 54.12075 14
233.0 54.12813 14
233.1 54.13596 14
233.2 54.14332 14
233.3 54.13501 14
233.4 54.14322 14
233.5 54.15235 14
233.6 54.16066 14
233.7 54.17130 14
233.8 54.18091 14
233.9 54.18792 14
234.0 54.19537 14
234.1 54.20280 14
234.2 54.21070 14
234.3 54.21769 14
234.4 54.06461 14
234.5 54.05805 14
234.6 54.06659 14
234.7 54.07473 14
234.8 54.08417 14
234.9 54.09604 14
235.0 54.10293 14
235.1 54.11027 14
235.2 54.11759 14
235.3 54.12494 14
235.4 54.13225 14
235.5 54.14002 14
235.6 54.14731 14
235.7 54.13949 14
235.8 54.14782 14
235.9 54.15689 14
236.0 54.16631 14
236.1 54.17717 14
236.2 54.18456 14
236.3 54.19242 14
236.4 54.19935 14
236.5 54.20672 14
236.6 54.21456 14
236.7 54.22191 14
236.8 54.06866 14
236.9 54.06263 14
237.0 54.07110 14
237.1 54.08006 14
237.2 54.08860 14
237.3 54.09940 14
237.4 54.10714 14
237.5 54.11397 14
237.6 54.12170 14
237.7 54.12895 14
237.8 54.13665 14
237.9 54.14388 14
238.0 54.13545 14
238.1 54.14353 14
238.2 54.15254 14
238.3 54.16112 14
238.4 54.17123 14
238.5 54.18119 14
238.6 54.18807 14
238.7 54.19586 14
238.8 54.20317 14
238.9 54.21095 14
239.0 54.21780 14
239.1 54.06460 14
239.2 54.05791 14
239.3 54.06633 14
239.4 54.07434 14
239.5 54.08413 14
239.6 54.09587 14
239.7 54.10311 14
239.8 54.11032 14
239.9 54.11752 14
240.0 54.12475 14
240.1 54.13193 14
240.2 54.13957 14
240.3 54.14674 14
240.4 54.13854 14
240.5 54.14699 14
240.6 54.15602 14
240.7 54.16572 14
240.8 54.17692 14
240.9 54.18419 14
241.0 54.19193 14
241.1 54.19874 14
241.2 54.20598 14
241.3 54.21369 14
241.4 54.22091 14
241.5 54.06757 14
241.6 54.06142 14
241.7 54.06995 14
241.8 54.07837 14
241.9 54.08796 14
242.0 54.09863 14
242.1 54.10581 14
242.2 54.11295 14
242.3 54.12056 14
242.4 54.12769 14
242.5 54.13481 14
242.6 54.14238 14
242.7 54.13429 14
242.8 54.14225 14
242.9 54.15092 14
243.0 54.15937 14
243.1 54.16902 14
243.2 54.17945 14
243.3 54.18666 14
243.4 54.19433 14
243.5 54.20152 14
243.6 54.20873 14
243.7 54.21639 14
243.8 54.06309 14
243.9 54.05584 14
244.0 54.06504 14
244.1 54.07266 14
244.2 54.08221 14
244.3 54.09167 14
244.4 54.10087 14
244.5 54.10844 14
244.6 54.11508 14
244.7 54.12310 14
244.8 54.13017 14
244.9 54.13769 14
245.0 54.14522 14
245.1 54.13688 14
245.2 54.14453 14
245.3 54.15383 14
245.4 54.16222 14
245.5 54.17478 14
245.6 54.18193 14
245.7 54.18862 14
245.8 54.19672 14
245.9 54.20385 14
246.0 54.21144 14
246.1 54.21903 14
246.2 54.06561 14
246.3 54.05906 14
246.4 54.06705 14
246.5 54.07529 14
246.6 54.08480 14
246.7 54.09606 14
246.8 54.10360 14
246.9 54.11063 14
247.0 54.11765 14
247.1 54.12518 14
247.2 54.13219 14
247.3 54.13965 14
247.4 54.14712 14
247.5 54.13900 14
247.6 54.14702 14
247.7 54.15586 14
247.8 54.16587 14
247.9 54.17690 14
248.0 54.18399 14
248.1 54.19203 14
248.2 54.19866 14
248.3 54.20573 14
248.4 54.21374 14
248.5 54.22079 14
248.6 54.06727 14
248.7 54.06069 14
248.8 54.06889 14
248.9 54.07803 14
249.0 54.08744 14
249.1 54.09794 14
249.2 54.10542 14
249.3 54.11240 14
249.4 54.11983 14
249.5 54.12726 14
249.6 54.13377 14
249.7 54.14118 14
249.8 54.14859 14
249.9 54.14135 14
250.0 54.15011 14
