15.0 1.50823 13
15.1 1.51569 13
15.2 1.52315 13
15.3 1.53061 13
15.4 1.53806 13
15.5 1.54551 13
15.6 1.55296 13
15.7 1.56041 13
15.8 1.56786 13
15.9 1.57531 13
16.0 1.58275 13
16.1 1.59019 13
16.2 1.59763 13
16.3 1.60507 13
16.4 1.61251 13
16.5 1.61994 13
16.6 1.62737 13
16.7 1.63480 13
16.8 1.64223 13
16.9 1.64965 13
17.0 1.65707 13
17.1 1.66449 13
17.2 1.67191 13
17.3 1.67932 13
17.4 1.68673 13
17.5 1.69414 13
17.6 1.70154 13
17.7 1.70895 13
17.8 1.71635 13
17.9 1.72374 13
18.0 1.73114 13
18.1 1.73853 13
18.2 1.74592 13
18.3 1.75406 13
18.4 1.76556 13
18.5 1.77714 13
18.6 1.78881 13
18.7 1.80056 13
18.8 1.81239 13
18.9 1.82430 13
19.0 1.83629 13
19.1 1.84837 13
19.2 1.86053 13
19.3 1.87278 13
19.4 1.88511 13
19.5 1.89753 13
19.6 1.91003 13
19.7 1.92262 13
19.8 1.93529 13
19.9 1.94806 13
20.0 1.96090 13
20.1 1.97384 13
20.2 1.98687 13
20.3 1.99998 13
20.4 18.00301 14
20.5 18.06602 14
20.6 18.12126 14
20.7 18.18214 14
20.8 18.24195 14
20.9 18.30069 14
21.0 18.36035 14
21.1 18.42125 14
21.2 18.48120 14
21.3 18.54014 14
21.4 18.59804 14
21.5 18.65484 14
21.6 18.70274 14
21.7 18.76097 14
21.8 18.81821 14
21.9 18.87444 14
22.0 18.92959 14
22.1 18.98363 14
22.2 19.03650 14
22.3 19.09000 14
22.4 19.13638 14
22.5 19.18989 14
22.6 19.24233 14
22.7 19.29364 14
22.8 19.34377 14
22.9 19.39265 14
23.0 19.44352 14
23.1 5.78927 14
23.2 5.89516 14
23.3 6.00178 14
23.4 6.10944 14
23.5 6.21798 14
23.6 6.32737 14
23.7 6.43781 14
23.8 6.54916 14
23.9 6.66138 14
24.0 6.77444 14
24.1 6.88830 14
24.2 7.00200 14
24.3 7.11728 14
24.4 7.23369 14
24.5 7.35101 14
24.6 7.46909 14
24.7 7.58789 14
24.8 7.70740 14
24.9 7.82757 14
25.0 7.94664 14
25.1 8.06836 14
25.2 8.19114 14
25.3 8.31458 14
25.4 8.43864 14
25.5 8.56328 14
25.6 8.68846 14
25.7 8.81413 14
25.8 8.93779 14
25.9 9.06553 14
26.0 9.19381 14
26.1 9.32260 14
26.2 9.45185 14
26.3 9.58151 14
26.4 9.71155 14
26.5 9.84191 14
26.6 9.96976 14
26.7 10.10235 14
26.8 10.23531 14
26.9 10.36862 14
27.0 10.50223 14
27.1 10.63607 14
27.2 10.77011 14
27.3 10.90427 14
27.4 11.03527 14
27.5 11.17184 14
27.6 11.30863 14
27.7 11.44558 14
27.8 11.58266 14
27.9 11.71978 14
28.0 11.85690 14
28.1 11.99395 14
28.2 12.12665 14
28.3 12.26631 14
28.4 12.40602 14
28.5 12.54571 14
28.6 12.68533 14
28.7 12.82482 14
28.8 12.96411 14
28.9 13.10313 14
29.0 13.23563 14
29.1 13.37748 14
29.2 13.51918 14
29.3 13.66069 14
29.4 13.80193 14
29.5 13.94283 14
29.6 14.08329 14
29.7 14.21397 14
29.8 14.35309 14
29.9 14.49608 14
30.0 14.63875 14
30.1 14.78105 14
30.2 14.92288 14
30.3 15.06422 14
30.4 15.20494 14
30.5 15.33356 14
30.6 15.47230 14
30.7 15.61205 14
30.8 15.75466 14
30.9 15.89672 14
31.0 16.03814 14
31.1 16.17884 14
31.2 16.30547 14
31.3 16.44389 14
31.4 16.58131 14
31.5 16.71764 14
31.6 16.85569 14
31.7 16.99646 14
31.8 17.12149 14
31.9 17.25987 14
32.0 17.39724 14
32.1 17.53351 14
32.2 17.66859 14
32.3 17.80238 14
32.4 17.91784 14
32.5 18.05037 14
32.6 18.18700 14
32.7 18.32253 14
32.8 18.45690 14
32.9 18.57144 14
33.0 18.70233 14
33.1 18.83177 14
33.2 18.95958 14
33.3 19.08552 14
33.4 19.18935 14
33.5 19.25402 14
33.6 19.38304 14
33.7 19.51067 14
33.8 19.61475 14
33.9 19.73840 14
34.0 19.73299 14
34.1 19.85164 14
34.2 19.94527 14
34.3 20.03574 14
34.4 20.07870 14
34.5 20.08450 14
34.6 20.19962 14
34.7 20.24899 14
34.8 20.21859 14
34.9 20.07116 14
35.0 20.03788 14
35.1 20.00240 14
35.2 19.96475 14
35.3 19.92496 14
35.4 19.77010 14
35.5 19.73859 14
35.6 19.70542 14
35.7 19.67029 14
35.8 19.63334 14
35.9 19.47616 14
36.0 19.43602 14
36.1 19.39362 14
36.2 19.34888 14
36.3 19.30198 14
36.4 19.13479 14
36.5 19.09697 14
36.6 19.05718 14
36.7 19.01577 14
36.8 18.97246 14
36.9 18.92707 14
37.0 18.75843 14
37.1 18.70944 14
37.2 18.65729 14
37.3 18.60390 14
37.4 18.54896 14
37.5 18.37635 14
37.6 18.33054 14
37.7 18.28286 14
37.8 18.23328 14
37.9 18.18189 14
38.0 17.71295 14
38.1 16.14282 14
38.2 14.87702 14
38.3 14.87148 14
38.4 14.82468 14
38.5 14.82526 14
38.6 14.81671 14
38.7 14.77081 14
38.8 14.68655 14
38.9 14.63266 14
39.0 14.61797 14
39.1 14.60423 14
39.2 14.55575 14
39.3 14.49360 14
39.4 14.46212 14
39.5 14.43806 14
39.6 14.44673 14
39.7 14.40195 14
39.8 14.33310 14
39.9 14.29777 14
40.0 14.26117 14
40.1 14.26133 14
40.2 14.22461 14
40.3 14.12546 14
40.4 14.12101 14
40.5 13.94535 14
40.6 13.89613 14
40.7 13.90570 14
40.8 13.61331 14
40.9 13.62215 14
41.0 13.49156 14
41.1 13.26448 14
41.2 13.23890 14
41.3 13.21782 14
41.4 13.08952 14
41.5 12.86905 14
41.6 12.91796 14
41.7 12.75936 14
41.8 12.97575 14
41.9 13.04564 14
42.0 13.17353 14
42.1 13.22144 14
42.2 13.25880 14
42.3 13.35297 14
42.4 13.45610 14
42.5 13.55998 14
42.6 13.71364 14
42.7 13.84521 14
42.8 13.98424 14
42.9 14.10599 14
43.0 14.16298 14
43.1 14.18844 14
43.2 14.21490 14
43.3 14.25429 14
43.4 14.29625 14
43.5 14.33823 14
43.6 14.38022 14
43.7 14.42223 14
43.8 14.50013 14
43.9 14.56571 14
44.0 14.57076 14
44.1 14.64107 14
44.2 14.67414 14
44.3 14.69984 14
44.4 14.72553 14
44.5 14.75358 14
44.6 14.79571 14
44.7 14.83789 14
44.8 14.88006 14
44.9 14.92227 14
45.0 14.96447 14
45.1 15.04478 14
45.2 15.11508 14
45.3 15.11416 14
45.4 15.18555 14
45.5 15.22327 14
45.6 15.24923 14
45.7 15.27483 14
45.8 15.30091 14
45.9 15.33944 14
46.0 15.38180 14
46.1 15.42416 14
46.2 15.46656 14
46.3 15.50897 14
46.4 15.55138 14
46.5 15.61875 14
46.6 15.68642 14
46.7 15.70707 14
46.8 15.77851 14
46.9 15.81181 14
47.0 15.83775 14
47.1 15.86278 14
47.2 15.88929 14
47.3 15.92791 14
47.4 15.97047 14
47.5 16.01305 14
47.6 16.05562 14
47.7 16.09824 14
47.8 16.14087 14
47.9 16.22217 14
48.0 16.30193 14
48.1 16.29489 14
48.2 16.36378 14
48.3 16.41289 14
48.4 16.44034 14
48.5 16.46572 14
48.6 16.49053 14
48.7 16.51931 14
48.8 16.56165 14
48.9 16.60442 14
49.0 16.64721 14
49.1 16.69002 14
49.2 16.73284 14
49.3 16.77571 14
49.4 16.85919 14
49.5 16.94570 14
49.6 16.93276 14
49.7 16.99678 14
49.8 17.05472 14
49.9 17.08362 14
50.0 17.10893 14
50.1 17.13393 14
50.2 17.16009 14
50.3 17.19826 14
50.4 17.24125 14
50.5 17.28426 14
50.6 17.32728 14
50.7 17.37031 14
50.8 17.41334 14
50.9 17.45643 14
51.0 17.53113 14
51.1 17.61637 14
51.2 17.61483 14
51.3 17.68530 14
51.4 17.74083 14
51.5 17.76923 14
51.6 17.79429 14
51.7 17.81943 14
51.8 17.84432 14
51.9 17.88080 14
52.0 17.92403 14
52.1 17.96725 14
52.2 18.01048 14
52.3 18.05373 14
52.4 18.09703 14
52.5 18.14030 14
52.6 18.18361 14
52.7 18.25257 14
52.8 18.31882 14
52.9 18.34550 14
53.0 18.42462 14
53.1 18.46883 14
53.2 18.49554 14
53.3 18.51996 14
53.4 18.54454 14
53.5 18.56944 14
53.6 18.60609 14
53.7 18.64912 14
53.8 18.69216 14
53.9 18.73524 14
54.0 18.77830 14
54.1 18.82140 14
54.2 18.86449 14
54.3 18.90762 14
54.4 18.98450 14
54.5 19.07646 14
54.6 19.07012 14
54.7 19.13336 14
54.8 19.20381 14
54.9 19.23687 14
55.0 19.26209 14
55.1 19.28603 14
55.2 19.31023 14
55.3 19.33651 14
55.4 19.37493 14
55.5 19.41815 14
55.6 19.46142 14
55.7 19.50471 14
55.8 19.54797 14
55.9 19.59127 14
56.0 19.63456 14
56.1 19.67789 14
56.2 19.72123 14
56.3 19.88471 14
56.4 19.85150 14
56.5 19.88991 14
56.6 19.97172 14
56.7 20.02254 14
56.8 20.04936 14
56.9 20.07360 14
57.0 20.09745 14
57.1 20.12120 14
57.2 20.14971 14
57.3 20.19049 14
57.4 20.23396 14
57.5 20.27740 14
57.6 20.32089 14
57.7 20.36440 14
57.8 20.40788 14
57.9 20.45140 14
58.0 20.49494 14
58.1 20.53849 14
58.2 20.61254 14
58.3 20.69269 14
58.4 20.70566 14
58.5 20.77783 14
58.6 20.84736 14
58.7 20.88449 14
58.8 20.90920 14
58.9 20.93273 14
59.0 20.95606 14
59.1 20.97889 14
59.2 21.01034 14
59.3 21.05332 14
59.4 21.09700 14
59.5 21.14069 14
59.6 21.18437 14
59.7 21.22808 14
59.8 21.27181 14
59.9 21.31555 14
60.0 21.35930 14
60.1 21.40306 14
60.2 21.48421 14
60.3 21.58730 14
60.4 21.57601 14
60.5 21.62528 14
60.6 21.70943 14
60.7 21.76414 14
60.8 21.79500 14
60.9 21.81810 14
61.0 21.84100 14
61.1 21.86375 14
61.2 21.88643 14
61.3 21.92008 14
61.4 21.96397 14
61.5 22.00787 14
61.6 22.05179 14
61.7 22.09572 14
61.8 22.13965 14
61.9 22.18360 14
62.0 22.22753 14
62.1 22.27150 14
62.2 22.31548 14
62.3 22.35947 14
62.4 22.57008 14
62.5 22.51531 14
62.6 22.53226 14
62.7 22.60217 14
62.8 22.67964 14
62.9 22.72793 14
63.0 22.75715 14
63.1 22.77988 14
63.2 22.80211 14
63.3 22.82422 14
63.4 22.84626 14
63.5 22.87950 14
63.6 22.92303 14
63.7 22.96716 14
63.8 23.01130 14
63.9 23.05545 14
64.0 23.09962 14
64.1 23.14379 14
64.2 23.18798 14
64.3 23.23217 14
64.4 23.27638 14
64.5 23.32060 14
64.6 23.36482 14
64.7 23.55797 14
64.8 23.51037 14
64.9 23.54134 14
65.0 23.61720 14
65.1 23.69349 14
65.2 23.74533 14
65.3 23.77519 14
65.4 23.79732 14
65.5 23.81933 14
65.6 23.84072 14
65.7 23.86204 14
65.8 23.89103 14
65.9 23.93108 14
66.0 23.97545 14
66.1 24.01982 14
66.2 24.06421 14
66.3 24.10860 14
66.4 24.15301 14
66.5 24.19743 14
66.6 24.24186 14
66.7 24.28633 14
66.8 24.33078 14
66.9 24.37524 14
67.0 24.41971 14
67.1 24.64207 14
67.2 24.57881 14
67.3 24.59851 14
67.4 24.66317 14
67.5 24.74912 14
67.6 24.81592 14
67.7 24.85104 14
67.8 24.87590 14
67.9 24.89684 14
68.0 24.91748 14
68.1 24.93799 14
68.2 24.95889 14
68.3 24.99131 14
68.4 25.03338 14
68.5 25.07799 14
68.6 25.12262 14
68.7 25.16725 14
68.8 25.21193 14
68.9 25.25659 14
69.0 25.30125 14
69.1 25.34593 14
69.2 25.39062 14
69.3 25.43531 14
69.4 25.48006 14
69.5 25.52477 14
69.6 25.56950 14
69.7 25.74579 14
69.8 25.71700 14
69.9 25.75256 14
70.0 25.82759 14
70.1 25.91126 14
70.2 25.98263 14
70.3 26.01667 14
70.4 26.04144 14
70.5 26.06145 14
70.6 26.08112 14
70.7 26.10066 14
70.8 26.12011 14
70.9 26.14768 14
71.0 26.18647 14
71.1 26.23134 14
71.2 26.27622 14
71.3 26.32115 14
71.4 26.36605 14
71.5 26.41096 14
71.6 26.45588 14
71.7 26.50085 14
71.8 26.54579 14
71.9 26.59074 14
72.0 26.63570 14
72.1 26.68071 14
72.2 26.72569 14
72.3 26.77068 14
72.4 27.01258 14
72.5 26.93893 14
72.6 26.95638 14
72.7 27.01302 14
72.8 27.10311 14
72.9 27.19314 14
73.0 27.24752 14
73.1 27.27609 14
73.2 27.29876 14
73.3 27.31761 14
73.4 27.33610 14
73.5 27.35445 14
73.6 27.37319 14
73.7 27.39834 14
73.8 27.43621 14
73.9 27.48140 14
74.0 27.52655 14
74.1 27.57171 14
74.2 27.61693 14
74.3 27.66211 14
74.4 27.70730 14
74.5 27.75250 14
74.6 27.79776 14
74.7 27.84298 14
74.8 27.88821 14
74.9 27.93349 14
75.0 27.97875 14
75.1 28.02401 14
75.2 28.06932 14
75.3 28.36095 14
75.4 28.25630 14
75.5 28.26124 14
75.6 28.30776 14
75.7 28.39077 14
75.8 28.48516 14
75.9 28.57054 14
76.0 28.61033 14
76.1 28.63457 14
76.2 28.65466 14
76.3 28.67194 14
76.4 28.68953 14
76.5 28.70645 14
76.6 28.72328 14
76.7 28.74700 14
76.8 28.78428 14
76.9 28.82976 14
77.0 28.87520 14
77.1 28.92065 14
77.2 28.96616 14
77.3 29.01163 14
77.4 29.05711 14
77.5 29.10265 14
77.6 29.14815 14
77.7 29.19366 14
77.8 29.23922 14
77.9 29.28475 14
78.0 29.33033 14
78.1 29.37588 14
78.2 29.42144 14
78.3 29.46706 14
78.4 29.51263 14
78.5 29.68314 14
78.6 29.67056 14
78.7 29.70500 14
78.8 29.76944 14
78.9 29.86404 14
79.0 29.97710 14
79.1 30.04532 14
79.2 30.07887 14
79.3 30.10053 14
79.4 30.11785 14
79.5 30.13452 14
79.6 30.15045 14
79.7 30.16567 14
79.8 30.18131 14
79.9 30.19735 14
80.0 30.23493 14
80.1 30.27819 14
80.2 30.32394 14
80.3 30.36974 14
80.4 30.41551 14
80.5 30.46134 14
80.6 30.50713 14
80.7 30.55293 14
80.8 30.59878 14
80.9 30.64460 14
81.0 30.69047 14
81.1 30.73631 14
81.2 30.78220 14
81.3 30.82806 14
81.4 30.87392 14
81.5 30.91984 14
81.6 30.96573 14
81.7 31.01167 14
81.8 31.34022 14
81.9 31.21054 14
82.0 31.21338 14
82.1 31.25447 14
82.2 31.32353 14
82.3 31.42014 14
82.4 31.54885 14
82.5 31.62755 14
82.6 31.66546 14
82.7 31.68725 14
82.8 31.70411 14
82.9 31.71846 14
83.0 31.73337 14
83.1 31.74653 14
83.2 31.76018 14
83.3 31.77310 14
83.4 31.79180 14
83.5 31.83003 14
83.6 31.87475 14
83.7 31.92089 14
83.8 31.96699 14
83.9 32.01314 14
84.0 32.05926 14
84.1 32.10543 14
84.2 32.15157 14
84.3 32.19777 14
84.4 32.24392 14
84.5 32.29013 14
84.6 32.33631 14
84.7 32.38254 14
84.8 32.42874 14
84.9 32.47499 14
85.0 32.52120 14
85.1 32.56747 14
85.2 32.61371 14
85.3 32.66000 14
85.4 32.70625 14
85.5 32.89763 14
85.6 32.87981 14
85.7 32.90619 14
85.8 32.95830 14
85.9 33.03879 14
86.0 33.13764 14
86.1 33.29251 14
86.2 33.37150 14
86.3 33.40959 14
86.4 33.43045 14
86.5 33.44560 14
86.6 33.45773 14
86.7 33.46961 14
86.8 33.48098 14
86.9 33.49204 14
87.0 33.50223 14
87.1 33.51303 14
87.2 33.53707 14
87.3 33.57629 14
87.4 33.62274 14
87.5 33.66925 14
87.6 33.71572 14
87.7 33.76224 14
87.8 33.80873 14
87.9 33.85528 14
88.0 33.90178 14
88.1 33.94835 14
88.2 33.99487 14
88.3 34.04146 14
88.4 34.08800 14
88.5 34.13460 14
88.6 34.18117 14
88.7 34.22779 14
88.8 34.27437 14
88.9 34.32102 14
89.0 34.36767 14
89.1 34.41428 14
89.2 34.46095 14
89.3 34.50758 14
89.4 34.55428 14
89.5 34.71957 14
89.6 34.72173 14
89.7 34.75695 14
89.8 34.81414 14
89.9 34.89963 14
90.0 35.00732 14
90.1 35.18837 14
90.2 35.28152 14
90.3 35.32745 14
90.4 35.35140 14
90.5 35.36568 14
90.6 35.37551 14
90.7 35.38455 14
90.8 35.39206 14
90.9 35.40074 14
91.0 35.40748 14
91.1 35.41486 14
91.2 35.42209 14
91.3 35.44019 14
91.4 35.47989 14
91.5 35.52577 14
91.6 35.57269 14
91.7 35.61956 14
91.8 35.66650 14
91.9 35.71314 14
92.0 35.75892 14
92.1 35.80472 14
92.2 35.85048 14
92.3 35.89631 14
92.4 35.94211 14
92.5 35.98798 14
92.6 36.03381 14
92.7 36.07972 14
92.8 36.12564 14
92.9 36.17153 14
93.0 36.21749 14
93.1 36.26342 14
93.2 36.30942 14
93.3 36.35538 14
93.4 36.40142 14
93.5 36.44747 14
93.6 36.49349 14
93.7 36.53958 14
93.8 36.58563 14
93.9 36.63176 14
94.0 36.67785 14
94.1 36.72402 14
94.2 36.88979 14
94.3 36.89726 14
94.4 36.92892 14
94.5 36.97551 14
94.6 37.03635 14
94.7 37.11672 14
94.8 37.21205 14
94.9 37.38330 14
95.0 37.51983 14
95.1 37.59954 14
95.2 37.64557 14
95.3 37.67368 14
95.4 37.69384 14
95.5 37.70785 14
95.6 37.72059 14
95.7 37.73151 14
95.8 37.74277 14
95.9 37.75379 14
96.0 37.76469 14
96.1 37.77542 14
96.2 37.78530 14
96.3 37.79603 14
96.4 37.80676 14
96.5 37.83362 14
96.6 37.87429 14
96.7 37.91830 14
96.8 37.96494 14
96.9 38.01161 14
97.0 38.05824 14
97.1 38.10494 14
97.2 38.15166 14
97.3 38.19835 14
97.4 38.24511 14
97.5 38.29183 14
97.6 38.33862 14
97.7 38.38544 14
97.8 38.43222 14
97.9 38.47907 14
98.0 38.52589 14
98.1 38.57278 14
98.2 38.61969 14
98.3 38.66657 14
98.4 38.71352 14
98.5 38.76043 14
98.6 38.80741 14
98.7 38.85442 14
98.8 38.90139 14
98.9 38.94843 14
99.0 38.99550 14
99.1 39.04252 14
99.2 39.08963 14
99.3 39.13669 14
99.4 39.18383 14
99.5 39.23099 14
99.6 39.27811 14
99.7 39.43716 14
99.8 39.45207 14
99.9 39.48700 14
100.0 39.53636 14
100.1 39.59961 14
100.2 39.68318 14
100.3 39.78436 14
100.4 39.95193 14
100.5 40.11280 14
100.6 40.20929 14
100.7 40.26511 14
100.8 40.29833 14
100.9 40.31969 14
101.0 40.33525 14
101.1 40.34756 14
101.2 40.35844 14
101.3 40.36776 14
101.4 40.37754 14
101.5 40.38819 14
101.6 40.39668 14
101.7 40.40602 14
101.8 40.41536 14
101.9 40.42470 14
102.0 40.43320 14
102.1 40.46017 14
102.2 40.50192 14
102.3 40.54532 14
102.4 40.59302 14
102.5 40.64074 14
102.6 40.68841 14
102.7 40.73617 14
102.8 40.78395 14
102.9 40.83168 14
103.0 40.87949 14
103.1 40.92733 14
103.2 40.97519 14
103.3 41.02300 14
103.4 41.07089 14
103.5 41.11880 14
103.6 41.16667 14
103.7 41.21463 14
103.8 41.26260 14
103.9 41.31059 14
104.0 41.35854 14
104.1 41.40658 14
104.2 41.45463 14
104.3 41.50263 14
104.4 41.55073 14
104.5 41.59884 14
104.6 41.64690 14
104.7 41.69505 14
104.8 41.74323 14
104.9 41.79142 14
105.0 41.83956 14
105.1 41.88779 14
105.2 41.93604 14
105.3 41.98425 14
105.4 42.03254 14
105.5 42.19361 14
105.6 42.21023 14
105.7 42.24608 14
105.8 42.29605 14
105.9 42.35937 14
106.0 42.44139 14
106.1 42.54933 14
106.2 42.67503 14
106.3 42.88494 14
106.4 43.01316 14
106.5 43.08948 14
106.6 43.13402 14
106.7 43.16038 14
106.8 43.17912 14
106.9 43.19193 14
107.0 43.20154 14
107.1 43.21079 14
107.2 43.21943 14
107.3 43.22773 14
107.4 43.23611 14
107.5 43.24400 14
107.6 43.25187 14
107.7 43.25887 14
107.8 43.26676 14
107.9 43.27466 14
108.0 43.29290 14
108.1 43.33567 14
108.2 43.37864 14
108.3 43.42612 14
108.4 43.47492 14
108.5 43.52381 14
108.6 43.57271 14
108.7 43.62164 14
108.8 43.67052 14
108.9 43.71949 14
109.0 43.76848 14
109.1 43.81742 14
109.2 43.86645 14
109.3 43.91550 14
109.4 43.96457 14
109.5 44.01360 14
109.6 44.06271 14
109.7 44.11184 14
109.8 44.16092 14
109.9 44.21010 14
110.0 44.25929 14
110.1 44.30850 14
110.2 44.35767 14
110.3 44.40692 14
110.4 44.45620 14
110.5 44.50000 14
110.6 44.50000 14
110.7 44.50000 14
110.8 44.50000 14
110.9 44.50000 14
111.0 44.50000 14
111.1 44.50000 14
111.2 44.50000 14
111.3 44.50000 14
111.4 44.50000 14
111.5 44.50000 14
111.6 44.50000 14
111.7 44.50000 14
111.8 44.50000 14
111.9 44.50000 14
112.0 44.50000 14
112.1 44.50000 14
112.2 44.50000 14
112.3 44.50000 14
112.4 44.50000 14
112.5 44.50000 14
112.6 44.50000 14
112.7 44.50000 14
112.8 44.50000 14
112.9 44.50000 14
113.0 44.50000 14
113.1 44.50000 14
113.2 44.50000 14
113.3 44.50000 14
113.4 44.50000 14
113.5 44.50000 14
113.6 44.50000 14
113.7 44.50000 14
113.8 44.50000 14
113.9 44.50000 14
114.0 44.50000 14
114.1 44.50000 14
114.2 44.50000 14
114.3 44.50000 14
114.4 44.50000 14
114.5 44.50000 14
114.6 44.50000 14
114.7 44.50000 14
114.8 44.50000 14
114.9 44.50000 14
115.0 44.50000 14
115.1 44.50000 14
115.2 44.50000 14
115.3 44.50000 14
115.4 44.50000 14
115.5 44.50000 14
115.6 44.50000 14
115.7 44.50000 14
115.8 44.50000 14
115.9 44.50000 14
116.0 44.50000 14
116.1 44.50000 14
116.2 44.50000 14
116.3 44.50000 14
116.4 44.50000 14
116.5 44.50000 14
116.6 44.50000 14
116.7 44.50000 14
116.8 44.50000 14
116.9 44.50000 14
117.0 44.50000 14
117.1 44.50000 14
117.2 44.50000 14
117.3 44.50000 14
117.4 44.50000 14
117.5 44.50000 14
117.6 44.50000 14
117.7 44.50000 14
117.8 44.50000 14
117.9 44.50000 14
118.0 44.50000 14
118.1 44.50000 14
118.2 44.50000 14
118.3 44.50000 14
118.4 44.50000 14
118.5 44.50000 14
118.6 44.50000 14
118.7 44.50000 14
118.8 44.50000 14
118.9 44.50000 14
119.0 44.50000 14
119.1 44.50000 14
119.2 44.50000 14
119.3 44.50000 14
119.4 44.50000 14
119.5 44.50000 14
119.6 44.50000 14
119.7 44.50000 14
119.8 44.50000 14
119.9 44.50000 14
120.0 44.50000 14
120.1 44.50000 14
120.2 44.50000 14
120.3 44.50000 14
120.4 44.50000 14
120.5 44.50000 14
120.6 44.50000 14
120.7 44.50000 14
120.8 44.50000 14
120.9 44.50000 14
121.0 44.50000 14
121.1 44.50000 14
121.2 44.50000 14
121.3 44.50000 14
121.4 44.50000 14
121.5 44.50000 14
121.6 44.50000 14
121.7 44.50000 14
121.8 44.50000 14
121.9 44.50000 14
122.0 44.50000 14
122.1 44.50000 14
122.2 44.50000 14
122.3 44.50000 14
122.4 44.50000 14
122.5 44.50000 14
122.6 44.50000 14
122.7 44.50000 14
122.8 44.50000 14
122.9 44.50000 14
123.0 44.50000 14
123.1 44.50000 14
123.2 44.50000 14
123.3 44.50000 14
123.4 44.50000 14
123.5 44.50000 14
123.6 44.50000 14
123.7 44.50000 14
123.8 44.50000 14
123.9 44.50000 14
124.0 44.50000 14
124.1 44.50000 14
124.2 44.50000 14
124.3 44.50000 14
124.4 44.50000 14
124.5 44.50000 14
124.6 44.50000 14
124.7 44.50000 14
124.8 44.50000 14
124.9 44.50000 14
125.0 44.50000 14
125.1 44.50000 14
125.2 44.50000 14
125.3 44.50000 14
125.4 44.50000 14
125.5 44.50000 14
125.6 44.50000 14
125.7 44.50000 14
125.8 44.50000 14
125.9 44.50000 14
126.0 44.50000 14
126.1 44.50000 14
126.2 44.50000 14
126.3 44.50000 14
126.4 44.50000 14
126.5 44.50000 14
126.6 44.50000 14
126.7 44.50000 14
126.8 44.50000 14
126.9 44.50000 14
127.0 44.50000 14
127.1 44.50000 14
127.2 44.50000 14
127.3 44.50000 14
127.4 44.50000 14
127.5 44.50000 14
127.6 44.50000 14
127.7 44.50000 14
127.8 44.50000 14
127.9 44.50000 14
128.0 44.50000 14
128.1 44.50000 14
128.2 44.50000 14
128.3 44.50000 14
128.4 44.50000 14
128.5 44.50000 14
128.6 44.50000 14
128.7 44.50000 14
128.8 44.50000 14
128.9 44.50000 14
129.0 44.50000 14
129.1 44.50000 14
129.2 44.50000 14
129.3 44.50000 14
129.4 44.50000 14
129.5 44.50000 14
129.6 44.50000 14
129.7 44.50000 14
129.8 44.50000 14
129.9 44.50000 14
130.0 44.50000 14
130.1 44.50000 14
130.2 44.50000 14
130.3 44.50000 14
130.4 44.50000 14
130.5 44.50000 14
130.6 44.50000 14
130.7 44.50000 14
130.8 44.50000 14
130.9 44.50000 14
131.0 44.50000 14
131.1 44.50000 14
131.2 44.50000 14
131.3 44.50000 14
131.4 44.50000 14
131.5 44.50000 14
131.6 44.50000 14
131.7 44.50000 14
131.8 44.50000 14
131.9 44.50000 14
132.0 44.50000 14
132.1 44.50000 14
132.2 44.50000 14
132.3 44.50000 14
132.4 44.50000 14
132.5 44.50000 14
132.6 44.50000 14
132.7 44.50000 14
132.8 44.50000 14
132.9 44.50000 14
133.0 44.50000 14
133.1 44.50000 14
133.2 44.50000 14
133.3 44.50000 14
133.4 44.50000 14
133.5 44.50000 14
133.6 44.50000 14
133.7 44.50000 14
133.8 44.50000 14
133.9 44.50000 14
134.0 44.50000 14
134.1 44.50000 14
134.2 44.50000 14
134.3 44.50000 14
134.4 44.50000 14
134.5 44.50000 14
134.6 44.50000 14
134.7 44.50000 14
134.8 44.50000 14
134.9 44.50000 14
135.0 44.50000 14
135.1 44.50000 14
135.2 44.50000 14
135.3 44.50000 14
135.4 44.50000 14
135.5 44.50000 14
135.6 44.50000 14
135.7 44.50000 14
135.8 44.50000 14
135.9 44.50000 14
136.0 44.50000 14
136.1 44.50000 14
136.2 44.50000 14
136.3 44.50000 14
136.4 44.50000 14
136.5 44.50000 14
136.6 44.50000 14
136.7 44.50000 14
136.8 44.50000 14
136.9 44.50000 14
137.0 44.50000 14
137.1 44.50000 14
137.2 44.50000 14
137.3 44.50000 14
137.4 44.50000 14
137.5 44.50000 14
137.6 44.50000 14
137.7 44.50000 14
137.8 44.50000 14
137.9 44.50000 14
138.0 44.50000 14
138.1 44.50000 14
138.2 44.50000 14
138.3 44.50000 14
138.4 44.50000 14
138.5 44.50000 14
138.6 44.50000 14
138.7 44.50000 14
138.8 44.50000 14
138.9 44.50000 14
139.0 44.50000 14
139.1 44.50000 14
139.2 44.50000 14
139.3 44.50000 14
139.4 44.50000 14
139.5 44.50000 14
139.6 44.50000 14
139.7 44.50000 14
139.8 44.50000 14
139.9 44.50000 14
140.0 44.50000 14
140.1 44.50000 14
140.2 44.50000 14
140.3 44.50000 14
140.4 44.50000 14
140.5 44.50000 14
140.6 44.50000 14
140.7 44.50000 14
140.8 44.50000 14
140.9 44.50000 14
141.0 44.50000 14
141.1 44.50000 14
141.2 44.50000 14
141.3 44.50000 14
141.4 44.50000 14
141.5 44.50000 14
141.6 44.50000 14
141.7 44.50000 14
141.8 44.50000 14
141.9 44.50000 14
142.0 44.50000 14
142.1 44.50000 14
142.2 44.50000 14
142.3 44.50000 14
142.4 44.50000 14
142.5 44.50000 14
142.6 44.50000 14
142.7 44.50000 14
142.8 44.50000 14
142.9 44.50000 14
143.0 44.50000 14
143.1 44.50000 14
143.2 44.50000 14
143.3 44.50000 14
143.4 44.50000 14
143.5 44.50000 14
143.6 44.50000 14
143.7 44.50000 14
143.8 44.50000 14
143.9 44.50000 14
144.0 44.50000 14
144.1 44.50000 14
144.2 44.50000 14
144.3 44.50000 14
144.4 44.50000 14
144.5 44.50000 14
144.6 44.50000 14
144.7 44.50000 14
144.8 44.50000 14
144.9 44.50000 14
145.0 44.50000 14
145.1 44.50000 14
145.2 44.50000 14
145.3 44.50000 14
145.4 44.50000 14
145.5 44.50000 14
145.6 44.50000 14
145.7 44.50000 14
145.8 44.50000 14
145.9 44.50000 14
146.0 44.50000 14
146.1 44.50000 14
146.2 44.50000 14
146.3 44.50000 14
146.4 44.50000 14
146.5 44.50000 14
146.6 44.50000 14
146.7 44.50000 14
146.8 44.50000 14
146.9 44.50000 14
147.0 44.50000 14
147.1 44.50000 14
147.2 44.50000 14
147.3 44.50000 14
147.4 44.50000 14
147.5 44.50000 14
147.6 44.50000 14
147.7 44.50000 14
147.8 44.50000 14
147.9 44.50000 14
148.0 44.50000 14
148.1 44.50000 14
148.2 44.50000 14
148.3 44.50000 14
148.4 44.50000 14
148.5 44.50000 14
148.6 44.50000 14
148.7 44.50000 14
148.8 44.50000 14
148.9 44.50000 14
149.0 44.50000 14
149.1 44.50000 14
149.2 44.50000 14
149.3 44.50000 14
149.4 44.50000 14
149.5 44.50000 14
149.6 44.50000 14
149.7 44.50000 14
149.8 44.50000 14
149.9 44.50000 14
150.0 44.50000 14
150.1 44.50000 14
150.2 44.50000 14
150.3 44.50000 14
150.4 44.50000 14
150.5 44.50000 14
150.6 44.50000 14
150.7 44.50000 14
150.8 44.50000 14
150.9 44.50000 14
151.0 44.50000 14
151.1 44.50000 14
151.2 44.50000 14
151.3 44.50000 14
151.4 44.50000 14
151.5 44.50000 14
151.6 44.50000 14
151.7 44.50000 14
151.8 44.50000 14
151.9 44.50000 14
152.0 44.50000 14
152.1 44.50000 14
152.2 44.50000 14
152.3 44.50000 14
152.4 44.50000 14
152.5 44.50000 14
152.6 44.50000 14
152.7 44.50000 14
152.8 44.50000 14
152.9 44.50000 14
153.0 44.50000 14
153.1 44.50000 14
153.2 44.50000 14
153.3 44.50000 14
153.4 44.50000 14
153.5 44.50000 14
153.6 44.50000 14
153.7 44.50000 14
153.8 44.50000 14
153.9 44.50000 14
154.0 44.50000 14
154.1 44.50000 14
154.2 44.50000 14
154.3 44.50000 14
154.4 44.50000 14
154.5 44.50000 14
154.6 44.50000 14
154.7 44.50000 14
154.8 44.50000 14
154.9 44.50000 14
155.0 44.50000 14
155.1 44.50000 14
155.2 44.50000 14
155.3 44.50000 14
155.4 44.50000 14
155.5 44.50000 14
155.6 44.50000 14
155.7 44.50000 14
155.8 44.50000 14
155.9 44.50000 14
156.0 44.50000 14
156.1 44.50000 14
156.2 44.50000 14
156.3 44.50000 14
156.4 44.50000 14
156.5 44.50000 14
156.6 44.50000 14
156.7 44.50000 14
156.8 44.50000 14
156.9 44.50000 14
157.0 44.50000 14
157.1 44.50000 14
157.2 44.50000 14
157.3 44.50000 14
157.4 44.50000 14
157.5 44.50000 14
157.6 44.50000 14
157.7 44.50000 14
157.8 44.50000 14
157.9 44.50000 14
158.0 44.50000 14
158.1 44.50000 14
158.2 44.50000 14
158.3 44.50000 14
158.4 44.50000 14
158.5 44.50000 14
158.6 44.50000 14
158.7 44.50000 14
158.8 44.50000 14
158.9 44.50000 14
159.0 44.50000 14
159.1 44.50000 14
159.2 44.50000 14
159.3 44.50000 14
159.4 44.50000 14
159.5 44.50000 14
159.6 44.50000 14
159.7 44.50000 14
159.8 44.50000 14
159.9 44.50000 14
160.0 44.50000 14
160.1 44.50000 14
160.2 44.50000 14
160.3 44.50000 14
160.4 44.50000 14
160.5 44.50000 14
160.6 44.50000 14
160.7 44.50000 14
160.8 44.50000 14
160.9 44.50000 14
161.0 44.50000 14
161.1 44.50000 14
161.2 44.50000 14
161.3 44.50000 14
161.4 44.50000 14
161.5 44.50000 14
161.6 44.50000 14
161.7 44.50000 14
161.8 44.50000 14
161.9 44.50000 14
162.0 44.50000 14
162.1 44.50000 14
162.2 44.50000 14
162.3 44.50000 14
162.4 44.50000 14
162.5 44.50000 14
162.6 44.50000 14
162.7 44.50000 14
162.8 44.50000 14
162.9 44.50000 14
163.0 44.50000 14
163.1 44.50000 14
163.2 44.50000 14
163.3 44.50000 14
163.4 44.50000 14
163.5 44.50000 14
163.6 44.50000 14
163.7 44.50000 14
163.8 44.50000 14
163.9 44.50000 14
164.0 44.50000 14
164.1 44.50000 14
164.2 44.50000 14
164.3 44.50000 14
164.4 44.50000 14
164.5 44.50000 14
164.6 44.50000 14
164.7 44.50000 14
164.8 44.50000 14
164.9 44.50000 14
165.0 44.50000 14
165.1 44.50000 14
165.2 44.50000 14
165.3 44.50000 14
165.4 44.50000 14
165.5 44.50000 14
165.6 44.50000 14
165.7 44.50000 14
165.8 44.50000 14
165.9 44.50000 14
166.0 44.50000 14
166.1 44.50000 14
166.2 44.50000 14
166.3 44.50000 14
166.4 44.50000 14
166.5 44.50000 14
166.6 44.50000 14
166.7 44.50000 14
166.8 44.50000 14
166.9 44.50000 14
167.0 44.50000 14
167.1 44.50000 14
167.2 44.50000 14
167.3 44.50000 14
167.4 44.50000 14
167.5 44.50000 14
167.6 44.50000 14
167.7 44.50000 14
167.8 44.50000 14
167.9 44.50000 14
168.0 44.50000 14
168.1 44.50000 14
168.2 44.50000 14
168.3 44.50000 14
168.4 44.50000 14
168.5 44.50000 14
168.6 44.50000 14
168.7 44.50000 14
168.8 44.50000 14
168.9 44.50000 14
169.0 44.50000 14
169.1 44.50000 14
169.2 44.50000 14
169.3 44.50000 14
169.4 44.50000 14
169.5 44.50000 14
169.6 44.50000 14
169.7 44.50000 14
169.8 44.50000 14
169.9 44.50000 14
170.0 44.50000 14
170.1 44.50000 14
170.2 44.50000 14
170.3 44.50000 14
170.4 44.50000 14
170.5 44.50000 14
170.6 44.50000 14
170.7 44.50000 14
170.8 44.50000 14
170.9 44.50000 14
171.0 44.50000 14
171.1 44.50000 14
171.2 44.50000 14
171.3 44.50000 14
171.4 44.50000 14
171.5 44.50000 14
171.6 44.50000 14
171.7 44.50000 14
171.8 44.50000 14
171.9 44.50000 14
172.0 44.50000 14
172.1 44.50000 14
172.2 44.50000 14
172.3 44.50000 14
172.4 44.50000 14
172.5 44.50000 14
172.6 44.50000 14
172.7 44.50000 14
172.8 44.50000 14
172.9 44.50000 14
173.0 44.50000 14
173.1 44.50000 14
173.2 44.50000 14
173.3 44.50000 14
173.4 44.50000 14
173.5 44.50000 14
173.6 44.50000 14
173.7 44.50000 14
173.8 44.50000 14
173.9 44.50000 14
174.0 44.50000 14
174.1 44.50000 14
174.2 44.50000 14
174.3 44.50000 14
174.4 44.50000 14
174.5 44.50000 14
174.6 44.50000 14
174.7 44.50000 14
174.8 44.50000 14
174.9 44.50000 14
175.0 44.50000 14
175.1 44.50000 14
175.2 44.50000 14
175.3 44.50000 14
175.4 44.50000 14
175.5 44.50000 14
175.6 44.50000 14
175.7 44.50000 14
175.8 44.50000 14
175.9 44.50000 14
176.0 44.50000 14
176.1 44.50000 14
176.2 44.50000 14
176.3 44.50000 14
176.4 44.50000 14
176.5 44.50000 14
176.6 44.50000 14
176.7 44.50000 14
176.8 44.50000 14
176.9 44.50000 14
177.0 44.50000 14
177.1 44.50000 14
177.2 44.50000 14
177.3 44.50000 14
177.4 44.50000 14
177.5 44.50000 14
177.6 44.50000 14
177.7 44.50000 14
177.8 44.50000 14
177.9 44.50000 14
178.0 44.50000 14
178.1 44.50000 14
178.2 44.50000 14
178.3 44.50000 14
178.4 44.50000 14
178.5 44.50000 14
178.6 44.50000 14
178.7 44.50000 14
178.8 44.50000 14
178.9 44.50000 14
179.0 44.50000 14
179.1 44.50000 14
179.2 44.50000 14
179.3 44.50000 14
179.4 44.50000 14
179.5 44.50000 14
179.6 44.50000 14
179.7 44.50000 14
179.8 44.50000 14
179.9 44.50000 14
180.0 44.50000 14
180.1 44.50000 14
180.2 44.50000 14
180.3 44.50000 14
180.4 44.50000 14
180.5 44.50000 14
180.6 44.50000 14
180.7 44.50000 14
180.8 44.50000 14
180.9 44.50000 14
181.0 44.50000 14
181.1 44.50000 14
181.2 44.50000 14
181.3 44.50000 14
181.4 44.50000 14
181.5 44.50000 14
181.6 44.50000 14
181.7 44.50000 14
181.8 44.50000 14
181.9 44.50000 14
182.0 44.50000 14
182.1 44.50000 14
182.2 44.50000 14
182.3 44.50000 14
182.4 44.50000 14
182.5 44.50000 14
182.6 44.50000 14
182.7 44.50000 14
182.8 44.50000 14
182.9 44.50000 14
183.0 44.50000 14
183.1 44.50000 14
183.2 44.50000 14
183.3 44.50000 14
183.4 44.50000 14
183.5 44.50000 14
183.6 44.50000 14
183.7 44.50000 14
183.8 44.50000 14
183.9 44.50000 14
184.0 44.50000 14
184.1 44.50000 14
184.2 44.50000 14
184.3 44.50000 14
184.4 44.50000 14
184.5 44.50000 14
184.6 44.50000 14
184.7 44.50000 14
184.8 44.50000 14
184.9 44.50000 14
185.0 44.50000 14
185.1 44.50000 14
185.2 44.50000 14
185.3 44.50000 14
185.4 44.50000 14
185.5 44.50000 14
185.6 44.50000 14
185.7 44.50000 14
185.8 44.50000 14
185.9 44.50000 14
186.0 44.50000 14
186.1 44.50000 14
186.2 44.50000 14
186.3 44.50000 14
186.4 44.50000 14
186.5 44.50000 14
186.6 44.50000 14
186.7 44.50000 14
186.8 44.50000 14
186.9 44.50000 14
187.0 44.50000 14
187.1 44.50000 14
187.2 44.50000 14
187.3 44.50000 14
187.4 44.50000 14
187.5 44.50000 14
187.6 44.50000 14
187.7 44.50000 14
187.8 44.50000 14
187.9 44.50000 14
188.0 44.50000 14
188.1 44.50000 14
188.2 44.50000 14
188.3 44.50000 14
188.4 44.50000 14
188.5 44.50000 14
188.6 44.50000 14
188.7 44.50000 14
188.8 44.50000 14
188.9 44.50000 14
189.0 44.50000 14
189.1 44.50000 14
189.2 44.50000 14
189.3 44.50000 14
189.4 44.50000 14
189.5 44.50000 14
189.6 44.50000 14
189.7 44.50000 14
189.8 44.50000 14
189.9 44.50000 14
190.0 44.50000 14
190.1 44.50000 14
190.2 44.50000 14
190.3 44.50000 14
190.4 44.50000 14
190.5 44.50000 14
190.6 44.50000 14
190.7 44.50000 14
190.8 44.50000 14
190.9 44.50000 14
191.0 44.50000 14
191.1 44.50000 14
191.2 44.50000 14
191.3 44.50000 14
191.4 44.50000 14
191.5 44.50000 14
191.6 44.50000 14
191.7 44.50000 14
191.8 44.50000 14
191.9 44.50000 14
192.0 44.50000 14
192.1 44.50000 14
192.2 44.50000 14
192.3 44.50000 14
192.4 44.50000 14
192.5 44.50000 14
192.6 44.50000 14
192.7 44.50000 14
192.8 44.50000 14
192.9 44.50000 14
193.0 44.50000 14
193.1 44.50000 14
193.2 44.50000 14
193.3 44.50000 14
193.4 44.50000 14
193.5 44.50000 14
193.6 44.50000 14
193.7 44.50000 14
193.8 44.50000 14
193.9 44.50000 14
194.0 44.50000 14
194.1 44.50000 14
194.2 44.50000 14
194.3 44.50000 14
194.4 44.50000 14
194.5 44.50000 14
194.6 44.50000 14
194.7 44.50000 14
194.8 44.50000 14
194.9 44.50000 14
195.0 44.50000 14
195.1 44.50000 14
195.2 44.50000 14
195.3 44.50000 14
195.4 44.50000 14
195.5 44.50000 14
195.6 44.50000 14
195.7 44.50000 14
195.8 44.50000 14
195.9 44.50000 14
196.0 44.50000 14
196.1 44.50000 14
196.2 44.50000 14
196.3 44.50000 14
196.4 44.50000 14
196.5 44.50000 14
196.6 44.50000 14
196.7 44.50000 14
196.8 44.50000 14
196.9 44.50000 14
197.0 44.50000 14
197.1 44.50000 14
197.2 44.50000 14
197.3 44.50000 14
197.4 44.50000 14
197.5 44.50000 14
197.6 44.50000 14
197.7 44.50000 14
197.8 44.50000 14
197.9 44.50000 14
198.0 44.50000 14
198.1 44.50000 14
198.2 44.50000 14
198.3 44.50000 14
198.4 44.50000 14
198.5 44.50000 14
198.6 44.50000 14
198.7 44.50000 14
198.8 44.50000 14
198.9 44.50000 14
199.0 44.50000 14
199.1 44.50000 14
199.2 44.50000 14
199.3 44.50000 14
199.4 44.50000 14
199.5 44.50000 14
199.6 44.50000 14
199.7 44.50000 14
199.8 44.50000 14
199.9 44.50000 14
200.0 44.50000 14
200.1 44.50000 14
200.2 44.50000 14
200.3 44.50000 14
200.4 44.50000 14
200.5 44.50000 14
200.6 44.50000 14
200.7 44.50000 14
200.8 44.50000 14
200.9 44.50000 14
201.0 44.50000 14
201.1 44.50000 14
201.2 44.50000 14
201.3 44.50000 14
201.4 44.50000 14
201.5 44.50000 14
201.6 44.50000 14
201.7 44.50000 14
201.8 44.50000 14
201.9 44.50000 14
202.0 44.50000 14
202.1 44.50000 14
202.2 44.50000 14
202.3 44.50000 14
202.4 44.50000 14
202.5 44.50000 14
202.6 44.50000 14
202.7 44.50000 14
202.8 44.50000 14
202.9 44.50000 14
203.0 44.50000 14
203.1 44.50000 14
203.2 44.50000 14
203.3 44.50000 14
203.4 44.50000 14
203.5 44.50000 14
203.6 44.50000 14
203.7 44.50000 14
203.8 44.50000 14
203.9 44.50000 14
204.0 44.50000 14
204.1 44.50000 14
204.2 44.50000 14
204.3 44.50000 14
204.4 44.50000 14
204.5 44.50000 14
204.6 44.50000 14
204.7 44.50000 14
204.8 44.50000 14
204.9 44.50000 14
205.0 44.50000 14
205.1 44.50000 14
205.2 44.50000 14
205.3 44.50000 14
205.4 44.50000 14
205.5 44.50000 14
205.6 44.50000 14
205.7 44.50000 14
205.8 44.50000 14
205.9 44.50000 14
206.0 44.50000 14
206.1 44.50000 14
206.2 44.50000 14
206.3 44.50000 14
206.4 44.50000 14
206.5 44.50000 14
206.6 44.50000 14
206.7 44.50000 14
206.8 44.50000 14
206.9 44.50000 14
207.0 44.50000 14
207.1 44.50000 14
207.2 44.50000 14
207.3 44.50000 14
207.4 44.50000 14
207.5 44.50000 14
207.6 44.50000 14
207.7 44.50000 14
207.8 44.50000 14
207.9 44.50000 14
208.0 44.50000 14
208.1 44.50000 14
208.2 44.50000 14
208.3 44.50000 14
208.4 44.50000 14
208.5 44.50000 14
208.6 44.50000 14
208.7 44.50000 14
208.8 44.50000 14
208.9 44.50000 14
209.0 44.50000 14
209.1 44.50000 14
209.2 44.50000 14
209.3 44.50000 14
209.4 44.50000 14
209.5 44.50000 14
209.6 44.50000 14
209.7 44.50000 14
209.8 44.50000 14
209.9 44.50000 14
210.0 44.50000 14
210.1 44.50000 14
210.2 44.50000 14
210.3 44.50000 14
210.4 44.50000 14
210.5 44.50000 14
210.6 44.50000 14
210.7 44.50000 14
210.8 44.50000 14
210.9 44.50000 14
211.0 44.50000 14
211.1 44.50000 14
211.2 44.50000 14
211.3 44.50000 14
211.4 44.50000 14
211.5 44.50000 14
211.6 44.50000 14
211.7 44.50000 14
211.8 44.50000 14
211.9 44.50000 14
212.0 44.50000 14
212.1 44.50000 14
212.2 44.50000 14
212.3 44.50000 14
212.4 44.50000 14
212.5 44.50000 14
212.6 44.50000 14
212.7 44.50000 14
212.8 44.50000 14
212.9 44.50000 14
213.0 44.50000 14
213.1 44.50000 14
213.2 44.50000 14
213.3 44.50000 14
213.4 44.50000 14
213.5 44.50000 14
213.6 44.50000 14
213.7 44.50000 14
213.8 44.50000 14
213.9 44.50000 14
214.0 44.50000 14
214.1 44.50000 14
214.2 44.50000 14
214.3 44.50000 14
214.4 44.50000 14
214.5 44.50000 14
214.6 44.50000 14
214.7 44.50000 14
214.8 44.50000 14
214.9 44.50000 14
215.0 44.50000 14
215.1 44.50000 14
215.2 44.50000 14
215.3 44.50000 14
215.4 44.50000 14
215.5 44.50000 14
215.6 44.50000 14
215.7 44.50000 14
215.8 44.50000 14
215.9 44.50000 14
216.0 44.50000 14
216.1 44.50000 14
216.2 44.50000 14
216.3 44.50000 14
216.4 44.50000 14
216.5 44.50000 14
216.6 44.50000 14
216.7 44.50000 14
216.8 44.50000 14
216.9 44.50000 14
217.0 44.50000 14
217.1 44.50000 14
217.2 44.50000 14
217.3 44.50000 14
217.4 44.50000 14
217.5 44.50000 14
217.6 44.50000 14
217.7 44.50000 14
217.8 44.50000 14
217.9 44.50000 14
218.0 44.50000 14
218.1 44.50000 14
218.2 44.50000 14
218.3 44.50000 14
218.4 44.50000 14
218.5 44.50000 14
218.6 44.50000 14
218.7 44.50000 14
218.8 44.50000 14
218.9 44.50000 14
219.0 44.50000 14
219.1 44.50000 14
219.2 44.50000 14
219.3 44.50000 14
219.4 44.50000 14
219.5 44.50000 14
219.6 44.50000 14
219.7 44.50000 14
219.8 44.50000 14
219.9 44.50000 14
220.0 44.50000 14
220.1 44.50000 14
220.2 44.50000 14
220.3 44.50000 14
220.4 44.50000 14
220.5 44.50000 14
220.6 44.50000 14
220.7 44.50000 14
220.8 44.50000 14
220.9 44.50000 14
221.0 44.50000 14
221.1 44.50000 14
221.2 44.50000 14
221.3 44.50000 14
221.4 44.50000 14
221.5 44.50000 14
221.6 44.50000 14
221.7 44.50000 14
221.8 44.50000 14
221.9 44.50000 14
222.0 44.50000 14
222.1 44.50000 14
222.2 44.50000 14
222.3 44.50000 14
222.4 44.50000 14
222.5 44.50000 14
222.6 44.50000 14
222.7 44.50000 14
222.8 44.50000 14
222.9 44.50000 14
223.0 44.50000 14
223.1 44.50000 14
223.2 44.50000 14
223.3 44.50000 14
223.4 44.50000 14
223.5 44.50000 14
223.6 44.50000 14
223.7 44.50000 14
223.8 44.50000 14
223.9 44.50000 14
224.0 44.50000 14
224.1 44.50000 14
224.2 44.50000 14
224.3 44.50000 14
224.4 44.50000 14
224.5 44.50000 14
224.6 44.50000 14
224.7 44.50000 14
224.8 44.50000 14
224.9 44.50000 14
225.0 44.50000 14
225.1 44.50000 14
225.2 44.50000 14
225.3 44.50000 14
225.4 44.50000 14
225.5 44.50000 14
225.6 44.50000 14
225.7 44.50000 14
225.8 44.50000 14
225.9 44.50000 14
226.0 44.50000 14
226.1 44.50000 14
226.2 44.50000 14
226.3 44.50000 14
226.4 44.50000 14
226.5 44.50000 14
226.6 44.50000 14
226.7 44.50000 14
226.8 44.50000 14
226.9 44.50000 14
227.0 44.50000 14
227.1 44.50000 14
227.2 44.50000 14
227.3 44.50000 14
227.4 44.50000 14
227.5 44.50000 14
227.6 44.50000 14
227.7 44.50000 14
227.8 44.50000 14
227.9 44.50000 14
228.0 44.50000 14
228.1 44.50000 14
228.2 44.50000 14
228.3 44.50000 14
228.4 44.50000 14
228.5 44.50000 14
228.6 44.50000 14
228.7 44.50000 14
228.8 44.50000 14
228.9 44.50000 14
229.0 44.50000 14
229.1 44.50000 14
229.2 44.50000 14
229.3 44.50000 14
229.4 44.50000 14
229.5 44.50000 14
229.6 44.50000 14
229.7 44.50000 14
229.8 44.50000 14
229.9 44.50000 14
230.0 44.50000 14
230.1 44.50000 14
230.2 44.50000 14
230.3 44.50000 14
230.4 44.50000 14
230.5 44.50000 14
230.6 44.50000 14
230.7 44.50000 14
230.8 44.50000 14
230.9 44.50000 14
231.0 44.50000 14
231.1 44.50000 14
231.2 44.50000 14
231.3 44.50000 14
231.4 44.50000 14
231.5 44.50000 14
231.6 44.50000 14
231.7 44.50000 14
231.8 44.50000 14
231.9 44.50000 14
232.0 44.50000 14
232.1 44.50000 14
232.2 44.50000 14
232.3 44.50000 14
232.4 44.50000 14
232.5 44.50000 14
232.6 44.50000 14
232.7 44.50000 14
232.8 44.50000 14
232.9 44.50000 14
233.0 44.50000 14
233.1 44.50000 14
233.2 44.50000 14
233.3 44.50000 14
233.4 44.50000 14
233.5 44.50000 14
233.6 44.50000 14
233.7 44.50000 14
233.8 44.50000 14
233.9 44.50000 14
234.0 44.50000 14
234.1 44.50000 14
234.2 44.50000 14
234.3 44.50000 14
234.4 44.50000 14
234.5 44.50000 14
234.6 44.50000 14
234.7 44.50000 14
234.8 44.50000 14
234.9 44.50000 14
235.0 44.50000 14
235.1 44.50000 14
235.2 44.50000 14
235.3 44.50000 14
235.4 44.50000 14
235.5 44.50000 14
235.6 44.50000 14
235.7 44.50000 14
235.8 44.50000 14
235.9 44.50000 14
236.0 44.50000 14
236.1 44.50000 14
236.2 44.50000 14
236.3 44.50000 14
236.4 44.50000 14
236.5 44.50000 14
236.6 44.50000 14
236.7 44.50000 14
236.8 44.50000 14
236.9 44.50000 14
237.0 44.50000 14
237.1 44.50000 14
237.2 44.50000 14
237.3 44.50000 14
237.4 44.50000 14
237.5 44.50000 14
237.6 44.50000 14
237.7 44.50000 14
237.8 44.50000 14
237.9 44.50000 14
238.0 44.50000 14
238.1 44.50000 14
238.2 44.50000 14
238.3 44.50000 14
238.4 44.50000 14
238.5 44.50000 14
238.6 44.50000 14
238.7 44.50000 14
238.8 44.50000 14
238.9 44.50000 14
239.0 44.50000 14
239.1 44.50000 14
239.2 44.50000 14
239.3 44.50000 14
239.4 44.50000 14
239.5 44.50000 14
239.6 44.50000 14
239.7 44.50000 14
239.8 44.50000 14
239.9 44.50000 14
240.0 44.50000 14
240.1 44.50000 14
240.2 44.50000 14
240.3 44.50000 14
240.4 44.50000 14
240.5 44.50000 14
240.6 44.50000 14
240.7 44.50000 14
240.8 44.50000 14
240.9 44.50000 14
241.0 44.50000 14
241.1 44.50000 14
241.2 44.50000 14
241.3 44.50000 14
241.4 44.50000 14
241.5 44.50000 14
241.6 44.50000 14
241.7 44.50000 14
241.8 44.50000 14
241.9 44.50000 14
242.0 44.50000 14
242.1 44.50000 14
242.2 44.50000 14
242.3 44.50000 14
242.4 44.50000 14
242.5 44.50000 14
242.6 44.50000 14
242.7 44.50000 14
242.8 44.50000 14
242.9 44.50000 14
243.0 44.50000 14
243.1 44.50000 14
243.2 44.50000 14
243.3 44.50000 14
243.4 44.50000 14
243.5 44.50000 14
243.6 44.50000 14
243.7 44.50000 14
243.8 44.50000 14
243.9 44.50000 14
244.0 44.50000 14
244.1 44.50000 14
244.2 44.50000 14
244.3 44.50000 14
244.4 44.50000 14
244.5 44.50000 14
244.6 44.50000 14
244.7 44.50000 14
244.8 44.50000 14
244.9 44.50000 14
245.0 44.50000 14
245.1 44.50000 14
245.2 44.50000 14
245.3 44.50000 14
245.4 44.50000 14
245.5 44.50000 14
245.6 44.50000 14
245.7 44.50000 14
245.8 44.50000 14
245.9 44.50000 14
246.0 44.50000 14
246.1 44.50000 14
246.2 44.50000 14
246.3 44.50000 14
246.4 44.50000 14
246.5 44.50000 14
246.6 44.50000 14
246.7 44.50000 14
246.8 44.50000 14
246.9 44.50000 14
247.0 44.50000 14
247.1 44.50000 14
247.2 44.50000 14
247.3 44.50000 14
247.4 44.50000 14
247.5 44.50000 14
247.6 44.50000 14
247.7 44.50000 14
247.8 44.50000 14
247.9 44.50000 14
248.0 44.50000 14
248.1 44.50000 14
248.2 44.50000 14
248.3 44.50000 14
248.4 44.50000 14
248.5 44.50000 14
248.6 44.50000 14
248.7 44.50000 14
248.8 44.50000 14
248.9 44.50000 14
249.0 44.50000 14
249.1 44.50000 14
249.2 44.50000 14
249.3 44.50000 14
249.4 44.50000 14
249.5 44.50000 14
249.6 44.50000 14
249.7 44.50000 14
249.8 44.50000 14
249.9 44.50000 14
250.0 44.50000 14
