15.0 1.28711 13 0.09272
15.1 1.29452 13 0.09637
15.2 1.30179 13 0.10085
15.3 1.30907 13 0.10622
15.4 1.31617 13 0.10968
15.5 1.32349 13 0.11646
15.6 1.33083 13 0.11919
15.7 1.33798 13 0.11944
15.8 1.34536 13 0.12148
15.9 1.35253 13 0.12170
16.0 1.35972 13 0.12343
16.1 1.36692 13 0.12475
16.2 1.37438 13 0.12534
16.3 1.38161 13 0.12666
16.4 1.38885 13 0.12706
16.5 1.39610 13 0.12825
16.6 1.40337 13 0.12901
16.7 1.41066 13 0.13137
16.8 1.41796 13 0.13144
16.9 1.42497 13 0.13296
17.0 1.43229 13 0.13254
17.1 1.43963 13 0.13370
17.2 1.44666 13 0.13415
17.3 1.45403 13 0.13583
17.4 1.46112 13 0.13597
17.5 1.46851 13 0.13689
17.6 1.47557 13 0.13839
17.7 1.48299 13 0.13857
17.8 1.49006 13 0.14044
17.9 1.49713 13 0.14063
18.0 1.50421 13 0.14180
18.1 1.51169 13 0.14283
18.2 1.51878 13 0.14324
18.3 1.52587 13 0.14353
18.4 1.53297 13 0.14457
18.5 1.54008 13 0.14529
18.6 1.54718 13 0.14477
18.7 1.55430 13 0.14602
18.8 1.56141 13 0.14701
18.9 1.56853 13 0.14672
19.0 1.57566 13 0.14830
19.1 1.58279 13 0.14867
19.2 1.58993 13 0.14880
19.3 1.59707 13 0.14932
19.4 1.60422 13 0.14933
19.5 1.61138 13 0.14910
19.6 1.61800 13 0.15016
19.7 1.62516 13 0.15161
19.8 1.63233 13 0.15228
19.9 1.63950 13 0.15317
20.0 1.64610 13 0.15145
20.1 1.65328 13 0.15259
20.2 1.66046 13 0.15280
20.3 1.66705 13 0.15394
20.4 1.67423 13 0.15376
20.5 1.68143 13 0.15336
20.6 1.68800 13 0.15415
20.7 1.69519 13 0.15450
20.8 1.70175 13 0.15460
20.9 1.70895 13 0.15594
21.0 1.71616 13 0.15550
21.1 1.72271 13 0.15554
21.2 1.72992 13 0.15608
21.3 1.73645 13 0.15732
21.4 1.74367 13 0.15645
21.5 1.75019 13 0.15682
21.6 1.76082 13 0.15821
21.7 1.76391 13 0.15858
21.8 1.77040 13 0.15934
21.9 1.77633 13 0.16845
22.0 1.77609 13 0.16843
22.1 1.77618 13 0.16844
22.2 1.77746 13 0.16851
22.3 1.77819 13 0.16855
22.4 1.77864 13 0.16858
22.5 1.77858 13 0.16858
22.6 1.77954 13 0.16863
22.7 1.78108 13 0.16872
22.8 1.78179 13 0.16875
22.9 1.78250 13 0.16879
23.0 1.78281 13 0.16881
23.1 1.78397 13 0.16888
23.2 1.78426 13 0.16889
23.3 1.78532 13 0.16895
23.4 1.78571 13 0.16897
23.5 1.78795 13 0.16910
23.6 1.78861 13 0.16913
23.7 1.78889 13 0.16915
23.8 1.78951 13 0.16918
23.9 1.79026 13 0.16922
24.0 1.79203 13 0.16932
24.1 1.79286 13 0.16937
24.2 1.79361 13 0.16941
24.3 1.79548 13 0.16951
24.4 1.79566 13 0.16952
24.5 1.79653 13 0.16957
24.6 1.79818 13 0.16966
24.7 1.79877 13 0.16969
24.8 1.80056 13 0.16979
24.9 1.80103 13 0.16981
25.0 1.80094 13 0.16981
25.1 1.80287 13 0.16991
25.2 1.80473 13 0.17001
25.3 1.80554 13 0.17005
25.4 1.80798 13 0.17018
25.5 1.80866 13 0.17022
25.6 1.80966 13 0.17027
25.7 1.81123 13 0.17036
25.8 1.81282 13 0.17044
25.9 1.81438 13 0.17052
26.0 1.81504 13 0.17056
26.1 1.81718 13 0.17067
26.2 1.81655 13 0.17064
26.3 1.81822 13 0.17073
26.4 1.81991 13 0.17081
26.5 1.82117 13 0.17088
26.6 1.82226 13 0.17094
26.7 1.82327 13 0.17099
26.8 1.82420 13 0.17104
26.9 1.82720 13 0.17119
27.0 1.82806 13 0.17124
27.1 1.82778 13 0.17122
27.2 1.82946 13 0.17131
27.3 1.83039 13 0.17136
27.4 1.83244 13 0.17147
27.5 1.83473 13 0.17158
27.6 1.83545 13 0.17162
27.7 1.83638 13 0.17167
27.8 1.83694 13 0.17170
27.9 1.83770 13 0.17173
28.0 1.83960 13 0.17183
28.1 1.83986 13 0.17184
28.2 1.84098 13 0.17190
28.3 1.84314 13 0.17201
28.4 1.84410 13 0.17206
28.5 1.84577 13 0.17214
28.6 1.84633 13 0.17217
28.7 1.84804 13 0.17226
28.8 1.84864 13 0.17229
28.9 1.84952 13 0.17233
29.0 1.85035 13 0.17237
29.1 1.85221 13 0.17246
29.2 1.85436 13 0.17257
29.3 1.85510 13 0.17261
29.4 1.85637 13 0.17267
29.5 1.85815 13 0.17276
29.6 1.85989 13 0.17284
29.7 1.85975 13 0.17284
29.8 1.86200 13 0.17295
29.9 1.86389 13 0.17304
30.0 1.86455 13 0.17307
30.1 1.86616 13 0.17315
30.2 1.86767 13 0.17322
30.3 1.86876 13 0.17327
30.4 1.86942 13 0.17331
30.5 1.87145 13 0.17340
30.6 1.87222 13 0.17344
30.7 1.87383 13 0.17352
30.8 1.87542 13 0.17359
30.9 1.87663 13 0.17365
31.0 1.87760 13 0.17370
31.1 1.87785 13 0.17371
31.2 1.87981 13 0.17380
31.3 1.88061 13 0.17384
31.4 1.88079 13 0.17385
31.5 1.88329 13 0.17397
31.6 1.88409 13 0.17401
31.7 1.88431 13 0.17402
31.8 1.88650 13 0.17412
31.9 1.88670 13 0.17413
32.0 1.88896 13 0.17423
32.1 1.88932 13 0.17425
32.2 1.89111 13 0.17434
32.3 1.89110 13 0.17434
32.4 1.89228 13 0.17439
32.5 1.89398 13 0.17447
32.6 1.89467 13 0.17450
32.7 1.89646 13 0.17459
32.8 1.89743 13 0.17463
32.9 1.89851 13 0.17468
33.0 1.89973 13 0.17474
33.1 1.90117 13 0.17480
33.2 1.90210 13 0.17485
33.3 1.90324 13 0.17490
33.4 1.90545 13 0.17500
33.5 1.90623 13 0.17504
33.6 1.90739 13 0.17509
33.7 1.90781 13 0.17511
33.8 1.90918 13 0.17517
33.9 1.91016 13 0.17521
34.0 1.91162 13 0.17528
34.1 1.91323 13 0.17535
34.2 1.91400 13 0.17539
34.3 1.91567 13 0.17546
34.4 1.91712 13 0.17553
34.5 1.91821 13 0.17558
34.6 1.91892 13 0.17561
34.7 1.91917 13 0.17562
34.8 1.92051 13 0.17568
34.9 1.92122 13 0.17571
35.0 1.92273 13 0.17578
35.1 1.92367 13 0.17582
35.2 7.05209 14 1.00000
35.3 7.05576 14 1.00000
35.4 7.05985 14 1.00000
35.5 7.06628 14 1.00000
35.6 7.07246 14 1.00000
35.7 7.07296 14 1.00000
35.8 7.08467 14 1.00000
35.9 7.08223 14 1.00000
36.0 7.08904 14 1.00000
36.1 7.09730 14 1.00000
36.2 7.09975 14 1.00000
36.3 7.09972 14 1.00000
36.4 7.11292 14 1.00000
36.5 7.11622 14 1.00000
36.6 7.11541 14 1.00000
36.7 7.12459 14 1.00000
36.8 7.13263 14 1.00000
36.9 7.13829 14 1.00000
37.0 7.14189 14 1.00000
37.1 7.14875 14 1.00000
37.2 7.15564 14 1.00000
37.3 7.16094 14 1.00000
37.4 7.16569 14 1.00000
37.5 7.17254 14 1.00000
37.6 7.17767 14 1.00000
37.7 7.18184 14 1.00000
37.8 7.18199 14 1.00000
37.9 7.18918 14 1.00000
38.0 7.19401 14 1.00000
38.1 7.19609 14 1.00000
38.2 7.20251 14 1.00000
38.3 7.20629 14 1.00000
38.4 7.20991 14 1.00000
38.5 7.21745 14 1.00000
38.6 7.22482 14 1.00000
38.7 7.22838 14 1.00000
38.8 7.22782 14 1.00000
38.9 7.23383 14 1.00000
39.0 7.24138 14 1.00000
39.1 7.24484 14 1.00000
39.2 7.24345 14 1.00000
39.3 7.25453 14 1.00000
39.4 7.25468 14 1.00000
39.5 7.25204 14 1.00000
39.6 7.26395 14 1.00000
39.7 7.26421 14 1.00000
39.8 7.27031 14 1.00000
39.9 7.27323 14 1.00000
40.0 7.27783 14 1.00000
40.1 7.28066 14 1.00000
40.2 7.28275 14 1.00000
40.3 7.29095 14 1.00000
40.4 7.29572 14 1.00000
40.5 7.30273 14 1.00000
40.6 7.30510 14 1.00000
40.7 7.31294 14 1.00000
40.8 7.31480 14 1.00000
40.9 7.31880 14 1.00000
41.0 7.32612 14 1.00000
41.1 7.32631 14 1.00000
41.2 7.33593 14 1.00000
41.3 7.34124 14 1.00000
41.4 7.34574 14 1.00000
41.5 7.35014 14 1.00000
41.6 7.35151 14 1.00000
41.7 7.35528 14 1.00000
41.8 7.36373 14 1.00000
41.9 7.36122 14 1.00000
42.0 7.36596 14 1.00000
42.1 7.37112 14 1.00000
42.2 7.37526 14 1.00000
42.3 7.37852 14 1.00000
42.4 7.38186 14 1.00000
42.5 7.39152 14 1.00000
42.6 7.39196 14 1.00000
42.7 7.39616 14 1.00000
42.8 7.39838 14 1.00000
42.9 7.40558 14 1.00000
43.0 7.40774 14 1.00000
43.1 7.40831 14 1.00000
43.2 7.40899 14 1.00000
43.3 7.41800 14 1.00000
43.4 7.41938 14 1.00000
43.5 7.42701 14 1.00000
43.6 7.42760 14 1.00000
43.7 7.42351 14 1.00000
43.8 7.43087 14 1.00000
43.9 7.43528 14 1.00000
44.0 7.43918 14 1.00000
44.1 7.44187 14 1.00000
44.2 7.44464 14 1.00000
44.3 7.44784 14 1.00000
44.4 7.45528 14 1.00000
44.5 7.45900 14 1.00000
44.6 7.46365 14 1.00000
44.7 7.46940 14 1.00000
44.8 7.47527 14 1.00000
44.9 7.47393 14 1.00000
45.0 7.48078 14 1.00000
45.1 7.48803 14 1.00000
45.2 7.49369 14 1.00000
45.3 7.49316 14 1.00000
45.4 7.49220 14 1.00000
45.5 7.49815 14 1.00000
45.6 7.49885 14 1.00000
45.7 7.50287 14 1.00000
45.8 7.50574 14 1.00000
45.9 7.51510 14 1.00000
46.0 7.52063 14 1.00000
46.1 7.52398 14 1.00000
46.2 7.52975 14 1.00000
46.3 7.53340 14 1.00000
46.4 7.53696 14 1.00000
46.5 7.54053 14 1.00000
46.6 7.54231 14 1.00000
46.7 7.54395 14 1.00000
46.8 7.54685 14 1.00000
46.9 7.54847 14 1.00000
47.0 7.54874 14 1.00000
47.1 7.55911 14 1.00000
47.2 7.55822 14 1.00000
47.3 7.55969 14 1.00000
47.4 7.55823 14 1.00000
47.5 7.55888 14 1.00000
47.6 7.56984 14 1.00000
47.7 7.57019 14 1.00000
47.8 7.56784 14 1.00000
47.9 7.57788 14 1.00000
48.0 7.57930 14 1.00000
48.1 7.58689 14 1.00000
48.2 7.58570 14 1.00000
48.3 7.58940 14 1.00000
48.4 7.59160 14 1.00000
48.5 7.59387 14 1.00000
48.6 7.59609 14 1.00000
48.7 7.60017 14 1.00000
48.8 7.60572 14 1.00000
48.9 7.61108 14 1.00000
49.0 7.61648 14 1.00000
49.1 7.61689 14 1.00000
49.2 7.61667 14 1.00000
49.3 7.62294 14 1.00000
49.4 7.62704 14 1.00000
49.5 7.62344 14 1.00000
49.6 7.63266 14 1.00000
49.7 7.63708 14 1.00000
49.8 7.63845 14 1.00000
49.9 7.64207 14 1.00000
50.0 7.64925 14 1.00000
50.1 7.65320 14 1.00000
50.2 7.65663 14 1.00000
50.3 7.65995 14 1.00000
50.4 7.65781 14 1.00000
50.5 7.66589 14 1.00000
50.6 7.66928 14 1.00000
50.7 7.67239 14 1.00000
50.8 7.67716 14 1.00000
50.9 7.68045 14 1.00000
51.0 7.68011 14 1.00000
51.1 7.68316 14 1.00000
51.2 7.68586 14 1.00000
51.3 7.68737 14 1.00000
51.4 7.68931 14 1.00000
51.5 7.69112 14 1.00000
51.6 7.68920 14 1.00000
51.7 7.70066 14 1.00000
51.8 7.70205 14 1.00000
51.9 7.70309 14 1.00000
52.0 7.70412 14 1.00000
52.1 7.70712 14 1.00000
52.2 7.71254 14 1.00000
52.3 7.71264 14 1.00000
52.4 7.70963 14 1.00000
52.5 7.72026 14 1.00000
52.6 7.71814 14 1.00000
52.7 7.71785 14 1.00000
52.8 7.71975 14 1.00000
52.9 7.72773 14 1.00000
53.0 7.72956 14 1.00000
53.1 7.73107 14 1.00000
53.2 7.73282 14 1.00000
53.3 7.73464 14 1.00000
53.4 7.73437 14 1.00000
53.5 7.73509 14 1.00000
53.6 7.74239 14 1.00000
53.7 7.74691 14 1.00000
53.8 7.74742 14 1.00000
53.9 7.75615 14 1.00000
54.0 7.76137 14 1.00000
54.1 7.76076 14 1.00000
54.2 7.76525 14 1.00000
54.3 7.76984 14 1.00000
54.4 7.77446 14 1.00000
54.5 7.77916 14 1.00000
54.6 7.77796 14 1.00000
54.7 7.77575 14 1.00000
54.8 7.77769 14 1.00000
54.9 7.78280 14 1.00000
55.0 7.78621 14 1.00000
55.1 7.78768 14 1.00000
55.2 7.78790 14 1.00000
55.3 7.79988 14 1.00000
55.4 7.79425 14 1.00000
55.5 7.80126 14 1.00000
55.6 7.80155 14 1.00000
55.7 7.80837 14 1.00000
55.8 7.80965 14 1.00000
55.9 7.81417 14 1.00000
56.0 7.81716 14 1.00000
56.1 7.81972 14 1.00000
56.2 7.82022 14 1.00000
56.3 7.82026 14 1.00000
56.4 7.82509 14 1.00000
56.5 7.82476 14 1.00000
56.6 7.82378 14 1.00000
56.7 7.82809 14 1.00000
56.8 7.83288 14 1.00000
56.9 7.83677 14 1.00000
57.0 7.83647 14 1.00000
57.1 7.83835 14 1.00000
57.2 7.83929 14 1.00000
57.3 7.84430 14 1.00000
57.4 7.84243 14 1.00000
57.5 7.84554 14 1.00000
57.6 7.84834 14 1.00000
57.7 7.85476 14 1.00000
57.8 7.85280 14 1.00000
57.9 7.85484 14 1.00000
58.0 7.86260 14 1.00000
58.1 7.86325 14 1.00000
58.2 7.86249 14 1.00000
58.3 7.86337 14 1.00000
58.4 7.86453 14 1.00000
58.5 7.86578 14 1.00000
58.6 7.86331 14 1.00000
58.7 7.86818 14 1.00000
58.8 7.87083 14 1.00000
58.9 7.87240 14 1.00000
59.0 7.87191 14 1.00000
59.1 7.87775 14 1.00000
59.2 7.88255 14 1.00000
59.3 7.88641 14 1.00000
59.4 7.89042 14 1.00000
59.5 7.89488 14 1.00000
59.6 7.89933 14 1.00000
59.7 7.89785 14 1.00000
59.8 7.89795 14 1.00000
59.9 7.90466 14 1.00000
60.0 7.90847 14 1.00000
60.1 7.91034 14 1.00000
60.2 7.90983 14 1.00000
60.3 7.91320 14 1.00000
60.4 7.91520 14 1.00000
60.5 7.91940 14 1.00000
60.6 7.92334 14 1.00000
60.7 7.92606 14 1.00000
60.8 7.92295 14 1.00000
60.9 7.93065 14 1.00000
61.0 7.93264 14 1.00000
61.1 7.93155 14 1.00000
61.2 7.93228 14 1.00000
61.3 7.91850 14 1.00000
61.4 7.92048 14 1.00000
61.5 7.93023 14 1.00000
61.6 7.93670 14 1.00000
61.7 7.93991 14 1.00000
61.8 7.94850 14 1.00000
61.9 7.95369 14 1.00000
62.0 7.95887 14 1.00000
62.1 7.95553 14 1.00000
62.2 7.96077 14 1.00000
62.3 7.96618 14 1.00000
62.4 7.97118 14 1.00000
62.5 7.97450 14 1.00000
62.6 7.98680 14 1.00000
62.7 7.99771 14 1.00000
62.8 7.99653 14 1.00000
62.9 8.00237 14 1.00000
63.0 8.01085 14 1.00000
63.1 8.01194 14 1.00000
63.2 8.01366 14 1.00000
63.3 8.01701 14 1.00000
63.4 8.01814 14 1.00000
63.5 8.01888 14 1.00000
63.6 8.01833 14 1.00000
63.7 8.02588 14 1.00000
63.8 8.03275 14 1.00000
63.9 8.04662 14 1.00000
64.0 8.05431 14 1.00000
64.1 8.04762 14 1.00000
64.2 8.05544 14 1.00000
64.3 8.06141 14 1.00000
64.4 8.06485 14 1.00000
64.5 8.06943 14 1.00000
64.6 8.07561 14 1.00000
64.7 8.07932 14 1.00000
64.8 8.09179 14 1.00000
64.9 8.09131 14 1.00000
65.0 8.09540 14 1.00000
65.1 8.09502 14 1.00000
65.2 8.09786 14 1.00000
65.3 8.10197 14 1.00000
65.4 8.10402 14 1.00000
65.5 8.10589 14 1.00000
65.6 8.10817 14 1.00000
65.7 8.11521 14 1.00000
65.8 8.12023 14 1.00000
65.9 8.12422 14 1.00000
66.0 8.13565 14 1.00000
66.1 8.12419 14 1.00000
66.2 8.13484 14 1.00000
66.3 8.14486 14 1.00000
66.4 8.15135 14 1.00000
66.5 8.15769 14 1.00000
66.6 8.16215 14 1.00000
66.7 5.49096 14 0.63158
66.8 5.49402 14 0.63156
66.9 5.49627 14 0.63155
67.0 5.49941 14 0.63153
67.1 5.50180 14 0.63152
67.2 5.50476 14 0.63151
67.3 5.50944 14 0.63149
67.4 5.51451 14 0.63148
67.5 5.51660 14 0.63147
67.6 5.52103 14 0.63147
67.7 5.52431 14 0.63146
67.8 5.52602 14 0.63146
67.9 5.53054 14 0.63146
68.0 5.53345 14 0.63146
68.1 5.52844 14 0.63146
68.2 5.53300 14 0.63146
68.3 5.53593 14 0.63146
68.4 5.53880 14 0.63147
68.5 5.54154 14 0.63147
68.6 5.54412 14 0.63148
68.7 5.54796 14 0.63149
68.8 5.55028 14 0.63149
68.9 5.55666 14 0.63152
69.0 5.56138 14 0.63154
69.1 5.56525 14 0.63156
69.2 5.56814 14 0.63157
69.3 5.57779 14 0.63163
69.4 5.58378 14 0.63167
69.5 5.58900 14 0.63172
69.6 5.59374 14 0.63176
69.7 5.59644 14 0.63178
69.8 5.60393 14 0.63185
69.9 5.60762 14 0.63189
70.0 5.61064 14 0.63192
70.1 5.61507 14 0.63197
70.2 5.62133 14 0.63205
70.3 5.61293 14 0.63195
70.4 5.62002 14 0.63203
70.5 5.62379 14 0.63208
70.6 5.62648 14 0.63211
70.7 5.63110 14 0.63217
70.8 5.63573 14 0.63223
70.9 5.64509 14 0.63236
71.0 5.64647 14 0.63238
71.1 5.64780 14 0.63240
71.2 5.65592 14 0.63253
71.3 5.65528 14 0.63252
71.4 5.66127 14 0.63262
71.5 5.66453 14 0.63267
71.6 5.66772 14 0.63272
71.7 5.67086 14 0.63278
71.8 5.67387 14 0.63283
71.9 5.67686 14 0.63288
72.0 5.67661 14 0.63288
72.1 5.68403 14 0.63301
72.2 5.69011 14 0.63313
72.3 5.69218 14 0.63317
72.4 5.68773 14 0.63308
72.5 5.69199 14 0.63316
72.6 5.69603 14 0.63324
72.7 5.70087 14 0.63334
72.8 5.70464 14 0.63341
72.9 5.70799 14 0.63348
73.0 5.71911 14 0.63371
73.1 5.72486 14 0.63384
73.2 5.73051 14 0.63396
73.3 5.73595 14 0.63409
73.4 5.74002 14 0.63418
73.5 5.74665 14 0.63434
73.6 5.75092 14 0.63444
73.7 5.75680 14 0.63458
73.8 5.76151 14 0.63469
73.9 5.76567 14 0.63480
74.0 5.76808 14 0.63486
74.1 5.77405 14 0.63501
74.2 5.77581 14 0.63505
74.3 5.78176 14 0.63521
74.4 5.78657 14 0.63533
74.5 5.79610 14 0.63559
74.6 5.79811 14 0.63564
74.7 5.78773 14 0.63537
74.8 5.79550 14 0.63557
74.9 5.79761 14 0.63563
75.0 5.79835 14 0.63565
75.1 5.80935 14 0.63595
75.2 5.80983 14 0.63597
75.3 5.81307 14 0.63606
75.4 5.81546 14 0.63612
75.5 5.81874 14 0.63622
75.6 5.82201 14 0.63631
75.7 5.82576 14 0.63642
75.8 5.82996 14 0.63654
75.9 5.83454 14 0.63667
76.0 5.83972 14 0.63683
76.1 5.84401 14 0.63696
76.2 5.85089 14 0.63716
76.3 5.85435 14 0.63727
76.4 5.85868 14 0.63740
76.5 5.86371 14 0.63756
76.6 5.86671 14 0.63765
76.7 5.87457 14 0.63790
76.8 5.88339 14 0.63818
76.9 5.88926 14 0.63837
77.0 5.87539 14 0.63792
77.1 5.88456 14 0.63822
77.2 5.89045 14 0.63841
77.3 5.89565 14 0.63858
77.4 5.90001 14 0.63872
77.5 5.90779 14 0.63898
77.6 5.91308 14 0.63915
77.7 5.91894 14 0.63935
77.8 5.92202 14 0.63945
77.9 5.92716 14 0.63963
78.0 5.93087 14 0.63976
78.1 5.93808 14 0.64001
78.2 5.94170 14 0.64013
78.3 5.94605 14 0.64028
78.4 5.94909 14 0.64039
78.5 5.95399 14 0.64056
78.6 5.95569 14 0.64063
78.7 5.96750 14 0.64105
78.8 5.96855 14 0.64109
78.9 5.97328 14 0.64126
79.0 5.98321 14 0.64162
79.1 5.98140 14 0.64155
79.2 5.98792 14 0.64179
79.3 5.99130 14 0.64192
79.4 5.98182 14 0.64157
79.5 5.98780 14 0.64179
79.6 5.99113 14 0.64191
79.7 5.99447 14 0.64203
79.8 5.99469 14 0.64204
79.9 5.99937 14 0.64222
80.0 6.00359 14 0.64237
80.1 6.00820 14 0.64255
80.2 6.01154 14 0.64267
80.3 6.01608 14 0.64284
80.4 6.02338 14 0.64312
80.5 6.02830 14 0.64331
80.6 6.03472 14 0.64356
80.7 6.03939 14 0.64374
80.8 6.04130 14 0.64381
80.9 6.04625 14 0.64401
81.0 6.05302 14 0.64427
81.1 6.05910 14 0.64451
81.2 6.06733 14 0.64484
81.3 6.07367 14 0.64509
81.4 6.07958 14 0.64533
81.5 6.08413 14 0.64551
81.6 6.08995 14 0.64575
81.7 6.09836 14 0.64609
81.8 6.08124 14 0.64539
81.9 6.09069 14 0.64578
82.0 6.09667 14 0.64602
82.1 6.09931 14 0.64613
82.2 6.10803 14 0.64648
82.3 6.11382 14 0.64672
82.4 6.11889 14 0.64693
82.5 6.12370 14 0.64713
82.6 6.12775 14 0.64730
82.7 6.12992 14 0.64739
82.8 6.13656 14 0.64767
82.9 6.13717 14 0.64769
83.0 6.14409 14 0.64798
83.1 6.14663 14 0.64809
83.2 6.15107 14 0.64828
83.3 6.15799 14 0.64857
83.4 6.16618 14 0.64892
83.5 6.16840 14 0.64902
83.6 6.17155 14 0.64915
83.7 6.18137 14 0.64958
83.8 6.18317 14 0.64965
83.9 6.18606 14 0.64978
84.0 6.19019 14 0.64996
84.1 6.19393 14 0.65012
84.2 6.19732 14 0.65027
84.3 6.19768 14 0.65028
84.4 6.18912 14 0.64991
84.5 6.19422 14 0.65013
84.6 6.19909 14 0.65034
84.7 6.20292 14 0.65051
84.8 6.20601 14 0.65065
84.9 6.20803 14 0.65074
85.0 6.21550 14 0.65106
85.1 6.22000 14 0.65126
85.2 6.22767 14 0.65160
85.3 6.23146 14 0.65177
85.4 6.23903 14 0.65211
85.5 6.24436 14 0.65235
85.6 6.24844 14 0.65253
85.7 6.25208 14 0.65269
85.8 6.25927 14 0.65302
85.9 6.26418 14 0.65324
86.0 6.26857 14 0.65344
86.1 6.27750 14 0.65383
86.2 6.28316 14 0.65406
86.3 6.28748 14 0.65424
86.4 6.29680 14 0.65463
86.5 6.30367 14 0.65492
86.6 6.30780 14 0.65509
86.7 6.31625 14 0.65544
86.8 6.31371 14 0.65534
86.9 6.31899 14 0.65556
87.0 6.31130 14 0.65524
87.1 6.31797 14 0.65552
87.2 6.31526 14 0.65540
87.3 6.32044 14 0.65562
87.4 6.32548 14 0.65583
87.5 6.33051 14 0.65605
87.6 6.33541 14 0.65626
87.7 6.34825 14 0.65680
87.8 6.35050 14 0.65690
87.9 6.35652 14 0.65716
88.0 6.35718 14 0.65719
88.1 6.36409 14 0.65749
88.2 6.36406 14 0.65748
88.3 6.37146 14 0.65780
88.4 6.37724 14 0.65806
88.5 6.38672 14 0.65847
88.6 6.38739 14 0.65850
88.7 6.39195 14 0.65870
88.8 6.40199 14 0.65914
88.9 6.40448 14 0.65925
89.0 6.40868 14 0.65944
89.1 6.40988 14 0.65949
89.2 6.41358 14 0.65965
89.3 6.41946 14 0.65991
89.4 6.42344 14 0.66009
89.5 6.42255 14 0.66005
89.6 6.42991 14 0.66038
89.7 6.43445 14 0.66058
89.8 6.42363 14 0.66010
89.9 6.42336 14 0.66009
90.0 6.42987 14 0.66038
90.1 6.43450 14 0.66058
90.2 6.43756 14 0.66072
90.3 6.44696 14 0.66114
90.4 6.45065 14 0.66131
90.5 6.45954 14 0.66171
90.6 6.46167 14 0.66180
90.7 6.47069 14 0.66221
90.8 6.47695 14 0.66250
90.9 6.48238 14 0.66274
91.0 6.48762 14 0.66298
91.1 6.49276 14 0.66321
91.2 6.49788 14 0.66345
91.3 6.50271 14 0.66367
91.4 6.50626 14 0.66383
91.5 6.50714 14 0.66387
91.6 6.52143 14 0.66453
91.7 6.53033 14 0.66494
91.8 6.53711 14 0.66525
91.9 6.54024 14 0.66540
92.0 6.55108 14 0.66590
92.1 6.54726 14 0.66572
92.2 6.55284 14 0.66598
92.3 6.55819 14 0.66623
92.4 6.56349 14 0.66648
92.5 6.56871 14 0.66672
92.6 6.55158 14 0.66592
92.7 6.55691 14 0.66617
92.8 6.56216 14 0.66641
92.9 6.56733 14 0.66666
93.0 6.57255 14 0.66690
93.1 6.57775 14 0.66714
93.2 6.58284 14 0.66738
93.3 6.58751 14 0.66760
93.4 6.60206 14 0.66828
93.5 6.60178 14 0.66827
93.6 6.60995 14 0.66866
93.7 6.61009 14 0.66866
93.8 6.61691 14 0.66899
93.9 6.62134 14 0.66920
94.0 6.62407 14 0.66933
94.1 6.63053 14 0.66963
94.2 6.64074 14 0.67012
94.3 6.64285 14 0.67022
94.4 6.64590 14 0.67036
94.5 6.65564 14 0.67083
94.6 6.65793 14 0.67094
94.7 6.66324 14 0.67119
94.8 6.66371 14 0.67121
94.9 6.67056 14 0.67154
95.0 6.67504 14 0.67176
95.1 6.67441 14 0.67173
95.2 6.68236 14 0.67211
95.3 6.68641 14 0.67230
95.4 6.68796 14 0.67238
95.5 6.69197 14 0.67257
95.6 6.68055 14 0.67202
95.7 6.68122 14 0.67205
95.8 6.68816 14 0.67239
95.9 6.68978 14 0.67246
96.0 6.69794 14 0.67286
96.1 6.70052 14 0.67298
96.2 6.71182 14 0.67353
96.3 6.71421 14 0.67364
96.4 6.72443 14 0.67414
96.5 6.73031 14 0.67443
96.6 6.73236 14 0.67452
96.7 6.74106 14 0.67495
96.8 6.74752 14 0.67526
96.9 6.75323 14 0.67554
97.0 6.75854 14 0.67580
97.1 6.76367 14 0.67605
97.2 6.76836 14 0.67628
97.3 6.77199 14 0.67646
97.4 6.77396 14 0.67656
97.5 6.78337 14 0.67702
97.6 6.79515 14 0.67760
97.7 6.80046 14 0.67787
97.8 6.80718 14 0.67820
97.9 6.81731 14 0.67870
98.0 6.81211 14 0.67844
98.1 6.81821 14 0.67875
98.2 6.82374 14 0.67902
98.3 6.82442 14 0.67905
98.4 6.83133 14 0.67940
98.5 6.83790 14 0.67972
98.6 6.84296 14 0.67998
98.7 6.82450 14 0.67906
98.8 6.82520 14 0.67909
98.9 6.83217 14 0.67944
99.0 6.83850 14 0.67975
99.1 6.84337 14 0.68000
99.2 6.84794 14 0.68022
99.3 6.85356 14 0.68050
99.4 6.86168 14 0.68091
99.5 6.86670 14 0.68116
99.6 6.87134 14 0.68139
99.7 6.87487 14 0.68157
99.8 6.88910 14 0.68228
99.9 6.89593 14 0.68263
100.0 6.89495 14 0.68258
100.1 6.90320 14 0.68299
100.2 6.90177 14 0.68292
100.3 6.91071 14 0.68337
100.4 6.91680 14 0.68368
100.5 6.92200 14 0.68394
100.6 6.92899 14 0.68429
100.7 6.93132 14 0.68441
100.8 6.93432 14 0.68456
100.9 6.94990 14 0.68535
101.0 6.95211 14 0.68546
101.1 6.95470 14 0.68559
101.2 6.95267 14 0.68549
101.3 6.96149 14 0.68594
101.4 6.96590 14 0.68616
101.5 6.96799 14 0.68627
101.6 6.97392 14 0.68657
101.7 6.97310 14 0.68652
101.8 6.98166 14 0.68696
101.9 6.96168 14 0.68594
102.0 6.96837 14 0.68628
102.1 6.97286 14 0.68651
102.2 6.97471 14 0.68661
102.3 6.98072 14 0.68691
102.4 6.98386 14 0.68707
102.5 6.98839 14 0.68730
102.6 6.99891 14 0.68784
102.7 7.00145 14 0.68797
102.8 7.01229 14 0.68852
102.9 7.01540 14 0.68868
103.0 7.02330 14 0.68908
103.1 7.03107 14 0.68948
103.2 7.03680 14 0.68977
103.3 7.03856 14 0.68986
103.4 7.04650 14 0.69027
103.5 7.05346 14 0.69063
103.6 7.05931 14 0.69093
103.7 7.06459 14 0.69120
103.8 7.06919 14 0.69143
103.9 7.07258 14 0.69161
104.0 7.07497 14 0.69173
104.1 7.08529 14 0.69226
104.2 7.09030 14 0.69252
104.3 7.09924 14 0.69298
104.4 7.11055 14 0.69356
104.5 7.11644 14 0.69387
104.6 7.11024 14 0.69355
104.7 7.11760 14 0.69393
104.8 7.12376 14 0.69425
104.9 7.12395 14 0.69426
105.0 7.13358 14 0.69476
105.1 7.14138 14 0.69516
105.2 7.14776 14 0.69549
105.3 7.12014 14 0.69406
105.4 7.12605 14 0.69437
105.5 7.12722 14 0.69443
105.6 7.13670 14 0.69492
105.7 7.14375 14 0.69528
105.8 7.14979 14 0.69559
105.9 7.15529 14 0.69588
106.0 7.16057 14 0.69615
106.1 7.16548 14 0.69641
106.2 7.16968 14 0.69663
106.3 7.17200 14 0.69675
106.4 7.17578 14 0.69694
106.5 7.18497 14 0.69742
106.6 7.18972 14 0.69767
106.7 7.19383 14 0.69788
106.8 7.19593 14 0.69799
106.9 7.21265 14 0.69886
107.0 7.22082 14 0.69929
107.1 7.22015 14 0.69926
107.2 7.22780 14 0.69966
107.3 7.22636 14 0.69958
107.4 7.23546 14 0.70006
107.5 7.24135 14 0.70037
107.6 7.24378 14 0.70049
107.7 7.24994 14 0.70082
107.8 7.25090 14 0.70087
107.9 7.25919 14 0.70130
108.0 7.27479 14 0.70212
108.1 7.27700 14 0.70224
108.2 7.28031 14 0.70241
108.3 7.28433 14 0.70262
108.4 7.28373 14 0.70259
108.5 7.29107 14 0.70298
108.6 7.29526 14 0.70320
108.7 7.29896 14 0.70339
108.8 7.30340 14 0.70363
108.9 7.28426 14 0.70262
109.0 7.28272 14 0.70254
109.1 7.29104 14 0.70298
109.2 7.29497 14 0.70318
109.3 7.29890 14 0.70339
109.4 7.30137 14 0.70352
109.5 7.30668 14 0.70380
109.6 7.31048 14 0.70400
109.7 7.31595 14 0.70429
109.8 7.32223 14 0.70462
109.9 7.32890 14 0.70497
110.0 7.33643 14 0.70537
110.1 7.34334 14 0.70573
110.2 7.34781 14 0.70597
110.3 7.35659 14 0.70643
110.4 7.35878 14 0.70655
110.5 7.36771 14 0.70702
110.6 7.37580 14 0.70745
110.7 7.38181 14 0.70777
110.8 7.38314 14 0.70784
110.9 7.39162 14 0.70829
111.0 7.39885 14 0.70867
111.1 7.40488 14 0.70899
111.2 7.41023 14 0.70928
111.3 7.41483 14 0.70952
111.4 7.41814 14 0.70970
111.5 7.41986 14 0.70979
111.6 7.43056 14 0.71035
111.7 7.43544 14 0.71061
111.8 7.43892 14 0.71080
111.9 7.43826 14 0.71076
112.0 7.44088 14 0.71090
112.1 7.45077 14 0.71143
112.2 7.45899 14 0.71187
112.3 7.46580 14 0.71223
112.4 7.46645 14 0.71226
112.5 7.47700 14 0.71282
112.6 7.45208 14 0.71150
112.7 7.44557 14 0.71115
112.8 7.45523 14 0.71167
112.9 7.46253 14 0.71205
113.0 7.46866 14 0.71238
113.1 7.47133 14 0.71252
113.2 7.48088 14 0.71303
113.3 7.48769 14 0.71339
113.4 7.49362 14 0.71371
113.5 7.49927 14 0.71401
113.6 7.50365 14 0.71424
113.7 7.50785 14 0.71447
113.8 7.51503 14 0.71485
113.9 7.52078 14 0.71516
114.0 7.52595 14 0.71543
114.1 7.53074 14 0.71569
114.2 7.53492 14 0.71591
114.3 7.53710 14 0.71603
114.4 7.53904 14 0.71613
114.5 7.54900 14 0.71667
114.6 7.55331 14 0.71690
114.7 7.55661 14 0.71707
114.8 7.55806 14 0.71715
114.9 7.58085 14 0.71837
115.0 7.58665 14 0.71868
115.1 7.58905 14 0.71881
115.2 7.59362 14 0.71905
115.3 7.59572 14 0.71917
115.4 7.60077 14 0.71944
115.5 7.60039 14 0.71942
115.6 7.61082 14 0.71997
115.7 7.62022 14 0.72048
115.8 7.62258 14 0.72061
115.9 7.62496 14 0.72073
116.0 7.62603 14 0.72079
116.1 7.64388 14 0.72175
116.2 7.64939 14 0.72204
116.3 7.65226 14 0.72220
116.4 7.65494 14 0.72234
116.5 7.62262 14 0.72061
116.6 7.62505 14 0.72074
116.7 7.62601 14 0.72079
116.8 7.64397 14 0.72175
116.9 7.64947 14 0.72205
117.0 7.65223 14 0.72220
117.1 7.65475 14 0.72233
117.2 7.65468 14 0.72233
117.3 7.66156 14 0.72270
117.4 7.66244 14 0.72274
117.5 7.66935 14 0.72312
117.6 7.67262 14 0.72329
117.7 7.67654 14 0.72350
117.8 7.68090 14 0.72374
117.9 7.67898 14 0.72363
118.0 7.69028 14 0.72424
118.1 7.69848 14 0.72468
118.2 7.70453 14 0.72501
118.3 7.71218 14 0.72542
118.4 7.71564 14 0.72560
118.5 7.72564 14 0.72614
118.6 7.72687 14 0.72621
118.7 7.73819 14 0.72682
118.8 7.74581 14 0.72723
118.9 7.74753 14 0.72732
119.0 7.75921 14 0.72795
119.1 7.76605 14 0.72832
119.2 7.76689 14 0.72837
119.3 7.77738 14 0.72893
119.4 7.78477 14 0.72933
119.5 7.79086 14 0.72966
119.6 7.79655 14 0.72997
119.7 7.80200 14 0.73027
119.8 7.80708 14 0.73054
119.9 7.81195 14 0.73080
120.0 7.81601 14 0.73102
120.1 7.81746 14 0.73110
120.2 7.82387 14 0.73145
120.3 7.83042 14 0.73180
120.4 7.83353 14 0.73197
120.5 7.83152 14 0.73186
120.6 7.80955 14 0.73067
120.7 7.81408 14 0.73092
120.8 7.81722 14 0.73109
120.9 7.81647 14 0.73105
121.0 7.82786 14 0.73166
121.1 7.83195 14 0.73189
121.2 7.83361 14 0.73198
121.3 7.83711 14 0.73217
121.4 7.83602 14 0.73211
121.5 7.84536 14 0.73261
121.6 7.85227 14 0.73299
121.7 7.85276 14 0.73301
121.8 7.86386 14 0.73361
121.9 7.87166 14 0.73404
122.0 7.87791 14 0.73438
122.1 7.87959 14 0.73447
122.2 7.88484 14 0.73475
122.3 7.88665 14 0.73485
122.4 7.89294 14 0.73519
122.5 7.89874 14 0.73550
122.6 7.90415 14 0.73580
122.7 7.90905 14 0.73606
122.8 7.91365 14 0.73631
122.9 7.92300 14 0.73682
123.0 7.92505 14 0.73693
123.1 7.93679 14 0.73757
123.2 7.94157 14 0.73783
123.3 7.94555 14 0.73804
123.4 7.94770 14 0.73816
123.5 7.94722 14 0.73813
123.6 7.95883 14 0.73876
123.7 7.96309 14 0.73900
123.8 7.96507 14 0.73910
123.9 7.96616 14 0.73916
124.0 7.97406 14 0.73959
124.1 7.99239 14 0.74059
124.2 8.00257 14 0.74114
124.3 8.00289 14 0.74116
124.4 8.00903 14 0.74149
124.5 8.00997 14 0.74154
124.6 8.01580 14 0.74186
124.7 8.01499 14 0.74181
124.8 8.02601 14 0.74241
124.9 8.02771 14 0.74251
125.0 8.00221 14 0.74112
125.1 8.00354 14 0.74119
125.2 8.00853 14 0.74146
125.3 8.01044 14 0.74157
125.4 8.01505 14 0.74182
125.5 8.01675 14 0.74191
125.6 8.02525 14 0.74237
125.7 8.02793 14 0.74252
125.8 8.03666 14 0.74299
125.9 8.03244 14 0.74276
126.0 8.04129 14 0.74324
126.1 8.03912 14 0.74313
126.2 8.05991 14 0.74426
126.3 8.06816 14 0.74470
126.4 8.07104 14 0.74486
126.5 8.07138 14 0.74488
126.6 8.07570 14 0.74511
126.7 8.07961 14 0.74533
126.8 8.08321 14 0.74552
126.9 8.08052 14 0.74538
127.0 8.09129 14 0.74596
127.1 8.09370 14 0.74609
127.2 8.09625 14 0.74623
127.3 8.10311 14 0.74661
127.4 8.10666 14 0.74680
127.5 8.11462 14 0.74723
127.6 8.12045 14 0.74755
127.7 8.12844 14 0.74798
127.8 8.12982 14 0.74806
127.9 8.14172 14 0.74871
128.0 8.14727 14 0.74901
128.1 8.15454 14 0.74940
128.2 8.16266 14 0.74985
128.3 8.16596 14 0.75002
128.4 8.17715 14 0.75063
128.5 8.17688 14 0.75062
128.6 8.19063 14 0.75137
128.7 8.19825 14 0.75178
128.8 8.20040 14 0.75190
128.9 8.19195 14 0.75144
129.0 8.19738 14 0.75174
129.1 8.20032 14 0.75190
129.2 8.20259 14 0.75202
129.3 8.20620 14 0.75222
129.4 8.21198 14 0.75253
129.5 8.21718 14 0.75281
129.6 8.19980 14 0.75187
129.7 8.19867 14 0.75181
129.8 8.19310 14 0.75150
129.9 8.19843 14 0.75179
130.0 8.20056 14 0.75191
130.1 8.20314 14 0.75205
130.2 8.20706 14 0.75226
130.3 8.21272 14 0.75257
130.4 8.21776 14 0.75285
130.5 8.22309 14 0.75313
130.6 8.23010 14 0.75352
130.7 8.23867 14 0.75398
130.8 8.24518 14 0.75434
130.9 8.25027 14 0.75462
131.0 8.26761 14 0.75556
131.1 8.27838 14 0.75615
131.2 8.28222 14 0.75636
131.3 8.28381 14 0.75644
131.4 8.28949 14 0.75675
131.5 8.28522 14 0.75652
131.6 8.28883 14 0.75672
131.7 8.29505 14 0.75705
131.8 8.30456 14 0.75757
131.9 8.31138 14 0.75794
132.0 8.30894 14 0.75781
132.1 8.31669 14 0.75823
132.2 8.32341 14 0.75860
132.3 8.32946 14 0.75893
132.4 8.33523 14 0.75924
132.5 8.34081 14 0.75955
132.6 8.34615 14 0.75984
132.7 8.35149 14 0.76013
132.8 8.35675 14 0.76042
132.9 8.36193 14 0.76070
133.0 8.36701 14 0.76098
133.1 8.37198 14 0.76125
133.2 8.37666 14 0.76150
133.3 8.38128 14 0.76175
133.4 8.38562 14 0.76199
133.5 8.38919 14 0.76219
133.6 8.39189 14 0.76233
133.7 8.40517 14 0.76306
133.8 8.40886 14 0.76326
133.9 8.41011 14 0.76333
134.0 8.41018 14 0.76333
134.1 8.42136 14 0.76394
134.2 8.42533 14 0.76416
134.3 8.42769 14 0.76429
134.4 8.42650 14 0.76422
134.5 8.39071 14 0.76227
134.6 8.39279 14 0.76238
134.7 8.40709 14 0.76316
134.8 8.40980 14 0.76331
134.9 8.40930 14 0.76329
135.0 8.41880 14 0.76380
135.1 8.42315 14 0.76404
135.2 8.42658 14 0.76423
135.3 8.42744 14 0.76428
135.4 8.42789 14 0.76430
135.5 8.43980 14 0.76495
135.6 8.44462 14 0.76521
135.7 8.46861 14 0.76652
135.8 8.47095 14 0.76665
135.9 8.46740 14 0.76646
136.0 8.47803 14 0.76704
136.1 8.47631 14 0.76695
136.2 8.48425 14 0.76738
136.3 8.48260 14 0.76729
136.4 8.49422 14 0.76792
136.5 8.49655 14 0.76805
136.6 8.50471 14 0.76850
136.7 8.49981 14 0.76823
136.8 8.50881 14 0.76872
136.9 8.50496 14 0.76851
137.0 8.51655 14 0.76914
137.1 8.54032 14 0.77044
137.2 8.53487 14 0.77014
137.3 8.54371 14 0.77063
137.4 8.54616 14 0.77076
137.5 8.54815 14 0.77087
137.6 8.54893 14 0.77091
137.7 8.55578 14 0.77129
137.8 8.55589 14 0.77129
137.9 8.56322 14 0.77169
138.0 8.56727 14 0.77191
138.1 8.56804 14 0.77196
138.2 8.57413 14 0.77229
138.3 8.57889 14 0.77255
138.4 8.57857 14 0.77253
138.5 8.59140 14 0.77323
138.6 8.59893 14 0.77364
138.7 8.60050 14 0.77373
138.8 8.61205 14 0.77436
138.9 8.61830 14 0.77470
139.0 8.62446 14 0.77504
139.1 8.63330 14 0.77552
139.2 8.63617 14 0.77567
139.3 8.64823 14 0.77633
139.4 8.64937 14 0.77640
139.5 8.66262 14 0.77712
139.6 8.67013 14 0.77753
139.7 8.59566 14 0.77346
139.8 8.60941 14 0.77421
139.9 8.61681 14 0.77462
140.0 8.61940 14 0.77476
140.1 8.63068 14 0.77537
140.2 8.62992 14 0.77533
140.3 8.64472 14 0.77614
140.4 8.65253 14 0.77657
140.5 8.65842 14 0.77689
140.6 8.66716 14 0.77737
140.7 8.65229 14 0.77655
140.8 8.65780 14 0.77686
140.9 8.66310 14 0.77714
141.0 8.66144 14 0.77705
141.1 8.66876 14 0.77745
141.2 8.67802 14 0.77796
141.3 8.68502 14 0.77834
141.4 8.69122 14 0.77868
141.5 8.69697 14 0.77899
141.6 8.70244 14 0.77929
141.7 8.70773 14 0.77958
141.8 8.71278 14 0.77986
141.9 8.71783 14 0.78013
142.0 8.72279 14 0.78040
142.1 8.72762 14 0.78067
142.2 8.73229 14 0.78092
142.3 8.73671 14 0.78116
142.4 8.74073 14 0.78138
142.5 8.74385 14 0.78155
142.6 8.74549 14 0.78164
142.7 8.74653 14 0.78170
142.8 8.75652 14 0.78224
142.9 8.76384 14 0.78264
143.0 8.76863 14 0.78290
143.1 8.77322 14 0.78315
143.2 8.79912 14 0.78457
143.3 8.79071 14 0.78411
143.4 8.78939 14 0.78403
143.5 8.79843 14 0.78453
143.6 8.80553 14 0.78491
143.7 8.81190 14 0.78526
143.8 8.81781 14 0.78558
143.9 8.82335 14 0.78589
144.0 8.82879 14 0.78618
144.1 8.83411 14 0.78647
144.2 8.83936 14 0.78676
144.3 8.84310 14 0.78696
144.4 8.84545 14 0.78709
144.5 8.84908 14 0.78729
144.6 8.85355 14 0.78753
144.7 8.85866 14 0.78781
144.8 8.86460 14 0.78813
144.9 8.87146 14 0.78851
145.0 8.87974 14 0.78896
145.1 8.88484 14 0.78924
145.2 8.83318 14 0.78642
145.3 8.83835 14 0.78670
145.4 8.84285 14 0.78695
145.5 8.84478 14 0.78705
145.6 8.84811 14 0.78724
145.7 8.85232 14 0.78746
145.8 8.85715 14 0.78773
145.9 8.86278 14 0.78803
146.0 8.86921 14 0.78839
146.1 8.87682 14 0.78880
146.2 8.88314 14 0.78914
146.3 8.88797 14 0.78941
146.4 8.89274 14 0.78967
146.5 8.89728 14 0.78991
146.6 8.90183 14 0.79016
146.7 8.90621 14 0.79040
146.8 8.91031 14 0.79062
146.9 8.91405 14 0.79083
147.0 8.91727 14 0.79100
147.1 8.91916 14 0.79111
147.2 8.92036 14 0.79117
147.3 8.93001 14 0.79170
147.4 8.93331 14 0.79188
147.5 8.94223 14 0.79236
147.6 8.94579 14 0.79256
147.7 8.94800 14 0.79268
147.8 8.94684 14 0.79261
147.9 8.95579 14 0.79310
148.0 8.96186 14 0.79343
148.1 8.96634 14 0.79368
148.2 8.99397 14 0.79518
148.3 8.99674 14 0.79533
148.4 8.99599 14 0.79529
148.5 9.00298 14 0.79567
148.6 9.00545 14 0.79580
148.7 9.00177 14 0.79560
148.8 9.01170 14 0.79614
148.9 9.01031 14 0.79607
149.0 9.02154 14 0.79668
149.1 9.02413 14 0.79682
149.2 9.02298 14 0.79676
149.3 9.02422 14 0.79682
149.4 9.03543 14 0.79743
149.5 9.03278 14 0.79729
149.6 9.04107 14 0.79774
149.7 9.04524 14 0.79797
149.8 9.07205 14 0.79943
149.9 9.06716 14 0.79916
150.0 9.07580 14 0.79963
150.1 9.06982 14 0.79930
150.2 9.08038 14 0.79988
150.3 9.07894 14 0.79980
150.4 9.08592 14 0.80018
150.5 9.08906 14 0.80035
150.6 9.08910 14 0.80035
150.7 9.09517 14 0.80068
150.8 9.10042 14 0.80097
150.9 9.10303 14 0.80111
151.0 9.10102 14 0.80100
151.1 9.06934 14 0.79928
151.2 9.07561 14 0.79962
151.3 9.07275 14 0.79946
151.4 9.07984 14 0.79985
151.5 9.07992 14 0.79985
151.6 9.08294 14 0.80002
151.7 9.08841 14 0.80031
151.8 9.08959 14 0.80038
151.9 9.08695 14 0.80023
152.0 9.09918 14 0.80090
152.1 9.10239 14 0.80107
152.2 9.10321 14 0.80112
152.3 9.10626 14 0.80128
152.4 9.10979 14 0.80148
152.5 9.12160 14 0.80212
152.6 9.12840 14 0.80249
152.7 9.12860 14 0.80250
152.8 9.14065 14 0.80316
152.9 9.14774 14 0.80354
153.0 9.15108 14 0.80372
153.1 9.16158 14 0.80429
153.2 9.16029 14 0.80422
153.3 9.17564 14 0.80506
153.4 9.18368 14 0.80550
153.5 9.18866 14 0.80577
153.6 9.19837 14 0.80629
153.7 9.17977 14 0.80528
153.8 9.18530 14 0.80558
153.9 9.19054 14 0.80587
154.0 9.18750 14 0.80570
154.1 9.19866 14 0.80631
154.2 9.20725 14 0.80678
154.3 9.21414 14 0.80715
154.4 9.22009 14 0.80748
154.5 9.22542 14 0.80777
154.6 9.22824 14 0.80792
154.7 9.22730 14 0.80787
154.8 9.23239 14 0.80814
154.9 9.23971 14 0.80854
155.0 9.24630 14 0.80890
155.1 9.25231 14 0.80923
155.2 9.25778 14 0.80952
155.3 9.26298 14 0.80981
155.4 9.26780 14 0.81007
155.5 9.27251 14 0.81032
155.6 9.27699 14 0.81057
155.7 9.28121 14 0.81080
155.8 9.28496 14 0.81100
155.9 9.28817 14 0.81117
156.0 9.29076 14 0.81131
156.1 9.29458 14 0.81152
156.2 9.30351 14 0.81201
156.3 9.30960 14 0.81234
156.4 9.31677 14 0.81273
156.5 9.32077 14 0.81294
156.6 9.32422 14 0.81313
156.7 9.32669 14 0.81327
156.8 9.32752 14 0.81331
156.9 9.32780 14 0.81332
157.0 9.34004 14 0.81399
157.1 9.34439 14 0.81422
157.2 9.35914 14 0.81503
157.3 9.36496 14 0.81534
157.4 9.29411 14 0.81150
157.5 9.30048 14 0.81184
157.6 9.30478 14 0.81208
157.7 9.31538 14 0.81265
157.8 9.31943 14 0.81287
157.9 9.32304 14 0.81307
158.0 9.32589 14 0.81322
158.1 9.32749 14 0.81331
158.2 9.32616 14 0.81324
158.3 9.33808 14 0.81388
158.4 9.34234 14 0.81411
158.5 9.35619 14 0.81487
158.6 9.36213 14 0.81519
158.7 9.36766 14 0.81549
158.8 9.37293 14 0.81577
158.9 9.37806 14 0.81605
159.0 9.37552 14 0.81591
159.1 9.38049 14 0.81618
159.2 9.38844 14 0.81661
159.3 9.39528 14 0.81698
159.4 9.40138 14 0.81732
159.5 9.40544 14 0.81754
159.6 9.41039 14 0.81780
159.7 9.41527 14 0.81807
159.8 9.42011 14 0.81833
159.9 9.42490 14 0.81859
160.0 9.42965 14 0.81885
160.1 9.43423 14 0.81909
160.2 9.43891 14 0.81935
160.3 9.44355 14 0.81960
160.4 9.44815 14 0.81985
160.5 9.45268 14 0.82009
160.6 9.45804 14 0.82038
160.7 9.46148 14 0.82057
160.8 9.46443 14 0.82073
160.9 9.46641 14 0.82084
161.0 9.46909 14 0.82098
161.1 9.47867 14 0.82150
161.2 9.48653 14 0.82193
161.3 9.49087 14 0.82216
161.4 9.49508 14 0.82239
161.5 9.49908 14 0.82261
161.6 9.50278 14 0.82280
161.7 9.50603 14 0.82298
161.8 9.50837 14 0.82311
161.9 9.51017 14 0.82320
162.0 9.50997 14 0.82319
162.1 9.52021 14 0.82375
162.2 9.52741 14 0.82414
162.3 9.53082 14 0.82432
162.4 9.53321 14 0.82445
162.5 9.53387 14 0.82449
162.6 9.53369 14 0.82448
162.7 9.54478 14 0.82508
162.8 9.54909 14 0.82531
162.9 9.55317 14 0.82553
163.0 9.55687 14 0.82573
163.1 9.58828 14 0.82743
163.2 9.58948 14 0.82749
163.3 9.58634 14 0.82732
163.4 9.59665 14 0.82788
163.5 9.59872 14 0.82799
163.6 9.59631 14 0.82786
163.7 9.60425 14 0.82829
163.8 9.60691 14 0.82843
163.9 9.61352 14 0.82879
164.0 9.61708 14 0.82898
164.1 9.54202 14 0.82493
164.2 9.54686 14 0.82519
164.3 9.55100 14 0.82541
164.4 9.55485 14 0.82562
164.5 9.55826 14 0.82580
164.6 9.58909 14 0.82747
164.7 9.58903 14 0.82747
164.8 9.58587 14 0.82730
164.9 9.59760 14 0.82793
165.0 9.59818 14 0.82796
165.1 9.59377 14 0.82772
165.2 9.60523 14 0.82834
165.3 9.58949 14 0.82749
165.4 9.58769 14 0.82739
165.5 9.59599 14 0.82784
165.6 9.59849 14 0.82798
165.7 9.59721 14 0.82791
165.8 9.60019 14 0.82807
165.9 9.60768 14 0.82847
166.0 9.60556 14 0.82836
166.1 9.61632 14 0.82894
166.2 9.61842 14 0.82905
166.3 9.54573 14 0.82513
166.4 9.54988 14 0.82535
166.5 9.55378 14 0.82556
166.6 9.55730 14 0.82575
166.7 9.58850 14 0.82744
166.8 9.58944 14 0.82749
166.9 9.58605 14 0.82731
167.0 9.59666 14 0.82788
167.1 9.59870 14 0.82799
167.2 9.59656 14 0.82787
167.3 9.60404 14 0.82828
167.4 9.58918 14 0.82748
167.5 9.58890 14 0.82746
167.6 9.58714 14 0.82736
167.7 9.59773 14 0.82794
167.8 9.59813 14 0.82796
167.9 9.59325 14 0.82769
168.0 9.60538 14 0.82835
168.1 9.60509 14 0.82833
168.2 9.61487 14 0.82886
168.3 9.61776 14 0.82902
168.4 9.54393 14 0.82503
168.5 9.54801 14 0.82525
168.6 9.55199 14 0.82547
168.7 9.55567 14 0.82566
168.8 9.55889 14 0.82584
168.9 9.58933 14 0.82748
169.0 9.58866 14 0.82745
169.1 9.58903 14 0.82747
169.2 9.59787 14 0.82794
169.3 9.59807 14 0.82796
169.4 9.59335 14 0.82770
169.5 9.60556 14 0.82836
169.6 9.58950 14 0.82749
169.7 9.58731 14 0.82737
169.8 9.59612 14 0.82785
169.9 9.59851 14 0.82798
170.0 9.59724 14 0.82791
170.1 9.59925 14 0.82802
170.2 9.60780 14 0.82848
170.3 9.60383 14 0.82827
170.4 9.61611 14 0.82893
170.5 9.61835 14 0.82905
170.6 9.54537 14 0.82511
170.7 9.54943 14 0.82533
170.8 9.55328 14 0.82554
170.9 9.55679 14 0.82573
171.0 9.58809 14 0.82742
171.1 9.58950 14 0.82749
171.2 9.58761 14 0.82739
171.3 9.59589 14 0.82784
171.4 9.59839 14 0.82797
171.5 9.59739 14 0.82792
171.6 9.59801 14 0.82795
171.7 9.58871 14 0.82745
171.8 9.58937 14 0.82749
171.9 9.58544 14 0.82727
172.0 9.59683 14 0.82789
172.1 9.59873 14 0.82799
172.2 9.59643 14 0.82787
172.3 9.60400 14 0.82828
172.4 9.60731 14 0.82845
172.5 9.60898 14 0.82854
172.6 9.61667 14 0.82896
172.7 9.61851 14 0.82906
172.8 9.54608 14 0.82515
172.9 9.55007 14 0.82536
173.0 9.55383 14 0.82557
173.1 9.55724 14 0.82575
173.2 9.58839 14 0.82743
173.3 9.58948 14 0.82749
173.4 9.58695 14 0.82735
173.5 9.59620 14 0.82785
173.6 9.59854 14 0.82798
173.7 9.59709 14 0.82790
173.8 9.60053 14 0.82809
173.9 9.58886 14 0.82746
174.0 9.58930 14 0.82748
174.1 9.58497 14 0.82725
174.2 9.59694 14 0.82789
174.3 9.59874 14 0.82799
174.4 9.59636 14 0.82786
174.5 9.60402 14 0.82828
174.6 9.60724 14 0.82845
174.7 9.60931 14 0.82856
174.8 9.61667 14 0.82896
174.9 9.61851 14 0.82906
175.0 9.54599 14 0.82514
175.1 9.54994 14 0.82536
175.2 9.55367 14 0.82556
175.3 9.55706 14 0.82574
175.4 9.58823 14 0.82742
175.5 9.58950 14 0.82749
175.6 9.58752 14 0.82739
175.7 9.59596 14 0.82784
175.8 9.59842 14 0.82797
175.9 9.59738 14 0.82792
176.0 9.59750 14 0.82792
176.1 9.58863 14 0.82745
176.2 9.58943 14 0.82749
176.3 9.58615 14 0.82731
176.4 9.59651 14 0.82787
176.5 9.59862 14 0.82798
176.6 9.59703 14 0.82790
176.7 9.60007 14 0.82806
176.8 9.60769 14 0.82847
176.9 9.60479 14 0.82832
177.0 9.61614 14 0.82893
177.1 9.61832 14 0.82905
177.2 9.54513 14 0.82510
177.3 9.54907 14 0.82531
177.4 9.55282 14 0.82551
177.5 9.55626 14 0.82570
177.6 9.55926 14 0.82586
177.7 9.58940 14 0.82749
177.8 9.58846 14 0.82744
177.9 9.59034 14 0.82754
178.0 9.59795 14 0.82795
178.1 9.59805 14 0.82795
178.2 9.59299 14 0.82768
178.3 9.60534 14 0.82835
178.4 9.58948 14 0.82749
178.5 9.58809 14 0.82742
178.6 9.59309 14 0.82769
178.7 9.59810 14 0.82796
178.8 9.59795 14 0.82795
178.9 9.59423 14 0.82775
179.0 9.60557 14 0.82836
179.1 9.60481 14 0.82832
179.2 9.61488 14 0.82886
179.3 9.61771 14 0.82902
179.4 9.54364 14 0.82501
179.5 9.54746 14 0.82522
179.6 9.55126 14 0.82543
179.7 9.55481 14 0.82562
179.8 9.55799 14 0.82579
179.9 9.58881 14 0.82746
180.0 9.58935 14 0.82748
180.1 9.58543 14 0.82727
180.2 9.59684 14 0.82789
180.3 9.59871 14 0.82799
180.4 9.59662 14 0.82788
180.5 9.60373 14 0.82826
180.6 9.58896 14 0.82746
180.7 9.58927 14 0.82748
180.8 9.58503 14 0.82725
180.9 9.59683 14 0.82789
181.0 9.59870 14 0.82799
181.1 9.59668 14 0.82788
181.2 9.60383 14 0.82827
181.3 9.60749 14 0.82846
181.4 9.60613 14 0.82839
181.5 9.61624 14 0.82894
181.6 9.61834 14 0.82905
181.7 9.54509 14 0.82509
181.8 9.54895 14 0.82530
181.9 9.55263 14 0.82550
182.0 9.55602 14 0.82568
182.1 9.55899 14 0.82584
182.2 9.58932 14 0.82748
182.3 9.58869 14 0.82745
182.4 9.58780 14 0.82740
182.5 9.59766 14 0.82793
182.6 9.59821 14 0.82796
182.7 9.59465 14 0.82777
182.8 9.60472 14 0.82831
182.9 9.58933 14 0.82748
183.0 9.58878 14 0.82745
183.1 9.58656 14 0.82733
183.2 9.59748 14 0.82792
183.3 9.59877 14 0.82799
183.4 9.59492 14 0.82779
183.5 9.60464 14 0.82831
183.6 9.60674 14 0.82842
183.7 9.61245 14 0.82873
183.8 9.61681 14 0.82897
183.9 9.61851 14 0.82906
184.0 9.54585 14 0.82513
184.1 9.54964 14 0.82534
184.2 9.55323 14 0.82553
184.3 9.55652 14 0.82571
184.4 9.58779 14 0.82740
184.5 9.58946 14 0.82749
184.6 9.58827 14 0.82743
184.7 9.59115 14 0.82758
184.8 9.59794 14 0.82795
184.9 9.59809 14 0.82796
185.0 9.59368 14 0.82772
185.1 9.60502 14 0.82833
185.2 9.58940 14 0.82749
185.3 9.58860 14 0.82744
185.4 9.58791 14 0.82741
185.5 9.59767 14 0.82793
185.6 9.59821 14 0.82796
185.7 9.59442 14 0.82776
185.8 9.60480 14 0.82832
185.9 9.60660 14 0.82842
186.0 9.61335 14 0.82878
186.1 9.61685 14 0.82897
186.2 9.61851 14 0.82906
186.3 9.54582 14 0.82513
186.4 9.54957 14 0.82533
186.5 9.55312 14 0.82553
186.6 9.55648 14 0.82571
186.7 9.58773 14 0.82740
186.8 9.58944 14 0.82749
186.9 9.58840 14 0.82743
187.0 9.58977 14 0.82751
187.1 9.59780 14 0.82794
187.2 9.59817 14 0.82796
187.3 9.59448 14 0.82776
187.4 9.60471 14 0.82831
187.5 9.58931 14 0.82748
187.6 9.58888 14 0.82746
187.7 9.58578 14 0.82729
187.8 9.59740 14 0.82792
187.9 9.59878 14 0.82799
188.0 9.59551 14 0.82782
188.1 9.60433 14 0.82829
188.2 9.60715 14 0.82845
188.3 9.60822 14 0.82850
188.4 9.61638 14 0.82894
188.5 9.61835 14 0.82905
188.6 9.54503 14 0.82509
188.7 9.54876 14 0.82529
188.8 9.55243 14 0.82549
188.9 9.55583 14 0.82567
189.0 9.55882 14 0.82584
189.1 9.58922 14 0.82748
189.2 9.58902 14 0.82747
189.3 9.58556 14 0.82728
189.4 9.59720 14 0.82791
189.5 9.59876 14 0.82799
189.6 9.59641 14 0.82787
189.7 9.60378 14 0.82826
189.8 9.58890 14 0.82746
189.9 9.58936 14 0.82748
190.0 9.58558 14 0.82728
190.1 9.59661 14 0.82788
190.2 9.59861 14 0.82798
190.3 9.59717 14 0.82791
190.4 9.59784 14 0.82794
190.5 9.60618 14 0.82839
190.6 9.60308 14 0.82823
190.7 9.61530 14 0.82889
190.8 9.61780 14 0.82902
190.9 9.61853 14 0.82906
191.0 9.54722 14 0.82521
191.1 9.55093 14 0.82541
191.2 9.55442 14 0.82560
191.3 9.55766 14 0.82577
191.4 9.58855 14 0.82744
191.5 9.58947 14 0.82749
191.6 9.58722 14 0.82737
191.7 9.59586 14 0.82784
191.8 9.59826 14 0.82797
191.9 9.59787 14 0.82794
192.0 9.59360 14 0.82771
192.1 9.60526 14 0.82834
192.2 9.58945 14 0.82749
192.3 9.58840 14 0.82743
192.4 9.58944 14 0.82749
192.5 9.59774 14 0.82794
192.6 9.59818 14 0.82796
192.7 9.59469 14 0.82777
192.8 9.60459 14 0.82831
192.9 9.60695 14 0.82843
193.0 9.60925 14 0.82856
193.1 9.61642 14 0.82895
193.2 9.61835 14 0.82905
193.3 9.54492 14 0.82508
193.4 9.54869 14 0.82529
193.5 9.55239 14 0.82549
193.6 9.55572 14 0.82567
193.7 9.55866 14 0.82583
193.8 9.58912 14 0.82747
193.9 9.58918 14 0.82748
194.0 9.58487 14 0.82724
194.1 9.59683 14 0.82789
194.2 9.59866 14 0.82799
194.3 9.59709 14 0.82790
194.4 9.59766 14 0.82793
194.5 9.58853 14 0.82744
194.6 9.58948 14 0.82749
194.7 9.58732 14 0.82737
194.8 9.59580 14 0.82783
194.9 9.59827 14 0.82797
195.0 9.59786 14 0.82794
195.1 9.59365 14 0.82772
195.2 9.60525 14 0.82834
195.3 9.60614 14 0.82839
195.4 9.61403 14 0.82882
195.5 9.61689 14 0.82897
195.6 9.61849 14 0.82906
195.7 9.54566 14 0.82512
195.8 9.54947 14 0.82533
195.9 9.55298 14 0.82552
196.0 9.55622 14 0.82569
196.1 9.55906 14 0.82585
196.2 9.58928 14 0.82748
196.3 9.58892 14 0.82746
196.4 9.58562 14 0.82728
196.5 9.59710 14 0.82790
196.6 9.59873 14 0.82799
196.7 9.59681 14 0.82789
196.8 9.60043 14 0.82808
196.9 9.58870 14 0.82745
197.0 9.58944 14 0.82749
197.1 9.58688 14 0.82735
197.2 9.59609 14 0.82785
197.3 9.59835 14 0.82797
197.4 9.59779 14 0.82794
197.5 9.59420 14 0.82775
197.6 9.60530 14 0.82835
197.7 9.60611 14 0.82839
197.8 9.61401 14 0.82882
197.9 9.61685 14 0.82897
198.0 9.61850 14 0.82906
198.1 9.54563 14 0.82512
198.2 9.54940 14 0.82533
198.3 9.55288 14 0.82551
198.4 9.55609 14 0.82569
198.5 9.55893 14 0.82584
198.6 9.58921 14 0.82748
198.7 9.58910 14 0.82747
198.8 9.58537 14 0.82727
198.9 9.59686 14 0.82789
199.0 9.59865 14 0.82799
199.1 9.59719 14 0.82791
199.2 9.59781 14 0.82794
199.3 9.58850 14 0.82744
199.4 9.58949 14 0.82749
199.5 9.58765 14 0.82739
199.6 9.59428 14 0.82775
199.7 9.59810 14 0.82796
199.8 9.59805 14 0.82795
199.9 9.59396 14 0.82773
200.0 9.60475 14 0.82832
200.1 9.60689 14 0.82843
200.2 9.60890 14 0.82854
200.3 9.61638 14 0.82894
200.4 9.61833 14 0.82905
200.5 9.54484 14 0.82508
200.6 9.54849 14 0.82528
200.7 9.55209 14 0.82547
200.8 9.55534 14 0.82565
200.9 9.55825 14 0.82580
201.0 9.58884 14 0.82746
201.1 9.58941 14 0.82749
201.2 9.58673 14 0.82734
201.3 9.59597 14 0.82784
201.4 9.59824 14 0.82796
201.5 9.59791 14 0.82795
201.6 9.59296 14 0.82768
201.7 9.60510 14 0.82833
201.8 9.58941 14 0.82749
201.9 9.58868 14 0.82745
202.0 9.58625 14 0.82732
202.1 9.59730 14 0.82791
202.2 9.59876 14 0.82799
202.3 9.59661 14 0.82788
202.4 9.60081 14 0.82810
202.5 9.60788 14 0.82848
202.6 9.60309 14 0.82823
202.7 9.61522 14 0.82888
202.8 9.61776 14 0.82902
202.9 9.61855 14 0.82906
203.0 9.54696 14 0.82519
203.1 9.55049 14 0.82538
203.2 9.55383 14 0.82557
203.3 9.55688 14 0.82573
203.4 9.58786 14 0.82740
203.5 9.58943 14 0.82749
203.6 9.58866 14 0.82745
203.7 9.58605 14 0.82731
203.8 9.59723 14 0.82791
203.9 9.59876 14 0.82799
204.0 9.59652 14 0.82787
204.1 9.60190 14 0.82816
204.2 9.58873 14 0.82745
204.3 9.58945 14 0.82749
204.4 9.58718 14 0.82737
204.5 9.59573 14 0.82783
204.6 9.59816 14 0.82796
204.7 9.59803 14 0.82795
204.8 9.59400 14 0.82774
204.9 9.60467 14 0.82831
205.0 9.60694 14 0.82843
205.1 9.60868 14 0.82853
205.2 9.61630 14 0.82894
205.3 9.61827 14 0.82905
205.4 9.61827 14 0.82905
205.5 9.54814 14 0.82526
205.6 9.55158 14 0.82544
205.7 9.55490 14 0.82562
205.8 9.55780 14 0.82578
205.9 9.58852 14 0.82744
206.0 9.58949 14 0.82749
206.1 9.58794 14 0.82741
206.2 9.59206 14 0.82763
206.3 9.59787 14 0.82794
206.4 9.59873 14 0.82799
206.5 9.59511 14 0.82780
206.6 9.60429 14 0.82829
206.7 9.58908 14 0.82747
206.8 9.58928 14 0.82748
206.9 9.58560 14 0.82728
207.0 9.59639 14 0.82786
207.1 9.59843 14 0.82797
207.2 9.59775 14 0.82794
207.3 9.59371 14 0.82772
207.4 9.60519 14 0.82834
207.5 9.60635 14 0.82840
207.6 9.61320 14 0.82877
207.7 9.61667 14 0.82896
207.8 9.61841 14 0.82905
207.9 9.61809 14 0.82904
208.0 9.54855 14 0.82528
208.1 9.55203 14 0.82547
208.2 9.55519 14 0.82564
208.3 9.55802 14 0.82579
208.4 9.58865 14 0.82745
208.5 9.58948 14 0.82749
208.6 9.58760 14 0.82739
208.7 9.59392 14 0.82773
208.8 9.59798 14 0.82795
208.9 9.59815 14 0.82796
209.0 9.59483 14 0.82778
209.1 9.60437 14 0.82830
209.2 9.58910 14 0.82747
209.3 9.58927 14 0.82748
209.4 9.58564 14 0.82728
209.5 9.59634 14 0.82786
209.6 9.59840 14 0.82797
209.7 9.59782 14 0.82794
209.8 9.59337 14 0.82770
209.9 9.60511 14 0.82834
210.0 9.60650 14 0.82841
210.1 9.61165 14 0.82869
210.2 9.61652 14 0.82895
210.3 9.61834 14 0.82905
210.4 9.61822 14 0.82904
210.5 9.54822 14 0.82526
210.6 9.55158 14 0.82544
210.7 9.55483 14 0.82562
210.8 9.55768 14 0.82577
210.9 9.58839 14 0.82743
211.0 9.58949 14 0.82749
211.1 9.58808 14 0.82742
211.2 9.59045 14 0.82754
211.3 9.59770 14 0.82793
211.4 9.59877 14 0.82799
211.5 9.59599 14 0.82784
211.6 9.60383 14 0.82827
211.7 9.58882 14 0.82746
211.8 9.58944 14 0.82749
211.9 9.58725 14 0.82737
212.0 9.59480 14 0.82778
212.1 9.59803 14 0.82795
212.2 9.59815 14 0.82796
212.3 9.59489 14 0.82778
212.4 9.60434 14 0.82829
212.5 9.60736 14 0.82846
212.6 9.60538 14 0.82835
212.7 9.61583 14 0.82891
212.8 9.61799 14 0.82903
212.9 9.61850 14 0.82906
213.0 9.54716 14 0.82521
213.1 9.55053 14 0.82539
213.2 9.55372 14 0.82556
213.3 9.55666 14 0.82572
213.4 9.55925 14 0.82586
213.5 9.58931 14 0.82748
213.6 9.58893 14 0.82746
213.7 9.58593 14 0.82730
213.8 9.59685 14 0.82789
213.9 9.59862 14 0.82798
214.0 9.59738 14 0.82792
214.1 9.59478 14 0.82778
214.2 9.58808 14 0.82742
214.3 9.58944 14 0.82749
214.4 9.58866 14 0.82745
214.5 9.58534 14 0.82727
214.6 9.59705 14 0.82790
214.7 9.59870 14 0.82799
214.8 9.59704 14 0.82790
214.9 9.59694 14 0.82789
215.0 9.60588 14 0.82838
215.1 9.60499 14 0.82833
215.2 9.61438 14 0.82884
215.3 9.61702 14 0.82898
215.4 9.61849 14 0.82906
215.5 9.61794 14 0.82903
215.6 9.54875 14 0.82529
215.7 9.55211 14 0.82547
215.8 9.55516 14 0.82564
215.9 9.55806 14 0.82579
216.0 9.58868 14 0.82745
216.1 9.58947 14 0.82749
216.2 9.58767 14 0.82739
216.3 9.59269 14 0.82766
216.4 9.59783 14 0.82794
216.5 9.59876 14 0.82799
216.6 9.59582 14 0.82783
216.7 9.60385 14 0.82827
216.8 9.58879 14 0.82745
216.9 9.58946 14 0.82749
217.0 9.58758 14 0.82739
217.1 9.59404 14 0.82774
217.2 9.59788 14 0.82795
217.3 9.59817 14 0.82796
217.4 9.59516 14 0.82780
217.5 9.60416 14 0.82828
217.6 9.60755 14 0.82847
217.7 9.60390 14 0.82827
217.8 9.61540 14 0.82889
217.9 9.61776 14 0.82902
218.0 9.61857 14 0.82906
218.1 9.54649 14 0.82517
218.2 9.54982 14 0.82535
218.3 9.55298 14 0.82552
218.4 9.55609 14 0.82569
218.5 9.55884 14 0.82584
218.6 9.58911 14 0.82747
218.7 9.58928 14 0.82748
218.8 9.58607 14 0.82731
218.9 9.59613 14 0.82785
219.0 9.59825 14 0.82797
219.1 9.59801 14 0.82795
219.2 9.59420 14 0.82775
219.3 9.60448 14 0.82830
219.4 9.58909 14 0.82747
219.5 9.58932 14 0.82748
219.6 9.58591 14 0.82730
219.7 9.59628 14 0.82786
219.8 9.59838 14 0.82797
219.9 9.59786 14 0.82794
220.0 9.59332 14 0.82770
220.1 9.60480 14 0.82832
220.2 9.60701 14 0.82844
220.3 9.60667 14 0.82842
220.4 9.61590 14 0.82892
220.5 9.61799 14 0.82903
220.6 9.61852 14 0.82906
220.7 9.54692 14 0.82519
220.8 9.55038 14 0.82538
220.9 9.55348 14 0.82555
221.0 9.55651 14 0.82571
221.1 9.55917 14 0.82585
221.2 9.58925 14 0.82748
221.3 9.58914 14 0.82747
221.4 9.58533 14 0.82727
221.5 9.59637 14 0.82786
221.6 9.59837 14 0.82797
221.7 9.59790 14 0.82795
221.8 9.59370 14 0.82772
221.9 9.60462 14 0.82831
222.0 9.58914 14 0.82747
222.1 9.58923 14 0.82748
222.2 9.58535 14 0.82727
222.3 9.59645 14 0.82787
222.4 9.59845 14 0.82798
222.5 9.59779 14 0.82794
222.6 9.59301 14 0.82768
222.7 9.60486 14 0.82832
222.8 9.60697 14 0.82844
222.9 9.60672 14 0.82842
223.0 9.61588 14 0.82892
223.1 9.61796 14 0.82903
223.2 9.61853 14 0.82906
223.3 9.54698 14 0.82520
223.4 9.55041 14 0.82538
223.5 9.55347 14 0.82555
223.6 9.55647 14 0.82571
223.7 9.55912 14 0.82585
223.8 9.58922 14 0.82748
223.9 9.58920 14 0.82748
224.0 9.58574 14 0.82729
224.1 9.59620 14 0.82785
224.2 9.59826 14 0.82797
224.3 9.59803 14 0.82795
224.4 9.59449 14 0.82776
224.5 9.60448 14 0.82830
224.6 9.58906 14 0.82747
224.7 9.58930 14 0.82748
224.8 9.58593 14 0.82730
224.9 9.59621 14 0.82785
225.0 9.59831 14 0.82797
225.1 9.59797 14 0.82795
225.2 9.59434 14 0.82775
225.3 9.60439 14 0.82830
225.4 9.60745 14 0.82846
225.5 9.60378 14 0.82826
225.6 9.61535 14 0.82889
225.7 9.61777 14 0.82902
225.8 9.61857 14 0.82906
225.9 9.54651 14 0.82517
226.0 9.54992 14 0.82535
226.1 9.55298 14 0.82552
226.2 9.55599 14 0.82568
226.3 9.55868 14 0.82583
226.4 9.58898 14 0.82746
226.5 9.58939 14 0.82749
226.6 9.58707 14 0.82736
226.7 9.59456 14 0.82777
226.8 9.59788 14 0.82795
226.9 9.59876 14 0.82799
227.0 9.59580 14 0.82783
227.1 9.60390 14 0.82827
227.2 9.58875 14 0.82745
227.3 9.58946 14 0.82749
227.4 9.58754 14 0.82739
227.5 9.59308 14 0.82769
227.6 9.59773 14 0.82794
227.7 9.59877 14 0.82799
227.8 9.59633 14 0.82786
227.9 9.60173 14 0.82815
228.0 9.60613 14 0.82839
228.1 9.60463 14 0.82831
228.2 9.61455 14 0.82884
228.3 9.61703 14 0.82898
228.4 9.61850 14 0.82906
228.5 9.61791 14 0.82903
228.6 9.54862 14 0.82528
228.7 9.55200 14 0.82547
228.8 9.55507 14 0.82563
228.9 9.55784 14 0.82578
229.0 9.58844 14 0.82743
229.1 9.58948 14 0.82749
229.2 9.58850 14 0.82744
229.3 9.58588 14 0.82730
229.4 9.59717 14 0.82791
229.5 9.59868 14 0.82799
229.6 9.59710 14 0.82790
229.7 9.59494 14 0.82779
229.8 9.58809 14 0.82742
229.9 9.58944 14 0.82749
230.0 9.58880 14 0.82745
230.1 9.58666 14 0.82734
230.2 9.59687 14 0.82789
230.3 9.59860 14 0.82798
230.4 9.59757 14 0.82793
230.5 9.59417 14 0.82774
230.6 9.60499 14 0.82833
230.7 9.60673 14 0.82842
230.8 9.60771 14 0.82848
230.9 9.61607 14 0.82893
231.0 9.61810 14 0.82904
231.1 9.61849 14 0.82906
231.2 9.54712 14 0.82520
231.3 9.55044 14 0.82538
231.4 9.55340 14 0.82554
231.5 9.55632 14 0.82570
231.6 9.55891 14 0.82584
231.7 9.58908 14 0.82747
231.8 9.58935 14 0.82748
231.9 9.58649 14 0.82733
232.0 9.59579 14 0.82783
232.1 9.59808 14 0.82796
232.2 9.59872 14 0.82799
232.3 9.59532 14 0.82781
232.4 9.60406 14 0.82828
232.5 9.58881 14 0.82745
232.6 9.58945 14 0.82749
232.7 9.58757 14 0.82739
232.8 9.59104 14 0.82758
232.9 9.59764 14 0.82793
233.0 9.59877 14 0.82799
233.1 9.59664 14 0.82788
233.2 9.59958 14 0.82804
233.3 9.60612 14 0.82839
233.4 9.60481 14 0.82832
233.5 9.61441 14 0.82884
233.6 9.61688 14 0.82897
233.7 9.61844 14 0.82905
233.8 9.61809 14 0.82904
233.9 9.54819 14 0.82526
234.0 9.55142 14 0.82544
234.1 9.55447 14 0.82560
234.2 9.55734 14 0.82576
234.3 9.58794 14 0.82741
234.4 9.58941 14 0.82749
234.5 9.58889 14 0.82746
234.6 9.58596 14 0.82730
234.7 9.59665 14 0.82788
234.8 9.59851 14 0.82798
234.9 9.59767 14 0.82793
235.0 9.59331 14 0.82770
235.1 9.60477 14 0.82832
235.2 9.58914 14 0.82747
235.3 9.58928 14 0.82748
235.4 9.58605 14 0.82731
235.5 9.59605 14 0.82785
235.6 9.59826 14 0.82797
235.7 9.59810 14 0.82796
235.8 9.59476 14 0.82778
235.9 9.60411 14 0.82828
236.0 9.60761 14 0.82847
236.1 9.60342 14 0.82824
236.2 9.61509 14 0.82887
236.3 9.61736 14 0.82900
236.4 9.61854 14 0.82906
236.5 9.61778 14 0.82902
236.6 9.54875 14 0.82529
236.7 9.55203 14 0.82547
236.8 9.55500 14 0.82563
236.9 9.55787 14 0.82578
237.0 9.58840 14 0.82743
237.1 9.58949 14 0.82749
237.2 9.58854 14 0.82744
237.3 9.58615 14 0.82731
237.4 9.59714 14 0.82790
237.5 9.59864 14 0.82799
237.6 9.59739 14 0.82792
237.7 9.59495 14 0.82779
237.8 9.60507 14 0.82833
237.9 9.58933 14 0.82748
238.0 9.58913 14 0.82747
238.1 9.58502 14 0.82725
238.2 9.59640 14 0.82787
238.3 9.59843 14 0.82797
238.4 9.59791 14 0.82795
238.5 9.59368 14 0.82772
238.6 9.60438 14 0.82830
238.7 9.60742 14 0.82846
238.8 9.60483 14 0.82832
238.9 9.61527 14 0.82888
239.0 9.61746 14 0.82900
239.1 9.61856 14 0.82906
239.2 9.61764 14 0.82901
239.3 9.54916 14 0.82531
239.4 9.55229 14 0.82548
239.5 9.55540 14 0.82565
239.6 9.55803 14 0.82579
239.7 9.58850 14 0.82744
239.8 9.58949 14 0.82749
239.9 9.58846 14 0.82744
240.0 9.58654 14 0.82733
240.1 9.59717 14 0.82791
240.2 9.59864 14 0.82799
240.3 9.59740 14 0.82792
240.4 9.59462 14 0.82777
240.5 9.60499 14 0.82833
240.6 9.58935 14 0.82748
240.7 9.58910 14 0.82747
240.8 9.58494 14 0.82725
240.9 9.59640 14 0.82787
241.0 9.59841 14 0.82797
241.1 9.59794 14 0.82795
241.2 9.59392 14 0.82773
241.3 9.60427 14 0.82829
241.4 9.60753 14 0.82847
241.5 9.60373 14 0.82826
241.6 9.61508 14 0.82887
241.7 9.61725 14 0.82899
241.8 9.61855 14 0.82906
241.9 9.61771 14 0.82902
242.0 9.54902 14 0.82531
242.1 9.55212 14 0.82547
242.2 9.55503 14 0.82563
242.3 9.55785 14 0.82578
242.4 9.58835 14 0.82743
242.5 9.58947 14 0.82749
242.6 9.58868 14 0.82745
242.7 9.58550 14 0.82728
242.8 9.59676 14 0.82788
242.9 9.59853 14 0.82798
243.0 9.59756 14 0.82793
243.1 9.59311 14 0.82769
243.2 9.60475 14 0.82832
243.3 9.58924 14 0.82748
243.4 9.58928 14 0.82748
243.5 9.58581 14 0.82729
243.6 9.59607 14 0.82785
243.7 9.59822 14 0.82796
243.8 9.59871 14 0.82799
243.9 9.59533 14 0.82781
244.0 9.60379 14 0.82826
244.1 9.60787 14 0.82848
244.2 9.60419 14 0.82829
244.3 9.61472 14 0.82885
244.4 9.61696 14 0.82898
244.5 9.61848 14 0.82906
244.6 9.61805 14 0.82903
244.7 9.54836 14 0.82527
244.8 9.55146 14 0.82544
244.9 9.55439 14 0.82560
245.0 9.55734 14 0.82575
245.1 9.58778 14 0.82740
245.2 9.58936 14 0.82748
245.3 9.58913 14 0.82747
245.4 9.58551 14 0.82728
245.5 9.59625 14 0.82786
245.6 9.59826 14 0.82797
245.7 9.59804 14 0.82795
245.8 9.59473 14 0.82777
245.9 9.60416 14 0.82828
246.0 9.58889 14 0.82746
246.1 9.58945 14 0.82749
246.2 9.58747 14 0.82738
246.3 9.59040 14 0.82754
246.4 9.59748 14 0.82792
246.5 9.59876 14 0.82799
246.6 9.59699 14 0.82790
246.7 9.59738 14 0.82792
246.8 9.60561 14 0.82836
246.9 9.60603 14 0.82839
247.0 9.61392 14 0.82881
247.1 9.61638 14 0.82894
247.2 9.61826 14 0.82904
247.3 9.61844 14 0.82905
247.4 9.59804 14 0.82795
247.5 9.55051 14 0.82539
247.6 9.55329 14 0.82554
247.7 9.55624 14 0.82570
247.8 9.55869 14 0.82583
247.9 9.58906 14 0.82747
248.0 9.58940 14 0.82749
248.1 9.58726 14 0.82737
248.2 9.59326 14 0.82770
248.3 9.59776 14 0.82794
248.4 9.59876 14 0.82799
248.5 9.59652 14 0.82787
248.6 9.59732 14 0.82791
248.7 9.58831 14 0.82743
248.8 9.58946 14 0.82749
248.9 9.58884 14 0.82746
249.0 9.58618 14 0.82731
249.1 9.59664 14 0.82788
249.2 9.59856 14 0.82798
249.3 9.59776 14 0.82794
249.4 9.59324 14 0.82769
249.5 9.60470 14 0.82831
249.6 9.60723 14 0.82845
249.7 9.60416 14 0.82828
249.8 9.61535 14 0.82889
249.9 9.61745 14 0.82900
250.0 9.61857 14 0.82906
