15.0 1.25597 13 0.03023
15.1 1.26302 13 0.03071
15.2 1.26990 13 0.03117
15.3 1.27682 13 0.03164
15.4 1.28376 13 0.03210
15.5 1.29073 13 0.03255
15.6 1.29751 13 0.03299
15.7 1.30454 13 0.03344
15.8 1.31135 13 0.03388
15.9 1.31845 13 0.03432
16.0 1.32531 13 0.03475
16.1 1.33220 13 0.03517
16.2 1.33911 13 0.03560
16.3 1.34605 13 0.03602
16.4 1.35271 13 0.03641
16.5 1.35968 13 0.03683
16.6 1.36669 13 0.03724
16.7 1.37372 13 0.03765
16.8 1.38045 13 0.03804
16.9 1.38753 13 0.03845
17.0 1.39429 13 0.03883
17.1 1.40106 13 0.03921
17.2 1.40785 13 0.03959
17.3 1.41502 13 0.03999
17.4 1.42185 13 0.04036
17.5 1.42869 13 0.04073
17.6 1.43554 13 0.04110
17.7 1.44199 13 0.04144
17.8 1.44887 13 0.04181
17.9 1.45577 13 0.04217
18.0 1.46268 13 0.04253
18.1 1.46915 13 0.04287
18.2 1.47609 13 0.04322
18.3 1.48306 13 0.04358
18.4 1.48955 13 0.04391
18.5 1.49654 13 0.04426
18.6 1.50304 13 0.04458
18.7 1.50955 13 0.04490
18.8 1.51658 13 0.04525
18.9 1.52310 13 0.04556
19.0 1.52962 13 0.04588
19.1 1.53614 13 0.04619
19.2 1.54323 13 0.04653
19.3 1.54977 13 0.04684
19.4 1.55630 13 0.04714
19.5 1.56284 13 0.04745
19.6 1.56939 13 0.04775
19.7 1.57593 13 0.04805
19.8 1.58248 13 0.04835
19.9 1.58903 13 0.04865
20.0 1.59559 13 0.04894
20.1 1.60215 13 0.04923
20.2 1.60872 13 0.04953
20.3 1.61529 13 0.04982
20.4 1.62186 13 0.05010
20.5 1.62844 13 0.05039
20.6 1.63429 13 0.05064
20.7 1.64087 13 0.05093
20.8 1.64745 13 0.05121
20.9 1.65404 13 0.05149
21.0 1.65986 13 0.05173
21.1 1.66645 13 0.05201
21.2 1.67304 13 0.05228
21.3 1.67964 13 0.05256
21.4 1.68542 13 0.05280
21.5 1.69202 13 0.05307
21.6 1.69863 13 0.05334
21.7 1.70439 13 0.05357
21.8 1.71100 13 0.05384
21.9 1.71673 13 0.05407
22.0 1.72334 13 0.05433
22.1 1.72996 13 0.05459
22.2 1.73567 13 0.05482
22.3 1.74229 13 0.05507
22.4 1.74797 13 0.05530
22.5 1.75460 13 0.05555
22.6 1.76026 13 0.05577
22.7 1.76689 13 0.05603
22.8 1.77253 13 0.05624
22.9 1.77916 13 0.05649
23.0 1.78479 13 0.05671
23.1 1.79039 13 0.05692
23.2 1.79703 13 0.05716
23.3 1.80261 13 0.05737
23.4 1.80925 13 0.05762
23.5 1.81481 13 0.05782
23.6 1.82146 13 0.05807
23.7 1.82700 13 0.05827
23.8 1.83253 13 0.05847
23.9 1.83918 13 0.05871
24.0 1.84469 13 0.05891
24.1 1.85018 13 0.05911
24.2 1.85683 13 0.05934
24.3 1.86230 13 0.05954
24.4 1.86776 13 0.05973
24.5 1.87441 13 0.05996
24.6 1.87985 13 0.06015
24.7 1.88528 13 0.06034
24.8 1.89193 13 0.06057
24.9 1.89945 13 0.06091
25.0 1.90778 13 0.06129
25.1 1.91612 13 0.06168
25.2 1.92172 13 0.06184
25.3 18.39173 14 1.00000
25.4 18.43912 14 1.00000
25.5 18.49816 14 1.00000
25.6 18.54532 14 1.00000
25.7 18.59189 14 1.00000
25.8 18.63781 14 1.00000
25.9 18.68356 14 1.00000
26.0 18.74122 14 1.00000
26.1 18.78671 14 1.00000
26.2 18.83200 14 1.00000
26.3 18.87709 14 1.00000
26.4 18.93450 14 1.00000
26.5 18.97935 14 1.00000
26.6 19.02403 14 1.00000
26.7 19.06852 14 1.00000
26.8 19.11282 14 1.00000
26.9 19.16992 14 1.00000
27.0 19.21399 14 1.00000
27.1 19.25788 14 1.00000
27.2 19.30159 14 1.00000
27.3 19.34511 14 1.00000
27.4 19.38847 14 1.00000
27.5 19.44521 14 1.00000
27.6 19.48834 14 1.00000
27.7 19.53129 14 1.00000
27.8 19.57405 14 1.00000
27.9 19.61666 14 1.00000
28.0 19.65910 14 1.00000
28.1 19.70140 14 1.00000
28.2 19.75773 14 1.00000
28.3 19.79975 14 1.00000
28.4 19.84161 14 1.00000
28.5 19.88332 14 1.00000
28.6 19.92487 14 1.00000
28.7 19.96628 14 1.00000
28.8 20.00753 14 1.00000
28.9 20.04859 14 1.00000
29.0 20.10442 14 1.00000
29.1 20.14526 14 1.00000
29.2 20.18594 14 1.00000
29.3 20.22648 14 1.00000
29.4 20.26686 14 1.00000
29.5 5.51152 14 0.23762
29.6 5.59437 14 0.24139
29.7 5.67748 14 0.24516
29.8 5.76085 14 0.24893
29.9 5.84446 14 0.25270
30.0 5.96220 14 0.25799
30.1 6.04670 14 0.26177
30.2 6.13145 14 0.26555
30.3 6.21643 14 0.26933
30.4 6.30164 14 0.27311
30.5 6.38708 14 0.27689
30.6 6.47274 14 0.28066
30.7 6.55863 14 0.28444
30.8 6.64473 14 0.28821
30.9 6.73104 14 0.29198
31.0 6.81757 14 0.29575
31.1 6.90430 14 0.29951
31.2 6.99123 14 0.30328
31.3 7.11801 14 0.30875
31.4 7.20578 14 0.31253
31.5 7.29375 14 0.31630
31.6 7.38191 14 0.32007
31.7 7.47025 14 0.32384
31.8 7.55878 14 0.32761
31.9 7.64751 14 0.33137
32.0 7.73641 14 0.33513
32.1 7.82549 14 0.33889
32.2 7.91475 14 0.34265
32.3 8.00418 14 0.34640
32.4 8.09377 14 0.35015
32.5 8.18353 14 0.35390
32.6 8.27345 14 0.35764
32.7 8.36353 14 0.36139
32.8 8.45376 14 0.36512
32.9 8.54414 14 0.36886
33.0 8.63468 14 0.37259
33.1 8.72537 14 0.37632
33.2 8.81620 14 0.38005
33.3 8.90718 14 0.38377
33.4 9.04781 14 0.38951
33.5 9.13952 14 0.39324
33.6 9.23138 14 0.39696
33.7 9.32336 14 0.40069
33.8 9.41548 14 0.40441
33.9 9.50773 14 0.40812
34.0 9.60010 14 0.41183
34.1 9.69260 14 0.41554
34.2 9.78521 14 0.41925
34.3 9.87795 14 0.42295
34.4 9.97080 14 0.42664
34.5 10.06376 14 0.43034
34.6 10.15683 14 0.43403
34.7 10.25001 14 0.43771
34.8 10.34329 14 0.44139
34.9 10.43668 14 0.44507
35.0 10.53018 14 0.44874
35.1 10.62377 14 0.45241
35.2 10.71746 14 0.45607
35.3 10.81124 14 0.45973
35.4 10.90512 14 0.46339
35.5 10.99909 14 0.46704
35.6 11.09313 14 0.47069
35.7 11.18725 14 0.47433
35.8 11.28147 14 0.47797
35.9 11.37576 14 0.48160
36.0 11.47014 14 0.48523
36.1 11.56459 14 0.48886
36.2 11.65912 14 0.49248
36.3 11.75372 14 0.49609
36.4 11.84839 14 0.49970
36.5 11.94314 14 0.50331
36.6 12.03795 14 0.50691
36.7 12.13284 14 0.51051
36.8 12.22777 14 0.51410
36.9 12.32276 14 0.51769
37.0 12.41781 14 0.52127
37.1 12.51292 14 0.52485
37.2 12.60810 14 0.52842
37.3 12.70333 14 0.53199
37.4 12.79861 14 0.53555
37.5 12.89394 14 0.53911
37.6 12.98933 14 0.54266
37.7 13.08477 14 0.54621
37.8 13.18025 14 0.54976
37.9 13.27577 14 0.55330
38.0 13.37134 14 0.55683
38.1 13.46695 14 0.56036
38.2 13.56259 14 0.56388
38.3 13.65825 14 0.56740
38.4 13.75396 14 0.57092
38.5 13.84970 14 0.57443
38.6 13.94547 14 0.57793
38.7 14.04127 14 0.58143
38.8 14.13711 14 0.58492
38.9 14.23297 14 0.58841
39.0 14.32886 14 0.59189
39.1 14.42477 14 0.59537
39.2 14.52072 14 0.59885
39.3 14.61668 14 0.60231
39.4 14.71267 14 0.60578
39.5 14.80869 14 0.60923
39.6 14.90473 14 0.61269
39.7 15.00078 14 0.61613
39.8 15.09685 14 0.61958
39.9 15.19291 14 0.62301
40.0 15.28899 14 0.62645
40.1 15.38507 14 0.62987
40.2 15.48118 14 0.63329
40.3 15.57728 14 0.63671
40.4 15.67340 14 0.64012
40.5 15.76952 14 0.64353
40.6 15.86564 14 0.64693
40.7 15.96177 14 0.65032
40.8 16.05790 14 0.65371
40.9 16.15405 14 0.65709
41.0 16.25018 14 0.66047
41.1 16.34632 14 0.66385
41.2 16.44245 14 0.66722
41.3 16.53859 14 0.67058
41.4 16.63472 14 0.67394
41.5 16.73085 14 0.67729
41.6 16.82698 14 0.68064
41.7 16.92310 14 0.68398
41.8 17.01921 14 0.68731
41.9 17.11528 14 0.69065
42.0 17.21136 14 0.69397
42.1 17.30741 14 0.69729
42.2 17.40346 14 0.70061
42.3 17.49949 14 0.70392
42.4 17.59550 14 0.70722
42.5 17.69151 14 0.71052
42.6 17.68926 14 0.71044
42.7 17.78465 14 0.71372
42.8 17.88004 14 0.71698
42.9 17.97539 14 0.72025
43.0 18.07073 14 0.72350
43.1 18.16604 14 0.72676
43.2 18.26133 14 0.73000
43.3 18.35659 14 0.73324
43.4 18.45184 14 0.73648
43.5 18.54705 14 0.73971
43.6 18.64224 14 0.74294
43.7 18.73741 14 0.74616
43.8 18.83255 14 0.74937
43.9 18.92767 14 0.75258
44.0 19.02276 14 0.75578
44.1 19.11782 14 0.75898
44.2 19.21284 14 0.76218
44.3 19.30782 14 0.76536
44.4 19.40275 14 0.76855
44.5 19.49765 14 0.77172
44.6 19.59253 14 0.77490
44.7 19.68736 14 0.77806
44.8 19.78216 14 0.78122
44.9 19.87691 14 0.78438
45.0 19.97164 14 0.78753
45.1 20.06632 14 0.79068
45.2 20.16096 14 0.79382
45.3 20.25556 14 0.79695
45.4 20.35013 14 0.80008
45.5 20.44465 14 0.80320
45.6 20.53913 14 0.80632
45.7 20.63357 14 0.80943
45.8 20.72797 14 0.81254
45.9 20.82232 14 0.81565
46.0 20.91664 14 0.81874
46.1 21.01091 14 0.82184
46.2 21.10514 14 0.82492
46.3 21.19934 14 0.82800
46.4 21.29348 14 0.83108
46.5 21.38757 14 0.83415
46.6 21.48161 14 0.83722
46.7 21.57560 14 0.84028
46.8 21.66954 14 0.84333
46.9 21.76344 14 0.84639
47.0 21.73428 14 0.84544
47.1 21.82748 14 0.84846
47.2 21.92063 14 0.85148
47.3 22.01371 14 0.85450
47.4 22.10676 14 0.85751
47.5 22.19973 14 0.86051
47.6 22.29264 14 0.86351
47.7 22.38548 14 0.86650
47.8 22.47828 14 0.86949
47.9 22.57103 14 0.87248
48.0 22.66370 14 0.87545
48.1 22.75634 14 0.87843
48.2 22.84890 14 0.88140
48.3 22.94144 14 0.88436
48.4 23.03391 14 0.88732
48.5 23.12633 14 0.89027
48.6 23.21869 14 0.89322
48.7 23.31097 14 0.89616
48.8 23.40322 14 0.89910
48.9 23.49538 14 0.90203
49.0 23.58751 14 0.90496
49.1 23.67956 14 0.90788
49.2 23.77155 14 0.91080
49.3 23.86348 14 0.91371
49.4 23.95535 14 0.91661
49.5 24.04715 14 0.91952
49.6 24.13889 14 0.92241
49.7 24.23055 14 0.92530
49.8 24.32218 14 0.92819
49.9 24.41371 14 0.93107
50.0 24.50519 14 0.93395
50.1 24.59661 14 0.93682
50.2 24.68797 14 0.93969
50.3 24.77924 14 0.94255
50.4 24.87046 14 0.94540
50.5 24.96164 14 0.94826
50.6 25.05275 14 0.95110
50.7 24.99985 14 0.94945
50.8 25.09021 14 0.95227
50.9 25.18052 14 0.95509
51.0 25.27076 14 0.95790
51.1 25.36093 14 0.96071
51.2 25.45106 14 0.96352
51.3 25.54113 14 0.96632
51.4 25.63111 14 0.96911
51.5 25.72105 14 0.97190
51.6 25.81090 14 0.97468
51.7 25.90069 14 0.97746
51.8 25.99040 14 0.98024
51.9 26.08005 14 0.98301
52.0 26.16962 14 0.98577
52.1 26.25912 14 0.98853
52.2 26.34853 14 0.99129
52.3 26.43788 14 0.99404
52.4 26.52712 14 0.99679
52.5 26.61632 14 0.99953
52.6 26.64718 14 1.00000
52.7 26.66581 14 1.00000
52.8 26.68438 14 1.00000
52.9 26.70291 14 1.00000
53.0 26.72137 14 1.00000
53.1 26.73982 14 1.00000
53.2 26.75820 14 1.00000
53.3 26.77652 14 1.00000
53.4 26.79480 14 1.00000
53.5 26.81303 14 1.00000
53.6 26.83119 14 1.00000
53.7 26.84933 14 1.00000
53.8 26.86741 14 1.00000
53.9 26.88544 14 1.00000
54.0 26.90341 14 1.00000
54.1 26.92136 14 1.00000
54.2 26.93925 14 1.00000
54.3 26.92372 14 1.00000
54.4 26.94143 14 1.00000
54.5 26.95911 14 1.00000
54.6 26.97676 14 1.00000
54.7 26.99435 14 1.00000
54.8 27.01187 14 1.00000
54.9 27.02936 14 1.00000
55.0 27.04682 14 1.00000
55.1 27.06422 14 1.00000
55.2 27.08156 14 1.00000
55.3 27.09886 14 1.00000
55.4 27.11612 14 1.00000
55.5 27.13336 14 1.00000
55.6 27.15053 14 1.00000
55.7 27.16764 14 1.00000
55.8 27.18474 14 1.00000
55.9 27.20176 14 1.00000
56.0 27.21876 14 1.00000
56.1 27.23570 14 1.00000
56.2 27.25261 14 1.00000
56.3 27.26948 14 1.00000
56.4 27.28628 14 1.00000
56.5 27.30307 14 1.00000
56.6 27.31978 14 1.00000
56.7 27.33648 14 1.00000
56.8 27.35312 14 1.00000
56.9 27.36971 14 1.00000
57.0 27.38625 14 1.00000
57.1 27.40276 14 1.00000
57.2 27.41923 14 1.00000
57.3 27.43567 14 1.00000
57.4 27.45205 14 1.00000
57.5 27.46839 14 1.00000
57.6 27.48467 14 1.00000
57.7 27.50095 14 1.00000
57.8 27.48191 14 1.00000
57.9 27.49803 14 1.00000
58.0 27.51408 14 1.00000
58.1 27.53012 14 1.00000
58.2 27.54613 14 1.00000
58.3 27.56209 14 1.00000
58.4 27.57800 14 1.00000
58.5 27.59386 14 1.00000
58.6 27.60971 14 1.00000
58.7 27.62550 14 1.00000
58.8 27.64126 14 1.00000
58.9 27.65695 14 1.00000
59.0 27.67262 14 1.00000
59.1 27.68826 14 1.00000
59.2 27.70385 14 1.00000
59.3 27.71943 14 1.00000
59.4 27.73494 14 1.00000
59.5 27.75042 14 1.00000
59.6 27.76586 14 1.00000
59.7 27.78124 14 1.00000
59.8 27.79662 14 1.00000
59.9 27.81194 14 1.00000
60.0 27.82720 14 1.00000
60.1 27.84247 14 1.00000
60.2 27.85767 14 1.00000
60.3 27.87283 14 1.00000
60.4 27.88796 14 1.00000
60.5 27.90307 14 1.00000
60.6 27.91811 14 1.00000
60.7 27.93315 14 1.00000
60.8 27.94812 14 1.00000
60.9 27.96309 14 1.00000
61.0 27.97800 14 1.00000
61.1 27.99288 14 1.00000
61.2 28.00772 14 1.00000
61.3 28.02252 14 1.00000
61.4 28.03729 14 1.00000
61.5 28.01489 14 1.00000
61.6 28.02951 14 1.00000
61.7 28.04413 14 1.00000
61.8 28.05870 14 1.00000
61.9 28.07322 14 1.00000
62.0 28.08773 14 1.00000
62.1 28.10218 14 1.00000
62.2 28.11662 14 1.00000
62.3 28.13102 14 1.00000
62.4 28.14538 14 1.00000
62.5 28.15970 14 1.00000
62.6 28.17397 14 1.00000
62.7 28.18822 14 1.00000
62.8 28.20246 14 1.00000
62.9 28.21663 14 1.00000
63.0 28.23080 14 1.00000
63.1 28.24491 14 1.00000
63.2 28.25900 14 1.00000
63.3 28.27305 14 1.00000
63.4 28.28704 14 1.00000
63.5 28.30103 14 1.00000
63.6 28.31498 14 1.00000
63.7 28.32892 14 1.00000
63.8 28.34281 14 1.00000
63.9 28.35664 14 1.00000
64.0 28.37048 14 1.00000
64.1 28.38425 14 1.00000
64.2 28.39803 14 1.00000
64.3 28.41175 14 1.00000
64.4 28.42544 14 1.00000
64.5 28.43910 14 1.00000
64.6 28.45272 14 1.00000
64.7 28.46630 14 1.00000
64.8 28.47986 14 1.00000
64.9 28.49339 14 1.00000
65.0 28.50691 14 1.00000
65.1 28.52038 14 1.00000
65.2 28.53381 14 1.00000
65.3 28.50830 14 1.00000
65.4 28.52162 14 1.00000
65.5 28.53489 14 1.00000
65.6 28.54815 14 1.00000
65.7 28.56140 14 1.00000
65.8 28.57457 14 1.00000
65.9 28.58776 14 1.00000
66.0 28.60090 14 1.00000
66.1 28.61401 14 1.00000
66.2 28.62706 14 1.00000
66.3 28.64013 14 1.00000
66.4 28.65314 14 1.00000
66.5 28.66611 14 1.00000
66.6 28.67909 14 1.00000
66.7 28.69202 14 1.00000
66.8 28.70492 14 1.00000
66.9 28.71777 14 1.00000
67.0 28.73063 14 1.00000
67.1 28.74343 14 1.00000
67.2 28.75623 14 1.00000
67.3 28.76898 14 1.00000
67.4 28.78169 14 1.00000
67.5 28.79441 14 1.00000
67.6 28.80705 14 1.00000
67.7 28.81971 14 1.00000
67.8 28.83230 14 1.00000
67.9 28.84490 14 1.00000
68.0 28.85744 14 1.00000
68.1 28.86996 14 1.00000
68.2 28.88246 14 1.00000
68.3 28.89495 14 1.00000
68.4 28.90739 14 1.00000
68.5 28.91980 14 1.00000
68.6 28.93218 14 1.00000
68.7 28.94454 14 1.00000
68.8 28.95687 14 1.00000
68.9 28.96915 14 1.00000
69.0 28.98145 14 1.00000
69.1 28.99369 14 1.00000
69.2 28.96528 14 1.00000
69.3 28.97743 14 1.00000
69.4 28.98955 14 1.00000
69.5 29.00163 14 1.00000
69.6 29.01368 14 1.00000
69.7 29.02574 14 1.00000
69.8 29.03775 14 1.00000
69.9 29.04973 14 1.00000
70.0 29.06169 14 1.00000
70.1 29.07363 14 1.00000
70.2 29.08554 14 1.00000
70.3 29.09742 14 1.00000
70.4 29.10925 14 1.00000
70.5 29.12111 14 1.00000
70.6 29.13291 14 1.00000
70.7 29.14467 14 1.00000
70.8 29.15642 14 1.00000
70.9 29.16817 14 1.00000
71.0 29.17987 14 1.00000
71.1 29.19155 14 1.00000
71.2 29.20318 14 1.00000
71.3 29.21481 14 1.00000
71.4 29.22643 14 1.00000
71.5 29.23800 14 1.00000
71.6 29.24955 14 1.00000
71.7 29.26108 14 1.00000
71.8 29.27258 14 1.00000
71.9 29.28406 14 1.00000
72.0 29.29551 14 1.00000
72.1 29.30693 14 1.00000
72.2 29.31833 14 1.00000
72.3 29.32969 14 1.00000
72.4 29.34106 14 1.00000
72.5 29.35239 14 1.00000
72.6 29.36370 14 1.00000
72.7 29.37495 14 1.00000
72.8 29.38621 14 1.00000
72.9 29.39746 14 1.00000
73.0 29.40865 14 1.00000
73.1 29.41984 14 1.00000
73.2 29.43103 14 1.00000
73.3 29.44217 14 1.00000
73.4 29.41092 14 1.00000
73.5 29.42195 14 1.00000
73.6 29.43297 14 1.00000
73.7 29.44400 14 1.00000
73.8 29.45498 14 1.00000
73.9 29.46593 14 1.00000
74.0 29.47684 14 1.00000
74.1 29.48778 14 1.00000
74.2 29.49866 14 1.00000
74.3 29.50953 14 1.00000
74.4 29.52035 14 1.00000
74.5 29.53119 14 1.00000
74.6 29.54196 14 1.00000
74.7 29.55276 14 1.00000
74.8 29.56351 14 1.00000
74.9 29.57421 14 1.00000
75.0 29.58494 14 1.00000
75.1 29.59560 14 1.00000
75.2 29.60629 14 1.00000
75.3 29.61693 14 1.00000
75.4 29.62754 14 1.00000
75.5 29.63812 14 1.00000
75.6 29.64871 14 1.00000
75.7 29.65924 14 1.00000
75.8 29.66980 14 1.00000
75.9 29.68031 14 1.00000
76.0 29.69079 14 1.00000
76.1 29.70126 14 1.00000
76.2 29.71170 14 1.00000
76.3 29.72210 14 1.00000
76.4 29.73250 14 1.00000
76.5 29.74290 14 1.00000
76.6 29.75326 14 1.00000
76.7 29.76360 14 1.00000
76.8 29.77392 14 1.00000
76.9 29.78420 14 1.00000
77.0 29.79450 14 1.00000
77.1 29.80473 14 1.00000
77.2 29.81499 14 1.00000
77.3 29.82521 14 1.00000
77.4 29.83541 14 1.00000
77.5 29.84556 14 1.00000
77.6 29.85574 14 1.00000
77.7 29.86587 14 1.00000
77.8 29.87598 14 1.00000
77.9 29.84197 14 1.00000
78.0 29.85200 14 1.00000
78.1 29.86203 14 1.00000
78.2 29.87202 14 1.00000
78.3 29.88197 14 1.00000
78.4 29.89192 14 1.00000
78.5 29.90187 14 1.00000
78.6 29.91176 14 1.00000
78.7 29.92168 14 1.00000
78.8 29.93155 14 1.00000
78.9 29.94140 14 1.00000
79.0 29.95123 14 1.00000
79.1 29.96102 14 1.00000
79.2 29.97084 14 1.00000
79.3 29.98061 14 1.00000
79.4 29.99034 14 1.00000
79.5 30.00010 14 1.00000
79.6 30.00979 14 1.00000
79.7 30.01949 14 1.00000
79.8 30.02919 14 1.00000
79.9 30.03885 14 1.00000
80.0 30.04846 14 1.00000
80.1 30.05811 14 1.00000
80.2 30.06771 14 1.00000
80.3 30.07729 14 1.00000
80.4 30.08685 14 1.00000
80.5 30.09640 14 1.00000
80.6 30.10592 14 1.00000
80.7 30.11541 14 1.00000
80.8 30.12490 14 1.00000
80.9 30.13440 14 1.00000
81.0 30.14386 14 1.00000
81.1 30.15327 14 1.00000
81.2 30.16271 14 1.00000
81.3 30.17212 14 1.00000
81.4 30.18147 14 1.00000
81.5 30.19086 14 1.00000
81.6 30.20019 14 1.00000
81.7 30.20952 14 1.00000
81.8 30.21885 14 1.00000
81.9 30.22814 14 1.00000
82.0 30.23739 14 1.00000
82.1 30.24668 14 1.00000
82.2 30.25591 14 1.00000
82.3 30.26514 14 1.00000
82.4 30.27434 14 1.00000
82.5 30.28353 14 1.00000
82.6 30.29270 14 1.00000
82.7 30.25603 14 1.00000
82.8 30.26515 14 1.00000
82.9 30.27423 14 1.00000
83.0 30.28326 14 1.00000
83.1 30.29231 14 1.00000
83.2 30.30136 14 1.00000
83.3 30.31034 14 1.00000
83.4 30.31936 14 1.00000
83.5 30.32833 14 1.00000
83.6 30.33729 14 1.00000
83.7 30.34623 14 1.00000
83.8 30.35512 14 1.00000
83.9 30.36403 14 1.00000
84.0 30.37292 14 1.00000
84.1 30.38179 14 1.00000
84.2 30.39065 14 1.00000
84.3 30.39951 14 1.00000
84.4 30.40833 14 1.00000
84.5 30.41714 14 1.00000
84.6 30.42593 14 1.00000
84.7 30.43471 14 1.00000
84.8 30.44346 14 1.00000
84.9 30.45220 14 1.00000
85.0 30.46093 14 1.00000
85.1 30.46964 14 1.00000
85.2 30.47833 14 1.00000
85.3 30.48701 14 1.00000
85.4 30.49568 14 1.00000
85.5 30.50432 14 1.00000
85.6 30.51293 14 1.00000
85.7 30.52155 14 1.00000
85.8 30.53015 14 1.00000
85.9 30.53876 14 1.00000
86.0 30.54730 14 1.00000
86.1 30.55587 14 1.00000
86.2 30.56441 14 1.00000
86.3 30.57293 14 1.00000
86.4 30.58144 14 1.00000
86.5 30.58993 14 1.00000
86.6 30.59840 14 1.00000
86.7 30.60686 14 1.00000
86.8 30.61530 14 1.00000
86.9 30.62373 14 1.00000
87.0 30.63212 14 1.00000
87.1 30.64051 14 1.00000
87.2 30.64892 14 1.00000
87.3 30.65729 14 1.00000
87.4 30.66564 14 1.00000
87.5 30.67397 14 1.00000
87.6 30.68229 14 1.00000
87.7 30.69060 14 1.00000
87.8 30.69887 14 1.00000
87.9 30.65963 14 1.00000
88.0 30.66788 14 1.00000
88.1 30.67606 14 1.00000
88.2 30.68426 14 1.00000
88.3 30.69246 14 1.00000
88.4 30.70063 14 1.00000
88.5 30.70878 14 1.00000
88.6 30.71691 14 1.00000
88.7 30.72501 14 1.00000
88.8 30.73314 14 1.00000
88.9 30.74120 14 1.00000
89.0 30.74931 14 1.00000
89.1 30.75737 14 1.00000
89.2 30.76542 14 1.00000
89.3 30.77343 14 1.00000
89.4 30.78144 14 1.00000
89.5 30.78945 14 1.00000
89.6 30.79747 14 1.00000
89.7 30.80544 14 1.00000
89.8 30.81341 14 1.00000
89.9 30.82136 14 1.00000
90.0 30.82930 14 1.00000
90.1 30.83720 14 1.00000
90.2 30.84512 14 1.00000
90.3 30.85304 14 1.00000
90.4 30.86092 14 1.00000
90.5 30.86877 14 1.00000
90.6 30.87665 14 1.00000
90.7 30.88447 14 1.00000
90.8 30.89229 14 1.00000
90.9 30.90014 14 1.00000
91.0 30.90794 14 1.00000
91.1 30.91572 14 1.00000
91.2 30.92347 14 1.00000
91.3 30.93126 14 1.00000
91.4 30.93900 14 1.00000
91.5 30.94671 14 1.00000
91.6 30.95443 14 1.00000
91.7 30.96216 14 1.00000
91.8 30.96986 14 1.00000
91.9 30.97754 14 1.00000
92.0 30.98520 14 1.00000
92.1 30.99286 14 1.00000
92.2 31.00050 14 1.00000
92.3 31.00810 14 1.00000
92.4 31.01571 14 1.00000
92.5 31.02331 14 1.00000
92.6 31.03092 14 1.00000
92.7 31.03850 14 1.00000
92.8 31.04603 14 1.00000
92.9 31.05361 14 1.00000
93.0 31.06112 14 1.00000
93.1 31.06867 14 1.00000
93.2 31.07618 14 1.00000
93.3 31.08364 14 1.00000
93.4 31.09113 14 1.00000
93.5 31.09863 14 1.00000
93.6 31.05681 14 1.00000
93.7 31.06419 14 1.00000
93.8 31.07162 14 1.00000
93.9 31.07898 14 1.00000
94.0 31.08637 14 1.00000
94.1 31.09371 14 1.00000
94.2 31.10106 14 1.00000
94.3 31.10842 14 1.00000
94.4 31.11574 14 1.00000
94.5 31.12301 14 1.00000
94.6 31.13033 14 1.00000
94.7 31.13757 14 1.00000
94.8 31.14483 14 1.00000
94.9 31.15211 14 1.00000
95.0 31.15932 14 1.00000
95.1 31.16654 14 1.00000
95.2 31.17376 14 1.00000
95.3 31.18098 14 1.00000
95.4 31.18817 14 1.00000
95.5 31.19532 14 1.00000
95.6 31.20251 14 1.00000
95.7 31.20964 14 1.00000
95.8 31.21681 14 1.00000
95.9 31.22394 14 1.00000
96.0 31.23103 14 1.00000
96.1 31.23813 14 1.00000
96.2 31.24523 14 1.00000
96.3 31.25231 14 1.00000
96.4 31.25940 14 1.00000
96.5 31.26646 14 1.00000
96.6 31.27350 14 1.00000
96.7 31.28054 14 1.00000
96.8 31.28753 14 1.00000
96.9 31.29457 14 1.00000
97.0 31.30157 14 1.00000
97.1 31.30856 14 1.00000
97.2 31.31553 14 1.00000
97.3 31.32250 14 1.00000
97.4 31.32945 14 1.00000
97.5 31.33636 14 1.00000
97.6 31.34332 14 1.00000
97.7 31.35021 14 1.00000
97.8 31.35714 14 1.00000
97.9 31.36401 14 1.00000
98.0 31.37092 14 1.00000
98.1 31.37777 14 1.00000
98.2 31.38466 14 1.00000
98.3 31.39151 14 1.00000
98.4 31.39835 14 1.00000
98.5 31.40515 14 1.00000
98.6 31.41199 14 1.00000
98.7 31.41879 14 1.00000
98.8 31.42559 14 1.00000
98.9 31.43237 14 1.00000
99.0 31.43912 14 1.00000
99.1 31.44591 14 1.00000
99.2 31.45266 14 1.00000
99.3 31.45939 14 1.00000
99.4 31.46610 14 1.00000
99.5 31.47284 14 1.00000
99.6 31.47955 14 1.00000
99.7 31.48624 14 1.00000
99.8 31.44201 14 1.00000
99.9 31.44862 14 1.00000
100.0 31.45528 14 1.00000
100.1 31.46187 14 1.00000
100.2 31.46851 14 1.00000
100.3 31.47511 14 1.00000
100.4 31.48170 14 1.00000
100.5 31.48828 14 1.00000
100.6 31.49485 14 1.00000
100.7 31.50141 14 1.00000
100.8 31.50796 14 1.00000
100.9 31.51450 14 1.00000
101.0 31.52100 14 1.00000
101.1 31.52752 14 1.00000
101.2 31.53405 14 1.00000
101.3 31.54055 14 1.00000
101.4 31.54704 14 1.00000
101.5 31.55351 14 1.00000
101.6 31.55995 14 1.00000
101.7 31.56643 14 1.00000
101.8 31.57285 14 1.00000
101.9 31.57932 14 1.00000
102.0 31.58574 14 1.00000
102.1 31.59213 14 1.00000
102.2 31.59853 14 1.00000
102.3 31.60496 14 1.00000
102.4 31.61134 14 1.00000
102.5 31.61769 14 1.00000
102.6 31.62408 14 1.00000
102.7 31.63041 14 1.00000
102.8 31.63678 14 1.00000
102.9 31.64311 14 1.00000
103.0 31.64941 14 1.00000
103.1 31.65575 14 1.00000
103.2 31.66203 14 1.00000
103.3 31.66835 14 1.00000
103.4 31.67463 14 1.00000
103.5 31.68091 14 1.00000
103.6 31.68717 14 1.00000
103.7 31.69343 14 1.00000
103.8 31.69965 14 1.00000
103.9 31.70591 14 1.00000
104.0 31.71211 14 1.00000
104.1 31.71835 14 1.00000
104.2 31.72456 14 1.00000
104.3 31.73076 14 1.00000
104.4 31.73695 14 1.00000
104.5 31.74310 14 1.00000
104.6 31.74926 14 1.00000
104.7 31.75545 14 1.00000
104.8 31.76160 14 1.00000
104.9 31.76771 14 1.00000
105.0 31.77387 14 1.00000
105.1 31.77999 14 1.00000
105.2 31.78607 14 1.00000
105.3 31.79220 14 1.00000
105.4 31.79827 14 1.00000
105.5 31.80438 14 1.00000
105.6 31.81045 14 1.00000
105.7 31.81649 14 1.00000
105.8 31.82258 14 1.00000
105.9 31.82862 14 1.00000
106.0 31.83467 14 1.00000
106.1 31.84070 14 1.00000
106.2 31.84669 14 1.00000
106.3 31.85273 14 1.00000
106.4 31.85873 14 1.00000
106.5 31.86470 14 1.00000
106.6 31.87071 14 1.00000
106.7 31.82392 14 1.00000
106.8 31.82986 14 1.00000
106.9 31.83578 14 1.00000
107.0 31.84173 14 1.00000
107.1 31.84764 14 1.00000
107.2 31.85351 14 1.00000
107.3 31.85943 14 1.00000
107.4 31.86532 14 1.00000
107.5 31.87116 14 1.00000
107.6 31.87706 14 1.00000
107.7 31.88291 14 1.00000
107.8 31.88873 14 1.00000
107.9 31.89460 14 1.00000
108.0 31.90043 14 1.00000
108.1 31.90622 14 1.00000
108.2 31.91204 14 1.00000
108.3 31.91787 14 1.00000
108.4 31.92364 14 1.00000
108.5 31.92945 14 1.00000
108.6 31.93520 14 1.00000
108.7 31.94099 14 1.00000
108.8 31.94676 14 1.00000
108.9 31.95251 14 1.00000
109.0 31.95825 14 1.00000
109.1 31.96399 14 1.00000
109.2 31.96968 14 1.00000
109.3 31.97540 14 1.00000
109.4 31.98114 14 1.00000
109.5 31.98684 14 1.00000
109.6 31.99253 14 1.00000
109.7 31.99821 14 1.00000
109.8 32.00386 14 1.00000
109.9 32.00956 14 1.00000
110.0 32.01521 14 1.00000
110.1 32.02084 14 1.00000
110.2 32.02650 14 1.00000
110.3 32.03214 14 1.00000
110.4 32.03777 14 1.00000
110.5 32.04335 14 1.00000
110.6 32.04896 14 1.00000
110.7 32.05459 14 1.00000
110.8 32.06015 14 1.00000
110.9 32.06577 14 1.00000
111.0 32.07131 14 1.00000
111.1 32.07691 14 1.00000
111.2 32.08244 14 1.00000
111.3 32.08802 14 1.00000
111.4 32.09353 14 1.00000
111.5 32.09909 14 1.00000
111.6 32.10457 14 1.00000
111.7 32.11010 14 1.00000
111.8 32.11559 14 1.00000
111.9 32.12105 14 1.00000
112.0 32.12656 14 1.00000
112.1 32.13203 14 1.00000
112.2 32.13749 14 1.00000
112.3 32.14294 14 1.00000
112.4 32.14839 14 1.00000
112.5 32.15383 14 1.00000
112.6 32.15926 14 1.00000
112.7 32.16469 14 1.00000
112.8 32.17010 14 1.00000
112.9 32.17551 14 1.00000
113.0 32.18092 14 1.00000
113.1 32.18631 14 1.00000
113.2 32.19170 14 1.00000
113.3 32.19707 14 1.00000
113.4 32.20242 14 1.00000
113.5 32.20778 14 1.00000
113.6 32.21313 14 1.00000
113.7 32.21848 14 1.00000
113.8 32.22385 14 1.00000
113.9 32.22915 14 1.00000
114.0 32.23450 14 1.00000
114.1 32.23982 14 1.00000
114.2 32.24513 14 1.00000
114.3 32.25043 14 1.00000
114.4 32.20128 14 1.00000
114.5 32.20654 14 1.00000
114.6 32.21182 14 1.00000
114.7 32.21706 14 1.00000
114.8 32.22230 14 1.00000
114.9 32.22753 14 1.00000
115.0 32.23272 14 1.00000
115.1 32.23796 14 1.00000
115.2 32.24317 14 1.00000
115.3 32.24834 14 1.00000
115.4 32.25354 14 1.00000
115.5 32.25872 14 1.00000
115.6 32.26392 14 1.00000
115.7 32.26907 14 1.00000
115.8 32.27423 14 1.00000
115.9 32.27941 14 1.00000
116.0 32.28453 14 1.00000
116.1 32.28967 14 1.00000
116.2 32.29480 14 1.00000
116.3 32.29996 14 1.00000
116.4 32.30505 14 1.00000
116.5 32.31019 14 1.00000
116.6 32.31526 14 1.00000
116.7 32.32039 14 1.00000
116.8 32.32548 14 1.00000
116.9 32.33056 14 1.00000
117.0 32.33564 14 1.00000
117.1 32.34070 14 1.00000
117.2 32.34574 14 1.00000
117.3 32.35079 14 1.00000
117.4 32.35587 14 1.00000
117.5 32.36088 14 1.00000
117.6 32.36594 14 1.00000
117.7 32.37094 14 1.00000
117.8 32.37595 14 1.00000
117.9 32.38097 14 1.00000
118.0 32.38597 14 1.00000
118.1 32.39097 14 1.00000
118.2 32.39599 14 1.00000
118.3 32.40094 14 1.00000
118.4 32.40595 14 1.00000
118.5 32.41092 14 1.00000
118.6 32.41588 14 1.00000
118.7 32.42084 14 1.00000
118.8 32.42579 14 1.00000
118.9 32.43070 14 1.00000
119.0 32.43567 14 1.00000
119.1 32.44056 14 1.00000
119.2 32.44549 14 1.00000
119.3 32.45040 14 1.00000
119.4 32.45534 14 1.00000
119.5 32.46024 14 1.00000
119.6 32.46513 14 1.00000
119.7 32.46999 14 1.00000
119.8 32.47488 14 1.00000
119.9 32.47976 14 1.00000
120.0 32.48463 14 1.00000
120.1 32.48952 14 1.00000
120.2 32.49438 14 1.00000
120.3 32.49923 14 1.00000
120.4 32.50407 14 1.00000
120.5 32.50891 14 1.00000
120.6 32.51374 14 1.00000
120.7 32.51856 14 1.00000
120.8 32.52338 14 1.00000
120.9 32.52816 14 1.00000
121.0 32.53300 14 1.00000
121.1 32.53777 14 1.00000
121.2 32.54256 14 1.00000
121.3 32.54737 14 1.00000
121.4 32.55215 14 1.00000
121.5 32.55689 14 1.00000
121.6 32.56166 14 1.00000
121.7 32.56644 14 1.00000
121.8 32.57120 14 1.00000
121.9 32.57594 14 1.00000
122.0 32.58066 14 1.00000
122.1 32.58542 14 1.00000
122.2 32.59012 14 1.00000
122.3 32.59484 14 1.00000
122.4 32.59955 14 1.00000
122.5 32.60429 14 1.00000
122.6 32.60899 14 1.00000
122.7 32.61369 14 1.00000
122.8 32.61837 14 1.00000
122.9 32.62303 14 1.00000
123.0 32.57147 14 1.00000
123.1 32.57611 14 1.00000
123.2 32.58073 14 1.00000
123.3 32.58539 14 1.00000
123.4 32.59002 14 1.00000
123.5 32.59464 14 1.00000
123.6 32.59925 14 1.00000
123.7 32.60386 14 1.00000
123.8 32.60846 14 1.00000
123.9 32.61303 14 1.00000
124.0 32.61765 14 1.00000
124.1 32.62223 14 1.00000
124.2 32.62681 14 1.00000
124.3 32.63135 14 1.00000
124.4 32.63594 14 1.00000
124.5 32.64050 14 1.00000
124.6 32.64506 14 1.00000
124.7 32.64960 14 1.00000
124.8 32.65412 14 1.00000
124.9 32.65868 14 1.00000
125.0 32.66321 14 1.00000
125.1 32.66771 14 1.00000
125.2 32.67222 14 1.00000
125.3 32.67676 14 1.00000
125.4 32.68127 14 1.00000
125.5 32.68576 14 1.00000
125.6 32.69026 14 1.00000
125.7 32.69475 14 1.00000
125.8 32.69920 14 1.00000
125.9 32.70367 14 1.00000
126.0 32.70818 14 1.00000
126.1 32.71261 14 1.00000
126.2 32.71709 14 1.00000
126.3 32.72155 14 1.00000
126.4 32.72597 14 1.00000
126.5 32.73041 14 1.00000
126.6 32.73484 14 1.00000
126.7 32.73927 14 1.00000
126.8 32.74372 14 1.00000
126.9 32.74814 14 1.00000
127.0 32.75253 14 1.00000
127.1 32.75696 14 1.00000
127.2 32.76133 14 1.00000
127.3 32.76575 14 1.00000
127.4 32.77014 14 1.00000
127.5 32.77452 14 1.00000
127.6 32.77890 14 1.00000
127.7 32.78328 14 1.00000
127.8 32.78764 14 1.00000
127.9 32.79197 14 1.00000
128.0 32.79636 14 1.00000
128.1 32.80068 14 1.00000
128.2 32.80503 14 1.00000
128.3 32.80939 14 1.00000
128.4 32.81373 14 1.00000
128.5 32.81803 14 1.00000
128.6 32.82238 14 1.00000
128.7 32.82670 14 1.00000
128.8 32.83101 14 1.00000
128.9 32.83529 14 1.00000
129.0 32.83959 14 1.00000
129.1 32.84392 14 1.00000
129.2 32.84821 14 1.00000
129.3 32.85246 14 1.00000
129.4 32.85675 14 1.00000
129.5 32.86098 14 1.00000
129.6 32.86523 14 1.00000
129.7 32.86951 14 1.00000
129.8 32.87374 14 1.00000
129.9 32.87798 14 1.00000
130.0 32.88221 14 1.00000
130.1 32.88644 14 1.00000
130.2 32.89066 14 1.00000
130.3 32.89487 14 1.00000
130.4 32.89908 14 1.00000
130.5 32.90326 14 1.00000
130.6 32.90745 14 1.00000
130.7 32.91167 14 1.00000
130.8 32.91586 14 1.00000
130.9 32.92001 14 1.00000
131.0 32.92419 14 1.00000
131.1 32.92836 14 1.00000
131.2 32.93253 14 1.00000
131.3 32.93672 14 1.00000
131.4 32.94085 14 1.00000
131.5 32.94502 14 1.00000
131.6 32.94914 14 1.00000
131.7 32.95328 14 1.00000
131.8 32.95744 14 1.00000
131.9 32.96154 14 1.00000
132.0 32.96569 14 1.00000
132.1 32.96981 14 1.00000
132.2 32.97393 14 1.00000
132.3 32.97803 14 1.00000
132.4 32.98214 14 1.00000
132.5 32.98621 14 1.00000
132.6 32.99033 14 1.00000
132.7 32.93645 14 1.00000
132.8 32.94051 14 1.00000
132.9 32.94457 14 1.00000
133.0 32.94862 14 1.00000
133.1 32.95266 14 1.00000
133.2 32.95673 14 1.00000
133.3 32.96074 14 1.00000
133.4 32.96477 14 1.00000
133.5 32.96882 14 1.00000
133.6 32.97284 14 1.00000
133.7 32.97683 14 1.00000
133.8 32.98084 14 1.00000
133.9 32.98487 14 1.00000
134.0 32.98887 14 1.00000
134.1 32.99284 14 1.00000
134.2 32.99683 14 1.00000
134.3 33.00081 14 1.00000
134.4 33.00479 14 1.00000
134.5 33.00880 14 1.00000
134.6 33.01274 14 1.00000
134.7 33.01670 14 1.00000
134.8 33.02066 14 1.00000
134.9 33.02465 14 1.00000
135.0 33.02860 14 1.00000
135.1 33.03251 14 1.00000
135.2 33.03645 14 1.00000
135.3 33.04039 14 1.00000
135.4 33.04435 14 1.00000
135.5 33.04827 14 1.00000
135.6 33.05217 14 1.00000
135.7 33.05608 14 1.00000
135.8 33.06000 14 1.00000
135.9 33.06393 14 1.00000
136.0 33.06781 14 1.00000
136.1 33.07173 14 1.00000
136.2 33.07559 14 1.00000
136.3 33.07951 14 1.00000
136.4 33.08339 14 1.00000
136.5 33.08724 14 1.00000
136.6 33.09111 14 1.00000
136.7 33.09501 14 1.00000
136.8 33.09888 14 1.00000
136.9 33.10271 14 1.00000
137.0 33.10656 14 1.00000
137.1 33.11044 14 1.00000
137.2 33.11428 14 1.00000
137.3 33.11810 14 1.00000
137.4 33.12196 14 1.00000
137.5 33.12579 14 1.00000
137.6 33.12962 14 1.00000
137.7 33.13342 14 1.00000
137.8 33.13726 14 1.00000
137.9 33.14108 14 1.00000
138.0 33.14486 14 1.00000
138.1 33.14867 14 1.00000
138.2 33.15250 14 1.00000
138.3 33.15629 14 1.00000
138.4 33.16008 14 1.00000
138.5 33.16387 14 1.00000
138.6 33.16763 14 1.00000
138.7 33.17140 14 1.00000
138.8 33.17517 14 1.00000
138.9 33.17897 14 1.00000
139.0 33.18271 14 1.00000
139.1 33.18647 14 1.00000
139.2 33.19022 14 1.00000
139.3 33.19400 14 1.00000
139.4 33.19772 14 1.00000
139.5 33.20149 14 1.00000
139.6 33.20523 14 1.00000
139.7 33.20893 14 1.00000
139.8 33.21269 14 1.00000
139.9 33.21641 14 1.00000
140.0 33.22010 14 1.00000
140.1 33.22382 14 1.00000
140.2 33.22753 14 1.00000
140.3 33.23126 14 1.00000
140.4 33.23494 14 1.00000
140.5 33.23866 14 1.00000
140.6 33.24235 14 1.00000
140.7 33.24604 14 1.00000
140.8 33.24973 14 1.00000
140.9 33.25340 14 1.00000
141.0 33.25708 14 1.00000
141.1 33.26072 14 1.00000
141.2 33.26442 14 1.00000
141.3 33.26808 14 1.00000
141.4 33.27171 14 1.00000
141.5 33.27536 14 1.00000
141.6 33.27901 14 1.00000
141.7 33.28268 14 1.00000
141.8 33.28632 14 1.00000
141.9 33.28996 14 1.00000
142.0 33.29359 14 1.00000
142.1 33.29722 14 1.00000
142.2 33.30084 14 1.00000
142.3 33.30443 14 1.00000
142.4 33.30805 14 1.00000
142.5 33.31166 14 1.00000
142.6 33.31529 14 1.00000
142.7 33.31887 14 1.00000
142.8 33.32249 14 1.00000
142.9 33.32609 14 1.00000
143.0 33.32967 14 1.00000
143.1 33.33326 14 1.00000
143.2 33.33684 14 1.00000
143.3 33.34042 14 1.00000
143.4 33.34399 14 1.00000
143.5 33.34753 14 1.00000
143.6 33.35112 14 1.00000
143.7 33.35468 14 1.00000
143.8 33.35824 14 1.00000
143.9 33.30191 14 1.00000
144.0 33.30543 14 1.00000
144.1 33.30896 14 1.00000
144.2 33.31245 14 1.00000
144.3 33.31596 14 1.00000
144.4 33.31950 14 1.00000
144.5 33.32298 14 1.00000
144.6 33.32651 14 1.00000
144.7 33.33001 14 1.00000
144.8 33.33350 14 1.00000
144.9 33.33700 14 1.00000
145.0 33.34045 14 1.00000
145.1 33.34394 14 1.00000
145.2 33.34744 14 1.00000
145.3 33.35089 14 1.00000
145.4 33.35436 14 1.00000
145.5 33.35786 14 1.00000
145.6 33.36129 14 1.00000
145.7 33.36475 14 1.00000
145.8 33.36823 14 1.00000
145.9 33.37168 14 1.00000
146.0 33.37513 14 1.00000
146.1 33.37857 14 1.00000
146.2 33.38201 14 1.00000
146.3 33.38544 14 1.00000
146.4 33.38888 14 1.00000
146.5 33.39230 14 1.00000
146.6 33.39573 14 1.00000
146.7 33.39914 14 1.00000
146.8 33.40256 14 1.00000
146.9 33.40597 14 1.00000
147.0 33.40938 14 1.00000
147.1 33.41278 14 1.00000
147.2 33.41618 14 1.00000
147.3 33.41958 14 1.00000
147.4 33.42294 14 1.00000
147.5 33.42636 14 1.00000
147.6 33.42971 14 1.00000
147.7 33.43309 14 1.00000
147.8 33.43650 14 1.00000
147.9 33.43987 14 1.00000
148.0 33.44324 14 1.00000
148.1 33.44661 14 1.00000
148.2 33.44997 14 1.00000
148.3 33.45333 14 1.00000
148.4 33.45668 14 1.00000
148.5 33.46004 14 1.00000
148.6 33.46336 14 1.00000
148.7 33.46673 14 1.00000
148.8 33.47007 14 1.00000
148.9 33.47341 14 1.00000
149.0 33.47674 14 1.00000
149.1 33.48004 14 1.00000
149.2 33.48339 14 1.00000
149.3 33.48669 14 1.00000
149.4 33.49000 14 1.00000
149.5 33.49330 14 1.00000
149.6 33.49662 14 1.00000
149.7 33.49992 14 1.00000
149.8 33.50317 14 1.00000
149.9 33.50646 14 1.00000
150.0 33.50977 14 1.00000
150.1 33.51305 14 1.00000
150.2 33.51629 14 1.00000
150.3 33.51959 14 1.00000
150.4 33.52282 14 1.00000
150.5 33.52612 14 1.00000
150.6 33.52937 14 1.00000
150.7 33.53260 14 1.00000
150.8 33.53585 14 1.00000
150.9 33.53910 14 1.00000
151.0 33.54234 14 1.00000
151.1 33.54561 14 1.00000
151.2 33.54885 14 1.00000
151.3 33.55208 14 1.00000
151.4 33.55531 14 1.00000
151.5 33.55853 14 1.00000
151.6 33.56175 14 1.00000
151.7 33.56494 14 1.00000
151.8 33.56819 14 1.00000
151.9 33.57140 14 1.00000
152.0 33.57460 14 1.00000
152.1 33.57778 14 1.00000
152.2 33.58098 14 1.00000
152.3 33.58421 14 1.00000
152.4 33.58737 14 1.00000
152.5 33.59056 14 1.00000
152.6 33.59375 14 1.00000
152.7 33.59695 14 1.00000
152.8 33.60011 14 1.00000
152.9 33.60328 14 1.00000
153.0 33.60648 14 1.00000
153.1 33.60965 14 1.00000
153.2 33.61282 14 1.00000
153.3 33.61597 14 1.00000
153.4 33.61913 14 1.00000
153.5 33.62229 14 1.00000
153.6 33.62544 14 1.00000
153.7 33.62859 14 1.00000
153.8 33.63173 14 1.00000
153.9 33.63484 14 1.00000
154.0 33.63801 14 1.00000
154.1 33.64111 14 1.00000
154.2 33.64427 14 1.00000
154.3 33.64740 14 1.00000
154.4 33.65049 14 1.00000
154.5 33.65364 14 1.00000
154.6 33.65676 14 1.00000
154.7 33.65987 14 1.00000
154.8 33.66298 14 1.00000
154.9 33.66608 14 1.00000
155.0 33.66919 14 1.00000
155.1 33.67229 14 1.00000
155.2 33.67535 14 1.00000
155.3 33.67847 14 1.00000
155.4 33.68156 14 1.00000
155.5 33.68462 14 1.00000
155.6 33.68773 14 1.00000
155.7 33.69081 14 1.00000
155.8 33.69386 14 1.00000
155.9 33.69696 14 1.00000
156.0 33.70003 14 1.00000
156.1 33.70309 14 1.00000
156.2 33.70613 14 1.00000
156.3 33.70922 14 1.00000
156.4 33.71224 14 1.00000
156.5 33.71532 14 1.00000
156.6 33.71837 14 1.00000
156.7 33.72139 14 1.00000
156.8 33.72443 14 1.00000
156.9 33.66585 14 1.00000
157.0 33.66890 14 1.00000
157.1 33.67192 14 1.00000
157.2 33.67493 14 1.00000
157.3 33.67794 14 1.00000
157.4 33.68094 14 1.00000
157.5 33.68394 14 1.00000
157.6 33.68694 14 1.00000
157.7 33.68994 14 1.00000
157.8 33.69290 14 1.00000
157.9 33.69589 14 1.00000
158.0 33.69891 14 1.00000
158.1 33.70189 14 1.00000
158.2 33.70484 14 1.00000
158.3 33.70784 14 1.00000
158.4 33.71082 14 1.00000
158.5 33.71379 14 1.00000
158.6 33.71675 14 1.00000
158.7 33.71972 14 1.00000
158.8 33.72268 14 1.00000
158.9 33.72561 14 1.00000
159.0 33.72859 14 1.00000
159.1 33.73154 14 1.00000
159.2 33.73446 14 1.00000
159.3 33.73740 14 1.00000
159.4 33.74037 14 1.00000
159.5 33.74328 14 1.00000
159.6 33.74625 14 1.00000
159.7 33.74918 14 1.00000
159.8 33.75208 14 1.00000
159.9 33.75503 14 1.00000
160.0 33.75793 14 1.00000
160.1 33.76088 14 1.00000
160.2 33.76377 14 1.00000
160.3 33.76671 14 1.00000
160.4 33.76962 14 1.00000
160.5 33.77253 14 1.00000
160.6 33.77541 14 1.00000
160.7 33.77834 14 1.00000
160.8 33.78124 14 1.00000
160.9 33.78411 14 1.00000
161.0 33.78703 14 1.00000
161.1 33.78992 14 1.00000
161.2 33.79278 14 1.00000
161.3 33.79569 14 1.00000
161.4 33.79855 14 1.00000
161.5 33.80145 14 1.00000
161.6 33.80430 14 1.00000
161.7 33.80720 14 1.00000
161.8 33.81007 14 1.00000
161.9 33.81293 14 1.00000
162.0 33.81577 14 1.00000
162.1 33.81866 14 1.00000
162.2 33.82149 14 1.00000
162.3 33.82437 14 1.00000
162.4 33.82722 14 1.00000
162.5 33.83004 14 1.00000
162.6 33.83292 14 1.00000
162.7 33.83573 14 1.00000
162.8 33.83857 14 1.00000
162.9 33.84141 14 1.00000
163.0 33.84427 14 1.00000
163.1 33.84710 14 1.00000
163.2 33.84993 14 1.00000
163.3 33.85272 14 1.00000
163.4 33.85557 14 1.00000
163.5 33.85839 14 1.00000
163.6 33.86121 14 1.00000
163.7 33.86399 14 1.00000
163.8 33.86680 14 1.00000
163.9 33.86961 14 1.00000
164.0 33.87244 14 1.00000
164.1 33.87524 14 1.00000
164.2 33.87804 14 1.00000
164.3 33.88081 14 1.00000
164.4 33.88363 14 1.00000
164.5 33.88642 14 1.00000
164.6 33.88918 14 1.00000
164.7 33.89199 14 1.00000
164.8 33.89477 14 1.00000
164.9 33.89752 14 1.00000
165.0 33.90029 14 1.00000
165.1 33.90306 14 1.00000
165.2 33.90586 14 1.00000
165.3 33.90863 14 1.00000
165.4 33.91139 14 1.00000
165.5 33.91413 14 1.00000
165.6 33.91691 14 1.00000
165.7 33.91964 14 1.00000
165.8 33.92242 14 1.00000
165.9 33.92514 14 1.00000
166.0 33.92792 14 1.00000
166.1 33.93063 14 1.00000
166.2 33.93337 14 1.00000
166.3 33.93614 14 1.00000
166.4 33.93888 14 1.00000
166.5 33.94161 14 1.00000
166.6 33.94434 14 1.00000
166.7 33.94706 14 1.00000
166.8 33.94976 14 1.00000
166.9 33.95248 14 1.00000
167.0 33.95523 14 1.00000
167.1 33.95795 14 1.00000
167.2 33.96063 14 1.00000
167.3 33.96337 14 1.00000
167.4 33.96605 14 1.00000
167.5 33.96878 14 1.00000
167.6 33.97145 14 1.00000
167.7 33.97416 14 1.00000
167.8 33.97688 14 1.00000
167.9 33.97957 14 1.00000
168.0 33.98223 14 1.00000
168.1 33.98492 14 1.00000
168.2 33.98761 14 1.00000
168.3 33.99029 14 1.00000
168.4 33.99297 14 1.00000
168.5 33.99565 14 1.00000
168.6 33.99833 14 1.00000
168.7 34.00103 14 1.00000
168.8 34.00367 14 1.00000
168.9 34.00636 14 1.00000
169.0 34.00900 14 1.00000
169.1 34.01169 14 1.00000
169.2 34.01435 14 1.00000
169.3 34.01698 14 1.00000
169.4 34.01966 14 1.00000
169.5 34.02228 14 1.00000
169.6 34.02496 14 1.00000
169.7 34.02760 14 1.00000
169.8 34.03024 14 1.00000
169.9 34.03288 14 1.00000
170.0 34.03549 14 1.00000
170.1 34.03812 14 1.00000
170.2 34.04079 14 1.00000
170.3 34.04339 14 1.00000
170.4 34.04601 14 1.00000
170.5 34.04867 14 1.00000
170.6 34.05129 14 1.00000
170.7 34.05391 14 1.00000
170.8 34.05651 14 1.00000
170.9 34.05908 14 1.00000
171.0 34.06171 14 1.00000
171.1 34.06430 14 1.00000
171.2 34.06687 14 1.00000
171.3 34.06948 14 1.00000
171.4 34.07207 14 1.00000
171.5 34.07466 14 1.00000
171.6 34.07724 14 1.00000
171.7 34.07980 14 1.00000
171.8 34.08240 14 1.00000
171.9 34.08498 14 1.00000
172.0 34.08755 14 1.00000
172.1 34.09009 14 1.00000
172.2 34.09269 14 1.00000
172.3 34.03171 14 1.00000
172.4 34.03427 14 1.00000
172.5 34.03686 14 1.00000
172.6 34.03941 14 1.00000
172.7 34.04193 14 1.00000
172.8 34.04448 14 1.00000
172.9 34.04706 14 1.00000
173.0 34.04957 14 1.00000
173.1 34.05212 14 1.00000
173.2 34.05468 14 1.00000
173.3 34.05721 14 1.00000
173.4 34.05973 14 1.00000
173.5 34.06224 14 1.00000
173.6 34.06476 14 1.00000
173.7 34.06725 14 1.00000
173.8 34.06978 14 1.00000
173.9 34.07229 14 1.00000
174.0 34.07477 14 1.00000
174.1 34.07730 14 1.00000
174.2 34.07981 14 1.00000
174.3 34.08231 14 1.00000
174.4 34.08480 14 1.00000
174.5 34.08730 14 1.00000
174.6 34.08979 14 1.00000
174.7 34.09225 14 1.00000
174.8 34.09474 14 1.00000
174.9 34.09726 14 1.00000
175.0 34.09974 14 1.00000
175.1 34.10222 14 1.00000
175.2 34.10470 14 1.00000
175.3 34.10717 14 1.00000
175.4 34.10962 14 1.00000
175.5 34.11212 14 1.00000
175.6 34.11459 14 1.00000
175.7 34.11705 14 1.00000
175.8 34.11951 14 1.00000
175.9 34.12198 14 1.00000
176.0 34.12444 14 1.00000
176.1 34.12687 14 1.00000
176.2 34.12934 14 1.00000
176.3 34.13180 14 1.00000
176.4 34.13422 14 1.00000
176.5 34.13669 14 1.00000
176.6 34.13911 14 1.00000
176.7 34.14155 14 1.00000
176.8 34.14399 14 1.00000
176.9 34.14646 14 1.00000
177.0 34.14886 14 1.00000
177.1 34.15133 14 1.00000
177.2 34.15372 14 1.00000
177.3 34.15618 14 1.00000
177.4 34.15858 14 1.00000
177.5 34.16103 14 1.00000
177.6 34.16345 14 1.00000
177.7 34.16584 14 1.00000
177.8 34.16826 14 1.00000
177.9 34.17070 14 1.00000
178.0 34.17308 14 1.00000
178.1 34.17552 14 1.00000
178.2 34.17790 14 1.00000
178.3 34.18030 14 1.00000
178.4 34.18270 14 1.00000
178.5 34.18513 14 1.00000
178.6 34.18753 14 1.00000
178.7 34.18993 14 1.00000
178.8 34.19229 14 1.00000
178.9 34.19471 14 1.00000
179.0 34.19707 14 1.00000
179.1 34.19948 14 1.00000
179.2 34.20184 14 1.00000
179.3 34.20425 14 1.00000
179.4 34.20660 14 1.00000
179.5 34.20897 14 1.00000
179.6 34.21138 14 1.00000
179.7 34.21375 14 1.00000
179.8 34.21612 14 1.00000
179.9 34.21846 14 1.00000
180.0 34.22085 14 1.00000
180.1 34.22319 14 1.00000
180.2 34.22557 14 1.00000
180.3 34.22793 14 1.00000
180.4 34.23026 14 1.00000
180.5 34.23262 14 1.00000
180.6 34.23500 14 1.00000
180.7 34.23732 14 1.00000
180.8 34.23969 14 1.00000
180.9 34.24204 14 1.00000
181.0 34.24438 14 1.00000
181.1 34.24669 14 1.00000
181.2 34.24906 14 1.00000
181.3 34.25137 14 1.00000
181.4 34.25370 14 1.00000
181.5 34.25606 14 1.00000
181.6 34.25839 14 1.00000
181.7 34.26072 14 1.00000
181.8 34.26301 14 1.00000
181.9 34.26534 14 1.00000
182.0 34.26766 14 1.00000
182.1 34.27000 14 1.00000
182.2 34.27229 14 1.00000
182.3 34.27464 14 1.00000
182.4 34.27695 14 1.00000
182.5 34.27925 14 1.00000
182.6 34.28153 14 1.00000
182.7 34.28387 14 1.00000
182.8 34.28617 14 1.00000
182.9 34.28847 14 1.00000
183.0 34.29077 14 1.00000
183.1 34.29307 14 1.00000
183.2 34.29533 14 1.00000
183.3 34.29765 14 1.00000
183.4 34.29992 14 1.00000
183.5 34.30220 14 1.00000
183.6 34.30452 14 1.00000
183.7 34.30677 14 1.00000
183.8 34.30908 14 1.00000
183.9 34.31133 14 1.00000
184.0 34.31364 14 1.00000
184.1 34.31591 14 1.00000
184.2 34.31818 14 1.00000
184.3 34.32046 14 1.00000
184.4 34.32270 14 1.00000
184.5 34.32499 14 1.00000
184.6 34.32726 14 1.00000
184.7 34.32952 14 1.00000
184.8 34.33175 14 1.00000
184.9 34.33401 14 1.00000
185.0 34.33629 14 1.00000
185.1 34.33855 14 1.00000
185.2 34.34080 14 1.00000
185.3 34.34304 14 1.00000
185.4 34.34526 14 1.00000
185.5 34.34751 14 1.00000
185.6 34.34975 14 1.00000
185.7 34.35199 14 1.00000
185.8 34.35426 14 1.00000
185.9 34.35650 14 1.00000
186.0 34.35873 14 1.00000
186.1 34.36097 14 1.00000
186.2 34.36320 14 1.00000
186.3 34.36543 14 1.00000
186.4 34.36765 14 1.00000
186.5 34.36985 14 1.00000
186.6 34.37207 14 1.00000
186.7 34.37432 14 1.00000
186.8 34.37654 14 1.00000
186.9 34.37876 14 1.00000
187.0 34.38094 14 1.00000
187.1 34.38315 14 1.00000
187.2 34.38539 14 1.00000
187.3 34.38757 14 1.00000
187.4 34.38981 14 1.00000
187.5 34.39201 14 1.00000
187.6 34.39422 14 1.00000
187.7 34.39639 14 1.00000
187.8 34.39862 14 1.00000
187.9 34.40082 14 1.00000
188.0 34.40302 14 1.00000
188.1 34.40518 14 1.00000
188.2 34.40737 14 1.00000
188.3 34.40959 14 1.00000
188.4 34.41177 14 1.00000
188.5 34.41393 14 1.00000
188.6 34.41615 14 1.00000
188.7 34.41833 14 1.00000
188.8 34.42051 14 1.00000
188.9 34.42265 14 1.00000
189.0 34.42483 14 1.00000
189.1 34.42700 14 1.00000
189.2 34.42920 14 1.00000
189.3 34.43137 14 1.00000
189.4 34.43354 14 1.00000
189.5 34.43568 14 1.00000
189.6 34.43784 14 1.00000
189.7 34.44000 14 1.00000
189.8 34.44216 14 1.00000
189.9 34.44435 14 1.00000
190.0 34.44651 14 1.00000
190.1 34.44863 14 1.00000
190.2 34.45081 14 1.00000
190.3 34.45293 14 1.00000
190.4 34.45508 14 1.00000
190.5 34.45726 14 1.00000
190.6 34.45937 14 1.00000
190.7 34.39597 14 1.00000
190.8 34.39809 14 1.00000
190.9 34.40022 14 1.00000
191.0 34.40231 14 1.00000
191.1 34.40446 14 1.00000
191.2 34.40658 14 1.00000
191.3 34.40870 14 1.00000
191.4 34.41079 14 1.00000
191.5 34.41290 14 1.00000
191.6 34.41504 14 1.00000
191.7 34.41712 14 1.00000
191.8 34.41926 14 1.00000
191.9 34.42136 14 1.00000
192.0 34.42347 14 1.00000
192.1 34.42557 14 1.00000
192.2 34.42767 14 1.00000
192.3 34.42974 14 1.00000
192.4 34.43186 14 1.00000
192.5 34.43393 14 1.00000
192.6 34.43602 14 1.00000
192.7 34.43811 14 1.00000
192.8 34.44020 14 1.00000
192.9 34.44232 14 1.00000
193.0 34.44440 14 1.00000
193.1 34.44646 14 1.00000
193.2 34.44854 14 1.00000
193.3 34.45061 14 1.00000
193.4 34.45269 14 1.00000
193.5 34.45480 14 1.00000
193.6 34.45687 14 1.00000
193.7 34.45894 14 1.00000
193.8 34.46101 14 1.00000
193.9 34.46308 14 1.00000
194.0 34.46515 14 1.00000
194.1 34.46719 14 1.00000
194.2 34.46925 14 1.00000
194.3 34.47134 14 1.00000
194.4 34.47340 14 1.00000
194.5 34.47543 14 1.00000
194.6 34.47751 14 1.00000
194.7 34.47953 14 1.00000
194.8 34.48161 14 1.00000
194.9 34.48366 14 1.00000
195.0 34.48571 14 1.00000
195.1 34.48776 14 1.00000
195.2 34.48977 14 1.00000
195.3 34.49184 14 1.00000
195.4 34.49386 14 1.00000
195.5 34.49593 14 1.00000
195.6 34.49793 14 1.00000
195.7 34.50000 14 1.00000
195.8 34.50203 14 1.00000
195.9 34.50403 14 1.00000
196.0 34.50609 14 1.00000
196.1 34.50812 14 1.00000
196.2 34.51015 14 1.00000
196.3 34.51217 14 1.00000
196.4 34.51416 14 1.00000
196.5 34.51622 14 1.00000
196.6 34.51820 14 1.00000
196.7 34.52022 14 1.00000
196.8 34.52224 14 1.00000
196.9 34.52425 14 1.00000
197.0 34.52629 14 1.00000
197.1 34.52831 14 1.00000
197.2 34.53031 14 1.00000
197.3 34.53232 14 1.00000
197.4 34.53432 14 1.00000
197.5 34.53630 14 1.00000
197.6 34.53833 14 1.00000
197.7 34.54033 14 1.00000
197.8 34.54233 14 1.00000
197.9 34.54429 14 1.00000
198.0 34.54632 14 1.00000
198.1 34.54831 14 1.00000
198.2 34.55030 14 1.00000
198.3 34.55229 14 1.00000
198.4 34.55428 14 1.00000
198.5 34.55626 14 1.00000
198.6 34.55822 14 1.00000
198.7 34.56020 14 1.00000
198.8 34.56221 14 1.00000
198.9 34.56419 14 1.00000
199.0 34.56614 14 1.00000
199.1 34.56813 14 1.00000
199.2 34.57009 14 1.00000
199.3 34.57205 14 1.00000
199.4 34.57398 14 1.00000
199.5 34.57597 14 1.00000
199.6 34.57792 14 1.00000
199.7 34.57988 14 1.00000
199.8 34.58183 14 1.00000
199.9 34.58378 14 1.00000
200.0 34.58573 14 1.00000
200.1 34.58765 14 1.00000
200.2 34.58962 14 1.00000
200.3 34.59153 14 1.00000
200.4 34.59351 14 1.00000
200.5 34.59542 14 1.00000
200.6 34.59739 14 1.00000
200.7 34.59932 14 1.00000
200.8 34.60123 14 1.00000
200.9 34.60319 14 1.00000
201.0 34.60509 14 1.00000
201.1 34.60702 14 1.00000
201.2 34.60898 14 1.00000
201.3 34.61090 14 1.00000
201.4 34.61283 14 1.00000
201.5 34.61475 14 1.00000
201.6 34.61665 14 1.00000
201.7 34.61860 14 1.00000
201.8 34.62048 14 1.00000
201.9 34.62243 14 1.00000
202.0 34.62434 14 1.00000
202.1 34.62623 14 1.00000
202.2 34.62814 14 1.00000
202.3 34.63008 14 1.00000
202.4 34.63199 14 1.00000
202.5 34.63390 14 1.00000
202.6 34.63577 14 1.00000
202.7 34.63770 14 1.00000
202.8 34.63960 14 1.00000
202.9 34.64151 14 1.00000
203.0 34.64338 14 1.00000
203.1 34.64530 14 1.00000
203.2 34.64719 14 1.00000
203.3 34.64909 14 1.00000
203.4 34.65095 14 1.00000
203.5 34.65287 14 1.00000
203.6 34.65476 14 1.00000
203.7 34.65665 14 1.00000
203.8 34.65853 14 1.00000
203.9 34.66042 14 1.00000
204.0 34.66227 14 1.00000
204.1 34.66418 14 1.00000
204.2 34.66603 14 1.00000
204.3 34.66793 14 1.00000
204.4 34.66981 14 1.00000
204.5 34.67166 14 1.00000
204.6 34.67356 14 1.00000
204.7 34.67540 14 1.00000
204.8 34.67730 14 1.00000
204.9 34.67916 14 1.00000
205.0 34.68103 14 1.00000
205.1 34.68290 14 1.00000
205.2 34.68473 14 1.00000
205.3 34.68659 14 1.00000
205.4 34.68848 14 1.00000
205.5 34.69034 14 1.00000
205.6 34.69217 14 1.00000
205.7 34.69405 14 1.00000
205.8 34.69588 14 1.00000
205.9 34.69776 14 1.00000
206.0 34.69958 14 1.00000
206.1 34.70146 14 1.00000
206.2 34.70328 14 1.00000
206.3 34.70512 14 1.00000
206.4 34.70697 14 1.00000
206.5 34.70884 14 1.00000
206.6 34.71069 14 1.00000
206.7 34.71252 14 1.00000
206.8 34.71436 14 1.00000
206.9 34.71620 14 1.00000
207.0 34.71804 14 1.00000
207.1 34.71987 14 1.00000
207.2 34.72171 14 1.00000
207.3 34.72354 14 1.00000
207.4 34.72537 14 1.00000
207.5 34.72720 14 1.00000
207.6 34.72900 14 1.00000
207.7 34.73085 14 1.00000
207.8 34.73264 14 1.00000
207.9 34.73449 14 1.00000
208.0 34.73632 14 1.00000
208.1 34.73811 14 1.00000
208.2 34.73993 14 1.00000
208.3 34.74174 14 1.00000
208.4 34.74358 14 1.00000
208.5 34.74537 14 1.00000
208.6 34.74718 14 1.00000
208.7 34.74902 14 1.00000
208.8 34.75083 14 1.00000
208.9 34.75261 14 1.00000
209.0 34.75441 14 1.00000
209.1 34.75624 14 1.00000
209.2 34.75805 14 1.00000
209.3 34.75985 14 1.00000
209.4 34.76162 14 1.00000
209.5 34.76344 14 1.00000
209.6 34.76521 14 1.00000
209.7 34.76704 14 1.00000
209.8 34.76880 14 1.00000
209.9 34.77062 14 1.00000
210.0 34.77238 14 1.00000
210.1 34.77417 14 1.00000
210.2 34.77599 14 1.00000
210.3 34.77777 14 1.00000
210.4 34.77956 14 1.00000
210.5 34.78131 14 1.00000
210.6 34.78312 14 1.00000
210.7 34.78490 14 1.00000
210.8 34.78668 14 1.00000
210.9 34.78846 14 1.00000
211.0 34.79023 14 1.00000
211.1 34.79201 14 1.00000
211.2 34.79378 14 1.00000
211.3 34.79552 14 1.00000
211.4 34.79729 14 1.00000
211.5 34.79906 14 1.00000
211.6 34.80083 14 1.00000
211.7 34.80259 14 1.00000
211.8 34.80439 14 1.00000
211.9 34.80612 14 1.00000
212.0 34.80791 14 1.00000
212.1 34.80964 14 1.00000
212.2 34.81143 14 1.00000
212.3 34.81316 14 1.00000
212.4 34.81494 14 1.00000
212.5 34.81670 14 1.00000
212.6 34.81845 14 1.00000
212.7 34.82020 14 1.00000
212.8 34.82192 14 1.00000
212.9 34.82370 14 1.00000
213.0 34.82544 14 1.00000
213.1 34.82716 14 1.00000
213.2 34.82890 14 1.00000
213.3 34.76321 14 1.00000
213.4 34.76495 14 1.00000
213.5 34.76670 14 1.00000
213.6 34.76840 14 1.00000
213.7 34.77013 14 1.00000
213.8 34.77185 14 1.00000
213.9 34.77360 14 1.00000
214.0 34.77532 14 1.00000
214.1 34.77701 14 1.00000
214.2 34.77876 14 1.00000
214.3 34.78048 14 1.00000
214.4 34.78219 14 1.00000
214.5 34.78391 14 1.00000
214.6 34.78562 14 1.00000
214.7 34.78733 14 1.00000
214.8 34.78901 14 1.00000
214.9 34.79075 14 1.00000
215.0 34.79243 14 1.00000
215.1 34.79416 14 1.00000
215.2 34.79584 14 1.00000
215.3 34.79757 14 1.00000
215.4 34.79927 14 1.00000
215.5 34.80097 14 1.00000
215.6 34.80267 14 1.00000
215.7 34.80437 14 1.00000
215.8 34.80604 14 1.00000
215.9 34.80776 14 1.00000
216.0 34.80945 14 1.00000
216.1 34.81115 14 1.00000
216.2 34.81281 14 1.00000
216.3 34.81450 14 1.00000
216.4 34.81621 14 1.00000
216.5 34.81787 14 1.00000
216.6 34.81956 14 1.00000
216.7 34.82127 14 1.00000
216.8 34.82292 14 1.00000
216.9 34.82463 14 1.00000
217.0 34.82631 14 1.00000
217.1 34.82799 14 1.00000
217.2 34.82967 14 1.00000
217.3 34.83131 14 1.00000
217.4 34.83302 14 1.00000
217.5 34.83469 14 1.00000
217.6 34.83636 14 1.00000
217.7 34.83803 14 1.00000
217.8 34.83970 14 1.00000
217.9 34.84134 14 1.00000
218.0 34.84301 14 1.00000
218.1 34.84467 14 1.00000
218.2 34.84636 14 1.00000
218.3 34.84802 14 1.00000
218.4 34.84966 14 1.00000
218.5 34.85135 14 1.00000
218.6 34.85297 14 1.00000
218.7 34.85466 14 1.00000
218.8 34.85632 14 1.00000
218.9 34.85797 14 1.00000
219.0 34.85959 14 1.00000
219.1 34.86127 14 1.00000
219.2 34.86290 14 1.00000
219.3 34.86454 14 1.00000
219.4 34.86622 14 1.00000
219.5 34.86784 14 1.00000
219.6 34.86948 14 1.00000
219.7 34.87115 14 1.00000
219.8 34.87280 14 1.00000
219.9 34.87444 14 1.00000
220.0 34.87608 14 1.00000
220.1 34.87772 14 1.00000
220.2 34.87933 14 1.00000
220.3 34.88099 14 1.00000
220.4 34.88262 14 1.00000
220.5 34.88425 14 1.00000
220.6 34.88589 14 1.00000
220.7 34.88749 14 1.00000
220.8 34.88912 14 1.00000
220.9 34.89077 14 1.00000
221.0 34.89237 14 1.00000
221.1 34.89403 14 1.00000
221.2 34.89565 14 1.00000
221.3 34.89727 14 1.00000
221.4 34.89890 14 1.00000
221.5 34.90049 14 1.00000
221.6 34.90213 14 1.00000
221.7 34.90372 14 1.00000
221.8 34.90537 14 1.00000
221.9 34.90696 14 1.00000
222.0 34.90857 14 1.00000
222.1 34.91021 14 1.00000
222.2 34.91179 14 1.00000
222.3 34.91343 14 1.00000
222.4 34.91504 14 1.00000
222.5 34.91662 14 1.00000
222.6 34.91825 14 1.00000
222.7 34.91983 14 1.00000
222.8 34.92143 14 1.00000
222.9 34.92307 14 1.00000
223.0 34.92466 14 1.00000
223.1 34.92627 14 1.00000
223.2 34.92783 14 1.00000
223.3 34.92946 14 1.00000
223.4 34.93103 14 1.00000
223.5 34.93265 14 1.00000
223.6 34.93425 14 1.00000
223.7 34.93584 14 1.00000
223.8 34.93743 14 1.00000
223.9 34.93902 14 1.00000
224.0 34.94061 14 1.00000
224.1 34.94220 14 1.00000
224.2 34.94375 14 1.00000
224.3 34.94534 14 1.00000
224.4 34.94692 14 1.00000
224.5 34.94850 14 1.00000
224.6 34.95008 14 1.00000
224.7 34.95166 14 1.00000
224.8 34.95324 14 1.00000
224.9 34.95485 14 1.00000
225.0 34.95642 14 1.00000
225.1 34.95800 14 1.00000
225.2 34.95955 14 1.00000
225.3 34.96114 14 1.00000
225.4 34.96272 14 1.00000
225.5 34.96426 14 1.00000
225.6 34.96585 14 1.00000
225.7 34.96740 14 1.00000
225.8 34.96899 14 1.00000
225.9 34.97055 14 1.00000
226.0 34.97209 14 1.00000
226.1 34.97365 14 1.00000
226.2 34.97521 14 1.00000
226.3 34.97678 14 1.00000
226.4 34.97833 14 1.00000
226.5 34.97992 14 1.00000
226.6 34.98148 14 1.00000
226.7 34.98300 14 1.00000
226.8 34.98456 14 1.00000
226.9 34.98611 14 1.00000
227.0 34.98769 14 1.00000
227.1 34.98924 14 1.00000
227.2 34.99079 14 1.00000
227.3 34.99234 14 1.00000
227.4 34.99389 14 1.00000
227.5 34.99540 14 1.00000
227.6 34.99695 14 1.00000
227.7 34.99852 14 1.00000
227.8 35.00006 14 1.00000
227.9 35.00160 14 1.00000
228.0 35.00311 14 1.00000
228.1 35.00468 14 1.00000
228.2 35.00622 14 1.00000
228.3 35.00776 14 1.00000
228.4 35.00929 14 1.00000
228.5 35.01083 14 1.00000
228.6 35.01236 14 1.00000
228.7 35.01386 14 1.00000
228.8 35.01539 14 1.00000
228.9 35.01695 14 1.00000
229.0 35.01845 14 1.00000
229.1 35.02001 14 1.00000
229.2 35.02154 14 1.00000
229.3 35.02306 14 1.00000
229.4 35.02459 14 1.00000
229.5 35.02608 14 1.00000
229.6 35.02763 14 1.00000
229.7 35.02913 14 1.00000
229.8 35.03067 14 1.00000
229.9 35.03216 14 1.00000
230.0 35.03368 14 1.00000
230.1 35.03520 14 1.00000
230.2 35.03671 14 1.00000
230.3 35.03825 14 1.00000
230.4 35.03976 14 1.00000
230.5 35.04126 14 1.00000
230.6 35.04276 14 1.00000
230.7 35.04426 14 1.00000
230.8 35.04576 14 1.00000
230.9 35.04723 14 1.00000
231.0 35.04872 14 1.00000
231.1 35.05022 14 1.00000
231.2 35.05171 14 1.00000
231.3 35.05323 14 1.00000
231.4 35.05470 14 1.00000
231.5 35.05619 14 1.00000
231.6 35.05770 14 1.00000
231.7 35.05916 14 1.00000
231.8 35.06065 14 1.00000
231.9 35.06214 14 1.00000
232.0 35.06365 14 1.00000
232.1 35.06513 14 1.00000
232.2 35.06659 14 1.00000
232.3 35.06810 14 1.00000
232.4 35.06955 14 1.00000
232.5 35.07103 14 1.00000
232.6 35.07253 14 1.00000
232.7 35.07398 14 1.00000
232.8 35.07546 14 1.00000
232.9 35.07696 14 1.00000
233.0 35.07841 14 1.00000
233.1 35.07991 14 1.00000
233.2 35.08138 14 1.00000
233.3 35.08285 14 1.00000
233.4 35.08429 14 1.00000
233.5 35.08578 14 1.00000
233.6 35.08725 14 1.00000
233.7 35.08869 14 1.00000
233.8 35.09018 14 1.00000
233.9 35.09165 14 1.00000
234.0 35.09308 14 1.00000
234.1 35.09454 14 1.00000
234.2 35.09603 14 1.00000
234.3 35.09749 14 1.00000
234.4 35.09895 14 1.00000
234.5 35.10038 14 1.00000
234.6 35.10186 14 1.00000
234.7 35.10329 14 1.00000
234.8 35.10477 14 1.00000
234.9 35.10619 14 1.00000
235.0 35.10764 14 1.00000
235.1 35.10910 14 1.00000
235.2 35.11057 14 1.00000
235.3 35.11199 14 1.00000
235.4 35.11347 14 1.00000
235.5 35.11491 14 1.00000
235.6 35.11636 14 1.00000
235.7 35.11780 14 1.00000
235.8 35.11924 14 1.00000
235.9 35.12066 14 1.00000
236.0 35.12213 14 1.00000
236.1 35.12357 14 1.00000
236.2 35.12500 14 1.00000
236.3 35.12644 14 1.00000
236.4 35.12785 14 1.00000
236.5 35.12931 14 1.00000
236.6 35.13075 14 1.00000
236.7 35.13218 14 1.00000
236.8 35.13361 14 1.00000
236.9 35.13501 14 1.00000
237.0 35.13647 14 1.00000
237.1 35.13790 14 1.00000
237.2 35.13930 14 1.00000
237.3 35.14075 14 1.00000
237.4 35.14215 14 1.00000
237.5 35.14360 14 1.00000
237.6 35.14503 14 1.00000
237.7 35.14642 14 1.00000
237.8 35.14785 14 1.00000
237.9 35.14929 14 1.00000
238.0 35.15068 14 1.00000
238.1 35.15213 14 1.00000
238.2 35.15355 14 1.00000
238.3 35.15493 14 1.00000
238.4 35.15638 14 1.00000
238.5 35.15779 14 1.00000
238.6 35.15921 14 1.00000
238.7 35.16062 14 1.00000
238.8 35.16203 14 1.00000
238.9 35.16341 14 1.00000
239.0 35.16484 14 1.00000
239.1 35.16625 14 1.00000
239.2 35.16766 14 1.00000
239.3 35.16907 14 1.00000
239.4 35.17047 14 1.00000
239.5 35.17184 14 1.00000
239.6 35.17328 14 1.00000
239.7 35.17468 14 1.00000
239.8 35.17605 14 1.00000
239.9 35.17748 14 1.00000
240.0 35.17888 14 1.00000
240.1 35.18027 14 1.00000
240.2 35.18167 14 1.00000
240.3 35.18307 14 1.00000
240.4 35.18443 14 1.00000
240.5 35.18586 14 1.00000
240.6 35.18724 14 1.00000
240.7 35.18861 14 1.00000
240.8 35.19003 14 1.00000
240.9 35.19139 14 1.00000
241.0 35.19281 14 1.00000
241.1 35.19419 14 1.00000
241.2 35.19558 14 1.00000
241.3 35.19696 14 1.00000
241.4 35.19835 14 1.00000
241.5 35.19970 14 1.00000
241.6 35.20111 14 1.00000
241.7 35.20249 14 1.00000
241.8 35.13453 14 1.00000
241.9 35.13587 14 1.00000
242.0 35.13727 14 1.00000
242.1 35.13864 14 1.00000
242.2 35.13998 14 1.00000
242.3 35.14137 14 1.00000
242.4 35.14273 14 1.00000
242.5 35.14407 14 1.00000
242.6 35.14546 14 1.00000
242.7 35.14679 14 1.00000
242.8 35.14816 14 1.00000
242.9 35.14954 14 1.00000
243.0 35.15087 14 1.00000
243.1 35.15226 14 1.00000
243.2 35.15359 14 1.00000
243.3 35.15497 14 1.00000
243.4 35.15630 14 1.00000
243.5 35.15765 14 1.00000
243.6 35.15903 14 1.00000
243.7 35.16039 14 1.00000
243.8 35.16174 14 1.00000
243.9 35.16309 14 1.00000
244.0 35.16441 14 1.00000
244.1 35.16576 14 1.00000
244.2 35.16713 14 1.00000
244.3 35.16848 14 1.00000
244.4 35.16982 14 1.00000
244.5 35.17117 14 1.00000
244.6 35.17248 14 1.00000
244.7 35.17382 14 1.00000
244.8 35.17519 14 1.00000
244.9 35.17653 14 1.00000
245.0 35.17787 14 1.00000
245.1 35.17921 14 1.00000
245.2 35.18055 14 1.00000
245.3 35.18188 14 1.00000
245.4 35.18319 14 1.00000
245.5 35.18452 14 1.00000
245.6 35.18586 14 1.00000
245.7 35.18719 14 1.00000
245.8 35.18855 14 1.00000
245.9 35.18985 14 1.00000
246.0 35.19121 14 1.00000
246.1 35.19251 14 1.00000
246.2 35.19386 14 1.00000
246.3 35.19519 14 1.00000
246.4 35.19652 14 1.00000
246.5 35.19784 14 1.00000
246.6 35.19917 14 1.00000
246.7 35.20046 14 1.00000
246.8 35.20181 14 1.00000
246.9 35.20313 14 1.00000
247.0 35.20445 14 1.00000
247.1 35.20574 14 1.00000
247.2 35.20706 14 1.00000
247.3 35.20838 14 1.00000
247.4 35.20972 14 1.00000
247.5 35.21104 14 1.00000
247.6 35.21232 14 1.00000
247.7 35.21366 14 1.00000
247.8 35.21498 14 1.00000
247.9 35.21626 14 1.00000
248.0 35.21757 14 1.00000
248.1 35.21888 14 1.00000
248.2 35.22021 14 1.00000
248.3 35.22150 14 1.00000
248.4 35.22283 14 1.00000
248.5 35.22414 14 1.00000
248.6 35.22544 14 1.00000
248.7 35.22672 14 1.00000
248.8 35.22802 14 1.00000
248.9 35.22935 14 1.00000
249.0 35.23062 14 1.00000
249.1 35.23195 14 1.00000
249.2 35.23325 14 1.00000
249.3 35.23452 14 1.00000
249.4 35.23582 14 1.00000
249.5 35.23714 14 1.00000
249.6 35.23844 14 1.00000
249.7 35.23973 14 1.00000
249.8 35.24103 14 1.00000
249.9 35.24232 14 1.00000
250.0 35.24358 14 1.00000
