15.0 1.26138 13 0.03043
15.1 1.26855 13 0.03091
15.2 1.27556 13 0.03137
15.3 1.28260 13 0.03183
15.4 1.28945 13 0.03228
15.5 1.29654 13 0.03274
15.6 1.30343 13 0.03318
15.7 1.31059 13 0.03363
15.8 1.31753 13 0.03406
15.9 1.32449 13 0.03449
16.0 1.33148 13 0.03492
16.1 1.33849 13 0.03534
16.2 1.34524 13 0.03575
16.3 1.35229 13 0.03617
16.4 1.35937 13 0.03658
16.5 1.36647 13 0.03700
16.6 1.37329 13 0.03739
16.7 1.38044 13 0.03780
16.8 1.38729 13 0.03819
16.9 1.39416 13 0.03857
17.0 1.40103 13 0.03896
17.1 1.40828 13 0.03936
17.2 1.41519 13 0.03973
17.3 1.42212 13 0.04011
17.4 1.42906 13 0.04048
17.5 1.43563 13 0.04083
17.6 1.44259 13 0.04120
17.7 1.44958 13 0.04157
17.8 1.45658 13 0.04193
17.9 1.46317 13 0.04227
18.0 1.47020 13 0.04263
18.1 1.47725 13 0.04299
18.2 1.48385 13 0.04332
18.3 1.49093 13 0.04367
18.4 1.49755 13 0.04400
18.5 1.50417 13 0.04433
18.6 1.51129 13 0.04467
18.7 1.51792 13 0.04500
18.8 1.52456 13 0.04531
18.9 1.53119 13 0.04563
19.0 1.53838 13 0.04597
19.1 1.54503 13 0.04628
19.2 1.55168 13 0.04659
19.3 1.55834 13 0.04690
19.4 1.56500 13 0.04721
19.5 1.57167 13 0.04751
19.6 1.57834 13 0.04781
19.7 1.58501 13 0.04811
19.8 1.59168 13 0.04841
19.9 1.59837 13 0.04871
20.0 1.60505 13 0.04900
20.1 1.61174 13 0.04930
20.2 1.61844 13 0.04959
20.3 1.62514 13 0.04988
20.4 1.63115 13 0.05013
20.5 1.63785 13 0.05042
20.6 1.64455 13 0.05070
20.7 1.65126 13 0.05099
20.8 1.65724 13 0.05124
20.9 1.66395 13 0.05152
21.0 1.67067 13 0.05179
21.1 1.67662 13 0.05204
21.2 1.68334 13 0.05231
21.3 1.69006 13 0.05259
21.4 1.69599 13 0.05282
21.5 1.70272 13 0.05309
21.6 1.70945 13 0.05336
21.7 1.71535 13 0.05360
21.8 1.72209 13 0.05386
21.9 1.72797 13 0.05409
22.0 1.73471 13 0.05435
22.1 1.74057 13 0.05458
22.2 1.74731 13 0.05484
22.3 1.75315 13 0.05507
22.4 1.75990 13 0.05532
22.5 1.76572 13 0.05554
22.6 1.77247 13 0.05580
22.7 1.77827 13 0.05602
22.8 1.78503 13 0.05627
22.9 1.79081 13 0.05648
23.0 1.79757 13 0.05673
23.1 1.80333 13 0.05694
23.2 1.80908 13 0.05715
23.3 1.81585 13 0.05740
23.4 1.82157 13 0.05761
23.5 1.82835 13 0.05785
23.6 1.83405 13 0.05806
23.7 1.83975 13 0.05826
23.8 1.84652 13 0.05850
23.9 1.85220 13 0.05870
24.0 1.85786 13 0.05890
24.1 1.86805 13 0.05937
24.2 1.87672 13 0.05978
24.3 1.88541 13 0.06018
24.4 1.89594 13 0.06067
24.5 1.90468 13 0.06108
24.6 1.91344 13 0.06148
24.7 1.92165 13 0.06181
24.8 18.40234 14 1.00000
24.9 18.45255 14 1.00000
25.0 18.50260 14 1.00000
25.1 18.56384 14 1.00000
25.2 18.61363 14 1.00000
25.3 18.66325 14 1.00000
25.4 18.71270 14 1.00000
25.5 18.77377 14 1.00000
25.6 18.82297 14 1.00000
25.7 18.87202 14 1.00000
25.8 18.92090 14 1.00000
25.9 18.96960 14 1.00000
26.0 19.03043 14 1.00000
26.1 19.07876 14 1.00000
26.2 19.12623 14 1.00000
26.3 19.17354 14 1.00000
26.4 19.22067 14 1.00000
26.5 19.28023 14 1.00000
26.6 19.32713 14 1.00000
26.7 19.37381 14 1.00000
26.8 19.42034 14 1.00000
26.9 19.46670 14 1.00000
27.0 19.51290 14 1.00000
27.1 19.57213 14 1.00000
27.2 19.61807 14 1.00000
27.3 19.66384 14 1.00000
27.4 19.70945 14 1.00000
27.5 19.75490 14 1.00000
27.6 19.80020 14 1.00000
27.7 19.85910 14 1.00000
27.8 19.90413 14 1.00000
27.9 19.94901 14 1.00000
28.0 19.99373 14 1.00000
28.1 20.03830 14 1.00000
28.2 20.08271 14 1.00000
28.3 20.12695 14 1.00000
28.4 20.17101 14 1.00000
28.5 20.22947 14 1.00000
28.6 20.27333 14 1.00000
28.7 20.31703 14 1.00000
28.8 20.36059 14 1.00000
28.9 20.40397 14 1.00000
29.0 20.44718 14 1.00000
29.1 5.51781 14 0.23572
29.2 5.60572 14 0.23968
29.3 5.69395 14 0.24365
29.4 5.78250 14 0.24761
29.5 5.90395 14 0.25302
29.6 5.99354 14 0.25700
29.7 6.08343 14 0.26098
29.8 6.17363 14 0.26496
29.9 6.26413 14 0.26894
30.0 6.35492 14 0.27292
30.1 6.44601 14 0.27690
30.2 6.53738 14 0.28088
30.3 6.62904 14 0.28486
30.4 6.72098 14 0.28884
30.5 6.81319 14 0.29282
30.6 6.90568 14 0.29680
30.7 6.99845 14 0.30078
30.8 7.09147 14 0.30476
30.9 7.22367 14 0.31039
31.0 7.31767 14 0.31438
31.1 7.41193 14 0.31837
31.2 7.50644 14 0.32235
31.3 7.60120 14 0.32634
31.4 7.69621 14 0.33032
31.5 7.79147 14 0.33431
31.6 7.88697 14 0.33829
31.7 7.98270 14 0.34227
31.8 8.07867 14 0.34625
31.9 8.17487 14 0.35023
32.0 8.27130 14 0.35421
32.1 8.36795 14 0.35818
32.2 8.46483 14 0.36215
32.3 8.56192 14 0.36612
32.4 8.65924 14 0.37009
32.5 8.75677 14 0.37406
32.6 8.85451 14 0.37802
32.7 8.95245 14 0.38199
32.8 9.05059 14 0.38595
32.9 9.14894 14 0.38990
33.0 9.24748 14 0.39386
33.1 9.34622 14 0.39781
33.2 9.44515 14 0.40176
33.3 9.54428 14 0.40571
33.4 9.64359 14 0.40965
33.5 9.74308 14 0.41360
33.6 9.89490 14 0.41959
33.7 9.99525 14 0.42354
33.8 10.09578 14 0.42749
33.9 10.19648 14 0.43144
34.0 10.29736 14 0.43538
34.1 10.39841 14 0.43932
34.2 10.49963 14 0.44326
34.3 10.60101 14 0.44719
34.4 10.70255 14 0.45112
34.5 10.80426 14 0.45505
34.6 10.90612 14 0.45897
34.7 11.00812 14 0.46289
34.8 11.11028 14 0.46681
34.9 11.21258 14 0.47073
35.0 11.31504 14 0.47464
35.1 11.41763 14 0.47854
35.2 11.52038 14 0.48245
35.3 11.62327 14 0.48635
35.4 11.72630 14 0.49024
35.5 11.82946 14 0.49414
35.6 11.93276 14 0.49802
35.7 12.03619 14 0.50191
35.8 12.13975 14 0.50579
35.9 12.24342 14 0.50967
36.0 12.34721 14 0.51354
36.1 12.45113 14 0.51741
36.2 12.55516 14 0.52128
36.3 12.65931 14 0.52514
36.4 12.76358 14 0.52900
36.5 12.86796 14 0.53286
36.6 12.97246 14 0.53671
36.7 13.07706 14 0.54055
36.8 13.18178 14 0.54440
36.9 13.28660 14 0.54823
37.0 13.39152 14 0.55207
37.1 13.49655 14 0.55590
37.2 13.60167 14 0.55972
37.3 13.70687 14 0.56354
37.4 13.81217 14 0.56736
37.5 13.91757 14 0.57118
37.6 14.02306 14 0.57498
37.7 14.12865 14 0.57879
37.8 14.23432 14 0.58259
37.9 14.34008 14 0.58639
38.0 14.44593 14 0.59018
38.1 14.55186 14 0.59397
38.2 14.65787 14 0.59775
38.3 14.76396 14 0.60153
38.4 14.87013 14 0.60530
38.5 14.97637 14 0.60907
38.6 15.08269 14 0.61284
38.7 15.18908 14 0.61660
38.8 15.21489 14 0.61751
38.9 15.32082 14 0.62124
39.0 15.42680 14 0.62497
39.1 15.53286 14 0.62870
39.2 15.63897 14 0.63242
39.3 15.74515 14 0.63614
39.4 15.85138 14 0.63985
39.5 15.95767 14 0.64356
39.6 16.06404 14 0.64727
39.7 16.17045 14 0.65097
39.8 16.27693 14 0.65466
39.9 16.38346 14 0.65835
40.0 16.49003 14 0.66204
40.1 16.59665 14 0.66572
40.2 16.70332 14 0.66939
40.3 16.81004 14 0.67306
40.4 16.91681 14 0.67673
40.5 17.02361 14 0.68039
40.6 17.13046 14 0.68405
40.7 17.23738 14 0.68770
40.8 17.34431 14 0.69135
40.9 17.45129 14 0.69499
41.0 17.55829 14 0.69863
41.1 17.66534 14 0.70226
41.2 17.77242 14 0.70589
41.3 17.87953 14 0.70951
41.4 17.98667 14 0.71313
41.5 18.09385 14 0.71675
41.6 18.20107 14 0.72036
41.7 18.30831 14 0.72396
41.8 18.41559 14 0.72756
41.9 18.52290 14 0.73116
42.0 18.63022 14 0.73475
42.1 18.73756 14 0.73833
42.2 18.84492 14 0.74191
42.3 18.95232 14 0.74549
42.4 19.05972 14 0.74906
42.5 19.16715 14 0.75262
42.6 19.27459 14 0.75618
42.7 19.38206 14 0.75974
42.8 19.48953 14 0.76329
42.9 19.59702 14 0.76683
43.0 19.70452 14 0.77037
43.1 19.81202 14 0.77391
43.2 19.91951 14 0.77744
43.3 19.91962 14 0.77744
43.4 20.02650 14 0.78095
43.5 20.13339 14 0.78445
43.6 20.24030 14 0.78795
43.7 20.34721 14 0.79144
43.8 20.45414 14 0.79492
43.9 20.56107 14 0.79840
44.0 20.66799 14 0.80188
44.1 20.77492 14 0.80535
44.2 20.88185 14 0.80882
44.3 20.98876 14 0.81228
44.4 21.09569 14 0.81573
44.5 21.20260 14 0.81918
44.6 21.30951 14 0.82263
44.7 21.41643 14 0.82607
44.8 21.52333 14 0.82951
44.9 21.63023 14 0.83294
45.0 21.73712 14 0.83636
45.1 21.84400 14 0.83978
45.2 21.95086 14 0.84320
45.3 22.05771 14 0.84661
45.4 22.16456 14 0.85002
45.5 22.27141 14 0.85342
45.6 22.37825 14 0.85681
45.7 22.48508 14 0.86021
45.8 22.59189 14 0.86359
45.9 22.69869 14 0.86697
46.0 22.80546 14 0.87035
46.1 22.91223 14 0.87372
46.2 23.01898 14 0.87709
46.3 23.12570 14 0.88045
46.4 23.23238 14 0.88381
46.5 23.21197 14 0.88316
46.6 23.31796 14 0.88650
46.7 23.42393 14 0.88982
46.8 23.52986 14 0.89314
46.9 23.63579 14 0.89646
47.0 23.74168 14 0.89977
47.1 23.84754 14 0.90308
47.2 23.95338 14 0.90638
47.3 24.05920 14 0.90967
47.4 24.16500 14 0.91297
47.5 24.27076 14 0.91625
47.6 24.37652 14 0.91954
47.7 24.48224 14 0.92281
47.8 24.58793 14 0.92608
47.9 24.69360 14 0.92935
48.0 24.79922 14 0.93261
48.1 24.90483 14 0.93587
48.2 25.01039 14 0.93912
48.3 25.11594 14 0.94237
48.4 25.22143 14 0.94562
48.5 25.32691 14 0.94885
48.6 25.43234 14 0.95209
48.7 25.53773 14 0.95531
48.8 25.64310 14 0.95854
48.9 25.74841 14 0.96176
49.0 25.85370 14 0.96497
49.1 25.95895 14 0.96818
49.2 26.06416 14 0.97138
49.3 26.16932 14 0.97458
49.4 26.27446 14 0.97777
49.5 26.23374 14 0.97654
49.6 26.33814 14 0.97971
49.7 26.44251 14 0.98287
49.8 26.54683 14 0.98603
49.9 26.65111 14 0.98919
50.0 26.75534 14 0.99234
50.1 26.85954 14 0.99548
50.2 26.96368 14 0.99862
50.3 27.02187 14 1.00000
50.4 27.04405 14 1.00000
50.5 27.06616 14 1.00000
50.6 27.08821 14 1.00000
50.7 27.11020 14 1.00000
50.8 27.13213 14 1.00000
50.9 27.15401 14 1.00000
51.0 27.17581 14 1.00000
51.1 27.19759 14 1.00000
51.2 27.21929 14 1.00000
51.3 27.24094 14 1.00000
51.4 27.26254 14 1.00000
51.5 27.28407 14 1.00000
51.6 27.30556 14 1.00000
51.7 27.32699 14 1.00000
51.8 27.34836 14 1.00000
51.9 27.36965 14 1.00000
52.0 27.39090 14 1.00000
52.1 27.41211 14 1.00000
52.2 27.43325 14 1.00000
52.3 27.45434 14 1.00000
52.4 27.44189 14 1.00000
52.5 27.46280 14 1.00000
52.6 27.48366 14 1.00000
52.7 27.50446 14 1.00000
52.8 27.52521 14 1.00000
52.9 27.54589 14 1.00000
53.0 27.56654 14 1.00000
53.1 27.58713 14 1.00000
53.2 27.60769 14 1.00000
53.3 27.62816 14 1.00000
53.4 27.64862 14 1.00000
53.5 27.66899 14 1.00000
53.6 27.68934 14 1.00000
53.7 27.70962 14 1.00000
53.8 27.72984 14 1.00000
53.9 27.75005 14 1.00000
54.0 27.77017 14 1.00000
54.1 27.79027 14 1.00000
54.2 27.81031 14 1.00000
54.3 27.83028 14 1.00000
54.4 27.85023 14 1.00000
54.5 27.87012 14 1.00000
54.6 27.88994 14 1.00000
54.7 27.90975 14 1.00000
54.8 27.92947 14 1.00000
54.9 27.94918 14 1.00000
55.0 27.96881 14 1.00000
55.1 27.98840 14 1.00000
55.2 28.00796 14 1.00000
55.3 27.99216 14 1.00000
55.4 28.01154 14 1.00000
55.5 28.03086 14 1.00000
55.6 28.05015 14 1.00000
55.7 28.06941 14 1.00000
55.8 28.08860 14 1.00000
55.9 28.10775 14 1.00000
56.0 28.12683 14 1.00000
56.1 28.14589 14 1.00000
56.2 28.16490 14 1.00000
56.3 28.18388 14 1.00000
56.4 28.20280 14 1.00000
56.5 28.22166 14 1.00000
56.6 28.24051 14 1.00000
56.7 28.25929 14 1.00000
56.8 28.27803 14 1.00000
56.9 28.29672 14 1.00000
57.0 28.31535 14 1.00000
57.1 28.33396 14 1.00000
57.2 28.35253 14 1.00000
57.3 28.37104 14 1.00000
57.4 28.38950 14 1.00000
57.5 28.40792 14 1.00000
57.6 28.42632 14 1.00000
57.7 28.44466 14 1.00000
57.8 28.46294 14 1.00000
57.9 28.48120 14 1.00000
58.0 28.49941 14 1.00000
58.1 28.51757 14 1.00000
58.2 28.49866 14 1.00000
58.3 28.51669 14 1.00000
58.4 28.53466 14 1.00000
58.5 28.55258 14 1.00000
58.6 28.57048 14 1.00000
58.7 28.58833 14 1.00000
58.8 28.60614 14 1.00000
58.9 28.62391 14 1.00000
59.0 28.64161 14 1.00000
59.1 28.65931 14 1.00000
59.2 28.67694 14 1.00000
59.3 28.69454 14 1.00000
59.4 28.71211 14 1.00000
59.5 28.72963 14 1.00000
59.6 28.74709 14 1.00000
59.7 28.76452 14 1.00000
59.8 28.78194 14 1.00000
59.9 28.79929 14 1.00000
60.0 28.81659 14 1.00000
60.1 28.83388 14 1.00000
60.2 28.85112 14 1.00000
60.3 28.86831 14 1.00000
60.4 28.88545 14 1.00000
60.5 28.90257 14 1.00000
60.6 28.91966 14 1.00000
60.7 28.93671 14 1.00000
60.8 28.95373 14 1.00000
60.9 28.97070 14 1.00000
61.0 28.98763 14 1.00000
61.1 29.00451 14 1.00000
61.2 28.98265 14 1.00000
61.3 28.99941 14 1.00000
61.4 29.01613 14 1.00000
61.5 29.03281 14 1.00000
61.6 29.04944 14 1.00000
61.7 29.06604 14 1.00000
61.8 29.08261 14 1.00000
61.9 29.09916 14 1.00000
62.0 29.11566 14 1.00000
62.1 29.13211 14 1.00000
62.2 29.14853 14 1.00000
62.3 29.16490 14 1.00000
62.4 29.18126 14 1.00000
62.5 29.19755 14 1.00000
62.6 29.21384 14 1.00000
62.7 29.23006 14 1.00000
62.8 29.24626 14 1.00000
62.9 29.26244 14 1.00000
63.0 29.27857 14 1.00000
63.1 29.29464 14 1.00000
63.2 29.31070 14 1.00000
63.3 29.32672 14 1.00000
63.4 29.34271 14 1.00000
63.5 29.35868 14 1.00000
63.6 29.37460 14 1.00000
63.7 29.39049 14 1.00000
63.8 29.40634 14 1.00000
63.9 29.42215 14 1.00000
64.0 29.43793 14 1.00000
64.1 29.45367 14 1.00000
64.2 29.46938 14 1.00000
64.3 29.44465 14 1.00000
64.4 29.46023 14 1.00000
64.5 29.47576 14 1.00000
64.6 29.49129 14 1.00000
64.7 29.50677 14 1.00000
64.8 29.52222 14 1.00000
64.9 29.53763 14 1.00000
65.0 29.55301 14 1.00000
65.1 29.56834 14 1.00000
65.2 29.58365 14 1.00000
65.3 29.59893 14 1.00000
65.4 29.61417 14 1.00000
65.5 29.62940 14 1.00000
65.6 29.64456 14 1.00000
65.7 29.65973 14 1.00000
65.8 29.67484 14 1.00000
65.9 29.68992 14 1.00000
66.0 29.70497 14 1.00000
66.1 29.72000 14 1.00000
66.2 29.73499 14 1.00000
66.3 29.74993 14 1.00000
66.4 29.76485 14 1.00000
66.5 29.77975 14 1.00000
66.6 29.79461 14 1.00000
66.7 29.80946 14 1.00000
66.8 29.82426 14 1.00000
66.9 29.83902 14 1.00000
67.0 29.85376 14 1.00000
67.1 29.86847 14 1.00000
67.2 29.88312 14 1.00000
67.3 29.89778 14 1.00000
67.4 29.91237 14 1.00000
67.5 29.88491 14 1.00000
67.6 29.89941 14 1.00000
67.7 29.91389 14 1.00000
67.8 29.92832 14 1.00000
67.9 29.94272 14 1.00000
68.0 29.95709 14 1.00000
68.1 29.97142 14 1.00000
68.2 29.98575 14 1.00000
68.3 30.00001 14 1.00000
68.4 30.01428 14 1.00000
68.5 30.02850 14 1.00000
68.6 30.04269 14 1.00000
68.7 30.05686 14 1.00000
68.8 30.07099 14 1.00000
68.9 30.08508 14 1.00000
69.0 30.09917 14 1.00000
69.1 30.11321 14 1.00000
69.2 30.12725 14 1.00000
69.3 30.14124 14 1.00000
69.4 30.15520 14 1.00000
69.5 30.16914 14 1.00000
69.6 30.18305 14 1.00000
69.7 30.19692 14 1.00000
69.8 30.21077 14 1.00000
69.9 30.22459 14 1.00000
70.0 30.23837 14 1.00000
70.1 30.25215 14 1.00000
70.2 30.26587 14 1.00000
70.3 30.27959 14 1.00000
70.4 30.29327 14 1.00000
70.5 30.30691 14 1.00000
70.6 30.32053 14 1.00000
70.7 30.33415 14 1.00000
70.8 30.30407 14 1.00000
70.9 30.31756 14 1.00000
71.0 30.33102 14 1.00000
71.1 30.34445 14 1.00000
71.2 30.35786 14 1.00000
71.3 30.37123 14 1.00000
71.4 30.38457 14 1.00000
71.5 30.39791 14 1.00000
71.6 30.41121 14 1.00000
71.7 30.42448 14 1.00000
71.8 30.43772 14 1.00000
71.9 30.45094 14 1.00000
72.0 30.46414 14 1.00000
72.1 30.47731 14 1.00000
72.2 30.49045 14 1.00000
72.3 30.50357 14 1.00000
72.4 30.51666 14 1.00000
72.5 30.52972 14 1.00000
72.6 30.54276 14 1.00000
72.7 30.55577 14 1.00000
72.8 30.56876 14 1.00000
72.9 30.58172 14 1.00000
73.0 30.59464 14 1.00000
73.1 30.60757 14 1.00000
73.2 30.62043 14 1.00000
73.3 30.63331 14 1.00000
73.4 30.64612 14 1.00000
73.5 30.65895 14 1.00000
73.6 30.67173 14 1.00000
73.7 30.68448 14 1.00000
73.8 30.69720 14 1.00000
73.9 30.70989 14 1.00000
74.0 30.72256 14 1.00000
74.1 30.73521 14 1.00000
74.2 30.74783 14 1.00000
74.3 30.76042 14 1.00000
74.4 30.72773 14 1.00000
74.5 30.74020 14 1.00000
74.6 30.75269 14 1.00000
74.7 30.76512 14 1.00000
74.8 30.77754 14 1.00000
74.9 30.78996 14 1.00000
75.0 30.80231 14 1.00000
75.1 30.81468 14 1.00000
75.2 30.82699 14 1.00000
75.3 30.83929 14 1.00000
75.4 30.85159 14 1.00000
75.5 30.86385 14 1.00000
75.6 30.87609 14 1.00000
75.7 30.88830 14 1.00000
75.8 30.90049 14 1.00000
75.9 30.91265 14 1.00000
76.0 30.92479 14 1.00000
76.1 30.93691 14 1.00000
76.2 30.94898 14 1.00000
76.3 30.96105 14 1.00000
76.4 30.97312 14 1.00000
76.5 30.98512 14 1.00000
76.6 30.99712 14 1.00000
76.7 31.00912 14 1.00000
76.8 31.02106 14 1.00000
76.9 31.03299 14 1.00000
77.0 31.04490 14 1.00000
77.1 31.05681 14 1.00000
77.2 31.06867 14 1.00000
77.3 31.08051 14 1.00000
77.4 31.09231 14 1.00000
77.5 31.10411 14 1.00000
77.6 31.11591 14 1.00000
77.7 31.12764 14 1.00000
77.8 31.13937 14 1.00000
77.9 31.15110 14 1.00000
78.0 31.16276 14 1.00000
78.1 31.12758 14 1.00000
78.2 31.13917 14 1.00000
78.3 31.15074 14 1.00000
78.4 31.16227 14 1.00000
78.5 31.17380 14 1.00000
78.6 31.18531 14 1.00000
78.7 31.19682 14 1.00000
78.8 31.20829 14 1.00000
78.9 31.21972 14 1.00000
79.0 31.23116 14 1.00000
79.1 31.24257 14 1.00000
79.2 31.25395 14 1.00000
79.3 31.26531 14 1.00000
79.4 31.27663 14 1.00000
79.5 31.28798 14 1.00000
79.6 31.29927 14 1.00000
79.7 31.31055 14 1.00000
79.8 31.32181 14 1.00000
79.9 31.33305 14 1.00000
80.0 31.34426 14 1.00000
80.1 31.35544 14 1.00000
80.2 31.36661 14 1.00000
80.3 31.37776 14 1.00000
80.4 31.38890 14 1.00000
80.5 31.40001 14 1.00000
80.6 31.41112 14 1.00000
80.7 31.42220 14 1.00000
80.8 31.43325 14 1.00000
80.9 31.44426 14 1.00000
81.0 31.45527 14 1.00000
81.1 31.46626 14 1.00000
81.2 31.47725 14 1.00000
81.3 31.48818 14 1.00000
81.4 31.49911 14 1.00000
81.5 31.51005 14 1.00000
81.6 31.52094 14 1.00000
81.7 31.53182 14 1.00000
81.8 31.54265 14 1.00000
81.9 31.55351 14 1.00000
82.0 31.51581 14 1.00000
82.1 31.52656 14 1.00000
82.2 31.53729 14 1.00000
82.3 31.54800 14 1.00000
82.4 31.55870 14 1.00000
82.5 31.56939 14 1.00000
82.6 31.58005 14 1.00000
82.7 31.59066 14 1.00000
82.8 31.60130 14 1.00000
82.9 31.61188 14 1.00000
83.0 31.62248 14 1.00000
83.1 31.63302 14 1.00000
83.2 31.64358 14 1.00000
83.3 31.65410 14 1.00000
83.4 31.66459 14 1.00000
83.5 31.67507 14 1.00000
83.6 31.68556 14 1.00000
83.7 31.69601 14 1.00000
83.8 31.70642 14 1.00000
83.9 31.71685 14 1.00000
84.0 31.72724 14 1.00000
84.1 31.73760 14 1.00000
84.2 31.74795 14 1.00000
84.3 31.75831 14 1.00000
84.4 31.76861 14 1.00000
84.5 31.77891 14 1.00000
84.6 31.78922 14 1.00000
84.7 31.79946 14 1.00000
84.8 31.80973 14 1.00000
84.9 31.81996 14 1.00000
85.0 31.83017 14 1.00000
85.1 31.84037 14 1.00000
85.2 31.85054 14 1.00000
85.3 31.86070 14 1.00000
85.4 31.87084 14 1.00000
85.5 31.88095 14 1.00000
85.6 31.89108 14 1.00000
85.7 31.90115 14 1.00000
85.8 31.91123 14 1.00000
85.9 31.92131 14 1.00000
86.0 31.93133 14 1.00000
86.1 31.94137 14 1.00000
86.2 31.90122 14 1.00000
86.3 31.91114 14 1.00000
86.4 31.92107 14 1.00000
86.5 31.93098 14 1.00000
86.6 31.94089 14 1.00000
86.7 31.95073 14 1.00000
86.8 31.96056 14 1.00000
86.9 31.97038 14 1.00000
87.0 31.98021 14 1.00000
87.1 31.99000 14 1.00000
87.2 31.99977 14 1.00000
87.3 32.00952 14 1.00000
87.4 32.01924 14 1.00000
87.5 32.02898 14 1.00000
87.6 32.03866 14 1.00000
87.7 32.04837 14 1.00000
87.8 32.05804 14 1.00000
87.9 32.06770 14 1.00000
88.0 32.07731 14 1.00000
88.1 32.08695 14 1.00000
88.2 32.09653 14 1.00000
88.3 32.10612 14 1.00000
88.4 32.11572 14 1.00000
88.5 32.12525 14 1.00000
88.6 32.13481 14 1.00000
88.7 32.14433 14 1.00000
88.8 32.15382 14 1.00000
88.9 32.16331 14 1.00000
89.0 32.17281 14 1.00000
89.1 32.18226 14 1.00000
89.2 32.19168 14 1.00000
89.3 32.20113 14 1.00000
89.4 32.21052 14 1.00000
89.5 32.21994 14 1.00000
89.6 32.22932 14 1.00000
89.7 32.23867 14 1.00000
89.8 32.24802 14 1.00000
89.9 32.25736 14 1.00000
90.0 32.26670 14 1.00000
90.1 32.27601 14 1.00000
90.2 32.28530 14 1.00000
90.3 32.29457 14 1.00000
90.4 32.30383 14 1.00000
90.5 32.31308 14 1.00000
90.6 32.32230 14 1.00000
90.7 32.27980 14 1.00000
90.8 32.28894 14 1.00000
90.9 32.29810 14 1.00000
91.0 32.30722 14 1.00000
91.1 32.31631 14 1.00000
91.2 32.32543 14 1.00000
91.3 32.33451 14 1.00000
91.4 32.34357 14 1.00000
91.5 32.35262 14 1.00000
91.6 32.36166 14 1.00000
91.7 32.37067 14 1.00000
91.8 32.37966 14 1.00000
91.9 32.38865 14 1.00000
92.0 32.39762 14 1.00000
92.1 32.40658 14 1.00000
92.2 32.41553 14 1.00000
92.3 32.42446 14 1.00000
92.4 32.43340 14 1.00000
92.5 32.44230 14 1.00000
92.6 32.45117 14 1.00000
92.7 32.46006 14 1.00000
92.8 32.46892 14 1.00000
92.9 32.47776 14 1.00000
93.0 32.48657 14 1.00000
93.1 32.49539 14 1.00000
93.2 32.50421 14 1.00000
93.3 32.51300 14 1.00000
93.4 32.52177 14 1.00000
93.5 32.53051 14 1.00000
93.6 32.53927 14 1.00000
93.7 32.54798 14 1.00000
93.8 32.55672 14 1.00000
93.9 32.56542 14 1.00000
94.0 32.57411 14 1.00000
94.1 32.58277 14 1.00000
94.2 32.59143 14 1.00000
94.3 32.60011 14 1.00000
94.4 32.60874 14 1.00000
94.5 32.61737 14 1.00000
94.6 32.62595 14 1.00000
94.7 32.63457 14 1.00000
94.8 32.64315 14 1.00000
94.9 32.65172 14 1.00000
95.0 32.66025 14 1.00000
95.1 32.66879 14 1.00000
95.2 32.67734 14 1.00000
95.3 32.68586 14 1.00000
95.4 32.69436 14 1.00000
95.5 32.64946 14 1.00000
95.6 32.65789 14 1.00000
95.7 32.66629 14 1.00000
95.8 32.67472 14 1.00000
95.9 32.68311 14 1.00000
96.0 32.69149 14 1.00000
96.1 32.69985 14 1.00000
96.2 32.70818 14 1.00000
96.3 32.71655 14 1.00000
96.4 32.72485 14 1.00000
96.5 32.73318 14 1.00000
96.6 32.74149 14 1.00000
96.7 32.74975 14 1.00000
96.8 32.75805 14 1.00000
96.9 32.76630 14 1.00000
97.0 32.77455 14 1.00000
97.1 32.78279 14 1.00000
97.2 32.79099 14 1.00000
97.3 32.79922 14 1.00000
97.4 32.80742 14 1.00000
97.5 32.81560 14 1.00000
97.6 32.82373 14 1.00000
97.7 32.83189 14 1.00000
97.8 32.83999 14 1.00000
97.9 32.84813 14 1.00000
98.0 32.85622 14 1.00000
98.1 32.86431 14 1.00000
98.2 32.87238 14 1.00000
98.3 32.88044 14 1.00000
98.4 32.88846 14 1.00000
98.5 32.89652 14 1.00000
98.6 32.90454 14 1.00000
98.7 32.91253 14 1.00000
98.8 32.92056 14 1.00000
98.9 32.92855 14 1.00000
99.0 32.93650 14 1.00000
99.1 32.94447 14 1.00000
99.2 32.95244 14 1.00000
99.3 32.96038 14 1.00000
99.4 32.96828 14 1.00000
99.5 32.97620 14 1.00000
99.6 32.98410 14 1.00000
99.7 32.99202 14 1.00000
99.8 32.99990 14 1.00000
99.9 33.00776 14 1.00000
100.0 33.01559 14 1.00000
100.1 33.02346 14 1.00000
100.2 33.03127 14 1.00000
100.3 33.03911 14 1.00000
100.4 33.04692 14 1.00000
100.5 33.05469 14 1.00000
100.6 33.06247 14 1.00000
100.7 33.01534 14 1.00000
100.8 33.02306 14 1.00000
100.9 33.03075 14 1.00000
101.0 33.03847 14 1.00000
101.1 33.04613 14 1.00000
101.2 33.05383 14 1.00000
101.3 33.06149 14 1.00000
101.4 33.06912 14 1.00000
101.5 33.07678 14 1.00000
101.6 33.08441 14 1.00000
101.7 33.09203 14 1.00000
101.8 33.09961 14 1.00000
101.9 33.10722 14 1.00000
102.0 33.11481 14 1.00000
102.1 33.12238 14 1.00000
102.2 33.12991 14 1.00000
102.3 33.13748 14 1.00000
102.4 33.14500 14 1.00000
102.5 33.15252 14 1.00000
102.6 33.16004 14 1.00000
102.7 33.16756 14 1.00000
102.8 33.17505 14 1.00000
102.9 33.18253 14 1.00000
103.0 33.18998 14 1.00000
103.1 33.19746 14 1.00000
103.2 33.20491 14 1.00000
103.3 33.21234 14 1.00000
103.4 33.21974 14 1.00000
103.5 33.22718 14 1.00000
103.6 33.23458 14 1.00000
103.7 33.24197 14 1.00000
103.8 33.24936 14 1.00000
103.9 33.25671 14 1.00000
104.0 33.26410 14 1.00000
104.1 33.27145 14 1.00000
104.2 33.27877 14 1.00000
104.3 33.28609 14 1.00000
104.4 33.29344 14 1.00000
104.5 33.30075 14 1.00000
104.6 33.30804 14 1.00000
104.7 33.31531 14 1.00000
104.8 33.32258 14 1.00000
104.9 33.32985 14 1.00000
105.0 33.33713 14 1.00000
105.1 33.34437 14 1.00000
105.2 33.35158 14 1.00000
105.3 33.35881 14 1.00000
105.4 33.36602 14 1.00000
105.5 33.37324 14 1.00000
105.6 33.38043 14 1.00000
105.7 33.38762 14 1.00000
105.8 33.39478 14 1.00000
105.9 33.40194 14 1.00000
106.0 33.40909 14 1.00000
106.1 33.41623 14 1.00000
106.2 33.42336 14 1.00000
106.3 33.37384 14 1.00000
106.4 33.38091 14 1.00000
106.5 33.38795 14 1.00000
106.6 33.39502 14 1.00000
106.7 33.40204 14 1.00000
106.8 33.40910 14 1.00000
106.9 33.41612 14 1.00000
107.0 33.42313 14 1.00000
107.1 33.43013 14 1.00000
107.2 33.43713 14 1.00000
107.3 33.44408 14 1.00000
107.4 33.45108 14 1.00000
107.5 33.45802 14 1.00000
107.6 33.46499 14 1.00000
107.7 33.47193 14 1.00000
107.8 33.47886 14 1.00000
107.9 33.48576 14 1.00000
108.0 33.49270 14 1.00000
108.1 33.49960 14 1.00000
108.2 33.50647 14 1.00000
108.3 33.51337 14 1.00000
108.4 33.52024 14 1.00000
108.5 33.52711 14 1.00000
108.6 33.53394 14 1.00000
108.7 33.54079 14 1.00000
108.8 33.54758 14 1.00000
108.9 33.55438 14 1.00000
109.0 33.56117 14 1.00000
109.1 33.56796 14 1.00000
109.2 33.57475 14 1.00000
109.3 33.58151 14 1.00000
109.4 33.58825 14 1.00000
109.5 33.59499 14 1.00000
109.6 33.60173 14 1.00000
109.7 33.60846 14 1.00000
109.8 33.61520 14 1.00000
109.9 33.62191 14 1.00000
110.0 33.62860 14 1.00000
110.1 33.63530 14 1.00000
110.2 33.64198 14 1.00000
110.3 33.64864 14 1.00000
110.4 33.65528 14 1.00000
110.5 33.66193 14 1.00000
110.6 33.66860 14 1.00000
110.7 33.67521 14 1.00000
110.8 33.68185 14 1.00000
110.9 33.68847 14 1.00000
111.0 33.69508 14 1.00000
111.1 33.70165 14 1.00000
111.2 33.70823 14 1.00000
111.3 33.71483 14 1.00000
111.4 33.72140 14 1.00000
111.5 33.72796 14 1.00000
111.6 33.73451 14 1.00000
111.7 33.74105 14 1.00000
111.8 33.74758 14 1.00000
111.9 33.75408 14 1.00000
112.0 33.76059 14 1.00000
112.1 33.76710 14 1.00000
112.2 33.77359 14 1.00000
112.3 33.78010 14 1.00000
112.4 33.78655 14 1.00000
112.5 33.73482 14 1.00000
112.6 33.74122 14 1.00000
112.7 33.74764 14 1.00000
112.8 33.75405 14 1.00000
112.9 33.76044 14 1.00000
113.0 33.76683 14 1.00000
113.1 33.77324 14 1.00000
113.2 33.77959 14 1.00000
113.3 33.78595 14 1.00000
113.4 33.79233 14 1.00000
113.5 33.79865 14 1.00000
113.6 33.80501 14 1.00000
113.7 33.81134 14 1.00000
113.8 33.81766 14 1.00000
113.9 33.82395 14 1.00000
114.0 33.83027 14 1.00000
114.1 33.83657 14 1.00000
114.2 33.84285 14 1.00000
114.3 33.84912 14 1.00000
114.4 33.85537 14 1.00000
114.5 33.86163 14 1.00000
114.6 33.86790 14 1.00000
114.7 33.87415 14 1.00000
114.8 33.88038 14 1.00000
114.9 33.88658 14 1.00000
115.0 33.89280 14 1.00000
115.1 33.89903 14 1.00000
115.2 33.90523 14 1.00000
115.3 33.91140 14 1.00000
115.4 33.91758 14 1.00000
115.5 33.92379 14 1.00000
115.6 33.92995 14 1.00000
115.7 33.93612 14 1.00000
115.8 33.94225 14 1.00000
115.9 33.94839 14 1.00000
116.0 33.95455 14 1.00000
116.1 33.96068 14 1.00000
116.2 33.96680 14 1.00000
116.3 33.97291 14 1.00000
116.4 33.97901 14 1.00000
116.5 33.98511 14 1.00000
116.6 33.99119 14 1.00000
116.7 33.99725 14 1.00000
116.8 34.00332 14 1.00000
116.9 34.00938 14 1.00000
117.0 34.01546 14 1.00000
117.1 34.02150 14 1.00000
117.2 34.02752 14 1.00000
117.3 34.03357 14 1.00000
117.4 34.03957 14 1.00000
117.5 34.04560 14 1.00000
117.6 34.05159 14 1.00000
117.7 34.05761 14 1.00000
117.8 34.06357 14 1.00000
117.9 34.06958 14 1.00000
118.0 34.07555 14 1.00000
118.1 34.08152 14 1.00000
118.2 34.08745 14 1.00000
118.3 34.09342 14 1.00000
118.4 34.09934 14 1.00000
118.5 34.10530 14 1.00000
118.6 34.11123 14 1.00000
118.7 34.11714 14 1.00000
118.8 34.12305 14 1.00000
118.9 34.12896 14 1.00000
119.0 34.13485 14 1.00000
119.1 34.14071 14 1.00000
119.2 34.08662 14 1.00000
119.3 34.09246 14 1.00000
119.4 34.09829 14 1.00000
119.5 34.10411 14 1.00000
119.6 34.10991 14 1.00000
119.7 34.11574 14 1.00000
119.8 34.12154 14 1.00000
119.9 34.12731 14 1.00000
120.0 34.13312 14 1.00000
120.1 34.13888 14 1.00000
120.2 34.14465 14 1.00000
120.3 34.15041 14 1.00000
120.4 34.15617 14 1.00000
120.5 34.16194 14 1.00000
120.6 34.16766 14 1.00000
120.7 34.17335 14 1.00000
120.8 34.17908 14 1.00000
120.9 34.18478 14 1.00000
121.0 34.19044 14 1.00000
121.1 34.19612 14 1.00000
121.2 34.20182 14 1.00000
121.3 34.20749 14 1.00000
121.4 34.21315 14 1.00000
121.5 34.21877 14 1.00000
121.6 34.22442 14 1.00000
121.7 34.23008 14 1.00000
121.8 34.23571 14 1.00000
121.9 34.24133 14 1.00000
122.0 34.24695 14 1.00000
122.1 34.25256 14 1.00000
122.2 34.25814 14 1.00000
122.3 34.26374 14 1.00000
122.4 34.26935 14 1.00000
122.5 34.27491 14 1.00000
122.6 34.28049 14 1.00000
122.7 34.28605 14 1.00000
122.8 34.29164 14 1.00000
122.9 34.29717 14 1.00000
123.0 34.30272 14 1.00000
123.1 34.30825 14 1.00000
123.2 34.31381 14 1.00000
123.3 34.31933 14 1.00000
123.4 34.32485 14 1.00000
123.5 34.33036 14 1.00000
123.6 34.33587 14 1.00000
123.7 34.34136 14 1.00000
123.8 34.34685 14 1.00000
123.9 34.35231 14 1.00000
124.0 34.35781 14 1.00000
124.1 34.36328 14 1.00000
124.2 34.36874 14 1.00000
124.3 34.37419 14 1.00000
124.4 34.37962 14 1.00000
124.5 34.38508 14 1.00000
124.6 34.39051 14 1.00000
124.7 34.39594 14 1.00000
124.8 34.40134 14 1.00000
124.9 34.40675 14 1.00000
125.0 34.41216 14 1.00000
125.1 34.41755 14 1.00000
125.2 34.42295 14 1.00000
125.3 34.42835 14 1.00000
125.4 34.43373 14 1.00000
125.5 34.43910 14 1.00000
125.6 34.44447 14 1.00000
125.7 34.44983 14 1.00000
125.8 34.45515 14 1.00000
125.9 34.46050 14 1.00000
126.0 34.46586 14 1.00000
126.1 34.47117 14 1.00000
126.2 34.47649 14 1.00000
126.3 34.48183 14 1.00000
126.4 34.48714 14 1.00000
126.5 34.49245 14 1.00000
126.6 34.43615 14 1.00000
126.7 34.44142 14 1.00000
126.8 34.44669 14 1.00000
126.9 34.45192 14 1.00000
127.0 34.45718 14 1.00000
127.1 34.46242 14 1.00000
127.2 34.46763 14 1.00000
127.3 34.47285 14 1.00000
127.4 34.47809 14 1.00000
127.5 34.48330 14 1.00000
127.6 34.48848 14 1.00000
127.7 34.49370 14 1.00000
127.8 34.49886 14 1.00000
127.9 34.50407 14 1.00000
128.0 34.50925 14 1.00000
128.1 34.51442 14 1.00000
128.2 34.51958 14 1.00000
128.3 34.52472 14 1.00000
128.4 34.52989 14 1.00000
128.5 34.53503 14 1.00000
128.6 34.54015 14 1.00000
128.7 34.54530 14 1.00000
128.8 34.55041 14 1.00000
128.9 34.55553 14 1.00000
129.0 34.56066 14 1.00000
129.1 34.56575 14 1.00000
129.2 34.57085 14 1.00000
129.3 34.57597 14 1.00000
129.4 34.58104 14 1.00000
129.5 34.58612 14 1.00000
129.6 34.59120 14 1.00000
129.7 34.59629 14 1.00000
129.8 34.60133 14 1.00000
129.9 34.60639 14 1.00000
130.0 34.61147 14 1.00000
130.1 34.61652 14 1.00000
130.2 34.62156 14 1.00000
130.3 34.62659 14 1.00000
130.4 34.63160 14 1.00000
130.5 34.63662 14 1.00000
130.6 34.64164 14 1.00000
130.7 34.64667 14 1.00000
130.8 34.65167 14 1.00000
130.9 34.65665 14 1.00000
131.0 34.66166 14 1.00000
131.1 34.66665 14 1.00000
131.2 34.67160 14 1.00000
131.3 34.67660 14 1.00000
131.4 34.68157 14 1.00000
131.5 34.68650 14 1.00000
131.6 34.69146 14 1.00000
131.7 34.69643 14 1.00000
131.8 34.70138 14 1.00000
131.9 34.70631 14 1.00000
132.0 34.71125 14 1.00000
132.1 34.71617 14 1.00000
132.2 34.72109 14 1.00000
132.3 34.72600 14 1.00000
132.4 34.73088 14 1.00000
132.5 34.73576 14 1.00000
132.6 34.74062 14 1.00000
132.7 34.74548 14 1.00000
132.8 34.75035 14 1.00000
132.9 34.75520 14 1.00000
133.0 34.76007 14 1.00000
133.1 34.76490 14 1.00000
133.2 34.76976 14 1.00000
133.3 34.77459 14 1.00000
133.4 34.77942 14 1.00000
133.5 34.78422 14 1.00000
133.6 34.78904 14 1.00000
133.7 34.79387 14 1.00000
133.8 34.79865 14 1.00000
133.9 34.80345 14 1.00000
134.0 34.80824 14 1.00000
134.1 34.81303 14 1.00000
134.2 34.81781 14 1.00000
134.3 34.82261 14 1.00000
134.4 34.82735 14 1.00000
134.5 34.83214 14 1.00000
134.6 34.83688 14 1.00000
134.7 34.84163 14 1.00000
134.8 34.84640 14 1.00000
134.9 34.78795 14 1.00000
135.0 34.79266 14 1.00000
135.1 34.79739 14 1.00000
135.2 34.80208 14 1.00000
135.3 34.80675 14 1.00000
135.4 34.81146 14 1.00000
135.5 34.81614 14 1.00000
135.6 34.82080 14 1.00000
135.7 34.82547 14 1.00000
135.8 34.83013 14 1.00000
135.9 34.83481 14 1.00000
136.0 34.83944 14 1.00000
136.1 34.84409 14 1.00000
136.2 34.84875 14 1.00000
136.3 34.85339 14 1.00000
136.4 34.85800 14 1.00000
136.5 34.86263 14 1.00000
136.6 34.86724 14 1.00000
136.7 34.87188 14 1.00000
136.8 34.87647 14 1.00000
136.9 34.88107 14 1.00000
137.0 34.88570 14 1.00000
137.1 34.89029 14 1.00000
137.2 34.89488 14 1.00000
137.3 34.89944 14 1.00000
137.4 34.90402 14 1.00000
137.5 34.90859 14 1.00000
137.6 34.91316 14 1.00000
137.7 34.91773 14 1.00000
137.8 34.92228 14 1.00000
137.9 34.92686 14 1.00000
138.0 34.93141 14 1.00000
138.1 34.93595 14 1.00000
138.2 34.94046 14 1.00000
138.3 34.94500 14 1.00000
138.4 34.94955 14 1.00000
138.5 34.95407 14 1.00000
138.6 34.95856 14 1.00000
138.7 34.96309 14 1.00000
138.8 34.96760 14 1.00000
138.9 34.97208 14 1.00000
139.0 34.97657 14 1.00000
139.1 34.98106 14 1.00000
139.2 34.98555 14 1.00000
139.3 34.99005 14 1.00000
139.4 34.99450 14 1.00000
139.5 34.99897 14 1.00000
139.6 35.00343 14 1.00000
139.7 35.00792 14 1.00000
139.8 35.01234 14 1.00000
139.9 35.01682 14 1.00000
140.0 35.02124 14 1.00000
140.1 35.02567 14 1.00000
140.2 35.03013 14 1.00000
140.3 35.03456 14 1.00000
140.4 35.03898 14 1.00000
140.5 35.04337 14 1.00000
140.6 35.04779 14 1.00000
140.7 35.05222 14 1.00000
140.8 35.05662 14 1.00000
140.9 35.06102 14 1.00000
141.0 35.06541 14 1.00000
141.1 35.06980 14 1.00000
141.2 35.07418 14 1.00000
141.3 35.07856 14 1.00000
141.4 35.08293 14 1.00000
141.5 35.08730 14 1.00000
141.6 35.09163 14 1.00000
141.7 35.09602 14 1.00000
141.8 35.10036 14 1.00000
141.9 35.10471 14 1.00000
142.0 35.10903 14 1.00000
142.1 35.11339 14 1.00000
142.2 35.11773 14 1.00000
142.3 35.12205 14 1.00000
142.4 35.12635 14 1.00000
142.5 35.13069 14 1.00000
142.6 35.13498 14 1.00000
142.7 35.13931 14 1.00000
142.8 35.14362 14 1.00000
142.9 35.14789 14 1.00000
143.0 35.15221 14 1.00000
143.1 35.15649 14 1.00000
143.2 35.16078 14 1.00000
143.3 35.16505 14 1.00000
143.4 35.16930 14 1.00000
143.5 35.17360 14 1.00000
143.6 35.17786 14 1.00000
143.7 35.18209 14 1.00000
143.8 35.18637 14 1.00000
143.9 35.19062 14 1.00000
144.0 35.19487 14 1.00000
144.1 35.13405 14 1.00000
144.2 35.13824 14 1.00000
144.3 35.14245 14 1.00000
144.4 35.14665 14 1.00000
144.5 35.15087 14 1.00000
144.6 35.15506 14 1.00000
144.7 35.15924 14 1.00000
144.8 35.16343 14 1.00000
144.9 35.16761 14 1.00000
145.0 35.17178 14 1.00000
145.1 35.17595 14 1.00000
145.2 35.18009 14 1.00000
145.3 35.18425 14 1.00000
145.4 35.18842 14 1.00000
145.5 35.19255 14 1.00000
145.6 35.19672 14 1.00000
145.7 35.20083 14 1.00000
145.8 35.20499 14 1.00000
145.9 35.20910 14 1.00000
146.0 35.21325 14 1.00000
146.1 35.21735 14 1.00000
146.2 35.22149 14 1.00000
146.3 35.22561 14 1.00000
146.4 35.22969 14 1.00000
146.5 35.23380 14 1.00000
146.6 35.23792 14 1.00000
146.7 35.24198 14 1.00000
146.8 35.24607 14 1.00000
146.9 35.25014 14 1.00000
147.0 35.25421 14 1.00000
147.1 35.25827 14 1.00000
147.2 35.26232 14 1.00000
147.3 35.26635 14 1.00000
147.4 35.27042 14 1.00000
147.5 35.27444 14 1.00000
147.6 35.27847 14 1.00000
147.7 35.28253 14 1.00000
147.8 35.28656 14 1.00000
147.9 35.29058 14 1.00000
148.0 35.29460 14 1.00000
148.1 35.29861 14 1.00000
148.2 35.30262 14 1.00000
148.3 35.30663 14 1.00000
148.4 35.31061 14 1.00000
148.5 35.31462 14 1.00000
148.6 35.31860 14 1.00000
148.7 35.32261 14 1.00000
148.8 35.32659 14 1.00000
148.9 35.33057 14 1.00000
149.0 35.33452 14 1.00000
149.1 35.33849 14 1.00000
149.2 35.34246 14 1.00000
149.3 35.34644 14 1.00000
149.4 35.35038 14 1.00000
149.5 35.35435 14 1.00000
149.6 35.35828 14 1.00000
149.7 35.36222 14 1.00000
149.8 35.36617 14 1.00000
149.9 35.37012 14 1.00000
150.0 35.37405 14 1.00000
150.1 35.37798 14 1.00000
150.2 35.38190 14 1.00000
150.3 35.38582 14 1.00000
150.4 35.38972 14 1.00000
150.5 35.39363 14 1.00000
150.6 35.39756 14 1.00000
150.7 35.40143 14 1.00000
150.8 35.40535 14 1.00000
150.9 35.40923 14 1.00000
151.0 35.41314 14 1.00000
151.1 35.41702 14 1.00000
151.2 35.42088 14 1.00000
151.3 35.42476 14 1.00000
151.4 35.42863 14 1.00000
151.5 35.43252 14 1.00000
151.6 35.43638 14 1.00000
151.7 35.44024 14 1.00000
151.8 35.44410 14 1.00000
151.9 35.44795 14 1.00000
152.0 35.45177 14 1.00000
152.1 35.45564 14 1.00000
152.2 35.45945 14 1.00000
152.3 35.46331 14 1.00000
152.4 35.46712 14 1.00000
152.5 35.47097 14 1.00000
152.6 35.47479 14 1.00000
152.7 35.47858 14 1.00000
152.8 35.48240 14 1.00000
152.9 35.48621 14 1.00000
153.0 35.49002 14 1.00000
153.1 35.49382 14 1.00000
153.2 35.49764 14 1.00000
153.3 35.50141 14 1.00000
153.4 35.50522 14 1.00000
153.5 35.50901 14 1.00000
153.6 35.51276 14 1.00000
153.7 35.51657 14 1.00000
153.8 35.52034 14 1.00000
153.9 35.52411 14 1.00000
154.0 35.52785 14 1.00000
154.1 35.53164 14 1.00000
154.2 35.53537 14 1.00000
154.3 35.53912 14 1.00000
154.4 35.54290 14 1.00000
154.5 35.47997 14 1.00000
154.6 35.48369 14 1.00000
154.7 35.48740 14 1.00000
154.8 35.49112 14 1.00000
154.9 35.49480 14 1.00000
155.0 35.49850 14 1.00000
155.1 35.50220 14 1.00000
155.2 35.50590 14 1.00000
155.3 35.50959 14 1.00000
155.4 35.51330 14 1.00000
155.5 35.51696 14 1.00000
155.6 35.52066 14 1.00000
155.7 35.52434 14 1.00000
155.8 35.52799 14 1.00000
155.9 35.53166 14 1.00000
156.0 35.53535 14 1.00000
156.1 35.53899 14 1.00000
156.2 35.54264 14 1.00000
156.3 35.54632 14 1.00000
156.4 35.54995 14 1.00000
156.5 35.55360 14 1.00000
156.6 35.55724 14 1.00000
156.7 35.56091 14 1.00000
156.8 35.56454 14 1.00000
156.9 35.56817 14 1.00000
157.0 35.57178 14 1.00000
157.1 35.57543 14 1.00000
157.2 35.57903 14 1.00000
157.3 35.58264 14 1.00000
157.4 35.58626 14 1.00000
157.5 35.58989 14 1.00000
157.6 35.59347 14 1.00000
157.7 35.59707 14 1.00000
157.8 35.60067 14 1.00000
157.9 35.60429 14 1.00000
158.0 35.60788 14 1.00000
158.1 35.61145 14 1.00000
158.2 35.61505 14 1.00000
158.3 35.61861 14 1.00000
158.4 35.62218 14 1.00000
158.5 35.62578 14 1.00000
158.6 35.62935 14 1.00000
158.7 35.63291 14 1.00000
158.8 35.63647 14 1.00000
158.9 35.64003 14 1.00000
159.0 35.64356 14 1.00000
159.1 35.64711 14 1.00000
159.2 35.65066 14 1.00000
159.3 35.65420 14 1.00000
159.4 35.65774 14 1.00000
159.5 35.66130 14 1.00000
159.6 35.66481 14 1.00000
159.7 35.66836 14 1.00000
159.8 35.67189 14 1.00000
159.9 35.67541 14 1.00000
160.0 35.67890 14 1.00000
160.1 35.68242 14 1.00000
160.2 35.68592 14 1.00000
160.3 35.68943 14 1.00000
160.4 35.69296 14 1.00000
160.5 35.69643 14 1.00000
160.6 35.69995 14 1.00000
160.7 35.70344 14 1.00000
160.8 35.70693 14 1.00000
160.9 35.71039 14 1.00000
161.0 35.71389 14 1.00000
161.1 35.71736 14 1.00000
161.2 35.72081 14 1.00000
161.3 35.72427 14 1.00000
161.4 35.72769 14 1.00000
161.5 35.73114 14 1.00000
161.6 35.73460 14 1.00000
161.7 35.73804 14 1.00000
161.8 35.74147 14 1.00000
161.9 35.74490 14 1.00000
162.0 35.74831 14 1.00000
162.1 35.75173 14 1.00000
162.2 35.75515 14 1.00000
162.3 35.75859 14 1.00000
162.4 35.76200 14 1.00000
162.5 35.76539 14 1.00000
162.6 35.76880 14 1.00000
162.7 35.77222 14 1.00000
162.8 35.77562 14 1.00000
162.9 35.77900 14 1.00000
163.0 35.78241 14 1.00000
163.1 35.78580 14 1.00000
163.2 35.78919 14 1.00000
163.3 35.79255 14 1.00000
163.4 35.79595 14 1.00000
163.5 35.79932 14 1.00000
163.6 35.80267 14 1.00000
163.7 35.80606 14 1.00000
163.8 35.80943 14 1.00000
163.9 35.81277 14 1.00000
164.0 35.81613 14 1.00000
164.1 35.81948 14 1.00000
164.2 35.82286 14 1.00000
164.3 35.82618 14 1.00000
164.4 35.82955 14 1.00000
164.5 35.83287 14 1.00000
164.6 35.83620 14 1.00000
164.7 35.83956 14 1.00000
164.8 35.84289 14 1.00000
164.9 35.84620 14 1.00000
165.0 35.84952 14 1.00000
165.1 35.85287 14 1.00000
165.2 35.85619 14 1.00000
165.3 35.85950 14 1.00000
165.4 35.86279 14 1.00000
165.5 35.86612 14 1.00000
165.6 35.86943 14 1.00000
165.7 35.87273 14 1.00000
165.8 35.87603 14 1.00000
165.9 35.87931 14 1.00000
166.0 35.88262 14 1.00000
166.1 35.88591 14 1.00000
166.2 35.88920 14 1.00000
166.3 35.82417 14 1.00000
166.4 35.82742 14 1.00000
166.5 35.83068 14 1.00000
166.6 35.83390 14 1.00000
166.7 35.83715 14 1.00000
166.8 35.84042 14 1.00000
166.9 35.84364 14 1.00000
167.0 35.84690 14 1.00000
167.1 35.85012 14 1.00000
167.2 35.85337 14 1.00000
167.3 35.85658 14 1.00000
167.4 35.85983 14 1.00000
167.5 35.86305 14 1.00000
167.6 35.86627 14 1.00000
167.7 35.86949 14 1.00000
167.8 35.87271 14 1.00000
167.9 35.87592 14 1.00000
168.0 35.87913 14 1.00000
168.1 35.88233 14 1.00000
168.2 35.88554 14 1.00000
168.3 35.88871 14 1.00000
168.4 35.89193 14 1.00000
168.5 35.89513 14 1.00000
168.6 35.89832 14 1.00000
168.7 35.90148 14 1.00000
168.8 35.90466 14 1.00000
168.9 35.90787 14 1.00000
169.0 35.91105 14 1.00000
169.1 35.91420 14 1.00000
169.2 35.91739 14 1.00000
169.3 35.92056 14 1.00000
169.4 35.92372 14 1.00000
169.5 35.92688 14 1.00000
169.6 35.93002 14 1.00000
169.7 35.93320 14 1.00000
169.8 35.93633 14 1.00000
169.9 35.93948 14 1.00000
170.0 35.94265 14 1.00000
170.1 35.94577 14 1.00000
170.2 35.94893 14 1.00000
170.3 35.95205 14 1.00000
170.4 35.95518 14 1.00000
170.5 35.95831 14 1.00000
170.6 35.96146 14 1.00000
170.7 35.96458 14 1.00000
170.8 35.96771 14 1.00000
170.9 35.97080 14 1.00000
171.0 35.97394 14 1.00000
171.1 35.97705 14 1.00000
171.2 35.98014 14 1.00000
171.3 35.98327 14 1.00000
171.4 35.98637 14 1.00000
171.5 35.98948 14 1.00000
171.6 35.99255 14 1.00000
171.7 35.99564 14 1.00000
171.8 35.99876 14 1.00000
171.9 36.00182 14 1.00000
172.0 36.00493 14 1.00000
172.1 36.00799 14 1.00000
172.2 36.01109 14 1.00000
172.3 36.01417 14 1.00000
172.4 36.01724 14 1.00000
172.5 36.02031 14 1.00000
172.6 36.02336 14 1.00000
172.7 36.02642 14 1.00000
172.8 36.02949 14 1.00000
172.9 36.03257 14 1.00000
173.0 36.03562 14 1.00000
173.1 36.03865 14 1.00000
173.2 36.04170 14 1.00000
173.3 36.04475 14 1.00000
173.4 36.04782 14 1.00000
173.5 36.05086 14 1.00000
173.6 36.05387 14 1.00000
173.7 36.05693 14 1.00000
173.8 36.05996 14 1.00000
173.9 36.06297 14 1.00000
174.0 36.06602 14 1.00000
174.1 36.06904 14 1.00000
174.2 36.07204 14 1.00000
174.3 36.07506 14 1.00000
174.4 36.07810 14 1.00000
174.5 36.08109 14 1.00000
174.6 36.08410 14 1.00000
174.7 36.08710 14 1.00000
174.8 36.09013 14 1.00000
174.9 36.09311 14 1.00000
175.0 36.09613 14 1.00000
175.1 36.09910 14 1.00000
175.2 36.10211 14 1.00000
175.3 36.10508 14 1.00000
175.4 36.10809 14 1.00000
175.5 36.11107 14 1.00000
175.6 36.11403 14 1.00000
175.7 36.11701 14 1.00000
175.8 36.11998 14 1.00000
175.9 36.12297 14 1.00000
176.0 36.12592 14 1.00000
176.1 36.12889 14 1.00000
176.2 36.13187 14 1.00000
176.3 36.13484 14 1.00000
176.4 36.13779 14 1.00000
176.5 36.14073 14 1.00000
176.6 36.14370 14 1.00000
176.7 36.14665 14 1.00000
176.8 36.14957 14 1.00000
176.9 36.15254 14 1.00000
177.0 36.15548 14 1.00000
177.1 36.15842 14 1.00000
177.2 36.16135 14 1.00000
177.3 36.16425 14 1.00000
177.4 36.16717 14 1.00000
177.5 36.17010 14 1.00000
177.6 36.17299 14 1.00000
177.7 36.17589 14 1.00000
177.8 36.17882 14 1.00000
177.9 36.18172 14 1.00000
178.0 36.18462 14 1.00000
178.1 36.18749 14 1.00000
178.2 36.19038 14 1.00000
178.3 36.19328 14 1.00000
178.4 36.19616 14 1.00000
178.5 36.19905 14 1.00000
178.6 36.20193 14 1.00000
178.7 36.20483 14 1.00000
178.8 36.20769 14 1.00000
178.9 36.21056 14 1.00000
179.0 36.21344 14 1.00000
179.1 36.21633 14 1.00000
179.2 36.21917 14 1.00000
179.3 36.22204 14 1.00000
179.4 36.22490 14 1.00000
179.5 36.22778 14 1.00000
179.6 36.23064 14 1.00000
179.7 36.23349 14 1.00000
179.8 36.23632 14 1.00000
179.9 36.16920 14 1.00000
180.0 36.17202 14 1.00000
180.1 36.17485 14 1.00000
180.2 36.17767 14 1.00000
180.3 36.18048 14 1.00000
180.4 36.18328 14 1.00000
180.5 36.18612 14 1.00000
180.6 36.18893 14 1.00000
180.7 36.19172 14 1.00000
180.8 36.19455 14 1.00000
180.9 36.19735 14 1.00000
181.0 36.20015 14 1.00000
181.1 36.20295 14 1.00000
181.2 36.20575 14 1.00000
181.3 36.20852 14 1.00000
181.4 36.21131 14 1.00000
181.5 36.21410 14 1.00000
181.6 36.21690 14 1.00000
181.7 36.21969 14 1.00000
181.8 36.22247 14 1.00000
181.9 36.22522 14 1.00000
182.0 36.22800 14 1.00000
182.1 36.23077 14 1.00000
182.2 36.23356 14 1.00000
182.3 36.23631 14 1.00000
182.4 36.23909 14 1.00000
182.5 36.24184 14 1.00000
182.6 36.24462 14 1.00000
182.7 36.24738 14 1.00000
182.8 36.25013 14 1.00000
182.9 36.25288 14 1.00000
183.0 36.25563 14 1.00000
183.1 36.25838 14 1.00000
183.2 36.26112 14 1.00000
183.3 36.26387 14 1.00000
183.4 36.26661 14 1.00000
183.5 36.26934 14 1.00000
183.6 36.27208 14 1.00000
183.7 36.27481 14 1.00000
183.8 36.27752 14 1.00000
183.9 36.28027 14 1.00000
184.0 36.28299 14 1.00000
184.1 36.28569 14 1.00000
184.2 36.28843 14 1.00000
184.3 36.29115 14 1.00000
184.4 36.29384 14 1.00000
184.5 36.29655 14 1.00000
184.6 36.29928 14 1.00000
184.7 36.30199 14 1.00000
184.8 36.30467 14 1.00000
184.9 36.30740 14 1.00000
185.0 36.31007 14 1.00000
185.1 36.31279 14 1.00000
185.2 36.31547 14 1.00000
185.3 36.31818 14 1.00000
185.4 36.32087 14 1.00000
185.5 36.32354 14 1.00000
185.6 36.32622 14 1.00000
185.7 36.32893 14 1.00000
185.8 36.33160 14 1.00000
185.9 36.33426 14 1.00000
186.0 36.33696 14 1.00000
186.1 36.33963 14 1.00000
186.2 36.34230 14 1.00000
186.3 36.34497 14 1.00000
186.4 36.34761 14 1.00000
186.5 36.35030 14 1.00000
186.6 36.35296 14 1.00000
186.7 36.35559 14 1.00000
186.8 36.35827 14 1.00000
186.9 36.36090 14 1.00000
187.0 36.36357 14 1.00000
187.1 36.36623 14 1.00000
187.2 36.36887 14 1.00000
187.3 36.37151 14 1.00000
187.4 36.37416 14 1.00000
187.5 36.37680 14 1.00000
187.6 36.37941 14 1.00000
187.7 36.38206 14 1.00000
187.8 36.38467 14 1.00000
187.9 36.38733 14 1.00000
188.0 36.38993 14 1.00000
188.1 36.39258 14 1.00000
188.2 36.39520 14 1.00000
188.3 36.39782 14 1.00000
188.4 36.40042 14 1.00000
188.5 36.40305 14 1.00000
188.6 36.40565 14 1.00000
188.7 36.40826 14 1.00000
188.8 36.41089 14 1.00000
188.9 36.41347 14 1.00000
189.0 36.41607 14 1.00000
189.1 36.41870 14 1.00000
189.2 36.42130 14 1.00000
189.3 36.42389 14 1.00000
189.4 36.42649 14 1.00000
189.5 36.42906 14 1.00000
189.6 36.43167 14 1.00000
189.7 36.43426 14 1.00000
189.8 36.43684 14 1.00000
189.9 36.43943 14 1.00000
190.0 36.44201 14 1.00000
190.1 36.44458 14 1.00000
190.2 36.44716 14 1.00000
190.3 36.44971 14 1.00000
190.4 36.45230 14 1.00000
190.5 36.45485 14 1.00000
190.6 36.45742 14 1.00000
190.7 36.45998 14 1.00000
190.8 36.46257 14 1.00000
190.9 36.46513 14 1.00000
191.0 36.46769 14 1.00000
191.1 36.47024 14 1.00000
191.2 36.47277 14 1.00000
191.3 36.47532 14 1.00000
191.4 36.47787 14 1.00000
191.5 36.48042 14 1.00000
191.6 36.48296 14 1.00000
191.7 36.48550 14 1.00000
191.8 36.48804 14 1.00000
191.9 36.49058 14 1.00000
192.0 36.49314 14 1.00000
192.1 36.49565 14 1.00000
192.2 36.49818 14 1.00000
192.3 36.50073 14 1.00000
192.4 36.50326 14 1.00000
192.5 36.50576 14 1.00000
192.6 36.50831 14 1.00000
192.7 36.51083 14 1.00000
192.8 36.51335 14 1.00000
192.9 36.51585 14 1.00000
193.0 36.51836 14 1.00000
193.1 36.52090 14 1.00000
193.2 36.52341 14 1.00000
193.3 36.52591 14 1.00000
193.4 36.52842 14 1.00000
193.5 36.53090 14 1.00000
193.6 36.53341 14 1.00000
193.7 36.53593 14 1.00000
193.8 36.53842 14 1.00000
193.9 36.54090 14 1.00000
194.0 36.54341 14 1.00000
194.1 36.54590 14 1.00000
194.2 36.54839 14 1.00000
194.3 36.55088 14 1.00000
194.4 36.55336 14 1.00000
194.5 36.55582 14 1.00000
194.6 36.55832 14 1.00000
194.7 36.56078 14 1.00000
194.8 36.56326 14 1.00000
194.9 36.56575 14 1.00000
195.0 36.56822 14 1.00000
195.1 36.57067 14 1.00000
195.2 36.57314 14 1.00000
195.3 36.57562 14 1.00000
195.4 36.57809 14 1.00000
195.5 36.58055 14 1.00000
195.6 36.58300 14 1.00000
195.7 36.58545 14 1.00000
195.8 36.51579 14 1.00000
195.9 36.51823 14 1.00000
196.0 36.52068 14 1.00000
196.1 36.52311 14 1.00000
196.2 36.52552 14 1.00000
196.3 36.52797 14 1.00000
196.4 36.53040 14 1.00000
196.5 36.53280 14 1.00000
196.6 36.53524 14 1.00000
196.7 36.53766 14 1.00000
196.8 36.54008 14 1.00000
196.9 36.54250 14 1.00000
197.0 36.54489 14 1.00000
197.1 36.54730 14 1.00000
197.2 36.54971 14 1.00000
197.3 36.55211 14 1.00000
197.4 36.55454 14 1.00000
197.5 36.55694 14 1.00000
197.6 36.55932 14 1.00000
197.7 36.56172 14 1.00000
197.8 36.56414 14 1.00000
197.9 36.56654 14 1.00000
198.0 36.56893 14 1.00000
198.1 36.57132 14 1.00000
198.2 36.57371 14 1.00000
198.3 36.57607 14 1.00000
198.4 36.57848 14 1.00000
198.5 36.58084 14 1.00000
198.6 36.58324 14 1.00000
198.7 36.58561 14 1.00000
198.8 36.58797 14 1.00000
198.9 36.59033 14 1.00000
199.0 36.59266 14 1.00000
199.1 36.59502 14 1.00000
199.2 36.59740 14 1.00000
199.3 36.59973 14 1.00000
199.4 36.60208 14 1.00000
199.5 36.60445 14 1.00000
199.6 36.60677 14 1.00000
199.7 36.60913 14 1.00000
199.8 36.61148 14 1.00000
199.9 36.61380 14 1.00000
200.0 36.61615 14 1.00000
200.1 36.61849 14 1.00000
200.2 36.62080 14 1.00000
200.3 36.62313 14 1.00000
200.4 36.62547 14 1.00000
200.5 36.62782 14 1.00000
200.6 36.63012 14 1.00000
200.7 36.63247 14 1.00000
200.8 36.63477 14 1.00000
200.9 36.63711 14 1.00000
201.0 36.63942 14 1.00000
201.1 36.64172 14 1.00000
201.2 36.64403 14 1.00000
201.3 36.64637 14 1.00000
201.4 36.64868 14 1.00000
201.5 36.65096 14 1.00000
201.6 36.65329 14 1.00000
201.7 36.65559 14 1.00000
201.8 36.65790 14 1.00000
201.9 36.66018 14 1.00000
202.0 36.66248 14 1.00000
202.1 36.66479 14 1.00000
202.2 36.66709 14 1.00000
202.3 36.66936 14 1.00000
202.4 36.67167 14 1.00000
202.5 36.67393 14 1.00000
202.6 36.67622 14 1.00000
202.7 36.67853 14 1.00000
202.8 36.68079 14 1.00000
202.9 36.68307 14 1.00000
203.0 36.68537 14 1.00000
203.1 36.68765 14 1.00000
203.2 36.68993 14 1.00000
203.3 36.69220 14 1.00000
203.4 36.69447 14 1.00000
203.5 36.69672 14 1.00000
203.6 36.69899 14 1.00000
203.7 36.70125 14 1.00000
203.8 36.70351 14 1.00000
203.9 36.70580 14 1.00000
204.0 36.70803 14 1.00000
204.1 36.71029 14 1.00000
204.2 36.71255 14 1.00000
204.3 36.71481 14 1.00000
204.4 36.71706 14 1.00000
204.5 36.71933 14 1.00000
204.6 36.72158 14 1.00000
204.7 36.72380 14 1.00000
204.8 36.72607 14 1.00000
204.9 36.72831 14 1.00000
205.0 36.73055 14 1.00000
205.1 36.73277 14 1.00000
205.2 36.73501 14 1.00000
205.3 36.73724 14 1.00000
205.4 36.73950 14 1.00000
205.5 36.74171 14 1.00000
205.6 36.74396 14 1.00000
205.7 36.74617 14 1.00000
205.8 36.74841 14 1.00000
205.9 36.75062 14 1.00000
206.0 36.75286 14 1.00000
206.1 36.75508 14 1.00000
206.2 36.75728 14 1.00000
206.3 36.75952 14 1.00000
206.4 36.76173 14 1.00000
206.5 36.76395 14 1.00000
206.6 36.76614 14 1.00000
206.7 36.76837 14 1.00000
206.8 36.77057 14 1.00000
206.9 36.77278 14 1.00000
207.0 36.77496 14 1.00000
207.1 36.77719 14 1.00000
207.2 36.77937 14 1.00000
207.3 36.78159 14 1.00000
207.4 36.78378 14 1.00000
207.5 36.78598 14 1.00000
207.6 36.78817 14 1.00000
207.7 36.79034 14 1.00000
207.8 36.79253 14 1.00000
207.9 36.79474 14 1.00000
208.0 36.79692 14 1.00000
208.1 36.79911 14 1.00000
208.2 36.80129 14 1.00000
208.3 36.80347 14 1.00000
208.4 36.80565 14 1.00000
208.5 36.80781 14 1.00000
208.6 36.80998 14 1.00000
208.7 36.81216 14 1.00000
208.8 36.81435 14 1.00000
208.9 36.81652 14 1.00000
209.0 36.81867 14 1.00000
209.1 36.82086 14 1.00000
209.2 36.82300 14 1.00000
209.3 36.82519 14 1.00000
209.4 36.82735 14 1.00000
209.5 36.82949 14 1.00000
209.6 36.83165 14 1.00000
209.7 36.83383 14 1.00000
209.8 36.83598 14 1.00000
209.9 36.83814 14 1.00000
210.0 36.84029 14 1.00000
210.1 36.84242 14 1.00000
210.2 36.84459 14 1.00000
210.3 36.84673 14 1.00000
210.4 36.84886 14 1.00000
210.5 36.85102 14 1.00000
210.6 36.85316 14 1.00000
210.7 36.85530 14 1.00000
210.8 36.85742 14 1.00000
210.9 36.85955 14 1.00000
211.0 36.86171 14 1.00000
211.1 36.86382 14 1.00000
211.2 36.86597 14 1.00000
211.3 36.86808 14 1.00000
211.4 36.87021 14 1.00000
211.5 36.87236 14 1.00000
211.6 36.87448 14 1.00000
211.7 36.87658 14 1.00000
211.8 36.87872 14 1.00000
211.9 36.88082 14 1.00000
212.0 36.88294 14 1.00000
212.1 36.88507 14 1.00000
212.2 36.88719 14 1.00000
212.3 36.88928 14 1.00000
212.4 36.89141 14 1.00000
212.5 36.89352 14 1.00000
212.6 36.89561 14 1.00000
212.7 36.89773 14 1.00000
212.8 36.89984 14 1.00000
212.9 36.90194 14 1.00000
213.0 36.90404 14 1.00000
213.1 36.90614 14 1.00000
213.2 36.90823 14 1.00000
213.3 36.91033 14 1.00000
213.4 36.91242 14 1.00000
213.5 36.91451 14 1.00000
213.6 36.91658 14 1.00000
213.7 36.91867 14 1.00000
213.8 36.92078 14 1.00000
213.9 36.92286 14 1.00000
214.0 36.92493 14 1.00000
214.1 36.92701 14 1.00000
214.2 36.92909 14 1.00000
214.3 36.93119 14 1.00000
214.4 36.93327 14 1.00000
214.5 36.93534 14 1.00000
214.6 36.86355 14 1.00000
214.7 36.86561 14 1.00000
214.8 36.86767 14 1.00000
214.9 36.86974 14 1.00000
215.0 36.87178 14 1.00000
215.1 36.87385 14 1.00000
215.2 36.87590 14 1.00000
215.3 36.87794 14 1.00000
215.4 36.87997 14 1.00000
215.5 36.88204 14 1.00000
215.6 36.88406 14 1.00000
215.7 36.88612 14 1.00000
215.8 36.88816 14 1.00000
215.9 36.89020 14 1.00000
216.0 36.89224 14 1.00000
216.1 36.89425 14 1.00000
216.2 36.89629 14 1.00000
216.3 36.89832 14 1.00000
216.4 36.90037 14 1.00000
216.5 36.90240 14 1.00000
216.6 36.90440 14 1.00000
216.7 36.90643 14 1.00000
216.8 36.90847 14 1.00000
216.9 36.91050 14 1.00000
217.0 36.91249 14 1.00000
217.1 36.91454 14 1.00000
217.2 36.91655 14 1.00000
217.3 36.91855 14 1.00000
217.4 36.92056 14 1.00000
217.5 36.92257 14 1.00000
217.6 36.92461 14 1.00000
217.7 36.92662 14 1.00000
217.8 36.92860 14 1.00000
217.9 36.93063 14 1.00000
218.0 36.93264 14 1.00000
218.1 36.93462 14 1.00000
218.2 36.93664 14 1.00000
218.3 36.93864 14 1.00000
218.4 36.94064 14 1.00000
218.5 36.94261 14 1.00000
218.6 36.94461 14 1.00000
218.7 36.94662 14 1.00000
218.8 36.94859 14 1.00000
218.9 36.95058 14 1.00000
219.0 36.95259 14 1.00000
219.1 36.95456 14 1.00000
219.2 36.95657 14 1.00000
219.3 36.95855 14 1.00000
219.4 36.96054 14 1.00000
219.5 36.96249 14 1.00000
219.6 36.96447 14 1.00000
219.7 36.96645 14 1.00000
219.8 36.96845 14 1.00000
219.9 36.97042 14 1.00000
220.0 36.97240 14 1.00000
220.1 36.97435 14 1.00000
220.2 36.97634 14 1.00000
220.3 36.97829 14 1.00000
220.4 36.98028 14 1.00000
220.5 36.98224 14 1.00000
220.6 36.98420 14 1.00000
220.7 36.98614 14 1.00000
220.8 36.98811 14 1.00000
220.9 36.99006 14 1.00000
221.0 36.99200 14 1.00000
221.1 36.99394 14 1.00000
221.2 36.99589 14 1.00000
221.3 36.99781 14 1.00000
221.4 36.99974 14 1.00000
221.5 37.00171 14 1.00000
221.6 37.00364 14 1.00000
221.7 37.00558 14 1.00000
221.8 37.00749 14 1.00000
221.9 37.00944 14 1.00000
222.0 37.01137 14 1.00000
222.1 37.01330 14 1.00000
222.2 37.01523 14 1.00000
222.3 37.01715 14 1.00000
222.4 37.01908 14 1.00000
222.5 37.02098 14 1.00000
222.6 37.02292 14 1.00000
222.7 37.02485 14 1.00000
222.8 37.02676 14 1.00000
222.9 37.02866 14 1.00000
223.0 37.03057 14 1.00000
223.1 37.03249 14 1.00000
223.2 37.03442 14 1.00000
223.3 37.03631 14 1.00000
223.4 37.03824 14 1.00000
223.5 37.04015 14 1.00000
223.6 37.04206 14 1.00000
223.7 37.04394 14 1.00000
223.8 37.04587 14 1.00000
223.9 37.04775 14 1.00000
224.0 37.04967 14 1.00000
224.1 37.05157 14 1.00000
224.2 37.05347 14 1.00000
224.3 37.05534 14 1.00000
224.4 37.05726 14 1.00000
224.5 37.05915 14 1.00000
224.6 37.06104 14 1.00000
224.7 37.06293 14 1.00000
224.8 37.06480 14 1.00000
224.9 37.06671 14 1.00000
225.0 37.06857 14 1.00000
225.1 37.07046 14 1.00000
225.2 37.07234 14 1.00000
225.3 37.07422 14 1.00000
225.4 37.07610 14 1.00000
225.5 37.07800 14 1.00000
225.6 37.07988 14 1.00000
225.7 37.08174 14 1.00000
225.8 37.08363 14 1.00000
225.9 37.08551 14 1.00000
226.0 37.08738 14 1.00000
226.1 37.08923 14 1.00000
226.2 37.09109 14 1.00000
226.3 37.09298 14 1.00000
226.4 37.09485 14 1.00000
226.5 37.09669 14 1.00000
226.6 37.09856 14 1.00000
226.7 37.10042 14 1.00000
226.8 37.10228 14 1.00000
226.9 37.10416 14 1.00000
227.0 37.10601 14 1.00000
227.1 37.10787 14 1.00000
227.2 37.10973 14 1.00000
227.3 37.11158 14 1.00000
227.4 37.11341 14 1.00000
227.5 37.11528 14 1.00000
227.6 37.11713 14 1.00000
227.7 37.11898 14 1.00000
227.8 37.12082 14 1.00000
227.9 37.12267 14 1.00000
228.0 37.12451 14 1.00000
228.1 37.12633 14 1.00000
228.2 37.12819 14 1.00000
228.3 37.13001 14 1.00000
228.4 37.13185 14 1.00000
228.5 37.13369 14 1.00000
228.6 37.13555 14 1.00000
228.7 37.13738 14 1.00000
228.8 37.13922 14 1.00000
228.9 37.14103 14 1.00000
229.0 37.14288 14 1.00000
229.1 37.14469 14 1.00000
229.2 37.14654 14 1.00000
229.3 37.14834 14 1.00000
229.4 37.15017 14 1.00000
229.5 37.15199 14 1.00000
229.6 37.15384 14 1.00000
229.7 37.15565 14 1.00000
229.8 37.15746 14 1.00000
229.9 37.15929 14 1.00000
230.0 37.16109 14 1.00000
230.1 37.16293 14 1.00000
230.2 37.16474 14 1.00000
230.3 37.16655 14 1.00000
230.4 37.16837 14 1.00000
230.5 37.17017 14 1.00000
230.6 37.17199 14 1.00000
230.7 37.17377 14 1.00000
230.8 37.17560 14 1.00000
230.9 37.17738 14 1.00000
231.0 37.17918 14 1.00000
231.1 37.18099 14 1.00000
231.2 37.18281 14 1.00000
231.3 37.18461 14 1.00000
231.4 37.18639 14 1.00000
231.5 37.18820 14 1.00000
231.6 37.19000 14 1.00000
231.7 37.19179 14 1.00000
231.8 37.19358 14 1.00000
231.9 37.19538 14 1.00000
232.0 37.19714 14 1.00000
232.1 37.19896 14 1.00000
232.2 37.20074 14 1.00000
232.3 37.20251 14 1.00000
232.4 37.20431 14 1.00000
232.5 37.20610 14 1.00000
232.6 37.20786 14 1.00000
232.7 37.20966 14 1.00000
232.8 37.21141 14 1.00000
232.9 37.21321 14 1.00000
233.0 37.21499 14 1.00000
233.1 37.21675 14 1.00000
233.2 37.21854 14 1.00000
233.3 37.22029 14 1.00000
233.4 37.22208 14 1.00000
233.5 37.22383 14 1.00000
233.6 37.22562 14 1.00000
233.7 37.22737 14 1.00000
233.8 37.22914 14 1.00000
233.9 37.23090 14 1.00000
234.0 37.23266 14 1.00000
234.1 37.23445 14 1.00000
234.2 37.23619 14 1.00000
234.3 37.23797 14 1.00000
234.4 37.23973 14 1.00000
234.5 37.24146 14 1.00000
234.6 37.24322 14 1.00000
234.7 37.24497 14 1.00000
234.8 37.24675 14 1.00000
234.9 37.24848 14 1.00000
235.0 37.25025 14 1.00000
235.1 37.25200 14 1.00000
235.2 37.25375 14 1.00000
235.3 37.25549 14 1.00000
235.4 37.25724 14 1.00000
235.5 37.25896 14 1.00000
235.6 37.26072 14 1.00000
235.7 37.26244 14 1.00000
235.8 37.26418 14 1.00000
235.9 37.26592 14 1.00000
236.0 37.26766 14 1.00000
236.1 37.26940 14 1.00000
236.2 37.27115 14 1.00000
236.3 37.27289 14 1.00000
236.4 37.27460 14 1.00000
236.5 37.27633 14 1.00000
236.6 37.27806 14 1.00000
236.7 37.27979 14 1.00000
236.8 37.28151 14 1.00000
236.9 37.28326 14 1.00000
237.0 37.28499 14 1.00000
237.1 37.28669 14 1.00000
237.2 37.28841 14 1.00000
237.3 37.21454 14 1.00000
237.4 37.21625 14 1.00000
237.5 37.21793 14 1.00000
237.6 37.21966 14 1.00000
237.7 37.22134 14 1.00000
237.8 37.22307 14 1.00000
237.9 37.22477 14 1.00000
238.0 37.22647 14 1.00000
238.1 37.22817 14 1.00000
238.2 37.22985 14 1.00000
238.3 37.23157 14 1.00000
238.4 37.23326 14 1.00000
238.5 37.23494 14 1.00000
238.6 37.23665 14 1.00000
238.7 37.23834 14 1.00000
238.8 37.24001 14 1.00000
238.9 37.24172 14 1.00000
239.0 37.24339 14 1.00000
239.1 37.24510 14 1.00000
239.2 37.24678 14 1.00000
239.3 37.24847 14 1.00000
239.4 37.25015 14 1.00000
239.5 37.25183 14 1.00000
239.6 37.25349 14 1.00000
239.7 37.25520 14 1.00000
239.8 37.25685 14 1.00000
239.9 37.25853 14 1.00000
240.0 37.26023 14 1.00000
240.1 37.26188 14 1.00000
240.2 37.26355 14 1.00000
240.3 37.26522 14 1.00000
240.4 37.26692 14 1.00000
240.5 37.26857 14 1.00000
240.6 37.27024 14 1.00000
240.7 37.27190 14 1.00000
240.8 37.27357 14 1.00000
240.9 37.27523 14 1.00000
241.0 37.27692 14 1.00000
241.1 37.27856 14 1.00000
241.2 37.28025 14 1.00000
241.3 37.28191 14 1.00000
241.4 37.28357 14 1.00000
241.5 37.28520 14 1.00000
241.6 37.28686 14 1.00000
241.7 37.28854 14 1.00000
241.8 37.29019 14 1.00000
241.9 37.29184 14 1.00000
242.0 37.29347 14 1.00000
242.1 37.29512 14 1.00000
242.2 37.29679 14 1.00000
242.3 37.29844 14 1.00000
242.4 37.30007 14 1.00000
242.5 37.30174 14 1.00000
242.6 37.30338 14 1.00000
242.7 37.30503 14 1.00000
242.8 37.30667 14 1.00000
242.9 37.30831 14 1.00000
243.0 37.30995 14 1.00000
243.1 37.31157 14 1.00000
243.2 37.31322 14 1.00000
243.3 37.31486 14 1.00000
243.4 37.31650 14 1.00000
243.5 37.31811 14 1.00000
243.6 37.31977 14 1.00000
243.7 37.32140 14 1.00000
243.8 37.32301 14 1.00000
243.9 37.32466 14 1.00000
244.0 37.32629 14 1.00000
244.1 37.32792 14 1.00000
244.2 37.32954 14 1.00000
244.3 37.33117 14 1.00000
244.4 37.33279 14 1.00000
244.5 37.33439 14 1.00000
244.6 37.33603 14 1.00000
244.7 37.33763 14 1.00000
244.8 37.33927 14 1.00000
244.9 37.34089 14 1.00000
245.0 37.34251 14 1.00000
245.1 37.34412 14 1.00000
245.2 37.34574 14 1.00000
245.3 37.34735 14 1.00000
245.4 37.34894 14 1.00000
245.5 37.35056 14 1.00000
245.6 37.35218 14 1.00000
245.7 37.35379 14 1.00000
245.8 37.35540 14 1.00000
245.9 37.35701 14 1.00000
246.0 37.35859 14 1.00000
246.1 37.36020 14 1.00000
246.2 37.36180 14 1.00000
246.3 37.36340 14 1.00000
246.4 37.36502 14 1.00000
246.5 37.36662 14 1.00000
246.6 37.36821 14 1.00000
246.7 37.36980 14 1.00000
246.8 37.37136 14 1.00000
246.9 37.37295 14 1.00000
247.0 37.37453 14 1.00000
247.1 37.37614 14 1.00000
247.2 37.37772 14 1.00000
247.3 37.37928 14 1.00000
247.4 37.38088 14 1.00000
247.5 37.38243 14 1.00000
247.6 37.38401 14 1.00000
247.7 37.38561 14 1.00000
247.8 37.38718 14 1.00000
247.9 37.38876 14 1.00000
248.0 37.39033 14 1.00000
248.1 37.39190 14 1.00000
248.2 37.39347 14 1.00000
248.3 37.39504 14 1.00000
248.4 37.39661 14 1.00000
248.5 37.39815 14 1.00000
248.6 37.39974 14 1.00000
248.7 37.40130 14 1.00000
248.8 37.40287 14 1.00000
248.9 37.40441 14 1.00000
249.0 37.40597 14 1.00000
249.1 37.40755 14 1.00000
249.2 37.40909 14 1.00000
249.3 37.41067 14 1.00000
249.4 37.41220 14 1.00000
249.5 37.41376 14 1.00000
249.6 37.41533 14 1.00000
249.7 37.41689 14 1.00000
249.8 37.41844 14 1.00000
249.9 37.41997 14 1.00000
250.0 37.42154 14 1.00000
