15.0 1.33513 13 0.04491
15.1 1.34279 13 0.04561
15.2 1.35038 13 0.04629
15.3 1.35798 13 0.04698
15.4 1.36559 13 0.04767
15.5 1.37322 13 0.04835
15.6 1.38071 13 0.04902
15.7 1.38835 13 0.04970
15.8 1.39585 13 0.05035
15.9 1.40350 13 0.05103
16.0 1.41102 13 0.05170
16.1 1.41870 13 0.05238
16.2 1.42622 13 0.05304
16.3 1.43392 13 0.05372
16.4 1.44146 13 0.05439
16.5 1.44900 13 0.05505
16.6 1.45673 13 0.05572
16.7 1.46429 13 0.05638
16.8 1.47185 13 0.05704
16.9 1.47969 13 0.05774
17.0 1.48727 13 0.05841
17.1 1.49485 13 0.05908
17.2 1.50244 13 0.05975
17.3 1.51003 13 0.06042
17.4 1.51785 13 0.06109
17.5 1.52523 13 0.06174
17.6 1.53284 13 0.06242
17.7 1.54045 13 0.06310
17.8 1.54807 13 0.06379
17.9 1.55570 13 0.06448
18.0 1.56333 13 0.06516
18.1 1.57096 13 0.06583
18.2 1.57861 13 0.06652
18.3 1.58626 13 0.06722
18.4 1.59364 13 0.06790
18.5 1.60129 13 0.06861
18.6 1.60895 13 0.06933
18.7 1.61662 13 0.07000
18.8 1.62437 13 0.07073
18.9 1.63205 13 0.07146
19.0 1.63974 13 0.07219
19.1 1.64712 13 0.07290
19.2 1.65482 13 0.07362
19.3 1.66252 13 0.07435
19.4 1.66990 13 0.07508
19.5 1.67761 13 0.07584
19.6 1.68499 13 0.07657
19.7 1.69338 13 0.07744
19.8 1.70448 13 0.07861
19.9 1.71619 13 0.07992
20.0 1.72743 13 0.08118
20.1 1.73931 13 0.08254
20.2 1.75070 13 0.08383
20.3 1.76275 13 0.08518
20.4 1.77429 13 0.08653
20.5 1.78652 13 0.08797
20.6 1.79820 13 0.08936
20.7 1.81136 13 0.09094
20.8 1.82321 13 0.09233
20.9 1.83581 13 0.09388
21.0 1.84781 13 0.09537
21.1 1.85988 13 0.09689
21.2 1.87275 13 0.09845
21.3 1.88497 13 0.10002
21.4 1.89803 13 0.10171
21.5 1.91041 13 0.10334
21.6 1.92286 13 0.10501
21.7 11.16786 14 1.00000
21.8 11.14153 14 1.00000
21.9 11.11412 14 1.00000
22.0 11.08381 14 1.00000
22.1 11.05423 14 1.00000
22.2 11.03323 14 1.00000
22.3 11.00022 14 1.00000
22.4 10.96818 14 1.00000
22.5 10.93519 14 1.00000
22.6 10.91089 14 1.00000
22.7 10.87405 14 1.00000
22.8 10.83655 14 1.00000
22.9 10.80109 14 1.00000
23.0 10.76186 14 1.00000
23.1 10.72621 14 1.00000
23.2 10.69731 14 1.00000
23.3 10.65921 14 1.00000
23.4 10.61704 14 1.00000
23.5 10.57705 14 1.00000
23.6 10.54166 14 1.00000
23.7 10.50634 14 1.00000
23.8 10.46474 14 1.00000
23.9 10.41987 14 1.00000
24.0 10.37815 14 1.00000
24.1 10.33629 14 1.00000
24.2 10.29543 14 1.00000
24.3 10.26355 14 1.00000
24.4 10.21663 14 1.00000
24.5 10.17251 14 1.00000
24.6 10.12794 14 1.00000
24.7 10.07892 14 1.00000
24.8 10.03810 14 1.00000
24.9 9.99973 14 1.00000
25.0 9.94887 14 1.00000
25.1 5.50460 14 0.51280
25.2 5.53449 14 0.51980
25.3 5.56104 14 0.53527
25.4 5.58479 14 0.55099
25.5 5.60713 14 0.56420
25.6 5.62770 14 0.57693
25.7 5.64540 14 0.59531
25.8 5.66607 14 0.60226
25.9 5.69123 14 0.60316
26.0 5.71716 14 0.60376
26.1 5.74844 14 0.60301
26.2 5.77606 14 0.60346
26.3 5.80430 14 0.60396
26.4 5.83308 14 0.60457
26.5 5.86671 14 0.60489
26.6 5.89754 14 0.60526
26.7 5.92907 14 0.60570
26.8 5.95339 14 0.61178
26.9 5.97678 14 0.61620
27.0 5.99992 14 0.62059
27.1 6.02937 14 0.62239
27.2 6.05848 14 0.62449
27.3 5.98473 14 0.61397
27.4 6.02103 14 0.61548
27.5 6.01196 14 0.62864
27.6 6.02288 14 0.62907
27.7 6.03521 14 0.62957
27.8 6.04503 14 0.62997
27.9 6.06046 14 0.63060
28.0 6.06778 14 0.63091
28.1 6.07828 14 0.63134
28.2 6.09314 14 0.63197
28.3 6.11309 14 0.63281
28.4 6.12811 14 0.63346
28.5 6.14056 14 0.63400
28.6 6.14773 14 0.63431
28.7 6.16102 14 0.63489
28.8 6.17919 14 0.63569
28.9 6.19468 14 0.63638
29.0 6.20963 14 0.63705
29.1 6.21988 14 0.63751
29.2 6.22864 14 0.63791
29.3 6.24416 14 0.63862
29.4 6.26734 14 0.63968
29.5 6.28000 14 0.64027
29.6 6.29156 14 0.64081
29.7 6.30237 14 0.64131
29.8 6.31029 14 0.64169
29.9 6.32444 14 0.64235
30.0 6.34755 14 0.64340
30.1 6.35373 14 0.64368
30.2 6.37642 14 0.64473
30.3 6.38763 14 0.64524
30.4 6.39749 14 0.64570
30.5 6.41166 14 0.64636
30.6 6.43113 14 0.64728
30.7 6.44212 14 0.64780
30.8 6.45385 14 0.64835
30.9 6.47719 14 0.64946
31.0 6.48533 14 0.64985
31.1 6.50499 14 0.65080
31.2 6.51744 14 0.65140
31.3 6.53574 14 0.65229
31.4 6.54925 14 0.65294
31.5 6.56463 14 0.65369
31.6 6.57875 14 0.65438
31.7 6.59531 14 0.65520
31.8 6.61292 14 0.65607
31.9 6.63074 14 0.65695
32.0 6.64700 14 0.65776
32.1 6.65805 14 0.65831
32.2 6.67095 14 0.65895
32.3 6.69121 14 0.65997
32.4 6.70138 14 0.66048
32.5 6.72421 14 0.66163
32.6 6.74282 14 0.66257
32.7 6.75192 14 0.66303
32.8 6.77288 14 0.66410
32.9 6.79003 14 0.66497
33.0 6.80687 14 0.66583
33.1 6.82180 14 0.66660
33.2 6.83972 14 0.66752
33.3 6.85204 14 0.66815
33.4 6.86860 14 0.66901
33.5 6.88037 14 0.66962
33.6 6.89778 14 0.67052
33.7 6.91731 14 0.67154
33.8 6.93637 14 0.67253
33.9 6.94340 14 0.67290
34.0 6.95722 14 0.67362
34.1 6.98258 14 0.67494
34.2 6.99508 14 0.67560
34.3 7.01422 14 0.67661
34.4 7.02681 14 0.67727
34.5 7.04405 14 0.67818
34.6 7.05562 14 0.67879
34.7 7.07399 14 0.67976
34.8 7.08653 14 0.68042
34.9 7.11230 14 0.68179
35.0 7.12776 14 0.68261
35.1 7.14127 14 0.68333
35.2 7.16394 14 0.68454
35.3 7.17811 14 0.68529
35.4 7.18714 14 0.68578
35.5 7.20044 14 0.68649
35.6 7.22789 14 0.68796
35.7 7.24070 14 0.68864
35.8 7.25797 14 0.68957
35.9 7.27124 14 0.69028
36.0 7.28813 14 0.69119
36.1 7.30058 14 0.69186
36.2 7.32989 14 0.69344
36.3 7.34288 14 0.69414
36.4 7.35136 14 0.69460
36.5 7.36113 14 0.69513
36.6 7.39126 14 0.69676
36.7 7.40391 14 0.69745
36.8 7.43235 14 0.69899
36.9 7.44612 14 0.69974
37.0 7.47330 14 0.70122
37.1 7.48419 14 0.70181
37.2 7.50639 14 0.70302
37.3 7.51236 14 0.70334
37.4 7.53847 14 0.70477
37.5 7.55774 14 0.70582
37.6 7.57492 14 0.70676
37.7 7.59903 14 0.70807
37.8 7.60564 14 0.70843
37.9 7.62833 14 0.70968
38.0 7.64166 14 0.71040
38.1 7.66279 14 0.71156
38.2 7.68195 14 0.71261
38.3 7.68918 14 0.71301
38.4 7.70734 14 0.71400
38.5 7.72167 14 0.71479
38.6 7.72840 14 0.71516
38.7 7.75744 14 0.71675
38.8 7.76721 14 0.71729
38.9 7.78238 14 0.71812
39.0 7.79627 14 0.71889
39.1 7.81857 14 0.72011
39.2 7.84278 14 0.72145
39.3 7.86139 14 0.72247
39.4 7.87581 14 0.72327
39.5 7.89004 14 0.72405
39.6 7.91733 14 0.72555
39.7 7.93244 14 0.72639
39.8 7.93856 14 0.72673
39.9 7.94693 14 0.72719
40.0 7.97451 14 0.72871
40.1 7.99173 14 0.72966
40.2 8.01819 14 0.73112
40.3 8.02378 14 0.73143
40.4 8.04531 14 0.73262
40.5 8.06037 14 0.73345
40.6 8.07696 14 0.73437
40.7 8.10158 14 0.73573
40.8 8.10438 14 0.73588
40.9 8.12722 14 0.73715
41.0 8.13723 14 0.73770
41.1 8.14753 14 0.73827
41.2 8.17886 14 0.74000
41.3 8.20549 14 0.74148
41.4 8.22257 14 0.74242
41.5 8.23915 14 0.74334
41.6 8.26561 14 0.74480
41.7 8.28986 14 0.74614
41.8 8.28803 14 0.74604
41.9 8.31523 14 0.74755
42.0 8.32958 14 0.74834
42.1 8.34508 14 0.74920
42.2 8.35883 14 0.74996
42.3 8.37873 14 0.75106
42.4 8.40014 14 0.75224
42.5 8.40881 14 0.75272
42.6 8.43722 14 0.75429
42.7 8.46800 14 0.75600
42.8 8.48070 14 0.75670
42.9 8.49508 14 0.75750
43.0 8.52159 14 0.75896
43.1 8.53648 14 0.75979
43.2 8.54697 14 0.76037
43.3 8.56677 14 0.76146
43.4 8.58348 14 0.76239
43.5 8.59539 14 0.76305
43.6 8.61610 14 0.76419
43.7 8.60129 14 0.76337
43.8 8.46524 14 0.75584
43.9 8.37716 14 0.75097
44.0 8.36705 14 0.75041
44.1 8.35214 14 0.74959
44.2 8.32444 14 0.74806
44.3 8.30474 14 0.74697
44.4 8.28570 14 0.74591
44.5 8.26457 14 0.74474
44.6 8.23208 14 0.74295
44.7 8.16974 14 0.73950
44.8 8.13310 14 0.73747
44.9 8.10286 14 0.73580
45.0 8.08024 14 0.73455
45.1 8.02933 14 0.73174
45.2 8.01725 14 0.73107
45.3 7.94116 14 0.72687
45.4 7.93936 14 0.72677
45.5 7.92240 14 0.72583
45.6 7.91488 14 0.72542
45.7 7.90286 14 0.72476
45.8 7.88209 14 0.72361
45.9 7.87732 14 0.72335
46.0 7.86498 14 0.72267
46.1 7.84460 14 0.72155
46.2 7.82160 14 0.72028
46.3 7.78784 14 0.71842
46.4 7.75970 14 0.71688
46.5 7.73505 14 0.71552
46.6 7.70264 14 0.71375
46.7 7.70094 14 0.71365
46.8 7.66087 14 0.71146
46.9 7.59170 14 0.70767
47.0 7.59168 14 0.70767
47.1 7.58525 14 0.70732
47.2 7.57251 14 0.70662
47.3 7.56891 14 0.70643
47.4 7.55286 14 0.70555
47.5 7.54973 14 0.70538
47.6 7.52655 14 0.70412
47.7 7.54168 14 0.70494
47.8 7.55977 14 0.70593
47.9 7.57910 14 0.70698
48.0 7.60457 14 0.70838
48.1 7.62524 14 0.70951
48.2 7.64324 14 0.71049
48.3 7.65383 14 0.71107
48.4 7.68581 14 0.71282
48.5 7.75554 14 0.71665
48.6 7.79412 14 0.71877
48.7 7.82929 14 0.72070
48.8 7.86136 14 0.72247
48.9 7.88967 14 0.72403
49.0 7.95038 14 0.72738
49.1 7.96236 14 0.72804
49.2 7.98945 14 0.72953
49.3 8.00455 14 0.73037
49.4 8.03191 14 0.73188
49.5 8.05731 14 0.73328
49.6 8.08527 14 0.73483
49.7 8.10124 14 0.73571
49.8 8.12284 14 0.73690
49.9 8.14696 14 0.73824
50.0 8.18410 14 0.74029
50.1 8.25233 14 0.74407
50.2 8.28933 14 0.74611
50.3 8.33606 14 0.74870
50.4 8.37100 14 0.75063
50.5 8.38507 14 0.75141
50.6 8.41255 14 0.75293
50.7 8.47047 14 0.75613
50.8 8.50146 14 0.75785
50.9 8.53477 14 0.75969
51.0 8.54689 14 0.76036
51.1 8.55380 14 0.76075
51.2 8.58799 14 0.76264
51.3 8.60721 14 0.76370
51.4 8.63638 14 0.76532
51.5 8.65842 14 0.76654
51.6 8.69032 14 0.76830
51.7 8.73218 14 0.77061
51.8 8.79250 14 0.77395
51.9 8.80862 14 0.77484
52.0 8.85781 14 0.77755
52.1 8.89370 14 0.77954
52.2 8.92548 14 0.78129
52.3 8.97483 14 0.78401
52.4 9.00278 14 0.78555
52.5 9.06081 14 0.78875
52.6 9.10830 14 0.79136
52.7 9.13034 14 0.79258
52.8 9.15086 14 0.79370
52.9 9.18443 14 0.79555
53.0 9.20775 14 0.79683
53.1 9.23581 14 0.79837
53.2 9.23924 14 0.79856
53.3 9.26440 14 0.79994
53.4 9.31077 14 0.80249
53.5 9.34304 14 0.80426
53.6 9.40215 14 0.80751
53.7 9.46136 14 0.81075
53.8 9.50271 14 0.81301
53.9 9.54379 14 0.81526
54.0 9.59100 14 0.81784
54.1 9.61682 14 0.81925
54.2 9.65942 14 0.82158
54.3 9.73013 14 0.82543
54.4 9.77350 14 0.82779
54.5 9.79042 14 0.82872
54.6 9.80603 14 0.82956
54.7 9.82444 14 0.83057
54.8 9.86315 14 0.83267
54.9 9.89043 14 0.83415
55.0 9.91565 14 0.83552
55.1 9.94494 14 0.83711
55.2 9.99074 14 0.83959
55.3 10.04293 14 0.84242
55.4 10.09004 14 0.84497
55.5 10.15610 14 0.84854
55.6 10.20019 14 0.85092
55.7 10.24791 14 0.85349
55.8 10.29950 14 0.85627
55.9 10.34007 14 0.85846
56.0 10.34677 14 0.85882
56.1 10.38859 14 0.86107
56.2 10.46284 14 0.86505
56.3 10.48717 14 0.86636
56.4 10.52242 14 0.86825
56.5 10.55921 14 0.87022
56.6 10.58828 14 0.87177
56.7 10.61633 14 0.87327
56.8 10.65021 14 0.87508
56.9 10.67284 14 0.87629
57.0 10.71205 14 0.87838
57.1 10.75774 14 0.88082
57.2 10.82192 14 0.88424
57.3 10.86676 14 0.88662
57.4 10.88344 14 0.88751
57.5 10.94526 14 0.89079
57.6 11.00545 14 0.89398
57.7 11.05525 14 0.89661
57.8 11.08625 14 0.89825
57.9 11.14557 14 0.90138
58.0 11.17968 14 0.90318
58.1 11.21813 14 0.90521
58.2 11.29740 14 0.90938
58.3 11.34598 14 0.91194
58.4 11.37300 14 0.91335
58.5 11.40734 14 0.91516
58.6 11.44050 14 0.91690
58.7 11.44102 14 0.91692
58.8 11.47616 14 0.91876
58.9 11.48697 14 0.91933
59.0 11.52812 14 0.92148
59.1 11.58744 14 0.92458
59.2 11.65595 14 0.92816
59.3 11.70273 14 0.93059
59.4 11.74662 14 0.93288
59.5 11.83409 14 0.93742
59.6 11.83377 14 0.93741
59.7 11.87132 14 0.93935
59.8 11.94141 14 0.94298
59.9 11.98589 14 0.94528
60.0 12.02857 14 0.94749
60.1 12.03009 14 0.94757
60.2 12.08846 14 0.95058
60.3 12.13104 14 0.95277
60.4 12.20243 14 0.95644
60.5 12.24546 14 0.95865
60.6 12.28997 14 0.96094
60.7 12.32483 14 0.96273
60.8 12.36030 14 0.96454
60.9 12.39447 14 0.96629
61.0 12.41084 14 0.96713
61.1 12.46059 14 0.96967
61.2 12.51025 14 0.97221
61.3 12.57307 14 0.97541
61.4 12.63237 14 0.97843
61.5 12.67435 14 0.98056
61.6 12.67702 14 0.98070
61.7 12.72113 14 0.98294
61.8 12.80550 14 0.98722
61.9 12.87354 14 0.99066
62.0 12.92408 14 0.99321
62.1 12.98832 14 0.99646
62.2 13.03827 14 0.99897
62.3 13.06004 14 1.00000
62.4 13.08492 14 1.00000
62.5 13.10240 14 1.00000
62.6 13.13193 14 1.00000
62.7 13.15641 14 1.00000
62.8 13.16797 14 1.00000
62.9 13.17664 14 1.00000
63.0 13.17533 14 1.00000
63.1 13.19041 14 1.00000
63.2 13.20874 14 1.00000
63.3 13.22386 14 1.00000
63.4 13.23746 14 1.00000
63.5 13.26222 14 1.00000
63.6 13.28723 14 1.00000
63.7 13.31010 14 1.00000
63.8 13.32435 14 1.00000
63.9 13.34377 14 1.00000
64.0 13.37767 14 1.00000
64.1 13.40399 14 1.00000
64.2 13.42497 14 1.00000
64.3 13.44839 14 1.00000
64.4 13.44717 14 1.00000
64.5 13.46693 14 1.00000
64.6 13.48601 14 1.00000
64.7 13.50294 14 1.00000
64.8 13.51465 14 1.00000
64.9 13.55517 14 1.00000
65.0 13.55554 14 1.00000
65.1 13.58875 14 1.00000
65.2 13.59997 14 1.00000
65.3 13.61535 14 1.00000
65.4 13.62906 14 1.00000
65.5 13.63955 14 1.00000
65.6 13.65672 14 1.00000
65.7 13.67042 14 1.00000
65.8 13.69219 14 1.00000
65.9 13.68743 14 1.00000
66.0 13.71594 14 1.00000
66.1 13.73755 14 1.00000
66.2 13.76460 14 1.00000
66.3 13.78451 14 1.00000
66.4 13.80380 14 1.00000
66.5 13.83153 14 1.00000
66.6 13.85460 14 1.00000
66.7 13.87505 14 1.00000
66.8 13.89744 14 1.00000
66.9 13.91464 14 1.00000
67.0 13.93869 14 1.00000
67.1 13.95538 14 1.00000
67.2 13.96343 14 1.00000
67.3 14.00492 14 1.00000
67.4 13.98205 14 1.00000
67.5 14.01246 14 1.00000
67.6 14.03325 14 1.00000
67.7 14.04996 14 1.00000
67.8 14.05531 14 1.00000
67.9 14.07616 14 1.00000
68.0 14.09211 14 1.00000
68.1 14.10439 14 1.00000
68.2 14.11408 14 1.00000
68.3 14.13764 14 1.00000
68.4 14.16883 14 1.00000
68.5 14.19298 14 1.00000
68.6 14.21127 14 1.00000
68.7 14.23646 14 1.00000
68.8 14.25624 14 1.00000
68.9 14.25170 14 1.00000
69.0 14.26910 14 1.00000
69.1 14.30140 14 1.00000
69.2 14.32455 14 1.00000
69.3 14.34442 14 1.00000
69.4 14.36760 14 1.00000
69.5 14.38631 14 1.00000
69.6 14.39431 14 1.00000
69.7 14.41869 14 1.00000
69.8 14.43751 14 1.00000
69.9 14.45433 14 1.00000
70.0 14.47307 14 1.00000
70.1 14.50997 14 1.00000
70.2 14.51567 14 1.00000
70.3 14.53315 14 1.00000
70.4 14.51923 14 1.00000
70.5 14.54286 14 1.00000
70.6 14.55062 14 1.00000
70.7 14.57091 14 1.00000
70.8 14.58109 14 1.00000
70.9 14.59801 14 1.00000
71.0 14.62649 14 1.00000
71.1 14.64403 14 1.00000
71.2 14.66982 14 1.00000
71.3 14.69727 14 1.00000
71.4 14.71507 14 1.00000
71.5 14.73672 14 1.00000
71.6 14.75223 14 1.00000
71.7 14.78367 14 1.00000
71.8 14.81017 14 1.00000
71.9 14.83348 14 1.00000
72.0 14.82404 14 1.00000
72.1 14.84644 14 1.00000
72.2 14.83379 14 1.00000
72.3 14.84638 14 1.00000
72.4 14.86904 14 1.00000
72.5 14.89163 14 1.00000
72.6 14.90785 14 1.00000
72.7 14.91659 14 1.00000
72.8 14.93505 14 1.00000
72.9 14.95404 14 1.00000
73.0 14.97705 14 1.00000
73.1 15.00236 14 1.00000
73.2 15.02054 14 1.00000
73.3 15.03240 14 1.00000
73.4 15.04667 14 1.00000
73.5 15.04248 14 1.00000
73.6 15.05047 14 1.00000
73.7 15.07030 14 1.00000
73.8 15.08395 14 1.00000
73.9 15.09702 14 1.00000
74.0 15.12405 14 1.00000
74.1 15.14524 14 1.00000
74.2 15.17177 14 1.00000
74.3 15.18995 14 1.00000
74.4 15.21767 14 1.00000
74.5 15.23345 14 1.00000
74.6 15.25249 14 1.00000
74.7 15.27595 14 1.00000
74.8 15.30630 14 1.00000
74.9 15.32939 14 1.00000
75.0 15.34492 14 1.00000
75.1 15.37141 14 1.00000
75.2 15.35915 14 1.00000
75.3 15.38108 14 1.00000
75.4 15.39460 14 1.00000
75.5 15.41820 14 1.00000
75.6 15.43050 14 1.00000
75.7 15.44114 14 1.00000
75.8 15.45996 14 1.00000
75.9 15.47866 14 1.00000
76.0 15.49785 14 1.00000
76.1 15.52808 14 1.00000
76.2 15.53664 14 1.00000
76.3 15.55840 14 1.00000
76.4 15.56793 14 1.00000
76.5 15.58670 14 1.00000
76.6 15.60103 14 1.00000
76.7 15.61412 14 1.00000
76.8 15.60019 14 1.00000
76.9 15.61131 14 1.00000
77.0 15.64251 14 1.00000
77.1 15.65997 14 1.00000
77.2 15.68744 14 1.00000
77.3 15.70937 14 1.00000
77.4 15.73762 14 1.00000
77.5 15.75595 14 1.00000
77.6 15.77892 14 1.00000
77.7 15.79828 14 1.00000
77.8 15.81456 14 1.00000
77.9 15.84714 14 1.00000
78.0 15.87134 14 1.00000
78.1 15.89201 14 1.00000
78.2 15.91475 14 1.00000
78.3 15.93421 14 1.00000
78.4 15.95119 14 1.00000
78.5 15.94048 14 1.00000
78.6 15.95454 14 1.00000
78.7 15.97432 14 1.00000
78.8 15.98809 14 1.00000
78.9 15.99467 14 1.00000
79.0 16.01310 14 1.00000
79.1 16.03315 14 1.00000
79.2 16.05826 14 1.00000
79.3 16.08411 14 1.00000
79.4 16.09163 14 1.00000
79.5 16.11300 14 1.00000
79.6 16.12606 14 1.00000
79.7 16.13560 14 1.00000
79.8 16.14477 14 1.00000
79.9 16.16633 14 1.00000
80.0 16.17692 14 1.00000
80.1 16.20635 14 1.00000
80.2 16.18627 14 1.00000
80.3 16.21563 14 1.00000
80.4 16.23715 14 1.00000
80.5 16.25503 14 1.00000
80.6 16.28665 14 1.00000
80.7 16.30757 14 1.00000
80.8 16.32926 14 1.00000
80.9 16.34134 14 1.00000
81.0 16.36175 14 1.00000
81.1 16.38381 14 1.00000
81.2 16.40820 14 1.00000
81.3 16.43524 14 1.00000
81.4 16.44145 14 1.00000
81.5 16.45279 14 1.00000
81.6 16.47393 14 1.00000
81.7 16.48904 14 1.00000
81.8 16.53872 14 1.00000
81.9 16.49272 14 1.00000
82.0 16.54022 14 1.00000
82.1 16.55851 14 1.00000
82.2 16.56296 14 1.00000
82.3 16.58112 14 1.00000
82.4 16.59962 14 1.00000
82.5 16.61711 14 1.00000
82.6 16.63310 14 1.00000
82.7 16.67479 14 1.00000
82.8 16.68494 14 1.00000
82.9 16.68816 14 1.00000
83.0 16.70979 14 1.00000
83.1 16.72414 14 1.00000
83.2 16.73807 14 1.00000
83.3 16.75150 14 1.00000
83.4 16.76537 14 1.00000
83.5 16.78590 14 1.00000
83.6 16.80664 14 1.00000
83.7 16.77804 14 1.00000
83.8 16.81121 14 1.00000
83.9 16.83697 14 1.00000
84.0 16.85864 14 1.00000
84.1 16.87578 14 1.00000
84.2 16.90127 14 1.00000
84.3 16.91958 14 1.00000
84.4 16.94134 14 1.00000
84.5 16.95986 14 1.00000
84.6 16.97738 14 1.00000
84.7 16.99260 14 1.00000
84.8 17.02327 14 1.00000
84.9 17.02401 14 1.00000
85.0 17.03287 14 1.00000
85.1 17.05468 14 1.00000
85.2 17.07259 14 1.00000
85.3 17.08630 14 1.00000
85.4 17.11370 14 1.00000
85.5 17.08599 14 1.00000
85.6 17.11339 14 1.00000
85.7 17.14410 14 1.00000
85.8 17.16634 14 1.00000
85.9 17.17973 14 1.00000
86.0 17.19284 14 1.00000
86.1 17.20203 14 1.00000
86.2 17.21462 14 1.00000
86.3 17.23630 14 1.00000
86.4 17.27541 14 1.00000
86.5 17.27515 14 1.00000
86.6 17.29441 14 1.00000
86.7 17.30741 14 1.00000
86.8 17.32068 14 1.00000
86.9 17.33378 14 1.00000
87.0 17.34668 14 1.00000
87.1 17.35972 14 1.00000
87.2 17.37394 14 1.00000
87.3 17.35820 14 1.00000
87.4 17.36691 14 1.00000
87.5 17.39826 14 1.00000
87.6 17.42377 14 1.00000
87.7 17.44540 14 1.00000
87.8 17.46239 14 1.00000
87.9 17.48752 14 1.00000
88.0 17.51030 14 1.00000
88.1 17.52203 14 1.00000
88.2 17.54881 14 1.00000
88.3 17.56838 14 1.00000
88.4 17.58456 14 1.00000
88.5 17.59307 14 1.00000
88.6 17.61772 14 1.00000
88.7 17.62724 14 1.00000
88.8 17.63604 14 1.00000
88.9 17.65915 14 1.00000
89.0 17.67716 14 1.00000
89.1 17.69427 14 1.00000
89.2 17.67350 14 1.00000
89.3 17.69064 14 1.00000
89.4 17.70603 14 1.00000
89.5 17.72946 14 1.00000
89.6 17.74557 14 1.00000
89.7 17.78454 14 1.00000
89.8 17.79773 14 1.00000
89.9 17.80219 14 1.00000
90.0 17.81549 14 1.00000
90.1 17.83547 14 1.00000
90.2 17.85131 14 1.00000
90.3 17.86851 14 1.00000
90.4 17.90231 14 1.00000
90.5 17.90414 14 1.00000
90.6 17.91454 14 1.00000
90.7 17.92817 14 1.00000
90.8 17.94443 14 1.00000
90.9 17.95909 14 1.00000
91.0 17.97448 14 1.00000
91.1 17.95908 14 1.00000
91.2 17.97197 14 1.00000
91.3 17.98455 14 1.00000
91.4 18.00408 14 1.00000
91.5 18.02920 14 1.00000
91.6 18.05222 14 1.00000
91.7 18.07367 14 1.00000
91.8 18.09309 14 1.00000
91.9 18.10858 14 1.00000
92.0 18.13860 14 1.00000
92.1 18.15974 14 1.00000
92.2 18.11235 14 1.00000
92.3 18.13960 14 1.00000
92.4 18.16125 14 1.00000
92.5 18.17274 14 1.00000
92.6 18.19081 14 1.00000
92.7 18.21034 14 1.00000
92.8 18.22396 14 1.00000
92.9 18.25053 14 1.00000
93.0 18.26272 14 1.00000
93.1 18.23514 14 1.00000
93.2 18.25871 14 1.00000
93.3 18.25446 14 1.00000
93.4 18.27545 14 1.00000
93.5 18.29396 14 1.00000
93.6 18.31154 14 1.00000
93.7 18.32882 14 1.00000
93.8 18.34567 14 1.00000
93.9 18.36153 14 1.00000
94.0 18.37521 14 1.00000
94.1 18.39616 14 1.00000
94.2 18.43979 14 1.00000
94.3 18.44936 14 1.00000
94.4 18.45672 14 1.00000
94.5 18.47419 14 1.00000
94.6 18.48922 14 1.00000
94.7 18.50010 14 1.00000
94.8 18.51275 14 1.00000
94.9 18.55044 14 1.00000
95.0 18.56550 14 1.00000
95.1 18.52139 14 1.00000
95.2 18.56120 14 1.00000
95.3 18.56465 14 1.00000
95.4 18.57353 14 1.00000
95.5 18.59053 14 1.00000
95.6 18.60643 14 1.00000
95.7 18.61951 14 1.00000
95.8 18.63199 14 1.00000
95.9 18.63391 14 1.00000
96.0 18.66328 14 1.00000
96.1 18.68743 14 1.00000
96.2 18.71014 14 1.00000
96.3 18.73059 14 1.00000
96.4 18.74856 14 1.00000
96.5 18.76542 14 1.00000
96.6 18.79685 14 1.00000
96.7 18.81972 14 1.00000
96.8 18.83051 14 1.00000
96.9 18.86035 14 1.00000
97.0 18.84014 14 1.00000
97.1 18.85893 14 1.00000
97.2 18.82763 14 1.00000
97.3 18.84643 14 1.00000
97.4 18.86400 14 1.00000
97.5 18.88042 14 1.00000
97.6 18.93316 14 1.00000
97.7 18.93786 14 1.00000
97.8 18.94270 14 1.00000
97.9 18.96084 14 1.00000
98.0 18.97812 14 1.00000
98.1 18.99526 14 1.00000
98.2 19.01231 14 1.00000
98.3 19.02914 14 1.00000
98.4 19.04570 14 1.00000
98.5 19.06116 14 1.00000
98.6 19.07403 14 1.00000
98.7 19.08823 14 1.00000
98.8 19.13767 14 1.00000
98.9 19.15129 14 1.00000
99.0 19.15106 14 1.00000
99.1 19.16875 14 1.00000
99.2 19.18645 14 1.00000
99.3 19.16415 14 1.00000
99.4 19.16543 14 1.00000
99.5 19.18756 14 1.00000
99.6 19.20227 14 1.00000
99.7 19.20776 14 1.00000
99.8 19.25662 14 1.00000
99.9 19.26482 14 1.00000
100.0 19.27451 14 1.00000
100.1 19.28648 14 1.00000
100.2 19.29683 14 1.00000
100.3 19.16391 14 1.00000
100.4 19.16584 14 1.00000
100.5 19.18768 14 1.00000
100.6 19.20292 14 1.00000
100.7 19.20721 14 1.00000
100.8 19.25854 14 1.00000
100.9 19.26532 14 1.00000
101.0 19.27489 14 1.00000
101.1 19.28856 14 1.00000
101.2 19.30181 14 1.00000
101.3 19.16762 14 1.00000
101.4 19.18003 14 1.00000
101.5 19.30256 14 1.00000
101.6 19.16807 14 1.00000
101.7 19.18058 14 1.00000
101.8 19.18625 14 1.00000
101.9 19.20757 14 1.00000
102.0 19.21626 14 1.00000
102.1 19.25813 14 1.00000
102.2 19.25950 14 1.00000
102.3 19.27266 14 1.00000
102.4 19.28659 14 1.00000
102.5 19.15154 14 1.00000
102.6 19.16936 14 1.00000
102.7 19.18693 14 1.00000
102.8 19.20159 14 1.00000
102.9 19.20828 14 1.00000
103.0 19.25822 14 1.00000
103.1 19.26523 14 1.00000
103.2 19.27388 14 1.00000
103.3 19.28924 14 1.00000
103.4 19.15575 14 1.00000
103.5 19.16967 14 1.00000
103.6 19.18456 14 1.00000
103.7 19.30321 14 1.00000
103.8 19.16907 14 1.00000
103.9 19.18316 14 1.00000
104.0 19.18645 14 1.00000
104.1 19.20909 14 1.00000
104.2 19.24880 14 1.00000
104.3 19.26429 14 1.00000
104.4 19.27452 14 1.00000
104.5 19.28807 14 1.00000
104.6 19.30204 14 1.00000
104.7 19.16841 14 1.00000
104.8 19.18312 14 1.00000
104.9 19.18637 14 1.00000
105.0 19.20919 14 1.00000
105.1 19.24725 14 1.00000
105.2 19.26493 14 1.00000
105.3 19.27472 14 1.00000
105.4 19.28917 14 1.00000
105.5 19.15557 14 1.00000
105.6 19.16982 14 1.00000
105.7 19.18651 14 1.00000
105.8 19.20185 14 1.00000
105.9 19.20617 14 1.00000
106.0 19.18282 14 1.00000
106.1 19.18914 14 1.00000
106.2 19.20917 14 1.00000
106.3 19.25271 14 1.00000
106.4 19.26532 14 1.00000
106.5 19.27251 14 1.00000
106.6 19.28892 14 1.00000
106.7 19.15390 14 1.00000
106.8 19.16831 14 1.00000
106.9 19.18768 14 1.00000
107.0 19.20573 14 1.00000
107.1 19.21916 14 1.00000
107.2 19.25402 14 1.00000
107.3 19.27240 14 1.00000
107.4 19.28815 14 1.00000
107.5 19.30322 14 1.00000
107.6 19.16981 14 1.00000
107.7 19.18641 14 1.00000
107.8 19.20272 14 1.00000
107.9 19.21185 14 1.00000
108.0 19.25746 14 1.00000
108.1 19.27131 14 1.00000
108.2 19.28738 14 1.00000
108.3 19.30318 14 1.00000
108.4 19.26470 14 1.00000
108.5 19.26929 14 1.00000
108.6 19.28713 14 1.00000
108.7 19.16486 14 1.00000
108.8 19.17704 14 1.00000
108.9 19.18525 14 1.00000
109.0 19.20896 14 1.00000
109.1 19.25770 14 1.00000
109.2 19.25833 14 1.00000
109.3 19.27683 14 1.00000
109.4 19.30017 14 1.00000
109.5 19.16789 14 1.00000
109.6 19.18505 14 1.00000
109.7 19.20173 14 1.00000
109.8 19.21072 14 1.00000
109.9 19.25502 14 1.00000
110.0 19.27448 14 1.00000
110.1 19.28936 14 1.00000
110.2 19.15327 14 1.00000
110.3 19.17022 14 1.00000
110.4 19.18613 14 1.00000
110.5 19.20856 14 1.00000
110.6 19.25933 14 1.00000
110.7 19.27076 14 1.00000
110.8 19.20212 14 1.00000
110.9 19.21462 14 1.00000
111.0 19.26267 14 1.00000
111.1 19.27414 14 1.00000
111.2 19.28509 14 1.00000
111.3 19.16464 14 1.00000
111.4 19.18356 14 1.00000
111.5 19.19853 14 1.00000
111.6 19.21049 14 1.00000
111.7 19.25093 14 1.00000
111.8 19.27417 14 1.00000
111.9 19.28507 14 1.00000
112.0 19.16470 14 1.00000
112.1 19.18367 14 1.00000
112.2 19.19872 14 1.00000
112.3 19.30204 14 1.00000
112.4 19.16896 14 1.00000
112.5 19.18755 14 1.00000
112.6 19.20673 14 1.00000
112.7 19.24804 14 1.00000
112.8 19.25968 14 1.00000
112.9 19.27390 14 1.00000
113.0 19.30177 14 1.00000
113.1 19.16886 14 1.00000
113.2 19.18752 14 1.00000
113.3 19.28818 14 1.00000
113.4 19.15445 14 1.00000
113.5 19.16513 14 1.00000
113.6 19.18645 14 1.00000
113.7 19.20834 14 1.00000
113.8 19.25947 14 1.00000
113.9 19.27200 14 1.00000
114.0 19.28700 14 1.00000
114.1 19.15488 14 1.00000
114.2 19.16588 14 1.00000
114.3 19.18673 14 1.00000
114.4 19.28638 14 1.00000
114.5 19.16522 14 1.00000
114.6 19.18394 14 1.00000
114.7 19.19881 14 1.00000
114.8 19.21051 14 1.00000
114.9 19.25237 14 1.00000
115.0 19.27474 14 1.00000
115.1 19.28783 14 1.00000
115.2 19.16327 14 1.00000
115.3 19.18330 14 1.00000
115.4 19.19722 14 1.00000
115.5 19.30161 14 1.00000
115.6 19.16863 14 1.00000
115.7 19.18733 14 1.00000
115.8 19.20604 14 1.00000
115.9 19.25103 14 1.00000
116.0 19.26364 14 1.00000
116.1 19.26994 14 1.00000
116.2 19.29928 14 1.00000
116.3 19.16795 14 1.00000
116.4 19.18692 14 1.00000
116.5 19.28620 14 1.00000
116.6 19.15549 14 1.00000
116.7 19.16935 14 1.00000
116.8 19.18747 14 1.00000
116.9 19.20911 14 1.00000
117.0 19.25533 14 1.00000
117.1 19.26755 14 1.00000
117.2 19.28404 14 1.00000
117.3 19.30414 14 1.00000
117.4 19.16988 14 1.00000
117.5 19.18772 14 1.00000
117.6 19.28920 14 1.00000
117.7 19.15190 14 1.00000
117.8 19.17912 14 1.00000
117.9 19.18502 14 1.00000
118.0 19.20738 14 1.00000
118.1 19.25938 14 1.00000
118.2 19.27313 14 1.00000
118.3 19.28847 14 1.00000
118.4 19.15412 14 1.00000
118.5 19.16734 14 1.00000
118.6 19.18645 14 1.00000
118.7 19.28575 14 1.00000
118.8 19.16559 14 1.00000
118.9 19.18408 14 1.00000
119.0 19.19876 14 1.00000
119.1 19.21072 14 1.00000
119.2 19.25192 14 1.00000
119.3 19.27500 14 1.00000
119.4 19.28902 14 1.00000
119.5 19.15193 14 1.00000
119.6 19.18042 14 1.00000
119.7 19.19074 14 1.00000
119.8 19.29945 14 1.00000
119.9 19.16787 14 1.00000
120.0 19.18610 14 1.00000
120.1 19.20280 14 1.00000
120.2 19.22089 14 1.00000
120.3 19.26460 14 1.00000
120.4 19.27119 14 1.00000
120.5 19.28834 14 1.00000
120.6 19.16612 14 1.00000
120.7 19.18456 14 1.00000
120.8 19.19938 14 1.00000
120.9 19.30310 14 1.00000
121.0 19.16926 14 1.00000
121.1 19.18759 14 1.00000
121.2 19.20652 14 1.00000
121.3 19.25020 14 1.00000
121.4 19.26323 14 1.00000
121.5 19.27003 14 1.00000
121.6 19.29935 14 1.00000
121.7 19.16779 14 1.00000
121.8 19.18604 14 1.00000
121.9 19.20270 14 1.00000
122.0 19.30486 14 1.00000
122.1 19.16987 14 1.00000
122.2 19.18770 14 1.00000
122.3 19.20775 14 1.00000
122.4 19.24653 14 1.00000
122.5 19.25859 14 1.00000
122.6 19.28093 14 1.00000
122.7 19.30234 14 1.00000
122.8 19.16888 14 1.00000
122.9 19.18738 14 1.00000
123.0 19.28679 14 1.00000
123.1 19.15492 14 1.00000
123.2 19.16886 14 1.00000
123.3 19.18730 14 1.00000
123.4 19.20919 14 1.00000
123.5 19.25298 14 1.00000
123.6 19.26468 14 1.00000
123.7 19.28380 14 1.00000
123.8 19.30363 14 1.00000
123.9 19.16948 14 1.00000
124.0 19.18767 14 1.00000
124.1 19.28774 14 1.00000
124.2 19.15392 14 1.00000
124.3 19.16646 14 1.00000
124.4 19.18671 14 1.00000
124.5 19.20879 14 1.00000
124.6 19.25760 14 1.00000
124.7 19.27067 14 1.00000
124.8 19.28483 14 1.00000
124.9 19.30446 14 1.00000
125.0 19.16974 14 1.00000
125.1 19.18773 14 1.00000
125.2 19.28887 14 1.00000
125.3 19.15286 14 1.00000
125.4 19.16611 14 1.00000
125.5 19.18617 14 1.00000
125.6 19.20848 14 1.00000
125.7 19.25813 14 1.00000
125.8 19.27122 14 1.00000
125.9 19.28534 14 1.00000
126.0 19.30493 14 1.00000
126.1 19.16987 14 1.00000
126.2 19.18771 14 1.00000
126.3 19.28903 14 1.00000
126.4 19.15236 14 1.00000
126.5 19.16618 14 1.00000
126.6 19.18588 14 1.00000
126.7 19.20833 14 1.00000
126.8 19.25831 14 1.00000
126.9 19.27137 14 1.00000
127.0 19.28544 14 1.00000
127.1 19.30505 14 1.00000
127.2 19.16986 14 1.00000
127.3 19.18771 14 1.00000
127.4 19.28903 14 1.00000
127.5 19.15246 14 1.00000
127.6 19.16570 14 1.00000
127.7 19.18593 14 1.00000
127.8 19.20839 14 1.00000
127.9 19.25817 14 1.00000
128.0 19.27115 14 1.00000
128.1 19.28516 14 1.00000
128.2 19.30487 14 1.00000
128.3 19.16981 14 1.00000
128.4 19.18773 14 1.00000
128.5 19.28831 14 1.00000
128.6 19.15324 14 1.00000
128.7 19.16562 14 1.00000
128.8 19.18630 14 1.00000
128.9 19.20864 14 1.00000
129.0 19.25771 14 1.00000
129.1 19.27046 14 1.00000
129.2 19.28450 14 1.00000
129.3 19.30428 14 1.00000
129.4 19.16966 14 1.00000
129.5 19.18771 14 1.00000
129.6 19.28775 14 1.00000
129.7 19.15420 14 1.00000
129.8 19.16814 14 1.00000
129.9 19.18694 14 1.00000
130.0 19.20917 14 1.00000
130.1 19.25483 14 1.00000
130.2 19.26348 14 1.00000
130.3 19.28329 14 1.00000
130.4 19.30318 14 1.00000
130.5 19.16927 14 1.00000
130.6 19.18750 14 1.00000
130.7 19.20420 14 1.00000
130.8 19.30572 14 1.00000
130.9 19.16966 14 1.00000
131.0 19.18751 14 1.00000
131.1 19.20814 14 1.00000
131.2 19.24551 14 1.00000
131.3 19.26008 14 1.00000
131.4 19.27715 14 1.00000
131.5 19.30055 14 1.00000
131.6 19.16844 14 1.00000
131.7 19.18638 14 1.00000
131.8 19.20153 14 1.00000
131.9 19.30441 14 1.00000
132.0 19.16973 14 1.00000
132.1 19.18773 14 1.00000
132.2 19.20709 14 1.00000
132.3 19.24917 14 1.00000
132.4 19.26519 14 1.00000
132.5 19.27054 14 1.00000
132.6 19.29617 14 1.00000
132.7 19.16595 14 1.00000
132.8 19.18513 14 1.00000
132.9 19.19951 14 1.00000
133.0 19.30139 14 1.00000
133.1 19.16887 14 1.00000
133.2 19.18682 14 1.00000
133.3 19.20367 14 1.00000
133.4 19.22378 14 1.00000
133.5 19.26256 14 1.00000
133.6 19.27450 14 1.00000
133.7 19.28795 14 1.00000
133.8 19.15235 14 1.00000
133.9 19.18112 14 1.00000
134.0 19.18569 14 1.00000
134.1 19.29876 14 1.00000
134.2 19.16730 14 1.00000
134.3 19.18531 14 1.00000
134.4 19.19983 14 1.00000
134.5 19.21010 14 1.00000
134.6 19.25615 14 1.00000
134.7 19.27460 14 1.00000
134.8 19.28928 14 1.00000
134.9 19.15229 14 1.00000
135.0 19.16675 14 1.00000
135.1 19.18617 14 1.00000
135.2 19.28798 14 1.00000
135.3 19.15246 14 1.00000
135.4 19.18108 14 1.00000
135.5 19.18587 14 1.00000
135.6 19.20673 14 1.00000
135.7 19.25952 14 1.00000
135.8 19.27281 14 1.00000
135.9 19.28632 14 1.00000
136.0 19.30563 14 1.00000
136.1 19.16988 14 1.00000
136.2 19.18764 14 1.00000
136.3 19.28875 14 1.00000
136.4 19.15265 14 1.00000
136.5 19.16714 14 1.00000
136.6 19.18658 14 1.00000
136.7 19.20885 14 1.00000
136.8 19.25724 14 1.00000
136.9 19.26719 14 1.00000
137.0 19.28341 14 1.00000
137.1 19.30187 14 1.00000
137.2 19.16900 14 1.00000
137.3 19.18682 14 1.00000
137.4 19.20243 14 1.00000
137.5 19.30520 14 1.00000
137.6 19.16985 14 1.00000
137.7 19.18773 14 1.00000
137.8 19.20565 14 1.00000
137.9 19.24935 14 1.00000
138.0 19.26532 14 1.00000
138.1 19.27028 14 1.00000
138.2 19.29512 14 1.00000
138.3 19.16553 14 1.00000
138.4 19.18456 14 1.00000
138.5 19.18929 14 1.00000
138.6 19.30082 14 1.00000
138.7 19.16850 14 1.00000
138.8 19.18631 14 1.00000
138.9 19.20128 14 1.00000
139.0 19.21116 14 1.00000
139.1 19.25243 14 1.00000
139.2 19.27495 14 1.00000
139.3 19.28942 14 1.00000
139.4 19.15048 14 1.00000
139.5 19.16655 14 1.00000
139.6 19.18578 14 1.00000
139.7 19.28759 14 1.00000
139.8 19.15534 14 1.00000
139.9 19.18159 14 1.00000
140.0 19.18549 14 1.00000
140.1 19.20663 14 1.00000
140.2 19.25946 14 1.00000
140.3 19.27284 14 1.00000
140.4 19.28649 14 1.00000
140.5 19.30562 14 1.00000
140.6 19.16988 14 1.00000
140.7 19.18772 14 1.00000
140.8 19.28832 14 1.00000
140.9 19.15338 14 1.00000
141.0 19.16863 14 1.00000
141.1 19.18695 14 1.00000
141.2 19.20857 14 1.00000
141.3 19.24908 14 1.00000
141.4 19.25848 14 1.00000
141.5 19.28051 14 1.00000
141.6 19.30094 14 1.00000
141.7 19.16834 14 1.00000
141.8 19.18605 14 1.00000
141.9 19.20080 14 1.00000
142.0 19.30371 14 1.00000
142.1 19.16940 14 1.00000
142.2 19.18727 14 1.00000
142.3 19.20310 14 1.00000
142.4 19.25274 14 1.00000
142.5 19.26252 14 1.00000
142.6 19.27449 14 1.00000
142.7 19.28921 14 1.00000
142.8 19.15198 14 1.00000
142.9 19.17516 14 1.00000
143.0 19.18439 14 1.00000
143.1 19.28613 14 1.00000
143.2 19.16436 14 1.00000
143.3 19.18272 14 1.00000
143.4 19.18830 14 1.00000
143.5 19.21163 14 1.00000
143.6 19.25941 14 1.00000
143.7 19.27339 14 1.00000
143.8 19.28694 14 1.00000
143.9 19.30614 14 1.00000
144.0 19.16985 14 1.00000
144.1 19.18760 14 1.00000
144.2 19.28860 14 1.00000
144.3 19.15292 14 1.00000
144.4 19.16848 14 1.00000
144.5 19.18667 14 1.00000
144.6 19.20875 14 1.00000
144.7 19.25188 14 1.00000
144.8 19.25800 14 1.00000
144.9 19.28044 14 1.00000
145.0 19.30075 14 1.00000
145.1 19.16833 14 1.00000
145.2 19.18613 14 1.00000
145.3 19.20077 14 1.00000
145.4 19.30238 14 1.00000
145.5 19.16924 14 1.00000
145.6 19.18707 14 1.00000
145.7 19.20285 14 1.00000
145.8 19.22345 14 1.00000
145.9 19.25939 14 1.00000
146.0 19.27501 14 1.00000
146.1 19.28937 14 1.00000
146.2 19.15156 14 1.00000
146.3 19.17298 14 1.00000
146.4 19.18503 14 1.00000
146.5 19.28716 14 1.00000
146.6 19.15569 14 1.00000
146.7 19.18152 14 1.00000
146.8 19.18517 14 1.00000
146.9 19.20624 14 1.00000
147.0 19.25947 14 1.00000
147.1 19.27240 14 1.00000
147.2 19.28593 14 1.00000
147.3 19.30522 14 1.00000
147.4 19.16983 14 1.00000
147.5 19.18773 14 1.00000
147.6 19.20526 14 1.00000
147.7 19.30632 14 1.00000
147.8 19.16980 14 1.00000
147.9 19.18748 14 1.00000
148.0 19.20798 14 1.00000
148.1 19.24728 14 1.00000
148.2 19.26522 14 1.00000
148.3 19.27002 14 1.00000
148.4 19.28613 14 1.00000
148.5 19.16484 14 1.00000
148.6 19.18294 14 1.00000
148.7 19.19039 14 1.00000
148.8 19.30055 14 1.00000
148.9 19.16727 14 1.00000
149.0 19.18591 14 1.00000
149.1 19.20044 14 1.00000
149.2 19.20977 14 1.00000
149.3 19.25792 14 1.00000
149.4 19.27455 14 1.00000
149.5 19.28868 14 1.00000
149.6 19.15335 14 1.00000
149.7 19.16892 14 1.00000
149.8 19.18706 14 1.00000
149.9 19.28942 14 1.00000
150.0 19.15066 14 1.00000
150.1 19.16586 14 1.00000
150.2 19.18605 14 1.00000
150.3 19.20898 14 1.00000
150.4 19.25765 14 1.00000
150.5 19.25891 14 1.00000
150.6 19.28318 14 1.00000
150.7 19.30138 14 1.00000
150.8 19.16853 14 1.00000
150.9 19.18631 14 1.00000
151.0 19.20150 14 1.00000
151.1 19.30315 14 1.00000
151.2 19.16941 14 1.00000
151.3 19.18712 14 1.00000
151.4 19.20272 14 1.00000
151.5 19.21740 14 1.00000
151.6 19.25191 14 1.00000
151.7 19.27499 14 1.00000
151.8 19.28938 14 1.00000
151.9 19.15235 14 1.00000
152.0 19.16536 14 1.00000
152.1 19.18546 14 1.00000
152.2 19.28896 14 1.00000
152.3 19.15447 14 1.00000
152.4 19.17844 14 1.00000
152.5 19.18631 14 1.00000
152.6 19.20728 14 1.00000
152.7 19.25899 14 1.00000
152.8 19.27172 14 1.00000
152.9 19.28517 14 1.00000
153.0 19.30324 14 1.00000
153.1 19.16946 14 1.00000
153.2 19.18723 14 1.00000
153.3 19.20304 14 1.00000
153.4 19.30545 14 1.00000
153.5 19.16987 14 1.00000
153.6 19.18763 14 1.00000
153.7 19.20545 14 1.00000
153.8 19.25275 14 1.00000
153.9 19.26371 14 1.00000
154.0 19.27329 14 1.00000
154.1 19.28882 14 1.00000
154.2 19.15482 14 1.00000
154.3 19.17836 14 1.00000
154.4 19.18634 14 1.00000
154.5 19.28563 14 1.00000
154.6 19.16359 14 1.00000
154.7 19.18271 14 1.00000
154.8 19.18695 14 1.00000
154.9 19.21189 14 1.00000
155.0 19.25965 14 1.00000
155.1 19.27282 14 1.00000
155.2 19.28666 14 1.00000
155.3 19.30556 14 1.00000
155.4 19.16984 14 1.00000
155.5 19.18759 14 1.00000
155.6 19.20404 14 1.00000
155.7 19.30625 14 1.00000
155.8 19.16973 14 1.00000
155.9 19.18750 14 1.00000
156.0 19.20636 14 1.00000
156.1 19.25084 14 1.00000
156.2 19.26442 14 1.00000
156.3 19.27220 14 1.00000
156.4 19.28501 14 1.00000
156.5 19.16319 14 1.00000
156.6 19.18205 14 1.00000
156.7 19.18526 14 1.00000
156.8 19.28681 14 1.00000
156.9 19.16555 14 1.00000
157.0 19.18380 14 1.00000
157.1 19.19149 14 1.00000
157.2 19.21126 14 1.00000
157.3 19.25936 14 1.00000
157.4 19.27337 14 1.00000
157.5 19.28715 14 1.00000
157.6 19.30622 14 1.00000
157.7 19.16988 14 1.00000
157.8 19.18771 14 1.00000
157.9 19.20571 14 1.00000
158.0 19.30673 14 1.00000
158.1 19.16956 14 1.00000
158.2 19.18715 14 1.00000
158.3 19.20694 14 1.00000
158.4 19.24898 14 1.00000
158.5 19.26528 14 1.00000
158.6 19.27081 14 1.00000
158.7 19.28686 14 1.00000
158.8 19.16506 14 1.00000
158.9 19.18273 14 1.00000
159.0 19.18657 14 1.00000
159.1 19.28948 14 1.00000
159.2 19.16684 14 1.00000
159.3 19.18582 14 1.00000
159.4 19.19535 14 1.00000
159.5 19.21073 14 1.00000
159.6 19.25916 14 1.00000
159.7 19.27395 14 1.00000
159.8 19.28739 14 1.00000
159.9 19.30649 14 1.00000
160.0 19.16979 14 1.00000
160.1 19.18762 14 1.00000
160.2 19.20606 14 1.00000
160.3 19.30688 14 1.00000
160.4 19.16946 14 1.00000
160.5 19.18694 14 1.00000
160.6 19.20844 14 1.00000
160.7 19.24588 14 1.00000
160.8 19.26520 14 1.00000
160.9 19.27213 14 1.00000
161.0 19.28662 14 1.00000
161.1 19.16561 14 1.00000
161.2 19.18317 14 1.00000
161.3 19.18817 14 1.00000
161.4 19.29981 14 1.00000
161.5 19.16700 14 1.00000
161.6 19.18588 14 1.00000
161.7 19.19831 14 1.00000
161.8 19.21032 14 1.00000
161.9 19.25895 14 1.00000
162.0 19.27409 14 1.00000
162.1 19.28749 14 1.00000
162.2 19.30651 14 1.00000
162.3 19.16968 14 1.00000
162.4 19.18753 14 1.00000
162.5 19.20626 14 1.00000
162.6 19.30694 14 1.00000
162.7 19.16943 14 1.00000
162.8 19.18695 14 1.00000
162.9 19.20861 14 1.00000
163.0 19.24546 14 1.00000
163.1 19.26512 14 1.00000
163.2 19.27270 14 1.00000
163.3 19.28660 14 1.00000
163.4 19.16553 14 1.00000
163.5 19.18347 14 1.00000
163.6 19.18926 14 1.00000
163.7 19.29997 14 1.00000
163.8 19.16704 14 1.00000
163.9 19.18432 14 1.00000
164.0 19.19770 14 1.00000
164.1 19.21000 14 1.00000
164.2 19.25879 14 1.00000
164.3 19.27415 14 1.00000
164.4 19.28750 14 1.00000
164.5 19.30647 14 1.00000
164.6 19.16973 14 1.00000
164.7 19.18745 14 1.00000
164.8 19.20638 14 1.00000
164.9 19.30697 14 1.00000
165.0 19.16944 14 1.00000
165.1 19.18702 14 1.00000
165.2 19.20863 14 1.00000
165.3 19.24697 14 1.00000
165.4 19.26507 14 1.00000
165.5 19.27290 14 1.00000
165.6 19.28668 14 1.00000
165.7 19.16408 14 1.00000
165.8 19.18372 14 1.00000
165.9 19.19016 14 1.00000
166.0 19.30008 14 1.00000
166.1 19.16705 14 1.00000
166.2 19.18416 14 1.00000
166.3 19.19659 14 1.00000
166.4 19.20970 14 1.00000
166.5 19.25862 14 1.00000
166.6 19.27419 14 1.00000
166.7 19.28749 14 1.00000
166.8 19.30641 14 1.00000
166.9 19.16978 14 1.00000
167.0 19.18737 14 1.00000
167.1 19.20650 14 1.00000
167.2 19.30700 14 1.00000
167.3 19.16945 14 1.00000
167.4 19.18708 14 1.00000
167.5 19.20854 14 1.00000
167.6 19.24872 14 1.00000
167.7 19.26500 14 1.00000
167.8 19.27318 14 1.00000
167.9 19.28674 14 1.00000
168.0 19.16395 14 1.00000
168.1 19.18330 14 1.00000
168.2 19.19124 14 1.00000
168.3 19.30023 14 1.00000
168.4 19.16620 14 1.00000
168.5 19.18412 14 1.00000
168.6 19.19578 14 1.00000
168.7 19.20996 14 1.00000
168.8 19.25837 14 1.00000
168.9 19.27427 14 1.00000
169.0 19.28752 14 1.00000
169.1 19.30639 14 1.00000
169.2 19.16980 14 1.00000
169.3 19.18735 14 1.00000
169.4 19.20667 14 1.00000
169.5 19.30704 14 1.00000
169.6 19.16943 14 1.00000
169.7 19.18710 14 1.00000
169.8 19.20738 14 1.00000
169.9 19.25149 14 1.00000
170.0 19.26486 14 1.00000
170.1 19.27402 14 1.00000
170.2 19.28664 14 1.00000
170.3 19.16393 14 1.00000
170.4 19.18319 14 1.00000
170.5 19.19299 14 1.00000
170.6 19.30050 14 1.00000
170.7 19.16634 14 1.00000
170.8 19.18419 14 1.00000
170.9 19.19572 14 1.00000
171.0 19.21007 14 1.00000
171.1 19.25916 14 1.00000
171.2 19.27441 14 1.00000
171.3 19.28766 14 1.00000
171.4 19.30644 14 1.00000
171.5 19.16980 14 1.00000
171.6 19.18738 14 1.00000
171.7 19.28900 14 1.00000
171.8 19.15213 14 1.00000
171.9 19.16932 14 1.00000
172.0 19.18703 14 1.00000
172.1 19.20741 14 1.00000
172.2 19.25370 14 1.00000
172.3 19.26437 14 1.00000
172.4 19.27598 14 1.00000
172.5 19.28627 14 1.00000
172.6 19.16408 14 1.00000
172.7 19.18325 14 1.00000
172.8 19.19719 14 1.00000
172.9 19.30118 14 1.00000
173.0 19.16750 14 1.00000
173.1 19.18441 14 1.00000
173.2 19.19689 14 1.00000
173.3 19.20995 14 1.00000
173.4 19.25858 14 1.00000
173.5 19.27463 14 1.00000
173.6 19.28793 14 1.00000
173.7 19.30661 14 1.00000
173.8 19.16975 14 1.00000
173.9 19.18732 14 1.00000
174.0 19.28924 14 1.00000
174.1 19.15121 14 1.00000
174.2 19.16906 14 1.00000
174.3 19.18682 14 1.00000
174.4 19.20758 14 1.00000
174.5 19.25736 14 1.00000
174.6 19.26122 14 1.00000
174.7 19.28001 14 1.00000
174.8 19.28556 14 1.00000
174.9 19.16449 14 1.00000
175.0 19.18355 14 1.00000
175.1 19.19895 14 1.00000
175.2 19.30228 14 1.00000
175.3 19.16804 14 1.00000
175.4 19.18635 14 1.00000
175.5 19.19854 14 1.00000
175.6 19.20949 14 1.00000
175.7 19.25457 14 1.00000
175.8 19.27488 14 1.00000
175.9 19.28837 14 1.00000
176.0 19.30689 14 1.00000
176.1 19.16958 14 1.00000
176.2 19.18711 14 1.00000
176.3 19.28942 14 1.00000
176.4 19.15206 14 1.00000
176.5 19.16741 14 1.00000
176.6 19.18635 14 1.00000
176.7 19.20883 14 1.00000
176.8 19.25874 14 1.00000
176.9 19.26349 14 1.00000
177.0 19.28317 14 1.00000
177.1 19.30114 14 1.00000
177.2 19.16644 14 1.00000
177.3 19.18434 14 1.00000
177.4 19.20266 14 1.00000
177.5 19.30333 14 1.00000
177.6 19.16930 14 1.00000
177.7 19.18684 14 1.00000
177.8 19.19942 14 1.00000
177.9 19.21090 14 1.00000
178.0 19.25651 14 1.00000
178.1 19.27499 14 1.00000
178.2 19.28926 14 1.00000
178.3 19.15165 14 1.00000
178.4 19.16896 14 1.00000
178.5 19.18604 14 1.00000
178.6 19.28875 14 1.00000
178.7 19.15243 14 1.00000
178.8 19.16545 14 1.00000
178.9 19.18511 14 1.00000
179.0 19.20908 14 1.00000
179.1 19.25970 14 1.00000
179.2 19.27199 14 1.00000
179.3 19.28465 14 1.00000
179.4 19.30243 14 1.00000
179.5 19.16815 14 1.00000
179.6 19.18660 14 1.00000
179.7 19.20414 14 1.00000
179.8 19.30472 14 1.00000
179.9 19.16976 14 1.00000
180.0 19.18739 14 1.00000
180.1 19.20295 14 1.00000
180.2 19.21503 14 1.00000
180.3 19.26443 14 1.00000
180.4 19.27448 14 1.00000
180.5 19.28937 14 1.00000
180.6 19.15091 14 1.00000
180.7 19.16629 14 1.00000
180.8 19.18882 14 1.00000
180.9 19.28665 14 1.00000
181.0 19.16337 14 1.00000
181.1 19.17805 14 1.00000
181.2 19.18576 14 1.00000
181.3 19.20916 14 1.00000
181.4 19.25856 14 1.00000
181.5 19.27354 14 1.00000
181.6 19.28643 14 1.00000
181.7 19.30405 14 1.00000
181.8 19.16964 14 1.00000
181.9 19.18761 14 1.00000
182.0 19.20682 14 1.00000
182.1 19.30673 14 1.00000
182.2 19.16974 14 1.00000
182.3 19.18773 14 1.00000
182.4 19.20489 14 1.00000
182.5 19.24567 14 1.00000
182.6 19.26435 14 1.00000
182.7 19.26990 14 1.00000
182.8 19.28763 14 1.00000
182.9 19.16245 14 1.00000
183.0 19.17933 14 1.00000
183.1 19.19913 14 1.00000
183.2 19.30206 14 1.00000
183.3 19.16686 14 1.00000
183.4 19.18395 14 1.00000
183.5 19.19281 14 1.00000
183.6 19.20989 14 1.00000
183.7 19.25282 14 1.00000
183.8 19.27494 14 1.00000
183.9 19.28836 14 1.00000
184.0 19.30677 14 1.00000
184.1 19.16976 14 1.00000
184.2 19.18645 14 1.00000
184.3 19.28933 14 1.00000
184.4 19.15083 14 1.00000
184.5 19.16697 14 1.00000
184.6 19.18627 14 1.00000
184.7 19.20895 14 1.00000
184.8 19.25974 14 1.00000
184.9 19.27075 14 1.00000
185.0 19.28436 14 1.00000
185.1 19.30194 14 1.00000
185.2 19.16685 14 1.00000
185.3 19.18676 14 1.00000
185.4 19.20450 14 1.00000
185.5 19.30481 14 1.00000
185.6 19.16977 14 1.00000
185.7 19.18734 14 1.00000
185.8 19.20317 14 1.00000
185.9 19.25347 14 1.00000
186.0 19.26490 14 1.00000
186.1 19.27411 14 1.00000
186.2 19.28889 14 1.00000
186.3 19.15108 14 1.00000
186.4 19.16739 14 1.00000
186.5 19.19514 14 1.00000
186.6 19.28738 14 1.00000
186.7 19.16447 14 1.00000
186.8 19.18071 14 1.00000
186.9 19.18732 14 1.00000
187.0 19.21119 14 1.00000
187.1 19.25787 14 1.00000
187.2 19.27445 14 1.00000
187.3 19.28741 14 1.00000
187.4 19.30493 14 1.00000
187.5 19.16984 14 1.00000
187.6 19.18709 14 1.00000
187.7 19.28942 14 1.00000
187.8 19.15230 14 1.00000
187.9 19.16889 14 1.00000
188.0 19.18658 14 1.00000
188.1 19.20889 14 1.00000
188.2 19.25960 14 1.00000
188.3 19.27033 14 1.00000
188.4 19.28369 14 1.00000
188.5 19.29118 14 1.00000
188.6 19.16696 14 1.00000
188.7 19.18678 14 1.00000
188.8 19.20443 14 1.00000
188.9 19.30466 14 1.00000
189.0 19.16970 14 1.00000
189.1 19.18740 14 1.00000
189.2 19.20353 14 1.00000
189.3 19.25320 14 1.00000
189.4 19.26497 14 1.00000
189.5 19.27406 14 1.00000
189.6 19.28876 14 1.00000
189.7 19.15376 14 1.00000
189.8 19.16783 14 1.00000
189.9 19.19828 14 1.00000
190.0 19.28934 14 1.00000
190.1 19.16477 14 1.00000
190.2 19.18152 14 1.00000
190.3 19.19181 14 1.00000
190.4 19.20978 14 1.00000
190.5 19.25631 14 1.00000
190.6 19.27487 14 1.00000
190.7 19.28821 14 1.00000
190.8 19.30683 14 1.00000
190.9 19.16949 14 1.00000
191.0 19.18570 14 1.00000
191.1 19.28876 14 1.00000
191.2 19.15053 14 1.00000
191.3 19.16620 14 1.00000
191.4 19.18512 14 1.00000
191.5 19.20918 14 1.00000
191.6 19.25916 14 1.00000
191.7 19.27271 14 1.00000
191.8 19.28564 14 1.00000
191.9 19.30357 14 1.00000
192.0 19.16961 14 1.00000
192.1 19.18766 14 1.00000
192.2 19.20588 14 1.00000
192.3 19.30670 14 1.00000
192.4 19.16969 14 1.00000
192.5 19.18771 14 1.00000
192.6 19.20576 14 1.00000
192.7 19.25719 14 1.00000
192.8 19.26326 14 1.00000
192.9 19.28198 14 1.00000
193.0 19.28660 14 1.00000
193.1 19.16500 14 1.00000
193.2 19.18424 14 1.00000
193.3 19.20341 14 1.00000
193.4 19.30411 14 1.00000
193.5 19.16955 14 1.00000
193.6 19.18729 14 1.00000
193.7 19.20282 14 1.00000
193.8 19.21779 14 1.00000
193.9 19.26471 14 1.00000
194.0 19.27403 14 1.00000
194.1 19.28863 14 1.00000
194.2 19.15411 14 1.00000
194.3 19.16656 14 1.00000
194.4 19.19840 14 1.00000
194.5 19.29070 14 1.00000
194.6 19.16547 14 1.00000
194.7 19.18392 14 1.00000
194.8 19.19554 14 1.00000
194.9 19.21185 14 1.00000
195.0 19.25166 14 1.00000
195.1 19.27501 14 1.00000
195.2 19.28882 14 1.00000
195.3 19.30725 14 1.00000
195.4 19.16879 14 1.00000
195.5 19.18421 14 1.00000
195.6 19.28743 14 1.00000
195.7 19.16323 14 1.00000
195.8 19.17147 14 1.00000
195.9 19.18560 14 1.00000
196.0 19.20688 14 1.00000
196.1 19.25857 14 1.00000
196.2 19.27431 14 1.00000
196.3 19.28745 14 1.00000
196.4 19.30522 14 1.00000
196.5 19.16977 14 1.00000
196.6 19.18683 14 1.00000
196.7 19.28931 14 1.00000
196.8 19.15074 14 1.00000
196.9 19.16661 14 1.00000
197.0 19.18558 14 1.00000
197.1 19.20918 14 1.00000
197.2 19.25909 14 1.00000
197.3 19.27316 14 1.00000
197.4 19.28603 14 1.00000
197.5 19.30379 14 1.00000
197.6 19.16980 14 1.00000
197.7 19.18773 14 1.00000
197.8 19.20745 14 1.00000
197.9 19.30713 14 1.00000
198.0 19.16929 14 1.00000
198.1 19.18698 14 1.00000
198.2 19.20812 14 1.00000
198.3 19.25968 14 1.00000
198.4 19.27081 14 1.00000
198.5 19.28420 14 1.00000
198.6 19.30270 14 1.00000
198.7 19.16852 14 1.00000
198.8 19.18737 14 1.00000
198.9 19.20565 14 1.00000
199.0 19.30662 14 1.00000
199.1 19.16973 14 1.00000
199.2 19.18770 14 1.00000
199.3 19.20716 14 1.00000
199.4 19.25833 14 1.00000
199.5 19.25794 14 1.00000
199.6 19.28332 14 1.00000
199.7 19.29098 14 1.00000
199.8 19.16711 14 1.00000
199.9 19.18700 14 1.00000
200.0 19.20483 14 1.00000
200.1 19.30624 14 1.00000
200.2 19.16986 14 1.00000
200.3 19.18771 14 1.00000
200.4 19.20525 14 1.00000
200.5 19.24507 14 1.00000
200.6 19.26332 14 1.00000
200.7 19.28271 14 1.00000
200.8 19.28802 14 1.00000
200.9 19.16538 14 1.00000
201.0 19.18529 14 1.00000
201.1 19.20449 14 1.00000
201.2 19.30514 14 1.00000
201.3 19.16988 14 1.00000
201.4 19.18766 14 1.00000
201.5 19.20482 14 1.00000
201.6 19.24710 14 1.00000
201.7 19.26368 14 1.00000
201.8 19.27049 14 1.00000
201.9 19.28574 14 1.00000
202.0 19.16506 14 1.00000
202.1 19.18502 14 1.00000
202.2 19.20440 14 1.00000
202.3 19.30504 14 1.00000
202.4 19.16987 14 1.00000
202.5 19.18763 14 1.00000
202.6 19.20490 14 1.00000
202.7 19.24689 14 1.00000
202.8 19.26364 14 1.00000
202.9 19.27048 14 1.00000
203.0 19.28563 14 1.00000
203.1 19.16529 14 1.00000
203.2 19.18540 14 1.00000
203.3 19.20457 14 1.00000
203.4 19.30517 14 1.00000
203.5 19.16988 14 1.00000
203.6 19.18769 14 1.00000
203.7 19.20522 14 1.00000
203.8 19.24596 14 1.00000
203.9 19.26318 14 1.00000
204.0 19.26958 14 1.00000
204.1 19.28910 14 1.00000
204.2 19.16580 14 1.00000
204.3 19.18583 14 1.00000
204.4 19.20499 14 1.00000
204.5 19.30559 14 1.00000
204.6 19.16983 14 1.00000
204.7 19.18773 14 1.00000
204.8 19.20578 14 1.00000
204.9 19.25796 14 1.00000
205.0 19.25987 14 1.00000
205.1 19.28367 14 1.00000
205.2 19.29533 14 1.00000
205.3 19.16761 14 1.00000
205.4 19.18733 14 1.00000
205.5 19.20566 14 1.00000
205.6 19.30683 14 1.00000
205.7 19.16950 14 1.00000
205.8 19.18758 14 1.00000
205.9 19.20786 14 1.00000
206.0 19.25953 14 1.00000
206.1 19.27108 14 1.00000
206.2 19.28531 14 1.00000
206.3 19.30346 14 1.00000
206.4 19.16917 14 1.00000
206.5 19.18772 14 1.00000
206.6 19.20754 14 1.00000
206.7 19.30729 14 1.00000
206.8 19.16852 14 1.00000
206.9 19.18588 14 1.00000
207.0 19.20915 14 1.00000
207.1 19.25904 14 1.00000
207.2 19.27347 14 1.00000
207.3 19.28653 14 1.00000
207.4 19.30474 14 1.00000
207.5 19.16981 14 1.00000
207.6 19.18682 14 1.00000
207.7 19.28921 14 1.00000
207.8 19.15295 14 1.00000
207.9 19.16677 14 1.00000
208.0 19.18556 14 1.00000
208.1 19.20654 14 1.00000
208.2 19.25815 14 1.00000
208.3 19.27460 14 1.00000
208.4 19.28807 14 1.00000
208.5 19.30720 14 1.00000
208.6 19.16850 14 1.00000
208.7 19.18533 14 1.00000
208.8 19.28675 14 1.00000
208.9 19.16407 14 1.00000
209.0 19.18173 14 1.00000
209.1 19.19509 14 1.00000
209.2 19.21117 14 1.00000
209.3 19.25478 14 1.00000
209.4 19.27454 14 1.00000
209.5 19.28938 14 1.00000
209.6 19.15268 14 1.00000
209.7 19.16577 14 1.00000
209.8 19.19965 14 1.00000
209.9 19.30278 14 1.00000
210.0 19.16901 14 1.00000
210.1 19.18723 14 1.00000
210.2 19.20312 14 1.00000
210.3 19.25286 14 1.00000
210.4 19.26532 14 1.00000
210.5 19.27057 14 1.00000
210.6 19.28724 14 1.00000
210.7 19.16548 14 1.00000
210.8 19.18582 14 1.00000
210.9 19.20520 14 1.00000
211.0 19.30666 14 1.00000
211.1 19.16962 14 1.00000
211.2 19.18758 14 1.00000
211.3 19.20794 14 1.00000
211.4 19.25940 14 1.00000
211.5 19.27156 14 1.00000
211.6 19.28597 14 1.00000
211.7 19.30421 14 1.00000
211.8 19.16987 14 1.00000
211.9 19.18753 14 1.00000
212.0 19.28937 14 1.00000
212.1 19.15234 14 1.00000
212.2 19.16618 14 1.00000
212.3 19.18522 14 1.00000
212.4 19.21193 14 1.00000
212.5 19.25695 14 1.00000
212.6 19.27481 14 1.00000
212.7 19.28883 14 1.00000
212.8 19.15180 14 1.00000
212.9 19.16539 14 1.00000
213.0 19.19839 14 1.00000
213.1 19.29484 14 1.00000
213.2 19.16739 14 1.00000
213.3 19.18552 14 1.00000
213.4 19.20054 14 1.00000
213.5 19.22121 14 1.00000
213.6 19.26531 14 1.00000
213.7 19.26912 14 1.00000
213.8 19.28699 14 1.00000
213.9 19.16564 14 1.00000
214.0 19.18589 14 1.00000
214.1 19.20548 14 1.00000
214.2 19.30690 14 1.00000
214.3 19.16936 14 1.00000
214.4 19.18736 14 1.00000
214.5 19.20912 14 1.00000
214.6 19.25908 14 1.00000
214.7 19.27352 14 1.00000
214.8 19.28712 14 1.00000
214.9 19.30524 14 1.00000
215.0 19.16938 14 1.00000
215.1 19.18449 14 1.00000
215.2 19.28735 14 1.00000
215.3 19.16372 14 1.00000
215.4 19.18188 14 1.00000
215.5 19.19550 14 1.00000
215.6 19.21055 14 1.00000
215.7 19.26359 14 1.00000
215.8 19.27337 14 1.00000
215.9 19.28806 14 1.00000
216.0 19.16363 14 1.00000
216.1 19.18201 14 1.00000
216.2 19.20440 14 1.00000
216.3 19.30568 14 1.00000
216.4 19.16978 14 1.00000
216.5 19.18760 14 1.00000
216.6 19.20801 14 1.00000
216.7 19.25934 14 1.00000
216.8 19.27212 14 1.00000
216.9 19.28663 14 1.00000
217.0 19.30492 14 1.00000
217.1 19.16958 14 1.00000
217.2 19.18474 14 1.00000
217.3 19.28730 14 1.00000
217.4 19.16372 14 1.00000
217.5 19.18185 14 1.00000
217.6 19.19678 14 1.00000
217.7 19.21060 14 1.00000
217.8 19.26411 14 1.00000
217.9 19.27293 14 1.00000
218.0 19.28712 14 1.00000
218.1 19.16509 14 1.00000
218.2 19.18544 14 1.00000
218.3 19.20510 14 1.00000
218.4 19.30680 14 1.00000
218.5 19.16922 14 1.00000
218.6 19.18602 14 1.00000
218.7 19.20917 14 1.00000
218.8 19.25859 14 1.00000
218.9 19.27405 14 1.00000
219.0 19.28786 14 1.00000
219.1 19.30727 14 1.00000
219.2 19.16839 14 1.00000
219.3 19.19706 14 1.00000
219.4 19.29228 14 1.00000
219.5 19.16627 14 1.00000
219.6 19.18566 14 1.00000
219.7 19.20339 14 1.00000
219.8 19.25230 14 1.00000
219.9 19.26273 14 1.00000
220.0 19.28390 14 1.00000
220.1 19.29883 14 1.00000
220.2 19.16898 14 1.00000
220.3 19.18771 14 1.00000
220.4 19.28942 14 1.00000
220.5 19.15300 14 1.00000
220.6 19.16713 14 1.00000
220.7 19.18695 14 1.00000
220.8 19.20999 14 1.00000
220.9 19.25480 14 1.00000
221.0 19.27433 14 1.00000
221.1 19.28904 14 1.00000
221.2 19.16352 14 1.00000
221.3 19.18209 14 1.00000
221.4 19.20489 14 1.00000
221.5 19.30667 14 1.00000
221.6 19.16926 14 1.00000
221.7 19.18734 14 1.00000
221.8 19.20918 14 1.00000
221.9 19.25819 14 1.00000
222.0 19.27421 14 1.00000
222.1 19.28819 14 1.00000
222.2 19.30734 14 1.00000
222.3 19.16503 14 1.00000
222.4 19.19905 14 1.00000
222.5 19.30303 14 1.00000
222.6 19.16916 14 1.00000
222.7 19.18765 14 1.00000
222.8 19.20584 14 1.00000
222.9 19.25845 14 1.00000
223.0 19.27124 14 1.00000
223.1 19.28633 14 1.00000
223.2 19.30478 14 1.00000
223.3 19.16946 14 1.00000
223.4 19.18416 14 1.00000
223.5 19.28600 14 1.00000
223.6 19.16489 14 1.00000
223.7 19.18499 14 1.00000
223.8 19.20067 14 1.00000
223.9 19.25247 14 1.00000
224.0 19.26290 14 1.00000
224.1 19.28430 14 1.00000
224.2 19.30313 14 1.00000
224.3 19.16988 14 1.00000
224.4 19.18759 14 1.00000
224.5 19.28881 14 1.00000
224.6 19.16316 14 1.00000
224.7 19.18200 14 1.00000
224.8 19.19702 14 1.00000
224.9 19.21353 14 1.00000
225.0 19.26508 14 1.00000
225.1 19.26975 14 1.00000
225.2 19.29165 14 1.00000
225.3 19.16809 14 1.00000
225.4 19.18773 14 1.00000
225.5 19.28941 14 1.00000
225.6 19.15399 14 1.00000
225.7 19.17571 14 1.00000
225.8 19.18950 14 1.00000
225.9 19.21066 14 1.00000
226.0 19.26384 14 1.00000
226.1 19.26962 14 1.00000
226.2 19.28574 14 1.00000
226.3 19.16771 14 1.00000
226.4 19.18759 14 1.00000
226.5 19.20786 14 1.00000
226.6 19.15071 14 1.00000
226.7 19.17381 14 1.00000
226.8 19.18806 14 1.00000
226.9 19.21075 14 1.00000
227.0 19.26354 14 1.00000
227.1 19.27184 14 1.00000
227.2 19.28591 14 1.00000
227.3 19.16676 14 1.00000
227.4 19.18755 14 1.00000
227.5 19.20792 14 1.00000
227.6 19.15049 14 1.00000
227.7 19.17433 14 1.00000
227.8 19.18837 14 1.00000
227.9 19.21062 14 1.00000
228.0 19.26380 14 1.00000
228.1 19.26917 14 1.00000
228.2 19.28502 14 1.00000
228.3 19.16801 14 1.00000
228.4 19.18769 14 1.00000
228.5 19.28940 14 1.00000
228.6 19.15561 14 1.00000
228.7 19.17943 14 1.00000
228.8 19.19399 14 1.00000
228.9 19.21345 14 1.00000
229.0 19.26514 14 1.00000
229.1 19.27331 14 1.00000
229.2 19.29537 14 1.00000
229.3 19.16933 14 1.00000
229.4 19.18762 14 1.00000
229.5 19.28862 14 1.00000
229.6 19.16367 14 1.00000
229.7 19.18269 14 1.00000
229.8 19.20014 14 1.00000
229.9 19.25251 14 1.00000
230.0 19.26264 14 1.00000
230.1 19.28521 14 1.00000
230.2 19.30411 14 1.00000
230.3 19.16968 14 1.00000
230.4 19.18402 14 1.00000
230.5 19.28515 14 1.00000
230.6 19.16580 14 1.00000
230.7 19.18743 14 1.00000
230.8 19.20490 14 1.00000
230.9 19.25864 14 1.00000
231.0 19.27188 14 1.00000
231.1 19.28722 14 1.00000
231.2 19.30590 14 1.00000
231.3 19.16674 14 1.00000
231.4 19.19915 14 1.00000
231.5 19.30456 14 1.00000
231.6 19.16986 14 1.00000
231.7 19.18753 14 1.00000
231.8 19.20918 14 1.00000
231.9 19.25907 14 1.00000
232.0 19.27478 14 1.00000
232.1 19.28911 14 1.00000
232.2 19.16103 14 1.00000
232.3 19.18233 14 1.00000
232.4 19.20543 14 1.00000
232.5 19.30716 14 1.00000
232.6 19.16667 14 1.00000
232.7 19.18501 14 1.00000
232.8 19.21171 14 1.00000
232.9 19.26365 14 1.00000
233.0 19.26914 14 1.00000
233.1 19.28992 14 1.00000
233.2 19.16894 14 1.00000
233.3 19.18768 14 1.00000
233.4 19.28756 14 1.00000
233.5 19.16405 14 1.00000
233.6 19.18300 14 1.00000
233.7 19.20103 14 1.00000
233.8 19.24607 14 1.00000
233.9 19.26888 14 1.00000
234.0 19.28676 14 1.00000
234.1 19.30566 14 1.00000
234.2 19.16788 14 1.00000
234.3 19.19897 14 1.00000
234.4 19.30462 14 1.00000
234.5 19.16983 14 1.00000
234.6 19.18736 14 1.00000
234.7 19.20918 14 1.00000
234.8 19.25674 14 1.00000
234.9 19.27495 14 1.00000
235.0 19.28928 14 1.00000
235.1 19.16564 14 1.00000
235.2 19.18643 14 1.00000
235.3 19.20798 14 1.00000
235.4 19.15437 14 1.00000
235.5 19.17965 14 1.00000
235.6 19.19851 14 1.00000
235.7 19.22396 14 1.00000
235.8 19.26186 14 1.00000
235.9 19.28619 14 1.00000
236.0 19.30479 14 1.00000
236.1 19.16893 14 1.00000
236.2 19.19853 14 1.00000
236.3 19.30343 14 1.00000
236.4 19.16985 14 1.00000
236.5 19.18734 14 1.00000
236.6 19.20918 14 1.00000
236.7 19.25672 14 1.00000
236.8 19.27490 14 1.00000
236.9 19.28903 14 1.00000
237.0 19.16606 14 1.00000
237.1 19.18763 14 1.00000
237.2 19.28931 14 1.00000
237.3 19.16318 14 1.00000
237.4 19.18263 14 1.00000
237.5 19.20110 14 1.00000
237.6 19.24911 14 1.00000
237.7 19.27159 14 1.00000
237.8 19.28733 14 1.00000
237.9 19.30733 14 1.00000
238.0 19.16644 14 1.00000
238.1 19.20092 14 1.00000
238.2 19.30621 14 1.00000
238.3 19.16794 14 1.00000
238.4 19.18582 14 1.00000
238.5 19.21075 14 1.00000
238.6 19.26408 14 1.00000
238.7 19.27493 14 1.00000
238.8 19.30348 14 1.00000
238.9 19.16975 14 1.00000
239.0 19.18629 14 1.00000
239.1 19.29527 14 1.00000
239.2 19.16937 14 1.00000
239.3 19.18770 14 1.00000
239.4 19.20919 14 1.00000
239.5 19.25765 14 1.00000
239.6 19.27494 14 1.00000
239.7 19.28901 14 1.00000
239.8 19.16671 14 1.00000
239.9 19.18772 14 1.00000
240.0 19.28860 14 1.00000
240.1 19.16470 14 1.00000
240.2 19.18549 14 1.00000
240.3 19.20506 14 1.00000
240.4 19.25921 14 1.00000
240.5 19.27402 14 1.00000
240.6 19.28881 14 1.00000
240.7 19.16016 14 1.00000
240.8 19.18525 14 1.00000
240.9 19.20683 14 1.00000
241.0 19.15482 14 1.00000
241.1 19.18105 14 1.00000
241.2 19.19980 14 1.00000
241.3 19.24665 14 1.00000
241.4 19.27185 14 1.00000
241.5 19.28769 14 1.00000
241.6 19.15050 14 1.00000
241.7 19.17615 14 1.00000
241.8 19.20536 14 1.00000
241.9 19.30729 14 1.00000
242.0 19.16986 14 1.00000
242.1 19.19341 14 1.00000
242.2 19.22445 14 1.00000
242.3 19.25832 14 1.00000
242.4 19.28683 14 1.00000
242.5 19.30729 14 1.00000
242.6 19.16750 14 1.00000
242.7 19.20480 14 1.00000
242.8 19.30714 14 1.00000
242.9 19.16740 14 1.00000
243.0 19.19117 14 1.00000
243.1 19.21797 14 1.00000
243.2 19.26019 14 1.00000
243.3 19.28666 14 1.00000
243.4 19.30602 14 1.00000
243.5 19.16755 14 1.00000
243.6 19.20480 14 1.00000
243.7 19.30714 14 1.00000
243.8 19.16842 14 1.00000
243.9 19.19230 14 1.00000
244.0 19.22301 14 1.00000
244.1 19.26002 14 1.00000
244.2 19.28702 14 1.00000
244.3 19.30734 14 1.00000
244.4 19.17068 14 1.00000
244.5 19.20537 14 1.00000
244.6 19.30728 14 1.00000
244.7 19.17921 14 1.00000
244.8 19.19884 14 1.00000
244.9 19.25355 14 1.00000
245.0 19.27230 14 1.00000
245.1 19.28799 14 1.00000
245.2 19.15235 14 1.00000
245.3 19.18528 14 1.00000
245.4 19.20683 14 1.00000
245.5 19.15595 14 1.00000
245.6 19.18311 14 1.00000
245.7 19.20158 14 1.00000
245.8 19.25935 14 1.00000
245.9 19.27440 14 1.00000
246.0 19.28915 14 1.00000
246.1 19.16550 14 1.00000
246.2 19.18770 14 1.00000
246.3 19.28860 14 1.00000
246.4 19.16556 14 1.00000
246.5 19.18772 14 1.00000
246.6 19.20699 14 1.00000
246.7 19.25471 14 1.00000
246.8 19.27423 14 1.00000
246.9 19.28717 14 1.00000
247.0 19.16980 14 1.00000
247.1 19.18419 14 1.00000
247.2 19.29640 14 1.00000
247.3 19.16945 14 1.00000
247.4 19.18505 14 1.00000
247.5 19.20968 14 1.00000
247.6 19.26527 14 1.00000
247.7 19.28491 14 1.00000
247.8 19.30476 14 1.00000
247.9 19.16643 14 1.00000
248.0 19.20109 14 1.00000
248.1 19.30717 14 1.00000
248.2 19.17764 14 1.00000
248.3 19.19871 14 1.00000
248.4 19.24628 14 1.00000
248.5 19.27287 14 1.00000
248.6 19.28870 14 1.00000
248.7 19.16372 14 1.00000
248.8 19.18756 14 1.00000
248.9 19.28869 14 1.00000
249.0 19.16563 14 1.00000
249.1 19.18773 14 1.00000
249.2 19.20863 14 1.00000
249.3 19.25591 14 1.00000
249.4 19.27151 14 1.00000
249.5 19.29893 14 1.00000
249.6 19.16885 14 1.00000
249.7 19.19907 14 1.00000
249.8 19.30552 14 1.00000
249.9 19.16665 14 1.00000
250.0 19.19087 14 1.00000
