15.0 1.38171 13 0.04129
15.1 1.38937 13 0.04174
15.2 1.39704 13 0.04219
15.3 1.40478 13 0.04265
15.4 1.41246 13 0.04312
15.5 1.42024 13 0.04357
15.6 1.42793 13 0.04402
15.7 1.43562 13 0.04445
15.8 1.44331 13 0.04489
15.9 1.45101 13 0.04532
16.0 1.45871 13 0.04575
16.1 1.46653 13 0.04618
16.2 1.47424 13 0.04661
16.3 1.48196 13 0.04703
16.4 1.48968 13 0.04745
16.5 1.49740 13 0.04786
16.6 1.50524 13 0.04828
16.7 1.51298 13 0.04869
16.8 1.52071 13 0.04912
16.9 1.52858 13 0.04953
17.0 1.53644 13 0.04994
17.1 1.54408 13 0.05033
17.2 1.55172 13 0.05073
17.3 1.55935 13 0.05112
17.4 1.56698 13 0.05154
17.5 1.57462 13 0.05193
17.6 1.58225 13 0.05231
17.7 1.58988 13 0.05269
17.8 1.59751 13 0.05307
17.9 1.60514 13 0.05349
18.0 1.61277 13 0.05387
18.1 1.62040 13 0.05425
18.2 1.62802 13 0.05462
18.3 1.63565 13 0.05503
18.4 1.64327 13 0.05540
18.5 1.65089 13 0.05578
18.6 1.65851 13 0.05619
18.7 1.66613 13 0.05656
18.8 1.67375 13 0.05693
18.9 1.68136 13 0.05734
19.0 1.68898 13 0.05771
19.1 1.69659 13 0.05812
19.2 1.70420 13 0.05848
19.3 1.71299 13 0.05899
19.4 1.72480 13 0.05972
19.5 1.73669 13 0.06049
19.6 1.74866 13 0.06127
19.7 1.76071 13 0.06204
19.8 1.77284 13 0.06300
19.9 1.78506 13 0.06376
20.0 1.79736 13 0.06454
20.1 1.80974 13 0.06530
20.2 1.82221 13 0.06609
20.3 1.83476 13 0.06688
20.4 1.84739 13 0.06768
20.5 1.86011 13 0.06847
20.6 1.87292 13 0.06928
20.7 1.88581 13 0.07010
20.8 1.89879 13 0.07093
20.9 1.91186 13 0.07176
21.0 15.81226 14 1.00000
21.1 15.84800 14 1.00000
21.2 15.88594 14 1.00000
21.3 15.92004 14 1.00000
21.4 15.95327 14 1.00000
21.5 15.98565 14 1.00000
21.6 16.02128 14 1.00000
21.7 16.05265 14 1.00000
21.8 16.08310 14 1.00000
21.9 16.11656 14 1.00000
22.0 16.14610 14 1.00000
22.1 16.17474 14 1.00000
22.2 16.20254 14 1.00000
22.3 16.23388 14 1.00000
22.4 16.26073 14 1.00000
22.5 16.28675 14 1.00000
22.6 16.31623 14 1.00000
22.7 16.34136 14 1.00000
22.8 16.36561 14 1.00000
22.9 16.38913 14 1.00000
23.0 16.41680 14 1.00000
23.1 16.43946 14 1.00000
23.2 16.46133 14 1.00000
23.3 16.48718 14 1.00000
23.4 16.50836 14 1.00000
23.5 16.52880 14 1.00000
23.6 16.54844 14 1.00000
23.7 16.57263 14 1.00000
23.8 16.59158 14 1.00000
23.9 16.60989 14 1.00000
24.0 16.63263 14 1.00000
24.1 16.65026 14 1.00000
24.2 16.66713 14 1.00000
24.3 5.56453 14 0.29553
24.4 5.64808 14 0.30042
24.5 5.73197 14 0.30542
24.6 5.81623 14 0.31045
24.7 5.90104 14 0.31541
24.8 5.98608 14 0.32047
24.9 6.07146 14 0.32556
25.0 6.15718 14 0.33067
25.1 6.24361 14 0.33571
25.2 6.33005 14 0.34087
25.3 6.41682 14 0.34604
25.4 6.50391 14 0.35123
25.5 6.59186 14 0.35634
25.6 6.67964 14 0.36157
25.7 6.76770 14 0.36682
25.8 6.85604 14 0.37209
25.9 6.94549 14 0.37728
26.0 7.03453 14 0.38257
26.1 7.12385 14 0.38789
26.2 7.21343 14 0.39323
26.3 7.30356 14 0.39856
26.4 7.39447 14 0.40386
26.5 7.48497 14 0.40925
26.6 7.57577 14 0.41465
26.7 7.66678 14 0.42007
26.8 7.75944 14 0.42541
26.9 7.85109 14 0.43087
27.0 7.94298 14 0.43634
27.1 8.03510 14 0.44183
27.2 8.12759 14 0.44732
27.3 8.22193 14 0.45275
27.4 8.31505 14 0.45828
27.5 8.40842 14 0.46382
27.6 8.50196 14 0.46938
27.7 8.59575 14 0.47496
27.8 8.68972 14 0.48056
27.9 8.78626 14 0.48607
28.0 8.88086 14 0.49170
28.1 8.97559 14 0.49734
28.2 9.07071 14 0.50300
28.3 9.16619 14 0.50867
28.4 9.26205 14 0.51434
28.5 9.35901 14 0.52000
28.6 9.45747 14 0.52564
28.7 9.55410 14 0.53136
28.8 9.65078 14 0.53711
28.9 9.74769 14 0.54287
29.0 9.84495 14 0.54864
29.1 9.94215 14 0.55444
29.2 10.04308 14 0.56015
29.3 10.14076 14 0.56598
29.4 10.23848 14 0.57182
29.5 10.34009 14 0.57759
29.6 10.43802 14 0.58348
29.7 10.53816 14 0.58933
29.8 10.63863 14 0.59519
29.9 10.73495 14 0.60116
30.0 10.83537 14 0.60707
30.1 10.93605 14 0.61299
30.2 11.03671 14 0.61893
30.3 11.13741 14 0.62489
30.4 11.23844 14 0.63086
30.5 11.34441 14 0.63676
30.6 11.44557 14 0.64277
30.7 11.54665 14 0.64880
30.8 11.64753 14 0.65485
30.9 11.74848 14 0.66091
31.0 11.85425 14 0.66692
31.1 11.95613 14 0.67301
31.2 12.05894 14 0.67910
31.3 12.16128 14 0.68522
31.4 12.26244 14 0.69136
31.5 12.36900 14 0.69746
31.6 12.47148 14 0.70362
31.7 12.57808 14 0.70976
31.8 12.67548 14 0.71601
31.9 12.78276 14 0.72217
32.0 12.88851 14 0.72837
32.1 12.99327 14 0.73459
32.2 13.09746 14 0.74083
32.3 13.19563 14 0.74715
32.4 13.29946 14 0.75343
32.5 13.40419 14 0.75971
32.6 13.51172 14 0.76599
32.7 13.61286 14 0.77234
32.8 13.71910 14 0.77866
32.9 13.82498 14 0.78499
33.0 13.92972 14 0.79136
33.1 14.03511 14 0.79773
33.2 14.14472 14 0.80409
33.3 14.24377 14 0.81053
33.4 14.35501 14 0.81692
33.5 14.45427 14 0.82338
33.6 14.56022 14 0.82983
33.7 14.66613 14 0.83628
33.8 14.77153 14 0.84276
33.9 14.87799 14 0.84924
34.0 14.97379 14 0.85579
34.1 15.08562 14 0.86228
34.2 15.18396 14 0.86883
34.3 15.28346 14 0.87540
34.4 15.38596 14 0.88196
34.5 15.49067 14 0.88853
34.6 15.59931 14 0.89510
34.7 15.70940 14 0.90169
34.8 15.80796 14 0.90831
34.9 15.90982 14 0.91494
35.0 16.00431 14 0.92160
35.1 16.10682 14 0.92825
35.2 16.20961 14 0.93492
35.3 16.31409 14 0.94159
35.4 16.42777 14 0.94826
35.5 16.52799 14 0.95497
35.6 16.62781 14 0.96168
35.7 16.72735 14 0.96841
35.8 16.82655 14 0.97515
35.9 16.92544 14 0.98190
36.0 17.02389 14 0.98866
36.1 17.12199 14 0.99543
36.2 17.18374 14 1.00000
36.3 17.16823 14 1.00000
36.4 17.15663 14 1.00000
36.5 17.14476 14 1.00000
36.6 17.13252 14 1.00000
36.7 17.11996 14 1.00000
36.8 17.10699 14 1.00000
36.9 16.98652 14 1.00000
37.0 16.97325 14 1.00000
37.1 16.95984 14 1.00000
37.2 16.94592 14 1.00000
37.3 16.93160 14 1.00000
37.4 16.91704 14 1.00000
37.5 16.78445 14 1.00000
37.6 16.76972 14 1.00000
37.7 16.75458 14 1.00000
37.8 16.73913 14 1.00000
37.9 16.72325 14 1.00000
38.0 16.58749 14 1.00000
38.1 16.57147 14 1.00000
38.2 16.55513 14 1.00000
38.3 16.53842 14 1.00000
38.4 16.52140 14 1.00000
38.5 16.50408 14 1.00000
38.6 15.32981 14 1.00000
38.7 14.21140 14 1.00000
38.8 14.15942 14 1.00000
38.9 13.98445 14 1.00000
39.0 13.90791 14 1.00000
39.1 13.86998 14 1.00000
39.2 13.81606 14 1.00000
39.3 13.65988 14 1.00000
39.4 13.56822 14 1.00000
39.5 13.56338 14 1.00000
39.6 13.52259 14 1.00000
39.7 13.48160 14 1.00000
39.8 13.31729 14 1.00000
39.9 13.23992 14 1.00000
40.0 13.22992 14 1.00000
40.1 13.19165 14 1.00000
40.2 13.16826 14 1.00000
40.3 12.82992 14 0.98422
40.4 12.63511 14 0.97428
40.5 12.60576 14 0.97278
40.6 12.49318 14 0.96701
40.7 12.32200 14 0.95820
40.8 12.22323 14 0.95311
40.9 11.98620 14 0.94082
41.0 11.96092 14 0.93951
41.1 11.93483 14 0.93815
41.2 11.66983 14 0.92432
41.3 11.54052 14 0.91753
41.4 11.43584 14 0.91202
41.5 11.35575 14 0.90780
41.6 11.32337 14 0.90609
41.7 11.17495 14 0.89823
41.8 11.05941 14 0.89210
41.9 10.93953 14 0.88571
42.0 10.86079 14 0.88151
42.1 10.81072 14 0.87883
42.2 10.65331 14 0.87040
42.3 10.50624 14 0.86249
42.4 10.48843 14 0.86153
42.5 10.46183 14 0.86009
42.6 10.43723 14 0.85876
42.7 10.31030 14 0.85190
42.8 10.22432 14 0.84725
42.9 10.10034 14 0.84051
43.0 10.04969 14 0.83776
43.1 10.00329 14 0.83523
43.2 10.02329 14 0.83632
43.3 10.15851 14 0.84367
43.4 10.29283 14 0.85096
43.5 10.33140 14 0.85305
43.6 10.35327 14 0.85423
43.7 10.37452 14 0.85538
43.8 10.39365 14 0.85641
43.9 10.53860 14 0.86423
44.0 10.68056 14 0.87186
44.1 10.72971 14 0.87450
44.2 10.77793 14 0.87708
44.3 10.83081 14 0.87991
44.4 10.88141 14 0.88261
44.5 10.93080 14 0.88525
44.6 10.97591 14 0.88765
44.7 11.01407 14 0.88968
44.8 11.07693 14 0.89303
44.9 11.21640 14 0.90043
45.0 11.31390 14 0.90559
45.1 11.40069 14 0.91017
45.2 11.47582 14 0.91413
45.3 11.60808 14 0.92108
45.4 11.67962 14 0.92483
45.5 11.73205 14 0.92757
45.6 11.78993 14 0.93060
45.7 11.84507 14 0.93348
45.8 11.89127 14 0.93588
45.9 11.94823 14 0.93885
46.0 11.98964 14 0.94100
46.1 12.05265 14 0.94428
46.2 12.19980 14 0.95190
46.3 12.30755 14 0.95746
46.4 12.40620 14 0.96254
46.5 12.49279 14 0.96699
46.6 12.64585 14 0.97483
46.7 12.70997 14 0.97810
46.8 12.77499 14 0.98142
46.9 12.83894 14 0.98468
47.0 12.89895 14 0.98773
47.1 12.95661 14 0.99066
47.2 13.01180 14 0.99345
47.3 13.06437 14 0.99612
47.4 13.10920 14 0.99838
47.5 13.16561 14 1.00000
47.6 13.22848 14 1.00000
47.7 13.27048 14 1.00000
47.8 13.30800 14 1.00000
47.9 13.34018 14 1.00000
48.0 13.40010 14 1.00000
48.1 13.42297 14 1.00000
48.2 13.45445 14 1.00000
48.3 13.47815 14 1.00000
48.4 13.50168 14 1.00000
48.5 13.52429 14 1.00000
48.6 13.54569 14 1.00000
48.7 13.56615 14 1.00000
48.8 13.58282 14 1.00000
48.9 13.62486 14 1.00000
49.0 13.68201 14 1.00000
49.1 13.72506 14 1.00000
49.2 13.76431 14 1.00000
49.3 13.79910 14 1.00000
49.4 13.82983 14 1.00000
49.5 13.88938 14 1.00000
49.6 13.91670 14 1.00000
49.7 13.93897 14 1.00000
49.8 13.96355 14 1.00000
49.9 13.98488 14 1.00000
50.0 14.00932 14 1.00000
50.1 14.03158 14 1.00000
50.2 14.04924 14 1.00000
50.3 14.08298 14 1.00000
50.4 14.12279 14 1.00000
50.5 14.17970 14 1.00000
50.6 14.22105 14 1.00000
50.7 14.25780 14 1.00000
50.8 14.29400 14 1.00000
50.9 14.32453 14 1.00000
51.0 14.38296 14 1.00000
51.1 14.40741 14 1.00000
51.2 14.43198 14 1.00000
51.3 14.45804 14 1.00000
51.4 14.48070 14 1.00000
51.5 14.50514 14 1.00000
51.6 14.52258 14 1.00000
51.7 14.54560 14 1.00000
51.8 14.58108 14 1.00000
51.9 14.62258 14 1.00000
52.0 14.67408 14 1.00000
52.1 14.71610 14 1.00000
52.2 14.75489 14 1.00000
52.3 14.79004 14 1.00000
52.4 14.82078 14 1.00000
52.5 14.87391 14 1.00000
52.6 14.91137 14 1.00000
52.7 14.93897 14 1.00000
52.8 14.96218 14 1.00000
52.9 14.98377 14 1.00000
53.0 15.00826 14 1.00000
53.1 15.02813 14 1.00000
53.2 15.05527 14 1.00000
53.3 15.07347 14 1.00000
53.4 15.12182 14 1.00000
53.5 15.15870 14 1.00000
53.6 15.21205 14 1.00000
53.7 15.25152 14 1.00000
53.8 15.29416 14 1.00000
53.9 15.32896 14 1.00000
54.0 15.36060 14 1.00000
54.1 15.41799 14 1.00000
54.2 15.45255 14 1.00000
54.3 15.47292 14 1.00000
54.4 15.50240 14 1.00000
54.5 15.52609 14 1.00000
54.6 15.55034 14 1.00000
54.7 15.57308 14 1.00000
54.8 15.59024 14 1.00000
54.9 15.61460 14 1.00000
55.0 15.66115 14 1.00000
55.1 15.70179 14 1.00000
55.2 15.73284 14 1.00000
55.3 15.79281 14 1.00000
55.4 15.83318 14 1.00000
55.5 15.87116 14 1.00000
55.6 15.90662 14 1.00000
55.7 15.93597 14 1.00000
55.8 15.99874 14 1.00000
55.9 16.02957 14 1.00000
56.0 16.04353 14 1.00000
56.1 16.06872 14 1.00000
56.2 16.09374 14 1.00000
56.3 16.12388 14 1.00000
56.4 16.14667 14 1.00000
56.5 16.16273 14 1.00000
56.6 16.19347 14 1.00000
56.7 16.24006 14 1.00000
56.8 16.28011 14 1.00000
56.9 16.32186 14 1.00000
57.0 16.37508 14 1.00000
57.1 16.41595 14 1.00000
57.2 16.45437 14 1.00000
57.3 16.48263 14 1.00000
57.4 16.52251 14 1.00000
57.5 16.58648 14 1.00000
57.6 16.60859 14 1.00000
57.7 16.64198 14 1.00000
57.8 16.65760 14 1.00000
57.9 16.68672 14 1.00000
58.0 16.71410 14 1.00000
58.1 16.73556 14 1.00000
58.2 16.76205 14 1.00000
58.3 16.78451 14 1.00000
58.4 16.81635 14 1.00000
58.5 16.86086 14 1.00000
58.6 16.89777 14 1.00000
58.7 16.94101 14 1.00000
58.8 16.99512 14 1.00000
58.9 17.03147 14 1.00000
59.0 17.06504 14 1.00000
59.1 17.10298 14 1.00000
59.2 17.13938 14 1.00000
59.3 17.16992 14 1.00000
59.4 17.22132 14 1.00000
59.5 17.25673 14 1.00000
59.6 17.27349 14 1.00000
59.7 17.30291 14 1.00000
59.8 17.32209 14 1.00000
59.9 17.35304 14 1.00000
60.0 17.36577 14 1.00000
60.1 17.39900 14 1.00000
60.2 17.43365 14 1.00000
60.3 17.47262 14 1.00000
60.4 17.51703 14 1.00000
60.5 17.55158 14 1.00000
60.6 17.59395 14 1.00000
60.7 17.64822 14 1.00000
60.8 17.68732 14 1.00000
60.9 17.71913 14 1.00000
61.0 17.75210 14 1.00000
61.1 17.78762 14 1.00000
61.2 17.84733 14 1.00000
61.3 17.87630 14 1.00000
61.4 17.90604 14 1.00000
61.5 17.92793 14 1.00000
61.6 17.94504 14 1.00000
61.7 17.97878 14 1.00000
61.8 18.00236 14 1.00000
61.9 18.01423 14 1.00000
62.0 18.04104 14 1.00000
62.1 18.07880 14 1.00000
62.2 18.13113 14 1.00000
62.3 18.17588 14 1.00000
62.4 18.21316 14 1.00000
62.5 18.25131 14 1.00000
62.6 18.30235 14 1.00000
62.7 18.34304 14 1.00000
62.8 18.37589 14 1.00000
62.9 18.41147 14 1.00000
63.0 18.43496 14 1.00000
63.1 18.47169 14 1.00000
63.2 18.52608 14 1.00000
63.3 18.56598 14 1.00000
63.4 18.59367 14 1.00000
63.5 18.61692 14 1.00000
63.6 18.63591 14 1.00000
63.7 18.65419 14 1.00000
63.8 18.68595 14 1.00000
63.9 18.71721 14 1.00000
64.0 18.74016 14 1.00000
64.1 18.78478 14 1.00000
64.2 18.81964 14 1.00000
64.3 18.86917 14 1.00000
64.4 18.90486 14 1.00000
64.5 18.94747 14 1.00000
64.6 19.00212 14 1.00000
64.7 19.04237 14 1.00000
64.8 19.07583 14 1.00000
64.9 19.11273 14 1.00000
65.0 19.14127 14 1.00000
65.1 19.17838 14 1.00000
65.2 19.24191 14 1.00000
65.3 19.27281 14 1.00000
65.4 19.29616 14 1.00000
65.5 19.31867 14 1.00000
65.6 19.34075 14 1.00000
65.7 19.36109 14 1.00000
65.8 19.39065 14 1.00000
65.9 19.42365 14 1.00000
66.0 19.44452 14 1.00000
66.1 19.46365 14 1.00000
66.2 19.52569 14 1.00000
66.3 19.57594 14 1.00000
66.4 19.60189 14 1.00000
66.5 19.65799 14 1.00000
66.6 19.67845 14 1.00000
66.7 19.73352 14 1.00000
66.8 19.76801 14 1.00000
66.9 19.81862 14 1.00000
67.0 19.85601 14 1.00000
67.1 19.88331 14 1.00000
67.2 19.92567 14 1.00000
67.3 19.95672 14 1.00000
67.4 20.00884 14 1.00000
67.5 20.04958 14 1.00000
67.6 20.07363 14 1.00000
67.7 20.09951 14 1.00000
67.8 20.12518 14 1.00000
67.9 20.15020 14 1.00000
68.0 20.16751 14 1.00000
68.1 20.18556 14 1.00000
68.2 20.20801 14 1.00000
68.3 20.26984 14 1.00000
68.4 20.31421 14 1.00000
68.5 20.36439 14 1.00000
68.6 20.40623 14 1.00000
68.7 20.44233 14 1.00000
68.8 20.48247 14 1.00000
68.9 20.53026 14 1.00000
69.0 20.55811 14 1.00000
69.1 20.60629 14 1.00000
69.2 20.64321 14 1.00000
69.3 20.67348 14 1.00000
69.4 20.71466 14 1.00000
69.5 20.74609 14 1.00000
69.6 20.79691 14 1.00000
69.7 20.82561 14 1.00000
69.8 20.86608 14 1.00000
69.9 20.87929 14 1.00000
70.0 20.91288 14 1.00000
70.1 20.94403 14 1.00000
70.2 20.97014 14 1.00000
70.3 20.99531 14 1.00000
70.4 21.01931 14 1.00000
70.5 21.05279 14 1.00000
70.6 21.10694 14 1.00000
70.7 21.14892 14 1.00000
70.8 21.19915 14 1.00000
70.9 21.23976 14 1.00000
71.0 21.27314 14 1.00000
71.1 21.30025 14 1.00000
71.2 21.36765 14 1.00000
71.3 21.39219 14 1.00000
71.4 21.44344 14 1.00000
71.5 21.47944 14 1.00000
71.6 21.50018 14 1.00000
71.7 21.55116 14 1.00000
71.8 21.58334 14 1.00000
71.9 21.63251 14 1.00000
72.0 21.67757 14 1.00000
72.1 21.69250 14 1.00000
72.2 21.73090 14 1.00000
72.3 21.76033 14 1.00000
72.4 21.76744 14 1.00000
72.5 21.81177 14 1.00000
72.6 21.82233 14 1.00000
72.7 21.85766 14 1.00000
72.8 21.87798 14 1.00000
72.9 21.93405 14 1.00000
73.0 21.99128 14 1.00000
73.1 22.02290 14 1.00000
73.2 22.07552 14 1.00000
73.3 22.11012 14 1.00000
73.4 22.16074 14 1.00000
73.5 22.19943 14 1.00000
73.6 22.25130 14 1.00000
73.7 22.27737 14 1.00000
73.8 22.32274 14 1.00000
73.9 22.36060 14 1.00000
74.0 22.38416 14 1.00000
74.1 22.43631 14 1.00000
74.2 22.46908 14 1.00000
74.3 22.48409 14 1.00000
74.4 22.57818 14 1.00000
74.5 22.59152 14 1.00000
74.6 22.62390 14 1.00000
74.7 22.64302 14 1.00000
74.8 22.67859 14 1.00000
74.9 22.69325 14 1.00000
75.0 22.73205 14 1.00000
75.1 22.75770 14 1.00000
75.2 22.78378 14 1.00000
75.3 22.81902 14 1.00000
75.4 22.87294 14 1.00000
75.5 22.91921 14 1.00000
75.6 22.97054 14 1.00000
75.7 23.01490 14 1.00000
75.8 23.05253 14 1.00000
75.9 23.09671 14 1.00000
76.0 23.13484 14 1.00000
76.1 23.18325 14 1.00000
76.2 23.22444 14 1.00000
76.3 23.25730 14 1.00000
76.4 23.29430 14 1.00000
76.5 23.33811 14 1.00000
76.6 23.37243 14 1.00000
76.7 23.39730 14 1.00000
76.8 23.43501 14 1.00000
76.9 23.49361 14 1.00000
77.0 23.54329 14 1.00000
77.1 23.55584 14 1.00000
77.2 23.59473 14 1.00000
77.3 23.61845 14 1.00000
77.4 23.64085 14 1.00000
77.5 23.67767 14 1.00000
77.6 23.70045 14 1.00000
77.7 23.72523 14 1.00000
77.8 23.75627 14 1.00000
77.9 23.80099 14 1.00000
78.0 23.84809 14 1.00000
78.1 23.90589 14 1.00000
78.2 23.95276 14 1.00000
78.3 23.99798 14 1.00000
78.4 24.03888 14 1.00000
78.5 24.08190 14 1.00000
78.6 24.12083 14 1.00000
78.7 24.15830 14 1.00000
78.8 24.21183 14 1.00000
78.9 24.23952 14 1.00000
79.0 24.27040 14 1.00000
79.1 24.32777 14 1.00000
79.2 24.36384 14 1.00000
79.3 24.38306 14 1.00000
79.4 24.43180 14 1.00000
79.5 24.46527 14 1.00000
79.6 24.53746 14 1.00000
79.7 24.55631 14 1.00000
79.8 24.59259 14 1.00000
79.9 24.61170 14 1.00000
80.0 24.64225 14 1.00000
80.1 24.67897 14 1.00000
80.2 24.70447 14 1.00000
80.3 24.72799 14 1.00000
80.4 24.75626 14 1.00000
80.5 24.78770 14 1.00000
80.6 24.83190 14 1.00000
80.7 24.87580 14 1.00000
80.8 24.93857 14 1.00000
80.9 24.98789 14 1.00000
81.0 25.03439 14 1.00000
81.1 25.07022 14 1.00000
81.2 25.12106 14 1.00000
81.3 25.14922 14 1.00000
81.4 25.18575 14 1.00000
81.5 25.24700 14 1.00000
81.6 25.29355 14 1.00000
81.7 25.32832 14 1.00000
81.8 25.37188 14 1.00000
81.9 25.40993 14 1.00000
82.0 25.43771 14 1.00000
82.1 25.48003 14 1.00000
82.2 25.50563 14 1.00000
82.3 25.54846 14 1.00000
82.4 25.63591 14 1.00000
82.5 25.65493 14 1.00000
82.6 25.67143 14 1.00000
82.7 25.69115 14 1.00000
82.8 25.73729 14 1.00000
82.9 25.76656 14 1.00000
83.0 25.79601 14 1.00000
83.1 25.82416 14 1.00000
83.2 25.85258 14 1.00000
83.3 25.87955 14 1.00000
83.4 25.91044 14 1.00000
83.5 25.96988 14 1.00000
83.6 26.02277 14 1.00000
83.7 26.06238 14 1.00000
83.8 26.10850 14 1.00000
83.9 26.16931 14 1.00000
84.0 26.21361 14 1.00000
84.1 26.25694 14 1.00000
84.2 26.28945 14 1.00000
84.3 26.32628 14 1.00000
84.4 26.38207 14 1.00000
84.5 26.43232 14 1.00000
84.6 26.47333 14 1.00000
84.7 26.51288 14 1.00000
84.8 26.55060 14 1.00000
84.9 26.57617 14 1.00000
85.0 26.62257 14 1.00000
85.1 26.65164 14 1.00000
85.2 26.69235 14 1.00000
85.3 26.70464 14 1.00000
85.4 26.80201 14 1.00000
85.5 26.83107 14 1.00000
85.6 26.85709 14 1.00000
85.7 26.88705 14 1.00000
85.8 26.91714 14 1.00000
85.9 26.94556 14 1.00000
86.0 26.97292 14 1.00000
86.1 27.00230 14 1.00000
86.2 27.03474 14 1.00000
86.3 27.06373 14 1.00000
86.4 27.10032 14 1.00000
86.5 27.15844 14 1.00000
86.6 27.20893 14 1.00000
86.7 27.24817 14 1.00000
86.8 27.29513 14 1.00000
86.9 27.36236 14 1.00000
87.0 27.40133 14 1.00000
87.1 27.45196 14 1.00000
87.2 27.48948 14 1.00000
87.3 27.51406 14 1.00000
87.4 27.56268 14 1.00000
87.5 27.62154 14 1.00000
87.6 27.67157 14 1.00000
87.7 27.71340 14 1.00000
87.8 27.75182 14 1.00000
87.9 27.78152 14 1.00000
88.0 27.81914 14 1.00000
88.1 27.86269 14 1.00000
88.2 27.88738 14 1.00000
88.3 27.93331 14 1.00000
88.4 27.96738 14 1.00000
88.5 28.05027 14 1.00000
88.6 28.07700 14 1.00000
88.7 28.10106 14 1.00000
88.8 28.13305 14 1.00000
88.9 28.16548 14 1.00000
89.0 28.19637 14 1.00000
89.1 28.22782 14 1.00000
89.2 28.25792 14 1.00000
89.3 28.28730 14 1.00000
89.4 28.29815 14 1.00000
89.5 28.34444 14 1.00000
89.6 28.38240 14 1.00000
89.7 28.44568 14 1.00000
89.8 28.50636 14 1.00000
89.9 28.55692 14 1.00000
90.0 28.59473 14 1.00000
90.1 28.66038 14 1.00000
90.2 28.70075 14 1.00000
90.3 28.75126 14 1.00000
90.4 28.79398 14 1.00000
90.5 28.83214 14 1.00000
90.6 28.87625 14 1.00000
90.7 28.91678 14 1.00000
90.8 28.96966 14 1.00000
90.9 29.01513 14 1.00000
91.0 29.05376 14 1.00000
91.1 29.08063 14 1.00000
91.2 29.13477 14 1.00000
91.3 29.17130 14 1.00000
91.4 29.18786 14 1.00000
91.5 29.24397 14 1.00000
91.6 29.26207 14 1.00000
91.7 29.31484 14 1.00000
91.8 29.38609 14 1.00000
91.9 29.42445 14 1.00000
92.0 29.45374 14 1.00000
92.1 29.46529 14 1.00000
92.2 29.50254 14 1.00000
92.3 29.25415 14 1.00000
92.4 29.28993 14 1.00000
92.5 29.32001 14 1.00000
92.6 29.40782 14 1.00000
92.7 29.43250 14 1.00000
92.8 29.46408 14 1.00000
92.9 29.49633 14 1.00000
93.0 29.52691 14 1.00000
93.1 29.26001 14 1.00000
93.2 29.30203 14 1.00000
93.3 29.39361 14 1.00000
93.4 29.41093 14 1.00000
93.5 29.43355 14 1.00000
93.6 29.47045 14 1.00000
93.7 29.50415 14 1.00000
93.8 29.24150 14 1.00000
93.9 29.25850 14 1.00000
94.0 29.31163 14 1.00000
94.1 29.39225 14 1.00000
94.2 29.40932 14 1.00000
94.3 29.44372 14 1.00000
94.4 29.46754 14 1.00000
94.5 29.50566 14 1.00000
94.6 29.25205 14 1.00000
94.7 29.28048 14 1.00000
94.8 29.31953 14 1.00000
94.9 29.40567 14 1.00000
95.0 29.43135 14 1.00000
95.1 29.46203 14 1.00000
95.2 29.49368 14 1.00000
95.3 29.52198 14 1.00000
95.4 29.25910 14 1.00000
95.5 29.29931 14 1.00000
95.6 29.31524 14 1.00000
95.7 29.41174 14 1.00000
95.8 29.43510 14 1.00000
95.9 29.46993 14 1.00000
96.0 29.50316 14 1.00000
96.1 29.53552 14 1.00000
96.2 29.25941 14 1.00000
96.3 29.30976 14 1.00000
96.4 29.39517 14 1.00000
96.5 29.40054 14 1.00000
96.6 29.43009 14 1.00000
96.7 29.46602 14 1.00000
96.8 29.50726 14 1.00000
96.9 29.25003 14 1.00000
97.0 29.26961 14 1.00000
97.1 29.31862 14 1.00000
97.2 29.40327 14 1.00000
97.3 29.43005 14 1.00000
97.4 29.45998 14 1.00000
97.5 29.49108 14 1.00000
97.6 29.50622 14 1.00000
97.7 29.25798 14 1.00000
97.8 29.29678 14 1.00000
97.9 29.31727 14 1.00000
98.0 29.40986 14 1.00000
98.1 29.43561 14 1.00000
98.2 29.46668 14 1.00000
98.3 29.50176 14 1.00000
98.4 29.53338 14 1.00000
98.5 29.25988 14 1.00000
98.6 29.30788 14 1.00000
98.7 29.39606 14 1.00000
98.8 29.40158 14 1.00000
98.9 29.42948 14 1.00000
99.0 29.46835 14 1.00000
99.1 29.50782 14 1.00000
99.2 29.24682 14 1.00000
99.3 29.26164 14 1.00000
99.4 29.31735 14 1.00000
99.5 29.38217 14 1.00000
99.6 29.42804 14 1.00000
99.7 29.45765 14 1.00000
99.8 29.48546 14 1.00000
99.9 29.50076 14 1.00000
100.0 29.25668 14 1.00000
100.1 29.29410 14 1.00000
100.2 29.31957 14 1.00000
100.3 29.40974 14 1.00000
100.4 29.43531 14 1.00000
100.5 29.46608 14 1.00000
100.6 29.49987 14 1.00000
100.7 29.53098 14 1.00000
100.8 29.25997 14 1.00000
100.9 29.30577 14 1.00000
101.0 29.39498 14 1.00000
101.1 29.40655 14 1.00000
101.2 29.42883 14 1.00000
101.3 29.46977 14 1.00000
101.4 29.50753 14 1.00000
101.5 29.24485 14 1.00000
101.6 29.26158 14 1.00000
101.7 29.31570 14 1.00000
101.8 29.38236 14 1.00000
101.9 29.42557 14 1.00000
102.0 29.45491 14 1.00000
102.1 29.47033 14 1.00000
102.2 29.50042 14 1.00000
102.3 29.25501 14 1.00000
102.4 29.29128 14 1.00000
102.5 29.32002 14 1.00000
102.6 29.40862 14 1.00000
102.7 29.43274 14 1.00000
102.8 29.46478 14 1.00000
102.9 29.49750 14 1.00000
103.0 29.52822 14 1.00000
103.1 29.26031 14 1.00000
103.2 29.30311 14 1.00000
103.3 29.39430 14 1.00000
103.4 29.40996 14 1.00000
103.5 29.43234 14 1.00000
103.6 29.47044 14 1.00000
103.7 29.50436 14 1.00000
103.8 29.24251 14 1.00000
103.9 29.26273 14 1.00000
104.0 29.31225 14 1.00000
104.1 29.39021 14 1.00000
104.2 29.41848 14 1.00000
104.3 29.45185 14 1.00000
104.4 29.46618 14 1.00000
104.5 29.50455 14 1.00000
104.6 29.25291 14 1.00000
104.7 29.28573 14 1.00000
104.8 29.31979 14 1.00000
104.9 29.40647 14 1.00000
105.0 29.43177 14 1.00000
105.1 29.46272 14 1.00000
105.2 29.49454 14 1.00000
105.3 29.52497 14 1.00000
105.4 29.25940 14 1.00000
105.5 29.30007 14 1.00000
105.6 29.31448 14 1.00000
105.7 29.41163 14 1.00000
105.8 29.43476 14 1.00000
105.9 29.47013 14 1.00000
106.0 29.50338 14 1.00000
106.1 29.53585 14 1.00000
106.2 29.25928 14 1.00000
106.3 29.31008 14 1.00000
106.4 29.39487 14 1.00000
106.5 29.39958 14 1.00000
106.6 29.43141 14 1.00000
106.7 29.46572 14 1.00000
106.8 29.50721 14 1.00000
106.9 29.25016 14 1.00000
107.0 29.26960 14 1.00000
107.1 29.31862 14 1.00000
107.2 29.40323 14 1.00000
107.3 29.42998 14 1.00000
107.4 29.45984 14 1.00000
107.5 29.49093 14 1.00000
107.6 29.50571 14 1.00000
107.7 29.25789 14 1.00000
107.8 29.29661 14 1.00000
107.9 29.31749 14 1.00000
108.0 29.40991 14 1.00000
108.1 29.43561 14 1.00000
108.2 29.46659 14 1.00000
108.3 29.50137 14 1.00000
108.4 29.53296 14 1.00000
108.5 29.25994 14 1.00000
108.6 29.30744 14 1.00000
108.7 29.39435 14 1.00000
108.8 29.40295 14 1.00000
108.9 29.43041 14 1.00000
109.0 29.46883 14 1.00000
109.1 29.50782 14 1.00000
109.2 29.24623 14 1.00000
109.3 29.26048 14 1.00000
109.4 29.31685 14 1.00000
109.5 29.38154 14 1.00000
109.6 29.42728 14 1.00000
109.7 29.45662 14 1.00000
109.8 29.48002 14 1.00000
109.9 29.50254 14 1.00000
110.0 29.25608 14 1.00000
110.1 29.29304 14 1.00000
110.2 29.31979 14 1.00000
110.3 29.40942 14 1.00000
110.4 29.43497 14 1.00000
110.5 29.46564 14 1.00000
110.6 29.49894 14 1.00000
110.7 29.53004 14 1.00000
110.8 29.25988 14 1.00000
110.9 29.30468 14 1.00000
111.0 29.39491 14 1.00000
111.1 29.40795 14 1.00000
111.2 29.43026 14 1.00000
111.3 29.47015 14 1.00000
111.4 29.50724 14 1.00000
111.5 29.24389 14 1.00000
111.6 29.26208 14 1.00000
111.7 29.31478 14 1.00000
111.8 29.38585 14 1.00000
111.9 29.42461 14 1.00000
112.0 29.45387 14 1.00000
112.1 29.46596 14 1.00000
112.2 29.50218 14 1.00000
112.3 29.25422 14 1.00000
112.4 29.28999 14 1.00000
112.5 29.32003 14 1.00000
112.6 29.40792 14 1.00000
112.7 29.43252 14 1.00000
112.8 29.46412 14 1.00000
112.9 29.49652 14 1.00000
113.0 29.52738 14 1.00000
113.1 29.26009 14 1.00000
113.2 29.30224 14 1.00000
113.3 29.39377 14 1.00000
113.4 29.41045 14 1.00000
113.5 29.43318 14 1.00000
113.6 29.47046 14 1.00000
113.7 29.50421 14 1.00000
113.8 29.24176 14 1.00000
113.9 29.25819 14 1.00000
114.0 29.31190 14 1.00000
114.1 29.39130 14 1.00000
114.2 29.41389 14 1.00000
114.3 29.45026 14 1.00000
114.4 29.46667 14 1.00000
114.5 29.50509 14 1.00000
114.6 29.25270 14 1.00000
114.7 29.28384 14 1.00000
114.8 29.31975 14 1.00000
114.9 29.40632 14 1.00000
115.0 29.43174 14 1.00000
115.1 29.46271 14 1.00000
115.2 29.49466 14 1.00000
115.3 29.52523 14 1.00000
115.4 29.25950 14 1.00000
115.5 29.30024 14 1.00000
115.6 29.31886 14 1.00000
115.7 29.41148 14 1.00000
115.8 29.43463 14 1.00000
115.9 29.47025 14 1.00000
116.0 29.50369 14 1.00000
116.1 29.53635 14 1.00000
116.2 29.25898 14 1.00000
116.3 29.31086 14 1.00000
116.4 29.39389 14 1.00000
116.5 29.40323 14 1.00000
116.6 29.43721 14 1.00000
116.7 29.46420 14 1.00000
116.8 29.50636 14 1.00000
116.9 29.25143 14 1.00000
117.0 29.27590 14 1.00000
117.1 29.31936 14 1.00000
117.2 29.40498 14 1.00000
117.3 29.43137 14 1.00000
117.4 29.46167 14 1.00000
117.5 29.49308 14 1.00000
117.6 29.51854 14 1.00000
117.7 29.25904 14 1.00000
117.8 29.29890 14 1.00000
117.9 29.31542 14 1.00000
118.0 29.41175 14 1.00000
118.1 29.43518 14 1.00000
118.2 29.46990 14 1.00000
118.3 29.50326 14 1.00000
118.4 29.53547 14 1.00000
118.5 29.25931 14 1.00000
118.6 29.31024 14 1.00000
118.7 29.39487 14 1.00000
118.8 29.39901 14 1.00000
118.9 29.43345 14 1.00000
119.0 29.46534 14 1.00000
119.1 29.50683 14 1.00000
119.2 29.25091 14 1.00000
119.3 29.27273 14 1.00000
119.4 29.31907 14 1.00000
119.5 29.40450 14 1.00000
119.6 29.43095 14 1.00000
119.7 29.46115 14 1.00000
119.8 29.49219 14 1.00000
119.9 29.51514 14 1.00000
120.0 29.25888 14 1.00000
120.1 29.29831 14 1.00000
120.2 29.31578 14 1.00000
120.3 29.41176 14 1.00000
120.4 29.43530 14 1.00000
120.5 29.46981 14 1.00000
120.6 29.50320 14 1.00000
120.7 29.53527 14 1.00000
120.8 29.25940 14 1.00000
120.9 29.31026 14 1.00000
121.0 29.39495 14 1.00000
121.1 29.39912 14 1.00000
121.2 29.43303 14 1.00000
121.3 29.46529 14 1.00000
121.4 29.50673 14 1.00000
121.5 29.25095 14 1.00000
121.6 29.27345 14 1.00000
121.7 29.31919 14 1.00000
121.8 29.40446 14 1.00000
121.9 29.43117 14 1.00000
122.0 29.46154 14 1.00000
122.1 29.49254 14 1.00000
122.2 29.51833 14 1.00000
122.3 29.25913 14 1.00000
122.4 29.29881 14 1.00000
122.5 29.31518 14 1.00000
122.6 29.41173 14 1.00000
122.7 29.43507 14 1.00000
122.8 29.47006 14 1.00000
122.9 29.50350 14 1.00000
123.0 29.53591 14 1.00000
123.1 29.25911 14 1.00000
123.2 29.31082 14 1.00000
123.3 29.39406 14 1.00000
123.4 29.40445 14 1.00000
123.5 29.43792 14 1.00000
123.6 29.46382 14 1.00000
123.7 29.50587 14 1.00000
123.8 29.25185 14 1.00000
123.9 29.27903 14 1.00000
124.0 29.31960 14 1.00000
124.1 29.40584 14 1.00000
124.2 29.43158 14 1.00000
124.3 29.46258 14 1.00000
124.4 29.49405 14 1.00000
124.5 29.52500 14 1.00000
124.6 29.25966 14 1.00000
124.7 29.30052 14 1.00000
124.8 29.31841 14 1.00000
124.9 29.41129 14 1.00000
125.0 29.43410 14 1.00000
125.1 29.47042 14 1.00000
125.2 29.50413 14 1.00000
125.3 29.24139 14 1.00000
125.4 29.25826 14 1.00000
125.5 29.31210 14 1.00000
125.6 29.39082 14 1.00000
125.7 29.41963 14 1.00000
125.8 29.45210 14 1.00000
125.9 29.46596 14 1.00000
126.0 29.50360 14 1.00000
126.1 29.25364 14 1.00000
126.2 29.28901 14 1.00000
126.3 29.32000 14 1.00000
126.4 29.40800 14 1.00000
126.5 29.43253 14 1.00000
126.6 29.46445 14 1.00000
126.7 29.49718 14 1.00000
126.8 29.52801 14 1.00000
126.9 29.26040 14 1.00000
127.0 29.30337 14 1.00000
127.1 29.39461 14 1.00000
127.2 29.40864 14 1.00000
127.3 29.43146 14 1.00000
127.4 29.47011 14 1.00000
127.5 29.50727 14 1.00000
127.6 29.24396 14 1.00000
127.7 29.26168 14 1.00000
127.8 29.31563 14 1.00000
127.9 29.38227 14 1.00000
128.0 29.42618 14 1.00000
128.1 29.45586 14 1.00000
128.2 29.47412 14 1.00000
128.3 29.50275 14 1.00000
128.4 29.25631 14 1.00000
128.5 29.29309 14 1.00000
128.6 29.31954 14 1.00000
128.7 29.40977 14 1.00000
128.8 29.43539 14 1.00000
128.9 29.46631 14 1.00000
129.0 29.50060 14 1.00000
129.1 29.53236 14 1.00000
129.2 29.25995 14 1.00000
129.3 29.30746 14 1.00000
129.4 29.39607 14 1.00000
129.5 29.40093 14 1.00000
129.6 29.42900 14 1.00000
129.7 29.46772 14 1.00000
129.8 29.50764 14 1.00000
129.9 29.24763 14 1.00000
130.0 29.26654 14 1.00000
130.1 29.31854 14 1.00000
130.2 29.40162 14 1.00000
130.3 29.43060 14 1.00000
130.4 29.46095 14 1.00000
130.5 29.49193 14 1.00000
130.6 29.51525 14 1.00000
130.7 29.25911 14 1.00000
130.8 29.29896 14 1.00000
130.9 29.31499 14 1.00000
131.0 29.41165 14 1.00000
131.1 29.43476 14 1.00000
131.2 29.47026 14 1.00000
131.3 29.50396 14 1.00000
131.4 29.24085 14 1.00000
131.5 29.25852 14 1.00000
131.6 29.31188 14 1.00000
131.7 29.39104 14 1.00000
131.8 29.42108 14 1.00000
131.9 29.45222 14 1.00000
132.0 29.46541 14 1.00000
132.1 29.50314 14 1.00000
132.2 29.25430 14 1.00000
132.3 29.29029 14 1.00000
132.4 29.32001 14 1.00000
132.5 29.40886 14 1.00000
132.6 29.43279 14 1.00000
132.7 29.46551 14 1.00000
132.8 29.49900 14 1.00000
132.9 29.53054 14 1.00000
133.0 29.25996 14 1.00000
133.1 29.30604 14 1.00000
133.2 29.39491 14 1.00000
133.3 29.40414 14 1.00000
133.4 29.42685 14 1.00000
133.5 29.46868 14 1.00000
133.6 29.50782 14 1.00000
133.7 29.24668 14 1.00000
133.8 29.26373 14 1.00000
133.9 29.31797 14 1.00000
134.0 29.39381 14 1.00000
134.1 29.43017 14 1.00000
134.2 29.46079 14 1.00000
134.3 29.49175 14 1.00000
134.4 29.51553 14 1.00000
134.5 29.25917 14 1.00000
134.6 29.29924 14 1.00000
134.7 29.31459 14 1.00000
134.8 29.41153 14 1.00000
134.9 29.43441 14 1.00000
135.0 29.47038 14 1.00000
135.1 29.50419 14 1.00000
135.2 29.24169 14 1.00000
135.3 29.26277 14 1.00000
135.4 29.31256 14 1.00000
135.5 29.38823 14 1.00000
135.6 29.42435 14 1.00000
135.7 29.45386 14 1.00000
135.8 29.46826 14 1.00000
135.9 29.50415 14 1.00000
136.0 29.25565 14 1.00000
136.1 29.29291 14 1.00000
136.2 29.31965 14 1.00000
136.3 29.40983 14 1.00000
136.4 29.43537 14 1.00000
136.5 29.46650 14 1.00000
136.6 29.50130 14 1.00000
136.7 29.53346 14 1.00000
136.8 29.25981 14 1.00000
136.9 29.30855 14 1.00000
137.0 29.39564 14 1.00000
137.1 29.40077 14 1.00000
137.2 29.43143 14 1.00000
137.3 29.46501 14 1.00000
137.4 29.50617 14 1.00000
137.5 29.25147 14 1.00000
137.6 29.28119 14 1.00000
137.7 29.31985 14 1.00000
137.8 29.40668 14 1.00000
137.9 29.43242 14 1.00000
138.0 29.46433 14 1.00000
138.1 29.49698 14 1.00000
138.2 29.52842 14 1.00000
138.3 29.26056 14 1.00000
138.4 29.30455 14 1.00000
138.5 29.39499 14 1.00000
138.6 29.40581 14 1.00000
138.7 29.42758 14 1.00000
138.8 29.46891 14 1.00000
138.9 29.50782 14 1.00000
139.0 29.24673 14 1.00000
139.1 29.26410 14 1.00000
139.2 29.31823 14 1.00000
139.3 29.39993 14 1.00000
139.4 29.43086 14 1.00000
139.5 29.46164 14 1.00000
139.6 29.49330 14 1.00000
139.7 29.52467 14 1.00000
139.8 29.25970 14 1.00000
139.9 29.30113 14 1.00000
140.0 29.39373 14 1.00000
140.1 29.41019 14 1.00000
140.2 29.43249 14 1.00000
140.3 29.47028 14 1.00000
140.4 29.50725 14 1.00000
140.5 29.24438 14 1.00000
140.6 29.26130 14 1.00000
140.7 29.31657 14 1.00000
140.8 29.38152 14 1.00000
140.9 29.42831 14 1.00000
141.0 29.45868 14 1.00000
141.1 29.49018 14 1.00000
141.2 29.50863 14 1.00000
141.3 29.25849 14 1.00000
141.4 29.29870 14 1.00000
141.5 29.31516 14 1.00000
141.6 29.41150 14 1.00000
141.7 29.43442 14 1.00000
141.8 29.47045 14 1.00000
141.9 29.50433 14 1.00000
142.0 29.24258 14 1.00000
142.1 29.26231 14 1.00000
142.2 29.31521 14 1.00000
142.3 29.38235 14 1.00000
142.4 29.42667 14 1.00000
142.5 29.45670 14 1.00000
142.6 29.48260 14 1.00000
142.7 29.49983 14 1.00000
142.8 29.25781 14 1.00000
142.9 29.29680 14 1.00000
143.0 29.31628 14 1.00000
143.1 29.41176 14 1.00000
143.2 29.43495 14 1.00000
143.3 29.47033 14 1.00000
143.4 29.50409 14 1.00000
143.5 29.24183 14 1.00000
143.6 29.26264 14 1.00000
143.7 29.31310 14 1.00000
143.8 29.38474 14 1.00000
143.9 29.42589 14 1.00000
144.0 29.45615 14 1.00000
144.1 29.47848 14 1.00000
144.2 29.49934 14 1.00000
144.3 29.25760 14 1.00000
144.4 29.29630 14 1.00000
144.5 29.31645 14 1.00000
144.6 29.41176 14 1.00000
144.7 29.43495 14 1.00000
144.8 29.47032 14 1.00000
144.9 29.50405 14 1.00000
145.0 29.24195 14 1.00000
145.1 29.26270 14 1.00000
145.2 29.31496 14 1.00000
145.3 29.38389 14 1.00000
145.4 29.42609 14 1.00000
145.5 29.45664 14 1.00000
145.6 29.48123 14 1.00000
145.7 29.50129 14 1.00000
145.8 29.25792 14 1.00000
145.9 29.29724 14 1.00000
146.0 29.31573 14 1.00000
146.1 29.41172 14 1.00000
146.2 29.43440 14 1.00000
146.3 29.47044 14 1.00000
146.4 29.50432 14 1.00000
146.5 29.24296 14 1.00000
146.6 29.26221 14 1.00000
146.7 29.31596 14 1.00000
146.8 29.38441 14 1.00000
146.9 29.42791 14 1.00000
147.0 29.45817 14 1.00000
147.1 29.49022 14 1.00000
147.2 29.51109 14 1.00000
147.3 29.25872 14 1.00000
147.4 29.29964 14 1.00000
147.5 29.31854 14 1.00000
147.6 29.41085 14 1.00000
147.7 29.43263 14 1.00000
147.8 29.47035 14 1.00000
147.9 29.50732 14 1.00000
148.0 29.24482 14 1.00000
148.1 29.26050 14 1.00000
148.2 29.31752 14 1.00000
148.3 29.38688 14 1.00000
148.4 29.43019 14 1.00000
148.5 29.46105 14 1.00000
148.6 29.49334 14 1.00000
148.7 29.52581 14 1.00000
148.8 29.26000 14 1.00000
148.9 29.30277 14 1.00000
149.0 29.39465 14 1.00000
149.1 29.40680 14 1.00000
149.2 29.42789 14 1.00000
149.3 29.46868 14 1.00000
149.4 29.50773 14 1.00000
149.5 29.24759 14 1.00000
149.6 29.27141 14 1.00000
149.7 29.31921 14 1.00000
149.8 29.40565 14 1.00000
149.9 29.43236 14 1.00000
150.0 29.46431 14 1.00000
150.1 29.49800 14 1.00000
150.2 29.53005 14 1.00000
150.3 29.25998 14 1.00000
150.4 29.30683 14 1.00000
150.5 29.39606 14 1.00000
150.6 29.40108 14 1.00000
150.7 29.43123 14 1.00000
150.8 29.46360 14 1.00000
150.9 29.50484 14 1.00000
151.0 29.25317 14 1.00000
151.1 29.29063 14 1.00000
151.2 29.31991 14 1.00000
151.3 29.40973 14 1.00000
151.4 29.43546 14 1.00000
151.5 29.46664 14 1.00000
151.6 29.50268 14 1.00000
151.7 29.53560 14 1.00000
151.8 29.25890 14 1.00000
151.9 29.31176 14 1.00000
152.0 29.38890 14 1.00000
152.1 29.42480 14 1.00000
152.2 29.45528 14 1.00000
152.3 29.47839 14 1.00000
152.4 29.49955 14 1.00000
152.5 29.25810 14 1.00000
152.6 29.29804 14 1.00000
152.7 29.31523 14 1.00000
152.8 29.41117 14 1.00000
152.9 29.43342 14 1.00000
153.0 29.47034 14 1.00000
153.1 29.50739 14 1.00000
153.2 29.24483 14 1.00000
153.3 29.26165 14 1.00000
153.4 29.31788 14 1.00000
153.5 29.40343 14 1.00000
153.6 29.43110 14 1.00000
153.7 29.46272 14 1.00000
153.8 29.49605 14 1.00000
153.9 29.52804 14 1.00000
154.0 29.25995 14 1.00000
154.1 29.30580 14 1.00000
154.2 29.39444 14 1.00000
154.3 29.40317 14 1.00000
154.4 29.42657 14 1.00000
154.5 29.46358 14 1.00000
154.6 29.50496 14 1.00000
154.7 29.25350 14 1.00000
154.8 29.29097 14 1.00000
154.9 29.31989 14 1.00000
155.0 29.40993 14 1.00000
155.1 29.43559 14 1.00000
155.2 29.46947 14 1.00000
155.3 29.50338 14 1.00000
155.4 29.53658 14 1.00000
155.5 29.26272 14 1.00000
155.6 29.31304 14 1.00000
155.7 29.38583 14 1.00000
155.8 29.42750 14 1.00000
155.9 29.45840 14 1.00000
156.0 29.49126 14 1.00000
156.1 29.51639 14 1.00000
156.2 29.25963 14 1.00000
156.3 29.30200 14 1.00000
156.4 29.39456 14 1.00000
156.5 29.40658 14 1.00000
156.6 29.42755 14 1.00000
156.7 29.46723 14 1.00000
156.8 29.50736 14 1.00000
156.9 29.25103 14 1.00000
157.0 29.28327 14 1.00000
157.1 29.31986 14 1.00000
157.2 29.40868 14 1.00000
157.3 29.43506 14 1.00000
157.4 29.46654 14 1.00000
157.5 29.50238 14 1.00000
157.6 29.53474 14 1.00000
157.7 29.25871 14 1.00000
157.8 29.31174 14 1.00000
157.9 29.38469 14 1.00000
158.0 29.42606 14 1.00000
158.1 29.45672 14 1.00000
158.2 29.49000 14 1.00000
158.3 29.50931 14 1.00000
158.4 29.25948 14 1.00000
158.5 29.30151 14 1.00000
158.6 29.39447 14 1.00000
158.7 29.40703 14 1.00000
158.8 29.42866 14 1.00000
158.9 29.46696 14 1.00000
159.0 29.50728 14 1.00000
159.1 29.25143 14 1.00000
159.2 29.28554 14 1.00000
159.3 29.31991 14 1.00000
159.4 29.40919 14 1.00000
159.5 29.43534 14 1.00000
159.6 29.46906 14 1.00000
159.7 29.50301 14 1.00000
159.8 29.53563 14 1.00000
159.9 29.26271 14 1.00000
160.0 29.31298 14 1.00000
160.1 29.38337 14 1.00000
160.2 29.42809 14 1.00000
160.3 29.45922 14 1.00000
160.4 29.49312 14 1.00000
160.5 29.52476 14 1.00000
160.6 29.26042 14 1.00000
160.7 29.30405 14 1.00000
160.8 29.39479 14 1.00000
160.9 29.40404 14 1.00000
161.0 29.42780 14 1.00000
161.1 29.46763 14 1.00000
161.2 29.50468 14 1.00000
161.3 29.25494 14 1.00000
161.4 29.29295 14 1.00000
161.5 29.31944 14 1.00000
161.6 29.41175 14 1.00000
161.7 29.43536 14 1.00000
161.8 29.47045 14 1.00000
161.9 29.50441 14 1.00000
162.0 29.24413 14 1.00000
162.1 29.26240 14 1.00000
162.2 29.31787 14 1.00000
162.3 29.40516 14 1.00000
162.4 29.43190 14 1.00000
162.5 29.46470 14 1.00000
162.6 29.49913 14 1.00000
162.7 29.53091 14 1.00000
162.8 29.25950 14 1.00000
162.9 29.30961 14 1.00000
163.0 29.39040 14 1.00000
163.1 29.42403 14 1.00000
163.2 29.45377 14 1.00000
163.3 29.48896 14 1.00000
163.4 29.50375 14 1.00000
163.5 29.25940 14 1.00000
163.6 29.30120 14 1.00000
163.7 29.39438 14 1.00000
163.8 29.40521 14 1.00000
163.9 29.42709 14 1.00000
164.0 29.46485 14 1.00000
164.1 29.50627 14 1.00000
164.2 29.25292 14 1.00000
164.3 29.29170 14 1.00000
164.4 29.31981 14 1.00000
164.5 29.41170 14 1.00000
164.6 29.43549 14 1.00000
164.7 29.47045 14 1.00000
164.8 29.50441 14 1.00000
164.9 29.24405 14 1.00000
165.0 29.26395 14 1.00000
165.1 29.31811 14 1.00000
165.2 29.40549 14 1.00000
165.3 29.43237 14 1.00000
165.4 29.46556 14 1.00000
165.5 29.50042 14 1.00000
165.6 29.53237 14 1.00000
165.7 29.25895 14 1.00000
165.8 29.31143 14 1.00000
165.9 29.38501 14 1.00000
166.0 29.42687 14 1.00000
166.1 29.45665 14 1.00000
166.2 29.49252 14 1.00000
166.3 29.52459 14 1.00000
166.4 29.26051 14 1.00000
166.5 29.30502 14 1.00000
166.6 29.39439 14 1.00000
166.7 29.39959 14 1.00000
166.8 29.43246 14 1.00000
166.9 29.46412 14 1.00000
167.0 29.49964 14 1.00000
167.1 29.25724 14 1.00000
167.2 29.29785 14 1.00000
167.3 29.31561 14 1.00000
167.4 29.40924 14 1.00000
167.5 29.43079 14 1.00000
167.6 29.46840 14 1.00000
167.7 29.50745 14 1.00000
167.8 29.25167 14 1.00000
167.9 29.28958 14 1.00000
168.0 29.32003 14 1.00000
168.1 29.40995 14 1.00000
168.2 29.43552 14 1.00000
168.3 29.47043 14 1.00000
168.4 29.50441 14 1.00000
168.5 29.24427 14 1.00000
168.6 29.26447 14 1.00000
168.7 29.31866 14 1.00000
168.8 29.40642 14 1.00000
168.9 29.43274 14 1.00000
169.0 29.46621 14 1.00000
169.1 29.50229 14 1.00000
169.2 29.53482 14 1.00000
169.3 29.26267 14 1.00000
169.4 29.31524 14 1.00000
169.5 29.38256 14 1.00000
169.6 29.43023 14 1.00000
169.7 29.46257 14 1.00000
169.8 29.49667 14 1.00000
169.9 29.52975 14 1.00000
170.0 29.25977 14 1.00000
170.1 29.30910 14 1.00000
170.2 29.39019 14 1.00000
170.3 29.42504 14 1.00000
170.4 29.45539 14 1.00000
170.5 29.49115 14 1.00000
170.6 29.51835 14 1.00000
170.7 29.26037 14 1.00000
170.8 29.30505 14 1.00000
170.9 29.39605 14 1.00000
171.0 29.40032 14 1.00000
171.1 29.43847 14 1.00000
171.2 29.46992 14 1.00000
171.3 29.50159 14 1.00000
171.4 29.25847 14 1.00000
171.5 29.30047 14 1.00000
171.6 29.39416 14 1.00000
171.7 29.40440 14 1.00000
171.8 29.43039 14 1.00000
171.9 29.46767 14 1.00000
172.0 29.50403 14 1.00000
172.1 29.25575 14 1.00000
172.2 29.29551 14 1.00000
172.3 29.31649 14 1.00000
172.4 29.41040 14 1.00000
172.5 29.43141 14 1.00000
172.6 29.46824 14 1.00000
172.7 29.50728 14 1.00000
172.8 29.25251 14 1.00000
172.9 29.29137 14 1.00000
173.0 29.31970 14 1.00000
173.1 29.41176 14 1.00000
173.2 29.43468 14 1.00000
173.3 29.47007 14 1.00000
173.4 29.50780 14 1.00000
173.5 29.24907 14 1.00000
173.6 29.28347 14 1.00000
173.7 29.31994 14 1.00000
173.8 29.40981 14 1.00000
173.9 29.43557 14 1.00000
174.0 29.47043 14 1.00000
174.1 29.50711 14 1.00000
174.2 29.24506 14 1.00000
174.3 29.26995 14 1.00000
174.4 29.31936 14 1.00000
174.5 29.40864 14 1.00000
174.6 29.43546 14 1.00000
174.7 29.46963 14 1.00000
174.8 29.50410 14 1.00000
174.9 29.24261 14 1.00000
175.0 29.26093 14 1.00000
175.1 29.31861 14 1.00000
175.2 29.40680 14 1.00000
175.3 29.43279 14 1.00000
175.4 29.46661 14 1.00000
175.5 29.50336 14 1.00000
175.6 29.53699 14 1.00000
175.7 29.26136 14 1.00000
175.8 29.31777 14 1.00000
175.9 29.40536 14 1.00000
176.0 29.43241 14 1.00000
176.1 29.46618 14 1.00000
176.2 29.50259 14 1.00000
176.3 29.53572 14 1.00000
176.4 29.26206 14 1.00000
176.5 29.31682 14 1.00000
176.6 29.40438 14 1.00000
176.7 29.43190 14 1.00000
176.8 29.46544 14 1.00000
176.9 29.50137 14 1.00000
177.0 29.53479 14 1.00000
177.1 29.26237 14 1.00000
177.2 29.31625 14 1.00000
177.3 29.40329 14 1.00000
177.4 29.43151 14 1.00000
177.5 29.46488 14 1.00000
177.6 29.50077 14 1.00000
177.7 29.53421 14 1.00000
177.8 29.26255 14 1.00000
177.9 29.31592 14 1.00000
178.0 29.39782 14 1.00000
178.1 29.43142 14 1.00000
178.2 29.46478 14 1.00000
178.3 29.50063 14 1.00000
178.4 29.53404 14 1.00000
178.5 29.26262 14 1.00000
178.6 29.31601 14 1.00000
178.7 29.39930 14 1.00000
178.8 29.43148 14 1.00000
178.9 29.46484 14 1.00000
179.0 29.50070 14 1.00000
179.1 29.53459 14 1.00000
179.2 29.26247 14 1.00000
179.3 29.31629 14 1.00000
179.4 29.40331 14 1.00000
179.5 29.43168 14 1.00000
179.6 29.46537 14 1.00000
179.7 29.50124 14 1.00000
179.8 29.53521 14 1.00000
179.9 29.26220 14 1.00000
180.0 29.31681 14 1.00000
180.1 29.40464 14 1.00000
180.2 29.43214 14 1.00000
180.3 29.46584 14 1.00000
180.4 29.50252 14 1.00000
180.5 29.53603 14 1.00000
180.6 29.26156 14 1.00000
180.7 29.31773 14 1.00000
180.8 29.40585 14 1.00000
180.9 29.43266 14 1.00000
181.0 29.46657 14 1.00000
181.1 29.50353 14 1.00000
181.2 29.24180 14 1.00000
181.3 29.26054 14 1.00000
181.4 29.31855 14 1.00000
181.5 29.40746 14 1.00000
181.6 29.43515 14 1.00000
181.7 29.46966 14 1.00000
181.8 29.50418 14 1.00000
181.9 29.24370 14 1.00000
182.0 29.26849 14 1.00000
182.1 29.31953 14 1.00000
182.2 29.40924 14 1.00000
182.3 29.43560 14 1.00000
182.4 29.47035 14 1.00000
182.5 29.50723 14 1.00000
182.6 29.24654 14 1.00000
182.7 29.28153 14 1.00000
182.8 29.32000 14 1.00000
182.9 29.40995 14 1.00000
183.0 29.43491 14 1.00000
183.1 29.47003 14 1.00000
183.2 29.50780 14 1.00000
183.3 29.25125 14 1.00000
183.4 29.29067 14 1.00000
183.5 29.31950 14 1.00000
183.6 29.41151 14 1.00000
183.7 29.43186 14 1.00000
183.8 29.46832 14 1.00000
183.9 29.50653 14 1.00000
184.0 29.25421 14 1.00000
184.1 29.29562 14 1.00000
184.2 29.31561 14 1.00000
184.3 29.40851 14 1.00000
184.4 29.43132 14 1.00000
184.5 29.46695 14 1.00000
184.6 29.50118 14 1.00000
184.7 29.25775 14 1.00000
184.8 29.30034 14 1.00000
184.9 29.39464 14 1.00000
185.0 29.40320 14 1.00000
185.1 29.43349 14 1.00000
185.2 29.47318 14 1.00000
185.3 29.50198 14 1.00000
185.4 29.25993 14 1.00000
185.5 29.30539 14 1.00000
185.6 29.39561 14 1.00000
185.7 29.42315 14 1.00000
185.8 29.45471 14 1.00000
185.9 29.49248 14 1.00000
186.0 29.52620 14 1.00000
186.1 29.25989 14 1.00000
186.2 29.30954 14 1.00000
186.3 29.38588 14 1.00000
186.4 29.42840 14 1.00000
186.5 29.46185 14 1.00000
186.6 29.49900 14 1.00000
186.7 29.53301 14 1.00000
186.8 29.26266 14 1.00000
186.9 29.31544 14 1.00000
187.0 29.40427 14 1.00000
187.1 29.43235 14 1.00000
187.2 29.46628 14 1.00000
187.3 29.50360 14 1.00000
187.4 29.24249 14 1.00000
187.5 29.26395 14 1.00000
187.6 29.31947 14 1.00000
187.7 29.40911 14 1.00000
187.8 29.43554 14 1.00000
187.9 29.47044 14 1.00000
188.0 29.50781 14 1.00000
188.1 29.25024 14 1.00000
188.2 29.29000 14 1.00000
188.3 29.31967 14 1.00000
188.4 29.41125 14 1.00000
188.5 29.43062 14 1.00000
188.6 29.46658 14 1.00000
188.7 29.50408 14 1.00000
188.8 29.25618 14 1.00000
188.9 29.29933 14 1.00000
189.0 29.39424 14 1.00000
189.1 29.40379 14 1.00000
189.2 29.43372 14 1.00000
189.3 29.47495 14 1.00000
189.4 29.50683 14 1.00000
189.5 29.26027 14 1.00000
189.6 29.30685 14 1.00000
189.7 29.39374 14 1.00000
189.8 29.42548 14 1.00000
189.9 29.45828 14 1.00000
190.0 29.49630 14 1.00000
190.1 29.53156 14 1.00000
190.2 29.25873 14 1.00000
190.3 29.31479 14 1.00000
190.4 29.40374 14 1.00000
190.5 29.43227 14 1.00000
190.6 29.46656 14 1.00000
190.7 29.50377 14 1.00000
190.8 29.24336 14 1.00000
190.9 29.27053 14 1.00000
191.0 29.31981 14 1.00000
191.1 29.40989 14 1.00000
191.2 29.43482 14 1.00000
191.3 29.46972 14 1.00000
191.4 29.50741 14 1.00000
191.5 29.25341 14 1.00000
191.6 29.29537 14 1.00000
191.7 29.31510 14 1.00000
191.8 29.40591 14 1.00000
191.9 29.42782 14 1.00000
192.0 29.46710 14 1.00000
192.1 29.49910 14 1.00000
192.2 29.25990 14 1.00000
192.3 29.30588 14 1.00000
192.4 29.39481 14 1.00000
192.5 29.42503 14 1.00000
192.6 29.45760 14 1.00000
192.7 29.49617 14 1.00000
192.8 29.53174 14 1.00000
192.9 29.25851 14 1.00000
193.0 29.31541 14 1.00000
193.1 29.40453 14 1.00000
193.2 29.43260 14 1.00000
193.3 29.46925 14 1.00000
193.4 29.50427 14 1.00000
193.5 29.24510 14 1.00000
193.6 29.27975 14 1.00000
193.7 29.32003 14 1.00000
193.8 29.41176 14 1.00000
193.9 29.43221 14 1.00000
194.0 29.46741 14 1.00000
194.1 29.50399 14 1.00000
194.2 29.25662 14 1.00000
194.3 29.30048 14 1.00000
194.4 29.39493 14 1.00000
194.5 29.40405 14 1.00000
194.6 29.45226 14 1.00000
194.7 29.49100 14 1.00000
194.8 29.52606 14 1.00000
194.9 29.25978 14 1.00000
195.0 29.31086 14 1.00000
195.1 29.38092 14 1.00000
195.2 29.43132 14 1.00000
195.3 29.46567 14 1.00000
195.4 29.50330 14 1.00000
195.5 29.24302 14 1.00000
195.6 29.26936 14 1.00000
195.7 29.31990 14 1.00000
195.8 29.40992 14 1.00000
195.9 29.43388 14 1.00000
196.0 29.46846 14 1.00000
196.1 29.50570 14 1.00000
196.2 29.25605 14 1.00000
196.3 29.29977 14 1.00000
196.4 29.39470 14 1.00000
196.5 29.40261 14 1.00000
196.6 29.45232 14 1.00000
196.7 29.49106 14 1.00000
196.8 29.52647 14 1.00000
196.9 29.25966 14 1.00000
197.0 29.31133 14 1.00000
197.1 29.38503 14 1.00000
197.2 29.43200 14 1.00000
197.3 29.46647 14 1.00000
197.4 29.50407 14 1.00000
197.5 29.24466 14 1.00000
197.6 29.28026 14 1.00000
197.7 29.32001 14 1.00000
197.8 29.41166 14 1.00000
197.9 29.43037 14 1.00000
198.0 29.46552 14 1.00000
198.1 29.50104 14 1.00000
198.2 29.25852 14 1.00000
198.3 29.30351 14 1.00000
198.4 29.39587 14 1.00000
198.5 29.42420 14 1.00000
198.6 29.45708 14 1.00000
198.7 29.49634 14 1.00000
198.8 29.53284 14 1.00000
198.9 29.26227 14 1.00000
199.0 29.31760 14 1.00000
199.1 29.40773 14 1.00000
199.2 29.43557 14 1.00000
199.3 29.47046 14 1.00000
199.4 29.50779 14 1.00000
199.5 29.25233 14 1.00000
199.6 29.29528 14 1.00000
199.7 29.31886 14 1.00000
199.8 29.40205 14 1.00000
199.9 29.43593 14 1.00000
200.0 29.48442 14 1.00000
200.1 29.51963 14 1.00000
200.2 29.25993 14 1.00000
200.3 29.31046 14 1.00000
200.4 29.38080 14 1.00000
200.5 29.43187 14 1.00000
200.6 29.46640 14 1.00000
200.7 29.50417 14 1.00000
200.8 29.24496 14 1.00000
200.9 29.28628 14 1.00000
201.0 29.31983 14 1.00000
201.1 29.41095 14 1.00000
201.2 29.43140 14 1.00000
201.3 29.46506 14 1.00000
201.4 29.50059 14 1.00000
201.5 29.25988 14 1.00000
201.6 29.30695 14 1.00000
201.7 29.39105 14 1.00000
201.8 29.42867 14 1.00000
201.9 29.46329 14 1.00000
202.0 29.50190 14 1.00000
202.1 29.53720 14 1.00000
202.2 29.26529 14 1.00000
202.3 29.31996 14 1.00000
202.4 29.40978 14 1.00000
202.5 29.43233 14 1.00000
202.6 29.46661 14 1.00000
202.7 29.50095 14 1.00000
202.8 29.25883 14 1.00000
202.9 29.30419 14 1.00000
203.0 29.39461 14 1.00000
203.1 29.42623 14 1.00000
203.2 29.45992 14 1.00000
203.3 29.50052 14 1.00000
203.4 29.53581 14 1.00000
203.5 29.26059 14 1.00000
203.6 29.31974 14 1.00000
203.7 29.40995 14 1.00000
203.8 29.43327 14 1.00000
203.9 29.46756 14 1.00000
204.0 29.50246 14 1.00000
204.1 29.25855 14 1.00000
204.2 29.30325 14 1.00000
204.3 29.39489 14 1.00000
204.4 29.42592 14 1.00000
204.5 29.45964 14 1.00000
204.6 29.50053 14 1.00000
204.7 29.53582 14 1.00000
204.8 29.26152 14 1.00000
204.9 29.31981 14 1.00000
205.0 29.40995 14 1.00000
205.1 29.43265 14 1.00000
205.2 29.46691 14 1.00000
205.3 29.50090 14 1.00000
205.4 29.25899 14 1.00000
205.5 29.30463 14 1.00000
205.6 29.39314 14 1.00000
205.7 29.42778 14 1.00000
205.8 29.46139 14 1.00000
205.9 29.50192 14 1.00000
206.0 29.53724 14 1.00000
206.1 29.26987 14 1.00000
206.2 29.32002 14 1.00000
206.3 29.41175 14 1.00000
206.4 29.42879 14 1.00000
206.5 29.46661 14 1.00000
206.6 29.50047 14 1.00000
206.7 29.26031 14 1.00000
206.8 29.30784 14 1.00000
206.9 29.38531 14 1.00000
207.0 29.43141 14 1.00000
207.1 29.46562 14 1.00000
207.2 29.50418 14 1.00000
207.3 29.24552 14 1.00000
207.4 29.28965 14 1.00000
207.5 29.31707 14 1.00000
207.6 29.40831 14 1.00000
207.7 29.42879 14 1.00000
207.8 29.48466 14 1.00000
207.9 29.52031 14 1.00000
208.0 29.25977 14 1.00000
208.1 29.31183 14 1.00000
208.2 29.40410 14 1.00000
208.3 29.43506 14 1.00000
208.4 29.47027 14 1.00000
208.5 29.50782 14 1.00000
208.6 29.25337 14 1.00000
208.7 29.29711 14 1.00000
208.8 29.39446 14 1.00000
208.9 29.40033 14 1.00000
209.0 29.45514 14 1.00000
209.1 29.49590 14 1.00000
209.2 29.53261 14 1.00000
209.3 29.26146 14 1.00000
209.4 29.31916 14 1.00000
209.5 29.40976 14 1.00000
209.6 29.43329 14 1.00000
209.7 29.46753 14 1.00000
209.8 29.50090 14 1.00000
209.9 29.25924 14 1.00000
210.0 29.30553 14 1.00000
210.1 29.39040 14 1.00000
210.2 29.42974 14 1.00000
210.3 29.46473 14 1.00000
210.4 29.50396 14 1.00000
210.5 29.24525 14 1.00000
210.6 29.28995 14 1.00000
210.7 29.31684 14 1.00000
210.8 29.40743 14 1.00000
210.9 29.43305 14 1.00000
211.0 29.49001 14 1.00000
211.1 29.52624 14 1.00000
211.2 29.25910 14 1.00000
211.3 29.31555 14 1.00000
211.4 29.40749 14 1.00000
211.5 29.43559 14 1.00000
211.6 29.47005 14 1.00000
211.7 29.50597 14 1.00000
211.8 29.25707 14 1.00000
211.9 29.30255 14 1.00000
212.0 29.39523 14 1.00000
212.1 29.42682 14 1.00000
212.2 29.46159 14 1.00000
212.3 29.50249 14 1.00000
212.4 29.24279 14 1.00000
212.5 29.28364 14 1.00000
212.6 29.31950 14 1.00000
212.7 29.40937 14 1.00000
212.8 29.42840 14 1.00000
212.9 29.48878 14 1.00000
213.0 29.52514 14 1.00000
213.1 29.25924 14 1.00000
213.2 29.31548 14 1.00000
213.3 29.40721 14 1.00000
213.4 29.43557 14 1.00000
213.5 29.46977 14 1.00000
213.6 29.50549 14 1.00000
213.7 29.25756 14 1.00000
213.8 29.30342 14 1.00000
213.9 29.39332 14 1.00000
214.0 29.42881 14 1.00000
214.1 29.46423 14 1.00000
214.2 29.50361 14 1.00000
214.3 29.24512 14 1.00000
214.4 29.29048 14 1.00000
214.5 29.31593 14 1.00000
214.6 29.40504 14 1.00000
214.7 29.44571 14 1.00000
214.8 29.49266 14 1.00000
214.9 29.52970 14 1.00000
215.0 29.26226 14 1.00000
215.1 29.31893 14 1.00000
215.2 29.40977 14 1.00000
215.3 29.43293 14 1.00000
215.4 29.46620 14 1.00000
215.5 29.50202 14 1.00000
215.6 29.26037 14 1.00000
215.7 29.30864 14 1.00000
215.8 29.38136 14 1.00000
215.9 29.43256 14 1.00000
216.0 29.46985 14 1.00000
216.1 29.50780 14 1.00000
216.2 29.25357 14 1.00000
216.3 29.29877 14 1.00000
216.4 29.39486 14 1.00000
216.5 29.42447 14 1.00000
216.6 29.45979 14 1.00000
216.7 29.50161 14 1.00000
216.8 29.24191 14 1.00000
216.9 29.28146 14 1.00000
217.0 29.31943 14 1.00000
217.1 29.40876 14 1.00000
217.2 29.43356 14 1.00000
217.3 29.49083 14 1.00000
217.4 29.52805 14 1.00000
217.5 29.26271 14 1.00000
217.6 29.31854 14 1.00000
217.7 29.40966 14 1.00000
217.8 29.43299 14 1.00000
217.9 29.46591 14 1.00000
218.0 29.50146 14 1.00000
218.1 29.26048 14 1.00000
218.2 29.30936 14 1.00000
218.3 29.38867 14 1.00000
218.4 29.43279 14 1.00000
218.5 29.47036 14 1.00000
218.6 29.50747 14 1.00000
218.7 29.25536 14 1.00000
218.8 29.30205 14 1.00000
218.9 29.39513 14 1.00000
219.0 29.42810 14 1.00000
219.1 29.46382 14 1.00000
219.2 29.50407 14 1.00000
219.3 29.24625 14 1.00000
219.4 29.29243 14 1.00000
219.5 29.31835 14 1.00000
219.6 29.40208 14 1.00000
219.7 29.45537 14 1.00000
219.8 29.49722 14 1.00000
219.9 29.53537 14 1.00000
220.0 29.26572 14 1.00000
220.1 29.32000 14 1.00000
220.2 29.41043 14 1.00000
220.3 29.42751 14 1.00000
220.4 29.48927 14 1.00000
220.5 29.52694 14 1.00000
220.6 29.25828 14 1.00000
220.7 29.31849 14 1.00000
220.8 29.40973 14 1.00000
220.9 29.43247 14 1.00000
221.0 29.46487 14 1.00000
221.1 29.49947 14 1.00000
221.2 29.25996 14 1.00000
221.3 29.31099 14 1.00000
221.4 29.40405 14 1.00000
221.5 29.43554 14 1.00000
221.6 29.47017 14 1.00000
221.7 29.50484 14 1.00000
221.8 29.25891 14 1.00000
221.9 29.30597 14 1.00000
222.0 29.38688 14 1.00000
222.1 29.43205 14 1.00000
222.2 29.46935 14 1.00000
222.3 29.50782 14 1.00000
222.4 29.25427 14 1.00000
222.5 29.30016 14 1.00000
222.6 29.39589 14 1.00000
222.7 29.42759 14 1.00000
222.8 29.46427 14 1.00000
222.9 29.50425 14 1.00000
223.0 29.24679 14 1.00000
223.1 29.29398 14 1.00000
223.2 29.39417 14 1.00000
223.3 29.40651 14 1.00000
223.4 29.45854 14 1.00000
223.5 29.50080 14 1.00000
223.6 29.24218 14 1.00000
223.7 29.28814 14 1.00000
223.8 29.31609 14 1.00000
223.9 29.40347 14 1.00000
224.0 29.45299 14 1.00000
224.1 29.49606 14 1.00000
224.2 29.53479 14 1.00000
224.3 29.26544 14 1.00000
224.4 29.31986 14 1.00000
224.5 29.40970 14 1.00000
224.6 29.43378 14 1.00000
224.7 29.49132 14 1.00000
224.8 29.53003 14 1.00000
224.9 29.26128 14 1.00000
225.0 29.31973 14 1.00000
225.1 29.41175 14 1.00000
225.2 29.42975 14 1.00000
225.3 29.47680 14 1.00000
225.4 29.52536 14 1.00000
225.5 29.25858 14 1.00000
225.6 29.31863 14 1.00000
225.7 29.40991 14 1.00000
225.8 29.43104 14 1.00000
225.9 29.46509 14 1.00000
226.0 29.51160 14 1.00000
226.1 29.25960 14 1.00000
226.2 29.31588 14 1.00000
226.3 29.40901 14 1.00000
226.4 29.43418 14 1.00000
226.5 29.46582 14 1.00000
226.6 29.49982 14 1.00000
226.7 29.25998 14 1.00000
226.8 29.31184 14 1.00000
226.9 29.40672 14 1.00000
227.0 29.43542 14 1.00000
227.1 29.46795 14 1.00000
227.2 29.50280 14 1.00000
227.3 29.26055 14 1.00000
227.4 29.31067 14 1.00000
227.5 29.40396 14 1.00000
227.6 29.43559 14 1.00000
227.7 29.46922 14 1.00000
227.8 29.50052 14 1.00000
227.9 29.26006 14 1.00000
228.0 29.30945 14 1.00000
228.1 29.39397 14 1.00000
228.2 29.43542 14 1.00000
228.3 29.47019 14 1.00000
228.4 29.50342 14 1.00000
228.5 29.25967 14 1.00000
228.6 29.30856 14 1.00000
228.7 29.38302 14 1.00000
228.8 29.43492 14 1.00000
228.9 29.47043 14 1.00000
229.0 29.50457 14 1.00000
229.1 29.25936 14 1.00000
229.2 29.30781 14 1.00000
229.3 29.38132 14 1.00000
229.4 29.43279 14 1.00000
229.5 29.47045 14 1.00000
229.6 29.50488 14 1.00000
229.7 29.25925 14 1.00000
229.8 29.30758 14 1.00000
229.9 29.38225 14 1.00000
230.0 29.43279 14 1.00000
230.1 29.47045 14 1.00000
230.2 29.50486 14 1.00000
230.3 29.25927 14 1.00000
230.4 29.30763 14 1.00000
230.5 29.38115 14 1.00000
230.6 29.43279 14 1.00000
230.7 29.47043 14 1.00000
230.8 29.50449 14 1.00000
230.9 29.25940 14 1.00000
231.0 29.30813 14 1.00000
231.1 29.38356 14 1.00000
231.2 29.43506 14 1.00000
231.3 29.47035 14 1.00000
231.4 29.50327 14 1.00000
231.5 29.25981 14 1.00000
231.6 29.30931 14 1.00000
231.7 29.39532 14 1.00000
231.8 29.43550 14 1.00000
231.9 29.46954 14 1.00000
232.0 29.50098 14 1.00000
232.1 29.26026 14 1.00000
232.2 29.31054 14 1.00000
232.3 29.40412 14 1.00000
232.4 29.43556 14 1.00000
232.5 29.46810 14 1.00000
232.6 29.50250 14 1.00000
232.7 29.25993 14 1.00000
232.8 29.31158 14 1.00000
232.9 29.40687 14 1.00000
233.0 29.43511 14 1.00000
233.1 29.46640 14 1.00000
233.2 29.50066 14 1.00000
233.3 29.25992 14 1.00000
233.4 29.31493 14 1.00000
233.5 29.40922 14 1.00000
233.6 29.43312 14 1.00000
233.7 29.46688 14 1.00000
233.8 29.51425 14 1.00000
233.9 29.25933 14 1.00000
234.0 29.31735 14 1.00000
234.1 29.40995 14 1.00000
234.2 29.42956 14 1.00000
234.3 29.47298 14 1.00000
234.4 29.52582 14 1.00000
234.5 29.26243 14 1.00000
234.6 29.31960 14 1.00000
234.7 29.41175 14 1.00000
234.8 29.42644 14 1.00000
234.9 29.49007 14 1.00000
235.0 29.52987 14 1.00000
235.1 29.26028 14 1.00000
235.2 29.32002 14 1.00000
235.3 29.40931 14 1.00000
235.4 29.44293 14 1.00000
235.5 29.49491 14 1.00000
235.6 29.53507 14 1.00000
235.7 29.27095 14 1.00000
235.8 29.31781 14 1.00000
235.9 29.40229 14 1.00000
236.0 29.45523 14 1.00000
236.1 29.49945 14 1.00000
236.2 29.24240 14 1.00000
236.3 29.29043 14 1.00000
236.4 29.31752 14 1.00000
236.5 29.40857 14 1.00000
236.6 29.46085 14 1.00000
236.7 29.50351 14 1.00000
236.8 29.24725 14 1.00000
236.9 29.29597 14 1.00000
237.0 29.39475 14 1.00000
237.1 29.42809 14 1.00000
237.2 29.46566 14 1.00000
237.3 29.50761 14 1.00000
237.4 29.25477 14 1.00000
237.5 29.30273 14 1.00000
237.6 29.39066 14 1.00000
237.7 29.43165 14 1.00000
237.8 29.47028 14 1.00000
237.9 29.50576 14 1.00000
238.0 29.25911 14 1.00000
238.1 29.30825 14 1.00000
238.2 29.38888 14 1.00000
238.3 29.43558 14 1.00000
238.4 29.46869 14 1.00000
238.5 29.50190 14 1.00000
238.6 29.25997 14 1.00000
238.7 29.31250 14 1.00000
238.8 29.40893 14 1.00000
238.9 29.43224 14 1.00000
239.0 29.46408 14 1.00000
239.1 29.52475 14 1.00000
239.2 29.26284 14 1.00000
239.3 29.31950 14 1.00000
239.4 29.41172 14 1.00000
239.5 29.43056 14 1.00000
239.6 29.49191 14 1.00000
239.7 29.53269 14 1.00000
239.8 29.26689 14 1.00000
239.9 29.31922 14 1.00000
240.0 29.40286 14 1.00000
240.1 29.45530 14 1.00000
240.2 29.49995 14 1.00000
240.3 29.24335 14 1.00000
240.4 29.29261 14 1.00000
240.5 29.39470 14 1.00000
240.6 29.42575 14 1.00000
240.7 29.46447 14 1.00000
240.8 29.50730 14 1.00000
240.9 29.25396 14 1.00000
241.0 29.30142 14 1.00000
241.1 29.39103 14 1.00000
241.2 29.43221 14 1.00000
241.3 29.47039 14 1.00000
241.4 29.50492 14 1.00000
241.5 29.25966 14 1.00000
241.6 29.30987 14 1.00000
241.7 29.40469 14 1.00000
241.8 29.43523 14 1.00000
241.9 29.46579 14 1.00000
242.0 29.50848 14 1.00000
242.1 29.25935 14 1.00000
242.2 29.31777 14 1.00000
242.3 29.40969 14 1.00000
242.4 29.42885 14 1.00000
242.5 29.49040 14 1.00000
242.6 29.53134 14 1.00000
242.7 29.26531 14 1.00000
242.8 29.31930 14 1.00000
242.9 29.40267 14 1.00000
243.0 29.45568 14 1.00000
243.1 29.50046 14 1.00000
243.2 29.24448 14 1.00000
243.3 29.29420 14 1.00000
243.4 29.39498 14 1.00000
243.5 29.42796 14 1.00000
243.6 29.46619 14 1.00000
243.7 29.50780 14 1.00000
243.8 29.25617 14 1.00000
243.9 29.30568 14 1.00000
244.0 29.38336 14 1.00000
244.1 29.43517 14 1.00000
244.2 29.46925 14 1.00000
244.3 29.50184 14 1.00000
244.4 29.25998 14 1.00000
244.5 29.31536 14 1.00000
244.6 29.40977 14 1.00000
244.7 29.42897 14 1.00000
244.8 29.48189 14 1.00000
244.9 29.52926 14 1.00000
245.0 29.26112 14 1.00000
245.1 29.31987 14 1.00000
245.2 29.40589 14 1.00000
245.3 29.45459 14 1.00000
245.4 29.50012 14 1.00000
245.5 29.24382 14 1.00000
245.6 29.29408 14 1.00000
245.7 29.39498 14 1.00000
245.8 29.42849 14 1.00000
245.9 29.46638 14 1.00000
246.0 29.50777 14 1.00000
246.1 29.25733 14 1.00000
246.2 29.30722 14 1.00000
246.3 29.38766 14 1.00000
246.4 29.43561 14 1.00000
246.5 29.46736 14 1.00000
246.6 29.50335 14 1.00000
246.7 29.25944 14 1.00000
246.8 29.31779 14 1.00000
246.9 29.41166 14 1.00000
247.0 29.42763 14 1.00000
247.1 29.49188 14 1.00000
247.2 29.53373 14 1.00000
247.3 29.27344 14 1.00000
247.4 29.31570 14 1.00000
247.5 29.40274 14 1.00000
247.6 29.46088 14 1.00000
247.7 29.50417 14 1.00000
247.8 29.25183 14 1.00000
247.9 29.30101 14 1.00000
248.0 29.39031 14 1.00000
248.1 29.43259 14 1.00000
248.2 29.47043 14 1.00000
248.3 29.50153 14 1.00000
248.4 29.25993 14 1.00000
248.5 29.31253 14 1.00000
248.6 29.40958 14 1.00000
248.7 29.42918 14 1.00000
248.8 29.48303 14 1.00000
248.9 29.52974 14 1.00000
249.0 29.26330 14 1.00000
249.1 29.31920 14 1.00000
249.2 29.40086 14 1.00000
249.3 29.45775 14 1.00000
249.4 29.50302 14 1.00000
249.5 29.24751 14 1.00000
249.6 29.29890 14 1.00000
249.7 29.39470 14 1.00000
249.8 29.43156 14 1.00000
249.9 29.47040 14 1.00000
250.0 29.50385 14 1.00000
