15.0 1.43232 13 0.04375
15.1 1.43994 13 0.04410
15.2 1.44756 13 0.04448
15.3 1.45518 13 0.04486
15.4 1.46280 13 0.04523
15.5 1.47042 13 0.04560
15.6 1.47804 13 0.04596
15.7 1.48566 13 0.04633
15.8 1.49328 13 0.04670
15.9 1.50090 13 0.04706
16.0 1.50852 13 0.04742
16.1 1.51614 13 0.04778
16.2 1.52376 13 0.04814
16.3 1.53137 13 0.04849
16.4 1.53899 13 0.04884
16.5 1.54660 13 0.04924
16.6 1.55422 13 0.04959
16.7 1.56183 13 0.04993
16.8 1.56945 13 0.05027
16.9 1.57706 13 0.05061
17.0 1.58467 13 0.05094
17.1 1.59228 13 0.05126
17.2 1.59989 13 0.05159
17.3 1.60750 13 0.05191
17.4 1.61511 13 0.05224
17.5 1.62271 13 0.05256
17.6 1.63032 13 0.05288
17.7 1.63792 13 0.05319
17.8 1.64552 13 0.05350
17.9 1.65312 13 0.05388
18.0 1.66072 13 0.05419
18.1 1.66832 13 0.05449
18.2 1.67592 13 0.05479
18.3 1.68352 13 0.05509
18.4 1.69111 13 0.05539
18.5 1.69870 13 0.05569
18.6 1.70630 13 0.05599
18.7 1.71389 13 0.05628
18.8 1.72147 13 0.05658
18.9 1.72906 13 0.05694
19.0 1.74113 13 0.05759
19.1 1.75343 13 0.05825
19.2 1.76582 13 0.05890
19.3 1.77831 13 0.05957
19.4 1.79089 13 0.06024
19.5 1.80356 13 0.06092
19.6 1.81632 13 0.06160
19.7 1.82918 13 0.06228
19.8 1.84213 13 0.06297
19.9 1.85518 13 0.06374
20.0 1.86832 13 0.06444
20.1 1.88156 13 0.06514
20.2 1.89489 13 0.06583
20.3 1.90832 13 0.06654
20.4 1.92185 13 0.06726
20.5 17.00589 14 1.00000
20.6 17.06858 14 1.00000
20.7 17.13100 14 1.00000
20.8 17.17126 14 1.00000
20.9 17.23282 14 1.00000
21.0 17.29400 14 1.00000
21.1 17.35689 14 1.00000
21.2 17.41944 14 1.00000
21.3 17.47985 14 1.00000
21.4 17.53987 14 1.00000
21.5 17.59952 14 1.00000
21.6 17.65845 14 1.00000
21.7 17.69358 14 1.00000
21.8 17.75167 14 1.00000
21.9 17.80937 14 1.00000
22.0 17.86803 14 1.00000
22.1 17.92866 14 1.00000
22.2 17.98557 14 1.00000
22.3 18.04171 14 1.00000
22.4 18.09740 14 1.00000
22.5 18.15277 14 1.00000
22.6 18.18284 14 1.00000
22.7 18.23746 14 1.00000
22.8 18.29159 14 1.00000
22.9 18.34969 14 1.00000
23.0 18.40385 14 1.00000
23.1 18.45672 14 1.00000
23.2 18.50918 14 1.00000
23.3 18.56127 14 1.00000
23.4 5.49331 14 0.25971
23.5 5.59550 14 0.26472
23.6 5.69872 14 0.26977
23.7 5.80294 14 0.27485
23.8 5.90835 14 0.27989
23.9 6.01464 14 0.28504
24.0 6.12192 14 0.29023
24.1 6.23020 14 0.29545
24.2 6.33767 14 0.30108
24.3 6.44767 14 0.30636
24.4 6.55865 14 0.31167
24.5 6.67057 14 0.31703
24.6 6.78405 14 0.32233
24.7 6.89793 14 0.32775
24.8 7.01276 14 0.33320
24.9 7.12852 14 0.33868
25.0 7.24135 14 0.34455
25.1 7.35870 14 0.35009
25.2 7.47695 14 0.35567
25.3 7.59610 14 0.36127
25.4 7.71641 14 0.36689
25.5 7.83826 14 0.37250
25.6 7.96011 14 0.37820
25.7 8.08285 14 0.38393
25.8 8.20016 14 0.39003
25.9 8.32432 14 0.39582
26.0 8.44931 14 0.40164
26.1 8.57513 14 0.40749
26.2 8.70175 14 0.41337
26.3 8.83101 14 0.41920
26.4 8.95944 14 0.42513
26.5 9.08867 14 0.43110
26.6 9.20932 14 0.43744
26.7 9.33967 14 0.44346
26.8 9.47082 14 0.44951
26.9 9.60270 14 0.45559
27.0 9.73533 14 0.46170
27.1 9.87113 14 0.46777
27.2 10.00541 14 0.47394
27.3 10.14037 14 0.48013
27.4 10.26347 14 0.48668
27.5 10.39947 14 0.49293
27.6 10.53598 14 0.49921
27.7 10.67324 14 0.50551
27.8 10.81099 14 0.51185
27.9 10.95291 14 0.51814
28.0 11.09227 14 0.52453
28.1 11.23227 14 0.53094
28.2 11.35625 14 0.53769
28.3 11.49708 14 0.54416
28.4 11.63850 14 0.55065
28.5 11.78049 14 0.55717
28.6 11.92331 14 0.56371
28.7 12.06988 14 0.57023
28.8 12.21358 14 0.57683
28.9 12.33666 14 0.58376
29.0 12.48103 14 0.59041
29.1 12.62584 14 0.59709
29.2 12.77112 14 0.60379
29.3 12.91682 14 0.61051
29.4 13.06281 14 0.61727
29.5 13.21465 14 0.62399
29.6 13.36203 14 0.63079
29.7 13.48268 14 0.63791
29.8 13.63017 14 0.64476
29.9 13.77791 14 0.65164
30.0 13.92604 14 0.65854
30.1 14.07447 14 0.66547
30.2 14.22317 14 0.67242
30.3 14.37884 14 0.67935
30.4 14.52862 14 0.68635
30.5 14.64584 14 0.69363
30.6 14.79534 14 0.70068
30.7 14.94504 14 0.70775
30.8 15.09491 14 0.71484
30.9 15.24494 14 0.72196
31.0 15.39514 14 0.72911
31.1 15.55354 14 0.73623
31.2 15.66644 14 0.74364
31.3 15.81695 14 0.75085
31.4 15.96750 14 0.75808
31.5 16.11798 14 0.76534
31.6 16.26843 14 0.77262
31.7 16.41896 14 0.77993
31.8 16.56954 14 0.78725
31.9 16.68420 14 0.79475
32.0 16.83556 14 0.80212
32.1 16.98587 14 0.80950
32.2 17.13611 14 0.81691
32.3 17.28597 14 0.82435
32.4 17.43582 14 0.83180
32.5 17.53599 14 0.83943
32.6 17.68459 14 0.84693
32.7 17.83610 14 0.85443
32.8 17.99317 14 0.86195
32.9 18.14203 14 0.86950
33.0 18.29065 14 0.87708
33.1 18.38315 14 0.88479
33.2 18.52985 14 0.89241
33.3 18.67620 14 0.90004
33.4 18.82226 14 0.90770
33.5 18.96890 14 0.91537
33.6 19.12701 14 0.92304
33.7 19.21089 14 0.93083
33.8 19.35526 14 0.93856
33.9 19.49888 14 0.94630
34.0 19.64198 14 0.95407
34.1 19.78438 14 0.96185
34.2 19.85933 14 0.96968
34.3 19.99977 14 0.97749
34.4 20.14687 14 0.98532
34.5 20.29488 14 0.99317
34.6 20.34223 14 1.00000
34.7 20.32644 14 1.00000
34.8 20.30976 14 1.00000
34.9 20.21943 14 1.00000
35.0 20.20046 14 1.00000
35.1 20.10772 14 1.00000
35.2 19.79861 14 1.00000
35.3 19.78333 14 1.00000
35.4 19.76707 14 1.00000
35.5 19.63645 14 1.00000
35.6 19.61110 14 1.00000
35.7 19.58516 14 1.00000
35.8 19.55803 14 1.00000
35.9 19.53018 14 1.00000
36.0 19.38514 14 1.00000
36.1 19.35602 14 1.00000
36.2 19.34479 14 1.00000
36.3 19.31494 14 1.00000
36.4 19.28449 14 1.00000
36.5 19.13525 14 1.00000
36.6 19.10326 14 1.00000
36.7 19.07053 14 1.00000
36.8 19.03718 14 1.00000
36.9 19.00314 14 1.00000
37.0 18.22329 14 1.00000
37.1 16.30249 14 1.00000
37.2 14.98941 14 1.00000
37.3 13.84754 14 1.00000
37.4 13.85636 14 1.00000
37.5 13.80273 14 1.00000
37.6 13.72752 14 1.00000
37.7 13.72713 14 1.00000
37.8 13.67783 14 1.00000
37.9 13.61732 14 1.00000
38.0 13.63783 14 1.00000
38.1 13.55624 14 1.00000
38.2 13.50809 14 1.00000
38.3 13.51839 14 1.00000
38.4 13.44490 14 1.00000
38.5 13.38880 14 1.00000
38.6 13.40889 14 1.00000
38.7 13.36591 14 1.00000
38.8 13.27908 14 1.00000
38.9 13.32985 14 1.00000
39.0 13.25629 14 1.00000
39.1 13.20209 14 1.00000
39.2 13.14513 14 0.99763
39.3 12.98894 14 0.98970
39.4 12.91354 14 0.98586
39.5 12.91851 14 0.98612
39.6 12.74173 14 0.97709
39.7 12.59041 14 0.96933
39.8 12.43639 14 0.96140
39.9 12.57538 14 0.96856
40.0 12.31224 14 0.95499
40.1 12.26782 14 0.95269
40.2 12.13728 14 0.94592
40.3 11.97404 14 0.93743
40.4 12.14090 14 0.94611
40.5 12.34848 14 0.95687
40.6 12.41342 14 0.96022
40.7 12.46893 14 0.96308
40.8 12.51903 14 0.96566
40.9 12.56781 14 0.96817
41.0 12.74705 14 0.97736
41.1 12.87981 14 0.98414
41.2 12.99376 14 0.98995
41.3 13.18087 14 0.99944
41.4 13.22167 14 1.00000
41.5 13.25073 14 1.00000
41.6 13.28059 14 1.00000
41.7 13.30967 14 1.00000
41.8 13.33801 14 1.00000
41.9 13.36518 14 1.00000
42.0 13.40953 14 1.00000
42.1 13.47174 14 1.00000
42.2 13.52431 14 1.00000
42.3 13.57028 14 1.00000
42.4 13.61102 14 1.00000
42.5 13.67975 14 1.00000
42.6 13.71070 14 1.00000
42.7 13.74038 14 1.00000
42.8 13.77077 14 1.00000
42.9 13.79976 14 1.00000
43.0 13.82818 14 1.00000
43.1 13.85583 14 1.00000
43.2 13.91339 14 1.00000
43.3 13.97273 14 1.00000
43.4 14.02383 14 1.00000
43.5 14.06918 14 1.00000
43.6 14.10978 14 1.00000
43.7 14.17886 14 1.00000
43.8 14.21063 14 1.00000
43.9 14.24105 14 1.00000
44.0 14.27126 14 1.00000
44.1 14.30084 14 1.00000
44.2 14.32944 14 1.00000
44.3 14.35701 14 1.00000
44.4 14.39262 14 1.00000
44.5 14.46685 14 1.00000
44.6 14.51723 14 1.00000
44.7 14.56568 14 1.00000
44.8 14.61202 14 1.00000
44.9 14.65473 14 1.00000
45.0 14.69794 14 1.00000
45.1 14.73828 14 1.00000
45.2 14.78194 14 1.00000
45.3 14.82061 14 1.00000
45.4 14.86547 14 1.00000
45.5 14.93682 14 1.00000
45.6 14.94985 14 1.00000
45.7 15.01947 14 1.00000
45.8 15.03448 14 1.00000
45.9 15.10461 14 1.00000
46.0 15.11923 14 1.00000
46.1 15.18711 14 1.00000
46.2 15.20393 14 1.00000
46.3 15.27185 14 1.00000
46.4 15.28860 14 1.00000
46.5 15.35483 14 1.00000
46.6 15.37313 14 1.00000
46.7 15.43738 14 1.00000
46.8 15.45663 14 1.00000
46.9 15.51747 14 1.00000
47.0 15.54054 14 1.00000
47.1 15.58781 14 1.00000
47.2 15.65629 14 1.00000
47.3 15.67266 14 1.00000
47.4 15.73621 14 1.00000
47.5 15.75618 14 1.00000
47.6 15.80073 14 1.00000
47.7 15.87135 14 1.00000
47.8 15.88677 14 1.00000
47.9 15.92410 14 1.00000
48.0 15.96904 14 1.00000
48.1 16.01525 14 1.00000
48.2 16.04571 14 1.00000
48.3 16.09904 14 1.00000
48.4 16.14266 14 1.00000
48.5 16.16893 14 1.00000
48.6 16.22918 14 1.00000
48.7 16.27074 14 1.00000
48.8 16.29577 14 1.00000
48.9 16.35827 14 1.00000
49.0 16.40014 14 1.00000
49.1 16.42823 14 1.00000
49.2 16.48623 14 1.00000
49.3 16.53124 14 1.00000
49.4 16.56133 14 1.00000
49.5 16.56376 14 1.00000
49.6 16.66132 14 1.00000
49.7 16.69848 14 1.00000
49.8 16.71848 14 1.00000
49.9 16.73463 14 1.00000
50.0 16.83311 14 1.00000
50.1 16.86553 14 1.00000
50.2 16.86872 14 1.00000
50.3 16.96313 14 1.00000
50.4 17.00567 14 1.00000
50.5 17.03522 14 1.00000
50.6 17.03975 14 1.00000
50.7 17.07262 14 1.00000
50.8 17.17781 14 1.00000
50.9 17.21111 14 1.00000
51.0 17.21582 14 1.00000
51.1 17.25678 14 1.00000
51.2 17.35217 14 1.00000
51.3 17.39001 14 1.00000
51.4 17.41392 14 1.00000
51.5 17.41725 14 1.00000
51.6 17.52392 14 1.00000
51.7 17.56844 14 1.00000
51.8 17.60300 14 1.00000
51.9 17.60991 14 1.00000
52.0 17.63501 14 1.00000
52.1 17.73861 14 1.00000
52.2 17.78578 14 1.00000
52.3 17.82154 14 1.00000
52.4 17.82883 14 1.00000
52.5 17.85152 14 1.00000
52.6 17.95025 14 1.00000
52.7 18.00284 14 1.00000
52.8 18.04499 14 1.00000
52.9 18.07703 14 1.00000
53.0 18.08564 14 1.00000
53.1 18.11237 14 1.00000
53.2 18.21457 14 1.00000
53.3 18.26473 14 1.00000
53.4 18.30739 14 1.00000
53.5 18.33957 14 1.00000
53.6 18.35050 14 1.00000
53.7 18.37313 14 1.00000
53.8 18.50808 14 1.00000
53.9 18.52290 14 1.00000
54.0 18.57174 14 1.00000
54.1 18.61144 14 1.00000
54.2 18.64083 14 1.00000
54.3 18.65561 14 1.00000
54.4 18.77127 14 1.00000
54.5 18.81362 14 1.00000
54.6 18.82777 14 1.00000
54.7 18.87823 14 1.00000
54.8 18.92164 14 1.00000
54.9 18.95849 14 1.00000
55.0 18.98507 14 1.00000
55.1 19.04242 14 1.00000
55.2 19.10265 14 1.00000
55.3 19.16446 14 1.00000
55.4 19.17875 14 1.00000
55.5 19.23020 14 1.00000
55.6 19.27578 14 1.00000
55.7 19.31526 14 1.00000
55.8 19.36103 14 1.00000
55.9 19.37621 14 1.00000
56.0 19.43714 14 1.00000
56.1 19.49683 14 1.00000
56.2 19.55754 14 1.00000
56.3 19.61529 14 1.00000
56.4 19.62556 14 1.00000
56.5 19.67332 14 1.00000
56.6 19.71153 14 1.00000
56.7 19.68530 14 1.00000
56.8 19.75052 14 1.00000
56.9 19.81050 14 1.00000
57.0 19.87138 14 1.00000
57.1 19.93068 14 1.00000
57.2 19.98845 14 1.00000
57.3 20.04554 14 1.00000
57.4 20.10085 14 1.00000
57.5 20.12604 14 1.00000
57.6 20.14408 14 1.00000
57.7 20.16310 14 1.00000
57.8 20.19571 14 1.00000
57.9 20.21663 14 1.00000
58.0 20.27757 14 1.00000
58.1 20.33687 14 1.00000
58.2 20.39584 14 1.00000
58.3 20.45208 14 1.00000
58.4 20.51049 14 1.00000
58.5 20.52554 14 1.00000
58.6 20.60699 14 1.00000
58.7 20.65364 14 1.00000
58.8 20.69785 14 1.00000
58.9 20.73694 14 1.00000
59.0 20.77618 14 1.00000
59.1 20.79349 14 1.00000
59.2 20.83156 14 1.00000
59.3 20.86503 14 1.00000
59.4 20.89127 14 1.00000
59.5 20.93692 14 1.00000
59.6 20.98082 14 1.00000
59.7 21.10214 14 1.00000
59.8 21.15931 14 1.00000
59.9 21.21414 14 1.00000
60.0 21.26467 14 1.00000
60.1 21.27253 14 1.00000
60.2 21.32298 14 1.00000
60.3 21.37143 14 1.00000
60.4 21.41773 14 1.00000
60.5 21.46482 14 1.00000
60.6 21.50964 14 1.00000
60.7 21.55339 14 1.00000
60.8 21.59724 14 1.00000
60.9 21.65315 14 1.00000
61.0 21.60645 14 1.00000
61.1 21.65146 14 1.00000
61.2 21.70908 14 1.00000
61.3 21.76475 14 1.00000
61.4 21.81799 14 1.00000
61.5 21.87200 14 1.00000
61.6 21.92549 14 1.00000
61.7 21.97909 14 1.00000
61.8 22.03068 14 1.00000
61.9 22.08049 14 1.00000
62.0 22.13394 14 1.00000
62.1 22.18547 14 1.00000
62.2 22.23237 14 1.00000
62.3 22.18651 14 1.00000
62.4 22.32094 14 1.00000
62.5 22.36681 14 1.00000
62.6 22.41530 14 1.00000
62.7 22.46302 14 1.00000
62.8 22.50586 14 1.00000
62.9 22.55118 14 1.00000
63.0 22.60006 14 1.00000
63.1 22.64405 14 1.00000
63.2 22.68469 14 1.00000
63.3 22.73185 14 1.00000
63.4 22.77556 14 1.00000
63.5 22.81639 14 1.00000
63.6 22.86007 14 1.00000
63.7 22.90248 14 1.00000
63.8 22.92576 14 1.00000
63.9 22.96754 14 1.00000
64.0 23.01424 14 1.00000
64.1 23.08169 14 1.00000
64.2 23.14840 14 1.00000
64.3 23.13571 14 1.00000
64.4 23.15120 14 1.00000
64.5 23.20102 14 1.00000
64.6 23.25051 14 1.00000
64.7 23.30030 14 1.00000
64.8 23.34917 14 1.00000
64.9 23.39768 14 1.00000
65.0 23.44632 14 1.00000
65.1 23.49450 14 1.00000
65.2 23.54188 14 1.00000
65.3 23.58841 14 1.00000
65.4 23.62841 14 1.00000
65.5 23.66821 14 1.00000
65.6 23.77166 14 1.00000
65.7 23.81194 14 1.00000
65.8 23.85967 14 1.00000
65.9 23.90529 14 1.00000
66.0 23.95659 14 1.00000
66.1 23.99789 14 1.00000
66.2 24.05216 14 1.00000
66.3 24.10213 14 1.00000
66.4 24.14231 14 1.00000
66.5 24.19546 14 1.00000
66.6 24.24499 14 1.00000
66.7 24.29308 14 1.00000
66.8 24.34037 14 1.00000
66.9 24.38764 14 1.00000
67.0 24.42529 14 1.00000
67.1 24.47496 14 1.00000
67.2 24.52298 14 1.00000
67.3 24.56875 14 1.00000
67.4 24.61316 14 1.00000
67.5 24.65705 14 1.00000
67.6 24.71362 14 1.00000
67.7 24.75908 14 1.00000
67.8 24.80424 14 1.00000
67.9 24.84799 14 1.00000
68.0 24.89197 14 1.00000
68.1 24.93277 14 1.00000
68.2 24.98735 14 1.00000
68.3 25.03025 14 1.00000
68.4 25.06769 14 1.00000
68.5 25.08942 14 1.00000
68.6 25.14270 14 1.00000
68.7 25.22643 14 1.00000
68.8 25.27903 14 1.00000
68.9 25.31989 14 1.00000
69.0 25.36761 14 1.00000
69.1 25.40836 14 1.00000
69.2 25.45605 14 1.00000
69.3 25.49684 14 1.00000
69.4 25.54449 14 1.00000
69.5 25.58422 14 1.00000
69.6 25.63183 14 1.00000
69.7 25.66867 14 1.00000
69.8 25.71593 14 1.00000
69.9 25.74876 14 1.00000
70.0 25.79984 14 1.00000
70.1 25.80093 14 1.00000
70.2 25.90603 14 1.00000
70.3 25.93871 14 1.00000
70.4 25.98814 14 1.00000
70.5 26.03487 14 1.00000
70.6 26.07458 14 1.00000
70.7 26.10938 14 1.00000
70.8 26.16071 14 1.00000
70.9 26.19919 14 1.00000
71.0 26.23364 14 1.00000
71.1 26.28498 14 1.00000
71.2 26.32323 14 1.00000
71.3 26.36195 14 1.00000
71.4 26.39306 14 1.00000
71.5 26.47968 14 1.00000
71.6 26.57706 14 1.00000
71.7 26.54181 14 1.00000
71.8 26.57817 14 1.00000
71.9 26.61307 14 1.00000
72.0 26.64663 14 1.00000
72.1 26.71025 14 1.00000
72.2 26.77221 14 1.00000
72.3 26.83284 14 1.00000
72.4 26.89179 14 1.00000
72.5 26.94909 14 1.00000
72.6 26.99460 14 1.00000
72.7 27.05425 14 1.00000
72.8 27.11084 14 1.00000
72.9 27.15617 14 1.00000
73.0 27.21298 14 1.00000
73.1 27.26690 14 1.00000
73.2 27.30900 14 1.00000
73.3 27.38136 14 1.00000
73.4 27.44804 14 1.00000
73.5 27.48031 14 1.00000
73.6 27.49750 14 1.00000
73.7 27.58084 14 1.00000
73.8 27.63852 14 1.00000
73.9 27.67100 14 1.00000
74.0 27.73164 14 1.00000
74.1 27.78156 14 1.00000
74.2 27.83024 14 1.00000
74.3 27.87630 14 1.00000
74.4 27.91785 14 1.00000
74.5 27.96696 14 1.00000
74.6 27.95635 14 1.00000
74.7 28.06561 14 1.00000
74.8 28.11667 14 1.00000
74.9 28.15002 14 1.00000
75.0 28.20028 14 1.00000
75.1 28.31188 14 1.00000
75.2 28.35589 14 1.00000
75.3 28.38826 14 1.00000
75.4 28.42755 14 1.00000
75.5 28.46757 14 1.00000
75.6 28.51019 14 1.00000
75.7 28.54891 14 1.00000
75.8 28.58788 14 1.00000
75.9 28.62639 14 1.00000
76.0 28.66666 14 1.00000
76.1 28.71426 14 1.00000
76.2 28.75866 14 1.00000
76.3 28.80544 14 1.00000
76.4 28.90607 14 1.00000
76.5 28.92650 14 1.00000
76.6 28.99210 14 1.00000
76.7 28.94587 14 1.00000
76.8 29.00140 14 1.00000
76.9 29.03339 14 1.00000
77.0 29.06441 14 1.00000
77.1 29.09392 14 1.00000
77.2 29.12336 14 1.00000
77.3 29.16023 14 1.00000
77.4 29.20927 14 1.00000
77.5 29.28298 14 1.00000
77.6 29.36014 14 1.00000
77.7 29.43212 14 1.00000
77.8 29.46865 14 1.00000
77.9 29.54960 14 1.00000
78.0 29.59152 14 1.00000
78.1 29.66043 14 1.00000
78.2 29.76348 14 1.00000
78.3 29.79257 14 1.00000
78.4 29.84672 14 1.00000
78.5 29.87308 14 1.00000
78.6 29.94677 14 1.00000
78.7 30.00181 14 1.00000
78.8 30.05360 14 1.00000
78.9 30.10083 14 1.00000
79.0 30.14166 14 1.00000
79.1 30.17290 14 1.00000
79.2 30.24190 14 1.00000
79.3 30.26845 14 1.00000
79.4 30.32769 14 1.00000
79.5 30.36879 14 1.00000
79.6 30.48873 14 1.00000
79.7 30.51316 14 1.00000
79.8 30.53599 14 1.00000
79.9 30.58455 14 1.00000
80.0 30.65106 14 1.00000
80.1 30.68867 14 1.00000
80.2 30.72160 14 1.00000
80.3 30.74153 14 1.00000
80.4 30.80578 14 1.00000
80.5 30.84364 14 1.00000
80.6 30.86455 14 1.00000
80.7 30.92108 14 1.00000
80.8 31.01916 14 1.00000
80.9 30.96101 14 1.00000
81.0 30.98712 14 1.00000
81.1 31.03053 14 1.00000
81.2 31.06276 14 1.00000
81.3 31.09637 14 1.00000
81.4 31.13909 14 1.00000
81.5 31.18732 14 1.00000
81.6 31.32796 14 1.00000
81.7 31.31518 14 1.00000
81.8 31.40117 14 1.00000
81.9 31.47350 14 1.00000
82.0 31.53522 14 1.00000
82.1 31.58888 14 1.00000
82.2 31.65321 14 1.00000
82.3 31.70669 14 1.00000
82.4 31.78625 14 1.00000
82.5 31.82721 14 1.00000
82.6 31.89679 14 1.00000
82.7 31.94369 14 1.00000
82.8 31.98020 14 1.00000
82.9 32.04108 14 1.00000
83.0 32.09242 14 1.00000
83.1 32.04554 14 1.00000
83.2 32.18446 14 1.00000
83.3 32.21967 14 1.00000
83.4 32.28025 14 1.00000
83.5 32.32645 14 1.00000
83.6 32.36281 14 1.00000
83.7 32.41229 14 1.00000
83.8 32.45356 14 1.00000
83.9 32.59023 14 1.00000
84.0 32.62387 14 1.00000
84.1 32.66527 14 1.00000
84.2 32.70636 14 1.00000
84.3 32.74605 14 1.00000
84.4 32.78502 14 1.00000
84.5 32.76378 14 1.00000
84.6 32.82958 14 1.00000
84.7 32.86132 14 1.00000
84.8 32.94284 14 1.00000
84.9 32.95498 14 1.00000
85.0 33.01894 14 1.00000
85.1 33.01996 14 1.00000
85.2 33.09070 14 1.00000
85.3 33.10007 14 1.00000
85.4 33.15383 14 1.00000
85.5 33.20546 14 1.00000
85.6 33.23740 14 1.00000
85.7 33.36446 14 1.00000
85.8 33.29215 14 1.00000
85.9 33.31664 14 1.00000
86.0 33.35877 14 1.00000
86.1 33.54904 14 1.00000
86.2 33.49145 14 1.00000
86.3 33.56475 14 1.00000
86.4 33.73837 14 1.00000
86.5 33.72315 14 1.00000
86.6 33.76254 14 1.00000
86.7 33.83249 14 1.00000
86.8 33.87207 14 1.00000
86.9 33.95502 14 1.00000
87.0 34.00256 14 1.00000
87.1 34.06665 14 1.00000
87.2 34.11773 14 1.00000
87.3 34.18914 14 1.00000
87.4 34.24151 14 1.00000
87.5 34.27151 14 1.00000
87.6 34.32770 14 1.00000
87.7 34.38039 14 1.00000
87.8 34.39302 14 1.00000
87.9 34.48497 14 1.00000
88.0 34.52838 14 1.00000
88.1 34.58414 14 1.00000
88.2 34.60897 14 1.00000
88.3 34.67402 14 1.00000
88.4 34.64202 14 1.00000
88.5 34.75989 14 1.00000
88.6 34.89096 14 1.00000
88.7 34.90495 14 1.00000
88.8 34.94979 14 1.00000
88.9 35.00298 14 1.00000
89.0 35.04485 14 1.00000
89.1 35.09413 14 1.00000
89.2 35.12931 14 1.00000
89.3 35.17108 14 1.00000
89.4 35.20053 14 1.00000
89.5 35.25414 14 1.00000
89.6 35.29130 14 1.00000
89.7 35.32991 14 1.00000
89.8 35.36581 14 1.00000
89.9 35.47833 14 1.00000
90.0 35.42563 14 1.00000
90.1 35.45451 14 1.00000
90.2 35.46255 14 1.00000
90.3 35.55443 14 1.00000
90.4 35.58260 14 1.00000
90.5 35.60889 14 1.00000
90.6 35.63424 14 1.00000
90.7 35.68032 14 1.00000
90.8 35.77302 14 1.00000
90.9 35.86200 14 1.00000
91.0 35.93534 14 1.00000
91.1 35.99648 14 1.00000
91.2 36.07018 14 1.00000
91.3 36.12999 14 1.00000
91.4 36.19439 14 1.00000
91.5 36.25544 14 1.00000
91.6 36.30652 14 1.00000
91.7 36.39102 14 1.00000
91.8 36.45228 14 1.00000
91.9 36.49204 14 1.00000
92.0 36.51365 14 1.00000
92.1 36.56367 14 1.00000
92.2 36.52045 14 1.00000
92.3 36.70613 14 1.00000
92.4 36.75695 14 1.00000
92.5 36.80764 14 1.00000
92.6 36.85756 14 1.00000
92.7 36.90524 14 1.00000
92.8 36.94216 14 1.00000
92.9 36.99904 14 1.00000
93.0 37.04678 14 1.00000
93.1 37.06916 14 1.00000
93.2 37.13696 14 1.00000
93.3 37.16388 14 1.00000
93.4 37.31452 14 1.00000
93.5 37.35289 14 1.00000
93.6 37.39296 14 1.00000
93.7 37.40659 14 1.00000
93.8 37.47067 14 1.00000
93.9 37.51919 14 1.00000
94.0 37.56081 14 1.00000
94.1 37.57367 14 1.00000
94.2 37.63854 14 1.00000
94.3 37.68464 14 1.00000
94.4 37.69749 14 1.00000
94.5 37.76593 14 1.00000
94.6 37.77413 14 1.00000
94.7 37.84648 14 1.00000
94.8 37.87741 14 1.00000
94.9 37.90475 14 1.00000
95.0 37.96270 14 1.00000
95.1 37.99945 14 1.00000
95.2 38.03133 14 1.00000
95.3 38.06017 14 1.00000
95.4 38.08729 14 1.00000
95.5 38.14489 14 1.00000
95.6 38.24053 14 1.00000
95.7 38.32155 14 1.00000
95.8 38.36718 14 1.00000
95.9 38.46259 14 1.00000
96.0 38.49775 14 1.00000
96.1 38.59308 14 1.00000
96.2 38.63033 14 1.00000
96.3 38.71585 14 1.00000
96.4 38.74591 14 1.00000
96.5 38.82980 14 1.00000
96.6 38.88936 14 1.00000
96.7 38.94289 14 1.00000
96.8 38.97211 14 1.00000
96.9 39.05433 14 1.00000
97.0 39.11929 14 1.00000
97.1 39.18277 14 1.00000
97.2 39.23856 14 1.00000
97.3 39.29132 14 1.00000
97.4 39.34170 14 1.00000
97.5 39.38739 14 1.00000
97.6 39.42132 14 1.00000
97.7 39.49321 14 1.00000
97.8 39.54379 14 1.00000
97.9 39.58403 14 1.00000
98.0 39.63706 14 1.00000
98.1 39.68533 14 1.00000
98.2 39.69809 14 1.00000
98.3 39.77729 14 1.00000
98.4 39.79017 14 1.00000
98.5 39.95210 14 1.00000
98.6 39.99269 14 1.00000
98.7 40.00666 14 1.00000
98.8 40.07784 14 1.00000
98.9 40.12351 14 1.00000
99.0 40.15042 14 1.00000
99.1 40.20112 14 1.00000
99.2 40.25249 14 1.00000
99.3 40.27079 14 1.00000
99.4 40.33516 14 1.00000
99.5 40.37797 14 1.00000
99.6 40.41844 14 1.00000
99.7 40.44902 14 1.00000
99.8 40.50457 14 1.00000
99.9 40.53393 14 1.00000
100.0 40.56859 14 1.00000
100.1 40.62498 14 1.00000
100.2 40.66312 14 1.00000
100.3 40.69716 14 1.00000
100.4 40.72771 14 1.00000
100.5 40.77511 14 1.00000
100.6 40.87023 14 1.00000
100.7 40.94874 14 1.00000
100.8 41.01500 14 1.00000
100.9 41.09455 14 1.00000
101.0 41.15692 14 1.00000
101.1 41.22834 14 1.00000
101.2 41.29258 14 1.00000
101.3 41.35503 14 1.00000
101.4 41.41727 14 1.00000
101.5 41.47868 14 1.00000
101.6 41.52334 14 1.00000
101.7 41.59676 14 1.00000
101.8 41.65428 14 1.00000
101.9 41.70883 14 1.00000
102.0 41.74205 14 1.00000
102.1 41.84372 14 1.00000
102.2 41.89870 14 1.00000
102.3 41.95264 14 1.00000
102.4 42.00655 14 1.00000
102.5 42.06057 14 1.00000
102.6 42.11449 14 1.00000
102.7 42.16782 14 1.00000
102.8 42.22009 14 1.00000
102.9 42.26561 14 1.00000
103.0 42.28886 14 1.00000
103.1 42.37049 14 1.00000
103.2 42.41777 14 1.00000
103.3 42.43565 14 1.00000
103.4 42.51659 14 1.00000
103.5 42.54477 14 1.00000
103.6 42.60992 14 1.00000
103.7 42.64170 14 1.00000
103.8 42.76627 14 1.00000
103.9 42.82751 14 1.00000
104.0 42.87359 14 1.00000
104.1 42.89722 14 1.00000
104.2 42.96324 14 1.00000
104.3 43.00770 14 1.00000
104.4 43.03709 14 1.00000
104.5 43.09784 14 1.00000
104.6 43.11586 14 1.00000
104.7 43.18508 14 1.00000
104.8 43.21819 14 1.00000
104.9 43.27302 14 1.00000
105.0 43.28409 14 1.00000
105.1 43.35957 14 1.00000
105.2 43.39853 14 1.00000
105.3 43.41445 14 1.00000
105.4 43.48428 14 1.00000
105.5 43.52685 14 1.00000
105.6 43.56514 14 1.00000
105.7 43.59895 14 1.00000
105.8 43.67179 14 1.00000
105.9 43.75534 14 1.00000
106.0 43.81901 14 1.00000
106.1 43.90821 14 1.00000
106.2 43.96973 14 1.00000
106.3 44.04857 14 1.00000
106.4 44.11555 14 1.00000
106.5 44.16423 14 1.00000
106.6 44.24846 14 1.00000
106.7 44.29155 14 1.00000
106.8 44.37048 14 1.00000
106.9 44.44916 14 1.00000
107.0 44.47044 14 1.00000
107.1 44.53773 14 1.00000
107.2 44.58201 14 1.00000
107.3 44.62630 14 1.00000
107.4 44.67058 14 1.00000
107.5 44.71486 14 1.00000
107.6 44.75914 14 1.00000
107.7 44.80658 14 1.00000
107.8 44.85555 14 1.00000
107.9 44.90386 14 1.00000
108.0 44.95136 14 1.00000
108.1 44.99826 14 1.00000
108.2 45.04470 14 1.00000
108.3 45.09098 14 1.00000
108.4 45.13687 14 1.00000
108.5 45.18267 14 1.00000
108.6 45.22812 14 1.00000
108.7 45.27339 14 1.00000
108.8 45.31850 14 1.00000
108.9 45.36349 14 1.00000
109.0 45.40832 14 1.00000
109.1 45.45311 14 1.00000
109.2 45.49677 14 1.00000
109.3 45.54164 14 1.00000
109.4 45.59300 14 1.00000
109.5 45.63732 14 1.00000
109.6 45.68171 14 1.00000
109.7 45.72682 14 1.00000
109.8 45.76978 14 1.00000
109.9 45.81701 14 1.00000
110.0 45.86024 14 1.00000
110.1 45.90342 14 1.00000
110.2 45.95050 14 1.00000
110.3 45.99397 14 1.00000
110.4 46.03738 14 1.00000
110.5 46.08434 14 1.00000
110.6 46.12801 14 1.00000
110.7 46.17165 14 1.00000
110.8 46.21849 14 1.00000
110.9 46.26236 14 1.00000
111.0 46.30622 14 1.00000
111.1 46.08546 14 1.00000
111.2 46.12917 14 1.00000
111.3 46.17284 14 1.00000
111.4 46.21969 14 1.00000
111.5 46.26358 14 1.00000
111.6 46.30755 14 1.00000
111.7 46.08680 14 1.00000
111.8 46.13055 14 1.00000
111.9 46.17424 14 1.00000
112.0 46.22122 14 1.00000
112.1 46.26514 14 1.00000
112.2 46.30914 14 1.00000
112.3 46.08840 14 1.00000
112.4 46.13217 14 1.00000
112.5 46.17603 14 1.00000
112.6 46.22301 14 1.00000
112.7 46.26696 14 1.00000
112.8 46.31098 14 1.00000
112.9 46.09025 14 1.00000
113.0 46.13419 14 1.00000
113.1 46.17808 14 1.00000
113.2 46.22508 14 1.00000
113.3 46.26912 14 1.00000
113.4 46.31308 14 1.00000
113.5 46.09251 14 1.00000
113.6 46.13646 14 1.00000
113.7 46.18039 14 1.00000
113.8 46.22739 14 1.00000
113.9 46.27145 14 1.00000
114.0 46.31558 14 1.00000
114.1 46.09502 14 1.00000
114.2 46.13900 14 1.00000
114.3 46.18295 14 1.00000
114.4 46.23009 14 1.00000
114.5 46.27432 14 1.00000
114.6 46.31834 14 1.00000
114.7 46.09779 14 1.00000
114.8 46.14178 14 1.00000
114.9 46.18591 14 1.00000
115.0 46.23002 14 1.00000
115.1 46.27729 14 1.00000
115.2 46.32135 14 1.00000
115.3 46.09750 14 1.00000
115.4 46.14497 14 1.00000
115.5 46.18913 14 1.00000
115.6 46.23328 14 1.00000
115.7 46.28051 14 1.00000
115.8 46.32476 14 1.00000
115.9 46.10098 14 1.00000
116.0 46.14840 14 1.00000
116.1 46.19260 14 1.00000
116.2 46.23679 14 1.00000
116.3 46.28398 14 1.00000
116.4 46.06082 14 1.00000
116.5 46.10469 14 1.00000
116.6 46.15207 14 1.00000
116.7 46.19633 14 1.00000
116.8 46.24054 14 1.00000
116.9 46.28788 14 1.00000
117.0 46.06475 14 1.00000
117.1 46.10881 14 1.00000
117.2 46.15601 14 1.00000
117.3 46.20031 14 1.00000
117.4 46.24471 14 1.00000
117.5 46.29204 14 1.00000
117.6 46.06894 14 1.00000
117.7 46.11304 14 1.00000
117.8 46.16037 14 1.00000
117.9 46.20483 14 1.00000
118.0 46.24926 14 1.00000
118.1 46.29349 14 1.00000
118.2 46.07338 14 1.00000
118.3 46.11766 14 1.00000
118.4 46.16511 14 1.00000
118.5 46.20946 14 1.00000
118.6 46.25393 14 1.00000
118.7 46.29834 14 1.00000
118.8 46.07835 14 1.00000
118.9 46.12253 14 1.00000
119.0 46.16684 14 1.00000
119.1 46.21444 14 1.00000
119.2 46.25882 14 1.00000
119.3 46.30345 14 1.00000
119.4 46.08340 14 1.00000
119.5 46.12780 14 1.00000
119.6 46.17200 14 1.00000
119.7 46.21954 14 1.00000
119.8 46.26413 14 1.00000
119.9 46.30880 14 1.00000
120.0 46.08873 14 1.00000
120.1 46.13317 14 1.00000
120.2 46.17756 14 1.00000
120.3 46.22508 14 1.00000
120.4 46.26969 14 1.00000
120.5 46.31439 14 1.00000
120.6 46.09432 14 1.00000
120.7 46.13878 14 1.00000
120.8 46.18337 14 1.00000
120.9 46.22794 14 1.00000
121.0 46.27558 14 1.00000
121.1 46.32024 14 1.00000
121.2 46.09684 14 1.00000
121.3 46.14480 14 1.00000
121.4 46.18942 14 1.00000
121.5 46.23405 14 1.00000
121.6 46.28173 14 1.00000
121.7 46.32632 14 1.00000
121.8 46.10317 14 1.00000
121.9 46.15102 14 1.00000
122.0 46.19572 14 1.00000
122.1 46.24054 14 1.00000
122.2 46.28818 14 1.00000
122.3 46.06551 14 1.00000
122.4 46.11018 14 1.00000
122.5 46.15782 14 1.00000
122.6 46.20242 14 1.00000
122.7 46.24713 14 1.00000
122.8 46.29209 14 1.00000
122.9 46.07242 14 1.00000
123.0 46.11699 14 1.00000
123.1 46.16472 14 1.00000
123.2 46.20935 14 1.00000
123.3 46.25441 14 1.00000
123.4 46.29927 14 1.00000
123.5 46.07942 14 1.00000
123.6 46.12403 14 1.00000
123.7 46.16879 14 1.00000
123.8 46.21678 14 1.00000
123.9 46.26162 14 1.00000
124.0 46.30655 14 1.00000
124.1 46.08675 14 1.00000
124.2 46.13161 14 1.00000
124.3 46.17643 14 1.00000
124.4 46.22421 14 1.00000
124.5 46.26909 14 1.00000
124.6 46.31406 14 1.00000
124.7 46.09441 14 1.00000
124.8 46.13929 14 1.00000
124.9 46.18415 14 1.00000
125.0 46.22900 14 1.00000
125.1 46.27687 14 1.00000
125.2 46.32197 14 1.00000
125.3 46.09902 14 1.00000
125.4 46.14720 14 1.00000
125.5 46.19211 14 1.00000
125.6 46.23701 14 1.00000
125.7 46.28508 14 1.00000
125.8 46.06266 14 1.00000
125.9 46.10725 14 1.00000
126.0 46.15532 14 1.00000
126.1 46.20047 14 1.00000
126.2 46.24558 14 1.00000
126.3 46.29361 14 1.00000
126.4 46.07138 14 1.00000
126.5 46.11619 14 1.00000
126.6 46.16404 14 1.00000
126.7 46.20921 14 1.00000
126.8 46.25452 14 1.00000
126.9 46.29964 14 1.00000
127.0 46.08002 14 1.00000
127.1 46.12489 14 1.00000
127.2 46.17007 14 1.00000
127.3 46.21829 14 1.00000
127.4 46.26339 14 1.00000
127.5 46.30857 14 1.00000
127.6 46.08901 14 1.00000
127.7 46.13429 14 1.00000
127.8 46.17936 14 1.00000
127.9 46.22738 14 1.00000
128.0 46.27251 14 1.00000
128.1 46.31773 14 1.00000
128.2 46.09848 14 1.00000
128.3 46.14362 14 1.00000
128.4 46.18874 14 1.00000
128.5 46.23386 14 1.00000
128.6 46.28220 14 1.00000
128.7 46.05968 14 1.00000
128.8 46.10482 14 1.00000
128.9 46.15314 14 1.00000
129.0 46.19836 14 1.00000
129.1 46.24384 14 1.00000
129.2 46.29197 14 1.00000
129.3 46.06996 14 1.00000
129.4 46.11516 14 1.00000
129.5 46.16325 14 1.00000
129.6 46.20866 14 1.00000
129.7 46.25404 14 1.00000
129.8 46.29955 14 1.00000
129.9 46.08017 14 1.00000
130.0 46.12527 14 1.00000
130.1 46.17068 14 1.00000
130.2 46.21897 14 1.00000
130.3 46.26447 14 1.00000
130.4 46.30989 14 1.00000
130.5 46.09056 14 1.00000
130.6 46.13607 14 1.00000
130.7 46.18123 14 1.00000
130.8 46.22963 14 1.00000
130.9 46.27508 14 1.00000
131.0 46.32062 14 1.00000
131.1 46.09813 14 1.00000
131.2 46.14664 14 1.00000
131.3 46.19218 14 1.00000
131.4 46.23755 14 1.00000
131.5 46.28608 14 1.00000
131.6 46.06413 14 1.00000
131.7 46.10904 14 1.00000
131.8 46.15771 14 1.00000
131.9 46.20334 14 1.00000
132.0 46.24893 14 1.00000
132.1 46.29463 14 1.00000
132.2 46.07549 14 1.00000
132.3 46.12079 14 1.00000
132.4 46.16624 14 1.00000
132.5 46.21501 14 1.00000
132.6 46.26066 14 1.00000
132.7 46.30613 14 1.00000
132.8 46.08704 14 1.00000
132.9 46.13276 14 1.00000
133.0 46.17814 14 1.00000
133.1 46.22661 14 1.00000
133.2 46.27218 14 1.00000
133.3 46.31786 14 1.00000
133.4 46.09922 14 1.00000
133.5 46.14466 14 1.00000
133.6 46.19007 14 1.00000
133.7 46.23566 14 1.00000
133.8 46.28442 14 1.00000
133.9 46.06254 14 1.00000
134.0 46.10797 14 1.00000
134.1 46.15656 14 1.00000
134.2 46.20240 14 1.00000
134.3 46.24820 14 1.00000
134.4 46.29396 14 1.00000
134.5 46.07537 14 1.00000
134.6 46.12072 14 1.00000
134.7 46.16624 14 1.00000
134.8 46.21522 14 1.00000
134.9 46.26110 14 1.00000
135.0 46.30695 14 1.00000
135.1 46.08791 14 1.00000
135.2 46.13369 14 1.00000
135.3 46.17913 14 1.00000
135.4 46.22813 14 1.00000
135.5 46.27393 14 1.00000
135.6 46.31968 14 1.00000
135.7 46.09778 14 1.00000
135.8 46.14657 14 1.00000
135.9 46.19238 14 1.00000
136.0 46.23820 14 1.00000
136.1 46.28716 14 1.00000
136.2 46.06565 14 1.00000
136.3 46.11085 14 1.00000
136.4 46.15996 14 1.00000
136.5 46.20585 14 1.00000
136.6 46.25189 14 1.00000
136.7 46.29788 14 1.00000
136.8 46.07916 14 1.00000
136.9 46.12475 14 1.00000
137.0 46.17083 14 1.00000
137.1 46.21993 14 1.00000
137.2 46.26577 14 1.00000
137.3 46.31169 14 1.00000
137.4 46.09286 14 1.00000
137.5 46.13918 14 1.00000
137.6 46.18501 14 1.00000
137.7 46.23083 14 1.00000
137.8 46.27963 14 1.00000
137.9 46.32572 14 1.00000
138.0 46.10412 14 1.00000
138.1 46.15300 14 1.00000
138.2 46.19909 14 1.00000
138.3 46.24515 14 1.00000
138.4 46.29115 14 1.00000
138.5 46.07285 14 1.00000
138.6 46.11877 14 1.00000
138.7 46.16457 14 1.00000
138.8 46.21366 14 1.00000
138.9 46.25978 14 1.00000
139.0 46.30621 14 1.00000
139.1 46.08760 14 1.00000
139.2 46.13365 14 1.00000
139.3 46.17951 14 1.00000
139.4 46.22844 14 1.00000
139.5 46.27483 14 1.00000
139.6 46.32100 14 1.00000
139.7 46.09939 14 1.00000
139.8 46.14856 14 1.00000
139.9 46.19466 14 1.00000
140.0 46.24059 14 1.00000
140.1 46.28997 14 1.00000
140.2 46.06888 14 1.00000
140.3 46.11469 14 1.00000
140.4 46.16400 14 1.00000
140.5 46.21016 14 1.00000
140.6 46.25661 14 1.00000
140.7 46.30308 14 1.00000
140.8 46.08440 14 1.00000
140.9 46.13047 14 1.00000
141.0 46.17667 14 1.00000
141.1 46.22599 14 1.00000
141.2 46.27225 14 1.00000
141.3 46.31862 14 1.00000
141.4 46.09686 14 1.00000
141.5 46.14629 14 1.00000
141.6 46.19256 14 1.00000
141.7 46.23885 14 1.00000
141.8 46.28828 14 1.00000
141.9 46.06724 14 1.00000
142.0 46.11293 14 1.00000
142.1 46.16246 14 1.00000
142.2 46.20883 14 1.00000
142.3 46.25549 14 1.00000
142.4 46.30182 14 1.00000
142.5 46.08350 14 1.00000
142.6 46.12945 14 1.00000
142.7 46.17634 14 1.00000
142.8 46.22570 14 1.00000
142.9 46.27201 14 1.00000
143.0 46.31842 14 1.00000
143.1 46.09686 14 1.00000
143.2 46.14666 14 1.00000
143.3 46.19297 14 1.00000
143.4 46.23930 14 1.00000
143.5 46.28877 14 1.00000
143.6 46.06778 14 1.00000
143.7 46.11401 14 1.00000
143.8 46.16388 14 1.00000
143.9 46.21013 14 1.00000
144.0 46.25667 14 1.00000
144.1 46.30337 14 1.00000
144.2 46.08509 14 1.00000
144.3 46.13158 14 1.00000
144.4 46.17820 14 1.00000
144.5 46.22758 14 1.00000
144.6 46.27393 14 1.00000
144.7 46.32055 14 1.00000
144.8 46.09955 14 1.00000
144.9 46.14917 14 1.00000
145.0 46.19572 14 1.00000
145.1 46.24194 14 1.00000
145.2 46.29160 14 1.00000
145.3 46.07112 14 1.00000
145.4 46.11770 14 1.00000
145.5 46.16398 14 1.00000
145.6 46.21358 14 1.00000
145.7 46.26019 14 1.00000
145.8 46.30728 14 1.00000
145.9 46.08915 14 1.00000
146.0 46.13586 14 1.00000
146.1 46.18237 14 1.00000
146.2 46.22874 14 1.00000
146.3 46.27857 14 1.00000
146.4 46.32550 14 1.00000
146.5 46.10444 14 1.00000
146.6 46.15384 14 1.00000
146.7 46.20065 14 1.00000
146.8 46.24741 14 1.00000
146.9 46.29428 14 1.00000
147.0 46.07680 14 1.00000
147.1 46.12313 14 1.00000
147.2 46.16962 14 1.00000
147.3 46.21934 14 1.00000
147.4 46.26636 14 1.00000
147.5 46.31335 14 1.00000
147.6 46.09541 14 1.00000
147.7 46.14232 14 1.00000
147.8 46.18874 14 1.00000
147.9 46.23564 14 1.00000
148.0 46.28541 14 1.00000
148.1 46.06469 14 1.00000
148.2 46.11130 14 1.00000
148.3 46.16105 14 1.00000
148.4 46.20803 14 1.00000
148.5 46.25517 14 1.00000
148.6 46.30213 14 1.00000
148.7 46.08444 14 1.00000
148.8 46.13071 14 1.00000
148.9 46.17792 14 1.00000
149.0 46.22791 14 1.00000
149.1 46.27485 14 1.00000
149.2 46.32174 14 1.00000
149.3 46.10087 14 1.00000
149.4 46.15057 14 1.00000
149.5 46.19773 14 1.00000
149.6 46.24471 14 1.00000
149.7 46.29165 14 1.00000
149.8 46.07427 14 1.00000
149.9 46.12097 14 1.00000
150.0 46.16771 14 1.00000
150.1 46.21798 14 1.00000
150.2 46.26522 14 1.00000
150.3 46.31227 14 1.00000
150.4 46.09425 14 1.00000
150.5 46.14139 14 1.00000
150.6 46.18851 14 1.00000
150.7 46.23564 14 1.00000
150.8 46.28548 14 1.00000
150.9 46.06484 14 1.00000
151.0 46.11152 14 1.00000
151.1 46.16180 14 1.00000
151.2 46.20917 14 1.00000
151.3 46.25637 14 1.00000
151.4 46.30359 14 1.00000
151.5 46.08579 14 1.00000
151.6 46.13278 14 1.00000
151.7 46.18022 14 1.00000
151.8 46.23026 14 1.00000
151.9 46.27742 14 1.00000
152.0 46.32441 14 1.00000
152.1 46.10347 14 1.00000
152.2 46.15382 14 1.00000
152.3 46.20139 14 1.00000
152.4 46.24846 14 1.00000
152.5 46.29564 14 1.00000
152.6 46.07829 14 1.00000
152.7 46.12523 14 1.00000
152.8 46.17252 14 1.00000
152.9 46.22298 14 1.00000
153.0 46.27015 14 1.00000
153.1 46.31714 14 1.00000
153.2 46.09964 14 1.00000
153.3 46.14730 14 1.00000
153.4 46.19452 14 1.00000
153.5 46.24160 14 1.00000
153.6 46.29179 14 1.00000
153.7 46.07137 14 1.00000
153.8 46.11894 14 1.00000
153.9 46.16624 14 1.00000
154.0 46.21647 14 1.00000
154.1 46.26381 14 1.00000
154.2 46.31112 14 1.00000
154.3 46.09351 14 1.00000
154.4 46.14152 14 1.00000
154.5 46.18874 14 1.00000
154.6 46.23581 14 1.00000
154.7 46.28592 14 1.00000
154.8 46.06537 14 1.00000
154.9 46.11309 14 1.00000
155.0 46.16375 14 1.00000
155.1 46.21108 14 1.00000
155.2 46.25854 14 1.00000
155.3 46.30602 14 1.00000
155.4 46.08876 14 1.00000
155.5 46.13649 14 1.00000
155.6 46.18373 14 1.00000
155.7 46.23098 14 1.00000
155.8 46.28117 14 1.00000
155.9 46.06091 14 1.00000
156.0 46.10863 14 1.00000
156.1 46.15920 14 1.00000
156.2 46.20671 14 1.00000
156.3 46.25422 14 1.00000
156.4 46.30138 14 1.00000
156.5 46.08465 14 1.00000
156.6 46.13205 14 1.00000
156.7 46.17995 14 1.00000
156.8 46.23011 14 1.00000
156.9 46.27741 14 1.00000
157.0 46.32483 14 1.00000
157.1 46.10511 14 1.00000
157.2 46.15573 14 1.00000
157.3 46.20328 14 1.00000
157.4 46.25079 14 1.00000
157.5 46.29781 14 1.00000
157.6 46.08176 14 1.00000
157.7 46.12902 14 1.00000
157.8 46.17661 14 1.00000
157.9 46.22731 14 1.00000
158.0 46.27448 14 1.00000
158.1 46.32188 14 1.00000
158.2 46.10265 14 1.00000
158.3 46.15317 14 1.00000
158.4 46.20074 14 1.00000
158.5 46.24813 14 1.00000
158.6 46.29530 14 1.00000
158.7 46.07948 14 1.00000
158.8 46.12705 14 1.00000
158.9 46.17450 14 1.00000
159.0 46.22525 14 1.00000
159.1 46.27245 14 1.00000
159.2 46.32034 14 1.00000
159.3 46.10079 14 1.00000
159.4 46.15169 14 1.00000
159.5 46.19927 14 1.00000
159.6 46.24636 14 1.00000
159.7 46.29374 14 1.00000
159.8 46.07840 14 1.00000
159.9 46.12600 14 1.00000
160.0 46.17347 14 1.00000
160.1 46.22396 14 1.00000
160.2 46.27132 14 1.00000
160.3 46.31969 14 1.00000
160.4 46.10001 14 1.00000
160.5 46.15111 14 1.00000
160.6 46.19856 14 1.00000
160.7 46.24584 14 1.00000
160.8 46.29324 14 1.00000
160.9 46.07807 14 1.00000
161.0 46.12585 14 1.00000
161.1 46.17336 14 1.00000
161.2 46.22388 14 1.00000
161.3 46.27127 14 1.00000
161.4 46.31995 14 1.00000
161.5 46.10030 14 1.00000
161.6 46.15143 14 1.00000
161.7 46.19891 14 1.00000
161.8 46.24622 14 1.00000
161.9 46.29365 14 1.00000
162.0 46.07895 14 1.00000
162.1 46.12661 14 1.00000
162.2 46.17414 14 1.00000
162.3 46.22469 14 1.00000
162.4 46.27227 14 1.00000
162.5 46.32111 14 1.00000
162.6 46.10167 14 1.00000
162.7 46.15264 14 1.00000
162.8 46.20032 14 1.00000
162.9 46.24766 14 1.00000
163.0 46.29512 14 1.00000
163.1 46.08071 14 1.00000
163.2 46.12826 14 1.00000
163.3 46.17599 14 1.00000
163.4 46.22669 14 1.00000
163.5 46.27417 14 1.00000
163.6 46.32128 14 1.00000
163.7 46.10409 14 1.00000
163.8 46.15474 14 1.00000
163.9 46.20246 14 1.00000
164.0 46.25001 14 1.00000
164.1 46.29751 14 1.00000
164.2 46.08336 14 1.00000
164.3 46.13081 14 1.00000
164.4 46.17859 14 1.00000
164.5 46.22945 14 1.00000
164.6 46.27679 14 1.00000
164.7 46.32410 14 1.00000
164.8 46.10707 14 1.00000
164.9 46.15789 14 1.00000
165.0 46.20565 14 1.00000
165.1 46.25338 14 1.00000
165.2 46.30078 14 1.00000
165.3 46.08674 14 1.00000
165.4 46.13440 14 1.00000
165.5 46.18254 14 1.00000
165.6 46.22988 14 1.00000
165.7 46.28043 14 1.00000
165.8 46.06021 14 1.00000
165.9 46.11111 14 1.00000
166.0 46.16194 14 1.00000
166.1 46.20972 14 1.00000
166.2 46.25748 14 1.00000
166.3 46.30493 14 1.00000
166.4 46.09130 14 1.00000
166.5 46.13934 14 1.00000
166.6 46.18703 14 1.00000
166.7 46.23445 14 1.00000
166.8 46.28489 14 1.00000
166.9 46.06481 14 1.00000
167.0 46.11605 14 1.00000
167.1 46.16383 14 1.00000
167.2 46.21477 14 1.00000
167.3 46.26260 14 1.00000
167.4 46.31027 14 1.00000
167.5 46.09270 14 1.00000
167.6 46.14483 14 1.00000
167.7 46.19241 14 1.00000
167.8 46.24003 14 1.00000
167.9 46.29030 14 1.00000
168.0 46.07029 14 1.00000
168.1 46.12228 14 1.00000
168.2 46.16999 14 1.00000
168.3 46.22055 14 1.00000
168.4 46.26846 14 1.00000
168.5 46.31601 14 1.00000
168.6 46.09845 14 1.00000
168.7 46.15099 14 1.00000
168.8 46.19866 14 1.00000
168.9 46.24617 14 1.00000
169.0 46.29380 14 1.00000
169.1 46.07691 14 1.00000
169.2 46.12414 14 1.00000
169.3 46.17666 14 1.00000
169.4 46.22767 14 1.00000
169.5 46.27532 14 1.00000
169.6 46.32260 14 1.00000
169.7 46.10229 14 1.00000
169.8 46.15787 14 1.00000
169.9 46.20592 14 1.00000
170.0 46.25379 14 1.00000
170.1 46.30117 14 1.00000
170.2 46.08437 14 1.00000
170.3 46.13122 14 1.00000
170.4 46.18469 14 1.00000
170.5 46.23219 14 1.00000
170.6 46.28292 14 1.00000
170.7 46.06293 14 1.00000
170.8 46.11014 14 1.00000
170.9 46.16017 14 1.00000
171.0 46.21399 14 1.00000
171.1 46.26191 14 1.00000
171.2 46.30984 14 1.00000
171.3 46.09238 14 1.00000
171.4 46.13977 14 1.00000
171.5 46.19321 14 1.00000
171.6 46.24094 14 1.00000
171.7 46.29131 14 1.00000
171.8 46.07154 14 1.00000
171.9 46.11871 14 1.00000
172.0 46.16584 14 1.00000
172.1 46.22320 14 1.00000
172.2 46.27090 14 1.00000
172.3 46.31857 14 1.00000
172.4 46.09797 14 1.00000
172.5 46.14882 14 1.00000
172.6 46.19595 14 1.00000
172.7 46.25021 14 1.00000
172.8 46.29796 14 1.00000
172.9 46.08129 14 1.00000
173.0 46.12835 14 1.00000
173.1 46.17556 14 1.00000
173.2 46.22593 14 1.00000
173.3 46.28083 14 1.00000
173.4 46.06083 14 1.00000
173.5 46.10810 14 1.00000
173.6 46.15838 14 1.00000
173.7 46.20591 14 1.00000
173.8 46.26075 14 1.00000
173.9 46.30860 14 1.00000
174.0 46.09139 14 1.00000
174.1 46.13869 14 1.00000
174.2 46.18613 14 1.00000
174.3 46.23326 14 1.00000
174.4 46.29138 14 1.00000
174.5 46.07155 14 1.00000
174.6 46.11893 14 1.00000
174.7 46.16614 14 1.00000
174.8 46.21662 14 1.00000
174.9 46.26420 14 1.00000
175.0 46.31970 14 1.00000
175.1 46.09920 14 1.00000
175.2 46.15010 14 1.00000
175.3 46.19732 14 1.00000
175.4 46.24452 14 1.00000
175.5 46.29184 14 1.00000
175.6 46.08347 14 1.00000
175.7 46.13063 14 1.00000
175.8 46.17793 14 1.00000
175.9 46.22848 14 1.00000
176.0 46.27567 14 1.00000
176.1 46.32298 14 1.00000
176.2 46.11155 14 1.00000
176.3 46.16172 14 1.00000
176.4 46.20932 14 1.00000
176.5 46.25689 14 1.00000
176.6 46.30415 14 1.00000
176.7 46.09576 14 1.00000
176.8 46.14363 14 1.00000
176.9 46.19068 14 1.00000
177.0 46.23807 14 1.00000
177.1 46.28815 14 1.00000
177.2 46.06787 14 1.00000
177.3 46.12468 14 1.00000
177.4 46.17187 14 1.00000
177.5 46.22219 14 1.00000
177.6 46.26988 14 1.00000
177.7 46.31721 14 1.00000
177.8 46.09959 14 1.00000
177.9 46.15640 14 1.00000
178.0 46.20389 14 1.00000
178.1 46.25136 14 1.00000
178.2 46.29861 14 1.00000
178.3 46.08160 14 1.00000
178.4 46.12849 14 1.00000
178.5 46.18582 14 1.00000
178.6 46.23307 14 1.00000
178.7 46.28345 14 1.00000
178.8 46.06315 14 1.00000
178.9 46.11042 14 1.00000
179.0 46.16035 14 1.00000
179.1 46.21812 14 1.00000
179.2 46.26568 14 1.00000
179.3 46.31321 14 1.00000
179.4 46.09564 14 1.00000
179.5 46.14293 14 1.00000
179.6 46.18988 14 1.00000
179.7 46.24754 14 1.00000
179.8 46.29501 14 1.00000
179.9 46.07809 14 1.00000
180.0 46.12514 14 1.00000
180.1 46.17208 14 1.00000
180.2 46.23013 14 1.00000
180.3 46.28044 14 1.00000
180.4 46.06031 14 1.00000
180.5 46.10746 14 1.00000
180.6 46.15761 14 1.00000
180.7 46.20485 14 1.00000
180.8 46.26321 14 1.00000
180.9 46.31094 14 1.00000
181.0 46.09343 14 1.00000
181.1 46.14061 14 1.00000
181.2 46.18761 14 1.00000
181.3 46.23478 14 1.00000
181.4 46.29328 14 1.00000
181.5 46.07628 14 1.00000
181.6 46.12352 14 1.00000
181.7 46.17050 14 1.00000
181.8 46.22063 14 1.00000
181.9 46.26794 14 1.00000
182.0 46.05919 14 1.00000
182.1 46.10640 14 1.00000
182.2 46.15659 14 1.00000
182.3 46.20387 14 1.00000
182.4 46.25097 14 1.00000
182.5 46.29802 14 1.00000
182.6 46.09290 14 1.00000
182.7 46.13998 14 1.00000
182.8 46.18718 14 1.00000
182.9 46.23423 14 1.00000
183.0 46.28448 14 1.00000
183.1 46.06388 14 1.00000
183.2 46.12343 14 1.00000
183.3 46.17060 14 1.00000
183.4 46.22079 14 1.00000
183.5 46.26815 14 1.00000
183.6 46.31548 14 1.00000
183.7 46.09769 14 1.00000
183.8 46.15724 14 1.00000
183.9 46.20457 14 1.00000
184.0 46.25172 14 1.00000
184.1 46.29898 14 1.00000
184.2 46.08165 14 1.00000
184.3 46.12852 14 1.00000
184.4 46.18842 14 1.00000
184.5 46.23568 14 1.00000
184.6 46.28580 14 1.00000
184.7 46.06541 14 1.00000
184.8 46.11238 14 1.00000
184.9 46.16228 14 1.00000
185.0 46.22260 14 1.00000
185.1 46.27000 14 1.00000
185.2 46.31738 14 1.00000
185.3 46.09964 14 1.00000
185.4 46.14693 14 1.00000
185.5 46.19373 14 1.00000
185.6 46.25410 14 1.00000
185.7 46.30142 14 1.00000
185.8 46.08425 14 1.00000
185.9 46.13105 14 1.00000
186.0 46.17799 14 1.00000
186.1 46.22803 14 1.00000
186.2 46.28876 14 1.00000
186.3 46.06842 14 1.00000
186.4 46.11544 14 1.00000
186.5 46.16537 14 1.00000
186.6 46.21259 14 1.00000
186.7 46.25965 14 1.00000
186.8 46.32091 14 1.00000
186.9 46.09993 14 1.00000
187.0 46.15051 14 1.00000
187.1 46.19740 14 1.00000
187.2 46.24444 14 1.00000
187.3 46.29128 14 1.00000
187.4 46.08832 14 1.00000
187.5 46.13518 14 1.00000
187.6 46.18234 14 1.00000
187.7 46.22932 14 1.00000
187.8 46.27937 14 1.00000
187.9 46.05878 14 1.00000
188.0 46.12012 14 1.00000
188.1 46.16707 14 1.00000
188.2 46.21727 14 1.00000
188.3 46.26457 14 1.00000
188.4 46.31185 14 1.00000
188.5 46.09406 14 1.00000
188.6 46.15566 14 1.00000
188.7 46.20264 14 1.00000
188.8 46.24974 14 1.00000
188.9 46.29681 14 1.00000
189.0 46.07948 14 1.00000
189.1 46.12630 14 1.00000
189.2 46.18825 14 1.00000
189.3 46.23516 14 1.00000
189.4 46.28526 14 1.00000
189.5 46.06468 14 1.00000
189.6 46.11160 14 1.00000
189.7 46.16149 14 1.00000
189.8 46.22384 14 1.00000
189.9 46.27106 14 1.00000
190.0 46.31825 14 1.00000
190.1 46.09716 14 1.00000
190.2 46.14755 14 1.00000
190.3 46.19434 14 1.00000
190.4 46.25687 14 1.00000
190.5 46.30388 14 1.00000
190.6 46.08649 14 1.00000
190.7 46.13327 14 1.00000
190.8 46.18002 14 1.00000
190.9 46.23015 14 1.00000
191.0 46.29275 14 1.00000
191.1 46.07225 14 1.00000
191.2 46.11912 14 1.00000
191.3 46.16582 14 1.00000
191.4 46.21596 14 1.00000
191.5 46.26303 14 1.00000
191.6 46.31007 14 1.00000
191.7 46.10534 14 1.00000
191.8 46.15548 14 1.00000
191.9 46.20238 14 1.00000
192.0 46.24924 14 1.00000
192.1 46.29623 14 1.00000
192.2 46.07852 14 1.00000
192.3 46.14175 14 1.00000
192.4 46.18888 14 1.00000
192.5 46.23572 14 1.00000
192.6 46.28556 14 1.00000
192.7 46.06491 14 1.00000
192.8 46.11159 14 1.00000
192.9 46.17519 14 1.00000
193.0 46.22528 14 1.00000
193.1 46.27241 14 1.00000
193.2 46.31936 14 1.00000
193.3 46.09821 14 1.00000
193.4 46.14834 14 1.00000
193.5 46.21187 14 1.00000
193.6 46.25911 14 1.00000
193.7 46.30603 14 1.00000
193.8 46.08839 14 1.00000
193.9 46.13511 14 1.00000
194.0 46.18179 14 1.00000
194.1 46.24593 14 1.00000
194.2 46.29296 14 1.00000
194.3 46.07533 14 1.00000
194.4 46.12183 14 1.00000
194.5 46.16862 14 1.00000
194.6 46.21863 14 1.00000
194.7 46.28286 14 1.00000
194.8 46.06234 14 1.00000
194.9 46.10907 14 1.00000
195.0 46.15896 14 1.00000
195.1 46.20578 14 1.00000
195.2 46.25258 14 1.00000
195.3 46.29935 14 1.00000
195.4 46.09962 14 1.00000
195.5 46.14653 14 1.00000
195.6 46.19329 14 1.00000
195.7 46.24006 14 1.00000
195.8 46.28967 14 1.00000
195.9 46.06894 14 1.00000
196.0 46.13388 14 1.00000
196.1 46.18061 14 1.00000
196.2 46.23056 14 1.00000
196.3 46.27732 14 1.00000
196.4 46.32423 14 1.00000
196.5 46.10305 14 1.00000
196.6 46.16804 14 1.00000
196.7 46.21798 14 1.00000
196.8 46.26503 14 1.00000
196.9 46.31205 14 1.00000
197.0 46.09402 14 1.00000
197.1 46.14066 14 1.00000
197.2 46.20585 14 1.00000
197.3 46.25271 14 1.00000
197.4 46.29954 14 1.00000
197.5 46.08191 14 1.00000
197.6 46.12866 14 1.00000
197.7 46.17511 14 1.00000
197.8 46.22484 14 1.00000
197.9 46.29045 14 1.00000
198.0 46.06978 14 1.00000
198.1 46.11631 14 1.00000
198.2 46.16607 14 1.00000
198.3 46.21280 14 1.00000
198.4 46.25969 14 1.00000
198.5 46.32565 14 1.00000
198.6 46.10454 14 1.00000
198.7 46.15439 14 1.00000
198.8 46.20114 14 1.00000
198.9 46.24787 14 1.00000
199.0 46.29455 14 1.00000
199.1 46.09620 14 1.00000
199.2 46.14291 14 1.00000
199.3 46.18945 14 1.00000
199.4 46.23614 14 1.00000
199.5 46.28576 14 1.00000
199.6 46.06506 14 1.00000
199.7 46.11145 14 1.00000
199.8 46.17800 14 1.00000
199.9 46.22763 14 1.00000
200.0 46.27447 14 1.00000
200.1 46.32129 14 1.00000
200.2 46.10002 14 1.00000
200.3 46.14982 14 1.00000
200.4 46.21626 14 1.00000
200.5 46.26309 14 1.00000
200.6 46.30989 14 1.00000
200.7 46.09195 14 1.00000
200.8 46.13853 14 1.00000
200.9 46.18508 14 1.00000
201.0 46.25183 14 1.00000
201.1 46.29859 14 1.00000
201.2 46.08092 14 1.00000
201.3 46.12745 14 1.00000
201.4 46.17384 14 1.00000
201.5 46.22351 14 1.00000
201.6 46.27024 14 1.00000
201.7 46.06969 14 1.00000
201.8 46.11616 14 1.00000
201.9 46.16585 14 1.00000
202.0 46.21252 14 1.00000
202.1 46.25919 14 1.00000
202.2 46.30587 14 1.00000
202.3 46.10529 14 1.00000
202.4 46.15507 14 1.00000
202.5 46.20176 14 1.00000
202.6 46.24843 14 1.00000
202.7 46.29505 14 1.00000
202.8 46.07715 14 1.00000
202.9 46.14447 14 1.00000
203.0 46.19095 14 1.00000
203.1 46.23759 14 1.00000
203.2 46.28723 14 1.00000
203.3 46.06639 14 1.00000
203.4 46.11272 14 1.00000
203.5 46.16232 14 1.00000
203.6 46.22993 14 1.00000
203.7 46.27671 14 1.00000
203.8 46.32349 14 1.00000
203.9 46.10218 14 1.00000
204.0 46.15189 14 1.00000
204.1 46.19846 14 1.00000
204.2 46.26636 14 1.00000
204.3 46.31311 14 1.00000
204.4 46.09496 14 1.00000
204.5 46.14148 14 1.00000
204.6 46.18798 14 1.00000
204.7 46.23449 14 1.00000
204.8 46.28395 14 1.00000
204.9 46.08475 14 1.00000
205.0 46.13126 14 1.00000
205.1 46.17774 14 1.00000
205.2 46.22720 14 1.00000
205.3 46.27386 14 1.00000
205.4 46.32050 14 1.00000
205.5 46.12099 14 1.00000
205.6 46.16744 14 1.00000
205.7 46.21715 14 1.00000
205.8 46.26381 14 1.00000
205.9 46.31044 14 1.00000
206.0 46.09232 14 1.00000
206.1 46.13873 14 1.00000
206.2 46.20726 14 1.00000
206.3 46.25388 14 1.00000
206.4 46.30048 14 1.00000
206.5 46.08245 14 1.00000
206.6 46.12883 14 1.00000
206.7 46.17505 14 1.00000
206.8 46.24403 14 1.00000
206.9 46.29358 14 1.00000
207.0 46.07255 14 1.00000
207.1 46.11888 14 1.00000
207.2 46.16520 14 1.00000
207.3 46.21483 14 1.00000
207.4 46.26136 14 1.00000
207.5 46.06285 14 1.00000
207.6 46.10913 14 1.00000
207.7 46.15872 14 1.00000
207.8 46.20525 14 1.00000
207.9 46.25175 14 1.00000
208.0 46.29823 14 1.00000
208.1 46.09951 14 1.00000
208.2 46.14923 14 1.00000
208.3 46.19572 14 1.00000
208.4 46.24221 14 1.00000
208.5 46.29165 14 1.00000
208.6 46.07064 14 1.00000
208.7 46.11683 14 1.00000
208.8 46.18629 14 1.00000
208.9 46.23275 14 1.00000
209.0 46.28219 14 1.00000
209.1 46.06125 14 1.00000
209.2 46.10741 14 1.00000
209.3 46.15689 14 1.00000
209.4 46.22637 14 1.00000
209.5 46.27298 14 1.00000
209.6 46.31958 14 1.00000
209.7 46.09808 14 1.00000
209.8 46.14772 14 1.00000
209.9 46.19409 14 1.00000
210.0 46.24047 14 1.00000
210.1 46.31041 14 1.00000
210.2 46.09225 14 1.00000
210.3 46.13861 14 1.00000
210.4 46.18496 14 1.00000
210.5 46.23131 14 1.00000
210.6 46.28080 14 1.00000
210.7 46.08324 14 1.00000
210.8 46.12958 14 1.00000
210.9 46.17590 14 1.00000
211.0 46.22536 14 1.00000
211.1 46.27188 14 1.00000
211.2 46.31842 14 1.00000
211.3 46.09692 14 1.00000
211.4 46.16693 14 1.00000
211.5 46.21649 14 1.00000
211.6 46.26300 14 1.00000
211.7 46.30953 14 1.00000
211.8 46.09140 14 1.00000
211.9 46.13776 14 1.00000
212.0 46.18412 14 1.00000
212.1 46.25423 14 1.00000
212.2 46.30072 14 1.00000
212.3 46.08268 14 1.00000
212.4 46.12901 14 1.00000
212.5 46.17535 14 1.00000
212.6 46.22483 14 1.00000
212.7 46.29198 14 1.00000
212.8 46.07405 14 1.00000
212.9 46.12034 14 1.00000
213.0 46.16666 14 1.00000
213.1 46.21625 14 1.00000
213.2 46.26279 14 1.00000
213.3 46.30934 14 1.00000
213.4 46.11175 14 1.00000
213.5 46.16129 14 1.00000
213.6 46.20779 14 1.00000
213.7 46.25430 14 1.00000
213.8 46.30081 14 1.00000
213.9 46.35031 14 1.00000
214.0 46.39708 14 1.00000
214.1 46.19937 14 1.00000
214.2 46.24586 14 1.00000
214.3 46.29235 14 1.00000
214.4 46.34196 14 1.00000
214.5 46.38871 14 1.00000
214.6 46.16716 14 1.00000
214.7 46.21677 14 1.00000
214.8 46.28702 14 1.00000
214.9 46.33373 14 1.00000
215.0 46.38044 14 1.00000
215.1 46.42718 14 1.00000
215.2 46.20858 14 1.00000
215.3 46.25512 14 1.00000
215.4 46.32553 14 1.00000
215.5 46.37223 14 1.00000
215.6 46.41896 14 1.00000
215.7 46.20043 14 1.00000
215.8 46.24695 14 1.00000
215.9 46.29347 14 1.00000
216.0 46.34309 14 1.00000
216.1 46.41365 14 1.00000
216.2 46.19235 14 1.00000
216.3 46.23886 14 1.00000
216.4 46.28839 14 1.00000
216.5 46.33512 14 1.00000
216.6 46.38185 14 1.00000
216.7 46.42862 14 1.00000
216.8 46.23083 14 1.00000
216.9 46.28046 14 1.00000
217.0 46.32718 14 1.00000
217.1 46.37391 14 1.00000
217.2 46.42066 14 1.00000
217.3 46.47028 14 1.00000
217.4 46.51729 14 1.00000
217.5 46.31932 14 1.00000
217.6 46.36603 14 1.00000
217.7 46.41276 14 1.00000
217.8 46.46248 14 1.00000
217.9 46.50950 14 1.00000
218.0 46.55653 14 1.00000
218.1 46.35826 14 1.00000
218.2 46.40788 14 1.00000
218.3 46.45484 14 1.00000
218.4 46.50181 14 1.00000
218.5 46.54885 14 1.00000
218.6 46.59596 14 1.00000
218.7 46.64317 14 1.00000
218.8 46.44730 14 1.00000
218.9 46.49427 14 1.00000
219.0 46.54131 14 1.00000
219.1 46.58841 14 1.00000
219.2 46.63818 14 1.00000
219.3 46.68555 14 1.00000
219.4 46.73300 14 1.00000
219.5 46.53391 14 1.00000
219.6 46.58363 14 1.00000
219.7 46.63091 14 1.00000
219.8 46.67826 14 1.00000
219.9 46.72568 14 1.00000
220.0 46.77322 14 1.00000
220.1 46.55230 14 1.00000
220.2 46.62376 14 1.00000
220.3 46.67109 14 1.00000
220.4 46.71851 14 1.00000
220.5 46.76604 14 1.00000
220.6 46.54517 14 1.00000
220.7 46.59231 14 1.00000
220.8 46.63955 14 1.00000
220.9 46.71148 14 1.00000
221.0 46.75902 14 1.00000
221.1 46.53819 14 1.00000
221.2 46.58532 14 1.00000
221.3 46.63519 14 1.00000
221.4 46.68261 14 1.00000
221.5 46.73007 14 1.00000
221.6 46.53135 14 1.00000
221.7 46.58115 14 1.00000
221.8 46.62849 14 1.00000
221.9 46.67585 14 1.00000
222.0 46.72331 14 1.00000
222.1 46.77089 14 1.00000
222.2 46.81859 14 1.00000
222.3 46.62188 14 1.00000
222.4 46.66925 14 1.00000
222.5 46.71671 14 1.00000
222.6 46.76429 14 1.00000
222.7 46.81199 14 1.00000
222.8 46.85980 14 1.00000
222.9 46.90779 14 1.00000
223.0 46.71025 14 1.00000
223.1 46.75784 14 1.00000
223.2 46.80553 14 1.00000
223.3 46.85337 14 1.00000
223.4 46.90133 14 1.00000
223.5 46.94947 14 1.00000
223.6 46.99780 14 1.00000
223.7 46.79923 14 1.00000
223.8 46.84938 14 1.00000
223.9 46.89733 14 1.00000
224.0 46.94545 14 1.00000
224.1 46.99374 14 1.00000
224.2 47.04000 14 1.00000
224.3 46.84336 14 1.00000
224.4 46.89135 14 1.00000
224.5 46.93946 14 1.00000
224.6 46.98774 14 1.00000
224.7 47.03621 14 1.00000
224.8 47.08493 14 1.00000
224.9 47.13173 14 1.00000
225.0 46.93353 14 1.00000
225.1 46.98181 14 1.00000
225.2 47.03027 14 1.00000
225.3 47.07901 14 1.00000
225.4 47.12804 14 1.00000
225.5 47.17511 14 1.00000
225.6 47.22500 14 1.00000
225.7 47.27549 14 1.00000
225.8 47.07323 14 1.00000
225.9 47.12224 14 1.00000
226.0 47.17157 14 1.00000
226.1 47.21907 14 1.00000
226.2 47.26951 14 1.00000
226.3 47.32075 14 1.00000
226.4 47.37305 14 1.00000
226.5 47.16590 14 1.00000
226.6 47.21568 14 1.00000
226.7 47.26370 14 1.00000
226.8 47.31486 14 1.00000
226.9 47.36703 14 1.00000
227.0 47.42102 14 1.00000
227.1 47.18396 14 1.00000
227.2 47.26043 14 1.00000
227.3 47.30914 14 1.00000
227.4 47.36122 14 1.00000
227.5 47.41498 14 1.00000
227.6 47.17849 14 1.00000
227.7 47.22847 14 1.00000
227.8 47.27905 14 1.00000
227.9 47.35558 14 1.00000
228.0 47.40915 14 1.00000
228.1 47.17550 14 1.00000
228.2 47.22313 14 1.00000
228.3 47.27367 14 1.00000
228.4 47.32497 14 1.00000
228.5 47.37748 14 1.00000
228.6 47.17043 14 1.00000
228.7 47.22026 14 1.00000
228.8 47.26847 14 1.00000
228.9 47.31974 14 1.00000
229.0 47.37210 14 1.00000
229.1 47.42635 14 1.00000
229.2 47.48116 14 1.00000
229.3 47.26342 14 1.00000
229.4 47.31464 14 1.00000
229.5 47.36689 14 1.00000
229.6 47.42096 14 1.00000
229.7 47.47528 14 1.00000
229.8 47.53775 14 1.00000
229.9 47.60850 14 1.00000
230.0 47.36188 14 1.00000
230.1 47.41574 14 1.00000
230.2 47.47257 14 1.00000
230.3 47.53153 14 1.00000
230.4 47.60159 14 1.00000
230.5 47.68143 14 1.00000
230.6 47.76854 14 1.00000
230.7 47.46727 14 1.00000
230.8 47.52561 14 1.00000
230.9 47.59498 14 1.00000
231.0 47.67419 14 1.00000
231.1 47.76104 14 1.00000
231.2 47.84885 14 1.00000
231.3 47.93669 14 1.00000
231.4 47.58864 14 1.00000
231.5 47.66726 14 1.00000
231.6 47.75386 14 1.00000
231.7 47.84171 14 1.00000
231.8 47.92953 14 1.00000
231.9 48.01728 14 1.00000
232.0 48.10480 14 1.00000
232.1 48.19261 14 1.00000
232.2 47.83478 14 1.00000
232.3 47.92258 14 1.00000
232.4 48.01041 14 1.00000
232.5 48.09797 14 1.00000
232.6 48.18581 14 1.00000
232.7 48.27357 14 1.00000
232.8 48.36102 14 1.00000
232.9 48.00388 14 1.00000
233.0 48.09141 14 1.00000
233.1 48.17928 14 1.00000
233.2 48.26703 14 1.00000
233.3 48.35460 14 1.00000
233.4 48.44230 14 1.00000
233.5 48.53009 14 1.00000
233.6 48.17303 14 1.00000
233.7 48.26081 14 1.00000
233.8 48.34836 14 1.00000
233.9 48.43619 14 1.00000
234.0 48.52396 14 1.00000
234.1 48.61139 14 1.00000
234.2 48.69916 14 1.00000
234.3 48.34244 14 1.00000
234.4 48.43026 14 1.00000
234.5 48.51810 14 1.00000
234.6 48.60562 14 1.00000
234.7 48.69337 14 1.00000
234.8 48.78104 14 1.00000
234.9 48.86850 14 1.00000
235.0 48.51252 14 1.00000
235.1 48.60006 14 1.00000
235.2 48.68784 14 1.00000
235.3 48.77560 14 1.00000
235.4 48.86329 14 1.00000
235.5 48.95080 14 1.00000
235.6 49.03849 14 1.00000
235.7 49.12611 14 1.00000
235.8 48.77033 14 1.00000
235.9 48.85815 14 1.00000
236.0 48.94559 14 1.00000
236.1 49.03331 14 1.00000
236.2 49.12106 14 1.00000
236.3 49.20844 14 1.00000
236.4 49.29610 14 1.00000
236.5 48.94076 14 1.00000
236.6 49.02846 14 1.00000
236.7 49.11624 14 1.00000
236.8 49.20370 14 1.00000
236.9 49.29133 14 1.00000
237.0 48.89043 14 1.00000
237.1 48.97824 14 1.00000
237.2 49.11169 14 1.00000
237.3 49.19918 14 1.00000
237.4 49.28689 14 1.00000
237.5 48.88601 14 1.00000
237.6 48.97381 14 1.00000
237.7 49.06158 14 1.00000
237.8 49.14928 14 1.00000
237.9 49.23677 14 1.00000
238.0 48.88176 14 1.00000
238.1 48.96959 14 1.00000
238.2 49.05740 14 1.00000
238.3 49.14518 14 1.00000
238.4 49.23274 14 1.00000
238.5 49.32048 14 1.00000
238.6 49.40815 14 1.00000
238.7 49.05359 14 1.00000
238.8 49.14140 14 1.00000
238.9 49.22894 14 1.00000
239.0 49.31671 14 1.00000
239.1 49.40441 14 1.00000
239.2 49.49194 14 1.00000
239.3 49.57964 14 1.00000
239.4 49.66727 14 1.00000
239.5 49.31321 14 1.00000
239.6 49.40094 14 1.00000
239.7 49.48844 14 1.00000
239.8 49.57618 14 1.00000
239.9 49.66394 14 1.00000
240.0 49.75138 14 1.00000
240.1 49.83900 14 1.00000
240.2 49.48533 14 1.00000
240.3 49.57309 14 1.00000
240.4 49.66079 14 1.00000
240.5 49.74831 14 1.00000
240.6 49.83600 14 1.00000
240.7 49.92368 14 1.00000
240.8 50.01103 14 1.00000
240.9 49.65800 14 1.00000
241.0 49.74545 14 1.00000
241.1 49.83318 14 1.00000
241.2 49.92094 14 1.00000
241.3 50.00862 14 1.00000
241.4 50.09603 14 1.00000
241.5 50.18362 14 1.00000
241.6 50.27124 14 1.00000
241.7 49.91841 14 1.00000
241.8 50.00613 14 1.00000
241.9 50.09357 14 1.00000
242.0 50.18129 14 1.00000
242.1 50.26894 14 1.00000
242.2 50.35626 14 1.00000
242.3 50.44392 14 1.00000
242.4 50.09143 14 1.00000
242.5 50.17918 14 1.00000
242.6 50.26680 14 1.00000
242.7 50.35426 14 1.00000
242.8 50.44184 14 1.00000
242.9 50.52950 14 1.00000
243.0 50.61684 14 1.00000
243.1 50.70441 14 1.00000
243.2 50.35243 14 1.00000
243.3 50.44014 14 1.00000
243.4 50.52773 14 1.00000
243.5 50.61515 14 1.00000
243.6 50.70270 14 1.00000
243.7 50.79032 14 1.00000
243.8 50.87762 14 1.00000
243.9 50.52633 14 1.00000
244.0 50.61373 14 1.00000
244.1 50.70136 14 1.00000
244.2 50.78891 14 1.00000
244.3 50.87629 14 1.00000
244.4 50.96386 14 1.00000
244.5 51.05134 14 1.00000
244.6 51.13890 14 1.00000
244.7 50.78787 14 1.00000
244.8 50.87518 14 1.00000
244.9 50.96277 14 1.00000
245.0 51.05039 14 1.00000
245.1 51.13793 14 1.00000
245.2 51.22521 14 1.00000
245.3 51.31266 14 1.00000
245.4 51.40018 14 1.00000
245.5 51.04966 14 1.00000
245.6 51.13723 14 1.00000
245.7 51.22454 14 1.00000
245.8 51.31202 14 1.00000
245.9 51.39957 14 1.00000
246.0 51.48681 14 1.00000
246.1 51.57422 14 1.00000
246.2 51.22414 14 1.00000
246.3 51.31170 14 1.00000
246.4 51.39923 14 1.00000
246.5 51.48645 14 1.00000
246.6 51.57399 14 1.00000
246.7 51.66146 14 1.00000
246.8 51.74860 14 1.00000
246.9 51.83608 14 1.00000
247.0 51.48645 14 1.00000
247.1 51.57397 14 1.00000
247.2 51.66147 14 1.00000
247.3 51.74865 14 1.00000
247.4 51.83611 14 1.00000
247.5 51.92353 14 1.00000
247.6 52.01094 14 1.00000
247.7 51.66171 14 1.00000
247.8 51.74897 14 1.00000
247.9 51.83645 14 1.00000
248.0 51.92391 14 1.00000
248.1 52.01140 14 1.00000
248.2 52.09857 14 1.00000
248.3 51.70308 14 1.00000
248.4 51.79034 14 1.00000
248.5 51.92456 14 1.00000
248.6 52.01202 14 1.00000
248.7 52.09927 14 1.00000
248.8 51.70377 14 1.00000
248.9 51.79110 14 1.00000
249.0 51.87861 14 1.00000
249.1 51.96610 14 1.00000
249.2 52.05332 14 1.00000
249.3 51.70482 14 1.00000
249.4 51.79214 14 1.00000
249.5 51.87963 14 1.00000
249.6 51.96714 14 1.00000
249.7 52.05444 14 1.00000
249.8 52.14191 14 1.00000
249.9 52.22936 14 1.00000
250.0 52.31673 14 1.00000
