15.0 1.45104 13 0.04456
15.1 1.45854 13 0.04491
15.2 1.46603 13 0.04526
15.3 1.47352 13 0.04560
15.4 1.48101 13 0.04594
15.5 1.48849 13 0.04628
15.6 1.49598 13 0.04661
15.7 1.50346 13 0.04694
15.8 1.51095 13 0.04726
15.9 1.51843 13 0.04758
16.0 1.52591 13 0.04790
16.1 1.53339 13 0.04821
16.2 1.54087 13 0.04852
16.3 1.54834 13 0.04882
16.4 1.55582 13 0.04912
16.5 1.56329 13 0.04942
16.6 1.57076 13 0.04972
16.7 1.57823 13 0.05001
16.8 1.58570 13 0.05030
16.9 1.59317 13 0.05058
17.0 1.60063 13 0.05080
17.1 1.60809 13 0.05107
17.2 1.61555 13 0.05135
17.3 1.62301 13 0.05162
17.4 1.63047 13 0.05189
17.5 1.63793 13 0.05215
17.6 1.64538 13 0.05242
17.7 1.65283 13 0.05268
17.8 1.66028 13 0.05293
17.9 1.66773 13 0.05319
18.0 1.67626 13 0.05352
18.1 1.68832 13 0.05413
18.2 1.70047 13 0.05473
18.3 1.71272 13 0.05534
18.4 1.72506 13 0.05595
18.5 1.73749 13 0.05656
18.6 1.75002 13 0.05718
18.7 1.76265 13 0.05779
18.8 1.77537 13 0.05841
18.9 1.78819 13 0.05903
19.0 1.80111 13 0.05965
19.1 1.81412 13 0.06027
19.2 1.82724 13 0.06089
19.3 1.84045 13 0.06152
19.4 1.85376 13 0.06215
19.5 1.86718 13 0.06278
19.6 1.88069 13 0.06342
19.7 1.89431 13 0.06405
19.8 1.90803 13 0.06469
19.9 1.92185 13 0.06533
20.0 17.49927 14 1.00000
20.1 17.58303 14 1.00000
20.2 17.66677 14 1.00000
20.3 17.75048 14 1.00000
20.4 17.83421 14 1.00000
20.5 17.91790 14 1.00000
20.6 18.00154 14 1.00000
20.7 18.08515 14 1.00000
20.8 18.16871 14 1.00000
20.9 18.25223 14 1.00000
21.0 18.33571 14 1.00000
21.1 18.41915 14 1.00000
21.2 18.50254 14 1.00000
21.3 18.58589 14 1.00000
21.4 18.66920 14 1.00000
21.5 18.75247 14 1.00000
21.6 18.83570 14 1.00000
21.7 18.91887 14 1.00000
21.8 19.00201 14 1.00000
21.9 19.08511 14 1.00000
22.0 19.16816 14 1.00000
22.1 19.25117 14 1.00000
22.2 19.33414 14 1.00000
22.3 19.41706 14 1.00000
22.4 19.49994 14 1.00000
22.5 19.58278 14 1.00000
22.6 19.66557 14 1.00000
22.7 19.74832 14 1.00000
22.8 5.54496 14 0.24536
22.9 5.66161 14 0.25043
23.0 5.77987 14 0.25554
23.1 5.89976 14 0.26069
23.2 6.02127 14 0.26588
23.3 6.14442 14 0.27111
23.4 6.26921 14 0.27639
23.5 6.39564 14 0.28170
23.6 6.52372 14 0.28706
23.7 6.65347 14 0.29245
23.8 6.78487 14 0.29788
23.9 6.91794 14 0.30336
24.0 7.05268 14 0.30887
24.1 7.18910 14 0.31442
24.2 7.32721 14 0.32001
24.3 7.46701 14 0.32564
24.4 7.60850 14 0.33131
24.5 7.75169 14 0.33702
24.6 7.89659 14 0.34277
24.7 8.04321 14 0.34855
24.8 8.19154 14 0.35437
24.9 8.34160 14 0.36024
25.0 8.49339 14 0.36613
25.1 8.64691 14 0.37207
25.2 8.80218 14 0.37805
25.3 8.95919 14 0.38406
25.4 9.11796 14 0.39011
25.5 9.27849 14 0.39620
25.6 9.44079 14 0.40232
25.7 9.60485 14 0.40849
25.8 9.77070 14 0.41468
25.9 9.93832 14 0.42092
26.0 10.10775 14 0.42719
26.1 10.27896 14 0.43350
26.2 10.45198 14 0.43985
26.3 10.62681 14 0.44623
26.4 10.80345 14 0.45265
26.5 10.98190 14 0.45911
26.6 11.16220 14 0.46560
26.7 11.34432 14 0.47213
26.8 11.52828 14 0.47870
26.9 11.71408 14 0.48530
27.0 11.90174 14 0.49194
27.1 12.09126 14 0.49861
27.2 12.28264 14 0.50532
27.3 12.47589 14 0.51207
27.4 12.67102 14 0.51885
27.5 12.86804 14 0.52567
27.6 13.06694 14 0.53252
27.7 13.26774 14 0.53941
27.8 13.47045 14 0.54634
27.9 13.67506 14 0.55330
28.0 13.88159 14 0.56029
28.1 14.09004 14 0.56732
28.2 14.30042 14 0.57439
28.3 14.51274 14 0.58149
28.4 14.72696 14 0.58863
28.5 14.94297 14 0.59581
28.6 15.16092 14 0.60302
28.7 15.38082 14 0.61026
28.8 15.60269 14 0.61754
28.9 15.82653 14 0.62486
29.0 16.01632 14 0.63245
29.1 16.24335 14 0.63983
29.2 16.47176 14 0.64725
29.3 16.70248 14 0.65470
29.4 16.93530 14 0.66219
29.5 17.17005 14 0.66971
29.6 17.40679 14 0.67727
29.7 17.64552 14 0.68486
29.8 17.88621 14 0.69249
29.9 18.08442 14 0.70035
30.0 18.32776 14 0.70804
30.1 18.57341 14 0.71577
30.2 18.82107 14 0.72353
30.3 19.07076 14 0.73133
30.4 19.32278 14 0.73916
30.5 19.57652 14 0.74703
30.6 19.83230 14 0.75493
30.7 20.09014 14 0.76287
30.8 20.35005 14 0.77084
30.9 20.55614 14 0.77900
31.0 20.81892 14 0.78704
31.1 21.08376 14 0.79511
31.2 21.35067 14 0.80322
31.3 21.61966 14 0.81136
31.4 21.89092 14 0.81953
31.5 22.16404 14 0.82775
31.6 22.43925 14 0.83599
31.7 22.71656 14 0.84427
31.8 22.99501 14 0.85259
31.9 23.20896 14 0.86104
32.0 23.49117 14 0.86942
32.1 23.77548 14 0.87784
32.2 24.06191 14 0.88629
32.3 24.35047 14 0.89477
32.4 24.64122 14 0.90329
32.5 24.93398 14 0.91185
32.6 25.22887 14 0.92044
32.7 25.52496 14 0.92907
32.8 25.82361 14 0.93773
32.9 26.04345 14 0.94647
33.0 26.34533 14 0.95519
33.1 26.64934 14 0.96396
33.2 26.95553 14 0.97275
33.3 27.26387 14 0.98158
33.4 27.57429 14 0.99045
33.5 27.88691 14 0.99935
33.6 27.97714 14 1.00000
33.7 28.04859 14 1.00000
33.8 28.12066 14 1.00000
33.9 28.09978 14 1.00000
34.0 28.17151 14 1.00000
34.1 28.24313 14 1.00000
34.2 28.31455 14 1.00000
34.3 28.38589 14 1.00000
34.4 28.45726 14 1.00000
34.5 28.52860 14 1.00000
34.6 28.59978 14 1.00000
34.7 28.53694 14 1.00000
34.8 28.60768 14 1.00000
34.9 28.67823 14 1.00000
35.0 28.64887 14 1.00000
35.1 28.57327 14 1.00000
35.2 28.64373 14 1.00000
35.3 28.71409 14 1.00000
35.4 28.78463 14 1.00000
35.5 28.85498 14 1.00000
35.6 28.77776 14 1.00000
35.7 28.84721 14 1.00000
35.8 28.91669 14 1.00000
35.9 28.98619 14 1.00000
36.0 28.56796 14 1.00000
36.1 27.25577 14 1.00000
36.2 24.65721 14 1.00000
36.3 23.35941 14 1.00000
36.4 21.50480 14 1.00000
36.5 18.92790 14 1.00000
36.6 16.34517 14 1.00000
36.7 14.61703 14 1.00000
36.8 13.54722 14 1.00000
36.9 13.52054 14 1.00000
37.0 13.49683 14 1.00000
37.1 13.55241 14 1.00000
37.2 13.42692 14 1.00000
37.3 13.41517 14 1.00000
37.4 13.38021 14 1.00000
37.5 13.37803 14 1.00000
37.6 13.40647 14 1.00000
37.7 13.44343 14 1.00000
37.8 13.47886 14 1.00000
37.9 13.51424 14 1.00000
38.0 13.54372 14 1.00000
38.1 13.58003 14 1.00000
38.2 13.61707 14 1.00000
38.3 13.65260 14 1.00000
38.4 13.68798 14 1.00000
38.5 13.72336 14 1.00000
38.6 13.75393 14 1.00000
38.7 13.79114 14 1.00000
38.8 13.82611 14 1.00000
38.9 13.86152 14 1.00000
39.0 13.89686 14 1.00000
39.1 13.93212 14 1.00000
39.2 13.96742 14 1.00000
39.3 13.99944 14 1.00000
39.4 14.03487 14 1.00000
39.5 14.07025 14 1.00000
39.6 14.10546 14 1.00000
39.7 14.14070 14 1.00000
39.8 14.17568 14 1.00000
39.9 14.20806 14 1.00000
40.0 14.24339 14 1.00000
40.1 14.27863 14 1.00000
40.2 14.31379 14 1.00000
40.3 14.34872 14 1.00000
40.4 14.38354 14 1.00000
40.5 14.41639 14 1.00000
40.6 14.45162 14 1.00000
40.7 14.48664 14 1.00000
40.8 14.52153 14 1.00000
40.9 14.55622 14 1.00000
41.0 14.59272 14 1.00000
41.1 14.62429 14 1.00000
41.2 14.65923 14 1.00000
41.3 14.69408 14 1.00000
41.4 14.72869 14 1.00000
41.5 14.76916 14 1.00000
41.6 14.79684 14 1.00000
41.7 14.83172 14 1.00000
41.8 14.86634 14 1.00000
41.9 14.90135 14 1.00000
42.0 14.94613 14 1.00000
42.1 14.99099 14 1.00000
42.2 15.00387 14 1.00000
42.3 15.03837 14 1.00000
42.4 15.07873 14 1.00000
42.5 15.12366 14 1.00000
42.6 15.16860 14 1.00000
42.7 15.17570 14 1.00000
42.8 15.21174 14 1.00000
42.9 15.25674 14 1.00000
43.0 15.30176 14 1.00000
43.1 15.31288 14 1.00000
43.2 15.34754 14 1.00000
43.3 15.39024 14 1.00000
43.4 15.43532 14 1.00000
43.5 15.48043 14 1.00000
43.6 15.48422 14 1.00000
43.7 15.52416 14 1.00000
43.8 15.56932 14 1.00000
43.9 15.61450 14 1.00000
44.0 15.62103 14 1.00000
44.1 15.65854 14 1.00000
44.2 15.70377 14 1.00000
44.3 15.74902 14 1.00000
44.4 15.75766 14 1.00000
44.5 15.79337 14 1.00000
44.6 15.83868 14 1.00000
44.7 15.85982 14 1.00000
44.8 15.89411 14 1.00000
44.9 15.92887 14 1.00000
45.0 15.96152 14 1.00000
45.1 15.99611 14 1.00000
45.2 16.02806 14 1.00000
45.3 16.06303 14 1.00000
45.4 16.09410 14 1.00000
45.5 16.12579 14 1.00000
45.6 16.15015 14 1.00000
45.7 16.02456 14 1.00000
45.8 16.04961 14 1.00000
45.9 16.07233 14 1.00000
46.0 16.10790 14 1.00000
46.1 16.14326 14 1.00000
46.2 16.17620 14 1.00000
46.3 16.20985 14 1.00000
46.4 16.24383 14 1.00000
46.5 16.27762 14 1.00000
46.6 16.31120 14 1.00000
46.7 16.34479 14 1.00000
46.8 16.37800 14 1.00000
46.9 16.41100 14 1.00000
47.0 16.44360 14 1.00000
47.1 16.48561 14 1.00000
47.2 16.67288 14 1.00000
47.3 16.71104 14 1.00000
47.4 16.74714 14 1.00000
47.5 16.78522 14 1.00000
47.6 16.81846 14 1.00000
47.7 16.85216 14 1.00000
47.8 16.88628 14 1.00000
47.9 16.92057 14 1.00000
48.0 16.95452 14 1.00000
48.1 16.98860 14 1.00000
48.2 17.02234 14 1.00000
48.3 17.05568 14 1.00000
48.4 17.08876 14 1.00000
48.5 17.12330 14 1.00000
48.6 17.16931 14 1.00000
48.7 17.21534 14 1.00000
48.8 17.26137 14 1.00000
48.9 17.43383 14 1.00000
49.0 17.47192 14 1.00000
49.1 17.50732 14 1.00000
49.2 17.54128 14 1.00000
49.3 17.57581 14 1.00000
49.4 17.61060 14 1.00000
49.5 17.64504 14 1.00000
49.6 17.67935 14 1.00000
49.7 17.71369 14 1.00000
49.8 17.74753 14 1.00000
49.9 17.78121 14 1.00000
50.0 17.81444 14 1.00000
50.1 17.85557 14 1.00000
50.2 17.90180 14 1.00000
50.3 17.94805 14 1.00000
50.4 17.99431 14 1.00000
50.5 18.04058 14 1.00000
50.6 18.20651 14 1.00000
50.7 18.24640 14 1.00000
50.8 18.28020 14 1.00000
50.9 18.31495 14 1.00000
51.0 18.35004 14 1.00000
51.1 18.38498 14 1.00000
51.2 18.41992 14 1.00000
51.3 18.45447 14 1.00000
51.4 18.48890 14 1.00000
51.5 18.52290 14 1.00000
51.6 18.55667 14 1.00000
51.7 18.59113 14 1.00000
51.8 18.63756 14 1.00000
51.9 18.68400 14 1.00000
52.0 18.73045 14 1.00000
52.1 18.77692 14 1.00000
52.2 18.82754 14 1.00000
52.3 18.89240 14 1.00000
52.4 19.03252 14 1.00000
52.5 19.07061 14 1.00000
52.6 19.10513 14 1.00000
52.7 19.14038 14 1.00000
52.8 19.17576 14 1.00000
52.9 19.21131 14 1.00000
53.0 19.24659 14 1.00000
53.1 19.28140 14 1.00000
53.2 19.31575 14 1.00000
53.3 19.35017 14 1.00000
53.4 19.38377 14 1.00000
53.5 19.42280 14 1.00000
53.6 19.46944 14 1.00000
53.7 19.51607 14 1.00000
53.8 19.56273 14 1.00000
53.9 19.63541 14 1.00000
54.0 19.69312 14 1.00000
54.1 19.74629 14 1.00000
54.2 19.79543 14 1.00000
54.3 19.91205 14 1.00000
54.4 19.94831 14 1.00000
54.5 19.98370 14 1.00000
54.6 20.01952 14 1.00000
54.7 20.05531 14 1.00000
54.8 20.09112 14 1.00000
54.9 20.12655 14 1.00000
55.0 20.16151 14 1.00000
55.1 20.19638 14 1.00000
55.2 20.23086 14 1.00000
55.3 20.26459 14 1.00000
55.4 20.30452 14 1.00000
55.5 20.35133 14 1.00000
55.6 20.39814 14 1.00000
55.7 20.44496 14 1.00000
55.8 20.50883 14 1.00000
55.9 20.56963 14 1.00000
56.0 20.62539 14 1.00000
56.1 20.67709 14 1.00000
56.2 20.72509 14 1.00000
56.3 20.84678 14 1.00000
56.4 20.88157 14 1.00000
56.5 20.91727 14 1.00000
56.6 20.95381 14 1.00000
56.7 20.99009 14 1.00000
56.8 21.02616 14 1.00000
56.9 21.06206 14 1.00000
57.0 21.09743 14 1.00000
57.1 21.13251 14 1.00000
57.2 21.16742 14 1.00000
57.3 21.20159 14 1.00000
57.4 21.23704 14 1.00000
57.5 21.28321 14 1.00000
57.6 21.33017 14 1.00000
57.7 21.37715 14 1.00000
57.8 21.42413 14 1.00000
57.9 21.48349 14 1.00000
58.0 21.54510 14 1.00000
58.1 21.60161 14 1.00000
58.2 21.65444 14 1.00000
58.3 21.70347 14 1.00000
58.4 21.83464 14 1.00000
58.5 21.87153 14 1.00000
58.6 21.90831 14 1.00000
58.7 21.94512 14 1.00000
58.8 21.98131 14 1.00000
58.9 22.01842 14 1.00000
59.0 22.05470 14 1.00000
59.1 22.09088 14 1.00000
59.2 22.12656 14 1.00000
59.3 22.16201 14 1.00000
59.4 22.19696 14 1.00000
59.5 22.23819 14 1.00000
59.6 22.27063 14 1.00000
59.7 22.31401 14 1.00000
59.8 22.35905 14 1.00000
59.9 22.40595 14 1.00000
60.0 22.45272 14 1.00000
60.1 22.49998 14 1.00000
60.2 22.54686 14 1.00000
60.3 22.59364 14 1.00000
60.4 22.64095 14 1.00000
60.5 22.68776 14 1.00000
60.6 22.73450 14 1.00000
60.7 22.78188 14 1.00000
60.8 22.82865 14 1.00000
60.9 22.87536 14 1.00000
61.0 22.92737 14 1.00000
61.1 22.96962 14 1.00000
61.2 23.01626 14 1.00000
61.3 23.06294 14 1.00000
61.4 23.11194 14 1.00000
61.5 23.15717 14 1.00000
61.6 23.20386 14 1.00000
61.7 23.26046 14 1.00000
61.8 23.29818 14 1.00000
61.9 23.34485 14 1.00000
62.0 23.39147 14 1.00000
62.1 23.43924 14 1.00000
62.2 23.48586 14 1.00000
62.3 23.53252 14 1.00000
62.4 23.57917 14 1.00000
62.5 23.62479 14 1.00000
62.6 23.66818 14 1.00000
62.7 23.71167 14 1.00000
62.8 23.75827 14 1.00000
62.9 23.79995 14 1.00000
63.0 23.84336 14 1.00000
63.1 23.89037 14 1.00000
63.2 23.96171 14 1.00000
63.3 23.97535 14 1.00000
63.4 24.02134 14 1.00000
63.5 24.09215 14 1.00000
63.6 24.16103 14 1.00000
63.7 24.15108 14 1.00000
63.8 24.21533 14 1.00000
63.9 24.28922 14 1.00000
64.0 24.35874 14 1.00000
64.1 24.42395 14 1.00000
64.2 24.40878 14 1.00000
64.3 24.48121 14 1.00000
64.4 24.54876 14 1.00000
64.5 24.61941 14 1.00000
64.6 24.59822 14 1.00000
64.7 24.66870 14 1.00000
64.8 24.73810 14 1.00000
64.9 24.80450 14 1.00000
65.0 24.87583 14 1.00000
65.1 24.85067 14 1.00000
65.2 24.92087 14 1.00000
65.3 24.98832 14 1.00000
65.4 25.06131 14 1.00000
65.5 24.99174 14 1.00000
65.6 25.01436 14 1.00000
65.7 25.16666 14 1.00000
65.8 25.23753 14 1.00000
65.9 25.17079 14 1.00000
66.0 25.19659 14 1.00000
66.1 25.21448 14 1.00000
66.2 25.40886 14 1.00000
66.3 25.35480 14 1.00000
66.4 25.38452 14 1.00000
66.5 25.39265 14 1.00000
66.6 25.43661 14 1.00000
66.7 25.48056 14 1.00000
66.8 25.57537 14 1.00000
66.9 25.59561 14 1.00000
67.0 25.61523 14 1.00000
67.1 25.65930 14 1.00000
67.2 25.70336 14 1.00000
67.3 25.77386 14 1.00000
67.4 25.79438 14 1.00000
67.5 25.83847 14 1.00000
67.6 25.88259 14 1.00000
67.7 25.92782 14 1.00000
67.8 26.00181 14 1.00000
67.9 26.07605 14 1.00000
68.0 26.14929 14 1.00000
68.1 26.10645 14 1.00000
68.2 26.15071 14 1.00000
68.3 26.21897 14 1.00000
68.4 26.29305 14 1.00000
68.5 26.36900 14 1.00000
68.6 26.43813 14 1.00000
68.7 26.50898 14 1.00000
68.8 26.42805 14 1.00000
68.9 26.50345 14 1.00000
69.0 26.57877 14 1.00000
69.1 26.64949 14 1.00000
69.2 26.71965 14 1.00000
69.3 26.78811 14 1.00000
69.4 26.75221 14 1.00000
69.5 26.77927 14 1.00000
69.6 26.85148 14 1.00000
69.7 26.92104 14 1.00000
69.8 26.99239 14 1.00000
69.9 27.06080 14 1.00000
70.0 27.13201 14 1.00000
70.1 27.07387 14 1.00000
70.2 27.10386 14 1.00000
70.3 27.18237 14 1.00000
70.4 27.25548 14 1.00000
70.5 27.32588 14 1.00000
70.6 27.39511 14 1.00000
70.7 27.34872 14 1.00000
70.8 27.38928 14 1.00000
70.9 27.41521 14 1.00000
71.0 27.41348 14 1.00000
71.1 27.57739 14 1.00000
71.2 27.64434 14 1.00000
71.3 27.71363 14 1.00000
71.4 27.66815 14 1.00000
71.5 27.71011 14 1.00000
71.6 27.73549 14 1.00000
71.7 27.73130 14 1.00000
71.8 27.77584 14 1.00000
71.9 27.82063 14 1.00000
72.0 28.02479 14 1.00000
72.1 27.98722 14 1.00000
72.2 28.03300 14 1.00000
72.3 28.06923 14 1.00000
72.4 28.07179 14 1.00000
72.5 28.09466 14 1.00000
72.6 28.13958 14 1.00000
72.7 28.18457 14 1.00000
72.8 28.24993 14 1.00000
72.9 28.27686 14 1.00000
73.0 28.40272 14 1.00000
73.1 28.44221 14 1.00000
73.2 28.44536 14 1.00000
73.3 28.46556 14 1.00000
73.4 28.50486 14 1.00000
73.5 28.54996 14 1.00000
73.6 28.60103 14 1.00000
73.7 28.67625 14 1.00000
73.8 28.74868 14 1.00000
73.9 28.74050 14 1.00000
74.0 28.85677 14 1.00000
74.1 28.86086 14 1.00000
74.2 28.88227 14 1.00000
74.3 28.91684 14 1.00000
74.4 28.96214 14 1.00000
74.5 29.01137 14 1.00000
74.6 29.08245 14 1.00000
74.7 29.15431 14 1.00000
74.8 29.22583 14 1.00000
74.9 29.29383 14 1.00000
75.0 29.25338 14 1.00000
75.1 29.32330 14 1.00000
75.2 29.34536 14 1.00000
75.3 29.37618 14 1.00000
75.4 29.42162 14 1.00000
75.5 29.47041 14 1.00000
75.6 29.54227 14 1.00000
75.7 29.61301 14 1.00000
75.8 29.68427 14 1.00000
75.9 29.74966 14 1.00000
76.0 29.81880 14 1.00000
76.1 29.88427 14 1.00000
76.2 29.83164 14 1.00000
76.3 29.85478 14 1.00000
76.4 29.88341 14 1.00000
76.5 29.92907 14 1.00000
76.6 29.97656 14 1.00000
76.7 30.04482 14 1.00000
76.8 30.11803 14 1.00000
76.9 30.18629 14 1.00000
77.0 30.25303 14 1.00000
77.1 30.31925 14 1.00000
77.2 30.38620 14 1.00000
77.3 30.45086 14 1.00000
77.4 30.43907 14 1.00000
77.5 30.41819 14 1.00000
77.6 30.43919 14 1.00000
77.7 30.48513 14 1.00000
77.8 30.53104 14 1.00000
77.9 30.59221 14 1.00000
78.0 30.66365 14 1.00000
78.1 30.73088 14 1.00000
78.2 30.80243 14 1.00000
78.3 30.86646 14 1.00000
78.4 30.93197 14 1.00000
78.5 30.99747 14 1.00000
78.6 31.06019 14 1.00000
78.7 31.12472 14 1.00000
78.8 30.99703 14 1.00000
78.9 31.06510 14 1.00000
79.0 31.09051 14 1.00000
79.1 31.13668 14 1.00000
79.2 31.18290 14 1.00000
79.3 31.24537 14 1.00000
79.4 31.31585 14 1.00000
79.5 31.38422 14 1.00000
79.6 31.45182 14 1.00000
79.7 31.51472 14 1.00000
79.8 31.58314 14 1.00000
79.9 31.64719 14 1.00000
80.0 31.70685 14 1.00000
80.1 31.77309 14 1.00000
80.2 31.83247 14 1.00000
80.3 31.69797 14 1.00000
80.4 31.78733 14 1.00000
80.5 31.80787 14 1.00000
80.6 31.83895 14 1.00000
80.7 31.88545 14 1.00000
80.8 31.93416 14 1.00000
80.9 31.99749 14 1.00000
81.0 32.06581 14 1.00000
81.1 32.13256 14 1.00000
81.2 32.19854 14 1.00000
81.3 32.26047 14 1.00000
81.4 32.32447 14 1.00000
81.5 32.39096 14 1.00000
81.6 32.45432 14 1.00000
81.7 32.51716 14 1.00000
81.8 32.57917 14 1.00000
81.9 32.51321 14 1.00000
82.0 32.57634 14 1.00000
82.1 32.60926 14 1.00000
82.2 32.64437 14 1.00000
82.3 32.66871 14 1.00000
82.4 32.68914 14 1.00000
82.5 32.73334 14 1.00000
82.6 32.78019 14 1.00000
82.7 32.83905 14 1.00000
82.8 32.90461 14 1.00000
82.9 32.96951 14 1.00000
83.0 33.03247 14 1.00000
83.1 33.09624 14 1.00000
83.2 33.15950 14 1.00000
83.3 33.22053 14 1.00000
83.4 33.28304 14 1.00000
83.5 33.34681 14 1.00000
83.6 33.33195 14 1.00000
83.7 33.36070 14 1.00000
83.8 33.47733 14 1.00000
83.9 33.51814 14 1.00000
84.0 33.55964 14 1.00000
84.1 33.58157 14 1.00000
84.2 33.62271 14 1.00000
84.3 33.65422 14 1.00000
84.4 33.69101 14 1.00000
84.5 33.71560 14 1.00000
84.6 33.73779 14 1.00000
84.7 33.77709 14 1.00000
84.8 33.82436 14 1.00000
84.9 33.88205 14 1.00000
85.0 33.94560 14 1.00000
85.1 34.00997 14 1.00000
85.2 34.07302 14 1.00000
85.3 34.13137 14 1.00000
85.4 34.19571 14 1.00000
85.5 34.21317 14 1.00000
85.6 34.33955 14 1.00000
85.7 34.45314 14 1.00000
85.8 34.42047 14 1.00000
85.9 34.47628 14 1.00000
86.0 34.53288 14 1.00000
86.1 34.58011 14 1.00000
86.2 34.63369 14 1.00000
86.3 34.68215 14 1.00000
86.4 34.72704 14 1.00000
86.5 34.77318 14 1.00000
86.6 34.81296 14 1.00000
86.7 34.83665 14 1.00000
86.8 34.88348 14 1.00000
86.9 34.92250 14 1.00000
87.0 34.96279 14 1.00000
87.1 34.99600 14 1.00000
87.2 35.03164 14 1.00000
87.3 35.05962 14 1.00000
87.4 35.08424 14 1.00000
87.5 35.11762 14 1.00000
87.6 35.16796 14 1.00000
87.7 35.22456 14 1.00000
87.8 35.29517 14 1.00000
87.9 35.45493 14 1.00000
88.0 35.51015 14 1.00000
88.1 35.55381 14 1.00000
88.2 35.60600 14 1.00000
88.3 35.66804 14 1.00000
88.4 35.72089 14 1.00000
88.5 35.78130 14 1.00000
88.6 35.83507 14 1.00000
88.7 35.89514 14 1.00000
88.8 35.94991 14 1.00000
88.9 36.00557 14 1.00000
89.0 35.97582 14 1.00000
89.1 36.02482 14 1.00000
89.2 36.08026 14 1.00000
89.3 36.13488 14 1.00000
89.4 36.18380 14 1.00000
89.5 36.23615 14 1.00000
89.6 36.28796 14 1.00000
89.7 36.33725 14 1.00000
89.8 36.38456 14 1.00000
89.9 36.42948 14 1.00000
90.0 36.47796 14 1.00000
90.1 36.50449 14 1.00000
90.2 36.57484 14 1.00000
90.3 36.63057 14 1.00000
90.4 36.66659 14 1.00000
90.5 36.69941 14 1.00000
90.6 36.62224 14 1.00000
90.7 36.67748 14 1.00000
90.8 36.73569 14 1.00000
90.9 36.79559 14 1.00000
91.0 36.85530 14 1.00000
91.1 36.91491 14 1.00000
91.2 36.97379 14 1.00000
91.3 37.03189 14 1.00000
91.4 37.08569 14 1.00000
91.5 37.14655 14 1.00000
91.6 37.20214 14 1.00000
91.7 37.25875 14 1.00000
91.8 37.31512 14 1.00000
91.9 37.37220 14 1.00000
92.0 37.41874 14 1.00000
92.1 37.47084 14 1.00000
92.2 37.52330 14 1.00000
92.3 37.57506 14 1.00000
92.4 37.62671 14 1.00000
92.5 37.67912 14 1.00000
92.6 37.73062 14 1.00000
92.7 37.78253 14 1.00000
92.8 37.83488 14 1.00000
92.9 37.88696 14 1.00000
93.0 37.91651 14 1.00000
93.1 37.90891 14 1.00000
93.2 38.01951 14 1.00000
93.3 38.06329 14 1.00000
93.4 38.11274 14 1.00000
93.5 38.16209 14 1.00000
93.6 38.21138 14 1.00000
93.7 38.26067 14 1.00000
93.8 38.30980 14 1.00000
93.9 38.35000 14 1.00000
94.0 38.40053 14 1.00000
94.1 38.45097 14 1.00000
94.2 38.50123 14 1.00000
94.3 38.55114 14 1.00000
94.4 38.60062 14 1.00000
94.5 38.64967 14 1.00000
94.6 38.73080 14 1.00000
94.7 38.75804 14 1.00000
94.8 38.78688 14 1.00000
94.9 38.88587 14 1.00000
95.0 38.91625 14 1.00000
95.1 38.95371 14 1.00000
95.2 39.05372 14 1.00000
95.3 39.15388 14 1.00000
95.4 39.25386 14 1.00000
95.5 39.35376 14 1.00000
95.6 39.45380 14 1.00000
95.7 39.55367 14 1.00000
95.8 39.65363 14 1.00000
95.9 39.75149 14 1.00000
96.0 39.84071 14 1.00000
96.1 39.92973 14 1.00000
96.2 40.01878 14 1.00000
96.3 40.10812 14 1.00000
96.4 40.19730 14 1.00000
96.5 40.28666 14 1.00000
96.6 40.37592 14 1.00000
96.7 40.46540 14 1.00000
96.8 40.55463 14 1.00000
96.9 40.64394 14 1.00000
97.0 40.73353 14 1.00000
97.1 40.82291 14 1.00000
97.2 40.91262 14 1.00000
97.3 41.00207 14 1.00000
97.4 41.09179 14 1.00000
97.5 41.18131 14 1.00000
97.6 41.27110 14 1.00000
97.7 41.36068 14 1.00000
97.8 41.45024 14 1.00000
97.9 41.54018 14 1.00000
98.0 41.62986 14 1.00000
98.1 41.71980 14 1.00000
98.2 41.80949 14 1.00000
98.3 41.89955 14 1.00000
98.4 41.98930 14 1.00000
98.5 42.07941 14 1.00000
98.6 42.16927 14 1.00000
98.7 42.25934 14 1.00000
98.8 42.34931 14 1.00000
98.9 42.43925 14 1.00000
99.0 42.52940 14 1.00000
99.1 42.61940 14 1.00000
99.2 42.70966 14 1.00000
99.3 42.79971 14 1.00000
99.4 42.89003 14 1.00000
99.5 42.98018 14 1.00000
99.6 43.07055 14 1.00000
99.7 43.16070 14 1.00000
99.8 43.25111 14 1.00000
99.9 43.34127 14 1.00000
100.0 43.43178 14 1.00000
100.1 43.52198 14 1.00000
100.2 43.61255 14 1.00000
100.3 43.70280 14 1.00000
100.4 43.79335 14 1.00000
100.5 43.88375 14 1.00000
100.6 43.97435 14 1.00000
100.7 44.06475 14 1.00000
100.8 44.15534 14 1.00000
100.9 44.24583 14 1.00000
101.0 44.33652 14 1.00000
101.1 44.42700 14 1.00000
101.2 44.51773 14 1.00000
101.3 44.60825 14 1.00000
101.4 44.69902 14 1.00000
101.5 44.78959 14 1.00000
101.6 44.88034 14 1.00000
101.7 44.97095 14 1.00000
101.8 45.06179 14 1.00000
101.9 45.15244 14 1.00000
102.0 45.24337 14 1.00000
102.1 45.33405 14 1.00000
102.2 45.42498 14 1.00000
102.3 45.51569 14 1.00000
102.4 45.60660 14 1.00000
102.5 45.69735 14 1.00000
102.6 45.78839 14 1.00000
102.7 45.87918 14 1.00000
102.8 45.97015 14 1.00000
102.9 46.06102 14 1.00000
103.0 46.15208 14 1.00000
103.1 46.24294 14 1.00000
103.2 46.33403 14 1.00000
103.3 46.42486 14 1.00000
103.4 46.51603 14 1.00000
103.5 46.60695 14 1.00000
103.6 46.69804 14 1.00000
103.7 46.78904 14 1.00000
103.8 46.88022 14 1.00000
103.9 46.97114 14 1.00000
104.0 47.06235 14 1.00000
104.1 47.15335 14 1.00000
104.2 47.24459 14 1.00000
104.3 47.33561 14 1.00000
104.4 47.42693 14 1.00000
104.5 47.51815 14 1.00000
104.6 47.60927 14 1.00000
104.7 47.70057 14 1.00000
104.8 47.79161 14 1.00000
104.9 47.88293 14 1.00000
105.0 47.97405 14 1.00000
105.1 48.06545 14 1.00000
105.2 48.15659 14 1.00000
105.3 48.24791 14 1.00000
105.4 48.33913 14 1.00000
105.5 48.43052 14 1.00000
105.6 48.52170 14 1.00000
105.7 48.61312 14 1.00000
105.8 48.70454 14 1.00000
105.9 48.79576 14 1.00000
106.0 48.88715 14 1.00000
106.1 48.97844 14 1.00000
106.2 49.06990 14 1.00000
106.3 49.16116 14 1.00000
106.4 49.25259 14 1.00000
106.5 49.34392 14 1.00000
106.6 49.43537 14 1.00000
106.7 49.52688 14 1.00000
106.8 49.61823 14 1.00000
106.9 49.70976 14 1.00000
107.0 49.80107 14 1.00000
107.1 49.89257 14 1.00000
107.2 49.98396 14 1.00000
107.3 50.07546 14 1.00000
107.4 50.16681 14 1.00000
107.5 50.25839 14 1.00000
107.6 50.34997 14 1.00000
107.7 50.44134 14 1.00000
107.8 50.53294 14 1.00000
107.9 50.62437 14 1.00000
108.0 50.71593 14 1.00000
108.1 50.80738 14 1.00000
108.2 50.89901 14 1.00000
108.3 50.99059 14 1.00000
108.4 51.08200 14 1.00000
108.5 51.17369 14 1.00000
108.6 51.26513 14 1.00000
108.7 51.35673 14 1.00000
108.8 51.44817 14 1.00000
108.9 51.53983 14 1.00000
109.0 51.63150 14 1.00000
109.1 51.72301 14 1.00000
109.2 51.81464 14 1.00000
109.3 51.90611 14 1.00000
109.4 51.99785 14 1.00000
109.5 52.08954 14 1.00000
109.6 52.18097 14 1.00000
109.7 52.27267 14 1.00000
109.8 52.36422 14 1.00000
109.9 52.45592 14 1.00000
110.0 52.54758 14 1.00000
110.1 52.63914 14 1.00000
110.2 52.73081 14 1.00000
110.3 52.82238 14 1.00000
110.4 52.91405 14 1.00000
110.5 53.00557 14 1.00000
110.6 53.09731 14 1.00000
110.7 53.18909 14 1.00000
110.8 53.28057 14 1.00000
110.9 53.37236 14 1.00000
111.0 53.46385 14 1.00000
111.1 53.55559 14 1.00000
111.2 53.64734 14 1.00000
111.3 53.73889 14 1.00000
111.4 53.83069 14 1.00000
111.5 53.92224 14 1.00000
111.6 54.01400 14 1.00000
111.7 54.10575 14 1.00000
111.8 54.19731 14 1.00000
111.9 54.28907 14 1.00000
112.0 54.38063 14 1.00000
112.1 54.47240 14 1.00000
112.2 54.56411 14 1.00000
112.3 54.65573 14 1.00000
112.4 54.74745 14 1.00000
112.5 54.83927 14 1.00000
112.6 54.93079 14 1.00000
112.7 55.02256 14 1.00000
112.8 55.11418 14 1.00000
112.9 55.20595 14 1.00000
113.0 55.29767 14 1.00000
113.1 55.38929 14 1.00000
113.2 55.48102 14 1.00000
113.3 55.57259 14 1.00000
113.4 55.66437 14 1.00000
113.5 55.75614 14 1.00000
113.6 55.84777 14 1.00000
113.7 55.93949 14 1.00000
113.8 56.03131 14 1.00000
113.9 56.12284 14 1.00000
114.0 56.21466 14 1.00000
114.1 56.30619 14 1.00000
114.2 56.39796 14 1.00000
114.3 56.48973 14 1.00000
114.4 56.58130 14 1.00000
114.5 56.67307 14 1.00000
114.6 56.76484 14 1.00000
114.7 56.85641 14 1.00000
114.8 56.94823 14 1.00000
114.9 57.03979 14 1.00000
115.0 57.13156 14 1.00000
115.1 57.22333 14 1.00000
115.2 57.31484 14 1.00000
115.3 57.40665 14 1.00000
115.4 57.49841 14 1.00000
115.5 57.58992 14 1.00000
115.6 57.68172 14 1.00000
115.7 57.77348 14 1.00000
115.8 57.86504 14 1.00000
115.9 57.95673 14 1.00000
116.0 58.04834 14 1.00000
116.1 58.14008 14 1.00000
116.2 58.23183 14 1.00000
116.3 58.32332 14 1.00000
116.4 58.41511 14 1.00000
116.5 58.50685 14 1.00000
116.6 58.59839 14 1.00000
116.7 58.69007 14 1.00000
116.8 58.78185 14 1.00000
116.9 58.87333 14 1.00000
117.0 58.96505 14 1.00000
117.1 59.05677 14 1.00000
117.2 59.14830 14 1.00000
117.3 59.24001 14 1.00000
117.4 59.33178 14 1.00000
117.5 59.42329 14 1.00000
117.6 59.51500 14 1.00000
117.7 59.60646 14 1.00000
117.8 59.69816 14 1.00000
117.9 59.78991 14 1.00000
118.0 59.88136 14 1.00000
118.1 59.97309 14 1.00000
118.2 60.06473 14 1.00000
118.3 60.15622 14 1.00000
118.4 60.24795 14 1.00000
118.5 60.33957 14 1.00000
118.6 60.43105 14 1.00000
118.7 60.52272 14 1.00000
118.8 60.61438 14 1.00000
118.9 60.70590 14 1.00000
119.0 60.79756 14 1.00000
119.1 60.88916 14 1.00000
119.2 60.98066 14 1.00000
119.3 61.07231 14 1.00000
119.4 61.16395 14 1.00000
119.5 61.25539 14 1.00000
119.6 61.34697 14 1.00000
119.7 61.43860 14 1.00000
119.8 61.53003 14 1.00000
119.9 61.62165 14 1.00000
120.0 61.71331 14 1.00000
120.1 61.80473 14 1.00000
120.2 61.89633 14 1.00000
120.3 61.98788 14 1.00000
120.4 62.07929 14 1.00000
120.5 62.17093 14 1.00000
120.6 62.26251 14 1.00000
120.7 62.35390 14 1.00000
120.8 62.44543 14 1.00000
120.9 62.53700 14 1.00000
121.0 62.62842 14 1.00000
121.1 62.71998 14 1.00000
121.2 62.81149 14 1.00000
121.3 62.90285 14 1.00000
121.4 62.99445 14 1.00000
121.5 63.08598 14 1.00000
121.6 63.17747 14 1.00000
121.7 63.26886 14 1.00000
121.8 63.36038 14 1.00000
121.9 63.45185 14 1.00000
122.0 63.54322 14 1.00000
122.1 63.63468 14 1.00000
122.2 63.72623 14 1.00000
122.3 63.81749 14 1.00000
122.4 63.90898 14 1.00000
122.5 64.00051 14 1.00000
122.6 64.09176 14 1.00000
122.7 64.18328 14 1.00000
122.8 64.27470 14 1.00000
122.9 64.36602 14 1.00000
123.0 64.45747 14 1.00000
123.1 64.54893 14 1.00000
123.2 64.64032 14 1.00000
123.3 64.73162 14 1.00000
123.4 64.82305 14 1.00000
123.5 64.91447 14 1.00000
123.6 65.00566 14 1.00000
123.7 65.09712 14 1.00000
123.8 65.18853 14 1.00000
123.9 65.27970 14 1.00000
124.0 65.37114 14 1.00000
124.1 65.46248 14 1.00000
124.2 65.55373 14 1.00000
124.3 65.64510 14 1.00000
124.4 65.73647 14 1.00000
124.5 65.82779 14 1.00000
124.6 65.91896 14 1.00000
124.7 66.01031 14 1.00000
124.8 66.10165 14 1.00000
124.9 66.19280 14 1.00000
125.0 66.28413 14 1.00000
125.1 66.37551 14 1.00000
125.2 66.46659 14 1.00000
125.3 66.55790 14 1.00000
125.4 66.64925 14 1.00000
125.5 66.74050 14 1.00000
125.6 66.83161 14 1.00000
125.7 66.92294 14 1.00000
125.8 67.01422 14 1.00000
125.9 67.10531 14 1.00000
126.0 67.19657 14 1.00000
126.1 67.28783 14 1.00000
126.2 67.37907 14 1.00000
126.3 67.47013 14 1.00000
126.4 67.56132 14 1.00000
126.5 67.65254 14 1.00000
126.6 67.74358 14 1.00000
126.7 67.83485 14 1.00000
126.8 67.92600 14 1.00000
126.9 68.01707 14 1.00000
127.0 68.10826 14 1.00000
127.1 68.19940 14 1.00000
127.2 68.29057 14 1.00000
127.3 68.38157 14 1.00000
127.4 68.47278 14 1.00000
127.5 68.56393 14 1.00000
127.6 68.65485 14 1.00000
127.7 68.74599 14 1.00000
127.8 68.83718 14 1.00000
127.9 68.92825 14 1.00000
128.0 69.01920 14 1.00000
128.1 69.11031 14 1.00000
128.2 69.20141 14 1.00000
128.3 69.29256 14 1.00000
128.4 69.38347 14 1.00000
128.5 69.47449 14 1.00000
128.6 69.56562 14 1.00000
128.7 69.65646 14 1.00000
128.8 69.74757 14 1.00000
128.9 69.83862 14 1.00000
129.0 69.92961 14 1.00000
129.1 70.02052 14 1.00000
129.2 70.11150 14 1.00000
129.3 70.20251 14 1.00000
129.4 70.29336 14 1.00000
129.5 70.38441 14 1.00000
129.6 70.47540 14 1.00000
129.7 70.56639 14 1.00000
129.8 70.65720 14 1.00000
129.9 70.74812 14 1.00000
130.0 70.83909 14 1.00000
130.1 70.93009 14 1.00000
130.2 71.02087 14 1.00000
130.3 71.11181 14 1.00000
130.4 71.20274 14 1.00000
130.5 71.29367 14 1.00000
130.6 71.38436 14 1.00000
130.7 71.47533 14 1.00000
130.8 71.56622 14 1.00000
130.9 71.65690 14 1.00000
131.0 71.74778 14 1.00000
131.1 71.83871 14 1.00000
131.2 71.92953 14 1.00000
131.3 72.02022 14 1.00000
131.4 72.11112 14 1.00000
131.5 72.20197 14 1.00000
131.6 72.29280 14 1.00000
131.7 72.38346 14 1.00000
131.8 72.47428 14 1.00000
131.9 72.56509 14 1.00000
132.0 72.65585 14 1.00000
132.1 72.74652 14 1.00000
132.2 72.83730 14 1.00000
132.3 72.92809 14 1.00000
132.4 73.01886 14 1.00000
132.5 73.10940 14 1.00000
132.6 73.20020 14 1.00000
132.7 73.29095 14 1.00000
132.8 73.38169 14 1.00000
132.9 73.47225 14 1.00000
133.0 73.56292 14 1.00000
133.1 73.65368 14 1.00000
133.2 73.74438 14 1.00000
133.3 73.83486 14 1.00000
133.4 73.92561 14 1.00000
133.5 74.01628 14 1.00000
133.6 74.10674 14 1.00000
133.7 74.19740 14 1.00000
133.8 74.28805 14 1.00000
133.9 74.37875 14 1.00000
134.0 74.46916 14 1.00000
134.1 74.55979 14 1.00000
134.2 74.65046 14 1.00000
134.3 74.74107 14 1.00000
134.4 74.83151 14 1.00000
134.5 74.92206 14 1.00000
134.6 75.01269 14 1.00000
134.7 75.10322 14 1.00000
134.8 75.19379 14 1.00000
134.9 75.28418 14 1.00000
135.0 75.37473 14 1.00000
135.1 75.46528 14 1.00000
135.2 75.55581 14 1.00000
135.3 75.64622 14 1.00000
135.4 75.73674 14 1.00000
135.5 75.82719 14 1.00000
135.6 75.91775 14 1.00000
135.7 76.00807 14 1.00000
135.8 76.09850 14 1.00000
135.9 75.72560 14 1.00000
136.0 75.81612 14 1.00000
136.1 75.90667 14 1.00000
136.2 75.99709 14 1.00000
136.3 76.08763 14 1.00000
136.4 75.71477 14 1.00000
136.5 75.80538 14 1.00000
136.6 75.89599 14 1.00000
136.7 75.98641 14 1.00000
136.8 76.07695 14 1.00000
136.9 75.70425 14 1.00000
137.0 75.79487 14 1.00000
137.1 75.88552 14 1.00000
137.2 75.97601 14 1.00000
137.3 76.06664 14 1.00000
137.4 76.15727 14 1.00000
137.5 75.78477 14 1.00000
137.6 75.87548 14 1.00000
137.7 75.96602 14 1.00000
137.8 76.05670 14 1.00000
137.9 76.14738 14 1.00000
138.0 75.77467 14 1.00000
138.1 75.86567 14 1.00000
138.2 75.95630 14 1.00000
138.3 76.04699 14 1.00000
138.4 76.13773 14 1.00000
138.5 75.76509 14 1.00000
138.6 75.85590 14 1.00000
138.7 75.94686 14 1.00000
138.8 76.03770 14 1.00000
138.9 76.12848 14 1.00000
139.0 75.75579 14 1.00000
139.1 75.84665 14 1.00000
139.2 75.93733 14 1.00000
139.3 76.02867 14 1.00000
139.4 76.11945 14 1.00000
139.5 75.74686 14 1.00000
139.6 75.83781 14 1.00000
139.7 75.92871 14 1.00000
139.8 76.01939 14 1.00000
139.9 76.11079 14 1.00000
140.0 75.73824 14 1.00000
140.1 75.82924 14 1.00000
140.2 75.92014 14 1.00000
140.3 76.01091 14 1.00000
140.4 76.10184 14 1.00000
140.5 75.72997 14 1.00000
140.6 75.82098 14 1.00000
140.7 75.91198 14 1.00000
140.8 76.00280 14 1.00000
140.9 76.09373 14 1.00000
141.0 76.18470 14 1.00000
141.1 75.81299 14 1.00000
141.2 75.90403 14 1.00000
141.3 75.99495 14 1.00000
141.4 76.08598 14 1.00000
141.5 76.17699 14 1.00000
141.6 76.26801 14 1.00000
141.7 75.89649 14 1.00000
141.8 75.98741 14 1.00000
141.9 76.07848 14 1.00000
142.0 76.16950 14 1.00000
142.1 76.26061 14 1.00000
142.2 76.35149 14 1.00000
142.3 75.98013 14 1.00000
142.4 76.07125 14 1.00000
142.5 76.16241 14 1.00000
142.6 76.25347 14 1.00000
142.7 76.34444 14 1.00000
142.8 76.43553 14 1.00000
142.9 76.06442 14 1.00000
143.0 76.15558 14 1.00000
143.1 76.24668 14 1.00000
143.2 76.33771 14 1.00000
143.3 76.42884 14 1.00000
143.4 76.51991 14 1.00000
143.5 76.14900 14 1.00000
143.6 76.24020 14 1.00000
143.7 76.33127 14 1.00000
143.8 76.42245 14 1.00000
143.9 76.51357 14 1.00000
144.0 76.60472 14 1.00000
144.1 76.23402 14 1.00000
144.2 76.32513 14 1.00000
144.3 76.41635 14 1.00000
144.4 76.50752 14 1.00000
144.5 76.59872 14 1.00000
144.6 76.68980 14 1.00000
144.7 76.31929 14 1.00000
144.8 76.41051 14 1.00000
144.9 76.50182 14 1.00000
145.0 76.59303 14 1.00000
145.1 76.68427 14 1.00000
145.2 76.31252 14 1.00000
145.3 76.40501 14 1.00000
145.4 76.49632 14 1.00000
145.5 76.58766 14 1.00000
145.6 76.67890 14 1.00000
145.7 76.30741 14 1.00000
145.8 76.39855 14 1.00000
145.9 76.49116 14 1.00000
146.0 76.58254 14 1.00000
146.1 76.67383 14 1.00000
146.2 76.30238 14 1.00000
146.3 76.39362 14 1.00000
146.4 76.48496 14 1.00000
146.5 76.57640 14 1.00000
146.6 76.66910 14 1.00000
146.7 76.29764 14 1.00000
146.8 76.38892 14 1.00000
146.9 76.48036 14 1.00000
147.0 76.57179 14 1.00000
147.1 76.66316 14 1.00000
147.2 76.29314 14 1.00000
147.3 76.38446 14 1.00000
147.4 76.47595 14 1.00000
147.5 76.56743 14 1.00000
147.6 76.65889 14 1.00000
147.7 76.75023 14 1.00000
147.8 76.38039 14 1.00000
147.9 76.47187 14 1.00000
148.0 76.56339 14 1.00000
148.1 76.65490 14 1.00000
148.2 76.74623 14 1.00000
148.3 76.83772 14 1.00000
148.4 76.46812 14 1.00000
148.5 76.55964 14 1.00000
148.6 76.65124 14 1.00000
148.7 76.74261 14 1.00000
148.8 76.83410 14 1.00000
148.9 76.92567 14 1.00000
149.0 76.55621 14 1.00000
149.1 76.64781 14 1.00000
149.2 76.73918 14 1.00000
149.3 76.83076 14 1.00000
149.4 76.92237 14 1.00000
149.5 77.01387 14 1.00000
149.6 76.64461 14 1.00000
149.7 76.73608 14 1.00000
149.8 76.82769 14 1.00000
149.9 76.91935 14 1.00000
150.0 77.01089 14 1.00000
150.1 77.10231 14 1.00000
150.2 77.19389 14 1.00000
150.3 76.82491 14 1.00000
150.4 76.91655 14 1.00000
150.5 77.00819 14 1.00000
150.6 77.09970 14 1.00000
150.7 77.19127 14 1.00000
150.8 77.28288 14 1.00000
150.9 76.91412 14 1.00000
151.0 77.00576 14 1.00000
151.1 77.09727 14 1.00000
151.2 77.18892 14 1.00000
151.3 77.28062 14 1.00000
151.4 77.37225 14 1.00000
151.5 77.00365 14 1.00000
151.6 77.09515 14 1.00000
151.7 77.18690 14 1.00000
151.8 77.27853 14 1.00000
151.9 77.37026 14 1.00000
152.0 77.46176 14 1.00000
152.1 77.09329 14 1.00000
152.2 77.18508 14 1.00000
152.3 77.27682 14 1.00000
152.4 77.36848 14 1.00000
152.5 77.46008 14 1.00000
152.6 77.55173 14 1.00000
152.7 77.64342 14 1.00000
152.8 77.27531 14 1.00000
152.9 77.36707 14 1.00000
153.0 77.45861 14 1.00000
153.1 77.55035 14 1.00000
153.2 77.64207 14 1.00000
153.3 77.73384 14 1.00000
153.4 77.36588 14 1.00000
153.5 77.45750 14 1.00000
153.6 77.54923 14 1.00000
153.7 77.64100 14 1.00000
153.8 77.73280 14 1.00000
153.9 77.82455 14 1.00000
154.0 77.45660 14 1.00000
154.1 77.54842 14 1.00000
154.2 77.64018 14 1.00000
154.3 77.73198 14 1.00000
154.4 77.82376 14 1.00000
154.5 77.91542 14 1.00000
154.6 78.00719 14 1.00000
154.7 77.63967 14 1.00000
154.8 77.73146 14 1.00000
154.9 77.82329 14 1.00000
155.0 77.91493 14 1.00000
155.1 78.00674 14 1.00000
155.2 77.63717 14 1.00000
155.3 77.73119 14 1.00000
155.4 77.82306 14 1.00000
155.5 77.91475 14 1.00000
155.6 78.00659 14 1.00000
155.7 77.63711 14 1.00000
155.8 77.72903 14 1.00000
155.9 77.82314 14 1.00000
156.0 77.91482 14 1.00000
156.1 78.00674 14 1.00000
156.2 77.63721 14 1.00000
156.3 77.72921 14 1.00000
156.4 77.82111 14 1.00000
156.5 77.91287 14 1.00000
156.6 78.00710 14 1.00000
156.7 77.63760 14 1.00000
156.8 77.72964 14 1.00000
156.9 77.82158 14 1.00000
157.0 77.91343 14 1.00000
157.1 78.00534 14 1.00000
157.2 77.63825 14 1.00000
157.3 77.73028 14 1.00000
157.4 77.82230 14 1.00000
157.5 77.91419 14 1.00000
157.6 78.00619 14 1.00000
157.7 78.09817 14 1.00000
157.8 78.19009 14 1.00000
157.9 77.82327 14 1.00000
158.0 77.91519 14 1.00000
158.1 78.00718 14 1.00000
158.2 78.09925 14 1.00000
158.3 78.19122 14 1.00000
158.4 78.28310 14 1.00000
158.5 77.91639 14 1.00000
158.6 78.00846 14 1.00000
158.7 78.10057 14 1.00000
158.8 78.19262 14 1.00000
158.9 78.28449 14 1.00000
159.0 78.37646 14 1.00000
159.1 78.46853 14 1.00000
159.2 78.10213 14 1.00000
159.3 78.19421 14 1.00000
159.4 78.28608 14 1.00000
159.5 78.37819 14 1.00000
159.6 78.47024 14 1.00000
159.7 78.56223 14 1.00000
159.8 78.19605 14 1.00000
159.9 78.28795 14 1.00000
160.0 78.38010 14 1.00000
160.1 78.47218 14 1.00000
160.2 78.56421 14 1.00000
160.3 78.65615 14 1.00000
160.4 78.29005 14 1.00000
160.5 78.38224 14 1.00000
160.6 78.47437 14 1.00000
160.7 78.56647 14 1.00000
160.8 78.65836 14 1.00000
160.9 78.75049 14 1.00000
161.0 78.84251 14 1.00000
161.1 78.47677 14 1.00000
161.2 78.56892 14 1.00000
161.3 78.66084 14 1.00000
161.4 78.75296 14 1.00000
161.5 78.84512 14 1.00000
161.6 78.93722 14 1.00000
161.7 78.57159 14 1.00000
161.8 78.66355 14 1.00000
161.9 78.75576 14 1.00000
162.0 78.84785 14 1.00000
162.1 78.94004 14 1.00000
162.2 79.03200 14 1.00000
162.3 79.12405 14 1.00000
162.4 78.75874 14 1.00000
162.5 78.85091 14 1.00000
162.6 78.94308 14 1.00000
162.7 79.03507 14 1.00000
162.8 79.12717 14 1.00000
162.9 79.21931 14 1.00000
163.0 78.85410 14 1.00000
163.1 78.94635 14 1.00000
163.2 79.03833 14 1.00000
163.3 79.13055 14 1.00000
163.4 79.22267 14 1.00000
163.5 79.31488 14 1.00000
163.6 79.40702 14 1.00000
163.7 79.04190 14 1.00000
163.8 79.13406 14 1.00000
163.9 79.22626 14 1.00000
164.0 79.31846 14 1.00000
164.1 79.41068 14 1.00000
164.2 79.50263 14 1.00000
164.3 79.59479 14 1.00000
164.4 79.23008 14 1.00000
164.5 79.32230 14 1.00000
164.6 79.41451 14 1.00000
164.7 79.50655 14 1.00000
164.8 79.59873 14 1.00000
164.9 79.69090 14 1.00000
165.0 79.32641 14 1.00000
165.1 79.41849 14 1.00000
165.2 79.51072 14 1.00000
165.3 79.60289 14 1.00000
165.4 79.69510 14 1.00000
165.5 79.78729 14 1.00000
165.6 79.87932 14 1.00000
165.7 79.51506 14 1.00000
165.8 79.60727 14 1.00000
165.9 79.69955 14 1.00000
166.0 79.79178 14 1.00000
166.1 79.88383 14 1.00000
166.2 79.97604 14 1.00000
166.3 79.61185 14 1.00000
166.4 79.70412 14 1.00000
166.5 79.79643 14 1.00000
166.6 79.88852 14 1.00000
166.7 79.98071 14 1.00000
166.8 80.07293 14 1.00000
166.9 80.16518 14 1.00000
167.0 79.80124 14 1.00000
167.1 79.89336 14 1.00000
167.2 79.98567 14 1.00000
167.3 80.07788 14 1.00000
167.4 80.17012 14 1.00000
167.5 80.26224 14 1.00000
167.6 80.35441 14 1.00000
167.7 79.99080 14 1.00000
167.8 80.08304 14 1.00000
167.9 80.17536 14 1.00000
168.0 80.26746 14 1.00000
168.1 80.35971 14 1.00000
168.2 79.99309 14 1.00000
168.3 80.08839 14 1.00000
168.4 80.18070 14 1.00000
168.5 80.27283 14 1.00000
168.6 80.36512 14 1.00000
168.7 79.99863 14 1.00000
168.8 80.09093 14 1.00000
168.9 80.18332 14 1.00000
169.0 80.27846 14 1.00000
169.1 80.37082 14 1.00000
169.2 80.00432 14 1.00000
169.3 80.09665 14 1.00000
169.4 80.18907 14 1.00000
169.5 80.28122 14 1.00000
169.6 80.37357 14 1.00000
169.7 80.01015 14 1.00000
169.8 80.10262 14 1.00000
169.9 80.19497 14 1.00000
170.0 80.28725 14 1.00000
170.1 80.37957 14 1.00000
170.2 80.47198 14 1.00000
170.3 80.56433 14 1.00000
170.4 80.20116 14 1.00000
170.5 80.29337 14 1.00000
170.6 80.38577 14 1.00000
170.7 80.47821 14 1.00000
170.8 80.57054 14 1.00000
170.9 80.66280 14 1.00000
171.0 80.29973 14 1.00000
171.1 80.39221 14 1.00000
171.2 80.48459 14 1.00000
171.3 80.57704 14 1.00000
171.4 80.66924 14 1.00000
171.5 80.76162 14 1.00000
171.6 80.85399 14 1.00000
171.7 80.49124 14 1.00000
171.8 80.58363 14 1.00000
171.9 80.67595 14 1.00000
172.0 80.76831 14 1.00000
172.1 80.86072 14 1.00000
172.2 80.95310 14 1.00000
172.3 81.04536 14 1.00000
172.4 80.68275 14 1.00000
172.5 80.77525 14 1.00000
172.6 80.86767 14 1.00000
172.7 80.96009 14 1.00000
172.8 81.05233 14 1.00000
172.9 81.14472 14 1.00000
173.0 81.23711 14 1.00000
173.1 80.87474 14 1.00000
173.2 80.96721 14 1.00000
173.3 81.05943 14 1.00000
173.4 81.15186 14 1.00000
173.5 81.24431 14 1.00000
173.6 81.33670 14 1.00000
173.7 80.97451 14 1.00000
173.8 81.06681 14 1.00000
173.9 81.15926 14 1.00000
174.0 81.25169 14 1.00000
174.1 81.34412 14 1.00000
174.2 81.43648 14 1.00000
174.3 81.52876 14 1.00000
174.4 81.16674 14 1.00000
174.5 81.25921 14 1.00000
174.6 81.35165 14 1.00000
174.7 81.44409 14 1.00000
174.8 81.53641 14 1.00000
174.9 81.62877 14 1.00000
175.0 81.72117 14 1.00000
175.1 81.35941 14 1.00000
175.2 81.45193 14 1.00000
175.3 81.54422 14 1.00000
175.4 81.63666 14 1.00000
175.5 81.72904 14 1.00000
175.6 81.82150 14 1.00000
175.7 81.91374 14 1.00000
175.8 81.55221 14 1.00000
175.9 81.64468 14 1.00000
176.0 81.73708 14 1.00000
176.1 81.82951 14 1.00000
176.2 81.92178 14 1.00000
176.3 82.01420 14 1.00000
176.4 82.10665 14 1.00000
176.5 81.74529 14 1.00000
176.6 81.83775 14 1.00000
176.7 81.93009 14 1.00000
176.8 82.02253 14 1.00000
176.9 82.11496 14 1.00000
177.0 82.20737 14 1.00000
177.1 82.29961 14 1.00000
177.2 81.93847 14 1.00000
177.3 82.03094 14 1.00000
177.4 82.12344 14 1.00000
177.5 82.21583 14 1.00000
177.6 82.30814 14 1.00000
177.7 82.40051 14 1.00000
177.8 82.49296 14 1.00000
177.9 82.13207 14 1.00000
178.0 82.22449 14 1.00000
178.1 82.31679 14 1.00000
178.2 82.40923 14 1.00000
178.3 82.50170 14 1.00000
178.4 82.59411 14 1.00000
178.5 82.68651 14 1.00000
178.6 82.32564 14 1.00000
178.7 82.41814 14 1.00000
178.8 82.51055 14 1.00000
178.9 82.60303 14 1.00000
179.0 82.69541 14 1.00000
179.1 82.78772 14 1.00000
179.2 82.88011 14 1.00000
179.3 82.51965 14 1.00000
179.4 82.61211 14 1.00000
179.5 82.70457 14 1.00000
179.6 82.79679 14 1.00000
179.7 82.88922 14 1.00000
179.8 82.98167 14 1.00000
179.9 83.07407 14 1.00000
180.0 82.71378 14 1.00000
180.1 82.80608 14 1.00000
180.2 82.89852 14 1.00000
180.3 82.99100 14 1.00000
180.4 83.08337 14 1.00000
180.5 83.17563 14 1.00000
180.6 83.26802 14 1.00000
180.7 82.90803 14 1.00000
180.8 83.00043 14 1.00000
180.9 83.09293 14 1.00000
181.0 83.18520 14 1.00000
181.1 83.27762 14 1.00000
181.2 83.36998 14 1.00000
181.3 83.46242 14 1.00000
181.4 83.10252 14 1.00000
181.5 83.19488 14 1.00000
181.6 83.28727 14 1.00000
181.7 83.37975 14 1.00000
181.8 83.47216 14 1.00000
181.9 83.56456 14 1.00000
182.0 83.65679 14 1.00000
182.1 83.29715 14 1.00000
182.2 83.38956 14 1.00000
182.3 83.48199 14 1.00000
182.4 83.57447 14 1.00000
182.5 83.66668 14 1.00000
182.6 83.75912 14 1.00000
182.7 83.85146 14 1.00000
182.8 83.49202 14 1.00000
182.9 83.58436 14 1.00000
183.0 83.67680 14 1.00000
183.1 83.76922 14 1.00000
183.2 83.86157 14 1.00000
183.3 83.95397 14 1.00000
183.4 84.04620 14 1.00000
183.5 83.68700 14 1.00000
183.6 83.77944 14 1.00000
183.7 83.87183 14 1.00000
183.8 83.96424 14 1.00000
183.9 84.05653 14 1.00000
184.0 83.69402 14 1.00000
184.1 83.78648 14 1.00000
184.2 83.88226 14 1.00000
184.3 83.97466 14 1.00000
184.4 84.06697 14 1.00000
184.5 83.70444 14 1.00000
184.6 83.79693 14 1.00000
184.7 83.88941 14 1.00000
184.8 83.98187 14 1.00000
184.9 84.07753 14 1.00000
185.0 83.71513 14 1.00000
185.1 83.80765 14 1.00000
185.2 83.90011 14 1.00000
185.3 83.99260 14 1.00000
185.4 84.08492 14 1.00000
185.5 84.17744 14 1.00000
185.6 83.81851 14 1.00000
185.7 83.91104 14 1.00000
185.8 84.00356 14 1.00000
185.9 84.09591 14 1.00000
186.0 84.18840 14 1.00000
186.1 84.28083 14 1.00000
186.2 84.37330 14 1.00000
186.3 84.01450 14 1.00000
186.4 84.10699 14 1.00000
186.5 84.19955 14 1.00000
186.6 84.29205 14 1.00000
186.7 84.38454 14 1.00000
186.8 84.47687 14 1.00000
186.9 84.56928 14 1.00000
187.0 84.66174 14 1.00000
187.1 84.30342 14 1.00000
187.2 84.39589 14 1.00000
187.3 84.48824 14 1.00000
187.4 84.58077 14 1.00000
187.5 84.67325 14 1.00000
187.6 84.76566 14 1.00000
187.7 84.85816 14 1.00000
187.8 84.49988 14 1.00000
187.9 84.59235 14 1.00000
188.0 84.68484 14 1.00000
188.1 84.77734 14 1.00000
188.2 84.86986 14 1.00000
188.3 84.96211 14 1.00000
188.4 85.05457 14 1.00000
188.5 84.69672 14 1.00000
188.6 84.78924 14 1.00000
188.7 84.88174 14 1.00000
188.8 84.97407 14 1.00000
188.9 85.06649 14 1.00000
189.0 85.15895 14 1.00000
189.1 85.25145 14 1.00000
189.2 84.89380 14 1.00000
189.3 84.98611 14 1.00000
189.4 85.07861 14 1.00000
189.5 85.17109 14 1.00000
189.6 85.26357 14 1.00000
189.7 85.35587 14 1.00000
189.8 85.44836 14 1.00000
189.9 85.54079 14 1.00000
190.0 85.18341 14 1.00000
190.1 85.27596 14 1.00000
190.2 85.36823 14 1.00000
190.3 85.46075 14 1.00000
190.4 85.55321 14 1.00000
190.5 85.64565 14 1.00000
190.6 85.73808 14 1.00000
190.7 85.38084 14 1.00000
190.8 85.47333 14 1.00000
190.9 85.56580 14 1.00000
191.0 85.65823 14 1.00000
191.1 85.75068 14 1.00000
191.2 85.84301 14 1.00000
191.3 85.93539 14 1.00000
191.4 85.57854 14 1.00000
191.5 85.67103 14 1.00000
191.6 85.76355 14 1.00000
191.7 85.85587 14 1.00000
191.8 85.94827 14 1.00000
191.9 86.04075 14 1.00000
192.0 86.13313 14 1.00000
192.1 86.22554 14 1.00000
192.2 85.86885 14 1.00000
192.3 85.96137 14 1.00000
192.4 86.05378 14 1.00000
192.5 86.14623 14 1.00000
192.6 86.23872 14 1.00000
192.7 86.33093 14 1.00000
192.8 86.42334 14 1.00000
192.9 86.06704 14 1.00000
193.0 86.15952 14 1.00000
193.1 86.25182 14 1.00000
193.2 86.34431 14 1.00000
193.3 86.43674 14 1.00000
193.4 86.52911 14 1.00000
193.5 86.62157 14 1.00000
193.6 86.26530 14 1.00000
193.7 86.35777 14 1.00000
193.8 86.45027 14 1.00000
193.9 86.54272 14 1.00000
194.0 86.63514 14 1.00000
194.1 86.72736 14 1.00000
194.2 86.81976 14 1.00000
194.3 86.91219 14 1.00000
194.4 86.55640 14 1.00000
194.5 86.64885 14 1.00000
194.6 86.74113 14 1.00000
194.7 86.83361 14 1.00000
194.8 86.92602 14 1.00000
194.9 87.01837 14 1.00000
195.0 87.11081 14 1.00000
195.1 86.75513 14 1.00000
195.2 86.84759 14 1.00000
195.3 86.94003 14 1.00000
195.4 87.03244 14 1.00000
195.5 87.12486 14 1.00000
195.6 87.21705 14 1.00000
195.7 87.30948 14 1.00000
195.8 87.40185 14 1.00000
195.9 87.04665 14 1.00000
196.0 87.13908 14 1.00000
196.1 87.23134 14 1.00000
196.2 87.32375 14 1.00000
196.3 87.41609 14 1.00000
196.4 87.50851 14 1.00000
196.5 87.60084 14 1.00000
196.6 87.24576 14 1.00000
196.7 87.33814 14 1.00000
196.8 87.43056 14 1.00000
196.9 87.52300 14 1.00000
197.0 87.61534 14 1.00000
197.1 87.70757 14 1.00000
197.2 87.79993 14 1.00000
197.3 87.89228 14 1.00000
197.4 87.53762 14 1.00000
197.5 87.63007 14 1.00000
197.6 87.72227 14 1.00000
197.7 87.81466 14 1.00000
197.8 87.90708 14 1.00000
197.9 87.99944 14 1.00000
198.0 88.09178 14 1.00000
198.1 87.73715 14 1.00000
198.2 87.82961 14 1.00000
198.3 87.92195 14 1.00000
198.4 88.01438 14 1.00000
198.5 88.10660 14 1.00000
198.6 88.19891 14 1.00000
198.7 88.29130 14 1.00000
198.8 88.38358 14 1.00000
198.9 88.02946 14 1.00000
199.0 88.12170 14 1.00000
199.1 88.21412 14 1.00000
199.2 88.30643 14 1.00000
199.3 88.39878 14 1.00000
199.4 88.49117 14 1.00000
199.5 88.58334 14 1.00000
199.6 88.22945 14 1.00000
199.7 88.32179 14 1.00000
199.8 88.41416 14 1.00000
199.9 88.50652 14 1.00000
200.0 88.59876 14 1.00000
200.1 88.69109 14 1.00000
200.2 88.78342 14 1.00000
200.3 88.87572 14 1.00000
200.4 88.52214 14 1.00000
200.5 88.61436 14 1.00000
200.6 88.70671 14 1.00000
200.7 88.79900 14 1.00000
200.8 88.89133 14 1.00000
200.9 88.98365 14 1.00000
201.0 89.07585 14 1.00000
201.1 89.16814 14 1.00000
201.2 88.81481 14 1.00000
201.3 88.90716 14 1.00000
201.4 88.99955 14 1.00000
201.5 89.09167 14 1.00000
201.6 89.18398 14 1.00000
201.7 89.27633 14 1.00000
201.8 89.36857 14 1.00000
201.9 89.01552 14 1.00000
202.0 89.10771 14 1.00000
202.1 89.20004 14 1.00000
202.2 89.29241 14 1.00000
202.3 89.38472 14 1.00000
202.4 89.47701 14 1.00000
202.5 89.56909 14 1.00000
202.6 89.21198 14 1.00000
202.7 89.30862 14 1.00000
202.8 89.40099 14 1.00000
202.9 89.49326 14 1.00000
203.0 89.58546 14 1.00000
203.1 89.22838 14 1.00000
203.2 89.32074 14 1.00000
203.3 89.41309 14 1.00000
203.4 89.50543 14 1.00000
203.5 89.60189 14 1.00000
203.6 89.24490 14 1.00000
203.7 89.33723 14 1.00000
203.8 89.42960 14 1.00000
203.9 89.52201 14 1.00000
204.0 89.61416 14 1.00000
204.1 89.70650 14 1.00000
204.2 89.35399 14 1.00000
204.3 89.44638 14 1.00000
204.4 89.53861 14 1.00000
204.5 89.63098 14 1.00000
204.6 89.72334 14 1.00000
204.7 89.81563 14 1.00000
204.8 89.90800 14 1.00000
204.9 90.00027 14 1.00000
205.0 89.64792 14 1.00000
205.1 89.74030 14 1.00000
205.2 89.83261 14 1.00000
205.3 89.92496 14 1.00000
205.4 90.01734 14 1.00000
205.5 90.10947 14 1.00000
205.6 90.20182 14 1.00000
205.7 90.29407 14 1.00000
205.8 89.94217 14 1.00000
205.9 90.03438 14 1.00000
206.0 90.12672 14 1.00000
206.1 90.21900 14 1.00000
206.2 90.31137 14 1.00000
206.3 90.40367 14 1.00000
206.4 90.49596 14 1.00000
206.5 90.58809 14 1.00000
206.6 90.23644 14 1.00000
206.7 90.32878 14 1.00000
206.8 90.42106 14 1.00000
206.9 90.51337 14 1.00000
207.0 90.60557 14 1.00000
207.1 90.69785 14 1.00000
207.2 90.79008 14 1.00000
207.3 90.88239 14 1.00000
207.4 90.53088 14 1.00000
207.5 90.62321 14 1.00000
207.6 90.71552 14 1.00000
207.7 90.80781 14 1.00000
207.8 90.90009 14 1.00000
207.9 90.99236 14 1.00000
208.0 91.08441 14 1.00000
208.1 91.17670 14 1.00000
208.2 90.82565 14 1.00000
208.3 90.91790 14 1.00000
208.4 91.01024 14 1.00000
208.5 91.10236 14 1.00000
208.6 91.19463 14 1.00000
208.7 91.28687 14 1.00000
208.8 91.37910 14 1.00000
208.9 91.02813 14 1.00000
209.0 91.12038 14 1.00000
209.1 91.21266 14 1.00000
209.2 91.30493 14 1.00000
209.3 91.39719 14 1.00000
209.4 91.48948 14 1.00000
209.5 91.58151 14 1.00000
209.6 91.67373 14 1.00000
209.7 91.32320 14 1.00000
209.8 91.41547 14 1.00000
209.9 91.50774 14 1.00000
210.0 91.59984 14 1.00000
210.1 91.69212 14 1.00000
210.2 91.78435 14 1.00000
210.3 91.87656 14 1.00000
210.4 91.96876 14 1.00000
210.5 91.61837 14 1.00000
210.6 91.71059 14 1.00000
210.7 91.80287 14 1.00000
210.8 91.89506 14 1.00000
210.9 91.98727 14 1.00000
211.0 92.07933 14 1.00000
211.1 92.17152 14 1.00000
211.2 92.26376 14 1.00000
211.3 91.91376 14 1.00000
211.4 92.00600 14 1.00000
211.5 92.09808 14 1.00000
211.6 92.19029 14 1.00000
211.7 92.28249 14 1.00000
211.8 92.37473 14 1.00000
211.9 92.46685 14 1.00000
212.0 92.55891 14 1.00000
212.1 92.20922 14 1.00000
212.2 92.30148 14 1.00000
212.3 92.39365 14 1.00000
212.4 92.48589 14 1.00000
212.5 92.57792 14 1.00000
212.6 92.67004 14 1.00000
212.7 92.76219 14 1.00000
212.8 92.85433 14 1.00000
212.9 92.50498 14 1.00000
213.0 92.59704 14 1.00000
213.1 92.68927 14 1.00000
213.2 92.78139 14 1.00000
213.3 92.87356 14 1.00000
213.4 92.96575 14 1.00000
213.5 93.05774 14 1.00000
213.6 93.14986 14 1.00000
213.7 92.80076 14 1.00000
213.8 92.89298 14 1.00000
213.9 92.98515 14 1.00000
214.0 93.07716 14 1.00000
214.1 93.16930 14 1.00000
214.2 93.26143 14 1.00000
214.3 93.35350 14 1.00000
214.4 93.44565 14 1.00000
214.5 93.53774 14 1.00000
214.6 93.18885 14 1.00000
214.7 93.28104 14 1.00000
214.8 93.37318 14 1.00000
214.9 93.46530 14 1.00000
215.0 93.55737 14 1.00000
215.1 93.64937 14 1.00000
215.2 93.74145 14 1.00000
215.3 93.83347 14 1.00000
215.4 93.48512 14 1.00000
215.5 93.57710 14 1.00000
215.6 93.66921 14 1.00000
215.7 93.76131 14 1.00000
215.8 93.85336 14 1.00000
215.9 93.94549 14 1.00000
216.0 94.03755 14 1.00000
216.1 94.12946 14 1.00000
216.2 93.78130 14 1.00000
216.3 93.87345 14 1.00000
216.4 93.96555 14 1.00000
216.5 94.05763 14 1.00000
216.6 94.14951 14 1.00000
216.7 94.24157 14 1.00000
216.8 94.33362 14 1.00000
216.9 94.42565 14 1.00000
217.0 94.07787 14 1.00000
217.1 94.16976 14 1.00000
217.2 94.26189 14 1.00000
217.3 94.35390 14 1.00000
217.4 94.44596 14 1.00000
217.5 94.53805 14 1.00000
217.6 94.62988 14 1.00000
217.7 94.72195 14 1.00000
217.8 94.37435 14 1.00000
217.9 94.46643 14 1.00000
218.0 94.55853 14 1.00000
218.1 94.65038 14 1.00000
218.2 94.74247 14 1.00000
218.3 94.83444 14 1.00000
218.4 94.92650 14 1.00000
218.5 95.01844 14 1.00000
218.6 95.11043 14 1.00000
218.7 94.76314 14 1.00000
218.8 94.85513 14 1.00000
218.9 94.94716 14 1.00000
219.0 95.03922 14 1.00000
219.1 95.13117 14 1.00000
219.2 95.22302 14 1.00000
219.3 95.31499 14 1.00000
219.4 95.40696 14 1.00000
219.5 95.06006 14 1.00000
219.6 95.15208 14 1.00000
219.7 95.24399 14 1.00000
219.8 95.33598 14 1.00000
219.9 95.42792 14 1.00000
220.0 95.51989 14 1.00000
220.1 95.61185 14 1.00000
220.2 95.70364 14 1.00000
220.3 95.35707 14 1.00000
220.4 95.44907 14 1.00000
220.5 95.54106 14 1.00000
220.6 95.63303 14 1.00000
220.7 95.72481 14 1.00000
220.8 95.81681 14 1.00000
220.9 95.90874 14 1.00000
221.0 96.00063 14 1.00000
221.1 96.09254 14 1.00000
221.2 95.74617 14 1.00000
221.3 95.83810 14 1.00000
221.4 95.93005 14 1.00000
221.5 96.02204 14 1.00000
221.6 96.11393 14 1.00000
221.7 96.20584 14 1.00000
221.8 96.29765 14 1.00000
221.9 96.38950 14 1.00000
222.0 96.04352 14 1.00000
222.1 96.13551 14 1.00000
222.2 96.22745 14 1.00000
222.3 96.31918 14 1.00000
222.4 96.41115 14 1.00000
222.5 96.50304 14 1.00000
222.6 96.59493 14 1.00000
222.7 96.68676 14 1.00000
222.8 96.77867 14 1.00000
222.9 96.43284 14 1.00000
223.0 96.52481 14 1.00000
223.1 96.61671 14 1.00000
223.2 96.70860 14 1.00000
223.3 96.80029 14 1.00000
223.4 96.89221 14 1.00000
223.5 96.98402 14 1.00000
223.6 97.07591 14 1.00000
223.7 96.73055 14 1.00000
223.8 96.82227 14 1.00000
223.9 96.91415 14 1.00000
224.0 97.00607 14 1.00000
224.1 97.09793 14 1.00000
224.2 97.18974 14 1.00000
224.3 97.28162 14 1.00000
224.4 97.37325 14 1.00000
224.5 97.46507 14 1.00000
224.6 97.12005 14 1.00000
224.7 97.21197 14 1.00000
224.8 97.30377 14 1.00000
224.9 97.39548 14 1.00000
225.0 97.48730 14 1.00000
225.1 97.57917 14 1.00000
225.2 97.67093 14 1.00000
225.3 97.76272 14 1.00000
225.4 97.41785 14 1.00000
225.5 97.50969 14 1.00000
225.6 97.60152 14 1.00000
225.7 97.69340 14 1.00000
225.8 97.78521 14 1.00000
225.9 97.43494 14 1.00000
226.0 97.52686 14 1.00000
226.1 97.61866 14 1.00000
226.2 97.71050 14 1.00000
226.3 97.80780 14 1.00000
226.4 97.45761 14 1.00000
226.5 97.54945 14 1.00000
226.6 97.64133 14 1.00000
226.7 97.73318 14 1.00000
226.8 97.82508 14 1.00000
226.9 97.91687 14 1.00000
227.0 98.00860 14 1.00000
227.1 97.66413 14 1.00000
227.2 97.75601 14 1.00000
227.3 97.84792 14 1.00000
227.4 97.93964 14 1.00000
227.5 98.03148 14 1.00000
227.6 98.12326 14 1.00000
227.7 98.21512 14 1.00000
227.8 98.30688 14 1.00000
227.9 98.39867 14 1.00000
228.0 98.05450 14 1.00000
228.1 98.14630 14 1.00000
228.2 98.23814 14 1.00000
228.3 98.32996 14 1.00000
228.4 98.42181 14 1.00000
228.5 98.51357 14 1.00000
228.6 98.60521 14 1.00000
228.7 98.69703 14 1.00000
228.8 98.78874 14 1.00000
228.9 98.44505 14 1.00000
229.0 98.53668 14 1.00000
229.1 98.62853 14 1.00000
229.2 98.72028 14 1.00000
229.3 98.81210 14 1.00000
229.4 98.90386 14 1.00000
229.5 98.99557 14 1.00000
229.6 99.08731 14 1.00000
229.7 98.74371 14 1.00000
229.8 98.83551 14 1.00000
229.9 98.92729 14 1.00000
230.0 99.01911 14 1.00000
230.1 99.11086 14 1.00000
230.2 99.20248 14 1.00000
230.3 99.29420 14 1.00000
230.4 99.38593 14 1.00000
230.5 99.47759 14 1.00000
230.6 99.13438 14 1.00000
230.7 99.22610 14 1.00000
230.8 99.31785 14 1.00000
230.9 99.40963 14 1.00000
231.0 99.50131 14 1.00000
231.1 99.59303 14 1.00000
231.2 99.68473 14 1.00000
231.3 99.77633 14 1.00000
231.4 99.86796 14 1.00000
231.5 99.52518 14 1.00000
231.6 99.61691 14 1.00000
231.7 99.70868 14 1.00000
231.8 99.80025 14 1.00000
231.9 99.89189 14 1.00000
232.0 99.98357 14 1.00000
232.1 100.07525 14 1.00000
232.2 100.16691 14 1.00000
232.3 100.25860 14 1.00000
232.4 99.91597 14 1.00000
232.5 100.00771 14 1.00000
232.6 100.09940 14 1.00000
232.7 100.19108 14 1.00000
232.8 100.28275 14 1.00000
232.9 100.37421 14 1.00000
233.0 100.46585 14 1.00000
233.1 100.55748 14 1.00000
233.2 100.64909 14 1.00000
233.3 100.30698 14 1.00000
233.4 100.39851 14 1.00000
233.5 100.49017 14 1.00000
233.6 100.58186 14 1.00000
233.7 100.67345 14 1.00000
233.8 100.76508 14 1.00000
233.9 100.85673 14 1.00000
234.0 100.94828 14 1.00000
234.1 101.03977 14 1.00000
234.2 100.69800 14 1.00000
234.3 100.78959 14 1.00000
234.4 100.88121 14 1.00000
234.5 100.97269 14 1.00000
234.6 101.06429 14 1.00000
234.7 101.15588 14 1.00000
234.8 101.24746 14 1.00000
234.9 101.33907 14 1.00000
235.0 101.43063 14 1.00000
235.1 101.08900 14 1.00000
235.2 101.18060 14 1.00000
235.3 101.27225 14 1.00000
235.4 101.36378 14 1.00000
235.5 101.45540 14 1.00000
235.6 101.54691 14 1.00000
235.7 101.63837 14 1.00000
235.8 101.72990 14 1.00000
235.9 101.82138 14 1.00000
236.0 101.48031 14 1.00000
236.1 101.57188 14 1.00000
236.2 101.66327 14 1.00000
236.3 101.75482 14 1.00000
236.4 101.84641 14 1.00000
236.5 101.93789 14 1.00000
236.6 102.02945 14 1.00000
236.7 102.12096 14 1.00000
236.8 102.21227 14 1.00000
236.9 101.87148 14 1.00000
237.0 101.96307 14 1.00000
237.1 102.05460 14 1.00000
237.2 102.14613 14 1.00000
237.3 102.23750 14 1.00000
237.4 102.32895 14 1.00000
237.5 102.42043 14 1.00000
237.6 102.51196 14 1.00000
237.7 102.60342 14 1.00000
237.8 102.26283 14 1.00000
237.9 102.35429 14 1.00000
238.0 102.44584 14 1.00000
238.1 102.53728 14 1.00000
238.2 102.62881 14 1.00000
238.3 102.72028 14 1.00000
238.4 102.81174 14 1.00000
238.5 102.90300 14 1.00000
238.6 102.99448 14 1.00000
238.7 103.08590 14 1.00000
238.8 102.74583 14 1.00000
238.9 102.83725 14 1.00000
239.0 102.92862 14 1.00000
239.1 103.02002 14 1.00000
239.2 103.11151 14 1.00000
239.3 103.20293 14 1.00000
239.4 103.29435 14 1.00000
239.5 103.38570 14 1.00000
239.6 103.47709 14 1.00000
239.7 103.13721 14 1.00000
239.8 103.22865 14 1.00000
239.9 103.32013 14 1.00000
240.0 103.41154 14 1.00000
240.1 103.50277 14 1.00000
240.2 103.59417 14 1.00000
240.3 103.68560 14 1.00000
240.4 103.77692 14 1.00000
240.5 103.86829 14 1.00000
240.6 103.52877 14 1.00000
240.7 103.62013 14 1.00000
240.8 103.71159 14 1.00000
240.9 103.80297 14 1.00000
241.0 103.89430 14 1.00000
241.1 103.98566 14 1.00000
241.2 104.07702 14 1.00000
241.3 104.16827 14 1.00000
241.4 104.25961 14 1.00000
241.5 104.35092 14 1.00000
241.6 104.01188 14 1.00000
241.7 104.10325 14 1.00000
241.8 104.19447 14 1.00000
241.9 104.28577 14 1.00000
242.0 104.37716 14 1.00000
242.1 104.46844 14 1.00000
242.2 104.55979 14 1.00000
242.3 104.65109 14 1.00000
242.4 104.74234 14 1.00000
242.5 104.40353 14 1.00000
242.6 104.49487 14 1.00000
242.7 104.58620 14 1.00000
242.8 104.67747 14 1.00000
242.9 104.76882 14 1.00000
243.0 104.85998 14 1.00000
243.1 104.95122 14 1.00000
243.2 105.04253 14 1.00000
243.3 105.13380 14 1.00000
243.4 104.79521 14 1.00000
243.5 104.88657 14 1.00000
243.6 104.97787 14 1.00000
243.7 105.06915 14 1.00000
243.8 105.16039 14 1.00000
243.9 105.25165 14 1.00000
244.0 105.34290 14 1.00000
244.1 105.43405 14 1.00000
244.2 105.52528 14 1.00000
244.3 105.61650 14 1.00000
244.4 105.27843 14 1.00000
244.5 105.36975 14 1.00000
244.6 105.46082 14 1.00000
244.7 105.55207 14 1.00000
244.8 105.64331 14 1.00000
244.9 105.73453 14 1.00000
245.0 105.82574 14 1.00000
245.1 105.91699 14 1.00000
245.2 106.00818 14 1.00000
245.3 106.09918 14 1.00000
245.4 105.76157 14 1.00000
245.5 105.85276 14 1.00000
245.6 105.94398 14 1.00000
245.7 106.03522 14 1.00000
245.8 106.12629 14 1.00000
245.9 106.21748 14 1.00000
246.0 106.30859 14 1.00000
246.1 106.39980 14 1.00000
246.2 106.49095 14 1.00000
246.3 106.15349 14 1.00000
246.4 106.24464 14 1.00000
246.5 106.33582 14 1.00000
246.6 106.42705 14 1.00000
246.7 106.51821 14 1.00000
246.8 106.60937 14 1.00000
246.9 106.70046 14 1.00000
247.0 106.79151 14 1.00000
247.1 106.88263 14 1.00000
247.2 106.97374 14 1.00000
247.3 106.63673 14 1.00000
247.4 106.72794 14 1.00000
247.5 106.81895 14 1.00000
247.6 106.91004 14 1.00000
247.7 107.00121 14 1.00000
247.8 107.09232 14 1.00000
247.9 107.18338 14 1.00000
248.0 107.27452 14 1.00000
248.1 107.36555 14 1.00000
248.2 107.45649 14 1.00000
248.3 107.11995 14 1.00000
248.4 107.21107 14 1.00000
248.5 107.30216 14 1.00000
248.6 107.39322 14 1.00000
248.7 107.48418 14 1.00000
248.8 107.57525 14 1.00000
248.9 107.66636 14 1.00000
249.0 107.75741 14 1.00000
249.1 107.84845 14 1.00000
249.2 107.93943 14 1.00000
249.3 107.60308 14 1.00000
249.4 107.69416 14 1.00000
249.5 107.78527 14 1.00000
249.6 107.87628 14 1.00000
249.7 107.96732 14 1.00000
249.8 108.05836 14 1.00000
249.9 108.14925 14 1.00000
250.0 108.24026 14 1.00000
