15.0 1.31517 13 0.04768
15.1 1.32259 13 0.04854
15.2 1.33016 13 0.04941
15.3 1.33760 13 0.05025
15.4 1.34506 13 0.05111
15.5 1.35252 13 0.05197
15.6 1.36000 13 0.05283
15.7 1.36749 13 0.05368
15.8 1.37499 13 0.05454
15.9 1.38250 13 0.05541
16.0 1.38984 13 0.05626
16.1 1.39738 13 0.05714
16.2 1.40493 13 0.05801
16.3 1.41229 13 0.05887
16.4 1.41986 13 0.05976
16.5 1.42744 13 0.06061
16.6 1.43482 13 0.06148
16.7 1.44244 13 0.06238
16.8 1.45020 13 0.06330
16.9 1.45761 13 0.06418
17.0 1.46526 13 0.06510
17.1 1.47268 13 0.06600
17.2 1.48010 13 0.06684
17.3 1.48779 13 0.06777
17.4 1.49523 13 0.06867
17.5 1.50268 13 0.06959
17.6 1.51012 13 0.07050
17.7 1.51758 13 0.07142
17.8 1.52503 13 0.07232
17.9 1.53250 13 0.07323
18.0 1.53997 13 0.07417
18.1 1.54744 13 0.07511
18.2 1.55492 13 0.07607
18.3 1.56240 13 0.07703
18.4 1.56989 13 0.07793
18.5 1.57739 13 0.07890
18.6 1.58489 13 0.07988
18.7 1.59240 13 0.08087
18.8 1.59956 13 0.08182
18.9 1.60707 13 0.08284
19.0 1.61459 13 0.08376
19.1 1.62212 13 0.08479
19.2 1.62927 13 0.08577
19.3 1.63680 13 0.08681
19.4 1.64434 13 0.08786
19.5 1.65148 13 0.08886
19.6 1.65959 13 0.08993
19.7 1.66716 13 0.09101
19.8 1.67429 13 0.09204
19.9 1.68186 13 0.09315
20.0 1.68944 13 0.09427
20.1 1.69657 13 0.09527
20.2 1.70592 13 0.09667
20.3 1.71660 13 0.09838
20.4 1.72805 13 0.10024
20.5 1.73885 13 0.10201
20.6 1.75046 13 0.10388
20.7 1.76139 13 0.10566
20.8 1.77316 13 0.10767
20.9 1.78421 13 0.10959
21.0 1.79614 13 0.11170
21.1 1.80733 13 0.11352
21.2 1.81942 13 0.11571
21.3 1.83074 13 0.11778
21.4 1.84210 13 0.11991
21.5 1.85444 13 0.12214
21.6 1.86594 13 0.12477
21.7 1.87846 13 0.12971
21.8 1.89009 13 0.13544
21.9 1.90178 13 0.14059
22.0 1.91454 13 0.14815
22.1 7.96202 14 1.00000
22.2 7.67551 14 1.00000
22.3 7.46717 14 1.00000
22.4 7.23550 14 1.00000
22.5 7.20906 14 1.00000
22.6 7.23856 14 1.00000
22.7 7.27305 14 1.00000
22.8 7.30734 14 1.00000
22.9 7.34046 14 1.00000
23.0 7.37590 14 1.00000
23.1 7.41551 14 1.00000
23.2 7.44905 14 1.00000
23.3 7.48670 14 1.00000
23.4 7.52847 14 1.00000
23.5 7.59305 14 1.00000
23.6 7.59676 14 1.00000
23.7 7.66249 14 1.00000
23.8 7.69226 14 1.00000
23.9 7.72032 14 1.00000
24.0 7.75969 14 1.00000
24.1 7.79065 14 1.00000
24.2 7.82538 14 1.00000
24.3 7.86059 14 1.00000
24.4 7.89373 14 1.00000
24.5 7.89866 14 1.00000
24.6 7.91755 14 1.00000
24.7 7.95428 14 1.00000
24.8 7.99100 14 1.00000
24.9 7.74588 14 1.00000
25.0 7.74867 14 1.00000
25.1 7.75716 14 1.00000
25.2 7.77018 14 1.00000
25.3 7.77935 14 1.00000
25.4 7.78383 14 1.00000
25.5 7.79482 14 1.00000
25.6 7.80677 14 1.00000
25.7 7.82051 14 1.00000
25.8 7.82476 14 1.00000
25.9 7.83614 14 1.00000
26.0 7.84591 14 1.00000
26.1 7.85406 14 1.00000
26.2 7.86339 14 1.00000
26.3 7.87606 14 1.00000
26.4 7.87972 14 1.00000
26.5 7.89012 14 1.00000
26.6 7.89217 14 1.00000
26.7 7.91164 14 1.00000
26.8 7.92245 14 1.00000
26.9 7.92866 14 1.00000
27.0 7.93670 14 1.00000
27.1 7.95865 14 1.00000
27.2 7.96739 14 1.00000
27.3 7.97239 14 1.00000
27.4 7.98253 14 1.00000
27.5 7.98904 14 1.00000
27.6 7.99928 14 1.00000
27.7 8.01787 14 1.00000
27.8 8.02740 14 1.00000
27.9 8.03151 14 1.00000
28.0 8.04109 14 1.00000
28.1 8.05583 14 1.00000
28.2 8.06462 14 1.00000
28.3 8.07060 14 1.00000
28.4 8.09047 14 1.00000
28.5 8.09253 14 1.00000
28.6 8.10510 14 1.00000
28.7 8.11832 14 1.00000
28.8 8.12451 14 1.00000
28.9 8.13441 14 1.00000
29.0 8.14823 14 1.00000
29.1 8.15471 14 1.00000
29.2 8.17180 14 1.00000
29.3 8.17630 14 1.00000
29.4 8.18730 14 1.00000
29.5 8.20076 14 1.00000
29.6 8.21701 14 1.00000
29.7 8.22318 14 1.00000
29.8 8.23570 14 1.00000
29.9 8.24761 14 1.00000
30.0 8.25108 14 1.00000
30.1 8.26781 14 1.00000
30.2 8.27522 14 1.00000
30.3 8.28816 14 1.00000
30.4 5.49473 14 0.62069
30.5 5.50158 14 0.62070
30.6 5.50808 14 0.62072
30.7 5.51409 14 0.62074
30.8 5.51960 14 0.62076
30.9 5.52874 14 0.62081
31.0 5.53527 14 0.62085
31.1 5.54224 14 0.62090
31.2 5.54539 14 0.62092
31.3 5.55546 14 0.62101
31.4 5.56111 14 0.62106
31.5 5.56524 14 0.62110
31.6 5.57629 14 0.62122
31.7 5.58079 14 0.62128
31.8 5.59275 14 0.62143
31.9 5.59842 14 0.62151
32.0 5.60371 14 0.62158
32.1 5.60939 14 0.62167
32.2 5.61358 14 0.62173
32.3 5.62215 14 0.62187
32.4 5.62810 14 0.62197
32.5 5.63532 14 0.62209
32.6 5.64134 14 0.62220
32.7 5.65134 14 0.62238
32.8 5.65839 14 0.62252
32.9 5.66073 14 0.62257
33.0 5.66842 14 0.62272
33.1 5.67643 14 0.62289
33.2 5.68267 14 0.62303
33.3 5.68875 14 0.62316
33.4 5.69756 14 0.62336
33.5 5.70896 14 0.62362
33.6 5.71241 14 0.62371
33.7 5.71683 14 0.62381
33.8 5.72677 14 0.62406
33.9 5.73596 14 0.62429
34.0 5.74367 14 0.62449
34.1 5.75053 14 0.62467
34.2 5.76171 14 0.62498
34.3 5.77071 14 0.62522
34.4 5.77578 14 0.62537
34.5 5.78196 14 0.62554
34.6 5.78868 14 0.62574
34.7 5.79726 14 0.62599
34.8 5.80517 14 0.62622
34.9 5.81259 14 0.62645
35.0 5.81802 14 0.62661
35.1 5.82694 14 0.62689
35.2 5.83675 14 0.62720
35.3 5.84264 14 0.62738
35.4 5.84993 14 0.62762
35.5 5.85715 14 0.62785
35.6 5.87070 14 0.62830
35.7 5.87707 14 0.62851
35.8 5.88266 14 0.62870
35.9 5.88360 14 0.62874
36.0 5.89205 14 0.62902
36.1 5.90155 14 0.62935
36.2 5.90598 14 0.62951
36.3 5.92093 14 0.63003
36.4 5.92360 14 0.63013
36.5 5.92333 14 0.63012
36.6 5.93179 14 0.63042
36.7 5.94589 14 0.63094
36.8 5.94698 14 0.63098
36.9 5.96196 14 0.63153
37.0 5.96479 14 0.63164
37.1 5.97688 14 0.63209
37.2 5.98146 14 0.63226
37.3 5.98539 14 0.63241
37.4 5.99437 14 0.63276
37.5 6.00335 14 0.63311
37.6 6.00931 14 0.63334
37.7 6.02498 14 0.63395
37.8 6.02802 14 0.63407
37.9 6.04235 14 0.63464
38.0 6.04112 14 0.63459
38.1 6.05347 14 0.63509
38.2 6.05996 14 0.63536
38.3 6.06754 14 0.63566
38.4 6.07470 14 0.63596
38.5 6.08538 14 0.63640
38.6 6.08412 14 0.63635
38.7 6.09643 14 0.63686
38.8 6.10408 14 0.63718
38.9 6.11054 14 0.63745
39.0 6.12163 14 0.63792
39.1 6.12860 14 0.63822
39.2 6.13654 14 0.63855
39.3 6.14645 14 0.63898
39.4 6.14982 14 0.63913
39.5 6.15903 14 0.63953
39.6 6.16472 14 0.63977
39.7 6.16760 14 0.63990
39.8 6.17761 14 0.64034
39.9 6.18926 14 0.64085
40.0 6.19335 14 0.64103
40.1 6.20508 14 0.64155
40.2 6.20898 14 0.64173
40.3 6.21417 14 0.64196
40.4 6.22222 14 0.64232
40.5 6.22916 14 0.64263
40.6 6.23514 14 0.64290
40.7 6.24644 14 0.64341
40.8 6.24569 14 0.64338
40.9 6.25453 14 0.64378
41.0 6.26626 14 0.64432
41.1 6.27068 14 0.64452
41.2 6.27627 14 0.64478
41.3 6.27998 14 0.64495
41.4 6.28739 14 0.64529
41.5 6.30591 14 0.64615
41.6 6.31115 14 0.64638
41.7 6.32308 14 0.64691
41.8 6.32859 14 0.64715
41.9 6.34090 14 0.64770
42.0 6.34465 14 0.64787
42.1 6.35033 14 0.64812
42.2 6.36114 14 0.64861
42.3 6.37176 14 0.64909
42.4 6.37369 14 0.64917
42.5 6.38205 14 0.64955
42.6 6.39009 14 0.64992
42.7 6.39815 14 0.65028
42.8 6.40621 14 0.65065
42.9 6.41406 14 0.65101
43.0 6.42430 14 0.65149
43.1 6.42509 14 0.65152
43.2 6.43883 14 0.65216
43.3 6.43942 14 0.65219
43.4 6.45188 14 0.65277
43.5 6.45573 14 0.65295
43.6 6.46623 14 0.65344
43.7 6.47555 14 0.65387
43.8 6.48353 14 0.65425
43.9 6.48890 14 0.65450
44.0 6.49461 14 0.65477
44.1 6.49928 14 0.65499
44.2 6.51305 14 0.65564
44.3 6.52173 14 0.65606
44.4 6.52317 14 0.65613
44.5 6.53498 14 0.65669
44.6 6.53224 14 0.65656
44.7 6.54297 14 0.65707
44.8 6.55642 14 0.65772
44.9 6.55761 14 0.65777
45.0 6.56627 14 0.65819
45.1 6.57130 14 0.65843
45.2 6.57418 14 0.65857
45.3 6.58244 14 0.65897
45.4 6.59431 14 0.65954
45.5 6.60430 14 0.66003
45.6 6.60972 14 0.66029
45.7 6.61853 14 0.66072
45.8 6.62389 14 0.66098
45.9 6.63345 14 0.66145
46.0 6.65233 14 0.66238
46.1 6.66089 14 0.66280
46.2 6.66215 14 0.66286
46.3 6.67412 14 0.66345
46.4 6.68651 14 0.66406
46.5 6.69543 14 0.66450
46.6 6.70370 14 0.66491
46.7 6.70657 14 0.66506
46.8 6.71432 14 0.66544
46.9 6.71680 14 0.66556
47.0 6.72457 14 0.66595
47.1 6.73109 14 0.66628
47.2 6.73520 14 0.66648
47.3 6.74740 14 0.66709
47.4 6.76066 14 0.66776
47.5 6.76233 14 0.66784
47.6 6.76339 14 0.66789
47.7 6.78264 14 0.66886
47.8 6.78202 14 0.66883
47.9 6.79174 14 0.66932
48.0 6.80587 14 0.67003
48.1 6.81080 14 0.67028
48.2 6.80594 14 0.67004
48.3 6.78619 14 0.66904
48.4 6.77646 14 0.66855
48.5 6.73704 14 0.66657
48.6 6.72237 14 0.66584
48.7 6.72107 14 0.66578
48.8 6.70566 14 0.66501
48.9 6.69297 14 0.66438
49.0 6.68729 14 0.66410
49.1 6.67696 14 0.66359
49.2 6.66261 14 0.66288
49.3 6.65875 14 0.66269
49.4 6.65099 14 0.66231
49.5 6.63816 14 0.66168
49.6 6.61610 14 0.66060
49.7 6.61227 14 0.66042
49.8 6.60996 14 0.66030
49.9 6.60741 14 0.66018
50.0 6.59652 14 0.65965
50.1 6.59500 14 0.65958
50.2 6.59342 14 0.65950
50.3 6.59175 14 0.65942
50.4 6.58997 14 0.65933
50.5 6.58805 14 0.65924
50.6 6.58583 14 0.65913
50.7 6.58248 14 0.65897
50.8 6.57830 14 0.65877
50.9 6.57874 14 0.65879
51.0 6.56892 14 0.65832
51.1 6.57585 14 0.65865
51.2 6.56858 14 0.65830
51.3 6.56720 14 0.65823
51.4 6.56744 14 0.65825
51.5 6.56331 14 0.65805
51.6 6.56534 14 0.65814
51.7 6.54777 14 0.65730
51.8 6.53656 14 0.65676
51.9 6.54755 14 0.65729
52.0 6.55215 14 0.65751
52.1 6.53599 14 0.65674
52.2 6.54899 14 0.65736
52.3 6.53685 14 0.65678
52.4 6.53520 14 0.65670
52.5 6.53345 14 0.65662
52.6 6.53336 14 0.65661
52.7 6.54560 14 0.65720
52.8 6.55700 14 0.65774
52.9 6.56770 14 0.65826
53.0 6.57924 14 0.65881
53.1 6.58809 14 0.65924
53.2 6.59944 14 0.65979
53.3 6.61196 14 0.66040
53.4 6.63025 14 0.66129
53.5 6.65974 14 0.66274
53.6 6.67517 14 0.66350
53.7 6.70272 14 0.66486
53.8 6.71428 14 0.66544
53.9 6.73980 14 0.66671
54.0 6.74139 14 0.66679
54.1 6.75794 14 0.66762
54.2 6.76751 14 0.66810
54.3 6.79565 14 0.66952
54.4 6.81265 14 0.67038
54.5 6.83285 14 0.67140
54.6 6.84421 14 0.67198
54.7 6.85645 14 0.67261
54.8 6.86739 14 0.67317
54.9 6.88062 14 0.67384
55.0 6.88514 14 0.67407
55.1 6.89538 14 0.67460
55.2 6.91628 14 0.67567
55.3 6.93618 14 0.67670
55.4 6.95405 14 0.67762
55.5 6.95459 14 0.67765
55.6 6.98035 14 0.67899
55.7 7.00393 14 0.68021
55.8 7.03215 14 0.68168
55.9 7.05202 14 0.68272
56.0 7.06860 14 0.68359
56.1 7.08838 14 0.68462
56.2 7.10539 14 0.68552
56.3 7.12198 14 0.68639
56.4 7.14691 14 0.68771
56.5 7.17239 14 0.68905
56.6 7.18071 14 0.68949
56.7 7.19265 14 0.69012
56.8 7.20660 14 0.69086
56.9 7.22084 14 0.69162
57.0 7.22110 14 0.69163
57.1 7.23466 14 0.69235
57.2 7.24715 14 0.69302
57.3 7.25835 14 0.69361
57.4 7.27700 14 0.69461
57.5 7.30154 14 0.69592
57.6 7.32058 14 0.69694
57.7 7.35389 14 0.69873
57.8 7.37882 14 0.70006
57.9 7.39555 14 0.70096
58.0 7.42249 14 0.70241
58.1 7.44030 14 0.70337
58.2 7.45871 14 0.70437
58.3 7.48043 14 0.70554
58.4 7.49262 14 0.70620
58.5 7.49317 14 0.70623
58.6 7.52543 14 0.70797
58.7 7.53394 14 0.70843
58.8 7.56525 14 0.71013
58.9 7.57380 14 0.71060
59.0 7.59059 14 0.71151
59.1 7.60554 14 0.71232
59.2 7.61927 14 0.71306
59.3 7.63265 14 0.71379
59.4 7.64546 14 0.71449
59.5 7.66230 14 0.71540
59.6 7.68877 14 0.71684
59.7 7.70724 14 0.71785
59.8 7.72795 14 0.71898
59.9 7.76590 14 0.72105
60.0 7.75801 14 0.72062
60.1 7.78176 14 0.72192
60.2 7.80808 14 0.72335
60.3 7.82658 14 0.72437
60.4 7.85693 14 0.72603
60.5 7.87785 14 0.72718
60.6 7.89573 14 0.72816
60.7 7.91617 14 0.72928
60.8 7.92502 14 0.72976
60.9 7.97089 14 0.73228
61.0 7.97736 14 0.73264
61.1 8.00633 14 0.73423
61.2 8.02028 14 0.73499
61.3 8.03407 14 0.73575
61.4 8.04521 14 0.73636
61.5 8.04706 14 0.73646
61.6 8.05327 14 0.73680
61.7 8.07630 14 0.73807
61.8 8.09012 14 0.73883
61.9 8.11204 14 0.74004
62.0 8.13717 14 0.74142
62.1 8.16165 14 0.74276
62.2 8.17343 14 0.74341
62.3 8.21159 14 0.74551
62.4 8.24300 14 0.74724
62.5 8.26515 14 0.74846
62.6 8.28829 14 0.74973
62.7 8.31906 14 0.75143
62.8 8.33243 14 0.75216
62.9 8.36296 14 0.75384
63.0 8.35136 14 0.75320
63.1 8.37792 14 0.75467
63.2 8.38615 14 0.75512
63.3 8.41268 14 0.75658
63.4 8.45601 14 0.75897
63.5 8.46681 14 0.75956
63.6 8.49051 14 0.76087
63.7 8.50251 14 0.76153
63.8 8.52467 14 0.76275
63.9 8.54023 14 0.76361
64.0 8.55507 14 0.76442
64.1 8.56269 14 0.76484
64.2 8.57887 14 0.76574
64.3 8.59835 14 0.76681
64.4 8.63792 14 0.76899
64.5 8.66423 14 0.77044
64.6 8.65177 14 0.76975
64.7 8.68015 14 0.77131
64.8 8.70299 14 0.77257
64.9 8.72543 14 0.77381
65.0 8.76255 14 0.77585
65.1 8.79179 14 0.77746
65.2 8.81748 14 0.77887
65.3 8.83234 14 0.77969
65.4 8.86734 14 0.78161
65.5 8.88960 14 0.78284
65.6 8.90571 14 0.78372
65.7 8.93326 14 0.78524
65.8 8.95527 14 0.78644
65.9 9.00112 14 0.78896
66.0 9.00401 14 0.78912
66.1 9.04189 14 0.79120
66.2 9.00630 14 0.78924
66.3 9.03915 14 0.79105
66.4 9.05223 14 0.79176
66.5 9.08072 14 0.79333
66.6 9.08599 14 0.79362
66.7 9.11449 14 0.79518
66.8 9.12769 14 0.79590
66.9 9.14244 14 0.79671
67.0 9.17022 14 0.79823
67.1 9.19976 14 0.79985
67.2 9.22009 14 0.80096
67.3 9.25706 14 0.80299
67.4 9.28221 14 0.80436
67.5 9.30579 14 0.80565
67.6 9.34335 14 0.80771
67.7 9.37337 14 0.80935
67.8 9.34476 14 0.80778
67.9 9.31751 14 0.80629
68.0 9.35176 14 0.80817
68.1 9.37937 14 0.80967
68.2 9.41260 14 0.81149
68.3 9.44402 14 0.81320
68.4 9.46966 14 0.81460
68.5 9.49396 14 0.81593
68.6 9.51422 14 0.81703
68.7 9.53769 14 0.81831
68.8 9.54662 14 0.81880
68.9 9.57576 14 0.82038
69.0 9.61388 14 0.82246
69.1 9.62601 14 0.82312
69.2 9.66155 14 0.82505
69.3 9.67717 14 0.82590
69.4 9.70056 14 0.82717
69.5 9.68953 14 0.82657
69.6 9.70325 14 0.82732
69.7 9.72472 14 0.82848
69.8 9.74291 14 0.82947
69.9 9.75789 14 0.83028
70.0 9.77516 14 0.83122
70.1 9.80449 14 0.83281
70.2 9.83771 14 0.83461
70.3 9.86841 14 0.83627
70.4 9.89120 14 0.83750
70.5 9.92322 14 0.83923
70.6 9.94880 14 0.84062
70.7 9.97016 14 0.84177
70.8 10.01144 14 0.84400
70.9 10.04220 14 0.84566
71.0 10.06715 14 0.84700
71.1 10.10469 14 0.84902
71.2 10.08301 14 0.84786
71.3 10.10309 14 0.84894
71.4 10.13538 14 0.85068
71.5 10.15815 14 0.85190
71.6 10.18910 14 0.85357
71.7 10.20740 14 0.85455
71.8 10.23346 14 0.85596
71.9 10.25442 14 0.85708
72.0 10.26119 14 0.85745
72.1 10.30729 14 0.85992
72.2 10.33179 14 0.86123
72.3 10.36773 14 0.86316
72.4 10.38430 14 0.86405
72.5 10.40303 14 0.86505
72.6 10.41624 14 0.86576
72.7 10.43118 14 0.86656
72.8 10.45921 14 0.86806
72.9 10.44471 14 0.86728
73.0 10.46329 14 0.86827
73.1 10.48114 14 0.86923
73.2 10.50740 14 0.87063
73.3 10.54287 14 0.87253
73.4 10.56891 14 0.87391
73.5 10.60857 14 0.87603
73.6 10.63074 14 0.87721
73.7 10.66331 14 0.87894
73.8 10.68838 14 0.88027
73.9 10.70368 14 0.88109
74.0 10.75198 14 0.88365
74.1 10.79050 14 0.88570
74.2 10.82581 14 0.88757
74.3 10.85553 14 0.88914
74.4 10.88681 14 0.89080
74.5 10.91392 14 0.89223
74.6 10.93858 14 0.89354
74.7 10.91656 14 0.89237
74.8 10.94041 14 0.89363
74.9 10.96377 14 0.89487
75.0 10.98004 14 0.89573
75.1 11.00771 14 0.89719
75.2 11.03089 14 0.89841
75.3 11.04960 14 0.89939
75.4 11.09147 14 0.90160
75.5 11.13520 14 0.90390
75.6 11.14458 14 0.90439
75.7 11.16738 14 0.90559
75.8 11.18649 14 0.90660
75.9 11.20399 14 0.90752
76.0 11.21564 14 0.90813
76.1 11.23313 14 0.90905
76.2 11.25269 14 0.91007
76.3 11.29283 14 0.91218
76.4 11.25262 14 0.91007
76.5 11.29255 14 0.91217
76.6 11.33043 14 0.91415
76.7 11.36372 14 0.91589
76.8 11.38632 14 0.91708
76.9 11.42978 14 0.91935
77.0 11.44245 14 0.92001
77.1 11.47696 14 0.92181
77.2 11.50404 14 0.92322
77.3 11.54134 14 0.92517
77.4 11.58197 14 0.92728
77.5 11.61655 14 0.92908
77.6 11.64422 14 0.93052
77.7 11.68990 14 0.93289
77.8 11.70764 14 0.93381
77.9 11.73980 14 0.93548
78.0 11.76061 14 0.93656
78.1 11.80287 14 0.93874
78.2 11.81366 14 0.93930
78.3 11.80005 14 0.93860
78.4 11.81324 14 0.93928
78.5 11.84479 14 0.94091
78.6 11.86804 14 0.94211
78.7 11.88976 14 0.94323
78.8 11.90077 14 0.94380
78.9 11.95734 14 0.94672
79.0 11.96773 14 0.94726
79.1 12.01965 14 0.94993
79.2 12.02814 14 0.95037
79.3 12.04066 14 0.95101
79.4 12.06883 14 0.95246
79.5 12.09642 14 0.95387
79.6 12.11735 14 0.95495
79.7 12.13775 14 0.95600
79.8 12.14890 14 0.95657
79.9 12.19143 14 0.95875
80.0 12.23131 14 0.96079
80.1 12.26033 14 0.96227
80.2 12.21313 14 0.95986
80.3 12.25226 14 0.96186
80.4 12.29860 14 0.96423
80.5 12.32422 14 0.96554
80.6 12.36274 14 0.96750
80.7 12.39295 14 0.96904
80.8 12.42216 14 0.97053
80.9 12.45060 14 0.97198
81.0 12.47623 14 0.97329
81.1 12.51670 14 0.97534
81.2 12.54994 14 0.97703
81.3 12.60259 14 0.97971
81.4 12.59868 14 0.97951
81.5 12.61419 14 0.98030
81.6 12.64573 14 0.98189
81.7 12.67463 14 0.98336
81.8 12.74189 14 0.98676
81.9 12.77843 14 0.98861
82.0 12.79291 14 0.98934
82.1 12.76982 14 0.98817
82.2 12.78495 14 0.98894
82.3 12.81404 14 0.99040
82.4 12.83850 14 0.99164
82.5 12.86075 14 0.99276
82.6 12.87172 14 0.99331
82.7 12.92839 14 0.99616
82.8 12.93375 14 0.99643
82.9 12.98895 14 0.99921
83.0 13.00714 14 1.00000
83.1 13.01108 14 1.00000
83.2 13.02033 14 1.00000
83.3 13.02852 14 1.00000
83.4 13.03766 14 1.00000
83.5 13.04704 14 1.00000
83.6 13.05745 14 1.00000
83.7 13.07049 14 1.00000
83.8 13.08698 14 1.00000
83.9 13.10024 14 1.00000
84.0 13.11045 14 1.00000
84.1 13.09647 14 1.00000
84.2 13.11097 14 1.00000
84.3 13.12242 14 1.00000
84.4 13.13756 14 1.00000
84.5 13.14546 14 1.00000
84.6 13.16161 14 1.00000
84.7 13.17414 14 1.00000
84.8 13.18501 14 1.00000
84.9 13.19327 14 1.00000
85.0 13.20625 14 1.00000
85.1 13.22394 14 1.00000
85.2 13.24523 14 1.00000
85.3 13.24280 14 1.00000
85.4 13.24821 14 1.00000
85.5 13.26105 14 1.00000
85.6 13.27267 14 1.00000
85.7 13.28334 14 1.00000
85.8 13.30035 14 1.00000
85.9 13.31178 14 1.00000
86.0 13.33560 14 1.00000
86.1 13.30501 14 1.00000
86.2 13.33075 14 1.00000
86.3 13.33557 14 1.00000
86.4 13.34733 14 1.00000
86.5 13.35647 14 1.00000
86.6 13.36467 14 1.00000
86.7 13.36955 14 1.00000
86.8 13.38914 14 1.00000
86.9 13.38962 14 1.00000
87.0 13.41453 14 1.00000
87.1 13.42448 14 1.00000
87.2 13.43066 14 1.00000
87.3 13.43911 14 1.00000
87.4 13.44840 14 1.00000
87.5 13.45686 14 1.00000
87.6 13.46492 14 1.00000
87.7 13.47086 14 1.00000
87.8 13.48058 14 1.00000
87.9 13.49679 14 1.00000
88.0 13.50995 14 1.00000
88.1 13.52410 14 1.00000
88.2 13.50387 14 1.00000
88.3 13.51749 14 1.00000
88.4 13.52633 14 1.00000
88.5 13.54599 14 1.00000
88.6 13.55615 14 1.00000
88.7 13.57193 14 1.00000
88.8 13.57736 14 1.00000
88.9 13.59139 14 1.00000
89.0 13.60350 14 1.00000
89.1 13.61283 14 1.00000
89.2 13.62872 14 1.00000
89.3 13.63874 14 1.00000
89.4 13.66319 14 1.00000
89.5 13.65963 14 1.00000
89.6 13.66709 14 1.00000
89.7 13.67845 14 1.00000
89.8 13.69324 14 1.00000
89.9 13.70488 14 1.00000
90.0 13.71393 14 1.00000
90.1 13.72023 14 1.00000
90.2 13.73862 14 1.00000
90.3 13.71465 14 1.00000
90.4 13.72181 14 1.00000
90.5 13.73947 14 1.00000
90.6 13.74999 14 1.00000
90.7 13.77549 14 1.00000
90.8 13.78405 14 1.00000
90.9 13.78560 14 1.00000
91.0 13.79632 14 1.00000
91.1 13.80799 14 1.00000
91.2 13.81682 14 1.00000
91.3 13.83073 14 1.00000
91.4 13.83875 14 1.00000
91.5 13.86053 14 1.00000
91.6 13.85962 14 1.00000
91.7 13.86649 14 1.00000
91.8 13.87884 14 1.00000
91.9 13.88949 14 1.00000
92.0 13.89826 14 1.00000
92.1 13.90619 14 1.00000
92.2 13.90700 14 1.00000
92.3 13.92738 14 1.00000
92.4 13.94217 14 1.00000
92.5 13.90798 14 1.00000
92.6 13.92614 14 1.00000
92.7 13.94081 14 1.00000
92.8 13.95447 14 1.00000
92.9 13.96301 14 1.00000
93.0 13.98228 14 1.00000
93.1 13.99450 14 1.00000
93.2 14.00470 14 1.00000
93.3 14.02083 14 1.00000
93.4 14.03416 14 1.00000
93.5 14.03880 14 1.00000
93.6 14.05125 14 1.00000
93.7 14.06076 14 1.00000
93.8 14.07820 14 1.00000
93.9 14.08728 14 1.00000
94.0 14.09026 14 1.00000
94.1 14.10334 14 1.00000
94.2 14.11224 14 1.00000
94.3 14.12415 14 1.00000
94.4 14.13890 14 1.00000
94.5 14.14394 14 1.00000
94.6 14.15489 14 1.00000
94.7 14.17183 14 1.00000
94.8 14.14095 14 1.00000
94.9 14.15259 14 1.00000
95.0 14.16949 14 1.00000
95.1 14.17783 14 1.00000
95.2 14.18307 14 1.00000
95.3 14.19922 14 1.00000
95.4 14.20910 14 1.00000
95.5 14.23740 14 1.00000
95.6 14.23898 14 1.00000
95.7 14.24866 14 1.00000
95.8 14.25941 14 1.00000
95.9 14.26763 14 1.00000
96.0 14.26939 14 1.00000
96.1 14.28432 14 1.00000
96.2 14.29655 14 1.00000
96.3 14.31694 14 1.00000
96.4 14.32628 14 1.00000
96.5 14.33249 14 1.00000
96.6 14.33943 14 1.00000
96.7 14.34098 14 1.00000
96.8 14.35448 14 1.00000
96.9 14.35160 14 1.00000
97.0 14.36469 14 1.00000
97.1 14.35271 14 1.00000
97.2 14.35448 14 1.00000
97.3 14.36336 14 1.00000
97.4 14.37084 14 1.00000
97.5 14.37511 14 1.00000
97.6 14.39218 14 1.00000
97.7 14.40669 14 1.00000
97.8 14.42077 14 1.00000
97.9 14.43248 14 1.00000
98.0 14.43868 14 1.00000
98.1 14.46057 14 1.00000
98.2 14.47185 14 1.00000
98.3 14.48696 14 1.00000
98.4 14.49948 14 1.00000
98.5 14.51291 14 1.00000
98.6 14.52028 14 1.00000
98.7 14.52735 14 1.00000
98.8 14.54010 14 1.00000
98.9 14.55580 14 1.00000
99.0 14.56525 14 1.00000
99.1 14.56687 14 1.00000
99.2 14.57395 14 1.00000
99.3 14.57891 14 1.00000
99.4 14.59269 14 1.00000
99.5 14.57485 14 1.00000
99.6 14.57869 14 1.00000
99.7 14.58486 14 1.00000
99.8 14.59738 14 1.00000
99.9 14.60889 14 1.00000
100.0 14.61980 14 1.00000
100.1 14.63034 14 1.00000
100.2 14.64077 14 1.00000
100.3 14.65093 14 1.00000
100.4 14.66044 14 1.00000
100.5 14.67358 14 1.00000
100.6 14.68392 14 1.00000
100.7 14.69294 14 1.00000
100.8 14.69992 14 1.00000
100.9 14.72737 14 1.00000
101.0 14.73835 14 1.00000
101.1 14.74484 14 1.00000
101.2 14.74567 14 1.00000
101.3 14.75955 14 1.00000
101.4 14.76731 14 1.00000
101.5 14.77444 14 1.00000
101.6 14.78525 14 1.00000
101.7 14.81275 14 1.00000
101.8 14.81730 14 1.00000
101.9 14.82313 14 1.00000
102.0 14.78502 14 1.00000
102.1 14.81385 14 1.00000
102.2 14.81704 14 1.00000
102.3 14.82356 14 1.00000
102.4 14.83132 14 1.00000
102.5 14.83350 14 1.00000
102.6 14.84531 14 1.00000
102.7 14.85460 14 1.00000
102.8 14.85513 14 1.00000
102.9 14.86850 14 1.00000
103.0 14.88004 14 1.00000
103.1 14.88961 14 1.00000
103.2 14.91069 14 1.00000
103.3 14.92371 14 1.00000
103.4 14.93222 14 1.00000
103.5 14.95012 14 1.00000
103.6 14.96431 14 1.00000
103.7 14.97559 14 1.00000
103.8 14.99121 14 1.00000
103.9 15.00121 14 1.00000
104.0 14.98731 14 1.00000
104.1 15.00077 14 1.00000
104.2 15.01228 14 1.00000
104.3 15.02238 14 1.00000
104.4 15.03125 14 1.00000
104.5 15.03820 14 1.00000
104.6 15.01210 14 1.00000
104.7 15.02213 14 1.00000
104.8 15.03097 14 1.00000
104.9 15.03796 14 1.00000
105.0 15.07403 14 1.00000
105.1 15.08358 14 1.00000
105.2 15.09199 14 1.00000
105.3 15.08788 14 1.00000
105.4 15.09889 14 1.00000
105.5 15.10943 14 1.00000
105.6 15.11979 14 1.00000
105.7 15.12996 14 1.00000
105.8 15.14017 14 1.00000
105.9 15.15034 14 1.00000
106.0 15.16041 14 1.00000
106.1 15.17023 14 1.00000
106.2 15.17980 14 1.00000
106.3 15.18821 14 1.00000
106.4 15.20112 14 1.00000
106.5 15.20808 14 1.00000
106.6 15.21194 14 1.00000
106.7 15.24340 14 1.00000
106.8 15.25558 14 1.00000
106.9 15.26176 14 1.00000
107.0 15.26372 14 1.00000
107.1 15.27568 14 1.00000
107.2 15.25398 14 1.00000
107.3 15.25169 14 1.00000
107.4 15.26543 14 1.00000
107.5 15.27373 14 1.00000
107.6 15.27499 14 1.00000
107.7 15.28896 14 1.00000
107.8 15.29877 14 1.00000
107.9 15.30040 14 1.00000
108.0 15.33163 14 1.00000
108.1 15.33446 14 1.00000
108.2 15.34142 14 1.00000
108.3 15.34921 14 1.00000
108.4 15.34921 14 1.00000
108.5 15.36410 14 1.00000
108.6 15.37147 14 1.00000
108.7 15.37658 14 1.00000
108.8 15.38677 14 1.00000
108.9 15.39552 14 1.00000
109.0 15.40445 14 1.00000
109.1 15.42521 14 1.00000
109.2 15.43703 14 1.00000
109.3 15.44248 14 1.00000
109.4 15.46410 14 1.00000
109.5 15.47806 14 1.00000
109.6 15.49057 14 1.00000
109.7 15.50494 14 1.00000
109.8 15.49220 14 1.00000
109.9 15.46620 14 1.00000
110.0 15.48394 14 1.00000
110.1 15.49923 14 1.00000
110.2 15.48989 14 1.00000
110.3 15.49258 14 1.00000
110.4 15.50706 14 1.00000
110.5 15.52091 14 1.00000
110.6 15.53254 14 1.00000
110.7 15.53732 14 1.00000
110.8 15.54753 14 1.00000
110.9 15.55680 14 1.00000
111.0 15.57185 14 1.00000
111.1 15.57947 14 1.00000
111.2 15.58491 14 1.00000
111.3 15.59053 14 1.00000
111.4 15.60791 14 1.00000
111.5 15.62206 14 1.00000
111.6 15.63217 14 1.00000
111.7 15.63445 14 1.00000
111.8 15.64509 14 1.00000
111.9 15.65656 14 1.00000
112.0 15.66667 14 1.00000
112.1 15.67546 14 1.00000
112.2 15.68358 14 1.00000
112.3 15.69596 14 1.00000
112.4 15.71058 14 1.00000
112.5 15.72008 14 1.00000
112.6 15.72910 14 1.00000
112.7 15.73738 14 1.00000
112.8 15.70047 14 1.00000
112.9 15.71296 14 1.00000
113.0 15.72230 14 1.00000
113.1 15.73110 14 1.00000
113.2 15.73890 14 1.00000
113.3 15.74372 14 1.00000
113.4 15.75179 14 1.00000
113.5 15.76641 14 1.00000
113.6 15.79410 14 1.00000
113.7 15.64294 14 1.00000
113.8 15.65453 14 1.00000
113.9 15.66577 14 1.00000
114.0 15.67456 14 1.00000
114.1 15.68197 14 1.00000
114.2 15.69372 14 1.00000
114.3 15.71035 14 1.00000
114.4 15.71972 14 1.00000
114.5 15.72863 14 1.00000
114.6 15.73787 14 1.00000
114.7 15.74323 14 1.00000
114.8 15.75147 14 1.00000
114.9 15.76606 14 1.00000
115.0 15.79252 14 1.00000
115.1 15.64252 14 1.00000
115.2 15.65563 14 1.00000
115.3 15.66670 14 1.00000
115.4 15.67533 14 1.00000
115.5 15.68538 14 1.00000
115.6 15.69968 14 1.00000
115.7 15.65548 14 1.00000
115.8 15.66648 14 1.00000
115.9 15.67506 14 1.00000
116.0 15.68510 14 1.00000
116.1 15.69874 14 1.00000
116.2 15.71188 14 1.00000
116.3 15.72236 14 1.00000
116.4 15.73100 14 1.00000
116.5 15.73959 14 1.00000
116.6 15.75233 14 1.00000
116.7 15.75197 14 1.00000
116.8 15.76954 14 1.00000
116.9 15.80107 14 1.00000
117.0 15.64825 14 1.00000
117.1 15.66039 14 1.00000
117.2 15.67189 14 1.00000
117.3 15.67968 14 1.00000
117.4 15.69053 14 1.00000
117.5 15.70951 14 1.00000
117.6 15.71874 14 1.00000
117.7 15.72878 14 1.00000
117.8 15.73882 14 1.00000
117.9 15.74363 14 1.00000
118.0 15.75190 14 1.00000
118.1 15.76966 14 1.00000
118.2 15.63793 14 1.00000
118.3 15.64997 14 1.00000
118.4 15.66294 14 1.00000
118.5 15.67313 14 1.00000
118.6 15.68164 14 1.00000
118.7 15.79579 14 1.00000
118.8 15.64467 14 1.00000
118.9 15.65865 14 1.00000
119.0 15.66910 14 1.00000
119.1 15.67929 14 1.00000
119.2 15.68959 14 1.00000
119.3 15.70878 14 1.00000
119.4 15.71922 14 1.00000
119.5 15.72913 14 1.00000
119.6 15.73989 14 1.00000
119.7 15.75100 14 1.00000
119.8 15.75198 14 1.00000
119.9 15.77220 14 1.00000
120.0 15.63982 14 1.00000
120.1 15.65578 14 1.00000
120.2 15.66657 14 1.00000
120.3 15.67829 14 1.00000
120.4 15.68764 14 1.00000
120.5 15.70879 14 1.00000
120.6 15.71922 14 1.00000
120.7 15.72911 14 1.00000
120.8 15.74070 14 1.00000
120.9 15.75138 14 1.00000
121.0 15.76448 14 1.00000
121.1 15.78903 14 1.00000
121.2 15.64468 14 1.00000
121.3 15.66009 14 1.00000
121.4 15.67260 14 1.00000
121.5 15.68571 14 1.00000
121.6 15.70011 14 1.00000
121.7 15.71758 14 1.00000
121.8 15.72769 14 1.00000
121.9 15.66599 14 1.00000
122.0 15.67774 14 1.00000
122.1 15.68825 14 1.00000
122.2 15.70911 14 1.00000
122.3 15.72060 14 1.00000
122.4 15.73153 14 1.00000
122.5 15.74202 14 1.00000
122.6 15.75133 14 1.00000
122.7 15.76910 14 1.00000
122.8 15.64030 14 1.00000
122.9 15.65482 14 1.00000
123.0 15.66798 14 1.00000
123.1 15.67933 14 1.00000
123.2 15.69321 14 1.00000
123.3 15.71480 14 1.00000
123.4 15.72608 14 1.00000
123.5 15.74001 14 1.00000
123.6 15.75136 14 1.00000
123.7 15.76676 14 1.00000
123.8 15.63864 14 1.00000
123.9 15.65474 14 1.00000
124.0 15.66901 14 1.00000
124.1 15.68101 14 1.00000
124.2 15.69924 14 1.00000
124.3 15.71929 14 1.00000
124.4 15.73353 14 1.00000
124.5 15.74296 14 1.00000
124.6 15.75691 14 1.00000
124.7 15.79326 14 1.00000
124.8 15.65459 14 1.00000
124.9 15.67111 14 1.00000
125.0 15.68662 14 1.00000
125.1 15.70863 14 1.00000
125.2 15.76149 14 1.00000
125.3 15.79477 14 1.00000
125.4 15.65477 14 1.00000
125.5 15.67117 14 1.00000
125.6 15.68660 14 1.00000
125.7 15.70849 14 1.00000
125.8 15.72445 14 1.00000
125.9 15.74026 14 1.00000
126.0 15.75184 14 1.00000
126.1 15.77339 14 1.00000
126.2 15.65555 14 1.00000
126.3 15.67363 14 1.00000
126.4 15.69308 14 1.00000
126.5 15.72321 14 1.00000
126.6 15.73945 14 1.00000
126.7 15.75132 14 1.00000
126.8 15.77227 14 1.00000
126.9 15.65427 14 1.00000
127.0 15.67268 14 1.00000
127.1 15.69144 14 1.00000
127.2 15.73909 14 1.00000
127.3 15.75149 14 1.00000
127.4 15.77155 14 1.00000
127.5 15.65052 14 1.00000
127.6 15.66972 14 1.00000
127.7 15.68983 14 1.00000
127.8 15.71996 14 1.00000
127.9 15.73609 14 1.00000
128.0 15.75113 14 1.00000
128.1 15.77013 14 1.00000
128.2 15.64265 14 1.00000
128.3 15.66626 14 1.00000
128.4 15.68684 14 1.00000
128.5 15.73547 14 1.00000
128.6 15.75111 14 1.00000
128.7 15.76921 14 1.00000
128.8 15.64127 14 1.00000
128.9 15.66513 14 1.00000
129.0 15.68184 14 1.00000
129.1 15.71433 14 1.00000
129.2 15.72941 14 1.00000
129.3 15.74297 14 1.00000
129.4 15.76323 14 1.00000
129.5 15.63959 14 1.00000
129.6 15.66345 14 1.00000
129.7 15.67910 14 1.00000
129.8 15.72761 14 1.00000
129.9 15.74254 14 1.00000
130.0 15.75644 14 1.00000
130.1 15.63919 14 1.00000
130.2 15.65733 14 1.00000
130.3 15.67601 14 1.00000
130.4 15.70159 14 1.00000
130.5 15.72458 14 1.00000
130.6 15.74027 14 1.00000
130.7 15.75182 14 1.00000
130.8 15.77318 14 1.00000
130.9 15.65517 14 1.00000
131.0 15.67323 14 1.00000
131.1 15.69268 14 1.00000
131.2 15.73950 14 1.00000
131.3 15.75154 14 1.00000
131.4 15.77183 14 1.00000
131.5 15.65067 14 1.00000
131.6 15.66969 14 1.00000
131.7 15.68986 14 1.00000
131.8 15.71993 14 1.00000
131.9 15.73593 14 1.00000
132.0 15.75152 14 1.00000
132.1 15.76961 14 1.00000
132.2 15.64175 14 1.00000
132.3 15.66542 14 1.00000
132.4 15.68640 14 1.00000
132.5 15.73361 14 1.00000
132.6 15.74326 14 1.00000
132.7 15.76516 14 1.00000
132.8 15.63983 14 1.00000
132.9 15.66363 14 1.00000
133.0 15.67908 14 1.00000
133.1 15.70490 14 1.00000
133.2 15.72589 14 1.00000
133.3 15.74103 14 1.00000
133.4 15.75197 14 1.00000
133.5 15.79168 14 1.00000
133.6 15.65624 14 1.00000
133.7 15.67426 14 1.00000
133.8 15.72443 14 1.00000
133.9 15.74004 14 1.00000
134.0 15.75146 14 1.00000
134.1 15.77244 14 1.00000
134.2 15.65131 14 1.00000
134.3 15.67228 14 1.00000
134.4 15.69068 14 1.00000
134.5 15.72035 14 1.00000
134.6 15.73620 14 1.00000
134.7 15.75171 14 1.00000
134.8 15.76972 14 1.00000
134.9 15.64176 14 1.00000
135.0 15.66554 14 1.00000
135.1 15.68641 14 1.00000
135.2 15.73353 14 1.00000
135.3 15.74319 14 1.00000
135.4 15.76411 14 1.00000
135.5 15.63956 14 1.00000
135.6 15.65839 14 1.00000
135.7 15.67876 14 1.00000
135.8 15.70356 14 1.00000
135.9 15.72529 14 1.00000
136.0 15.74060 14 1.00000
136.1 15.75186 14 1.00000
136.2 15.77328 14 1.00000
136.3 15.65505 14 1.00000
136.4 15.67334 14 1.00000
136.5 15.69253 14 1.00000
136.6 15.73929 14 1.00000
136.7 15.75147 14 1.00000
136.8 15.77112 14 1.00000
136.9 15.64345 14 1.00000
137.0 15.66666 14 1.00000
137.1 15.68709 14 1.00000
137.2 15.71682 14 1.00000
137.3 15.73363 14 1.00000
137.4 15.74323 14 1.00000
137.5 15.76443 14 1.00000
137.6 15.63962 14 1.00000
137.7 15.65993 14 1.00000
137.8 15.67915 14 1.00000
137.9 15.72737 14 1.00000
138.0 15.74227 14 1.00000
138.1 15.75194 14 1.00000
138.2 15.78791 14 1.00000
138.3 15.65562 14 1.00000
138.4 15.67365 14 1.00000
138.5 15.69303 14 1.00000
138.6 15.72154 14 1.00000
138.7 15.73885 14 1.00000
138.8 15.75134 14 1.00000
138.9 15.77046 14 1.00000
139.0 15.64270 14 1.00000
139.1 15.66630 14 1.00000
139.2 15.68679 14 1.00000
139.3 15.73391 14 1.00000
139.4 15.74329 14 1.00000
139.5 15.76452 14 1.00000
139.6 15.63954 14 1.00000
139.7 15.65842 14 1.00000
139.8 15.67874 14 1.00000
139.9 15.70319 14 1.00000
140.0 15.72497 14 1.00000
140.1 15.74030 14 1.00000
140.2 15.75152 14 1.00000
140.3 15.77250 14 1.00000
140.4 15.65432 14 1.00000
140.5 15.67262 14 1.00000
140.6 15.69102 14 1.00000
140.7 15.73757 14 1.00000
140.8 15.75118 14 1.00000
140.9 15.76973 14 1.00000
141.0 15.64136 14 1.00000
141.1 15.66515 14 1.00000
141.2 15.68182 14 1.00000
141.3 15.71394 14 1.00000
141.4 15.72766 14 1.00000
141.5 15.74238 14 1.00000
141.6 15.75196 14 1.00000
141.7 15.78830 14 1.00000
141.8 15.65630 14 1.00000
141.9 15.67413 14 1.00000
142.0 15.72398 14 1.00000
142.1 15.73954 14 1.00000
142.2 15.75150 14 1.00000
142.3 15.77107 14 1.00000
142.4 15.64312 14 1.00000
142.5 15.66663 14 1.00000
142.6 15.68688 14 1.00000
142.7 15.71520 14 1.00000
142.8 15.72974 14 1.00000
142.9 15.74290 14 1.00000
143.0 15.75747 14 1.00000
143.1 15.63933 14 1.00000
143.2 15.65768 14 1.00000
143.3 15.67619 14 1.00000
143.4 15.72495 14 1.00000
143.5 15.74015 14 1.00000
143.6 15.75141 14 1.00000
143.7 15.77190 14 1.00000
143.8 15.65046 14 1.00000
143.9 15.66959 14 1.00000
144.0 15.68932 14 1.00000
144.1 15.71713 14 1.00000
144.2 15.73367 14 1.00000
144.3 15.74315 14 1.00000
144.4 15.76290 14 1.00000
144.5 15.64037 14 1.00000
144.6 15.65835 14 1.00000
144.7 15.67664 14 1.00000
144.8 15.72542 14 1.00000
144.9 15.74043 14 1.00000
145.0 15.75151 14 1.00000
145.1 15.77223 14 1.00000
145.2 15.65095 14 1.00000
145.3 15.66992 14 1.00000
145.4 15.68977 14 1.00000
145.5 15.71737 14 1.00000
145.6 15.73385 14 1.00000
145.7 15.74320 14 1.00000
145.8 15.76321 14 1.00000
145.9 15.63946 14 1.00000
146.0 15.65846 14 1.00000
146.1 15.67669 14 1.00000
146.2 15.72542 14 1.00000
146.3 15.74040 14 1.00000
146.4 15.75149 14 1.00000
146.5 15.77209 14 1.00000
146.6 15.65084 14 1.00000
146.7 15.66979 14 1.00000
146.8 15.68949 14 1.00000
146.9 15.71714 14 1.00000
147.0 15.73359 14 1.00000
147.1 15.74308 14 1.00000
147.2 15.75826 14 1.00000
147.3 15.63998 14 1.00000
147.4 15.65804 14 1.00000
147.5 15.67633 14 1.00000
147.6 15.72497 14 1.00000
147.7 15.74007 14 1.00000
147.8 15.75156 14 1.00000
147.9 15.77148 14 1.00000
148.0 15.64557 14 1.00000
148.1 15.66707 14 1.00000
148.2 15.68703 14 1.00000
148.3 15.71524 14 1.00000
148.4 15.72958 14 1.00000
148.5 15.74274 14 1.00000
148.6 15.75200 14 1.00000
148.7 15.79534 14 1.00000
148.8 15.65694 14 1.00000
148.9 15.67440 14 1.00000
149.0 15.72403 14 1.00000
149.1 15.73940 14 1.00000
149.2 15.75142 14 1.00000
149.3 15.77037 14 1.00000
149.4 15.64241 14 1.00000
149.5 15.66585 14 1.00000
149.6 15.68219 14 1.00000
149.7 15.71402 14 1.00000
149.8 15.72745 14 1.00000
149.9 15.74098 14 1.00000
150.0 15.75188 14 1.00000
150.1 15.77334 14 1.00000
150.2 15.65528 14 1.00000
150.3 15.67306 14 1.00000
150.4 15.69122 14 1.00000
150.5 15.73649 14 1.00000
150.6 15.75147 14 1.00000
150.7 15.76664 14 1.00000
150.8 15.64019 14 1.00000
150.9 15.66414 14 1.00000
151.0 15.67919 14 1.00000
151.1 15.70355 14 1.00000
151.2 15.72475 14 1.00000
151.3 15.73989 14 1.00000
151.4 15.75153 14 1.00000
151.5 15.77140 14 1.00000
151.6 15.64569 14 1.00000
151.7 15.66700 14 1.00000
151.8 15.68694 14 1.00000
151.9 15.73372 14 1.00000
152.0 15.74304 14 1.00000
152.1 15.75738 14 1.00000
152.2 15.79554 14 1.00000
152.3 15.65712 14 1.00000
152.4 15.67438 14 1.00000
152.5 15.69356 14 1.00000
152.6 15.72136 14 1.00000
152.7 15.73648 14 1.00000
152.8 15.75144 14 1.00000
152.9 15.76660 14 1.00000
153.0 15.64101 14 1.00000
153.1 15.66453 14 1.00000
153.2 15.67948 14 1.00000
153.3 15.72619 14 1.00000
153.4 15.74074 14 1.00000
153.5 15.75156 14 1.00000
153.6 15.77214 14 1.00000
153.7 15.65126 14 1.00000
153.8 15.66989 14 1.00000
153.9 15.68926 14 1.00000
154.0 15.71674 14 1.00000
154.1 15.72970 14 1.00000
154.2 15.74271 14 1.00000
154.3 15.75195 14 1.00000
154.4 15.79444 14 1.00000
154.5 15.65668 14 1.00000
154.6 15.67402 14 1.00000
154.7 15.69254 14 1.00000
154.8 15.73789 14 1.00000
154.9 15.75191 14 1.00000
155.0 15.76702 14 1.00000
155.1 15.64100 14 1.00000
155.2 15.66470 14 1.00000
155.3 15.67942 14 1.00000
155.4 15.70387 14 1.00000
155.5 15.72475 14 1.00000
155.6 15.73979 14 1.00000
155.7 15.75149 14 1.00000
155.8 15.77134 14 1.00000
155.9 15.64542 14 1.00000
156.0 15.66664 14 1.00000
156.1 15.68662 14 1.00000
156.2 15.72983 14 1.00000
156.3 15.74271 14 1.00000
156.4 15.75196 14 1.00000
156.5 15.78821 14 1.00000
156.6 15.65622 14 1.00000
156.7 15.67353 14 1.00000
156.8 15.69160 14 1.00000
156.9 15.72012 14 1.00000
157.0 15.73417 14 1.00000
157.1 15.74319 14 1.00000
157.2 15.75815 14 1.00000
157.3 15.63958 14 1.00000
157.4 15.65822 14 1.00000
157.5 15.67618 14 1.00000
157.6 15.72445 14 1.00000
157.7 15.73950 14 1.00000
157.8 15.75139 14 1.00000
157.9 15.76992 14 1.00000
158.0 15.64254 14 1.00000
158.1 15.66565 14 1.00000
158.2 15.68174 14 1.00000
158.3 15.70570 14 1.00000
158.4 15.72536 14 1.00000
158.5 15.74013 14 1.00000
158.6 15.75154 14 1.00000
158.7 15.77213 14 1.00000
158.8 15.65087 14 1.00000
158.9 15.66725 14 1.00000
159.0 15.68688 14 1.00000
159.1 15.73225 14 1.00000
159.2 15.74279 14 1.00000
159.3 15.75195 14 1.00000
159.4 15.79318 14 1.00000
159.5 15.65653 14 1.00000
159.6 15.67369 14 1.00000
159.7 15.69173 14 1.00000
159.8 15.72011 14 1.00000
159.9 15.73407 14 1.00000
160.0 15.74311 14 1.00000
160.1 15.75831 14 1.00000
160.2 15.63956 14 1.00000
160.3 15.65807 14 1.00000
160.4 15.67484 14 1.00000
160.5 15.72413 14 1.00000
160.6 15.73921 14 1.00000
160.7 15.75220 14 1.00000
160.8 15.76716 14 1.00000
160.9 15.64207 14 1.00000
161.0 15.66520 14 1.00000
161.1 15.67972 14 1.00000
161.2 15.70407 14 1.00000
161.3 15.72465 14 1.00000
161.4 15.73959 14 1.00000
161.5 15.75140 14 1.00000
161.6 15.77139 14 1.00000
161.7 15.64376 14 1.00000
161.8 15.66630 14 1.00000
161.9 15.68217 14 1.00000
162.0 15.72820 14 1.00000
162.1 15.74117 14 1.00000
162.2 15.75166 14 1.00000
162.3 15.77334 14 1.00000
162.4 15.65523 14 1.00000
162.5 15.67273 14 1.00000
162.6 15.68980 14 1.00000
162.7 15.71562 14 1.00000
162.8 15.72842 14 1.00000
162.9 15.74247 14 1.00000
163.0 15.75195 14 1.00000
163.1 15.79443 14 1.00000
163.2 15.65635 14 1.00000
163.3 15.67341 14 1.00000
163.4 15.69113 14 1.00000
163.5 15.73610 14 1.00000
163.6 15.74342 14 1.00000
163.7 15.76364 14 1.00000
163.8 15.63988 14 1.00000
163.9 15.65865 14 1.00000
164.0 15.67635 14 1.00000
164.1 15.69436 14 1.00000
164.2 15.72145 14 1.00000
164.3 15.73624 14 1.00000
164.4 15.74382 14 1.00000
164.5 15.76694 14 1.00000
164.6 15.64095 14 1.00000
164.7 15.66175 14 1.00000
164.8 15.67689 14 1.00000
164.9 15.72503 14 1.00000
165.0 15.73973 14 1.00000
165.1 15.75141 14 1.00000
165.2 15.77056 14 1.00000
165.3 15.64348 14 1.00000
165.4 15.66601 14 1.00000
165.5 15.68183 14 1.00000
165.6 15.70520 14 1.00000
165.7 15.72501 14 1.00000
165.8 15.73975 14 1.00000
165.9 15.75149 14 1.00000
166.0 15.77191 14 1.00000
166.1 15.64574 14 1.00000
166.2 15.66655 14 1.00000
166.3 15.68233 14 1.00000
166.4 15.72817 14 1.00000
166.5 15.74107 14 1.00000
166.6 15.75164 14 1.00000
166.7 15.78878 14 1.00000
166.8 15.65522 14 1.00000
166.9 15.67250 14 1.00000
167.0 15.68936 14 1.00000
167.1 15.71520 14 1.00000
167.2 15.72800 14 1.00000
167.3 15.74098 14 1.00000
167.4 15.75192 14 1.00000
167.5 15.78904 14 1.00000
167.6 15.65574 14 1.00000
167.7 15.67285 14 1.00000
167.8 15.68985 14 1.00000
167.9 15.73415 14 1.00000
168.0 15.74302 14 1.00000
168.1 15.75795 14 1.00000
168.2 15.64025 14 1.00000
168.3 15.65752 14 1.00000
168.4 15.67422 14 1.00000
168.5 15.69223 14 1.00000
168.6 15.72014 14 1.00000
168.7 15.73270 14 1.00000
168.8 15.74306 14 1.00000
168.9 15.76379 14 1.00000
169.0 15.63961 14 1.00000
169.1 15.65773 14 1.00000
169.2 15.67443 14 1.00000
169.3 15.69250 14 1.00000
169.4 15.73662 14 1.00000
169.5 15.75124 14 1.00000
169.6 15.76673 14 1.00000
169.7 15.64098 14 1.00000
169.8 15.66053 14 1.00000
169.9 15.67680 14 1.00000
170.0 15.69665 14 1.00000
170.1 15.72161 14 1.00000
170.2 15.73639 14 1.00000
170.3 15.75137 14 1.00000
170.4 15.76748 14 1.00000
170.5 15.64128 14 1.00000
170.6 15.66181 14 1.00000
170.7 15.67678 14 1.00000
170.8 15.72473 14 1.00000
170.9 15.73940 14 1.00000
171.0 15.75140 14 1.00000
171.1 15.77051 14 1.00000
171.2 15.64317 14 1.00000
171.3 15.66559 14 1.00000
171.4 15.67977 14 1.00000
171.5 15.70351 14 1.00000
171.6 15.72408 14 1.00000
171.7 15.73925 14 1.00000
171.8 15.75140 14 1.00000
171.9 15.77113 14 1.00000
172.0 15.64313 14 1.00000
172.1 15.66549 14 1.00000
172.2 15.67964 14 1.00000
172.3 15.72580 14 1.00000
172.4 15.74024 14 1.00000
172.5 15.75156 14 1.00000
172.6 15.77204 14 1.00000
172.7 15.65081 14 1.00000
172.8 15.66680 14 1.00000
172.9 15.68230 14 1.00000
173.0 15.70596 14 1.00000
173.1 15.72522 14 1.00000
173.2 15.74014 14 1.00000
173.3 15.75156 14 1.00000
173.4 15.77237 14 1.00000
173.5 15.64591 14 1.00000
173.6 15.66646 14 1.00000
173.7 15.68193 14 1.00000
173.8 15.72766 14 1.00000
173.9 15.74098 14 1.00000
174.0 15.75164 14 1.00000
174.1 15.77313 14 1.00000
174.2 15.65475 14 1.00000
174.3 15.66874 14 1.00000
174.4 15.68685 14 1.00000
174.5 15.71411 14 1.00000
174.6 15.72612 14 1.00000
174.7 15.74069 14 1.00000
174.8 15.75162 14 1.00000
174.9 15.77326 14 1.00000
175.0 15.65152 14 1.00000
175.1 15.66718 14 1.00000
175.2 15.68282 14 1.00000
175.3 15.72853 14 1.00000
175.4 15.74251 14 1.00000
175.5 15.75194 14 1.00000
175.6 15.78856 14 1.00000
175.7 15.65551 14 1.00000
175.8 15.67249 14 1.00000
175.9 15.68747 14 1.00000
176.0 15.71486 14 1.00000
176.1 15.72784 14 1.00000
176.2 15.74109 14 1.00000
176.3 15.75191 14 1.00000
176.4 15.78806 14 1.00000
176.5 15.65489 14 1.00000
176.6 15.66988 14 1.00000
176.7 15.68700 14 1.00000
176.8 15.73016 14 1.00000
176.9 15.74276 14 1.00000
177.0 15.75194 14 1.00000
177.1 15.79435 14 1.00000
177.2 15.65602 14 1.00000
177.3 15.67295 14 1.00000
177.4 15.68949 14 1.00000
177.5 15.71540 14 1.00000
177.6 15.72850 14 1.00000
177.7 15.74252 14 1.00000
177.8 15.75195 14 1.00000
177.9 15.78903 14 1.00000
178.0 15.65527 14 1.00000
178.1 15.67015 14 1.00000
178.2 15.68764 14 1.00000
178.3 15.73267 14 1.00000
178.4 15.74300 14 1.00000
178.5 15.75245 14 1.00000
178.6 15.79693 14 1.00000
178.7 15.65642 14 1.00000
178.8 15.67314 14 1.00000
178.9 15.69007 14 1.00000
179.0 15.71574 14 1.00000
179.1 15.72972 14 1.00000
179.2 15.74263 14 1.00000
179.3 15.75196 14 1.00000
179.4 15.78870 14 1.00000
179.5 15.65541 14 1.00000
179.6 15.67257 14 1.00000
179.7 15.68951 14 1.00000
179.8 15.73287 14 1.00000
179.9 15.74306 14 1.00000
180.0 15.75275 14 1.00000
180.1 15.79761 14 1.00000
180.2 15.65648 14 1.00000
180.3 15.67334 14 1.00000
180.4 15.69036 14 1.00000
180.5 15.71589 14 1.00000
180.6 15.72981 14 1.00000
180.7 15.74266 14 1.00000
180.8 15.75196 14 1.00000
180.9 15.78874 14 1.00000
181.0 15.65560 14 1.00000
181.1 15.67268 14 1.00000
181.2 15.68963 14 1.00000
181.3 15.73405 14 1.00000
181.4 15.74306 14 1.00000
181.5 15.75265 14 1.00000
181.6 15.79624 14 1.00000
181.7 15.65621 14 1.00000
181.8 15.67339 14 1.00000
181.9 15.69039 14 1.00000
182.0 15.71586 14 1.00000
182.1 15.72975 14 1.00000
182.2 15.74261 14 1.00000
182.3 15.75195 14 1.00000
182.4 15.78911 14 1.00000
182.5 15.65559 14 1.00000
182.6 15.67264 14 1.00000
182.7 15.68950 14 1.00000
182.8 15.73279 14 1.00000
182.9 15.74300 14 1.00000
183.0 15.75218 14 1.00000
183.1 15.79461 14 1.00000
183.2 15.65614 14 1.00000
183.3 15.67330 14 1.00000
183.4 15.69016 14 1.00000
183.5 15.71567 14 1.00000
183.6 15.72848 14 1.00000
183.7 15.74249 14 1.00000
183.8 15.75192 14 1.00000
183.9 15.78934 14 1.00000
184.0 15.65541 14 1.00000
184.1 15.67031 14 1.00000
184.2 15.68766 14 1.00000
184.3 15.73253 14 1.00000
184.4 15.74278 14 1.00000
184.5 15.75196 14 1.00000
184.6 15.79355 14 1.00000
184.7 15.65589 14 1.00000
184.8 15.67307 14 1.00000
184.9 15.68970 14 1.00000
185.0 15.71533 14 1.00000
185.1 15.72805 14 1.00000
185.2 15.74107 14 1.00000
185.3 15.75174 14 1.00000
185.4 15.78820 14 1.00000
185.5 15.65201 14 1.00000
185.6 15.66998 14 1.00000
185.7 15.68705 14 1.00000
185.8 15.73000 14 1.00000
185.9 15.74258 14 1.00000
186.0 15.75194 14 1.00000
186.1 15.78935 14 1.00000
186.2 15.65549 14 1.00000
186.3 15.67262 14 1.00000
186.4 15.68758 14 1.00000
186.5 15.71486 14 1.00000
186.6 15.72652 14 1.00000
186.7 15.74088 14 1.00000
186.8 15.75167 14 1.00000
186.9 15.77336 14 1.00000
187.0 15.65154 14 1.00000
187.1 15.66730 14 1.00000
187.2 15.68314 14 1.00000
187.3 15.72855 14 1.00000
187.4 15.74132 14 1.00000
187.5 15.75173 14 1.00000
187.6 15.78855 14 1.00000
187.7 15.65494 14 1.00000
187.8 15.66999 14 1.00000
187.9 15.68691 14 1.00000
188.0 15.71426 14 1.00000
188.1 15.72591 14 1.00000
188.2 15.74061 14 1.00000
188.3 15.75152 14 1.00000
188.4 15.77275 14 1.00000
188.5 15.64619 14 1.00000
188.6 15.66670 14 1.00000
188.7 15.68197 14 1.00000
188.8 15.72772 14 1.00000
188.9 15.74092 14 1.00000
189.0 15.75163 14 1.00000
189.1 15.77289 14 1.00000
189.2 15.65138 14 1.00000
189.3 15.66704 14 1.00000
189.4 15.68262 14 1.00000
189.5 15.70631 14 1.00000
189.6 15.72542 14 1.00000
189.7 15.74013 14 1.00000
189.8 15.75156 14 1.00000
189.9 15.77203 14 1.00000
190.0 15.64386 14 1.00000
190.1 15.66599 14 1.00000
190.2 15.67981 14 1.00000
190.3 15.72616 14 1.00000
190.4 15.74057 14 1.00000
190.5 15.75156 14 1.00000
190.6 15.77190 14 1.00000
190.7 15.64439 14 1.00000
190.8 15.66621 14 1.00000
190.9 15.68016 14 1.00000
191.0 15.70492 14 1.00000
191.1 15.72483 14 1.00000
191.2 15.73957 14 1.00000
191.3 15.75143 14 1.00000
191.4 15.77121 14 1.00000
191.5 15.64270 14 1.00000
191.6 15.66484 14 1.00000
191.7 15.67926 14 1.00000
191.8 15.72556 14 1.00000
191.9 15.74002 14 1.00000
192.0 15.75150 14 1.00000
192.1 15.77076 14 1.00000
192.2 15.64336 14 1.00000
192.3 15.66538 14 1.00000
192.4 15.67961 14 1.00000
192.5 15.70305 14 1.00000
192.6 15.72395 14 1.00000
192.7 15.73814 14 1.00000
192.8 15.75217 14 1.00000
192.9 15.76885 14 1.00000
193.0 15.64155 14 1.00000
193.1 15.66062 14 1.00000
193.2 15.67687 14 1.00000
193.3 15.72487 14 1.00000
193.4 15.73953 14 1.00000
193.5 15.75095 14 1.00000
193.6 15.76761 14 1.00000
193.7 15.64206 14 1.00000
193.8 15.66471 14 1.00000
193.9 15.67704 14 1.00000
194.0 15.69721 14 1.00000
194.1 15.72193 14 1.00000
194.2 15.73664 14 1.00000
194.3 15.75128 14 1.00000
194.4 15.76707 14 1.00000
194.5 15.64047 14 1.00000
194.6 15.65875 14 1.00000
194.7 15.67511 14 1.00000
194.8 15.69375 14 1.00000
194.9 15.73803 14 1.00000
195.0 15.75163 14 1.00000
195.1 15.76696 14 1.00000
195.2 15.64067 14 1.00000
195.3 15.65919 14 1.00000
195.4 15.67529 14 1.00000
195.5 15.69415 14 1.00000
195.6 15.72111 14 1.00000
195.7 15.73464 14 1.00000
195.8 15.74344 14 1.00000
195.9 15.76494 14 1.00000
196.0 15.63966 14 1.00000
196.1 15.65777 14 1.00000
196.2 15.67421 14 1.00000
196.3 15.69201 14 1.00000
196.4 15.73521 14 1.00000
196.5 15.74356 14 1.00000
196.6 15.76071 14 1.00000
196.7 15.63984 14 1.00000
196.8 15.65833 14 1.00000
196.9 15.67449 14 1.00000
197.0 15.69257 14 1.00000
197.1 15.71920 14 1.00000
197.2 15.73290 14 1.00000
197.3 15.74311 14 1.00000
197.4 15.75382 14 1.00000
197.5 15.63978 14 1.00000
197.6 15.65684 14 1.00000
197.7 15.67341 14 1.00000
197.8 15.69059 14 1.00000
197.9 15.73462 14 1.00000
198.0 15.74333 14 1.00000
198.1 15.75534 14 1.00000
198.2 15.64000 14 1.00000
198.3 15.65705 14 1.00000
198.4 15.67380 14 1.00000
198.5 15.69115 14 1.00000
198.6 15.71736 14 1.00000
198.7 15.73011 14 1.00000
198.8 15.74270 14 1.00000
198.9 15.75196 14 1.00000
199.0 15.78850 14 1.00000
199.1 15.65575 14 1.00000
199.2 15.67047 14 1.00000
199.3 15.68953 14 1.00000
199.4 15.73286 14 1.00000
199.5 15.74305 14 1.00000
199.6 15.75209 14 1.00000
199.7 15.79468 14 1.00000
199.8 15.65596 14 1.00000
199.9 15.67322 14 1.00000
200.0 15.68976 14 1.00000
200.1 15.71548 14 1.00000
200.2 15.72847 14 1.00000
200.3 15.74113 14 1.00000
200.4 15.75173 14 1.00000
200.5 15.78850 14 1.00000
200.6 15.65203 14 1.00000
200.7 15.66880 14 1.00000
200.8 15.68702 14 1.00000
200.9 15.73005 14 1.00000
201.0 15.74254 14 1.00000
201.1 15.75193 14 1.00000
201.2 15.78834 14 1.00000
201.3 15.65524 14 1.00000
201.4 15.67039 14 1.00000
201.5 15.68712 14 1.00000
201.6 15.71451 14 1.00000
201.7 15.72629 14 1.00000
201.8 15.74066 14 1.00000
201.9 15.75151 14 1.00000
202.0 15.77290 14 1.00000
202.1 15.65124 14 1.00000
202.2 15.66693 14 1.00000
202.3 15.68215 14 1.00000
202.4 15.72800 14 1.00000
202.5 15.74090 14 1.00000
202.6 15.75165 14 1.00000
202.7 15.77277 14 1.00000
202.8 15.65165 14 1.00000
202.9 15.66718 14 1.00000
203.0 15.68271 14 1.00000
203.1 15.70653 14 1.00000
203.2 15.72532 14 1.00000
203.3 15.74017 14 1.00000
203.4 15.75155 14 1.00000
203.5 15.77218 14 1.00000
203.6 15.64428 14 1.00000
203.7 15.66600 14 1.00000
203.8 15.67993 14 1.00000
203.9 15.72624 14 1.00000
204.0 15.74058 14 1.00000
204.1 15.75156 14 1.00000
204.2 15.77218 14 1.00000
204.3 15.64635 14 1.00000
204.4 15.66617 14 1.00000
204.5 15.68026 14 1.00000
204.6 15.70560 14 1.00000
204.7 15.72482 14 1.00000
204.8 15.73968 14 1.00000
204.9 15.75144 14 1.00000
205.0 15.77158 14 1.00000
205.1 15.64342 14 1.00000
205.2 15.66497 14 1.00000
205.3 15.67958 14 1.00000
205.4 15.72577 14 1.00000
205.5 15.74012 14 1.00000
205.6 15.75153 14 1.00000
205.7 15.77102 14 1.00000
205.8 15.64394 14 1.00000
205.9 15.66551 14 1.00000
206.0 15.67992 14 1.00000
206.1 15.70409 14 1.00000
206.2 15.72412 14 1.00000
206.3 15.73840 14 1.00000
206.4 15.75242 14 1.00000
206.5 15.77077 14 1.00000
206.6 15.64244 14 1.00000
206.7 15.66222 14 1.00000
206.8 15.67915 14 1.00000
206.9 15.72531 14 1.00000
207.0 15.73979 14 1.00000
207.1 15.75142 14 1.00000
207.2 15.77045 14 1.00000
207.3 15.64347 14 1.00000
207.4 15.66511 14 1.00000
207.5 15.67952 14 1.00000
207.6 15.70313 14 1.00000
207.7 15.72238 14 1.00000
207.8 15.73715 14 1.00000
207.9 15.75217 14 1.00000
208.0 15.77044 14 1.00000
208.1 15.64162 14 1.00000
208.2 15.66057 14 1.00000
208.3 15.67696 14 1.00000
208.4 15.72464 14 1.00000
208.5 15.73947 14 1.00000
208.6 15.75098 14 1.00000
208.7 15.77016 14 1.00000
208.8 15.64257 14 1.00000
208.9 15.66357 14 1.00000
209.0 15.67721 14 1.00000
209.1 15.69740 14 1.00000
209.2 15.72219 14 1.00000
209.3 15.73697 14 1.00000
209.4 15.75178 14 1.00000
209.5 15.76767 14 1.00000
209.6 15.64117 14 1.00000
209.7 15.65909 14 1.00000
209.8 15.67663 14 1.00000
209.9 15.72449 14 1.00000
210.0 15.73842 14 1.00000
210.1 15.75239 14 1.00000
210.2 15.76757 14 1.00000
210.3 15.64219 14 1.00000
210.4 15.66075 14 1.00000
210.5 15.67713 14 1.00000
210.6 15.69717 14 1.00000
210.7 15.72204 14 1.00000
210.8 15.73682 14 1.00000
210.9 15.75159 14 1.00000
211.0 15.76731 14 1.00000
211.1 15.64064 14 1.00000
211.2 15.65903 14 1.00000
211.3 15.67656 14 1.00000
211.4 15.72437 14 1.00000
211.5 15.73832 14 1.00000
211.6 15.75224 14 1.00000
211.7 15.76737 14 1.00000
211.8 15.64221 14 1.00000
211.9 15.66074 14 1.00000
212.0 15.67709 14 1.00000
212.1 15.69704 14 1.00000
212.2 15.72193 14 1.00000
212.3 15.73672 14 1.00000
212.4 15.75167 14 1.00000
212.5 15.76737 14 1.00000
212.6 15.64068 14 1.00000
212.7 15.65903 14 1.00000
212.8 15.67542 14 1.00000
212.9 15.69410 14 1.00000
213.0 15.73825 14 1.00000
213.1 15.75235 14 1.00000
213.2 15.76747 14 1.00000
213.3 15.64231 14 1.00000
213.4 15.66079 14 1.00000
213.5 15.67710 14 1.00000
213.6 15.69701 14 1.00000
213.7 15.72214 14 1.00000
213.8 15.73686 14 1.00000
213.9 15.75180 14 1.00000
214.0 15.76760 14 1.00000
214.1 15.64081 14 1.00000
214.2 15.65910 14 1.00000
214.3 15.67678 14 1.00000
214.4 15.72456 14 1.00000
214.5 15.73842 14 1.00000
214.6 15.75095 14 1.00000
214.7 15.76764 14 1.00000
214.8 15.64250 14 1.00000
214.9 15.66483 14 1.00000
215.0 15.67939 14 1.00000
215.1 15.69756 14 1.00000
215.2 15.72241 14 1.00000
215.3 15.73705 14 1.00000
215.4 15.75198 14 1.00000
215.5 15.76779 14 1.00000
215.6 15.64221 14 1.00000
215.7 15.66061 14 1.00000
215.8 15.67708 14 1.00000
215.9 15.72488 14 1.00000
216.0 15.73954 14 1.00000
216.1 15.75105 14 1.00000
216.2 15.77046 14 1.00000
216.3 15.64359 14 1.00000
216.4 15.66528 14 1.00000
216.5 15.67970 14 1.00000
216.6 15.70325 14 1.00000
216.7 15.72276 14 1.00000
216.8 15.73836 14 1.00000
216.9 15.75100 14 1.00000
217.0 15.77080 14 1.00000
217.1 15.64335 14 1.00000
217.2 15.66235 14 1.00000
217.3 15.67927 14 1.00000
217.4 15.72575 14 1.00000
217.5 15.74012 14 1.00000
217.6 15.75153 14 1.00000
217.7 15.77104 14 1.00000
217.8 15.64432 14 1.00000
217.9 15.66606 14 1.00000
218.0 15.68035 14 1.00000
218.1 15.70529 14 1.00000
218.2 15.72491 14 1.00000
218.3 15.73973 14 1.00000
218.4 15.75149 14 1.00000
218.5 15.77151 14 1.00000
218.6 15.64447 14 1.00000
218.7 15.66561 14 1.00000
218.8 15.68016 14 1.00000
218.9 15.72647 14 1.00000
219.0 15.74084 14 1.00000
219.1 15.75155 14 1.00000
219.2 15.77277 14 1.00000
219.3 15.65156 14 1.00000
219.4 15.66728 14 1.00000
219.5 15.68309 14 1.00000
219.6 15.70673 14 1.00000
219.7 15.72591 14 1.00000
219.8 15.74035 14 1.00000
219.9 15.75154 14 1.00000
220.0 15.77292 14 1.00000
220.1 15.65175 14 1.00000
220.2 15.66699 14 1.00000
220.3 15.68343 14 1.00000
220.4 15.72832 14 1.00000
220.5 15.74273 14 1.00000
220.6 15.75193 14 1.00000
220.7 15.78868 14 1.00000
220.8 15.65558 14 1.00000
220.9 15.67299 14 1.00000
221.0 15.68988 14 1.00000
221.1 15.71564 14 1.00000
221.2 15.72826 14 1.00000
221.3 15.74131 14 1.00000
221.4 15.75194 14 1.00000
221.5 15.78856 14 1.00000
221.6 15.65637 14 1.00000
221.7 15.67045 14 1.00000
221.8 15.68997 14 1.00000
221.9 15.73451 14 1.00000
222.0 15.74328 14 1.00000
222.1 15.75382 14 1.00000
222.2 15.63953 14 1.00000
222.3 15.65725 14 1.00000
222.4 15.67441 14 1.00000
222.5 15.69230 14 1.00000
222.6 15.72054 14 1.00000
222.7 15.73294 14 1.00000
222.8 15.74346 14 1.00000
222.9 15.75619 14 1.00000
223.0 15.63941 14 1.00000
223.1 15.65797 14 1.00000
223.2 15.67473 14 1.00000
223.3 15.69212 14 1.00000
223.4 15.73707 14 1.00000
223.5 15.75167 14 1.00000
223.6 15.76693 14 1.00000
223.7 15.64201 14 1.00000
223.8 15.65926 14 1.00000
223.9 15.67682 14 1.00000
224.0 15.69742 14 1.00000
224.1 15.72218 14 1.00000
224.2 15.73694 14 1.00000
224.3 15.75232 14 1.00000
224.4 15.76784 14 1.00000
224.5 15.64172 14 1.00000
224.6 15.66237 14 1.00000
224.7 15.67735 14 1.00000
224.8 15.72552 14 1.00000
224.9 15.74020 14 1.00000
225.0 15.75153 14 1.00000
225.1 15.77157 14 1.00000
225.2 15.64656 14 1.00000
225.3 15.66644 14 1.00000
225.4 15.68225 14 1.00000
225.5 15.70653 14 1.00000
225.6 15.72538 14 1.00000
225.7 15.74026 14 1.00000
225.8 15.75154 14 1.00000
225.9 15.77283 14 1.00000
226.0 15.65182 14 1.00000
226.1 15.66720 14 1.00000
226.2 15.68358 14 1.00000
226.3 15.73275 14 1.00000
226.4 15.74291 14 1.00000
226.5 15.75196 14 1.00000
226.6 15.79827 14 1.00000
226.7 15.65629 14 1.00000
226.8 15.67346 14 1.00000
226.9 15.69168 14 1.00000
227.0 15.71764 14 1.00000
227.1 15.73008 14 1.00000
227.2 15.74327 14 1.00000
227.3 15.75382 14 1.00000
227.4 15.80128 14 1.00000
227.5 15.65789 14 1.00000
227.6 15.67461 14 1.00000
227.7 15.69219 14 1.00000
227.8 15.73705 14 1.00000
227.9 15.75158 14 1.00000
228.0 15.76700 14 1.00000
228.1 15.64236 14 1.00000
228.2 15.66054 14 1.00000
228.3 15.67712 14 1.00000
228.4 15.70289 14 1.00000
228.5 15.72264 14 1.00000
228.6 15.73830 14 1.00000
228.7 15.75108 14 1.00000
228.8 15.77082 14 1.00000
228.9 15.64379 14 1.00000
229.0 15.66543 14 1.00000
229.1 15.68008 14 1.00000
229.2 15.72645 14 1.00000
229.3 15.74103 14 1.00000
229.4 15.75165 14 1.00000
229.5 15.78809 14 1.00000
229.6 15.65536 14 1.00000
229.7 15.67045 14 1.00000
229.8 15.68991 14 1.00000
229.9 15.71550 14 1.00000
230.0 15.72824 14 1.00000
230.1 15.74265 14 1.00000
230.2 15.75234 14 1.00000
230.3 15.78918 14 1.00000
230.4 15.65712 14 1.00000
230.5 15.67396 14 1.00000
230.6 15.69094 14 1.00000
230.7 15.73665 14 1.00000
230.8 15.75127 14 1.00000
230.9 15.76640 14 1.00000
231.0 15.64130 14 1.00000
231.1 15.65919 14 1.00000
231.2 15.67688 14 1.00000
231.3 15.70273 14 1.00000
231.4 15.72252 14 1.00000
231.5 15.73731 14 1.00000
231.6 15.75109 14 1.00000
231.7 15.77081 14 1.00000
231.8 15.64406 14 1.00000
231.9 15.66558 14 1.00000
232.0 15.68016 14 1.00000
232.1 15.72651 14 1.00000
232.2 15.74118 14 1.00000
232.3 15.75174 14 1.00000
232.4 15.78893 14 1.00000
232.5 15.65580 14 1.00000
232.6 15.67299 14 1.00000
232.7 15.69077 14 1.00000
232.8 15.71601 14 1.00000
232.9 15.72899 14 1.00000
233.0 15.74303 14 1.00000
233.1 15.75382 14 1.00000
233.2 15.63938 14 1.00000
233.3 15.65802 14 1.00000
233.4 15.67507 14 1.00000
233.5 15.69333 14 1.00000
233.6 15.73837 14 1.00000
233.7 15.75218 14 1.00000
233.8 15.76767 14 1.00000
233.9 15.64393 14 1.00000
234.0 15.66550 14 1.00000
234.1 15.68030 14 1.00000
234.2 15.70568 14 1.00000
234.3 15.72531 14 1.00000
234.4 15.74028 14 1.00000
234.5 15.75158 14 1.00000
234.6 15.77284 14 1.00000
234.7 15.65224 14 1.00000
234.8 15.66781 14 1.00000
234.9 15.68755 14 1.00000
235.0 15.73476 14 1.00000
235.1 15.74331 14 1.00000
235.2 15.75599 14 1.00000
235.3 15.64004 14 1.00000
235.4 15.65842 14 1.00000
235.5 15.67533 14 1.00000
235.6 15.69507 14 1.00000
235.7 15.72213 14 1.00000
235.8 15.73696 14 1.00000
235.9 15.75100 14 1.00000
236.0 15.77073 14 1.00000
236.1 15.64387 14 1.00000
236.2 15.66537 14 1.00000
236.3 15.68015 14 1.00000
236.4 15.72667 14 1.00000
236.5 15.74151 14 1.00000
236.6 15.75195 14 1.00000
236.7 15.78848 14 1.00000
236.8 15.65628 14 1.00000
236.9 15.67354 14 1.00000
237.0 15.69239 14 1.00000
237.1 15.71909 14 1.00000
237.2 15.73303 14 1.00000
237.3 15.74358 14 1.00000
237.4 15.76627 14 1.00000
237.5 15.64072 14 1.00000
237.6 15.66053 14 1.00000
237.7 15.67714 14 1.00000
237.8 15.72556 14 1.00000
237.9 15.74042 14 1.00000
238.0 15.75155 14 1.00000
238.1 15.77293 14 1.00000
238.2 15.65238 14 1.00000
238.3 15.67039 14 1.00000
238.4 15.69040 14 1.00000
238.5 15.71594 14 1.00000
238.6 15.72885 14 1.00000
238.7 15.74304 14 1.00000
238.8 15.75381 14 1.00000
238.9 15.63961 14 1.00000
239.0 15.65872 14 1.00000
239.1 15.67546 14 1.00000
239.2 15.72466 14 1.00000
239.3 15.73997 14 1.00000
239.4 15.75114 14 1.00000
239.5 15.77177 14 1.00000
239.6 15.65168 14 1.00000
239.7 15.66731 14 1.00000
239.8 15.68752 14 1.00000
239.9 15.71562 14 1.00000
240.0 15.72864 14 1.00000
240.1 15.74279 14 1.00000
240.2 15.75381 14 1.00000
240.3 15.64035 14 1.00000
240.4 15.65853 14 1.00000
240.5 15.67529 14 1.00000
240.6 15.69436 14 1.00000
240.7 15.73965 14 1.00000
240.8 15.75106 14 1.00000
240.9 15.77175 14 1.00000
241.0 15.65132 14 1.00000
241.1 15.66725 14 1.00000
241.2 15.68740 14 1.00000
241.3 15.71527 14 1.00000
241.4 15.72877 14 1.00000
241.5 15.74293 14 1.00000
241.6 15.75381 14 1.00000
241.7 15.63940 14 1.00000
241.8 15.65886 14 1.00000
241.9 15.67554 14 1.00000
242.0 15.72471 14 1.00000
242.1 15.73998 14 1.00000
242.2 15.75113 14 1.00000
242.3 15.77287 14 1.00000
242.4 15.65216 14 1.00000
242.5 15.67022 14 1.00000
242.6 15.69004 14 1.00000
242.7 15.71590 14 1.00000
242.8 15.73051 14 1.00000
242.9 15.74342 14 1.00000
243.0 15.75639 14 1.00000
243.1 15.63999 14 1.00000
243.2 15.66082 14 1.00000
243.3 15.67729 14 1.00000
243.4 15.72567 14 1.00000
243.5 15.74044 14 1.00000
243.6 15.75155 14 1.00000
243.7 15.78864 14 1.00000
243.8 15.65607 14 1.00000
243.9 15.67329 14 1.00000
244.0 15.69178 14 1.00000
244.1 15.72064 14 1.00000
244.2 15.73498 14 1.00000
244.3 15.75183 14 1.00000
244.4 15.76729 14 1.00000
244.5 15.64176 14 1.00000
244.6 15.66602 14 1.00000
244.7 15.68038 14 1.00000
244.8 15.72685 14 1.00000
244.9 15.74155 14 1.00000
245.0 15.75281 14 1.00000
245.1 15.63973 14 1.00000
245.2 15.65803 14 1.00000
245.3 15.67500 14 1.00000
245.4 15.69463 14 1.00000
245.5 15.72468 14 1.00000
245.6 15.73855 14 1.00000
245.7 15.75155 14 1.00000
245.8 15.77154 14 1.00000
245.9 15.65198 14 1.00000
246.0 15.67329 14 1.00000
246.1 15.68983 14 1.00000
246.2 15.73499 14 1.00000
246.3 15.74352 14 1.00000
246.4 15.76773 14 1.00000
246.5 15.64379 14 1.00000
246.6 15.66547 14 1.00000
246.7 15.68034 14 1.00000
246.8 15.70670 14 1.00000
246.9 15.72819 14 1.00000
247.0 15.74263 14 1.00000
247.1 15.75196 14 1.00000
247.2 15.79638 14 1.00000
247.3 15.65920 14 1.00000
247.4 15.67684 14 1.00000
247.5 15.72487 14 1.00000
247.6 15.74019 14 1.00000
247.7 15.75156 14 1.00000
247.8 15.78867 14 1.00000
247.9 15.65600 14 1.00000
248.0 15.67318 14 1.00000
248.1 15.69230 14 1.00000
248.2 15.72214 14 1.00000
248.3 15.73556 14 1.00000
248.4 15.75235 14 1.00000
248.5 15.76904 14 1.00000
248.6 15.64643 14 1.00000
248.7 15.66752 14 1.00000
248.8 15.68707 14 1.00000
248.9 15.73335 14 1.00000
249.0 15.74331 14 1.00000
249.1 15.76732 14 1.00000
249.2 15.64274 14 1.00000
249.3 15.66391 14 1.00000
249.4 15.68032 14 1.00000
249.5 15.70665 14 1.00000
249.6 15.72810 14 1.00000
249.7 15.74268 14 1.00000
249.8 15.75381 14 1.00000
249.9 15.80139 14 1.00000
250.0 15.66058 14 1.00000
