15.0 1.32857 13 0.04550
15.1 1.33610 13 0.04624
15.2 1.34365 13 0.04695
15.3 1.35120 13 0.04767
15.4 1.35876 13 0.04840
15.5 1.36619 13 0.04912
15.6 1.37402 13 0.04987
15.7 1.38162 13 0.05060
15.8 1.38907 13 0.05131
15.9 1.39669 13 0.05204
16.0 1.40433 13 0.05274
16.1 1.41180 13 0.05345
16.2 1.41946 13 0.05418
16.3 1.42694 13 0.05490
16.4 1.43462 13 0.05563
16.5 1.44212 13 0.05634
16.6 1.44962 13 0.05706
16.7 1.45733 13 0.05779
16.8 1.46485 13 0.05849
16.9 1.47237 13 0.05920
17.0 1.47990 13 0.05993
17.1 1.48743 13 0.06065
17.2 1.49519 13 0.06140
17.3 1.50274 13 0.06213
17.4 1.51029 13 0.06282
17.5 1.51784 13 0.06356
17.6 1.52575 13 0.06433
17.7 1.53332 13 0.06507
17.8 1.54090 13 0.06581
17.9 1.54849 13 0.06656
18.0 1.55608 13 0.06728
18.1 1.56341 13 0.06800
18.2 1.57100 13 0.06876
18.3 1.57861 13 0.06952
18.4 1.58621 13 0.07029
18.5 1.59383 13 0.07106
18.6 1.60145 13 0.07179
18.7 1.60877 13 0.07255
18.8 1.61640 13 0.07333
18.9 1.62403 13 0.07413
19.0 1.63135 13 0.07489
19.1 1.63899 13 0.07570
19.2 1.64664 13 0.07646
19.3 1.65395 13 0.07724
19.4 1.66161 13 0.07807
19.5 1.66927 13 0.07890
19.6 1.67658 13 0.07970
19.7 1.68425 13 0.08054
19.8 1.69202 13 0.08136
19.9 1.70326 13 0.08271
20.0 1.71488 13 0.08413
20.1 1.72598 13 0.08551
20.2 1.73775 13 0.08699
20.3 1.74899 13 0.08833
20.4 1.76094 13 0.08985
20.5 1.77231 13 0.09131
20.6 1.78443 13 0.09289
20.7 1.79595 13 0.09441
20.8 1.80753 13 0.09587
20.9 1.81990 13 0.09753
21.0 1.83163 13 0.09913
21.1 1.84418 13 0.10086
21.2 1.85605 13 0.10249
21.3 1.86878 13 0.10420
21.4 1.88080 13 0.10591
21.5 1.89289 13 0.10765
21.6 1.90589 13 0.10954
21.7 1.91812 13 0.11134
21.8 10.52524 14 1.00000
21.9 10.49834 14 1.00000
22.0 10.46688 14 1.00000
22.1 10.43454 14 1.00000
22.2 10.39869 14 1.00000
22.3 10.36795 14 1.00000
22.4 10.34005 14 1.00000
22.5 10.29836 14 1.00000
22.6 10.26154 14 1.00000
22.7 10.22465 14 1.00000
22.8 10.18938 14 1.00000
22.9 10.15858 14 1.00000
23.0 10.12065 14 1.00000
23.1 10.08178 14 1.00000
23.2 10.03911 14 1.00000
23.3 9.99931 14 1.00000
23.4 9.95883 14 1.00000
23.5 9.91744 14 1.00000
23.6 9.88698 14 1.00000
23.7 9.84095 14 1.00000
23.8 9.79822 14 1.00000
23.9 9.75395 14 1.00000
24.0 9.72136 14 1.00000
24.1 9.67249 14 1.00000
24.2 9.60890 14 1.00000
24.3 9.54366 14 1.00000
24.4 9.33866 14 1.00000
24.5 9.12042 14 1.00000
24.6 8.94597 14 1.00000
24.7 8.69148 14 1.00000
24.8 8.48812 14 1.00000
24.9 8.36176 14 1.00000
25.0 8.38179 14 1.00000
25.1 8.41883 14 1.00000
25.2 8.45455 14 1.00000
25.3 5.49563 14 0.60397
25.4 5.51664 14 0.60261
25.5 5.53820 14 0.60230
25.6 5.56028 14 0.60219
25.7 5.58296 14 0.60200
25.8 5.60613 14 0.60206
25.9 5.62962 14 0.60254
26.0 5.65750 14 0.60218
26.1 5.68369 14 0.60465
26.2 5.70425 14 0.60999
26.3 5.72643 14 0.61332
26.4 5.74897 14 0.61627
26.5 5.77384 14 0.61740
26.6 5.68248 14 0.60337
26.7 5.69482 14 0.61970
26.8 5.71013 14 0.62007
26.9 5.72333 14 0.62041
27.0 5.71788 14 0.62027
27.1 5.73930 14 0.62083
27.2 5.74139 14 0.62088
27.3 5.74725 14 0.62104
27.4 5.76005 14 0.62140
27.5 5.76894 14 0.62165
27.6 5.78025 14 0.62198
27.7 5.78967 14 0.62226
27.8 5.80245 14 0.62265
27.9 5.81644 14 0.62308
28.0 5.81615 14 0.62307
28.1 5.83134 14 0.62355
28.2 5.84420 14 0.62397
28.3 5.85468 14 0.62432
28.4 5.86340 14 0.62461
28.5 5.87475 14 0.62500
28.6 5.88380 14 0.62531
28.7 5.90075 14 0.62590
28.8 5.91357 14 0.62636
28.9 5.92096 14 0.62662
29.0 5.93374 14 0.62709
29.1 5.94708 14 0.62758
29.2 5.95788 14 0.62799
29.3 5.97365 14 0.62859
29.4 5.98013 14 0.62884
29.5 5.99358 14 0.62936
29.6 6.00122 14 0.62965
29.7 6.01226 14 0.63009
29.8 6.02454 14 0.63058
29.9 6.03706 14 0.63108
30.0 6.04931 14 0.63158
30.1 6.05617 14 0.63186
30.2 6.07107 14 0.63247
30.3 6.08173 14 0.63291
30.4 6.09719 14 0.63356
30.5 6.10862 14 0.63405
30.6 6.11507 14 0.63432
30.7 6.12845 14 0.63489
30.8 6.14132 14 0.63545
30.9 6.15390 14 0.63599
31.0 6.16632 14 0.63654
31.1 6.17861 14 0.63708
31.2 6.19081 14 0.63762
31.3 6.20291 14 0.63816
31.4 6.21491 14 0.63870
31.5 6.22678 14 0.63923
31.6 6.23768 14 0.63973
31.7 6.24730 14 0.64017
31.8 6.26422 14 0.64094
31.9 6.27685 14 0.64153
32.0 6.28856 14 0.64207
32.1 6.29657 14 0.64244
32.2 6.31775 14 0.64343
32.3 6.32092 14 0.64358
32.4 6.32988 14 0.64398
32.5 6.34274 14 0.64456
32.6 6.36603 14 0.64562
32.7 6.37378 14 0.64598
32.8 6.38796 14 0.64663
32.9 6.39988 14 0.64718
33.0 6.40730 14 0.64752
33.1 6.42087 14 0.64816
33.2 6.42620 14 0.64840
33.3 6.44990 14 0.64952
33.4 6.45918 14 0.64996
33.5 6.47172 14 0.65055
33.6 6.48753 14 0.65130
33.7 6.49103 14 0.65147
33.8 6.50387 14 0.65208
33.9 6.52403 14 0.65305
34.0 6.54068 14 0.65386
34.1 6.54734 14 0.65418
34.2 6.55910 14 0.65475
34.3 6.57260 14 0.65541
34.4 6.58377 14 0.65595
34.5 6.59630 14 0.65657
34.6 6.60926 14 0.65720
34.7 6.62289 14 0.65787
34.8 6.63867 14 0.65865
34.9 6.65737 14 0.65958
35.0 6.66897 14 0.66016
35.1 6.67415 14 0.66042
35.2 6.69470 14 0.66144
35.3 6.71060 14 0.66224
35.4 6.71772 14 0.66259
35.5 6.73078 14 0.66325
35.6 6.74599 14 0.66402
35.7 6.76208 14 0.66483
35.8 6.77708 14 0.66559
35.9 6.78884 14 0.66619
36.0 6.80308 14 0.66692
36.1 6.82098 14 0.66783
36.2 6.82702 14 0.66814
36.3 6.84117 14 0.66886
36.4 6.85480 14 0.66957
36.5 6.86748 14 0.67022
36.6 6.88708 14 0.67123
36.7 6.89950 14 0.67187
36.8 6.91016 14 0.67242
36.9 6.92036 14 0.67295
37.0 6.93443 14 0.67368
37.1 6.94600 14 0.67429
37.2 6.95427 14 0.67472
37.3 6.97097 14 0.67559
37.4 6.97929 14 0.67602
37.5 6.99581 14 0.67689
37.6 7.00207 14 0.67721
37.7 7.02141 14 0.67823
37.8 7.03217 14 0.67879
37.9 7.04421 14 0.67943
38.0 7.06549 14 0.68055
38.1 7.06696 14 0.68062
38.2 7.08567 14 0.68161
38.3 7.10619 14 0.68270
38.4 7.11043 14 0.68292
38.5 7.12956 14 0.68393
38.6 7.13856 14 0.68441
38.7 7.14793 14 0.68491
38.8 7.15638 14 0.68536
38.9 7.18460 14 0.68686
39.0 7.19454 14 0.68739
39.1 7.19527 14 0.68743
39.2 7.21740 14 0.68861
39.3 7.23029 14 0.68930
39.4 7.25671 14 0.69071
39.5 7.25906 14 0.69084
39.6 7.27323 14 0.69160
39.7 7.29189 14 0.69260
39.8 7.30470 14 0.69329
39.9 7.32145 14 0.69419
40.0 7.34213 14 0.69530
40.1 7.35346 14 0.69591
40.2 7.36468 14 0.69652
40.3 7.37235 14 0.69693
40.4 7.39488 14 0.69815
40.5 7.41159 14 0.69906
40.6 7.41760 14 0.69938
40.7 7.43072 14 0.70009
40.8 7.45303 14 0.70130
40.9 7.46537 14 0.70197
41.0 7.47259 14 0.70236
41.1 7.49302 14 0.70347
41.2 7.50120 14 0.70392
41.3 7.51326 14 0.70457
41.4 7.52283 14 0.70509
41.5 7.54056 14 0.70606
41.6 7.56134 14 0.70719
41.7 7.57239 14 0.70779
41.8 7.58691 14 0.70858
41.9 7.60026 14 0.70931
42.0 7.61525 14 0.71013
42.1 7.62968 14 0.71092
42.2 7.63842 14 0.71139
42.3 7.65631 14 0.71237
42.4 7.66898 14 0.71306
42.5 7.68961 14 0.71419
42.6 7.69687 14 0.71459
42.7 7.71351 14 0.71550
42.8 7.71028 14 0.71532
42.9 7.72601 14 0.71618
43.0 7.75069 14 0.71754
43.1 7.76025 14 0.71806
43.2 7.76643 14 0.71840
43.3 7.77225 14 0.71872
43.4 7.79534 14 0.71999
43.5 7.81667 14 0.72116
43.6 7.83234 14 0.72202
43.7 7.84850 14 0.72291
43.8 7.87290 14 0.72425
43.9 7.87964 14 0.72462
44.0 7.89948 14 0.72571
44.1 7.92498 14 0.72711
44.2 7.91560 14 0.72660
44.3 7.93120 14 0.72746
44.4 7.93890 14 0.72788
44.5 7.95645 14 0.72885
44.6 7.98132 14 0.73022
44.7 7.99776 14 0.73112
44.8 8.01269 14 0.73195
44.9 8.02694 14 0.73273
45.0 7.89602 14 0.72552
45.1 7.87382 14 0.72430
45.2 7.84657 14 0.72280
45.3 7.83246 14 0.72202
45.4 7.81130 14 0.72086
45.5 7.79655 14 0.72005
45.6 7.77426 14 0.71883
45.7 7.74592 14 0.71728
45.8 7.70654 14 0.71512
45.9 7.68767 14 0.71409
46.0 7.65902 14 0.71252
46.1 7.62747 14 0.71080
46.2 7.61580 14 0.71016
46.3 7.57587 14 0.70798
46.4 7.55656 14 0.70693
46.5 7.49074 14 0.70335
46.6 7.48267 14 0.70291
46.7 7.47621 14 0.70256
46.8 7.46093 14 0.70173
46.9 7.46170 14 0.70177
47.0 7.44413 14 0.70082
47.1 7.44185 14 0.70069
47.2 7.43583 14 0.70037
47.3 7.42492 14 0.69978
47.4 7.41380 14 0.69918
47.5 7.40006 14 0.69843
47.6 7.38319 14 0.69752
47.7 7.36078 14 0.69631
47.8 7.36271 14 0.69641
47.9 7.32577 14 0.69442
48.0 7.30905 14 0.69352
48.1 7.28205 14 0.69207
48.2 7.28247 14 0.69209
48.3 7.25980 14 0.69088
48.4 7.25927 14 0.69085
48.5 7.22166 14 0.68884
48.6 7.23437 14 0.68952
48.7 7.20012 14 0.68769
48.8 7.21681 14 0.68858
48.9 7.13974 14 0.68447
49.0 7.15991 14 0.68555
49.1 7.16945 14 0.68605
49.2 7.18742 14 0.68701
49.3 7.23979 14 0.68981
49.4 7.26945 14 0.69139
49.5 7.30359 14 0.69323
49.6 7.33559 14 0.69495
49.7 7.35739 14 0.69613
49.8 7.38761 14 0.69776
49.9 7.42533 14 0.69980
50.0 7.43555 14 0.70035
50.1 7.46281 14 0.70183
50.2 7.48111 14 0.70282
50.3 7.50049 14 0.70388
50.4 7.51470 14 0.70465
50.5 7.52869 14 0.70541
50.6 7.55264 14 0.70671
50.7 7.56992 14 0.70766
50.8 7.58583 14 0.70852
50.9 7.61725 14 0.71024
51.0 7.66256 14 0.71271
51.1 7.70565 14 0.71507
51.2 7.73598 14 0.71673
51.3 7.76688 14 0.71842
51.4 7.77801 14 0.71903
51.5 7.80572 14 0.72055
51.6 7.83293 14 0.72205
51.7 7.88255 14 0.72478
51.8 7.90758 14 0.72616
51.9 7.92589 14 0.72716
52.0 7.94069 14 0.72798
52.1 7.96641 14 0.72940
52.2 7.98426 14 0.73038
52.3 8.00505 14 0.73153
52.4 8.02336 14 0.73254
52.5 8.04382 14 0.73366
52.6 8.07971 14 0.73564
52.7 8.12628 14 0.73822
52.8 8.13383 14 0.73863
52.9 8.14402 14 0.73919
53.0 8.17173 14 0.74072
53.1 8.21729 14 0.74324
53.2 8.25009 14 0.74505
53.3 8.27939 14 0.74667
53.4 8.30900 14 0.74831
53.5 8.35639 14 0.75092
53.6 8.38317 14 0.75240
53.7 8.40534 14 0.75363
53.8 8.43026 14 0.75500
53.9 8.45519 14 0.75638
54.0 8.47139 14 0.75728
54.1 8.49210 14 0.75842
54.2 8.50261 14 0.75900
54.3 8.52170 14 0.76006
54.4 8.54200 14 0.76118
54.5 8.57709 14 0.76312
54.6 8.60707 14 0.76478
54.7 8.66112 14 0.76776
54.8 8.70207 14 0.77002
54.9 8.74145 14 0.77220
55.0 8.77686 14 0.77415
55.1 8.80421 14 0.77566
55.2 8.83409 14 0.77731
55.3 8.87210 14 0.77941
55.4 8.91732 14 0.78190
55.5 8.93375 14 0.78280
55.6 8.95309 14 0.78387
55.7 8.98476 14 0.78561
55.8 8.99709 14 0.78629
55.9 9.03162 14 0.78819
56.0 9.05460 14 0.78946
56.1 9.07652 14 0.79066
56.2 9.09850 14 0.79187
56.3 9.12125 14 0.79312
56.4 9.16240 14 0.79538
56.5 9.20041 14 0.79747
56.6 9.23380 14 0.79930
56.7 9.27831 14 0.80174
56.8 9.33435 14 0.80482
56.9 9.37239 14 0.80690
57.0 9.36221 14 0.80635
57.1 9.41408 14 0.80919
57.2 9.44802 14 0.81104
57.3 9.46856 14 0.81217
57.4 9.50600 14 0.81422
57.5 9.55657 14 0.81698
57.6 9.60617 14 0.81968
57.7 9.62522 14 0.82072
57.8 9.64786 14 0.82196
57.9 9.66744 14 0.82303
58.0 9.69568 14 0.82456
58.1 9.72340 14 0.82607
58.2 9.74531 14 0.82727
58.3 9.77509 14 0.82888
58.4 9.78054 14 0.82918
58.5 9.81612 14 0.83111
58.6 9.86615 14 0.83383
58.7 9.90220 14 0.83579
58.8 9.95964 14 0.83890
58.9 9.99366 14 0.84074
59.0 10.03970 14 0.84323
59.1 10.08593 14 0.84573
59.2 10.12226 14 0.84769
59.3 10.15794 14 0.84962
59.4 10.18727 14 0.85120
59.5 10.23192 14 0.85361
59.6 10.27349 14 0.85585
59.7 10.31993 14 0.85834
59.8 10.31874 14 0.85828
59.9 10.34385 14 0.85963
60.0 10.37061 14 0.86107
60.1 10.39706 14 0.86249
60.2 10.41070 14 0.86322
60.3 10.44783 14 0.86521
60.4 10.47128 14 0.86647
60.5 10.51640 14 0.86888
60.6 10.56348 14 0.87140
60.7 10.60250 14 0.87349
60.8 10.64427 14 0.87572
60.9 10.70334 14 0.87887
61.0 10.74309 14 0.88099
61.1 10.78906 14 0.88343
61.2 10.78689 14 0.88332
61.3 10.83181 14 0.88570
61.4 10.86830 14 0.88764
61.5 10.89888 14 0.88926
61.6 10.95020 14 0.89198
61.7 10.98498 14 0.89382
61.8 11.05475 14 0.89751
61.9 11.06227 14 0.89791
62.0 11.12002 14 0.90096
62.1 11.13822 14 0.90192
62.2 11.17293 14 0.90375
62.3 11.20214 14 0.90529
62.4 11.22876 14 0.90669
62.5 11.25702 14 0.90817
62.6 11.28235 14 0.90951
62.7 11.28091 14 0.90943
62.8 11.32957 14 0.91199
62.9 11.37866 14 0.91456
63.0 11.40732 14 0.91606
63.1 11.46486 14 0.91908
63.2 11.50186 14 0.92101
63.3 11.55522 14 0.92380
63.4 11.61400 14 0.92687
63.5 11.65112 14 0.92880
63.6 11.71308 14 0.93203
63.7 11.75535 14 0.93422
63.8 11.78613 14 0.93582
63.9 11.83201 14 0.93820
64.0 11.86828 14 0.94008
64.1 11.93725 14 0.94365
64.2 11.93467 14 0.94351
64.3 11.95537 14 0.94458
64.4 12.00810 14 0.94731
64.5 12.03190 14 0.94853
64.6 12.06426 14 0.95020
64.7 12.09209 14 0.95164
64.8 12.12008 14 0.95308
64.9 12.14340 14 0.95428
65.0 12.14008 14 0.95410
65.1 12.16226 14 0.95524
65.2 12.20223 14 0.95730
65.3 12.26363 14 0.96045
65.4 12.31312 14 0.96298
65.5 12.36448 14 0.96561
65.6 12.39997 14 0.96742
65.7 12.38969 14 0.96690
65.8 12.42741 14 0.96883
65.9 12.49404 14 0.97223
66.0 12.55107 14 0.97513
66.1 12.59601 14 0.97742
66.2 12.65737 14 0.98054
66.3 12.70115 14 0.98276
66.4 12.74436 14 0.98495
66.5 12.77437 14 0.98647
66.6 12.82080 14 0.98882
66.7 12.85939 14 0.99077
66.8 12.90584 14 0.99312
66.9 12.94726 14 0.99521
67.0 13.00855 14 0.99829
67.1 13.02365 14 0.99905
67.2 13.02792 14 0.99927
67.3 13.04988 14 1.00000
67.4 13.05818 14 1.00000
67.5 13.07458 14 1.00000
67.6 13.08426 14 1.00000
67.7 13.09368 14 1.00000
67.8 13.11849 14 1.00000
67.9 13.13316 14 1.00000
68.0 13.15260 14 1.00000
68.1 13.18106 14 1.00000
68.2 13.19413 14 1.00000
68.3 13.21570 14 1.00000
68.4 13.23979 14 1.00000
68.5 13.26125 14 1.00000
68.6 13.28051 14 1.00000
68.7 13.26875 14 1.00000
68.8 13.29453 14 1.00000
68.9 13.30928 14 1.00000
69.0 13.32676 14 1.00000
69.1 13.34609 14 1.00000
69.2 13.35880 14 1.00000
69.3 13.37598 14 1.00000
69.4 13.39056 14 1.00000
69.5 13.41699 14 1.00000
69.6 13.42269 14 1.00000
69.7 13.44091 14 1.00000
69.8 13.45526 14 1.00000
69.9 13.47291 14 1.00000
70.0 13.48070 14 1.00000
70.1 13.49729 14 1.00000
70.2 13.50874 14 1.00000
70.3 13.50074 14 1.00000
70.4 13.51607 14 1.00000
70.5 13.53311 14 1.00000
70.6 13.54737 14 1.00000
70.7 13.57226 14 1.00000
70.8 13.58953 14 1.00000
70.9 13.61560 14 1.00000
71.0 13.63356 14 1.00000
71.1 13.65041 14 1.00000
71.2 13.67415 14 1.00000
71.3 13.69459 14 1.00000
71.4 13.71521 14 1.00000
71.5 13.73367 14 1.00000
71.6 13.75304 14 1.00000
71.7 13.76978 14 1.00000
71.8 13.78019 14 1.00000
71.9 13.77716 14 1.00000
72.0 13.79240 14 1.00000
72.1 13.80229 14 1.00000
72.2 13.81907 14 1.00000
72.3 13.83492 14 1.00000
72.4 13.85457 14 1.00000
72.5 13.88050 14 1.00000
72.6 13.89379 14 1.00000
72.7 13.90413 14 1.00000
72.8 13.91663 14 1.00000
72.9 13.92247 14 1.00000
73.0 13.94106 14 1.00000
73.1 13.95292 14 1.00000
73.2 13.96464 14 1.00000
73.3 13.98738 14 1.00000
73.4 14.00790 14 1.00000
73.5 13.99384 14 1.00000
73.6 14.01758 14 1.00000
73.7 14.03691 14 1.00000
73.8 14.05114 14 1.00000
73.9 14.07446 14 1.00000
74.0 14.09283 14 1.00000
74.1 14.10787 14 1.00000
74.2 14.13324 14 1.00000
74.3 14.15400 14 1.00000
74.4 14.17269 14 1.00000
74.5 14.19389 14 1.00000
74.6 14.20510 14 1.00000
74.7 14.22048 14 1.00000
74.8 14.24382 14 1.00000
74.9 14.25242 14 1.00000
75.0 14.26560 14 1.00000
75.1 14.26309 14 1.00000
75.2 14.27621 14 1.00000
75.3 14.28094 14 1.00000
75.4 14.29873 14 1.00000
75.5 14.31684 14 1.00000
75.6 14.34745 14 1.00000
75.7 14.35288 14 1.00000
75.8 14.37214 14 1.00000
75.9 14.38207 14 1.00000
76.0 14.38941 14 1.00000
76.1 14.40881 14 1.00000
76.2 14.42066 14 1.00000
76.3 14.43303 14 1.00000
76.4 14.45058 14 1.00000
76.5 14.47634 14 1.00000
76.6 14.49768 14 1.00000
76.7 14.51289 14 1.00000
76.8 14.50465 14 1.00000
76.9 14.52221 14 1.00000
77.0 14.54202 14 1.00000
77.1 14.55021 14 1.00000
77.2 14.56784 14 1.00000
77.3 14.59220 14 1.00000
77.4 14.60954 14 1.00000
77.5 14.62980 14 1.00000
77.6 14.65855 14 1.00000
77.7 14.67487 14 1.00000
77.8 14.69456 14 1.00000
77.9 14.71001 14 1.00000
78.0 14.71750 14 1.00000
78.1 14.74005 14 1.00000
78.2 14.75369 14 1.00000
78.3 14.76658 14 1.00000
78.4 14.77310 14 1.00000
78.5 14.76944 14 1.00000
78.6 14.78237 14 1.00000
78.7 14.78679 14 1.00000
78.8 14.81542 14 1.00000
78.9 14.84483 14 1.00000
79.0 14.85262 14 1.00000
79.1 14.86252 14 1.00000
79.2 14.87148 14 1.00000
79.3 14.87879 14 1.00000
79.4 14.89956 14 1.00000
79.5 14.91160 14 1.00000
79.6 14.91618 14 1.00000
79.7 14.94555 14 1.00000
79.8 14.96905 14 1.00000
79.9 14.98982 14 1.00000
80.0 15.00865 14 1.00000
80.1 15.01938 14 1.00000
80.2 15.04531 14 1.00000
80.3 15.02155 14 1.00000
80.4 15.04727 14 1.00000
80.5 15.06534 14 1.00000
80.6 15.08183 14 1.00000
80.7 15.09715 14 1.00000
80.8 15.12261 14 1.00000
80.9 15.14398 14 1.00000
81.0 15.15832 14 1.00000
81.1 15.15923 14 1.00000
81.2 15.17819 14 1.00000
81.3 15.19403 14 1.00000
81.4 15.20590 14 1.00000
81.5 15.23682 14 1.00000
81.6 15.25846 14 1.00000
81.7 15.27181 14 1.00000
81.8 15.28463 14 1.00000
81.9 15.29710 14 1.00000
82.0 15.30372 14 1.00000
82.1 15.29719 14 1.00000
82.2 15.30372 14 1.00000
82.3 15.32950 14 1.00000
82.4 15.36060 14 1.00000
82.5 15.35956 14 1.00000
82.6 15.37833 14 1.00000
82.7 15.39009 14 1.00000
82.8 15.40158 14 1.00000
82.9 15.41277 14 1.00000
83.0 15.42398 14 1.00000
83.1 15.43679 14 1.00000
83.2 15.45211 14 1.00000
83.3 15.47881 14 1.00000
83.4 15.50058 14 1.00000
83.5 15.51944 14 1.00000
83.6 15.53158 14 1.00000
83.7 15.55889 14 1.00000
83.8 15.52925 14 1.00000
83.9 15.55705 14 1.00000
84.0 15.52730 14 1.00000
84.1 15.54238 14 1.00000
84.2 15.56440 14 1.00000
84.3 15.57573 14 1.00000
84.4 15.59618 14 1.00000
84.5 15.61229 14 1.00000
84.6 15.62409 14 1.00000
84.7 15.64551 14 1.00000
84.8 15.67669 14 1.00000
84.9 15.66643 14 1.00000
85.0 15.69148 14 1.00000
85.1 15.70270 14 1.00000
85.2 15.71869 14 1.00000
85.3 15.74000 14 1.00000
85.4 15.74853 14 1.00000
85.5 15.78407 14 1.00000
85.6 15.80363 14 1.00000
85.7 15.81642 14 1.00000
85.8 15.80198 14 1.00000
85.9 15.81413 14 1.00000
86.0 15.82282 14 1.00000
86.1 15.83061 14 1.00000
86.2 15.84876 14 1.00000
86.3 15.86378 14 1.00000
86.4 15.87511 14 1.00000
86.5 15.91080 14 1.00000
86.6 15.91504 14 1.00000
86.7 15.92274 14 1.00000
86.8 15.93432 14 1.00000
86.9 15.94582 14 1.00000
87.0 15.95902 14 1.00000
87.1 15.97268 14 1.00000
87.2 15.98900 14 1.00000
87.3 16.01188 14 1.00000
87.4 16.03291 14 1.00000
87.5 16.05341 14 1.00000
87.6 16.07317 14 1.00000
87.7 16.04734 14 1.00000
87.8 16.06605 14 1.00000
87.9 16.07925 14 1.00000
88.0 16.10492 14 1.00000
88.1 16.12135 14 1.00000
88.2 16.14168 14 1.00000
88.3 16.15084 14 1.00000
88.4 16.16538 14 1.00000
88.5 16.19012 14 1.00000
88.6 16.20483 14 1.00000
88.7 16.23329 14 1.00000
88.8 16.22862 14 1.00000
88.9 16.24548 14 1.00000
89.0 16.25311 14 1.00000
89.1 16.27132 14 1.00000
89.2 16.28528 14 1.00000
89.3 16.30943 14 1.00000
89.4 16.32497 14 1.00000
89.5 16.33902 14 1.00000
89.6 16.31844 14 1.00000
89.7 16.33337 14 1.00000
89.8 16.36296 14 1.00000
89.9 16.38055 14 1.00000
90.0 16.39411 14 1.00000
90.1 16.40605 14 1.00000
90.2 16.41753 14 1.00000
90.3 16.42365 14 1.00000
90.4 16.44256 14 1.00000
90.5 16.46070 14 1.00000
90.6 16.48899 14 1.00000
90.7 16.49032 14 1.00000
90.8 16.49896 14 1.00000
90.9 16.51246 14 1.00000
91.0 16.52773 14 1.00000
91.1 16.54201 14 1.00000
91.2 16.55544 14 1.00000
91.3 16.56742 14 1.00000
91.4 16.58912 14 1.00000
91.5 16.60999 14 1.00000
91.6 16.56962 14 1.00000
91.7 16.59529 14 1.00000
91.8 16.61739 14 1.00000
91.9 16.63428 14 1.00000
92.0 16.64912 14 1.00000
92.1 16.67786 14 1.00000
92.2 16.69563 14 1.00000
92.3 16.70710 14 1.00000
92.4 16.73411 14 1.00000
92.5 16.75243 14 1.00000
92.6 16.76863 14 1.00000
92.7 16.78424 14 1.00000
92.8 16.79831 14 1.00000
92.9 16.80451 14 1.00000
93.0 16.81426 14 1.00000
93.1 16.83089 14 1.00000
93.2 16.84253 14 1.00000
93.3 16.85826 14 1.00000
93.4 16.87334 14 1.00000
93.5 16.88780 14 1.00000
93.6 16.90159 14 1.00000
93.7 16.87807 14 1.00000
93.8 16.89224 14 1.00000
93.9 16.90557 14 1.00000
94.0 16.92373 14 1.00000
94.1 16.93592 14 1.00000
94.2 16.94320 14 1.00000
94.3 16.97943 14 1.00000
94.4 16.99469 14 1.00000
94.5 17.00618 14 1.00000
94.6 17.01664 14 1.00000
94.7 17.02135 14 1.00000
94.8 17.03969 14 1.00000
94.9 17.04823 14 1.00000
95.0 17.08544 14 1.00000
95.1 17.08720 14 1.00000
95.2 17.09586 14 1.00000
95.3 17.11050 14 1.00000
95.4 17.12370 14 1.00000
95.5 17.13486 14 1.00000
95.6 17.14512 14 1.00000
95.7 17.14895 14 1.00000
95.8 17.13677 14 1.00000
95.9 17.14746 14 1.00000
96.0 17.14885 14 1.00000
96.1 17.17648 14 1.00000
96.2 17.19607 14 1.00000
96.3 17.21518 14 1.00000
96.4 17.23294 14 1.00000
96.5 17.24825 14 1.00000
96.6 17.26054 14 1.00000
96.7 17.28863 14 1.00000
96.8 17.30709 14 1.00000
96.9 17.31539 14 1.00000
97.0 17.34039 14 1.00000
97.1 17.35725 14 1.00000
97.2 17.37260 14 1.00000
97.3 17.38567 14 1.00000
97.4 17.39701 14 1.00000
97.5 17.40824 14 1.00000
97.6 17.42336 14 1.00000
97.7 17.42223 14 1.00000
97.8 17.43781 14 1.00000
97.9 17.45276 14 1.00000
98.0 17.42287 14 1.00000
98.1 17.43831 14 1.00000
98.2 17.45313 14 1.00000
98.3 17.46770 14 1.00000
98.4 17.48203 14 1.00000
98.5 17.49622 14 1.00000
98.6 17.50993 14 1.00000
98.7 17.52225 14 1.00000
98.8 17.53664 14 1.00000
98.9 17.54309 14 1.00000
99.0 17.58838 14 1.00000
99.1 17.60041 14 1.00000
99.2 17.60131 14 1.00000
99.3 17.61546 14 1.00000
99.4 17.63038 14 1.00000
99.5 17.64100 14 1.00000
99.6 17.65042 14 1.00000
99.7 17.66545 14 1.00000
99.8 17.69164 14 1.00000
99.9 17.69701 14 1.00000
100.0 17.70501 14 1.00000
100.1 17.72102 14 1.00000
100.2 17.69480 14 1.00000
100.3 17.70593 14 1.00000
100.4 17.72152 14 1.00000
100.5 17.73468 14 1.00000
100.6 17.74449 14 1.00000
100.7 17.74944 14 1.00000
100.8 17.76589 14 1.00000
100.9 17.78027 14 1.00000
101.0 17.79977 14 1.00000
101.1 17.81810 14 1.00000
101.2 17.83229 14 1.00000
101.3 17.84773 14 1.00000
101.4 17.87359 14 1.00000
101.5 17.89277 14 1.00000
101.6 17.91090 14 1.00000
101.7 17.92066 14 1.00000
101.8 17.92071 14 1.00000
101.9 17.92838 14 1.00000
102.0 17.94065 14 1.00000
102.1 17.95728 14 1.00000
102.2 17.97129 14 1.00000
102.3 17.98278 14 1.00000
102.4 18.00026 14 1.00000
102.5 17.96626 14 1.00000
102.6 17.97989 14 1.00000
102.7 17.99373 14 1.00000
102.8 18.01619 14 1.00000
102.9 18.05152 14 1.00000
103.0 18.04878 14 1.00000
103.1 18.06332 14 1.00000
103.2 18.07762 14 1.00000
103.3 18.08804 14 1.00000
103.4 18.10223 14 1.00000
103.5 18.11999 14 1.00000
103.6 17.96482 14 1.00000
103.7 17.97873 14 1.00000
103.8 17.99300 14 1.00000
103.9 18.01569 14 1.00000
104.0 18.05163 14 1.00000
104.1 18.04952 14 1.00000
104.2 18.06401 14 1.00000
104.3 18.07962 14 1.00000
104.4 18.08977 14 1.00000
104.5 18.10451 14 1.00000
104.6 17.95515 14 1.00000
104.7 17.96792 14 1.00000
104.8 18.09759 14 1.00000
104.9 18.11471 14 1.00000
105.0 17.96171 14 1.00000
105.1 17.97609 14 1.00000
105.2 17.98909 14 1.00000
105.3 18.01354 14 1.00000
105.4 18.05173 14 1.00000
105.5 18.04841 14 1.00000
105.6 18.06281 14 1.00000
105.7 18.07698 14 1.00000
105.8 18.08970 14 1.00000
105.9 18.10429 14 1.00000
106.0 17.95482 14 1.00000
106.1 17.96878 14 1.00000
106.2 17.98250 14 1.00000
106.3 18.00144 14 1.00000
106.4 18.02205 14 1.00000
106.5 18.05354 14 1.00000
106.6 18.05867 14 1.00000
106.7 18.07288 14 1.00000
106.8 18.08517 14 1.00000
106.9 18.10112 14 1.00000
107.0 18.11888 14 1.00000
107.1 17.96748 14 1.00000
107.2 18.09220 14 1.00000
107.3 18.10743 14 1.00000
107.4 17.95748 14 1.00000
107.5 17.97352 14 1.00000
107.6 17.98726 14 1.00000
107.7 18.01081 14 1.00000
107.8 18.02662 14 1.00000
107.9 18.04617 14 1.00000
108.0 18.06449 14 1.00000
108.1 18.07987 14 1.00000
108.2 18.09346 14 1.00000
108.3 18.10910 14 1.00000
108.4 17.95888 14 1.00000
108.5 17.97569 14 1.00000
108.6 17.98873 14 1.00000
108.7 18.01671 14 1.00000
108.8 18.05143 14 1.00000
108.9 18.05152 14 1.00000
109.0 18.06959 14 1.00000
109.1 18.08275 14 1.00000
109.2 18.09999 14 1.00000
109.3 18.11779 14 1.00000
109.4 17.96864 14 1.00000
109.5 17.98233 14 1.00000
109.6 18.00298 14 1.00000
109.7 18.12185 14 1.00000
109.8 17.97245 14 1.00000
109.9 17.98635 14 1.00000
110.0 18.01040 14 1.00000
110.1 18.05175 14 1.00000
110.2 18.04707 14 1.00000
110.3 18.06773 14 1.00000
110.4 18.08172 14 1.00000
110.5 18.09909 14 1.00000
110.6 18.11644 14 1.00000
110.7 17.96880 14 1.00000
110.8 17.98239 14 1.00000
110.9 18.00515 14 1.00000
111.0 18.02636 14 1.00000
111.1 18.04705 14 1.00000
111.2 18.06773 14 1.00000
111.3 18.08227 14 1.00000
111.4 18.10043 14 1.00000
111.5 18.11928 14 1.00000
111.6 17.97244 14 1.00000
111.7 17.98719 14 1.00000
111.8 18.01640 14 1.00000
111.9 18.05114 14 1.00000
112.0 18.05738 14 1.00000
112.1 18.07388 14 1.00000
112.2 18.08895 14 1.00000
112.3 18.05117 14 1.00000
112.4 18.05719 14 1.00000
112.5 18.07358 14 1.00000
112.6 18.08859 14 1.00000
112.7 18.10851 14 1.00000
112.8 17.95915 14 1.00000
112.9 17.97893 14 1.00000
113.0 17.99863 14 1.00000
113.1 18.02500 14 1.00000
113.2 18.04934 14 1.00000
113.3 18.06972 14 1.00000
113.4 18.08530 14 1.00000
113.5 18.10526 14 1.00000
113.6 17.95921 14 1.00000
113.7 17.97781 14 1.00000
113.8 17.99822 14 1.00000
113.9 18.02700 14 1.00000
114.0 18.05156 14 1.00000
114.1 18.07184 14 1.00000
114.2 18.08912 14 1.00000
114.3 18.10940 14 1.00000
114.4 17.96474 14 1.00000
114.5 17.98587 14 1.00000
114.6 18.01678 14 1.00000
114.7 18.05070 14 1.00000
114.8 18.06472 14 1.00000
114.9 17.97904 14 1.00000
115.0 18.00484 14 1.00000
115.1 18.05137 14 1.00000
115.2 18.05784 14 1.00000
115.3 18.07645 14 1.00000
115.4 18.09831 14 1.00000
115.5 18.11956 14 1.00000
115.6 17.97550 14 1.00000
115.7 17.99716 14 1.00000
115.8 18.05176 14 1.00000
115.9 18.05310 14 1.00000
116.0 18.07552 14 1.00000
116.1 18.09738 14 1.00000
116.2 18.11875 14 1.00000
116.3 17.97486 14 1.00000
116.4 17.99604 14 1.00000
116.5 18.09119 14 1.00000
116.6 18.11062 14 1.00000
116.7 17.96898 14 1.00000
116.8 17.98836 14 1.00000
116.9 18.01946 14 1.00000
117.0 18.04420 14 1.00000
117.1 18.07067 14 1.00000
117.2 18.08602 14 1.00000
117.3 18.10911 14 1.00000
117.4 17.96551 14 1.00000
117.5 17.98768 14 1.00000
117.6 18.01860 14 1.00000
117.7 18.10435 14 1.00000
117.8 17.95897 14 1.00000
117.9 17.97872 14 1.00000
118.0 18.00827 14 1.00000
118.1 18.05063 14 1.00000
118.2 18.06312 14 1.00000
118.3 18.08102 14 1.00000
118.4 18.10261 14 1.00000
118.5 17.95905 14 1.00000
118.6 17.97763 14 1.00000
118.7 18.00138 14 1.00000
118.8 18.09701 14 1.00000
118.9 18.11816 14 1.00000
119.0 17.97415 14 1.00000
119.1 17.99238 14 1.00000
119.2 18.02438 14 1.00000
119.3 18.04850 14 1.00000
119.4 18.07352 14 1.00000
119.5 18.09514 14 1.00000
119.6 18.11254 14 1.00000
119.7 17.97266 14 1.00000
119.8 17.98917 14 1.00000
119.9 18.08411 14 1.00000
120.0 18.10716 14 1.00000
120.1 17.96120 14 1.00000
120.2 17.98272 14 1.00000
120.3 18.01624 14 1.00000
120.4 18.05049 14 1.00000
120.5 18.06619 14 1.00000
120.6 18.08261 14 1.00000
120.7 18.10460 14 1.00000
120.8 17.95913 14 1.00000
120.9 17.97878 14 1.00000
121.0 18.00603 14 1.00000
121.1 18.09854 14 1.00000
121.2 18.11947 14 1.00000
121.3 17.97517 14 1.00000
121.4 17.99398 14 1.00000
121.5 18.02530 14 1.00000
121.6 18.05223 14 1.00000
121.7 18.07448 14 1.00000
121.8 18.09598 14 1.00000
121.9 18.11351 14 1.00000
122.0 17.97318 14 1.00000
122.1 17.98945 14 1.00000
122.2 18.08454 14 1.00000
122.3 18.10774 14 1.00000
122.4 17.96155 14 1.00000
122.5 17.98287 14 1.00000
122.6 18.01634 14 1.00000
122.7 18.05052 14 1.00000
122.8 18.06628 14 1.00000
122.9 18.08258 14 1.00000
123.0 18.10442 14 1.00000
123.1 17.95883 14 1.00000
123.2 17.97846 14 1.00000
123.3 18.00280 14 1.00000
123.4 18.09810 14 1.00000
123.5 18.11894 14 1.00000
123.6 17.97461 14 1.00000
123.7 17.99108 14 1.00000
123.8 18.02443 14 1.00000
123.9 18.04880 14 1.00000
124.0 18.07357 14 1.00000
124.1 18.09241 14 1.00000
124.2 18.11194 14 1.00000
124.3 17.97102 14 1.00000
124.4 17.98860 14 1.00000
124.5 18.08362 14 1.00000
124.6 18.10602 14 1.00000
124.7 17.96000 14 1.00000
124.8 17.97923 14 1.00000
124.9 18.00428 14 1.00000
125.0 18.05067 14 1.00000
125.1 18.06227 14 1.00000
125.2 18.08029 14 1.00000
125.3 18.10210 14 1.00000
125.4 18.12138 14 1.00000
125.5 17.97667 14 1.00000
125.6 17.99874 14 1.00000
125.7 18.09454 14 1.00000
125.8 18.11283 14 1.00000
125.9 17.97145 14 1.00000
126.0 17.98878 14 1.00000
126.1 18.01964 14 1.00000
126.2 18.04387 14 1.00000
126.3 18.07083 14 1.00000
126.4 18.08484 14 1.00000
126.5 18.10807 14 1.00000
126.6 17.96169 14 1.00000
126.7 17.98131 14 1.00000
126.8 18.01694 14 1.00000
126.9 18.10225 14 1.00000
127.0 18.12134 14 1.00000
127.1 17.97649 14 1.00000
127.2 17.99811 14 1.00000
127.3 18.02625 14 1.00000
127.4 18.05367 14 1.00000
127.5 18.07546 14 1.00000
127.6 18.09668 14 1.00000
127.7 18.11402 14 1.00000
127.8 17.97323 14 1.00000
127.9 17.98931 14 1.00000
128.0 18.08458 14 1.00000
128.1 18.10743 14 1.00000
128.2 17.96099 14 1.00000
128.3 17.97983 14 1.00000
128.4 18.00777 14 1.00000
128.5 18.05042 14 1.00000
128.6 18.06401 14 1.00000
128.7 18.08049 14 1.00000
128.8 18.10237 14 1.00000
128.9 18.12143 14 1.00000
129.0 17.97655 14 1.00000
129.1 17.99608 14 1.00000
129.2 18.09308 14 1.00000
129.3 18.11240 14 1.00000
129.4 17.96719 14 1.00000
129.5 17.98836 14 1.00000
129.6 18.01880 14 1.00000
129.7 18.05337 14 1.00000
129.8 18.06997 14 1.00000
129.9 18.08407 14 1.00000
130.0 18.10656 14 1.00000
130.1 17.96026 14 1.00000
130.2 17.97928 14 1.00000
130.3 18.00404 14 1.00000
130.4 18.09921 14 1.00000
130.5 18.11961 14 1.00000
130.6 17.97487 14 1.00000
130.7 17.99101 14 1.00000
130.8 18.02188 14 1.00000
130.9 18.04656 14 1.00000
131.0 18.07315 14 1.00000
131.1 18.08744 14 1.00000
131.2 18.11042 14 1.00000
131.3 17.96577 14 1.00000
131.4 17.98683 14 1.00000
131.5 18.01814 14 1.00000
131.6 18.10380 14 1.00000
131.7 17.95805 14 1.00000
131.8 17.97719 14 1.00000
131.9 17.99913 14 1.00000
132.0 18.02661 14 1.00000
132.1 18.05369 14 1.00000
132.2 18.07584 14 1.00000
132.3 18.09682 14 1.00000
132.4 18.11388 14 1.00000
132.5 17.97191 14 1.00000
132.6 17.98895 14 1.00000
132.7 18.08389 14 1.00000
132.8 18.10670 14 1.00000
132.9 17.96014 14 1.00000
133.0 17.97901 14 1.00000
133.1 18.00299 14 1.00000
133.2 18.05122 14 1.00000
133.3 18.05981 14 1.00000
133.4 18.07802 14 1.00000
133.5 18.09907 14 1.00000
133.6 18.11941 14 1.00000
133.7 17.97465 14 1.00000
133.8 17.99053 14 1.00000
133.9 18.08537 14 1.00000
134.0 18.10912 14 1.00000
134.1 17.96204 14 1.00000
134.2 17.98039 14 1.00000
134.3 18.00626 14 1.00000
134.4 18.05033 14 1.00000
134.5 18.06272 14 1.00000
134.6 18.07973 14 1.00000
134.7 18.10088 14 1.00000
134.8 18.12098 14 1.00000
134.9 17.97593 14 1.00000
135.0 17.99267 14 1.00000
135.1 18.08756 14 1.00000
135.2 18.11102 14 1.00000
135.3 17.96344 14 1.00000
135.4 17.98219 14 1.00000
135.5 18.01439 14 1.00000
135.6 18.04937 14 1.00000
135.7 18.06516 14 1.00000
135.8 18.08180 14 1.00000
135.9 18.10354 14 1.00000
136.0 18.12208 14 1.00000
136.1 17.97680 14 1.00000
136.2 17.99598 14 1.00000
136.3 18.08844 14 1.00000
136.4 18.11217 14 1.00000
136.5 17.96680 14 1.00000
136.6 17.98733 14 1.00000
136.7 18.01768 14 1.00000
136.8 18.05168 14 1.00000
136.9 18.06583 14 1.00000
137.0 18.08219 14 1.00000
137.1 18.10433 14 1.00000
137.2 18.12269 14 1.00000
137.3 17.97725 14 1.00000
137.4 17.99677 14 1.00000
137.5 18.08882 14 1.00000
137.6 18.11268 14 1.00000
137.7 17.96722 14 1.00000
137.8 17.98739 14 1.00000
137.9 18.01801 14 1.00000
138.0 18.05252 14 1.00000
138.1 18.06715 14 1.00000
138.2 18.08229 14 1.00000
138.3 18.10459 14 1.00000
138.4 18.12392 14 1.00000
138.5 17.97733 14 1.00000
138.6 17.99684 14 1.00000
138.7 18.08881 14 1.00000
138.8 18.11258 14 1.00000
138.9 17.96721 14 1.00000
139.0 17.98754 14 1.00000
139.1 18.01788 14 1.00000
139.2 18.05097 14 1.00000
139.3 18.06580 14 1.00000
139.4 18.08209 14 1.00000
139.5 18.10431 14 1.00000
139.6 18.12255 14 1.00000
139.7 17.97704 14 1.00000
139.8 17.99617 14 1.00000
139.9 18.08829 14 1.00000
140.0 18.11185 14 1.00000
140.1 17.96683 14 1.00000
140.2 17.98648 14 1.00000
140.3 18.01485 14 1.00000
140.4 18.05141 14 1.00000
140.5 18.06402 14 1.00000
140.6 18.08041 14 1.00000
140.7 18.10207 14 1.00000
140.8 18.12193 14 1.00000
140.9 17.97647 14 1.00000
141.0 17.99320 14 1.00000
141.1 18.08761 14 1.00000
141.2 18.11070 14 1.00000
141.3 17.96326 14 1.00000
141.4 17.98132 14 1.00000
141.5 18.01061 14 1.00000
141.6 18.04993 14 1.00000
141.7 18.06292 14 1.00000
141.8 18.07957 14 1.00000
141.9 18.10084 14 1.00000
142.0 18.12099 14 1.00000
142.1 17.97564 14 1.00000
142.2 17.99163 14 1.00000
142.3 18.08564 14 1.00000
142.4 18.10902 14 1.00000
142.5 17.96203 14 1.00000
142.6 17.98052 14 1.00000
142.7 18.00580 14 1.00000
142.8 18.05073 14 1.00000
142.9 18.05764 14 1.00000
143.0 18.07823 14 1.00000
143.1 18.09917 14 1.00000
143.2 18.11733 14 1.00000
143.3 17.97454 14 1.00000
143.4 17.98975 14 1.00000
143.5 18.08447 14 1.00000
143.6 18.10717 14 1.00000
143.7 17.96035 14 1.00000
143.8 17.97931 14 1.00000
143.9 18.00311 14 1.00000
144.0 18.05139 14 1.00000
144.1 18.05483 14 1.00000
144.2 18.07648 14 1.00000
144.3 18.09472 14 1.00000
144.4 18.11452 14 1.00000
144.5 17.96839 14 1.00000
144.6 17.98805 14 1.00000
144.7 18.01957 14 1.00000
144.8 18.10489 14 1.00000
144.9 18.12317 14 1.00000
145.0 17.97768 14 1.00000
145.1 17.99788 14 1.00000
145.2 18.02654 14 1.00000
145.3 18.04877 14 1.00000
145.4 18.07445 14 1.00000
145.5 18.08834 14 1.00000
145.6 18.11147 14 1.00000
145.7 17.96418 14 1.00000
145.8 17.98161 14 1.00000
145.9 18.01120 14 1.00000
146.0 18.10107 14 1.00000
146.1 18.12099 14 1.00000
146.2 17.97593 14 1.00000
146.3 17.99264 14 1.00000
146.4 18.02243 14 1.00000
146.5 18.04584 14 1.00000
146.6 18.07216 14 1.00000
146.7 18.08544 14 1.00000
146.8 18.10850 14 1.00000
146.9 17.96163 14 1.00000
147.0 17.98000 14 1.00000
147.1 18.00424 14 1.00000
147.2 18.09844 14 1.00000
147.3 18.11573 14 1.00000
147.4 17.97272 14 1.00000
147.5 17.98939 14 1.00000
147.6 18.02018 14 1.00000
147.7 18.05291 14 1.00000
147.8 18.06844 14 1.00000
147.9 18.08282 14 1.00000
148.0 18.10513 14 1.00000
148.1 18.12471 14 1.00000
148.2 17.97811 14 1.00000
148.3 17.99764 14 1.00000
148.4 18.08873 14 1.00000
148.5 18.11197 14 1.00000
148.6 17.96386 14 1.00000
148.7 17.98180 14 1.00000
148.8 18.01363 14 1.00000
148.9 18.04922 14 1.00000
149.0 18.06341 14 1.00000
149.1 18.07969 14 1.00000
149.2 18.10046 14 1.00000
149.3 18.12063 14 1.00000
149.4 17.97557 14 1.00000
149.5 17.99166 14 1.00000
149.6 18.08538 14 1.00000
149.7 18.10816 14 1.00000
149.8 17.96086 14 1.00000
149.9 17.97947 14 1.00000
150.0 18.00375 14 1.00000
150.1 18.05111 14 1.00000
150.2 18.05528 14 1.00000
150.3 18.07663 14 1.00000
150.4 18.09458 14 1.00000
150.5 18.11391 14 1.00000
150.6 17.96792 14 1.00000
150.7 17.98811 14 1.00000
150.8 18.01927 14 1.00000
150.9 18.10297 14 1.00000
151.0 18.12241 14 1.00000
151.1 17.97682 14 1.00000
151.2 17.99392 14 1.00000
151.3 18.02369 14 1.00000
151.4 18.04719 14 1.00000
151.5 18.07335 14 1.00000
151.6 18.08620 14 1.00000
151.7 18.10928 14 1.00000
151.8 17.96201 14 1.00000
151.9 17.98045 14 1.00000
152.0 18.00582 14 1.00000
152.1 18.09909 14 1.00000
152.2 18.11627 14 1.00000
152.3 17.96911 14 1.00000
152.4 17.98866 14 1.00000
152.5 18.02010 14 1.00000
152.6 18.05255 14 1.00000
152.7 18.06858 14 1.00000
152.8 18.08190 14 1.00000
152.9 18.10476 14 1.00000
153.0 18.12289 14 1.00000
153.1 17.97750 14 1.00000
153.2 17.99753 14 1.00000
153.3 18.08847 14 1.00000
153.4 18.11128 14 1.00000
153.5 17.96312 14 1.00000
153.6 17.98094 14 1.00000
153.7 18.00760 14 1.00000
153.8 18.04985 14 1.00000
153.9 18.05869 14 1.00000
154.0 18.07862 14 1.00000
154.1 18.09916 14 1.00000
154.2 18.11625 14 1.00000
154.3 17.97320 14 1.00000
154.4 17.98974 14 1.00000
154.5 18.02143 14 1.00000
154.6 18.10633 14 1.00000
154.7 18.12389 14 1.00000
154.8 17.97790 14 1.00000
154.9 17.99795 14 1.00000
155.0 18.02570 14 1.00000
155.1 18.04954 14 1.00000
155.2 18.07474 14 1.00000
155.3 18.08719 14 1.00000
155.4 18.11064 14 1.00000
155.5 17.96289 14 1.00000
155.6 17.98097 14 1.00000
155.7 18.00832 14 1.00000
155.8 18.10040 14 1.00000
155.9 18.11762 14 1.00000
156.0 17.97350 14 1.00000
156.1 17.98969 14 1.00000
156.2 18.02051 14 1.00000
156.3 18.05357 14 1.00000
156.4 18.06940 14 1.00000
156.5 18.08320 14 1.00000
156.6 18.10533 14 1.00000
156.7 18.12321 14 1.00000
156.8 17.97761 14 1.00000
156.9 17.99562 14 1.00000
157.0 18.08894 14 1.00000
157.1 18.11178 14 1.00000
157.2 17.96333 14 1.00000
157.3 17.98097 14 1.00000
157.4 18.00736 14 1.00000
157.5 18.05007 14 1.00000
157.6 18.05898 14 1.00000
157.7 18.07874 14 1.00000
157.8 18.09911 14 1.00000
157.9 18.11595 14 1.00000
158.0 17.96894 14 1.00000
158.1 17.98860 14 1.00000
158.2 18.02110 14 1.00000
158.3 18.10617 14 1.00000
158.4 18.12360 14 1.00000
158.5 17.97753 14 1.00000
158.6 17.99476 14 1.00000
158.7 18.02390 14 1.00000
158.8 18.04832 14 1.00000
158.9 18.07437 14 1.00000
159.0 18.08675 14 1.00000
159.1 18.10973 14 1.00000
159.2 17.96203 14 1.00000
159.3 17.98021 14 1.00000
159.4 18.00550 14 1.00000
159.5 18.09962 14 1.00000
159.6 18.11650 14 1.00000
159.7 17.96896 14 1.00000
159.8 17.98835 14 1.00000
159.9 18.01656 14 1.00000
160.0 18.05233 14 1.00000
160.1 18.06747 14 1.00000
160.2 18.08114 14 1.00000
160.3 18.10262 14 1.00000
160.4 18.12191 14 1.00000
160.5 17.97624 14 1.00000
160.6 17.99278 14 1.00000
160.7 18.08675 14 1.00000
160.8 18.11006 14 1.00000
160.9 17.96198 14 1.00000
161.0 17.97985 14 1.00000
161.1 18.00375 14 1.00000
161.2 18.05174 14 1.00000
161.3 18.05438 14 1.00000
161.4 18.07734 14 1.00000
161.5 18.09013 14 1.00000
161.6 18.11352 14 1.00000
161.7 17.96474 14 1.00000
161.8 17.98198 14 1.00000
161.9 18.01070 14 1.00000
162.0 18.10278 14 1.00000
162.1 18.12176 14 1.00000
162.2 17.97581 14 1.00000
162.3 17.99167 14 1.00000
162.4 18.02151 14 1.00000
162.5 18.04407 14 1.00000
162.6 18.07129 14 1.00000
162.7 18.08512 14 1.00000
162.8 18.10682 14 1.00000
162.9 18.12415 14 1.00000
163.0 17.97816 14 1.00000
163.1 17.99628 14 1.00000
163.2 18.08997 14 1.00000
163.3 18.11335 14 1.00000
163.4 17.96420 14 1.00000
163.5 17.98143 14 1.00000
163.6 18.00808 14 1.00000
163.7 18.05017 14 1.00000
163.8 18.05797 14 1.00000
163.9 18.07970 14 1.00000
164.0 18.09974 14 1.00000
164.1 18.11640 14 1.00000
164.2 17.96897 14 1.00000
164.3 17.98846 14 1.00000
164.4 18.02050 14 1.00000
164.5 18.10682 14 1.00000
164.6 18.12387 14 1.00000
164.7 17.97754 14 1.00000
164.8 17.99437 14 1.00000
164.9 18.02340 14 1.00000
165.0 18.04576 14 1.00000
165.1 18.07461 14 1.00000
165.2 18.08673 14 1.00000
165.3 18.10937 14 1.00000
165.4 17.96148 14 1.00000
165.5 17.97942 14 1.00000
165.6 18.00112 14 1.00000
165.7 18.09826 14 1.00000
165.8 18.11591 14 1.00000
165.9 17.96845 14 1.00000
166.0 17.98574 14 1.00000
166.1 18.01129 14 1.00000
166.2 18.05111 14 1.00000
166.3 18.06461 14 1.00000
166.4 18.08084 14 1.00000
166.5 18.10156 14 1.00000
166.6 18.11836 14 1.00000
166.7 17.97415 14 1.00000
166.8 17.98929 14 1.00000
166.9 18.02218 14 1.00000
167.0 18.10904 14 1.00000
167.1 17.95957 14 1.00000
167.2 17.97868 14 1.00000
167.3 17.99645 14 1.00000
167.4 18.02460 14 1.00000
167.5 18.04844 14 1.00000
167.6 18.07619 14 1.00000
167.7 18.08797 14 1.00000
167.8 18.11117 14 1.00000
167.9 17.96276 14 1.00000
168.0 17.98048 14 1.00000
168.1 18.00550 14 1.00000
168.2 18.10138 14 1.00000
168.3 18.11801 14 1.00000
168.4 17.97107 14 1.00000
168.5 17.98859 14 1.00000
168.6 18.01659 14 1.00000
168.7 18.05059 14 1.00000
168.8 18.06590 14 1.00000
168.9 18.08211 14 1.00000
169.0 18.10312 14 1.00000
169.1 18.12198 14 1.00000
169.2 17.97600 14 1.00000
169.3 17.99182 14 1.00000
169.4 18.02300 14 1.00000
169.5 18.11070 14 1.00000
169.6 17.96199 14 1.00000
169.7 17.97952 14 1.00000
169.8 18.00035 14 1.00000
169.9 18.02649 14 1.00000
170.0 18.04975 14 1.00000
170.1 18.07755 14 1.00000
170.2 18.09000 14 1.00000
170.3 18.11255 14 1.00000
170.4 17.96369 14 1.00000
170.5 17.98110 14 1.00000
170.6 18.00693 14 1.00000
170.7 18.10272 14 1.00000
170.8 18.11908 14 1.00000
170.9 17.97420 14 1.00000
171.0 17.98914 14 1.00000
171.1 18.01878 14 1.00000
171.2 18.05347 14 1.00000
171.3 18.06981 14 1.00000
171.4 18.08380 14 1.00000
171.5 18.10423 14 1.00000
171.6 18.12283 14 1.00000
171.7 17.97662 14 1.00000
171.8 17.99279 14 1.00000
171.9 18.08640 14 1.00000
172.0 18.11203 14 1.00000
172.1 17.96302 14 1.00000
172.2 17.98029 14 1.00000
172.3 18.00159 14 1.00000
172.4 18.05177 14 1.00000
172.5 18.05041 14 1.00000
172.6 18.07853 14 1.00000
172.7 18.09081 14 1.00000
172.8 18.11363 14 1.00000
172.9 17.96457 14 1.00000
173.0 17.98153 14 1.00000
173.1 18.00793 14 1.00000
173.2 18.10397 14 1.00000
173.3 18.12221 14 1.00000
173.4 17.97485 14 1.00000
173.5 17.99073 14 1.00000
173.6 18.02064 14 1.00000
173.7 18.05589 14 1.00000
173.8 18.07195 14 1.00000
173.9 18.08442 14 1.00000
174.0 18.10653 14 1.00000
174.1 18.12347 14 1.00000
174.2 17.97707 14 1.00000
174.3 17.99348 14 1.00000
174.4 18.08736 14 1.00000
174.5 18.11332 14 1.00000
174.6 17.96375 14 1.00000
174.7 17.98076 14 1.00000
174.8 18.00501 14 1.00000
174.9 18.05173 14 1.00000
175.0 18.05303 14 1.00000
175.1 18.07936 14 1.00000
175.2 18.09629 14 1.00000
175.3 18.11481 14 1.00000
175.4 17.96510 14 1.00000
175.5 17.98186 14 1.00000
175.6 18.00977 14 1.00000
175.7 18.10495 14 1.00000
175.8 18.12294 14 1.00000
175.9 17.97634 14 1.00000
176.0 17.99152 14 1.00000
176.1 18.02108 14 1.00000
176.2 18.05321 14 1.00000
176.3 18.07395 14 1.00000
176.4 18.08585 14 1.00000
176.5 18.10733 14 1.00000
176.6 18.12402 14 1.00000
176.7 17.97744 14 1.00000
176.8 17.99446 14 1.00000
176.9 18.08862 14 1.00000
177.0 18.11436 14 1.00000
177.1 17.96439 14 1.00000
177.2 17.98118 14 1.00000
177.3 18.00591 14 1.00000
177.4 18.05169 14 1.00000
177.5 18.05704 14 1.00000
177.6 18.08013 14 1.00000
177.7 18.09699 14 1.00000
177.8 18.11564 14 1.00000
177.9 17.96558 14 1.00000
178.0 17.98214 14 1.00000
178.1 18.01231 14 1.00000
178.2 18.10731 14 1.00000
178.3 18.12374 14 1.00000
178.4 17.97684 14 1.00000
178.5 17.99258 14 1.00000
178.6 18.02150 14 1.00000
178.7 18.04403 14 1.00000
178.8 18.07489 14 1.00000
178.9 18.08643 14 1.00000
179.0 18.10812 14 1.00000
179.1 18.12456 14 1.00000
179.2 17.97798 14 1.00000
179.3 17.99629 14 1.00000
179.4 18.09092 14 1.00000
179.5 18.11543 14 1.00000
179.6 17.96503 14 1.00000
179.7 17.98160 14 1.00000
179.8 18.00686 14 1.00000
179.9 18.05148 14 1.00000
180.0 18.05832 14 1.00000
180.1 18.08064 14 1.00000
180.2 18.09918 14 1.00000
180.3 18.11654 14 1.00000
180.4 17.96608 14 1.00000
180.5 17.98301 14 1.00000
180.6 18.01736 14 1.00000
180.7 18.10836 14 1.00000
180.8 18.12448 14 1.00000
180.9 17.97754 14 1.00000
181.0 17.99343 14 1.00000
181.1 18.02253 14 1.00000
181.2 18.04562 14 1.00000
181.3 18.07578 14 1.00000
181.4 18.08709 14 1.00000
181.5 18.10903 14 1.00000
181.6 18.12508 14 1.00000
181.7 17.97887 14 1.00000
181.8 17.99795 14 1.00000
181.9 18.10083 14 1.00000
182.0 18.11666 14 1.00000
182.1 17.96577 14 1.00000
182.2 17.98208 14 1.00000
182.3 18.00971 14 1.00000
182.4 18.04943 14 1.00000
182.5 18.06343 14 1.00000
182.6 18.08113 14 1.00000
182.7 18.10146 14 1.00000
182.8 18.11763 14 1.00000
182.9 17.97105 14 1.00000
183.0 17.98901 14 1.00000
183.1 18.02177 14 1.00000
183.2 18.10976 14 1.00000
183.3 18.12526 14 1.00000
183.4 17.97817 14 1.00000
183.5 17.99542 14 1.00000
183.6 18.02394 14 1.00000
183.7 18.04681 14 1.00000
183.8 18.07683 14 1.00000
183.9 18.08800 14 1.00000
184.0 18.11042 14 1.00000
184.1 17.96218 14 1.00000
184.2 17.97987 14 1.00000
184.3 18.00200 14 1.00000
184.4 18.10223 14 1.00000
184.5 18.11805 14 1.00000
184.6 17.96667 14 1.00000
184.7 17.98324 14 1.00000
184.8 18.01249 14 1.00000
184.9 18.05042 14 1.00000
185.0 18.06680 14 1.00000
185.1 18.08177 14 1.00000
185.2 18.10264 14 1.00000
185.3 18.11920 14 1.00000
185.4 17.97478 14 1.00000
185.5 17.98987 14 1.00000
185.6 18.02351 14 1.00000
185.7 18.11133 14 1.00000
185.8 17.96067 14 1.00000
185.9 17.97944 14 1.00000
186.0 17.99786 14 1.00000
186.1 18.02563 14 1.00000
186.2 18.05050 14 1.00000
186.3 18.07825 14 1.00000
186.4 18.09038 14 1.00000
186.5 18.11273 14 1.00000
186.6 17.96381 14 1.00000
186.7 17.98141 14 1.00000
186.8 18.00834 14 1.00000
186.9 18.10383 14 1.00000
187.0 18.11974 14 1.00000
187.1 17.97229 14 1.00000
187.2 17.98938 14 1.00000
187.3 18.01805 14 1.00000
187.4 18.05333 14 1.00000
187.5 18.07224 14 1.00000
187.6 18.08450 14 1.00000
187.7 18.10504 14 1.00000
187.8 18.12352 14 1.00000
187.9 17.97743 14 1.00000
188.0 17.99429 14 1.00000
188.1 18.08789 14 1.00000
188.2 18.11394 14 1.00000
188.3 17.96430 14 1.00000
188.4 17.98105 14 1.00000
188.5 18.00653 14 1.00000
188.6 18.05160 14 1.00000
188.7 18.05416 14 1.00000
188.8 18.08017 14 1.00000
188.9 18.09726 14 1.00000
189.0 18.11633 14 1.00000
189.1 17.96622 14 1.00000
189.2 17.98275 14 1.00000
189.3 18.01280 14 1.00000
189.4 18.10782 14 1.00000
189.5 18.12436 14 1.00000
189.6 17.97768 14 1.00000
189.7 17.99415 14 1.00000
189.8 18.02272 14 1.00000
189.9 18.04497 14 1.00000
190.0 18.07599 14 1.00000
190.1 18.08727 14 1.00000
190.2 18.10971 14 1.00000
190.3 18.12718 14 1.00000
190.4 17.97929 14 1.00000
190.5 18.00086 14 1.00000
190.6 18.10147 14 1.00000
190.7 18.11752 14 1.00000
190.8 17.96662 14 1.00000
190.9 17.98291 14 1.00000
191.0 18.01169 14 1.00000
191.1 18.05075 14 1.00000
191.2 18.06588 14 1.00000
191.3 18.08185 14 1.00000
191.4 18.10291 14 1.00000
191.5 18.11924 14 1.00000
191.6 17.97240 14 1.00000
191.7 17.98980 14 1.00000
191.8 18.02355 14 1.00000
191.9 18.11193 14 1.00000
192.0 17.96123 14 1.00000
192.1 17.97970 14 1.00000
192.2 17.99810 14 1.00000
192.3 18.02587 14 1.00000
192.4 18.05130 14 1.00000
192.5 18.07902 14 1.00000
192.6 18.09117 14 1.00000
192.7 18.11365 14 1.00000
192.8 17.96457 14 1.00000
192.9 17.98204 14 1.00000
193.0 18.01043 14 1.00000
193.1 18.10526 14 1.00000
193.2 18.12321 14 1.00000
193.3 17.97537 14 1.00000
193.4 17.99035 14 1.00000
193.5 18.02195 14 1.00000
193.6 18.04433 14 1.00000
193.7 18.07528 14 1.00000
193.8 18.08659 14 1.00000
193.9 18.10850 14 1.00000
194.0 18.12515 14 1.00000
194.1 17.97885 14 1.00000
194.2 17.99824 14 1.00000
194.3 18.09726 14 1.00000
194.4 18.11663 14 1.00000
194.5 17.96594 14 1.00000
194.6 17.98276 14 1.00000
194.7 18.01163 14 1.00000
194.8 18.05087 14 1.00000
194.9 18.06438 14 1.00000
195.0 18.08163 14 1.00000
195.1 18.10272 14 1.00000
195.2 18.11926 14 1.00000
195.3 17.97259 14 1.00000
195.4 17.98992 14 1.00000
195.5 18.02353 14 1.00000
195.6 18.11176 14 1.00000
195.7 17.96130 14 1.00000
195.8 17.97990 14 1.00000
195.9 17.99885 14 1.00000
196.0 18.02621 14 1.00000
196.1 18.05154 14 1.00000
196.2 18.07945 14 1.00000
196.3 18.09176 14 1.00000
196.4 18.11479 14 1.00000
196.5 17.96547 14 1.00000
196.6 17.98247 14 1.00000
196.7 18.01205 14 1.00000
196.8 18.10608 14 1.00000
196.9 18.12407 14 1.00000
197.0 17.97744 14 1.00000
197.1 17.99413 14 1.00000
197.2 18.02278 14 1.00000
197.3 18.04512 14 1.00000
197.4 18.07622 14 1.00000
197.5 18.08753 14 1.00000
197.6 18.11022 14 1.00000
197.7 17.96089 14 1.00000
197.8 17.97971 14 1.00000
197.9 18.00252 14 1.00000
198.0 18.10277 14 1.00000
198.1 18.11911 14 1.00000
198.2 17.97168 14 1.00000
198.3 17.98699 14 1.00000
198.4 18.01337 14 1.00000
198.5 18.05336 14 1.00000
198.6 18.07084 14 1.00000
198.7 18.08357 14 1.00000
198.8 18.10507 14 1.00000
198.9 18.12351 14 1.00000
199.0 17.97741 14 1.00000
199.1 17.99512 14 1.00000
199.2 18.08914 14 1.00000
199.3 18.11504 14 1.00000
199.4 17.96502 14 1.00000
199.5 17.98157 14 1.00000
199.6 18.00916 14 1.00000
199.7 18.04941 14 1.00000
199.8 18.05943 14 1.00000
199.9 18.08121 14 1.00000
200.0 18.10206 14 1.00000
200.1 18.11886 14 1.00000
200.2 17.97191 14 1.00000
200.3 17.98963 14 1.00000
200.4 18.02297 14 1.00000
200.5 18.11170 14 1.00000
200.6 17.96111 14 1.00000
200.7 17.97989 14 1.00000
200.8 17.99910 14 1.00000
200.9 18.02651 14 1.00000
201.0 18.05217 14 1.00000
201.1 18.07979 14 1.00000
201.2 18.09225 14 1.00000
201.3 18.11533 14 1.00000
201.4 17.96600 14 1.00000
201.5 17.98296 14 1.00000
201.6 18.01335 14 1.00000
201.7 18.10844 14 1.00000
201.8 18.12500 14 1.00000
201.9 17.97847 14 1.00000
202.0 17.99607 14 1.00000
202.1 18.02417 14 1.00000
202.2 18.04702 14 1.00000
202.3 18.07769 14 1.00000
202.4 18.08904 14 1.00000
202.5 18.11248 14 1.00000
202.6 17.96377 14 1.00000
202.7 17.98169 14 1.00000
202.8 18.00944 14 1.00000
202.9 18.10497 14 1.00000
203.0 18.12341 14 1.00000
203.1 17.97582 14 1.00000
203.2 17.99278 14 1.00000
203.3 18.02223 14 1.00000
203.4 18.04499 14 1.00000
203.5 18.07624 14 1.00000
203.6 18.08740 14 1.00000
203.7 18.11021 14 1.00000
203.8 17.96103 14 1.00000
203.9 17.98015 14 1.00000
204.0 18.00326 14 1.00000
204.1 18.10341 14 1.00000
204.2 18.11979 14 1.00000
204.3 17.97242 14 1.00000
204.4 17.98744 14 1.00000
204.5 18.01679 14 1.00000
204.6 18.05263 14 1.00000
204.7 18.07491 14 1.00000
204.8 18.08548 14 1.00000
204.9 18.10857 14 1.00000
205.0 18.12551 14 1.00000
205.1 17.97937 14 1.00000
205.2 17.99936 14 1.00000
205.3 18.10202 14 1.00000
205.4 18.11827 14 1.00000
205.5 17.97167 14 1.00000
205.6 17.98605 14 1.00000
205.7 18.01358 14 1.00000
205.8 18.05519 14 1.00000
205.9 18.07128 14 1.00000
206.0 18.08496 14 1.00000
206.1 18.10587 14 1.00000
206.2 18.12457 14 1.00000
206.3 17.97859 14 1.00000
206.4 17.99714 14 1.00000
206.5 18.09200 14 1.00000
206.6 18.11724 14 1.00000
206.7 17.96717 14 1.00000
206.8 17.98322 14 1.00000
206.9 18.01294 14 1.00000
207.0 18.05219 14 1.00000
207.1 18.06780 14 1.00000
207.2 18.08335 14 1.00000
207.3 18.10530 14 1.00000
207.4 18.12408 14 1.00000
207.5 17.97817 14 1.00000
207.6 17.99674 14 1.00000
207.7 18.09096 14 1.00000
207.8 18.11679 14 1.00000
207.9 17.96656 14 1.00000
208.0 17.98296 14 1.00000
208.1 18.01284 14 1.00000
208.2 18.05180 14 1.00000
208.3 18.06764 14 1.00000
208.4 18.08243 14 1.00000
208.5 18.10504 14 1.00000
208.6 18.12384 14 1.00000
208.7 17.97820 14 1.00000
208.8 17.99675 14 1.00000
208.9 18.08985 14 1.00000
209.0 18.11671 14 1.00000
209.1 17.96648 14 1.00000
209.2 17.98310 14 1.00000
209.3 18.01301 14 1.00000
209.4 18.05223 14 1.00000
209.5 18.06775 14 1.00000
209.6 18.08327 14 1.00000
209.7 18.10547 14 1.00000
209.8 18.12447 14 1.00000
209.9 17.97843 14 1.00000
210.0 17.99718 14 1.00000
210.1 18.09116 14 1.00000
210.2 18.11747 14 1.00000
210.3 17.96723 14 1.00000
210.4 17.98565 14 1.00000
210.5 18.01343 14 1.00000
210.6 18.05353 14 1.00000
210.7 18.07216 14 1.00000
210.8 18.08504 14 1.00000
210.9 18.10659 14 1.00000
211.0 18.12496 14 1.00000
211.1 17.97905 14 1.00000
211.2 17.99945 14 1.00000
211.3 18.10054 14 1.00000
211.4 18.11864 14 1.00000
211.5 17.97188 14 1.00000
211.6 17.98632 14 1.00000
211.7 18.01674 14 1.00000
211.8 18.05306 14 1.00000
211.9 18.07512 14 1.00000
212.0 18.08575 14 1.00000
212.1 18.10918 14 1.00000
212.2 18.12642 14 1.00000
212.3 17.97993 14 1.00000
212.4 18.00348 14 1.00000
212.5 18.10331 14 1.00000
212.6 18.12011 14 1.00000
212.7 17.97333 14 1.00000
212.8 17.99032 14 1.00000
212.9 18.02232 14 1.00000
213.0 18.04348 14 1.00000
213.1 18.07648 14 1.00000
213.2 18.08819 14 1.00000
213.3 18.11138 14 1.00000
213.4 17.96361 14 1.00000
213.5 17.98123 14 1.00000
213.6 18.00992 14 1.00000
213.7 18.10580 14 1.00000
213.8 18.12402 14 1.00000
213.9 17.97803 14 1.00000
214.0 17.99555 14 1.00000
214.1 18.02415 14 1.00000
214.2 18.04733 14 1.00000
214.3 18.07831 14 1.00000
214.4 18.09153 14 1.00000
214.5 18.11379 14 1.00000
214.6 17.96561 14 1.00000
214.7 17.98303 14 1.00000
214.8 18.01404 14 1.00000
214.9 18.11049 14 1.00000
215.0 18.12595 14 1.00000
215.1 17.97968 14 1.00000
215.2 17.99906 14 1.00000
215.3 18.02674 14 1.00000
215.4 18.05498 14 1.00000
215.5 18.08054 14 1.00000
215.6 18.10068 14 1.00000
215.7 18.11909 14 1.00000
215.8 17.97232 14 1.00000
215.9 17.99082 14 1.00000
216.0 18.02453 14 1.00000
216.1 18.11454 14 1.00000
216.2 17.96499 14 1.00000
216.3 17.98190 14 1.00000
216.4 18.01125 14 1.00000
216.5 18.05072 14 1.00000
216.6 18.06672 14 1.00000
216.7 18.08233 14 1.00000
216.8 18.10537 14 1.00000
216.9 18.12453 14 1.00000
217.0 17.97859 14 1.00000
217.1 17.99914 14 1.00000
217.2 18.09818 14 1.00000
217.3 18.11880 14 1.00000
217.4 17.97217 14 1.00000
217.5 17.98746 14 1.00000
217.6 18.01902 14 1.00000
217.7 18.05374 14 1.00000
217.8 18.07628 14 1.00000
217.9 18.08767 14 1.00000
218.0 18.11165 14 1.00000
218.1 17.96371 14 1.00000
218.2 17.98145 14 1.00000
218.3 18.01171 14 1.00000
218.4 18.10666 14 1.00000
218.5 18.12482 14 1.00000
218.6 17.97882 14 1.00000
218.7 17.99763 14 1.00000
218.8 18.02554 14 1.00000
218.9 18.05257 14 1.00000
219.0 18.08030 14 1.00000
219.1 18.09825 14 1.00000
219.2 18.11845 14 1.00000
219.3 17.96792 14 1.00000
219.4 17.99100 14 1.00000
219.5 18.02457 14 1.00000
219.6 18.11450 14 1.00000
219.7 17.96519 14 1.00000
219.8 17.98200 14 1.00000
219.9 18.01271 14 1.00000
220.0 18.05151 14 1.00000
220.1 18.06820 14 1.00000
220.2 18.08364 14 1.00000
220.3 18.10619 14 1.00000
220.4 18.12592 14 1.00000
220.5 17.97965 14 1.00000
220.6 18.00359 14 1.00000
220.7 18.10353 14 1.00000
220.8 18.12102 14 1.00000
220.9 17.97615 14 1.00000
221.0 17.99491 14 1.00000
221.1 18.02359 14 1.00000
221.2 18.04635 14 1.00000
221.3 18.07866 14 1.00000
221.4 18.09172 14 1.00000
221.5 18.11604 14 1.00000
221.6 17.96660 14 1.00000
221.7 17.98980 14 1.00000
221.8 18.02292 14 1.00000
221.9 18.11320 14 1.00000
222.0 17.96381 14 1.00000
222.1 17.98147 14 1.00000
222.2 18.01167 14 1.00000
222.3 18.05066 14 1.00000
222.4 18.06756 14 1.00000
222.5 18.08261 14 1.00000
222.6 18.10612 14 1.00000
222.7 18.12582 14 1.00000
222.8 17.97954 14 1.00000
222.9 18.00379 14 1.00000
223.0 18.10360 14 1.00000
223.1 18.12133 14 1.00000
223.2 17.97755 14 1.00000
223.3 17.99572 14 1.00000
223.4 18.02436 14 1.00000
223.5 18.04767 14 1.00000
223.6 18.07948 14 1.00000
223.7 18.09263 14 1.00000
223.8 18.11831 14 1.00000
223.9 17.96769 14 1.00000
224.0 17.99139 14 1.00000
224.1 18.02475 14 1.00000
224.2 18.11505 14 1.00000
224.3 17.96576 14 1.00000
224.4 17.98277 14 1.00000
224.5 18.01372 14 1.00000
224.6 18.05529 14 1.00000
224.7 18.07391 14 1.00000
224.8 18.08715 14 1.00000
224.9 18.11119 14 1.00000
225.0 17.96224 14 1.00000
225.1 17.98136 14 1.00000
225.2 18.01239 14 1.00000
225.3 18.10730 14 1.00000
225.4 18.12590 14 1.00000
225.5 17.97971 14 1.00000
225.6 18.00330 14 1.00000
225.7 18.05153 14 1.00000
225.8 18.06021 14 1.00000
225.9 18.08167 14 1.00000
226.0 18.10441 14 1.00000
226.1 18.12427 14 1.00000
226.2 17.97872 14 1.00000
226.3 18.00013 14 1.00000
226.4 18.10271 14 1.00000
226.5 18.12063 14 1.00000
226.6 17.97379 14 1.00000
226.7 17.99534 14 1.00000
226.8 18.02435 14 1.00000
226.9 18.04759 14 1.00000
227.0 18.07964 14 1.00000
227.1 18.09301 14 1.00000
227.2 18.11864 14 1.00000
227.3 17.96822 14 1.00000
227.4 17.99458 14 1.00000
227.5 18.08877 14 1.00000
227.6 18.11752 14 1.00000
227.7 17.96720 14 1.00000
227.8 17.98638 14 1.00000
227.9 18.01740 14 1.00000
228.0 18.04345 14 1.00000
228.1 18.07737 14 1.00000
228.2 18.08959 14 1.00000
228.3 18.11424 14 1.00000
228.4 17.96594 14 1.00000
228.5 17.98754 14 1.00000
228.6 18.02269 14 1.00000
228.7 18.11407 14 1.00000
228.8 17.96530 14 1.00000
228.9 17.98259 14 1.00000
229.0 18.01337 14 1.00000
229.1 18.05590 14 1.00000
229.2 18.07576 14 1.00000
229.3 18.08740 14 1.00000
229.4 18.11215 14 1.00000
229.5 17.96444 14 1.00000
229.6 17.98304 14 1.00000
229.7 18.01406 14 1.00000
229.8 18.11189 14 1.00000
229.9 17.96211 14 1.00000
230.0 17.98128 14 1.00000
230.1 18.01188 14 1.00000
230.2 18.05087 14 1.00000
230.3 18.07349 14 1.00000
230.4 18.08581 14 1.00000
230.5 18.11077 14 1.00000
230.6 17.96241 14 1.00000
230.7 17.98242 14 1.00000
230.8 18.01319 14 1.00000
230.9 18.11051 14 1.00000
231.0 18.12713 14 1.00000
231.1 17.98101 14 1.00000
231.2 18.01103 14 1.00000
231.3 18.05053 14 1.00000
231.4 18.07188 14 1.00000
231.5 18.08570 14 1.00000
231.6 18.11055 14 1.00000
231.7 17.96222 14 1.00000
231.8 17.98148 14 1.00000
231.9 18.01326 14 1.00000
232.0 18.11057 14 1.00000
232.1 18.12717 14 1.00000
232.2 17.98103 14 1.00000
232.3 18.01167 14 1.00000
232.4 18.05048 14 1.00000
232.5 18.07214 14 1.00000
232.6 18.08588 14 1.00000
232.7 18.11122 14 1.00000
232.8 17.96390 14 1.00000
232.9 17.98282 14 1.00000
233.0 18.01399 14 1.00000
233.1 18.11210 14 1.00000
233.2 17.96221 14 1.00000
233.3 17.98168 14 1.00000
233.4 18.01291 14 1.00000
233.5 18.05420 14 1.00000
233.6 18.07572 14 1.00000
233.7 18.08755 14 1.00000
233.8 18.11309 14 1.00000
233.9 17.96533 14 1.00000
234.0 17.98587 14 1.00000
234.1 18.01789 14 1.00000
234.2 18.11444 14 1.00000
234.3 17.96575 14 1.00000
234.4 17.98305 14 1.00000
234.5 18.01452 14 1.00000
234.6 18.05464 14 1.00000
234.7 18.07745 14 1.00000
234.8 18.08983 14 1.00000
234.9 18.11529 14 1.00000
235.0 17.96757 14 1.00000
235.1 17.99178 14 1.00000
235.2 18.08896 14 1.00000
235.3 18.11797 14 1.00000
235.4 17.96826 14 1.00000
235.5 17.99039 14 1.00000
235.6 18.02370 14 1.00000
235.7 18.04766 14 1.00000
235.8 18.07986 14 1.00000
235.9 18.09931 14 1.00000
236.0 18.12061 14 1.00000
236.1 17.97786 14 1.00000
236.2 18.00003 14 1.00000
236.3 18.10313 14 1.00000
236.4 18.12168 14 1.00000
236.5 17.97834 14 1.00000
236.6 17.99887 14 1.00000
236.7 18.02710 14 1.00000
236.8 18.06074 14 1.00000
236.9 18.08222 14 1.00000
237.0 18.10617 14 1.00000
237.1 18.12677 14 1.00000
237.2 17.98117 14 1.00000
237.3 18.01252 14 1.00000
237.4 18.11056 14 1.00000
237.5 17.95951 14 1.00000
237.6 17.98167 14 1.00000
237.7 18.01261 14 1.00000
237.8 18.05546 14 1.00000
237.9 18.07678 14 1.00000
238.0 18.08856 14 1.00000
238.1 18.11420 14 1.00000
238.2 17.96679 14 1.00000
238.3 17.99176 14 1.00000
238.4 18.08891 14 1.00000
238.5 18.11787 14 1.00000
238.6 17.97306 14 1.00000
238.7 17.99433 14 1.00000
238.8 18.02458 14 1.00000
238.9 18.05238 14 1.00000
239.0 18.08104 14 1.00000
239.1 18.10371 14 1.00000
239.2 18.12485 14 1.00000
239.3 17.98011 14 1.00000
239.4 18.00683 14 1.00000
239.5 18.10597 14 1.00000
239.6 18.12645 14 1.00000
239.7 17.98102 14 1.00000
239.8 18.01142 14 1.00000
239.9 18.05154 14 1.00000
240.0 18.07644 14 1.00000
240.1 18.08809 14 1.00000
240.2 18.11383 14 1.00000
240.3 17.96631 14 1.00000
240.4 17.99210 14 1.00000
240.5 18.08909 14 1.00000
240.6 18.11804 14 1.00000
240.7 17.97391 14 1.00000
240.8 17.99615 14 1.00000
240.9 18.02521 14 1.00000
241.0 18.05537 14 1.00000
241.1 18.08174 14 1.00000
241.2 18.10540 14 1.00000
241.3 18.12592 14 1.00000
241.4 17.98152 14 1.00000
241.5 18.01294 14 1.00000
241.6 18.11106 14 1.00000
241.7 17.96583 14 1.00000
241.8 17.98304 14 1.00000
241.9 18.01440 14 1.00000
242.0 18.04371 14 1.00000
242.1 18.07908 14 1.00000
242.2 18.09321 14 1.00000
242.3 18.11891 14 1.00000
242.4 17.97893 14 1.00000
242.5 18.00119 14 1.00000
242.6 18.10396 14 1.00000
242.7 18.12519 14 1.00000
242.8 17.98032 14 1.00000
242.9 18.00542 14 1.00000
243.0 18.05036 14 1.00000
243.1 18.07650 14 1.00000
243.2 18.08811 14 1.00000
243.3 18.11419 14 1.00000
243.4 17.96803 14 1.00000
243.5 17.99520 14 1.00000
243.6 18.09027 14 1.00000
243.7 18.12076 14 1.00000
243.8 17.97841 14 1.00000
243.9 17.99885 14 1.00000
244.0 18.05175 14 1.00000
244.1 18.07013 14 1.00000
244.2 18.08447 14 1.00000
244.3 18.11144 14 1.00000
244.4 17.96556 14 1.00000
244.5 17.99090 14 1.00000
244.6 18.02523 14 1.00000
244.7 18.11793 14 1.00000
244.8 17.97400 14 1.00000
244.9 17.99713 14 1.00000
245.0 18.02621 14 1.00000
245.1 18.06546 14 1.00000
245.2 18.08274 14 1.00000
245.3 18.10772 14 1.00000
245.4 17.96444 14 1.00000
245.5 17.98767 14 1.00000
245.6 18.02358 14 1.00000
245.7 18.11604 14 1.00000
245.8 17.97343 14 1.00000
245.9 17.99605 14 1.00000
246.0 18.02583 14 1.00000
246.1 18.06095 14 1.00000
246.2 18.08264 14 1.00000
246.3 18.10715 14 1.00000
246.4 17.96453 14 1.00000
246.5 17.98772 14 1.00000
246.6 18.02365 14 1.00000
246.7 18.11667 14 1.00000
246.8 17.97395 14 1.00000
246.9 17.99652 14 1.00000
247.0 18.02663 14 1.00000
247.1 18.06766 14 1.00000
247.2 18.08299 14 1.00000
247.3 18.11038 14 1.00000
247.4 17.96556 14 1.00000
247.5 17.99124 14 1.00000
247.6 18.08896 14 1.00000
247.7 18.11919 14 1.00000
247.8 17.97810 14 1.00000
247.9 17.99899 14 1.00000
248.0 18.05117 14 1.00000
248.1 18.07325 14 1.00000
248.2 18.08651 14 1.00000
248.3 18.11376 14 1.00000
248.4 17.96794 14 1.00000
248.5 17.99578 14 1.00000
248.6 18.09332 14 1.00000
248.7 18.12179 14 1.00000
248.8 17.97996 14 1.00000
248.9 18.00588 14 1.00000
249.0 18.05394 14 1.00000
249.1 18.07751 14 1.00000
249.2 18.09020 14 1.00000
249.3 18.11876 14 1.00000
249.4 17.97897 14 1.00000
249.5 18.00419 14 1.00000
249.6 18.10606 14 1.00000
249.7 18.12879 14 1.00000
249.8 17.98221 14 1.00000
249.9 18.01476 14 1.00000
250.0 18.04618 14 1.00000
