15.0 1.44848 13 0.04423
15.1 1.45595 13 0.04458
15.2 1.46342 13 0.04493
15.3 1.47088 13 0.04527
15.4 1.47834 13 0.04561
15.5 1.48581 13 0.04594
15.6 1.49327 13 0.04627
15.7 1.50073 13 0.04659
15.8 1.50819 13 0.04692
15.9 1.51565 13 0.04723
16.0 1.52310 13 0.04755
16.1 1.53056 13 0.04786
16.2 1.53801 13 0.04816
16.3 1.54546 13 0.04847
16.4 1.55291 13 0.04876
16.5 1.56036 13 0.04906
16.6 1.56781 13 0.04935
16.7 1.57525 13 0.04964
16.8 1.58270 13 0.04993
16.9 1.59014 13 0.05021
17.0 1.59758 13 0.05049
17.1 1.60502 13 0.05077
17.2 1.61246 13 0.05104
17.3 1.61989 13 0.05131
17.4 1.62732 13 0.05158
17.5 1.63476 13 0.05184
17.6 1.64219 13 0.05210
17.7 1.64961 13 0.05229
17.8 1.65920 13 0.05271
17.9 1.67118 13 0.05332
18.0 1.68325 13 0.05392
18.1 1.69542 13 0.05453
18.2 1.70768 13 0.05514
18.3 1.72003 13 0.05575
18.4 1.73248 13 0.05636
18.5 1.74502 13 0.05698
18.6 1.75766 13 0.05759
18.7 1.77039 13 0.05821
18.8 1.78323 13 0.05883
18.9 1.79616 13 0.05945
19.0 1.80919 13 0.06008
19.1 1.82232 13 0.06070
19.2 1.83555 13 0.06133
19.3 1.84888 13 0.06196
19.4 1.86231 13 0.06260
19.5 1.87584 13 0.06323
19.6 1.88947 13 0.06387
19.7 1.90321 13 0.06451
19.8 1.91706 13 0.06515
19.9 17.46051 14 1.00000
20.0 17.54488 14 1.00000
20.1 17.62920 14 1.00000
20.2 17.71349 14 1.00000
20.3 17.79782 14 1.00000
20.4 17.88212 14 1.00000
20.5 17.96637 14 1.00000
20.6 18.05059 14 1.00000
20.7 18.13477 14 1.00000
20.8 18.21891 14 1.00000
20.9 18.30301 14 1.00000
21.0 18.38707 14 1.00000
21.1 18.47109 14 1.00000
21.2 18.55508 14 1.00000
21.3 18.63902 14 1.00000
21.4 18.72293 14 1.00000
21.5 18.80680 14 1.00000
21.6 18.89062 14 1.00000
21.7 18.97441 14 1.00000
21.8 19.05816 14 1.00000
21.9 19.14187 14 1.00000
22.0 19.22554 14 1.00000
22.1 19.30917 14 1.00000
22.2 19.39276 14 1.00000
22.3 19.47631 14 1.00000
22.4 19.55982 14 1.00000
22.5 19.64329 14 1.00000
22.6 19.72672 14 1.00000
22.7 5.51763 14 0.24419
22.8 5.63472 14 0.24928
22.9 5.75344 14 0.25442
23.0 5.87381 14 0.25959
23.1 5.99582 14 0.26481
23.2 6.11950 14 0.27007
23.3 6.24484 14 0.27537
23.4 6.37185 14 0.28071
23.5 6.50053 14 0.28610
23.6 6.63089 14 0.29152
23.7 6.76294 14 0.29698
23.8 6.89668 14 0.30249
23.9 7.03212 14 0.30803
24.0 7.16926 14 0.31361
24.1 7.30811 14 0.31924
24.2 7.44867 14 0.32490
24.3 7.59096 14 0.33060
24.4 7.73497 14 0.33634
24.5 7.88071 14 0.34212
24.6 8.02819 14 0.34794
24.7 8.17742 14 0.35380
24.8 8.32840 14 0.35970
24.9 8.48113 14 0.36563
25.0 8.63563 14 0.37161
25.1 8.79190 14 0.37762
25.2 8.94994 14 0.38367
25.3 9.10976 14 0.38976
25.4 9.27137 14 0.39588
25.5 9.43477 14 0.40205
25.6 9.59997 14 0.40825
25.7 9.76698 14 0.41449
25.8 9.93580 14 0.42076
25.9 10.10644 14 0.42708
26.0 10.27890 14 0.43343
26.1 10.45320 14 0.43982
26.2 10.62933 14 0.44624
26.3 10.80730 14 0.45271
26.4 10.98713 14 0.45921
26.5 11.16881 14 0.46574
26.6 11.35236 14 0.47232
26.7 11.53777 14 0.47893
26.8 11.72506 14 0.48557
26.9 11.91423 14 0.49226
27.0 12.10530 14 0.49898
27.1 12.29825 14 0.50573
27.2 12.49311 14 0.51252
27.3 12.68988 14 0.51935
27.4 12.88856 14 0.52622
27.5 13.08917 14 0.53312
27.6 13.29170 14 0.54006
27.7 13.49617 14 0.54703
27.8 13.70259 14 0.55404
27.9 13.91095 14 0.56109
28.0 14.12126 14 0.56817
28.1 14.33354 14 0.57529
28.2 14.54779 14 0.58244
28.3 14.76402 14 0.58963
28.4 14.98222 14 0.59685
28.5 15.20242 14 0.60412
28.6 15.42461 14 0.61141
28.7 15.64881 14 0.61875
28.8 15.87502 14 0.62611
28.9 16.10325 14 0.63352
29.0 16.33350 14 0.64096
29.1 16.56578 14 0.64843
29.2 16.80011 14 0.65594
29.3 17.03647 14 0.66349
29.4 17.27489 14 0.67107
29.5 17.51538 14 0.67869
29.6 17.75792 14 0.68634
29.7 18.00255 14 0.69403
29.8 18.24925 14 0.70176
29.9 18.49805 14 0.70952
30.0 18.74893 14 0.71731
30.1 19.00193 14 0.72514
30.2 19.25703 14 0.73301
30.3 19.51425 14 0.74091
30.4 19.77360 14 0.74885
30.5 20.03508 14 0.75682
30.6 20.29870 14 0.76483
30.7 20.56447 14 0.77288
30.8 20.83239 14 0.78096
30.9 21.10247 14 0.78907
31.0 21.37473 14 0.79722
31.1 21.64916 14 0.80541
31.2 21.86209 14 0.81376
31.3 22.13948 14 0.82201
31.4 22.41905 14 0.83030
31.5 22.70081 14 0.83862
31.6 22.98476 14 0.84698
31.7 23.27091 14 0.85538
31.8 23.55927 14 0.86381
31.9 23.84985 14 0.87227
32.0 24.14268 14 0.88077
32.1 24.43775 14 0.88931
32.2 24.73507 14 0.89788
32.3 25.03463 14 0.90649
32.4 25.33647 14 0.91514
32.5 25.64057 14 0.92382
32.6 25.94695 14 0.93253
32.7 26.25415 14 0.94128
32.8 26.47681 14 0.95011
32.9 26.78837 14 0.95892
33.0 27.10212 14 0.96778
33.1 27.41816 14 0.97667
33.2 27.73649 14 0.98559
33.3 28.05714 14 0.99455
33.4 28.28290 14 1.00000
33.5 28.35974 14 1.00000
33.6 28.43510 14 1.00000
33.7 28.51124 14 1.00000
33.8 28.48755 14 1.00000
33.9 28.56365 14 1.00000
34.0 28.63949 14 1.00000
34.1 28.71527 14 1.00000
34.2 28.79096 14 1.00000
34.3 28.86649 14 1.00000
34.4 28.94197 14 1.00000
34.5 29.01610 14 1.00000
34.6 28.95757 14 1.00000
34.7 29.03261 14 1.00000
34.8 29.00071 14 1.00000
34.9 29.07587 14 1.00000
35.0 29.00414 14 1.00000
35.1 29.07907 14 1.00000
35.2 29.15393 14 1.00000
35.3 29.22872 14 1.00000
35.4 29.30345 14 1.00000
35.5 29.22856 14 1.00000
35.6 29.30296 14 1.00000
35.7 29.37711 14 1.00000
35.8 29.45135 14 1.00000
35.9 29.17935 14 1.00000
36.0 26.59726 14 1.00000
36.1 25.31525 14 1.00000
36.2 22.74729 14 1.00000
36.3 20.77783 14 1.00000
36.4 18.68219 14 1.00000
36.5 16.41408 14 1.00000
36.6 14.81917 14 1.00000
36.7 13.47878 14 1.00000
36.8 13.46979 14 1.00000
36.9 13.49824 14 1.00000
37.0 13.47755 14 1.00000
37.1 13.41725 14 1.00000
37.2 13.44749 14 1.00000
37.3 13.36382 14 1.00000
37.4 13.40779 14 1.00000
37.5 13.45512 14 1.00000
37.6 13.58804 14 1.00000
37.7 13.49434 14 1.00000
37.8 13.53838 14 1.00000
37.9 13.58243 14 1.00000
38.0 13.62813 14 1.00000
38.1 13.76475 14 1.00000
38.2 13.80163 14 1.00000
38.3 13.71341 14 1.00000
38.4 13.75755 14 1.00000
38.5 13.80249 14 1.00000
38.6 13.94168 14 1.00000
38.7 13.97864 14 1.00000
38.8 14.01610 14 1.00000
38.9 14.05269 14 1.00000
39.0 13.97831 14 1.00000
39.1 14.11901 14 1.00000
39.2 14.15597 14 1.00000
39.3 14.19306 14 1.00000
39.4 14.22965 14 1.00000
39.5 14.26531 14 1.00000
39.6 14.29569 14 1.00000
39.7 14.33273 14 1.00000
39.8 14.36981 14 1.00000
39.9 14.40642 14 1.00000
40.0 14.44219 14 1.00000
40.1 14.47810 14 1.00000
40.2 14.50980 14 1.00000
40.3 14.54703 14 1.00000
40.4 14.58306 14 1.00000
40.5 14.61887 14 1.00000
40.6 14.65477 14 1.00000
40.7 14.69072 14 1.00000
40.8 14.72409 14 1.00000
40.9 14.75949 14 1.00000
41.0 14.79540 14 1.00000
41.1 14.83134 14 1.00000
41.2 14.86714 14 1.00000
41.3 14.90304 14 1.00000
41.4 14.93595 14 1.00000
41.5 14.97181 14 1.00000
41.6 15.00772 14 1.00000
41.7 15.04358 14 1.00000
41.8 15.07936 14 1.00000
41.9 15.11223 14 1.00000
42.0 15.14811 14 1.00000
42.1 15.18400 14 1.00000
42.2 15.21978 14 1.00000
42.3 15.25547 14 1.00000
42.4 15.29112 14 1.00000
42.5 15.32431 14 1.00000
42.6 15.36012 14 1.00000
42.7 15.39583 14 1.00000
42.8 15.43149 14 1.00000
42.9 15.46696 14 1.00000
43.0 15.50030 14 1.00000
43.1 15.53604 14 1.00000
43.2 15.57168 14 1.00000
43.3 15.60729 14 1.00000
43.4 15.64272 14 1.00000
43.5 15.67615 14 1.00000
43.6 15.71186 14 1.00000
43.7 15.74744 14 1.00000
43.8 15.78283 14 1.00000
43.9 15.81817 14 1.00000
44.0 15.85182 14 1.00000
44.1 15.88744 14 1.00000
44.2 15.92289 14 1.00000
44.3 15.95822 14 1.00000
44.4 15.99335 14 1.00000
44.5 16.02723 14 1.00000
44.6 16.06277 14 1.00000
44.7 16.09810 14 1.00000
44.8 16.13325 14 1.00000
44.9 16.16704 14 1.00000
45.0 16.20245 14 1.00000
45.1 16.23783 14 1.00000
45.2 16.27300 14 1.00000
45.3 16.30658 14 1.00000
45.4 16.34215 14 1.00000
45.5 16.37742 14 1.00000
45.6 16.41059 14 1.00000
45.7 16.44617 14 1.00000
45.8 16.48165 14 1.00000
45.9 16.51429 14 1.00000
46.0 16.54998 14 1.00000
46.1 16.58554 14 1.00000
46.2 16.61782 14 1.00000
46.3 16.65364 14 1.00000
46.4 16.68577 14 1.00000
46.5 16.72129 14 1.00000
46.6 16.75335 14 1.00000
46.7 16.78962 14 1.00000
46.8 16.81723 14 1.00000
46.9 16.69588 14 1.00000
47.0 16.71284 14 1.00000
47.1 16.74608 14 1.00000
47.2 16.76826 14 1.00000
47.3 16.79386 14 1.00000
47.4 16.83092 14 1.00000
47.5 16.86765 14 1.00000
47.6 16.90420 14 1.00000
47.7 16.94003 14 1.00000
47.8 16.97373 14 1.00000
47.9 17.00780 14 1.00000
48.0 17.04239 14 1.00000
48.1 17.07671 14 1.00000
48.2 17.11114 14 1.00000
48.3 17.14540 14 1.00000
48.4 17.17964 14 1.00000
48.5 17.21324 14 1.00000
48.6 17.24721 14 1.00000
48.7 17.28036 14 1.00000
48.8 17.31985 14 1.00000
48.9 17.52091 14 1.00000
49.0 17.55794 14 1.00000
49.1 17.59499 14 1.00000
49.2 17.63442 14 1.00000
49.3 17.66802 14 1.00000
49.4 17.70206 14 1.00000
49.5 17.73703 14 1.00000
49.6 17.77179 14 1.00000
49.7 17.80666 14 1.00000
49.8 17.84151 14 1.00000
49.9 17.87611 14 1.00000
50.0 17.91077 14 1.00000
50.1 17.94474 14 1.00000
50.2 17.97874 14 1.00000
50.3 18.01259 14 1.00000
50.4 18.05509 14 1.00000
50.5 18.10149 14 1.00000
50.6 18.14790 14 1.00000
50.7 18.33626 14 1.00000
50.8 18.37327 14 1.00000
50.9 18.41249 14 1.00000
51.0 18.44649 14 1.00000
51.1 18.48145 14 1.00000
51.2 18.51670 14 1.00000
51.3 18.55207 14 1.00000
51.4 18.58729 14 1.00000
51.5 18.62240 14 1.00000
51.6 18.65738 14 1.00000
51.7 18.69222 14 1.00000
51.8 18.72693 14 1.00000
51.9 18.76107 14 1.00000
52.0 18.79546 14 1.00000
52.1 18.83984 14 1.00000
52.2 18.88642 14 1.00000
52.3 18.93301 14 1.00000
52.4 18.97962 14 1.00000
52.5 19.02623 14 1.00000
52.6 19.20407 14 1.00000
52.7 19.24331 14 1.00000
52.8 19.27786 14 1.00000
52.9 19.31305 14 1.00000
53.0 19.34845 14 1.00000
53.1 19.38466 14 1.00000
53.2 19.42025 14 1.00000
53.3 19.45575 14 1.00000
53.4 19.49124 14 1.00000
53.5 19.52627 14 1.00000
53.6 19.56100 14 1.00000
53.7 19.59558 14 1.00000
53.8 19.63019 14 1.00000
53.9 19.67420 14 1.00000
54.0 19.72095 14 1.00000
54.1 19.76771 14 1.00000
54.2 19.81447 14 1.00000
54.3 19.86125 14 1.00000
54.4 19.90803 14 1.00000
54.5 19.96344 14 1.00000
54.6 20.12626 14 1.00000
54.7 20.16306 14 1.00000
54.8 20.19845 14 1.00000
54.9 20.23463 14 1.00000
55.0 20.27087 14 1.00000
55.1 20.30675 14 1.00000
55.2 20.34279 14 1.00000
55.3 20.37844 14 1.00000
55.4 20.41400 14 1.00000
55.5 20.44915 14 1.00000
55.6 20.48413 14 1.00000
55.7 20.51868 14 1.00000
55.8 20.55816 14 1.00000
55.9 20.60506 14 1.00000
56.0 20.65195 14 1.00000
56.1 20.69886 14 1.00000
56.2 20.74578 14 1.00000
56.3 20.80662 14 1.00000
56.4 20.86546 14 1.00000
56.5 20.91964 14 1.00000
56.6 20.97004 14 1.00000
56.7 21.10258 14 1.00000
56.8 21.13947 14 1.00000
56.9 21.17591 14 1.00000
57.0 21.21267 14 1.00000
57.1 21.24893 14 1.00000
57.2 21.28529 14 1.00000
57.3 21.32171 14 1.00000
57.4 21.35788 14 1.00000
57.5 21.39367 14 1.00000
57.6 21.42892 14 1.00000
57.7 21.46397 14 1.00000
57.8 21.49862 14 1.00000
57.9 21.53860 14 1.00000
58.0 21.58562 14 1.00000
58.1 21.63263 14 1.00000
58.2 21.67965 14 1.00000
58.3 21.72668 14 1.00000
58.4 21.77371 14 1.00000
58.5 21.83127 14 1.00000
58.6 21.88978 14 1.00000
58.7 21.94397 14 1.00000
58.8 21.99414 14 1.00000
58.9 22.13896 14 1.00000
59.0 22.17455 14 1.00000
59.1 22.21110 14 1.00000
59.2 22.24865 14 1.00000
59.3 22.28580 14 1.00000
59.4 22.32229 14 1.00000
59.5 22.35934 14 1.00000
59.6 22.39559 14 1.00000
59.7 22.43207 14 1.00000
59.8 22.46687 14 1.00000
59.9 22.50355 14 1.00000
60.0 22.53848 14 1.00000
60.1 22.57326 14 1.00000
60.2 22.61551 14 1.00000
60.3 22.66261 14 1.00000
60.4 22.70972 14 1.00000
60.5 22.75682 14 1.00000
60.6 22.80393 14 1.00000
60.7 22.85104 14 1.00000
60.8 22.89815 14 1.00000
60.9 22.94673 14 1.00000
61.0 23.00471 14 1.00000
61.1 23.05540 14 1.00000
61.2 23.10347 14 1.00000
61.3 23.14985 14 1.00000
61.4 23.31118 14 1.00000
61.5 23.34745 14 1.00000
61.6 23.38272 14 1.00000
61.7 23.42069 14 1.00000
61.8 23.45899 14 1.00000
61.9 23.49656 14 1.00000
62.0 23.53385 14 1.00000
62.1 23.57028 14 1.00000
62.2 23.60783 14 1.00000
62.3 23.64518 14 1.00000
62.4 23.68347 14 1.00000
62.5 23.72138 14 1.00000
62.6 23.75782 14 1.00000
62.7 23.79426 14 1.00000
62.8 23.83503 14 1.00000
62.9 23.87525 14 1.00000
63.0 23.90948 14 1.00000
63.1 23.95047 14 1.00000
63.2 23.99689 14 1.00000
63.3 24.02959 14 1.00000
63.4 24.07420 14 1.00000
63.5 24.12456 14 1.00000
63.6 24.15223 14 1.00000
63.7 24.20045 14 1.00000
63.8 24.25350 14 1.00000
63.9 24.27746 14 1.00000
64.0 24.32712 14 1.00000
64.1 24.38436 14 1.00000
64.2 24.40521 14 1.00000
64.3 24.45748 14 1.00000
64.4 24.51331 14 1.00000
64.5 24.57067 14 1.00000
64.6 24.58816 14 1.00000
64.7 24.64309 14 1.00000
64.8 24.70241 14 1.00000
64.9 24.76403 14 1.00000
65.0 24.77489 14 1.00000
65.1 24.83277 14 1.00000
65.2 24.89243 14 1.00000
65.3 24.95744 14 1.00000
65.4 24.96509 14 1.00000
65.5 25.02300 14 1.00000
65.6 25.08556 14 1.00000
65.7 25.14928 14 1.00000
65.8 25.15487 14 1.00000
65.9 25.21340 14 1.00000
66.0 25.27857 14 1.00000
66.1 25.34280 14 1.00000
66.2 25.34373 14 1.00000
66.3 25.40338 14 1.00000
66.4 25.46878 14 1.00000
66.5 25.53148 14 1.00000
66.6 25.59589 14 1.00000
66.7 25.59390 14 1.00000
66.8 25.65588 14 1.00000
66.9 25.72084 14 1.00000
67.0 25.78585 14 1.00000
67.1 25.77954 14 1.00000
67.2 25.84249 14 1.00000
67.3 25.90422 14 1.00000
67.4 25.97341 14 1.00000
67.5 25.91547 14 1.00000
67.6 26.02521 14 1.00000
67.7 26.09101 14 1.00000
67.8 26.15572 14 1.00000
67.9 26.09571 14 1.00000
68.0 26.12707 14 1.00000
68.1 26.13285 14 1.00000
68.2 26.33767 14 1.00000
68.3 26.27729 14 1.00000
68.4 26.30990 14 1.00000
68.5 26.31226 14 1.00000
68.6 26.35659 14 1.00000
68.7 26.45802 14 1.00000
68.8 26.49561 14 1.00000
68.9 26.52216 14 1.00000
69.0 26.53644 14 1.00000
69.1 26.58085 14 1.00000
69.2 26.62520 14 1.00000
69.3 26.71385 14 1.00000
69.4 26.71670 14 1.00000
69.5 26.76123 14 1.00000
69.6 26.80558 14 1.00000
69.7 26.85174 14 1.00000
69.8 26.92473 14 1.00000
69.9 26.94185 14 1.00000
70.0 26.98644 14 1.00000
70.1 27.03096 14 1.00000
70.2 27.08172 14 1.00000
70.3 27.15523 14 1.00000
70.4 27.22530 14 1.00000
70.5 27.21799 14 1.00000
70.6 27.25684 14 1.00000
70.7 27.30173 14 1.00000
70.8 27.37566 14 1.00000
70.9 27.44828 14 1.00000
71.0 27.51558 14 1.00000
71.1 27.58852 14 1.00000
71.2 27.52799 14 1.00000
71.3 27.58859 14 1.00000
71.4 27.65981 14 1.00000
71.5 27.73242 14 1.00000
71.6 27.80385 14 1.00000
71.7 27.87155 14 1.00000
71.8 27.94246 14 1.00000
71.9 27.98900 14 1.00000
72.0 27.93850 14 1.00000
72.1 28.00824 14 1.00000
72.2 28.07717 14 1.00000
72.3 28.14989 14 1.00000
72.4 28.21516 14 1.00000
72.5 28.28716 14 1.00000
72.6 28.23677 14 1.00000
72.7 28.27917 14 1.00000
72.8 28.34797 14 1.00000
72.9 28.41682 14 1.00000
73.0 28.48505 14 1.00000
73.1 28.55517 14 1.00000
73.2 28.51138 14 1.00000
73.3 28.55695 14 1.00000
73.4 28.59160 14 1.00000
73.5 28.73479 14 1.00000
73.6 28.74606 14 1.00000
73.7 28.81102 14 1.00000
73.8 28.88069 14 1.00000
73.9 28.83661 14 1.00000
74.0 28.87809 14 1.00000
74.1 28.91198 14 1.00000
74.2 28.91192 14 1.00000
74.3 28.94107 14 1.00000
74.4 29.12898 14 1.00000
74.5 29.19550 14 1.00000
74.6 29.15870 14 1.00000
74.7 29.20526 14 1.00000
74.8 29.24112 14 1.00000
74.9 29.24723 14 1.00000
75.0 29.26525 14 1.00000
75.1 29.30766 14 1.00000
75.2 29.35298 14 1.00000
75.3 29.48411 14 1.00000
75.4 29.53033 14 1.00000
75.5 29.57648 14 1.00000
75.6 29.61374 14 1.00000
75.7 29.61731 14 1.00000
75.8 29.63587 14 1.00000
75.9 29.67568 14 1.00000
76.0 29.72113 14 1.00000
76.1 29.77756 14 1.00000
76.2 29.85013 14 1.00000
76.3 29.94650 14 1.00000
76.4 29.99205 14 1.00000
76.5 30.02276 14 1.00000
76.6 30.03121 14 1.00000
76.7 30.04661 14 1.00000
76.8 30.09070 14 1.00000
76.9 30.13634 14 1.00000
77.0 30.19966 14 1.00000
77.1 30.27181 14 1.00000
77.2 30.34206 14 1.00000
77.3 30.40152 14 1.00000
77.4 30.44831 14 1.00000
77.5 30.46048 14 1.00000
77.6 30.48128 14 1.00000
77.7 30.50747 14 1.00000
77.8 30.55323 14 1.00000
77.9 30.60383 14 1.00000
78.0 30.67270 14 1.00000
78.1 30.74417 14 1.00000
78.2 30.81013 14 1.00000
78.3 30.88001 14 1.00000
78.4 30.94698 14 1.00000
78.5 30.92996 14 1.00000
78.6 30.96043 14 1.00000
78.7 30.97555 14 1.00000
78.8 31.01794 14 1.00000
78.9 31.06386 14 1.00000
79.0 31.12792 14 1.00000
79.1 31.19839 14 1.00000
79.2 31.26705 14 1.00000
79.3 31.33379 14 1.00000
79.4 31.40010 14 1.00000
79.5 31.46696 14 1.00000
79.6 31.53175 14 1.00000
79.7 31.45708 14 1.00000
79.8 31.50662 14 1.00000
79.9 31.53100 14 1.00000
80.0 31.57716 14 1.00000
80.1 31.63067 14 1.00000
80.2 31.69997 14 1.00000
80.3 31.76941 14 1.00000
80.4 31.83630 14 1.00000
80.5 31.90318 14 1.00000
80.6 31.96620 14 1.00000
80.7 32.03269 14 1.00000
80.8 32.09606 14 1.00000
80.9 32.16115 14 1.00000
81.0 32.16320 14 1.00000
81.1 32.10979 14 1.00000
81.2 32.13936 14 1.00000
81.3 32.18574 14 1.00000
81.4 32.24227 14 1.00000
81.5 32.31170 14 1.00000
81.6 32.38042 14 1.00000
81.7 32.44676 14 1.00000
81.8 32.50866 14 1.00000
81.9 32.57676 14 1.00000
82.0 32.64112 14 1.00000
82.1 32.70566 14 1.00000
82.2 32.76724 14 1.00000
82.3 32.83239 14 1.00000
82.4 32.89860 14 1.00000
82.5 32.75394 14 1.00000
82.6 32.80017 14 1.00000
82.7 32.84453 14 1.00000
82.8 32.89515 14 1.00000
82.9 32.96195 14 1.00000
83.0 33.03059 14 1.00000
83.1 33.09480 14 1.00000
83.2 33.15918 14 1.00000
83.3 33.22620 14 1.00000
83.4 33.28943 14 1.00000
83.5 33.35274 14 1.00000
83.6 33.41613 14 1.00000
83.7 33.47965 14 1.00000
83.8 33.54076 14 1.00000
83.9 33.60178 14 1.00000
84.0 33.53564 14 1.00000
84.1 33.55239 14 1.00000
84.2 33.57111 14 1.00000
84.3 33.60132 14 1.00000
84.4 33.64827 14 1.00000
84.5 33.71018 14 1.00000
84.6 33.77811 14 1.00000
84.7 33.84490 14 1.00000
84.8 33.90760 14 1.00000
84.9 33.97215 14 1.00000
85.0 34.03606 14 1.00000
85.1 34.09903 14 1.00000
85.2 34.16192 14 1.00000
85.3 34.22277 14 1.00000
85.4 34.28680 14 1.00000
85.5 34.34874 14 1.00000
85.6 34.41043 14 1.00000
85.7 34.40299 14 1.00000
85.8 34.39582 14 1.00000
85.9 34.42917 14 1.00000
86.0 34.46118 14 1.00000
86.1 34.48175 14 1.00000
86.2 34.50517 14 1.00000
86.3 34.55242 14 1.00000
86.4 34.61184 14 1.00000
86.5 34.67778 14 1.00000
86.6 34.74386 14 1.00000
86.7 34.80803 14 1.00000
86.8 34.87420 14 1.00000
86.9 34.93583 14 1.00000
87.0 34.99809 14 1.00000
87.1 35.05698 14 1.00000
87.2 35.12270 14 1.00000
87.3 35.18410 14 1.00000
87.4 35.24386 14 1.00000
87.5 35.30606 14 1.00000
87.6 35.31456 14 1.00000
87.7 35.32063 14 1.00000
87.8 35.37695 14 1.00000
87.9 35.41692 14 1.00000
88.0 35.45711 14 1.00000
88.1 35.49703 14 1.00000
88.2 35.52982 14 1.00000
88.3 35.56243 14 1.00000
88.4 35.58472 14 1.00000
88.5 35.60870 14 1.00000
88.6 35.65834 14 1.00000
88.7 35.71791 14 1.00000
88.8 35.78296 14 1.00000
88.9 35.84737 14 1.00000
89.0 35.91268 14 1.00000
89.1 35.97404 14 1.00000
89.2 36.03466 14 1.00000
89.3 36.09573 14 1.00000
89.4 36.15980 14 1.00000
89.5 36.21685 14 1.00000
89.6 36.27190 14 1.00000
89.7 36.27318 14 1.00000
89.8 36.34557 14 1.00000
89.9 36.41714 14 1.00000
90.0 36.46511 14 1.00000
90.1 36.51195 14 1.00000
90.2 36.55778 14 1.00000
90.3 36.60302 14 1.00000
90.4 36.63506 14 1.00000
90.5 36.67957 14 1.00000
90.6 36.72441 14 1.00000
90.7 36.76689 14 1.00000
90.8 36.80905 14 1.00000
90.9 36.84959 14 1.00000
91.0 36.88820 14 1.00000
91.1 36.92617 14 1.00000
91.2 36.95498 14 1.00000
91.3 36.97854 14 1.00000
91.4 37.01005 14 1.00000
91.5 37.06813 14 1.00000
91.6 37.12947 14 1.00000
91.7 37.19313 14 1.00000
91.8 37.25194 14 1.00000
91.9 37.30103 14 1.00000
92.0 37.33103 14 1.00000
92.1 37.45953 14 1.00000
92.2 37.54189 14 1.00000
92.3 37.59843 14 1.00000
92.4 37.65472 14 1.00000
92.5 37.71127 14 1.00000
92.6 37.76829 14 1.00000
92.7 37.74427 14 1.00000
92.8 37.79839 14 1.00000
92.9 37.87334 14 1.00000
93.0 37.90033 14 1.00000
93.1 38.00010 14 1.00000
93.2 38.02924 14 1.00000
93.3 38.05946 14 1.00000
93.4 38.09668 14 1.00000
93.5 38.19816 14 1.00000
93.6 38.29930 14 1.00000
93.7 38.40045 14 1.00000
93.8 38.50180 14 1.00000
93.9 38.60287 14 1.00000
94.0 38.70396 14 1.00000
94.1 38.80519 14 1.00000
94.2 38.90614 14 1.00000
94.3 39.00700 14 1.00000
94.4 39.10812 14 1.00000
94.5 39.20895 14 1.00000
94.6 39.31004 14 1.00000
94.7 39.41075 14 1.00000
94.8 39.51152 14 1.00000
94.9 39.61244 14 1.00000
95.0 39.71308 14 1.00000
95.1 39.81363 14 1.00000
95.2 39.91449 14 1.00000
95.3 40.01501 14 1.00000
95.4 40.11545 14 1.00000
95.5 40.21619 14 1.00000
95.6 40.31661 14 1.00000
95.7 40.41722 14 1.00000
95.8 40.51756 14 1.00000
95.9 40.61786 14 1.00000
96.0 40.71836 14 1.00000
96.1 40.81854 14 1.00000
96.2 40.91879 14 1.00000
96.3 41.01918 14 1.00000
96.4 41.11929 14 1.00000
96.5 41.21956 14 1.00000
96.6 41.31965 14 1.00000
96.7 41.41720 14 1.00000
96.8 41.50708 14 1.00000
96.9 41.59676 14 1.00000
97.0 41.68671 14 1.00000
97.1 41.77646 14 1.00000
97.2 41.86630 14 1.00000
97.3 41.95636 14 1.00000
97.4 42.04622 14 1.00000
97.5 42.13635 14 1.00000
97.6 42.22628 14 1.00000
97.7 42.31620 14 1.00000
97.8 42.40643 14 1.00000
97.9 42.49652 14 1.00000
98.0 42.58681 14 1.00000
98.1 42.67691 14 1.00000
98.2 42.76723 14 1.00000
98.3 42.85744 14 1.00000
98.4 42.94759 14 1.00000
98.5 43.03804 14 1.00000
98.6 43.12830 14 1.00000
98.7 43.21888 14 1.00000
98.8 43.30914 14 1.00000
98.9 43.39972 14 1.00000
99.0 43.49015 14 1.00000
99.1 43.58057 14 1.00000
99.2 43.67123 14 1.00000
99.3 43.76170 14 1.00000
99.4 43.85237 14 1.00000
99.5 43.94289 14 1.00000
99.6 44.03373 14 1.00000
99.7 44.12425 14 1.00000
99.8 44.21486 14 1.00000
99.9 44.30571 14 1.00000
100.0 44.39643 14 1.00000
100.1 44.48729 14 1.00000
100.2 44.57805 14 1.00000
100.3 44.66896 14 1.00000
100.4 44.75977 14 1.00000
100.5 44.85078 14 1.00000
100.6 44.94154 14 1.00000
100.7 45.03242 14 1.00000
100.8 45.12346 14 1.00000
100.9 45.21439 14 1.00000
101.0 45.30552 14 1.00000
101.1 45.39640 14 1.00000
101.2 45.48758 14 1.00000
101.3 45.57855 14 1.00000
101.4 45.66982 14 1.00000
101.5 45.76084 14 1.00000
101.6 45.85210 14 1.00000
101.7 45.94312 14 1.00000
101.8 46.03420 14 1.00000
101.9 46.12558 14 1.00000
102.0 46.21670 14 1.00000
102.1 46.30807 14 1.00000
102.2 46.39923 14 1.00000
102.3 46.49064 14 1.00000
102.4 46.58179 14 1.00000
102.5 46.67329 14 1.00000
102.6 46.76448 14 1.00000
102.7 46.85596 14 1.00000
102.8 46.94724 14 1.00000
102.9 47.03881 14 1.00000
103.0 47.13013 14 1.00000
103.1 47.22163 14 1.00000
103.2 47.31299 14 1.00000
103.3 47.40463 14 1.00000
103.4 47.49601 14 1.00000
103.5 47.58764 14 1.00000
103.6 47.67906 14 1.00000
103.7 47.77066 14 1.00000
103.8 47.86217 14 1.00000
103.9 47.95386 14 1.00000
104.0 48.04529 14 1.00000
104.1 48.13706 14 1.00000
104.2 48.22858 14 1.00000
104.3 48.32032 14 1.00000
104.4 48.41187 14 1.00000
104.5 48.50365 14 1.00000
104.6 48.59523 14 1.00000
104.7 48.68703 14 1.00000
104.8 48.77864 14 1.00000
104.9 48.87047 14 1.00000
105.0 48.96210 14 1.00000
105.1 49.05396 14 1.00000
105.2 49.14557 14 1.00000
105.3 49.23746 14 1.00000
105.4 49.32914 14 1.00000
105.5 49.42105 14 1.00000
105.6 49.51277 14 1.00000
105.7 49.60476 14 1.00000
105.8 49.69644 14 1.00000
105.9 49.78845 14 1.00000
106.0 49.88021 14 1.00000
106.1 49.97219 14 1.00000
106.2 50.06392 14 1.00000
106.3 50.15593 14 1.00000
106.4 50.24773 14 1.00000
106.5 50.33976 14 1.00000
106.6 50.43164 14 1.00000
106.7 50.52363 14 1.00000
106.8 50.61548 14 1.00000
106.9 50.70755 14 1.00000
107.0 50.79947 14 1.00000
107.1 50.89155 14 1.00000
107.2 50.98344 14 1.00000
107.3 51.07549 14 1.00000
107.4 51.16766 14 1.00000
107.5 51.25957 14 1.00000
107.6 51.35165 14 1.00000
107.7 51.44359 14 1.00000
107.8 51.53579 14 1.00000
107.9 51.62774 14 1.00000
108.0 51.71985 14 1.00000
108.1 51.81187 14 1.00000
108.2 51.90400 14 1.00000
108.3 51.99598 14 1.00000
108.4 52.08818 14 1.00000
108.5 52.18018 14 1.00000
108.6 52.27244 14 1.00000
108.7 52.36466 14 1.00000
108.8 52.45663 14 1.00000
108.9 52.54892 14 1.00000
109.0 52.64095 14 1.00000
109.1 52.73314 14 1.00000
109.2 52.82519 14 1.00000
109.3 52.91745 14 1.00000
109.4 53.00956 14 1.00000
109.5 53.10178 14 1.00000
109.6 53.19406 14 1.00000
109.7 53.28619 14 1.00000
109.8 53.37848 14 1.00000
109.9 53.47052 14 1.00000
110.0 53.56287 14 1.00000
110.1 53.65491 14 1.00000
110.2 53.74723 14 1.00000
110.3 53.83934 14 1.00000
110.4 53.93171 14 1.00000
110.5 54.02403 14 1.00000
110.6 54.11610 14 1.00000
110.7 54.20849 14 1.00000
110.8 54.30057 14 1.00000
110.9 54.39296 14 1.00000
111.0 54.48506 14 1.00000
111.1 54.57746 14 1.00000
111.2 54.66981 14 1.00000
111.3 54.76192 14 1.00000
111.4 54.85433 14 1.00000
111.5 54.94649 14 1.00000
111.6 55.03881 14 1.00000
111.7 55.13098 14 1.00000
111.8 55.22335 14 1.00000
111.9 55.31578 14 1.00000
112.0 55.40796 14 1.00000
112.1 55.50034 14 1.00000
112.2 55.59248 14 1.00000
112.3 55.68492 14 1.00000
112.4 55.77726 14 1.00000
112.5 55.86950 14 1.00000
112.6 55.96190 14 1.00000
112.7 56.05410 14 1.00000
112.8 56.14645 14 1.00000
112.9 56.23870 14 1.00000
113.0 56.33106 14 1.00000
113.1 56.42351 14 1.00000
113.2 56.51572 14 1.00000
113.3 56.60808 14 1.00000
113.4 56.70034 14 1.00000
113.5 56.79271 14 1.00000
113.6 56.88512 14 1.00000
113.7 56.97739 14 1.00000
113.8 57.06975 14 1.00000
113.9 57.16203 14 1.00000
114.0 57.25444 14 1.00000
114.1 57.34686 14 1.00000
114.2 57.43908 14 1.00000
114.3 57.53150 14 1.00000
114.4 57.62368 14 1.00000
114.5 57.71610 14 1.00000
114.6 57.80857 14 1.00000
114.7 57.90075 14 1.00000
114.8 57.99317 14 1.00000
114.9 58.08545 14 1.00000
115.0 58.17787 14 1.00000
115.1 58.27029 14 1.00000
115.2 58.36247 14 1.00000
115.3 58.45489 14 1.00000
115.4 58.54717 14 1.00000
115.5 58.63959 14 1.00000
115.6 58.73196 14 1.00000
115.7 58.82424 14 1.00000
115.8 58.91661 14 1.00000
115.9 59.00889 14 1.00000
116.0 59.10131 14 1.00000
116.1 59.19367 14 1.00000
116.2 59.28590 14 1.00000
116.3 59.37831 14 1.00000
116.4 59.47078 14 1.00000
116.5 59.56300 14 1.00000
116.6 59.65541 14 1.00000
116.7 59.74763 14 1.00000
116.8 59.84004 14 1.00000
116.9 59.93245 14 1.00000
117.0 60.02467 14 1.00000
117.1 60.11707 14 1.00000
117.2 60.20943 14 1.00000
117.3 60.30164 14 1.00000
117.4 60.39409 14 1.00000
117.5 60.48630 14 1.00000
117.6 60.57867 14 1.00000
117.7 60.67104 14 1.00000
117.8 60.76324 14 1.00000
117.9 60.85564 14 1.00000
118.0 60.94807 14 1.00000
118.1 61.04022 14 1.00000
118.2 61.13261 14 1.00000
118.3 61.22485 14 1.00000
118.4 61.31723 14 1.00000
118.5 61.40956 14 1.00000
118.6 61.50180 14 1.00000
118.7 61.59412 14 1.00000
118.8 61.68654 14 1.00000
118.9 61.77872 14 1.00000
119.0 61.87103 14 1.00000
119.1 61.96344 14 1.00000
119.2 62.05561 14 1.00000
119.3 62.14792 14 1.00000
119.4 62.24014 14 1.00000
119.5 62.33249 14 1.00000
119.6 62.42478 14 1.00000
119.7 62.51694 14 1.00000
119.8 62.60928 14 1.00000
119.9 62.70162 14 1.00000
120.0 62.79377 14 1.00000
120.1 62.88615 14 1.00000
120.2 62.97842 14 1.00000
120.3 63.07056 14 1.00000
120.4 63.16293 14 1.00000
120.5 63.25525 14 1.00000
120.6 63.34732 14 1.00000
120.7 63.43968 14 1.00000
120.8 63.53181 14 1.00000
120.9 63.62406 14 1.00000
121.0 63.71640 14 1.00000
121.1 63.80846 14 1.00000
121.2 63.90080 14 1.00000
121.3 63.99304 14 1.00000
121.4 64.08514 14 1.00000
121.5 64.17742 14 1.00000
121.6 64.26974 14 1.00000
121.7 64.36183 14 1.00000
121.8 64.45409 14 1.00000
121.9 64.54636 14 1.00000
122.0 64.63838 14 1.00000
122.1 64.73064 14 1.00000
122.2 64.82293 14 1.00000
122.3 64.91495 14 1.00000
122.4 65.00723 14 1.00000
122.5 65.09942 14 1.00000
122.6 65.19152 14 1.00000
122.7 65.28374 14 1.00000
122.8 65.37596 14 1.00000
122.9 65.46795 14 1.00000
123.0 65.56017 14 1.00000
123.1 65.65237 14 1.00000
123.2 65.74439 14 1.00000
123.3 65.83659 14 1.00000
123.4 65.92878 14 1.00000
123.5 66.02084 14 1.00000
123.6 66.11302 14 1.00000
123.7 66.20520 14 1.00000
123.8 66.29720 14 1.00000
123.9 66.38937 14 1.00000
124.0 66.48153 14 1.00000
124.1 66.57346 14 1.00000
124.2 66.66561 14 1.00000
124.3 66.75780 14 1.00000
124.4 66.84972 14 1.00000
124.5 66.94186 14 1.00000
124.6 67.03403 14 1.00000
124.7 67.12598 14 1.00000
124.8 67.21806 14 1.00000
124.9 67.31017 14 1.00000
125.0 67.40211 14 1.00000
125.1 67.49426 14 1.00000
125.2 67.58636 14 1.00000
125.3 67.67841 14 1.00000
125.4 67.77036 14 1.00000
125.5 67.86240 14 1.00000
125.6 67.95452 14 1.00000
125.7 68.04642 14 1.00000
125.8 68.13848 14 1.00000
125.9 68.23049 14 1.00000
126.0 68.32237 14 1.00000
126.1 68.41442 14 1.00000
126.2 68.50651 14 1.00000
126.3 68.59837 14 1.00000
126.4 68.69041 14 1.00000
126.5 68.78242 14 1.00000
126.6 68.87422 14 1.00000
126.7 68.96629 14 1.00000
126.8 69.05829 14 1.00000
126.9 69.15029 14 1.00000
127.0 69.24207 14 1.00000
127.1 69.33410 14 1.00000
127.2 69.42609 14 1.00000
127.3 69.51788 14 1.00000
127.4 69.60986 14 1.00000
127.5 69.70177 14 1.00000
127.6 69.79361 14 1.00000
127.7 69.88556 14 1.00000
127.8 69.97750 14 1.00000
127.9 70.06927 14 1.00000
128.0 70.16120 14 1.00000
128.1 70.25313 14 1.00000
128.2 70.34505 14 1.00000
128.3 70.43679 14 1.00000
128.4 70.52865 14 1.00000
128.5 70.62055 14 1.00000
128.6 70.71232 14 1.00000
128.7 70.80421 14 1.00000
128.8 70.89610 14 1.00000
128.9 70.98797 14 1.00000
129.0 71.07967 14 1.00000
129.1 71.17148 14 1.00000
129.2 71.26338 14 1.00000
129.3 71.35506 14 1.00000
129.4 71.44685 14 1.00000
129.5 71.53869 14 1.00000
129.6 71.63039 14 1.00000
129.7 71.72222 14 1.00000
129.8 71.81403 14 1.00000
129.9 71.90585 14 1.00000
130.0 71.99743 14 1.00000
130.1 72.08927 14 1.00000
130.2 72.18106 14 1.00000
130.3 72.27262 14 1.00000
130.4 72.36445 14 1.00000
130.5 72.45621 14 1.00000
130.6 72.54797 14 1.00000
130.7 72.63951 14 1.00000
130.8 72.73126 14 1.00000
130.9 72.82300 14 1.00000
131.0 72.91457 14 1.00000
131.1 73.00629 14 1.00000
131.2 73.09801 14 1.00000
131.3 73.18977 14 1.00000
131.4 73.28127 14 1.00000
131.5 73.37301 14 1.00000
131.6 73.46470 14 1.00000
131.7 73.55617 14 1.00000
131.8 73.64790 14 1.00000
131.9 73.73952 14 1.00000
132.0 73.83123 14 1.00000
132.1 73.92267 14 1.00000
132.2 74.01437 14 1.00000
132.3 74.10596 14 1.00000
132.4 74.19759 14 1.00000
132.5 74.28905 14 1.00000
132.6 74.38072 14 1.00000
132.7 74.47229 14 1.00000
132.8 74.56373 14 1.00000
132.9 74.65538 14 1.00000
133.0 74.74692 14 1.00000
133.1 74.83855 14 1.00000
133.2 74.92992 14 1.00000
133.3 75.02148 14 1.00000
133.4 75.11310 14 1.00000
133.5 75.20461 14 1.00000
133.6 75.29598 14 1.00000
133.7 75.38757 14 1.00000
133.8 75.47910 14 1.00000
133.9 75.57042 14 1.00000
134.0 75.66199 14 1.00000
134.1 75.75345 14 1.00000
134.2 75.84500 14 1.00000
134.3 75.93628 14 1.00000
134.4 76.02777 14 1.00000
134.5 76.11926 14 1.00000
134.6 76.21072 14 1.00000
134.7 76.30208 14 1.00000
134.8 76.39349 14 1.00000
134.9 76.48499 14 1.00000
135.0 76.57643 14 1.00000
135.1 76.66766 14 1.00000
135.2 76.75908 14 1.00000
135.3 76.85056 14 1.00000
135.4 76.94180 14 1.00000
135.5 77.03316 14 1.00000
135.6 77.12460 14 1.00000
135.7 77.21600 14 1.00000
135.8 77.30722 14 1.00000
135.9 77.39860 14 1.00000
136.0 77.48991 14 1.00000
136.1 77.58128 14 1.00000
136.2 77.67252 14 1.00000
136.3 77.76381 14 1.00000
136.4 77.85519 14 1.00000
136.5 77.94647 14 1.00000
136.6 78.03764 14 1.00000
136.7 78.12900 14 1.00000
136.8 78.22031 14 1.00000
136.9 78.31155 14 1.00000
137.0 78.40273 14 1.00000
137.1 78.49397 14 1.00000
137.2 78.58530 14 1.00000
137.3 78.67651 14 1.00000
137.4 78.76766 14 1.00000
137.5 78.85892 14 1.00000
137.6 78.95011 14 1.00000
137.7 79.04140 14 1.00000
137.8 78.67028 14 1.00000
137.9 78.76148 14 1.00000
138.0 78.85278 14 1.00000
138.1 78.94408 14 1.00000
138.2 79.03541 14 1.00000
138.3 79.12653 14 1.00000
138.4 78.75554 14 1.00000
138.5 78.84689 14 1.00000
138.6 78.93824 14 1.00000
138.7 79.02962 14 1.00000
138.8 79.12084 14 1.00000
138.9 78.74999 14 1.00000
139.0 78.84135 14 1.00000
139.1 78.93280 14 1.00000
139.2 79.02414 14 1.00000
139.3 79.11541 14 1.00000
139.4 78.74471 14 1.00000
139.5 78.83617 14 1.00000
139.6 78.92757 14 1.00000
139.7 79.01905 14 1.00000
139.8 79.11033 14 1.00000
139.9 78.73950 14 1.00000
140.0 78.83124 14 1.00000
140.1 78.92274 14 1.00000
140.2 79.01423 14 1.00000
140.3 79.10555 14 1.00000
140.4 78.73472 14 1.00000
140.5 78.82628 14 1.00000
140.6 78.91816 14 1.00000
140.7 79.00970 14 1.00000
140.8 79.10102 14 1.00000
140.9 78.73034 14 1.00000
141.0 78.82195 14 1.00000
141.1 78.91349 14 1.00000
141.2 79.00548 14 1.00000
141.3 79.09685 14 1.00000
141.4 78.72621 14 1.00000
141.5 78.81781 14 1.00000
141.6 78.90951 14 1.00000
141.7 79.00114 14 1.00000
141.8 79.09297 14 1.00000
141.9 78.72233 14 1.00000
142.0 78.81408 14 1.00000
142.1 78.90577 14 1.00000
142.2 78.99746 14 1.00000
142.3 79.08893 14 1.00000
142.4 78.71895 14 1.00000
142.5 78.81054 14 1.00000
142.6 78.90228 14 1.00000
142.7 78.99401 14 1.00000
142.8 79.08558 14 1.00000
142.9 79.17735 14 1.00000
143.0 78.80734 14 1.00000
143.1 78.89919 14 1.00000
143.2 78.99091 14 1.00000
143.3 79.08273 14 1.00000
143.4 79.17434 14 1.00000
143.5 79.26610 14 1.00000
143.6 78.89632 14 1.00000
143.7 78.98816 14 1.00000
143.8 79.07997 14 1.00000
143.9 79.17162 14 1.00000
144.0 79.26338 14 1.00000
144.1 79.35522 14 1.00000
144.2 78.98563 14 1.00000
144.3 79.07745 14 1.00000
144.4 79.16920 14 1.00000
144.5 79.26100 14 1.00000
144.6 79.35289 14 1.00000
144.7 79.44467 14 1.00000
144.8 79.07532 14 1.00000
144.9 79.16706 14 1.00000
145.0 79.25890 14 1.00000
145.1 79.35084 14 1.00000
145.2 79.44272 14 1.00000
145.3 79.53442 14 1.00000
145.4 79.16515 14 1.00000
145.5 79.25714 14 1.00000
145.6 79.34903 14 1.00000
145.7 79.44099 14 1.00000
145.8 79.53271 14 1.00000
145.9 79.62466 14 1.00000
146.0 79.25562 14 1.00000
146.1 79.34754 14 1.00000
146.2 79.43951 14 1.00000
146.3 79.53131 14 1.00000
146.4 79.62326 14 1.00000
146.5 79.71525 14 1.00000
146.6 79.34639 14 1.00000
146.7 79.43840 14 1.00000
146.8 79.53025 14 1.00000
146.9 79.62225 14 1.00000
147.0 79.71423 14 1.00000
147.1 79.34457 14 1.00000
147.2 79.43752 14 1.00000
147.3 79.52941 14 1.00000
147.4 79.62145 14 1.00000
147.5 79.71343 14 1.00000
147.6 79.34381 14 1.00000
147.7 79.43597 14 1.00000
147.8 79.52790 14 1.00000
147.9 79.62093 14 1.00000
148.0 79.71296 14 1.00000
148.1 79.34343 14 1.00000
148.2 79.43553 14 1.00000
148.3 79.52756 14 1.00000
148.4 79.61964 14 1.00000
148.5 79.71276 14 1.00000
148.6 79.34322 14 1.00000
148.7 79.43542 14 1.00000
148.8 79.52749 14 1.00000
148.9 79.61966 14 1.00000
149.0 79.71182 14 1.00000
149.1 79.34338 14 1.00000
149.2 79.43557 14 1.00000
149.3 79.52769 14 1.00000
149.4 79.61985 14 1.00000
149.5 79.71206 14 1.00000
149.6 79.80425 14 1.00000
149.7 79.43600 14 1.00000
149.8 79.52810 14 1.00000
149.9 79.62036 14 1.00000
150.0 79.71265 14 1.00000
150.1 79.80489 14 1.00000
150.2 79.89692 14 1.00000
150.3 79.52883 14 1.00000
150.4 79.62113 14 1.00000
150.5 79.71342 14 1.00000
150.6 79.80570 14 1.00000
150.7 79.89787 14 1.00000
150.8 79.99008 14 1.00000
150.9 79.62217 14 1.00000
151.0 79.71450 14 1.00000
151.1 79.80682 14 1.00000
151.2 79.89902 14 1.00000
151.3 79.99133 14 1.00000
151.4 80.08363 14 1.00000
151.5 80.17591 14 1.00000
151.6 79.80825 14 1.00000
151.7 79.90041 14 1.00000
151.8 79.99280 14 1.00000
151.9 80.08508 14 1.00000
152.0 80.17745 14 1.00000
152.1 80.26956 14 1.00000
152.2 79.90213 14 1.00000
152.3 79.99451 14 1.00000
152.4 80.08689 14 1.00000
152.5 80.17921 14 1.00000
152.6 80.27145 14 1.00000
152.7 80.36380 14 1.00000
152.8 79.99644 14 1.00000
152.9 80.08891 14 1.00000
153.0 80.18131 14 1.00000
153.1 80.27351 14 1.00000
153.2 80.36590 14 1.00000
153.3 80.45827 14 1.00000
153.4 80.09118 14 1.00000
153.5 80.18358 14 1.00000
153.6 80.27586 14 1.00000
153.7 80.36833 14 1.00000
153.8 80.46070 14 1.00000
153.9 80.55311 14 1.00000
154.0 80.64540 14 1.00000
154.1 80.27851 14 1.00000
154.2 80.37097 14 1.00000
154.3 80.46339 14 1.00000
154.4 80.55588 14 1.00000
154.5 80.64816 14 1.00000
154.6 80.74059 14 1.00000
154.7 80.37382 14 1.00000
154.8 80.46636 14 1.00000
154.9 80.55885 14 1.00000
155.0 80.65117 14 1.00000
155.1 80.74364 14 1.00000
155.2 80.83609 14 1.00000
155.3 80.46954 14 1.00000
155.4 80.56207 14 1.00000
155.5 80.65442 14 1.00000
155.6 80.74688 14 1.00000
155.7 80.83937 14 1.00000
155.8 80.93191 14 1.00000
155.9 80.56551 14 1.00000
156.0 80.65787 14 1.00000
156.1 80.75041 14 1.00000
156.2 80.84295 14 1.00000
156.3 80.93547 14 1.00000
156.4 81.02788 14 1.00000
156.5 80.66006 14 1.00000
156.6 80.75418 14 1.00000
156.7 80.84680 14 1.00000
156.8 80.93932 14 1.00000
156.9 81.03176 14 1.00000
157.0 80.66400 14 1.00000
157.1 80.75662 14 1.00000
157.2 80.85085 14 1.00000
157.3 80.94341 14 1.00000
157.4 81.03584 14 1.00000
157.5 80.66812 14 1.00000
157.6 80.76078 14 1.00000
157.7 80.85348 14 1.00000
157.8 80.94778 14 1.00000
157.9 81.04025 14 1.00000
158.0 80.67252 14 1.00000
158.1 80.76527 14 1.00000
158.2 80.85796 14 1.00000
158.3 80.95048 14 1.00000
158.4 81.04309 14 1.00000
158.5 80.67715 14 1.00000
158.6 80.76994 14 1.00000
158.7 80.86266 14 1.00000
158.8 80.95517 14 1.00000
158.9 81.04787 14 1.00000
159.0 81.14056 14 1.00000
159.1 80.77484 14 1.00000
159.2 80.86755 14 1.00000
159.3 80.96020 14 1.00000
159.4 81.05294 14 1.00000
159.5 81.14561 14 1.00000
159.6 81.23839 14 1.00000
159.7 81.33094 14 1.00000
159.8 80.96540 14 1.00000
159.9 81.05813 14 1.00000
160.0 81.15095 14 1.00000
160.1 81.24370 14 1.00000
160.2 81.33624 14 1.00000
160.3 81.42902 14 1.00000
160.4 81.06364 14 1.00000
160.5 81.15639 14 1.00000
160.6 81.24924 14 1.00000
160.7 81.34181 14 1.00000
160.8 81.43463 14 1.00000
160.9 81.52739 14 1.00000
161.0 81.16217 14 1.00000
161.1 81.25500 14 1.00000
161.2 81.34761 14 1.00000
161.3 81.44046 14 1.00000
161.4 81.53321 14 1.00000
161.5 81.62604 14 1.00000
161.6 81.71866 14 1.00000
161.7 81.35362 14 1.00000
161.8 81.44651 14 1.00000
161.9 81.53929 14 1.00000
162.0 81.63216 14 1.00000
162.1 81.72482 14 1.00000
162.2 81.81756 14 1.00000
162.3 81.45274 14 1.00000
162.4 81.54560 14 1.00000
162.5 81.63850 14 1.00000
162.6 81.73114 14 1.00000
162.7 81.82402 14 1.00000
162.8 81.91684 14 1.00000
162.9 82.00964 14 1.00000
163.0 81.64500 14 1.00000
163.1 81.73778 14 1.00000
163.2 81.83064 14 1.00000
163.3 81.92345 14 1.00000
163.4 82.01629 14 1.00000
163.5 82.10902 14 1.00000
163.6 81.74453 14 1.00000
163.7 81.83743 14 1.00000
163.8 81.93037 14 1.00000
163.9 82.02319 14 1.00000
164.0 82.11595 14 1.00000
164.1 82.20881 14 1.00000
164.2 82.30165 14 1.00000
164.3 81.93739 14 1.00000
164.4 82.03030 14 1.00000
164.5 82.12310 14 1.00000
164.6 82.21599 14 1.00000
164.7 82.30887 14 1.00000
164.8 82.40173 14 1.00000
164.9 82.03767 14 1.00000
165.0 82.13045 14 1.00000
165.1 82.22337 14 1.00000
165.2 82.31624 14 1.00000
165.3 82.40913 14 1.00000
165.4 82.50187 14 1.00000
165.5 82.59480 14 1.00000
165.6 82.23091 14 1.00000
165.7 82.32391 14 1.00000
165.8 82.41684 14 1.00000
165.9 82.50961 14 1.00000
166.0 82.60252 14 1.00000
166.1 82.69537 14 1.00000
166.2 82.78830 14 1.00000
166.3 82.42470 14 1.00000
166.4 82.51749 14 1.00000
166.5 82.61039 14 1.00000
166.6 82.70332 14 1.00000
166.7 82.79629 14 1.00000
166.8 82.88905 14 1.00000
166.9 82.52554 14 1.00000
167.0 82.61856 14 1.00000
167.1 82.71152 14 1.00000
167.2 82.80443 14 1.00000
167.3 82.89721 14 1.00000
167.4 82.99019 14 1.00000
167.5 83.08306 14 1.00000
167.6 82.71987 14 1.00000
167.7 82.81286 14 1.00000
167.8 82.90562 14 1.00000
167.9 82.99859 14 1.00000
168.0 83.09155 14 1.00000
168.1 83.18447 14 1.00000
168.2 82.82143 14 1.00000
168.3 82.91428 14 1.00000
168.4 83.00723 14 1.00000
168.5 83.10025 14 1.00000
168.6 83.19322 14 1.00000
168.7 83.28598 14 1.00000
168.8 83.37897 14 1.00000
168.9 83.01611 14 1.00000
169.0 83.10906 14 1.00000
169.1 83.20206 14 1.00000
169.2 83.29494 14 1.00000
169.3 83.38792 14 1.00000
169.4 83.48084 14 1.00000
169.5 83.11597 14 1.00000
169.6 83.21114 14 1.00000
169.7 83.30405 14 1.00000
169.8 83.39706 14 1.00000
169.9 83.49001 14 1.00000
170.0 83.12518 14 1.00000
170.1 83.21825 14 1.00000
170.2 83.31331 14 1.00000
170.3 83.40639 14 1.00000
170.4 83.49937 14 1.00000
170.5 83.13454 14 1.00000
170.6 83.22762 14 1.00000
170.7 83.32055 14 1.00000
170.8 83.41362 14 1.00000
170.9 83.50891 14 1.00000
171.0 83.14411 14 1.00000
171.1 83.23724 14 1.00000
171.2 83.33019 14 1.00000
171.3 83.42329 14 1.00000
171.4 83.51642 14 1.00000
171.5 83.60945 14 1.00000
171.6 83.24702 14 1.00000
171.7 83.34006 14 1.00000
171.8 83.43314 14 1.00000
171.9 83.52630 14 1.00000
172.0 83.61940 14 1.00000
172.1 83.71230 14 1.00000
172.2 83.35001 14 1.00000
172.3 83.44316 14 1.00000
172.4 83.53630 14 1.00000
172.5 83.62949 14 1.00000
172.6 83.72240 14 1.00000
172.7 83.81556 14 1.00000
172.8 83.90866 14 1.00000
172.9 83.54658 14 1.00000
173.0 83.63969 14 1.00000
173.1 83.73273 14 1.00000
173.2 83.82583 14 1.00000
173.3 83.91900 14 1.00000
173.4 84.01212 14 1.00000
173.5 84.10502 14 1.00000
173.6 83.74315 14 1.00000
173.7 83.83631 14 1.00000
173.8 83.92947 14 1.00000
173.9 84.02266 14 1.00000
174.0 84.11559 14 1.00000
174.1 84.20875 14 1.00000
174.2 84.30186 14 1.00000
174.3 83.94020 14 1.00000
174.4 84.03332 14 1.00000
174.5 84.12637 14 1.00000
174.6 84.21947 14 1.00000
174.7 84.31260 14 1.00000
174.8 84.40577 14 1.00000
174.9 84.04420 14 1.00000
175.0 84.13728 14 1.00000
175.1 84.23045 14 1.00000
175.2 84.32356 14 1.00000
175.3 84.41676 14 1.00000
175.4 84.50974 14 1.00000
175.5 84.60282 14 1.00000
175.6 84.24150 14 1.00000
175.7 84.33473 14 1.00000
175.8 84.42786 14 1.00000
175.9 84.52092 14 1.00000
176.0 84.61403 14 1.00000
176.1 84.70721 14 1.00000
176.2 84.80034 14 1.00000
176.3 84.43918 14 1.00000
176.4 84.53221 14 1.00000
176.5 84.62544 14 1.00000
176.6 84.71861 14 1.00000
176.7 84.81171 14 1.00000
176.8 84.90470 14 1.00000
176.9 84.99783 14 1.00000
177.0 84.63692 14 1.00000
177.1 84.73016 14 1.00000
177.2 84.82329 14 1.00000
177.3 84.91635 14 1.00000
177.4 85.00946 14 1.00000
177.5 85.10260 14 1.00000
177.6 85.19573 14 1.00000
177.7 84.83501 14 1.00000
177.8 84.92811 14 1.00000
177.9 85.02124 14 1.00000
178.0 85.11441 14 1.00000
178.1 85.20761 14 1.00000
178.2 85.30076 14 1.00000
178.3 85.39374 14 1.00000
178.4 85.03318 14 1.00000
178.5 85.12637 14 1.00000
178.6 85.21960 14 1.00000
178.7 85.31261 14 1.00000
178.8 85.40572 14 1.00000
178.9 85.49887 14 1.00000
179.0 85.59200 14 1.00000
179.1 85.23174 14 1.00000
179.2 85.32478 14 1.00000
179.3 85.41796 14 1.00000
179.4 85.51113 14 1.00000
179.5 85.60429 14 1.00000
179.6 85.69743 14 1.00000
179.7 85.79042 14 1.00000
179.8 85.43030 14 1.00000
179.9 85.52345 14 1.00000
180.0 85.61667 14 1.00000
180.1 85.70979 14 1.00000
180.2 85.80285 14 1.00000
180.3 85.89599 14 1.00000
180.4 85.53594 14 1.00000
180.5 85.62920 14 1.00000
180.6 85.72234 14 1.00000
180.7 85.81542 14 1.00000
180.8 85.90859 14 1.00000
180.9 86.00170 14 1.00000
181.0 86.09489 14 1.00000
181.1 85.73489 14 1.00000
181.2 85.82809 14 1.00000
181.3 85.92128 14 1.00000
181.4 86.01447 14 1.00000
181.5 86.10763 14 1.00000
181.6 86.20064 14 1.00000
181.7 86.29378 14 1.00000
181.8 85.93417 14 1.00000
181.9 86.02737 14 1.00000
182.0 86.12061 14 1.00000
182.1 86.21359 14 1.00000
182.2 86.30676 14 1.00000
182.3 86.39992 14 1.00000
182.4 86.49306 14 1.00000
182.5 86.13368 14 1.00000
182.6 86.22674 14 1.00000
182.7 86.31993 14 1.00000
182.8 86.41316 14 1.00000
182.9 86.50633 14 1.00000
183.0 86.59934 14 1.00000
183.1 86.69249 14 1.00000
183.2 86.33328 14 1.00000
183.3 86.42649 14 1.00000
183.4 86.51969 14 1.00000
183.5 86.61272 14 1.00000
183.6 86.70594 14 1.00000
183.7 86.79910 14 1.00000
183.8 86.89220 14 1.00000
183.9 86.53327 14 1.00000
184.0 86.62638 14 1.00000
184.1 86.71958 14 1.00000
184.2 86.81277 14 1.00000
184.3 86.90589 14 1.00000
184.4 86.99895 14 1.00000
184.5 87.09210 14 1.00000
184.6 87.18524 14 1.00000
184.7 86.82661 14 1.00000
184.8 86.91981 14 1.00000
184.9 87.01280 14 1.00000
185.0 87.10598 14 1.00000
185.1 87.19919 14 1.00000
185.2 87.29229 14 1.00000
185.3 87.38548 14 1.00000
185.4 87.02688 14 1.00000
185.5 87.12008 14 1.00000
185.6 87.21326 14 1.00000
185.7 87.30644 14 1.00000
185.8 87.39960 14 1.00000
185.9 87.03857 14 1.00000
186.0 87.13175 14 1.00000
186.1 87.22762 14 1.00000
186.2 87.32082 14 1.00000
186.3 87.41396 14 1.00000
186.4 87.05296 14 1.00000
186.5 87.14622 14 1.00000
186.6 87.23941 14 1.00000
186.7 87.33263 14 1.00000
186.8 86.97434 14 1.00000
186.9 87.06754 14 1.00000
187.0 87.16081 14 1.00000
187.1 87.25407 14 1.00000
187.2 87.34733 14 1.00000
187.3 87.44038 14 1.00000
187.4 87.53365 14 1.00000
187.5 87.17558 14 1.00000
187.6 87.26888 14 1.00000
187.7 87.36211 14 1.00000
187.8 87.45527 14 1.00000
187.9 87.54852 14 1.00000
188.0 87.64176 14 1.00000
188.1 87.73499 14 1.00000
188.2 87.37715 14 1.00000
188.3 87.47029 14 1.00000
188.4 87.56357 14 1.00000
188.5 87.65678 14 1.00000
188.6 87.75004 14 1.00000
188.7 87.84333 14 1.00000
188.8 87.93636 14 1.00000
188.9 87.57879 14 1.00000
189.0 87.67204 14 1.00000
189.1 87.76531 14 1.00000
189.2 87.85843 14 1.00000
189.3 87.95168 14 1.00000
189.4 88.04492 14 1.00000
189.5 88.13820 14 1.00000
189.6 88.23141 14 1.00000
189.7 87.87395 14 1.00000
189.8 87.96722 14 1.00000
189.9 88.06044 14 1.00000
190.0 88.15374 14 1.00000
190.1 88.24699 14 1.00000
190.2 88.34002 14 1.00000
190.3 88.43328 14 1.00000
190.4 88.07618 14 1.00000
190.5 88.16946 14 1.00000
190.6 88.26267 14 1.00000
190.7 88.35583 14 1.00000
190.8 88.44907 14 1.00000
190.9 88.54224 14 1.00000
191.0 88.63551 14 1.00000
191.1 88.27863 14 1.00000
191.2 88.37171 14 1.00000
191.3 88.46503 14 1.00000
191.4 88.55823 14 1.00000
191.5 88.65152 14 1.00000
191.6 88.74460 14 1.00000
191.7 88.83776 14 1.00000
191.8 88.48116 14 1.00000
191.9 88.57438 14 1.00000
192.0 88.66769 14 1.00000
192.1 88.76080 14 1.00000
192.2 88.85399 14 1.00000
192.3 88.94726 14 1.00000
192.4 89.04047 14 1.00000
192.5 89.13367 14 1.00000
192.6 88.77712 14 1.00000
192.7 88.87038 14 1.00000
192.8 88.96368 14 1.00000
192.9 89.05692 14 1.00000
193.0 89.15009 14 1.00000
193.1 89.24316 14 1.00000
193.2 89.33636 14 1.00000
193.3 88.98022 14 1.00000
193.4 89.07348 14 1.00000
193.5 89.16673 14 1.00000
193.6 89.25982 14 1.00000
193.7 89.35304 14 1.00000
193.8 89.44630 14 1.00000
193.9 89.53945 14 1.00000
194.0 89.18338 14 1.00000
194.1 89.27664 14 1.00000
194.2 89.36989 14 1.00000
194.3 89.46317 14 1.00000
194.4 89.55634 14 1.00000
194.5 89.64941 14 1.00000
194.6 89.74265 14 1.00000
194.7 89.83579 14 1.00000
194.8 89.48016 14 1.00000
194.9 89.57346 14 1.00000
195.0 89.66649 14 1.00000
195.1 89.75971 14 1.00000
195.2 89.85297 14 1.00000
195.3 89.94611 14 1.00000
195.4 90.03935 14 1.00000
195.5 89.68374 14 1.00000
195.6 89.77699 14 1.00000
195.7 89.87026 14 1.00000
195.8 89.96343 14 1.00000
195.9 90.05664 14 1.00000
196.0 90.14969 14 1.00000
196.1 90.24287 14 1.00000
196.2 90.33609 14 1.00000
196.3 89.98092 14 1.00000
196.4 90.07415 14 1.00000
196.5 90.16727 14 1.00000
196.6 90.26042 14 1.00000
196.7 90.35361 14 1.00000
196.8 90.44679 14 1.00000
196.9 90.53986 14 1.00000
197.0 90.18496 14 1.00000
197.1 90.27818 14 1.00000
197.2 90.37140 14 1.00000
197.3 90.46460 14 1.00000
197.4 90.55765 14 1.00000
197.5 90.65083 14 1.00000
197.6 90.74394 14 1.00000
197.7 90.83714 14 1.00000
197.8 90.48248 14 1.00000
197.9 90.57555 14 1.00000
198.0 90.66879 14 1.00000
198.1 90.76193 14 1.00000
198.2 90.85516 14 1.00000
198.3 90.94832 14 1.00000
198.4 91.04128 14 1.00000
198.5 90.68693 14 1.00000
198.6 90.78014 14 1.00000
198.7 90.87333 14 1.00000
198.8 90.96651 14 1.00000
198.9 91.05955 14 1.00000
199.0 91.15271 14 1.00000
199.1 91.24586 14 1.00000
199.2 91.33894 14 1.00000
199.3 90.98488 14 1.00000
199.4 91.07793 14 1.00000
199.5 91.17111 14 1.00000
199.6 91.26428 14 1.00000
199.7 91.35739 14 1.00000
199.8 91.45058 14 1.00000
199.9 91.54357 14 1.00000
200.0 91.18962 14 1.00000
200.1 91.28286 14 1.00000
200.2 91.37599 14 1.00000
200.3 91.46902 14 1.00000
200.4 91.56217 14 1.00000
200.5 91.65532 14 1.00000
200.6 91.74850 14 1.00000
200.7 91.84161 14 1.00000
200.8 91.48781 14 1.00000
200.9 91.58103 14 1.00000
201.0 91.67415 14 1.00000
201.1 91.76735 14 1.00000
201.2 91.86044 14 1.00000
201.3 91.95343 14 1.00000
201.4 92.04659 14 1.00000
201.5 91.69318 14 1.00000
201.6 91.78636 14 1.00000
201.7 91.87952 14 1.00000
201.8 91.97248 14 1.00000
201.9 92.06562 14 1.00000
202.0 92.15874 14 1.00000
202.1 92.25191 14 1.00000
202.2 92.34496 14 1.00000
202.3 91.99169 14 1.00000
202.4 92.08490 14 1.00000
202.5 92.17800 14 1.00000
202.6 92.27113 14 1.00000
202.7 92.36426 14 1.00000
202.8 92.45722 14 1.00000
202.9 92.55032 14 1.00000
203.0 92.64340 14 1.00000
203.1 92.29061 14 1.00000
203.2 92.38371 14 1.00000
203.3 92.47675 14 1.00000
203.4 92.56986 14 1.00000
203.5 92.66292 14 1.00000
203.6 92.75607 14 1.00000
203.7 92.84910 14 1.00000
203.8 92.49638 14 1.00000
203.9 92.58947 14 1.00000
204.0 92.68259 14 1.00000
204.1 92.77576 14 1.00000
204.2 92.86881 14 1.00000
204.3 92.96181 14 1.00000
204.4 93.05484 14 1.00000
204.5 93.14796 14 1.00000
204.6 92.79556 14 1.00000
204.7 92.88859 14 1.00000
204.8 92.98165 14 1.00000
204.9 93.07479 14 1.00000
205.0 93.16788 14 1.00000
205.1 92.81208 14 1.00000
205.2 92.90513 14 1.00000
205.3 92.99826 14 1.00000
205.4 93.09487 14 1.00000
205.5 93.18793 14 1.00000
205.6 92.83225 14 1.00000
205.7 92.92528 14 1.00000
205.8 93.01843 14 1.00000
205.9 93.11153 14 1.00000
206.0 93.20470 14 1.00000
206.1 93.29782 14 1.00000
206.2 92.94553 14 1.00000
206.3 93.03875 14 1.00000
206.4 93.13191 14 1.00000
206.5 93.22506 14 1.00000
206.6 93.31820 14 1.00000
206.7 93.41119 14 1.00000
206.8 93.50430 14 1.00000
206.9 93.15240 14 1.00000
207.0 93.24553 14 1.00000
207.1 93.33868 14 1.00000
207.2 93.43174 14 1.00000
207.3 93.52483 14 1.00000
207.4 93.61794 14 1.00000
207.5 93.71111 14 1.00000
207.6 93.80415 14 1.00000
207.7 93.45240 14 1.00000
207.8 93.54560 14 1.00000
207.9 93.63874 14 1.00000
208.0 93.73183 14 1.00000
208.1 93.82494 14 1.00000
208.2 93.91790 14 1.00000
208.3 94.01105 14 1.00000
208.4 94.10408 14 1.00000
208.5 93.75275 14 1.00000
208.6 93.84579 14 1.00000
208.7 93.93887 14 1.00000
208.8 94.03202 14 1.00000
208.9 94.12512 14 1.00000
209.0 94.21816 14 1.00000
209.1 94.31124 14 1.00000
209.2 94.40417 14 1.00000
209.3 94.05311 14 1.00000
209.4 94.14622 14 1.00000
209.5 94.23933 14 1.00000
209.6 94.33229 14 1.00000
209.7 94.42538 14 1.00000
209.8 94.51845 14 1.00000
209.9 94.61156 14 1.00000
210.0 94.70455 14 1.00000
210.1 94.35363 14 1.00000
210.2 94.44678 14 1.00000
210.3 94.53987 14 1.00000
210.4 94.63295 14 1.00000
210.5 94.72598 14 1.00000
210.6 94.81908 14 1.00000
210.7 94.91198 14 1.00000
210.8 95.00496 14 1.00000
210.9 94.65446 14 1.00000
211.0 94.74754 14 1.00000
211.1 94.84048 14 1.00000
211.2 94.93354 14 1.00000
211.3 95.02659 14 1.00000
211.4 95.11963 14 1.00000
211.5 95.21265 14 1.00000
211.6 95.30572 14 1.00000
211.7 94.95535 14 1.00000
211.8 95.04841 14 1.00000
211.9 95.14142 14 1.00000
212.0 95.23451 14 1.00000
212.1 95.32741 14 1.00000
212.2 95.42043 14 1.00000
212.3 95.51340 14 1.00000
212.4 95.60639 14 1.00000
212.5 95.25643 14 1.00000
212.6 95.34939 14 1.00000
212.7 95.44243 14 1.00000
212.8 95.53546 14 1.00000
212.9 95.62843 14 1.00000
213.0 95.72148 14 1.00000
213.1 95.81443 14 1.00000
213.2 95.90732 14 1.00000
213.3 95.55762 14 1.00000
213.4 95.65061 14 1.00000
213.5 95.74368 14 1.00000
213.6 95.83651 14 1.00000
213.7 95.92951 14 1.00000
213.8 96.02254 14 1.00000
213.9 96.11552 14 1.00000
214.0 96.20849 14 1.00000
214.1 95.85893 14 1.00000
214.2 95.95195 14 1.00000
214.3 96.04491 14 1.00000
214.4 96.13795 14 1.00000
214.5 96.23093 14 1.00000
214.6 96.32386 14 1.00000
214.7 96.41668 14 1.00000
214.8 96.50967 14 1.00000
214.9 96.16052 14 1.00000
215.0 96.25352 14 1.00000
215.1 96.34633 14 1.00000
215.2 96.43935 14 1.00000
215.3 96.53227 14 1.00000
215.4 96.62523 14 1.00000
215.5 96.71817 14 1.00000
215.6 96.81115 14 1.00000
215.7 96.46213 14 1.00000
215.8 96.55511 14 1.00000
215.9 96.64804 14 1.00000
216.0 96.74105 14 1.00000
216.1 96.83395 14 1.00000
216.2 96.92675 14 1.00000
216.3 97.01968 14 1.00000
216.4 97.11259 14 1.00000
216.5 96.76397 14 1.00000
216.6 96.85685 14 1.00000
216.7 96.94976 14 1.00000
216.8 97.04275 14 1.00000
216.9 97.13564 14 1.00000
217.0 97.22860 14 1.00000
217.1 97.32146 14 1.00000
217.2 97.41427 14 1.00000
217.3 97.50711 14 1.00000
217.4 97.15887 14 1.00000
217.5 97.25176 14 1.00000
217.6 97.34474 14 1.00000
217.7 97.43752 14 1.00000
217.8 97.53037 14 1.00000
217.9 97.62326 14 1.00000
218.0 97.71619 14 1.00000
218.1 97.80906 14 1.00000
218.2 97.46085 14 1.00000
218.3 97.55383 14 1.00000
218.4 97.64674 14 1.00000
218.5 97.73959 14 1.00000
218.6 97.83252 14 1.00000
218.7 97.92525 14 1.00000
218.8 98.01812 14 1.00000
218.9 98.11092 14 1.00000
219.0 97.76322 14 1.00000
219.1 97.85607 14 1.00000
219.2 97.94888 14 1.00000
219.3 98.04176 14 1.00000
219.4 98.13463 14 1.00000
219.5 98.22749 14 1.00000
219.6 98.32033 14 1.00000
219.7 98.41316 14 1.00000
219.8 98.50581 14 1.00000
219.9 98.15842 14 1.00000
220.0 98.25130 14 1.00000
220.1 98.34416 14 1.00000
220.2 98.43684 14 1.00000
220.3 98.52972 14 1.00000
220.4 98.62255 14 1.00000
220.5 98.71532 14 1.00000
220.6 98.80815 14 1.00000
220.7 98.46082 14 1.00000
220.8 98.55368 14 1.00000
220.9 98.64658 14 1.00000
221.0 98.73941 14 1.00000
221.1 98.83218 14 1.00000
221.2 98.92500 14 1.00000
221.3 99.01766 14 1.00000
221.4 99.11045 14 1.00000
221.5 98.76360 14 1.00000
221.6 98.85639 14 1.00000
221.7 98.94922 14 1.00000
221.8 99.04195 14 1.00000
221.9 99.13475 14 1.00000
222.0 99.22750 14 1.00000
222.1 99.32033 14 1.00000
222.2 99.41310 14 1.00000
222.3 99.50572 14 1.00000
222.4 99.15915 14 1.00000
222.5 99.25196 14 1.00000
222.6 99.34476 14 1.00000
222.7 99.43750 14 1.00000
222.8 99.53014 14 1.00000
222.9 99.62296 14 1.00000
223.0 99.71571 14 1.00000
223.1 99.80845 14 1.00000
223.2 99.46214 14 1.00000
223.3 99.55475 14 1.00000
223.4 99.64753 14 1.00000
223.5 99.74035 14 1.00000
223.6 99.83306 14 1.00000
223.7 99.92586 14 1.00000
223.8 100.01855 14 1.00000
223.9 100.11118 14 1.00000
224.0 100.20385 14 1.00000
224.1 99.85790 14 1.00000
224.2 99.95062 14 1.00000
224.3 100.04337 14 1.00000
224.4 100.13603 14 1.00000
224.5 100.22876 14 1.00000
224.6 100.32148 14 1.00000
224.7 100.41414 14 1.00000
224.8 100.50688 14 1.00000
224.9 100.16096 14 1.00000
225.0 100.25376 14 1.00000
225.1 100.34650 14 1.00000
225.2 100.43922 14 1.00000
225.3 100.53189 14 1.00000
225.4 100.62446 14 1.00000
225.5 100.71719 14 1.00000
225.6 100.80982 14 1.00000
225.7 100.90249 14 1.00000
225.8 100.55708 14 1.00000
225.9 100.64971 14 1.00000
226.0 100.74242 14 1.00000
226.1 100.83511 14 1.00000
226.2 100.92780 14 1.00000
226.3 101.02047 14 1.00000
226.4 101.11313 14 1.00000
226.5 101.20560 14 1.00000
226.6 101.29824 14 1.00000
226.7 100.95319 14 1.00000
226.8 101.04588 14 1.00000
226.9 101.13851 14 1.00000
227.0 101.23105 14 1.00000
227.1 101.32370 14 1.00000
227.2 101.41639 14 1.00000
227.3 101.50898 14 1.00000
227.4 101.60165 14 1.00000
227.5 101.25662 14 1.00000
227.6 101.34930 14 1.00000
227.7 101.44201 14 1.00000
227.8 101.53465 14 1.00000
227.9 101.62730 14 1.00000
228.0 101.71992 14 1.00000
228.1 101.81241 14 1.00000
228.2 101.90496 14 1.00000
228.3 101.55595 14 1.00000
228.4 101.65303 14 1.00000
228.5 101.74554 14 1.00000
228.6 101.83817 14 1.00000
228.7 101.48909 14 1.00000
228.8 101.58182 14 1.00000
228.9 101.67449 14 1.00000
229.0 101.76698 14 1.00000
229.1 101.85963 14 1.00000
229.2 101.95226 14 1.00000
229.3 101.60782 14 1.00000
229.4 101.70046 14 1.00000
229.5 101.79301 14 1.00000
229.6 101.88567 14 1.00000
229.7 101.97838 14 1.00000
229.8 102.07102 14 1.00000
229.9 102.16360 14 1.00000
230.0 102.25628 14 1.00000
230.1 102.34875 14 1.00000
230.2 102.00453 14 1.00000
230.3 102.09724 14 1.00000
230.4 102.18984 14 1.00000
230.5 102.28248 14 1.00000
230.6 102.37498 14 1.00000
230.7 102.46764 14 1.00000
230.8 102.56024 14 1.00000
230.9 102.65279 14 1.00000
231.0 102.74537 14 1.00000
231.1 102.40137 14 1.00000
231.2 102.49400 14 1.00000
231.3 102.58667 14 1.00000
231.4 102.67924 14 1.00000
231.5 102.77188 14 1.00000
231.6 102.86442 14 1.00000
231.7 102.95691 14 1.00000
231.8 103.04942 14 1.00000
231.9 103.14198 14 1.00000
232.0 102.79843 14 1.00000
232.1 102.89095 14 1.00000
232.2 102.98354 14 1.00000
232.3 103.07607 14 1.00000
232.4 103.16864 14 1.00000
232.5 103.26125 14 1.00000
232.6 103.35374 14 1.00000
232.7 103.44628 14 1.00000
232.8 103.53867 14 1.00000
232.9 103.19543 14 1.00000
233.0 103.28801 14 1.00000
233.1 103.38062 14 1.00000
233.2 103.47299 14 1.00000
233.3 103.56558 14 1.00000
233.4 103.65807 14 1.00000
233.5 103.75062 14 1.00000
233.6 103.84314 14 1.00000
233.7 103.93563 14 1.00000
233.8 103.59257 14 1.00000
233.9 103.68507 14 1.00000
234.0 103.77760 14 1.00000
234.1 103.87017 14 1.00000
234.2 103.96268 14 1.00000
234.3 104.05501 14 1.00000
234.4 104.14754 14 1.00000
234.5 104.24003 14 1.00000
234.6 104.33244 14 1.00000
234.7 103.98987 14 1.00000
234.8 104.08221 14 1.00000
234.9 104.17476 14 1.00000
235.0 104.26721 14 1.00000
235.1 104.35970 14 1.00000
235.2 104.45216 14 1.00000
235.3 104.54462 14 1.00000
235.4 104.63695 14 1.00000
235.5 104.72939 14 1.00000
235.6 104.38712 14 1.00000
235.7 104.47955 14 1.00000
235.8 104.57208 14 1.00000
235.9 104.66442 14 1.00000
236.0 104.75686 14 1.00000
236.1 104.84932 14 1.00000
236.2 104.94175 14 1.00000
236.3 105.03413 14 1.00000
236.4 105.12654 14 1.00000
236.5 104.78444 14 1.00000
236.6 104.87685 14 1.00000
236.7 104.96931 14 1.00000
236.8 105.06179 14 1.00000
236.9 105.15417 14 1.00000
237.0 105.24651 14 1.00000
237.1 105.33886 14 1.00000
237.2 105.43126 14 1.00000
237.3 105.52369 14 1.00000
237.4 105.61606 14 1.00000
237.5 105.27423 14 1.00000
237.6 105.36665 14 1.00000
237.7 105.45906 14 1.00000
237.8 105.55151 14 1.00000
237.9 105.64385 14 1.00000
238.0 105.73623 14 1.00000
238.1 105.82860 14 1.00000
238.2 105.92082 14 1.00000
238.3 106.01321 14 1.00000
238.4 105.67181 14 1.00000
238.5 105.76425 14 1.00000
238.6 105.85651 14 1.00000
238.7 105.94884 14 1.00000
238.8 106.04119 14 1.00000
238.9 106.13354 14 1.00000
239.0 106.22593 14 1.00000
239.1 106.31821 14 1.00000
239.2 106.41053 14 1.00000
239.3 106.50271 14 1.00000
239.4 106.16176 14 1.00000
239.5 106.25407 14 1.00000
239.6 106.34646 14 1.00000
239.7 106.43874 14 1.00000
239.8 106.53094 14 1.00000
239.9 106.62325 14 1.00000
240.0 106.71560 14 1.00000
240.1 106.80788 14 1.00000
240.2 106.90012 14 1.00000
240.3 106.55930 14 1.00000
240.4 106.65166 14 1.00000
240.5 106.74393 14 1.00000
240.6 106.83624 14 1.00000
240.7 106.92854 14 1.00000
240.8 107.02087 14 1.00000
240.9 107.11296 14 1.00000
241.0 107.20522 14 1.00000
241.1 107.29748 14 1.00000
241.2 107.38976 14 1.00000
241.3 107.04938 14 1.00000
241.4 107.14154 14 1.00000
241.5 107.23386 14 1.00000
241.6 107.32613 14 1.00000
241.7 107.41839 14 1.00000
241.8 107.51058 14 1.00000
241.9 107.60287 14 1.00000
242.0 107.69509 14 1.00000
242.1 107.78718 14 1.00000
242.2 107.44708 14 1.00000
242.3 107.53934 14 1.00000
242.4 107.63164 14 1.00000
242.5 107.72375 14 1.00000
242.6 107.81597 14 1.00000
242.7 107.90815 14 1.00000
242.8 108.00040 14 1.00000
242.9 108.09261 14 1.00000
243.0 108.18479 14 1.00000
243.1 108.27696 14 1.00000
243.2 107.93710 14 1.00000
243.3 108.02937 14 1.00000
243.4 108.12157 14 1.00000
243.5 108.21373 14 1.00000
243.6 108.30597 14 1.00000
243.7 108.39798 14 1.00000
243.8 108.49015 14 1.00000
243.9 108.58235 14 1.00000
244.0 108.67445 14 1.00000
244.1 108.76664 14 1.00000
244.2 108.42712 14 1.00000
244.3 108.51930 14 1.00000
244.4 108.61153 14 1.00000
244.5 108.70369 14 1.00000
244.6 108.79585 14 1.00000
244.7 108.88794 14 1.00000
244.8 108.98007 14 1.00000
244.9 109.07207 14 1.00000
245.0 109.16422 14 1.00000
245.1 109.25628 14 1.00000
245.2 108.91728 14 1.00000
245.3 109.00948 14 1.00000
245.4 109.10149 14 1.00000
245.5 109.19361 14 1.00000
245.6 109.28573 14 1.00000
245.7 109.37783 14 1.00000
245.8 109.46988 14 1.00000
245.9 109.56201 14 1.00000
246.0 109.65404 14 1.00000
246.1 109.74598 14 1.00000
246.2 109.40737 14 1.00000
246.3 109.49943 14 1.00000
246.4 109.59153 14 1.00000
246.5 109.68354 14 1.00000
246.6 109.77562 14 1.00000
246.7 109.86769 14 1.00000
246.8 109.95975 14 1.00000
246.9 110.05174 14 1.00000
247.0 110.14378 14 1.00000
247.1 110.23581 14 1.00000
247.2 109.89738 14 1.00000
247.3 109.98949 14 1.00000
247.4 110.08151 14 1.00000
247.5 110.17361 14 1.00000
247.6 110.26560 14 1.00000
247.7 110.35751 14 1.00000
247.8 110.44958 14 1.00000
247.9 110.54159 14 1.00000
248.0 110.63354 14 1.00000
248.1 110.72558 14 1.00000
248.2 110.38748 14 1.00000
248.3 110.47952 14 1.00000
248.4 110.57150 14 1.00000
248.5 110.66351 14 1.00000
248.6 110.75556 14 1.00000
248.7 110.84751 14 1.00000
248.8 110.93954 14 1.00000
248.9 111.03134 14 1.00000
249.0 111.12331 14 1.00000
249.1 111.21526 14 1.00000
249.2 110.87768 14 1.00000
249.3 110.96968 14 1.00000
249.4 111.06149 14 1.00000
249.5 111.15352 14 1.00000
249.6 111.24545 14 1.00000
249.7 111.33745 14 1.00000
249.8 111.42935 14 1.00000
249.9 111.52133 14 1.00000
250.0 111.61321 14 1.00000
