15.0 1.36182 13 0.04307
15.1 1.36952 13 0.04362
15.2 1.37712 13 0.04416
15.3 1.38474 13 0.04470
15.4 1.39245 13 0.04526
15.5 1.40008 13 0.04579
15.6 1.40781 13 0.04632
15.7 1.41545 13 0.04685
15.8 1.42309 13 0.04737
15.9 1.43073 13 0.04789
16.0 1.43854 13 0.04842
16.1 1.44631 13 0.04896
16.2 1.45398 13 0.04947
16.3 1.46165 13 0.04998
16.4 1.46932 13 0.05049
16.5 1.47699 13 0.05102
16.6 1.48467 13 0.05151
16.7 1.49236 13 0.05203
16.8 1.50005 13 0.05254
16.9 1.50774 13 0.05306
17.0 1.51544 13 0.05367
17.1 1.52332 13 0.05419
17.2 1.53104 13 0.05469
17.3 1.53859 13 0.05519
17.4 1.54631 13 0.05570
17.5 1.55404 13 0.05620
17.6 1.56177 13 0.05669
17.7 1.56950 13 0.05719
17.8 1.57706 13 0.05769
17.9 1.58480 13 0.05819
18.0 1.59275 13 0.05871
18.1 1.60051 13 0.05922
18.2 1.60808 13 0.05972
18.3 1.61584 13 0.06022
18.4 1.62361 13 0.06072
18.5 1.63117 13 0.06121
18.6 1.63895 13 0.06173
18.7 1.64696 13 0.06226
18.8 1.65453 13 0.06276
18.9 1.66232 13 0.06328
19.0 1.66989 13 0.06376
19.1 1.67792 13 0.06430
19.2 1.68597 13 0.06484
19.3 1.69355 13 0.06535
19.4 1.70267 13 0.06602
19.5 1.71427 13 0.06694
19.6 1.72595 13 0.06786
19.7 1.73770 13 0.06880
19.8 1.74953 13 0.06976
19.9 1.76144 13 0.07073
20.0 1.77343 13 0.07171
20.1 1.78549 13 0.07267
20.2 1.79764 13 0.07368
20.3 1.80986 13 0.07469
20.4 1.82216 13 0.07573
20.5 1.83454 13 0.07674
20.6 1.84700 13 0.07779
20.7 1.85954 13 0.07886
20.8 1.87216 13 0.07995
20.9 1.88487 13 0.08105
21.0 1.89765 13 0.08213
21.1 1.91052 13 0.08326
21.2 1.92346 13 0.08440
21.3 13.70890 14 1.00000
21.4 13.71648 14 1.00000
21.5 13.71796 14 1.00000
21.6 13.71813 14 1.00000
21.7 13.71685 14 1.00000
21.8 13.71459 14 1.00000
21.9 13.71789 14 1.00000
22.0 13.71358 14 1.00000
22.1 13.70802 14 1.00000
22.2 13.70270 14 1.00000
22.3 13.70071 14 1.00000
22.4 13.69235 14 1.00000
22.5 13.68286 14 1.00000
22.6 13.67182 14 1.00000
22.7 13.66746 14 1.00000
22.8 13.65482 14 1.00000
22.9 13.64104 14 1.00000
23.0 13.62708 14 1.00000
23.1 13.61833 14 1.00000
23.2 13.60206 14 1.00000
23.3 13.58431 14 1.00000
23.4 13.56915 14 1.00000
23.5 13.55420 14 1.00000
23.6 13.53423 14 1.00000
23.7 13.51296 14 1.00000
23.8 13.49525 14 1.00000
23.9 13.47630 14 1.00000
24.0 13.45269 14 1.00000
24.1 13.42782 14 1.00000
24.2 13.41097 14 1.00000
24.3 13.38523 14 1.00000
24.4 13.35860 14 1.00000
24.5 13.33080 14 1.00000
24.6 5.53009 14 0.37306
24.7 5.58658 14 0.37850
24.8 5.64272 14 0.38394
24.9 5.69850 14 0.38942
25.0 5.75402 14 0.39481
25.1 5.80930 14 0.40014
25.2 5.86398 14 0.40567
25.3 5.91821 14 0.41122
25.4 5.97221 14 0.41669
25.5 6.02613 14 0.42205
25.6 6.07915 14 0.42762
25.7 6.13168 14 0.43322
25.8 6.18372 14 0.43883
25.9 6.23632 14 0.44415
26.0 6.28747 14 0.44978
26.1 6.33814 14 0.45541
26.2 6.38829 14 0.46105
26.3 6.43791 14 0.46670
26.4 6.48855 14 0.47204
26.5 6.53721 14 0.47770
26.6 6.58528 14 0.48338
26.7 6.63277 14 0.48906
26.8 6.68162 14 0.49443
26.9 6.72824 14 0.50010
27.0 6.77432 14 0.50576
27.1 6.81978 14 0.51144
27.2 6.86468 14 0.51712
27.3 6.90892 14 0.52282
27.4 6.95525 14 0.52816
27.5 6.99843 14 0.53386
27.6 7.04099 14 0.53955
27.7 7.08287 14 0.54526
27.8 7.12504 14 0.55086
27.9 7.16838 14 0.55628
28.0 7.20909 14 0.56192
28.1 7.24920 14 0.56756
28.2 7.28868 14 0.57320
28.3 7.32749 14 0.57885
28.4 7.36549 14 0.58451
28.5 7.40284 14 0.59018
28.6 7.43970 14 0.59582
28.7 7.48042 14 0.60109
28.8 7.51582 14 0.60675
28.9 7.55054 14 0.61241
29.0 7.58464 14 0.61806
29.1 7.62283 14 0.62335
29.2 7.65538 14 0.62902
29.3 7.68811 14 0.63462
29.4 7.72228 14 0.64007
29.5 7.75562 14 0.64553
29.6 7.78839 14 0.65098
29.7 7.82042 14 0.65644
29.8 7.85168 14 0.66190
29.9 7.88222 14 0.66736
30.0 7.91200 14 0.67282
30.1 7.94084 14 0.67830
30.2 7.96945 14 0.68374
30.3 7.99745 14 0.68917
30.4 8.02474 14 0.69459
30.5 8.05789 14 0.69967
30.6 8.08268 14 0.70514
30.7 8.11074 14 0.71041
30.8 8.13873 14 0.71564
30.9 8.16668 14 0.72084
31.0 8.20360 14 0.72560
31.1 8.23288 14 0.73068
31.2 8.28440 14 0.73477
31.3 8.34836 14 0.73837
31.4 8.40349 14 0.74240
31.5 8.46019 14 0.74641
31.6 8.48000 14 0.74721
31.7 8.47590 14 0.75287
31.8 8.50370 14 0.75441
31.9 8.53283 14 0.75603
32.0 8.57084 14 0.75814
32.1 8.59188 14 0.75931
32.2 8.62691 14 0.76126
32.3 8.66187 14 0.76320
32.4 8.67904 14 0.76416
32.5 8.70273 14 0.76547
32.6 8.73250 14 0.76713
32.7 8.77860 14 0.76968
32.8 8.79475 14 0.77058
32.9 8.84666 14 0.77346
33.0 8.86570 14 0.77451
33.1 8.90885 14 0.77691
33.2 8.92763 14 0.77795
33.3 8.96590 14 0.78007
33.4 9.00210 14 0.78207
33.5 9.03626 14 0.78396
33.6 9.06512 14 0.78555
33.7 9.09854 14 0.78740
33.8 9.13164 14 0.78923
33.9 9.16426 14 0.79103
34.0 9.19858 14 0.79293
34.1 9.22741 14 0.79452
34.2 9.27709 14 0.79726
34.3 9.31323 14 0.79925
34.4 9.33831 14 0.80063
34.5 9.36525 14 0.80211
34.6 9.40169 14 0.80412
34.7 9.43848 14 0.80614
34.8 9.47242 14 0.80801
34.9 9.49975 14 0.80951
35.0 9.54537 14 0.81202
35.1 9.57896 14 0.81386
35.2 9.61055 14 0.81559
35.3 9.63620 14 0.81700
35.4 9.67043 14 0.81887
35.5 9.69285 14 0.82010
35.6 9.73201 14 0.82224
35.7 9.75470 14 0.82348
35.8 9.81026 14 0.82652
35.9 9.83669 14 0.82796
36.0 9.88655 14 0.83068
36.1 9.91845 14 0.83242
36.2 9.94781 14 0.83401
36.3 9.98986 14 0.83630
36.4 10.01739 14 0.83780
36.5 10.05041 14 0.83959
36.6 10.08082 14 0.84124
36.7 10.12417 14 0.84360
36.8 10.15506 14 0.84527
36.9 10.17752 14 0.84649
37.0 10.21353 14 0.84844
37.1 10.26930 14 0.85146
37.2 10.29908 14 0.85306
37.3 10.32902 14 0.85468
37.4 10.36073 14 0.85639
37.5 10.39521 14 0.85825
37.6 10.43849 14 0.86059
37.7 10.48977 14 0.86335
37.8 10.51113 14 0.86450
37.9 10.55590 14 0.86690
38.0 10.59692 14 0.86911
38.1 10.62958 14 0.87086
38.2 10.67172 14 0.87312
38.3 10.71281 14 0.87532
38.4 10.75756 14 0.87771
38.5 10.77131 14 0.87844
38.6 10.82545 14 0.88134
38.7 10.86154 14 0.88326
38.8 10.90201 14 0.88542
38.9 10.95206 14 0.88808
39.0 10.97548 14 0.88933
39.1 11.00947 14 0.89114
39.2 11.03605 14 0.89255
39.3 11.08265 14 0.89502
39.4 11.12345 14 0.89718
39.5 11.16348 14 0.89930
39.6 11.20244 14 0.90136
39.7 11.24056 14 0.90338
39.8 11.27778 14 0.90535
39.9 11.31368 14 0.90724
40.0 11.34843 14 0.90907
40.1 11.37649 14 0.91055
40.2 11.42909 14 0.91332
40.3 11.46115 14 0.91501
40.4 11.50653 14 0.91739
40.5 11.56060 14 0.92023
40.6 11.59617 14 0.92209
40.7 11.62945 14 0.92384
40.8 11.34399 14 0.90884
40.9 11.28110 14 0.90552
41.0 11.23571 14 0.90312
41.1 11.03646 14 0.89257
41.2 10.91357 14 0.88603
41.3 10.77206 14 0.87849
41.4 10.73872 14 0.87670
41.5 10.68914 14 0.87405
41.6 10.64823 14 0.87186
41.7 10.54919 14 0.86654
41.8 10.44451 14 0.86091
41.9 10.26415 14 0.85118
42.0 10.24795 14 0.85030
42.1 10.20974 14 0.84823
42.2 10.19830 14 0.84761
42.3 10.13123 14 0.84398
42.4 10.03047 14 0.83851
42.5 9.96693 14 0.83505
42.6 9.86260 14 0.82937
42.7 9.77420 14 0.82455
42.8 9.76086 14 0.82382
42.9 9.72615 14 0.82192
43.0 9.69216 14 0.82006
43.1 9.64293 14 0.81736
43.2 9.57562 14 0.81368
43.3 9.47295 14 0.80804
43.4 9.39719 14 0.80387
43.5 9.37945 14 0.80290
43.6 9.37795 14 0.80281
43.7 9.34443 14 0.80097
43.8 9.24791 14 0.79565
43.9 9.23442 14 0.79490
44.0 9.13957 14 0.78967
44.1 9.10223 14 0.78761
44.2 9.04329 14 0.78435
44.3 9.05273 14 0.78487
44.4 9.01703 14 0.78290
44.5 9.00384 14 0.78217
44.6 9.02129 14 0.78313
44.7 9.02433 14 0.78330
44.8 9.09162 14 0.78702
44.9 9.16611 14 0.79113
45.0 9.24536 14 0.79551
45.1 9.24861 14 0.79569
45.2 9.24020 14 0.79522
45.3 9.26438 14 0.79656
45.4 9.37232 14 0.80250
45.5 9.44175 14 0.80632
45.6 9.50538 14 0.80982
45.7 9.55898 14 0.81276
45.8 9.66080 14 0.81834
45.9 9.70320 14 0.82066
46.0 9.74875 14 0.82316
46.1 9.78688 14 0.82524
46.2 9.82742 14 0.82745
46.3 9.86509 14 0.82951
46.4 9.90078 14 0.83145
46.5 9.93521 14 0.83333
46.6 9.96421 14 0.83491
46.7 10.06398 14 0.84033
46.8 10.15277 14 0.84515
46.9 10.22417 14 0.84901
47.0 10.28670 14 0.85240
47.1 10.34740 14 0.85568
47.2 10.44655 14 0.86102
47.3 10.48682 14 0.86319
47.4 10.54614 14 0.86638
47.5 10.58971 14 0.86872
47.6 10.62631 14 0.87068
47.7 10.66859 14 0.87295
47.8 10.70935 14 0.87513
47.9 10.74805 14 0.87720
48.0 10.79071 14 0.87948
48.1 10.89534 14 0.88506
48.2 10.98297 14 0.88973
48.3 11.05417 14 0.89351
48.4 11.13541 14 0.89782
48.5 11.19078 14 0.90075
48.6 11.25634 14 0.90421
48.7 11.35853 14 0.90961
48.8 11.41369 14 0.91251
48.9 11.45530 14 0.91470
49.0 11.51051 14 0.91760
49.1 11.55375 14 0.91987
49.2 11.59183 14 0.92187
49.3 11.64335 14 0.92456
49.4 11.67765 14 0.92636
49.5 11.76231 14 0.93078
49.6 11.86215 14 0.93598
49.7 11.95397 14 0.94075
49.8 12.04158 14 0.94529
49.9 12.11689 14 0.94919
50.0 12.18426 14 0.95267
50.1 12.24746 14 0.95593
50.2 12.36106 14 0.96178
50.3 12.41568 14 0.96458
50.4 12.46961 14 0.96735
50.5 12.51181 14 0.96951
50.6 12.56211 14 0.97208
50.7 12.61992 14 0.97504
50.8 12.66315 14 0.97724
50.9 12.71578 14 0.97993
51.0 12.80739 14 0.98459
51.1 12.91338 14 0.98997
51.2 13.00960 14 0.99484
51.3 13.10163 14 0.99949
51.4 13.13930 14 1.00000
51.5 13.16810 14 1.00000
51.6 13.18867 14 1.00000
51.7 13.24033 14 1.00000
51.8 13.26698 14 1.00000
51.9 13.28457 14 1.00000
52.0 13.30381 14 1.00000
52.1 13.32397 14 1.00000
52.2 13.34183 14 1.00000
52.3 13.36085 14 1.00000
52.4 13.37879 14 1.00000
52.5 13.41677 14 1.00000
52.6 13.44607 14 1.00000
52.7 13.48993 14 1.00000
52.8 13.52873 14 1.00000
52.9 13.56014 14 1.00000
53.0 13.58806 14 1.00000
53.1 13.61320 14 1.00000
53.2 13.64225 14 1.00000
53.3 13.69177 14 1.00000
53.4 13.71571 14 1.00000
53.5 13.73512 14 1.00000
53.6 13.75519 14 1.00000
53.7 13.77680 14 1.00000
53.8 13.79186 14 1.00000
53.9 13.81443 14 1.00000
54.0 13.83284 14 1.00000
54.1 13.86861 14 1.00000
54.2 13.90578 14 1.00000
54.3 13.94708 14 1.00000
54.4 13.98256 14 1.00000
54.5 14.01526 14 1.00000
54.6 14.04524 14 1.00000
54.7 14.07526 14 1.00000
54.8 14.10455 14 1.00000
54.9 14.12878 14 1.00000
55.0 14.17216 14 1.00000
55.1 14.19070 14 1.00000
55.2 14.21030 14 1.00000
55.3 14.23417 14 1.00000
55.4 14.25849 14 1.00000
55.5 14.27746 14 1.00000
55.6 14.29137 14 1.00000
55.7 14.31842 14 1.00000
55.8 14.35530 14 1.00000
55.9 14.39538 14 1.00000
56.0 14.43749 14 1.00000
56.1 14.46929 14 1.00000
56.2 14.50709 14 1.00000
56.3 14.53702 14 1.00000
56.4 14.56617 14 1.00000
56.5 14.58688 14 1.00000
56.6 14.60951 14 1.00000
56.7 14.66333 14 1.00000
56.8 14.68903 14 1.00000
56.9 14.70832 14 1.00000
57.0 14.73118 14 1.00000
57.1 14.74570 14 1.00000
57.2 14.76114 14 1.00000
57.3 14.78932 14 1.00000
57.4 14.80803 14 1.00000
57.5 14.85000 14 1.00000
57.6 14.88351 14 1.00000
57.7 14.91918 14 1.00000
57.8 14.96294 14 1.00000
57.9 14.99695 14 1.00000
58.0 15.02964 14 1.00000
58.1 15.04960 14 1.00000
58.2 15.08948 14 1.00000
58.3 15.10369 14 1.00000
58.4 15.14184 14 1.00000
58.5 15.17462 14 1.00000
58.6 15.21287 14 1.00000
58.7 15.23349 14 1.00000
58.8 15.25029 14 1.00000
58.9 15.26222 14 1.00000
59.0 15.28267 14 1.00000
59.1 15.31266 14 1.00000
59.2 15.34161 14 1.00000
59.3 15.38247 14 1.00000
59.4 15.40938 14 1.00000
59.5 15.44620 14 1.00000
59.6 15.49028 14 1.00000
59.7 15.52415 14 1.00000
59.8 15.55804 14 1.00000
59.9 15.58296 14 1.00000
60.0 15.60952 14 1.00000
60.1 15.64438 14 1.00000
60.2 15.67063 14 1.00000
60.3 15.71618 14 1.00000
60.4 15.74747 14 1.00000
60.5 15.76099 14 1.00000
60.6 15.78820 14 1.00000
60.7 15.80510 14 1.00000
60.8 15.82466 14 1.00000
60.9 15.84822 14 1.00000
61.0 15.86290 14 1.00000
61.1 15.90478 14 1.00000
61.2 15.94609 14 1.00000
61.3 15.98033 14 1.00000
61.4 16.00774 14 1.00000
61.5 16.05023 14 1.00000
61.6 16.07725 14 1.00000
61.7 16.11156 14 1.00000
61.8 16.15042 14 1.00000
61.9 16.17791 14 1.00000
62.0 16.21041 14 1.00000
62.1 16.23672 14 1.00000
62.2 16.27367 14 1.00000
62.3 16.30659 14 1.00000
62.4 16.33360 14 1.00000
62.5 16.35265 14 1.00000
62.6 16.36805 14 1.00000
62.7 16.38475 14 1.00000
62.8 16.41190 14 1.00000
62.9 16.43818 14 1.00000
63.0 16.46328 14 1.00000
63.1 16.51092 14 1.00000
63.2 16.53452 14 1.00000
63.3 16.58042 14 1.00000
63.4 16.60432 14 1.00000
63.5 16.64999 14 1.00000
63.6 16.68896 14 1.00000
63.7 16.71928 14 1.00000
63.8 16.75377 14 1.00000
63.9 16.78129 14 1.00000
64.0 16.81050 14 1.00000
64.1 16.83612 14 1.00000
64.2 16.86108 14 1.00000
64.3 16.91597 14 1.00000
64.4 16.93133 14 1.00000
64.5 16.95115 14 1.00000
64.6 16.97011 14 1.00000
64.7 16.98916 14 1.00000
64.8 17.01358 14 1.00000
64.9 17.02397 14 1.00000
65.0 17.05789 14 1.00000
65.1 17.10284 14 1.00000
65.2 17.13583 14 1.00000
65.3 17.17024 14 1.00000
65.4 17.20430 14 1.00000
65.5 17.23358 14 1.00000
65.6 17.27119 14 1.00000
65.7 17.30534 14 1.00000
65.8 17.34160 14 1.00000
65.9 17.37107 14 1.00000
66.0 17.39715 14 1.00000
66.1 17.42520 14 1.00000
66.2 17.45067 14 1.00000
66.3 17.47462 14 1.00000
66.4 17.52340 14 1.00000
66.5 17.54326 14 1.00000
66.6 17.56071 14 1.00000
66.7 17.58357 14 1.00000
66.8 17.60471 14 1.00000
66.9 17.62986 14 1.00000
67.0 17.64554 14 1.00000
67.1 17.68054 14 1.00000
67.2 17.71456 14 1.00000
67.3 17.75869 14 1.00000
67.4 17.79308 14 1.00000
67.5 17.82383 14 1.00000
67.6 17.85562 14 1.00000
67.7 17.86022 14 1.00000
67.8 17.89601 14 1.00000
67.9 17.90499 14 1.00000
68.0 17.93804 14 1.00000
68.1 17.96848 14 1.00000
68.2 17.98791 14 1.00000
68.3 18.03050 14 1.00000
68.4 18.04548 14 1.00000
68.5 18.06004 14 1.00000
68.6 18.08513 14 1.00000
68.7 18.11044 14 1.00000
68.8 18.14956 14 1.00000
68.9 18.17449 14 1.00000
69.0 18.20339 14 1.00000
69.1 18.21429 14 1.00000
69.2 18.24166 14 1.00000
69.3 18.26731 14 1.00000
69.4 18.27338 14 1.00000
69.5 18.30817 14 1.00000
69.6 18.31079 14 1.00000
69.7 18.35320 14 1.00000
69.8 18.35753 14 1.00000
69.9 18.39383 14 1.00000
70.0 18.43177 14 1.00000
70.1 18.46528 14 1.00000
70.2 18.48510 14 1.00000
70.3 18.51959 14 1.00000
70.4 18.56601 14 1.00000
70.5 18.60021 14 1.00000
70.6 18.62464 14 1.00000
70.7 18.65850 14 1.00000
70.8 18.69109 14 1.00000
70.9 18.71884 14 1.00000
71.0 18.74535 14 1.00000
71.1 18.77067 14 1.00000
71.2 18.79538 14 1.00000
71.3 18.79658 14 1.00000
71.4 18.85521 14 1.00000
71.5 18.86836 14 1.00000
71.6 18.88896 14 1.00000
71.7 18.91185 14 1.00000
71.8 18.91850 14 1.00000
71.9 18.95293 14 1.00000
72.0 18.96348 14 1.00000
72.1 18.98130 14 1.00000
72.2 19.03854 14 1.00000
72.3 19.07472 14 1.00000
72.4 19.11467 14 1.00000
72.5 19.14940 14 1.00000
72.6 19.18015 14 1.00000
72.7 19.21313 14 1.00000
72.8 19.21356 14 1.00000
72.9 19.24287 14 1.00000
73.0 19.27259 14 1.00000
73.1 19.31959 14 1.00000
73.2 19.34572 14 1.00000
73.3 19.34337 14 1.00000
73.4 19.37625 14 1.00000
73.5 19.40283 14 1.00000
73.6 19.43271 14 1.00000
73.7 19.45992 14 1.00000
73.8 19.48474 14 1.00000
73.9 19.50949 14 1.00000
74.0 19.54766 14 1.00000
74.1 19.58635 14 1.00000
74.2 19.60427 14 1.00000
74.3 19.60335 14 1.00000
74.4 19.62170 14 1.00000
74.5 19.64710 14 1.00000
74.6 19.66190 14 1.00000
74.7 19.68944 14 1.00000
74.8 19.71035 14 1.00000
74.9 19.72953 14 1.00000
75.0 19.78433 14 1.00000
75.1 19.81427 14 1.00000
75.2 19.85769 14 1.00000
75.3 19.88900 14 1.00000
75.4 19.92564 14 1.00000
75.5 19.94401 14 1.00000
75.6 19.97153 14 1.00000
75.7 20.02213 14 1.00000
75.8 20.01551 14 1.00000
75.9 20.06100 14 1.00000
76.0 20.08973 14 1.00000
76.1 20.12367 14 1.00000
76.2 20.14801 14 1.00000
76.3 20.17994 14 1.00000
76.4 20.19165 14 1.00000
76.5 20.22054 14 1.00000
76.6 20.24858 14 1.00000
76.7 20.27419 14 1.00000
76.8 20.32875 14 1.00000
76.9 20.34617 14 1.00000
77.0 20.36874 14 1.00000
77.1 20.39596 14 1.00000
77.2 20.41401 14 1.00000
77.3 20.41439 14 1.00000
77.4 20.42528 14 1.00000
77.5 20.45772 14 1.00000
77.6 20.47903 14 1.00000
77.7 20.50479 14 1.00000
77.8 20.55412 14 1.00000
77.9 20.58875 14 1.00000
78.0 20.62961 14 1.00000
78.1 20.66275 14 1.00000
78.2 20.68308 14 1.00000
78.3 20.72719 14 1.00000
78.4 20.75944 14 1.00000
78.5 20.78539 14 1.00000
78.6 20.83644 14 1.00000
78.7 20.86567 14 1.00000
78.8 20.90284 14 1.00000
78.9 20.89693 14 1.00000
79.0 20.92727 14 1.00000
79.1 20.94970 14 1.00000
79.2 20.98174 14 1.00000
79.3 20.99764 14 1.00000
79.4 21.02205 14 1.00000
79.5 21.05185 14 1.00000
79.6 21.04753 14 1.00000
79.7 21.07218 14 1.00000
79.8 21.09676 14 1.00000
79.9 21.15264 14 1.00000
80.0 21.15507 14 1.00000
80.1 21.19155 14 1.00000
80.2 21.20999 14 1.00000
80.3 21.22923 14 1.00000
80.4 21.25770 14 1.00000
80.5 21.24299 14 1.00000
80.6 21.27377 14 1.00000
80.7 21.29514 14 1.00000
80.8 21.32875 14 1.00000
80.9 21.36284 14 1.00000
81.0 21.40865 14 1.00000
81.1 21.44806 14 1.00000
81.2 21.48203 14 1.00000
81.3 21.50705 14 1.00000
81.4 21.54947 14 1.00000
81.5 21.58197 14 1.00000
81.6 21.61206 14 1.00000
81.7 21.63935 14 1.00000
81.8 21.67887 14 1.00000
81.9 21.72298 14 1.00000
82.0 21.75583 14 1.00000
82.1 21.74673 14 1.00000
82.2 21.77623 14 1.00000
82.3 21.79733 14 1.00000
82.4 21.83016 14 1.00000
82.5 21.84416 14 1.00000
82.6 21.87083 14 1.00000
82.7 21.90077 14 1.00000
82.8 21.92689 14 1.00000
82.9 21.95126 14 1.00000
83.0 22.00150 14 1.00000
83.1 22.01122 14 1.00000
83.2 22.04770 14 1.00000
83.3 22.07002 14 1.00000
83.4 22.08770 14 1.00000
83.5 22.10074 14 1.00000
83.6 22.12885 14 1.00000
83.7 22.12515 14 1.00000
83.8 22.14512 14 1.00000
83.9 22.17562 14 1.00000
84.0 22.21247 14 1.00000
84.1 22.25875 14 1.00000
84.2 22.28447 14 1.00000
84.3 22.32114 14 1.00000
84.4 22.36877 14 1.00000
84.5 22.40058 14 1.00000
84.6 22.43731 14 1.00000
84.7 22.45608 14 1.00000
84.8 22.48394 14 1.00000
84.9 22.52843 14 1.00000
85.0 22.56121 14 1.00000
85.1 22.57372 14 1.00000
85.2 22.60757 14 1.00000
85.3 22.59433 14 1.00000
85.4 22.62521 14 1.00000
85.5 22.65158 14 1.00000
85.6 22.70752 14 1.00000
85.7 22.74296 14 1.00000
85.8 22.76649 14 1.00000
85.9 22.77355 14 1.00000
86.0 22.80890 14 1.00000
86.1 22.83810 14 1.00000
86.2 22.86318 14 1.00000
86.3 22.92650 14 1.00000
86.4 22.92707 14 1.00000
86.5 22.96089 14 1.00000
86.6 22.98360 14 1.00000
86.7 23.00535 14 1.00000
86.8 23.02558 14 1.00000
86.9 23.04544 14 1.00000
87.0 23.03986 14 1.00000
87.1 23.06200 14 1.00000
87.2 23.08327 14 1.00000
87.3 23.12141 14 1.00000
87.4 23.14859 14 1.00000
87.5 23.19956 14 1.00000
87.6 23.23953 14 1.00000
87.7 23.26964 14 1.00000
87.8 23.29583 14 1.00000
87.9 23.34772 14 1.00000
88.0 23.37055 14 1.00000
88.1 23.41071 14 1.00000
88.2 23.44363 14 1.00000
88.3 23.46626 14 1.00000
88.4 23.49706 14 1.00000
88.5 23.50679 14 1.00000
88.6 23.54070 14 1.00000
88.7 23.52306 14 1.00000
88.8 23.55485 14 1.00000
88.9 23.58445 14 1.00000
89.0 23.61045 14 1.00000
89.1 23.67246 14 1.00000
89.2 23.71107 14 1.00000
89.3 23.73648 14 1.00000
89.4 23.75408 14 1.00000
89.5 23.74140 14 1.00000
89.6 23.76478 14 1.00000
89.7 23.77243 14 1.00000
89.8 23.80558 14 1.00000
89.9 23.83754 14 1.00000
90.0 23.89931 14 1.00000
90.1 23.91651 14 1.00000
90.2 23.93587 14 1.00000
90.3 23.95874 14 1.00000
90.4 23.98158 14 1.00000
90.5 23.95984 14 1.00000
90.6 23.98015 14 1.00000
90.7 24.00149 14 1.00000
90.8 24.02524 14 1.00000
90.9 24.05270 14 1.00000
91.0 24.07350 14 1.00000
91.1 24.12557 14 1.00000
91.2 24.16780 14 1.00000
91.3 24.20606 14 1.00000
91.4 24.24326 14 1.00000
91.5 24.27943 14 1.00000
91.6 24.30802 14 1.00000
91.7 24.35268 14 1.00000
91.8 24.38471 14 1.00000
91.9 24.42199 14 1.00000
92.0 24.45353 14 1.00000
92.1 24.48306 14 1.00000
92.2 24.50891 14 1.00000
92.3 24.49191 14 1.00000
92.4 24.51418 14 1.00000
92.5 24.51854 14 1.00000
92.6 24.55131 14 1.00000
92.7 24.58200 14 1.00000
92.8 24.61095 14 1.00000
92.9 24.63733 14 1.00000
93.0 24.65657 14 1.00000
93.1 24.74022 14 1.00000
93.2 24.76587 14 1.00000
93.3 24.53788 14 1.00000
93.4 24.56936 14 1.00000
93.5 24.60012 14 1.00000
93.6 24.62772 14 1.00000
93.7 24.65163 14 1.00000
93.8 24.68304 14 1.00000
93.9 24.74796 14 1.00000
94.0 24.52808 14 1.00000
94.1 24.76345 14 1.00000
94.2 24.53569 14 1.00000
94.3 24.56724 14 1.00000
94.4 24.59806 14 1.00000
94.5 24.62681 14 1.00000
94.6 24.65093 14 1.00000
94.7 24.68299 14 1.00000
94.8 24.74762 14 1.00000
94.9 24.52793 14 1.00000
95.0 24.56120 14 1.00000
95.1 24.59241 14 1.00000
95.2 24.62173 14 1.00000
95.3 24.64792 14 1.00000
95.4 24.67276 14 1.00000
95.5 24.73948 14 1.00000
95.6 24.52439 14 1.00000
95.7 24.55802 14 1.00000
95.8 24.59058 14 1.00000
95.9 24.56295 14 1.00000
96.0 24.59512 14 1.00000
96.1 24.62416 14 1.00000
96.2 24.64972 14 1.00000
96.3 24.68124 14 1.00000
96.4 24.74967 14 1.00000
96.5 24.52974 14 1.00000
96.6 24.56290 14 1.00000
96.7 24.59515 14 1.00000
96.8 24.62527 14 1.00000
96.9 24.65060 14 1.00000
97.0 24.68804 14 1.00000
97.1 24.76005 14 1.00000
97.2 24.53277 14 1.00000
97.3 24.56696 14 1.00000
97.4 24.59908 14 1.00000
97.5 24.62985 14 1.00000
97.6 24.65426 14 1.00000
97.7 24.73890 14 1.00000
97.8 24.65530 14 1.00000
97.9 24.73988 14 1.00000
98.0 24.76692 14 1.00000
98.1 24.54200 14 1.00000
98.2 24.57657 14 1.00000
98.3 24.61027 14 1.00000
98.4 24.63869 14 1.00000
98.5 24.66205 14 1.00000
98.6 24.74135 14 1.00000
98.7 24.51685 14 1.00000
98.8 24.55478 14 1.00000
98.9 24.58871 14 1.00000
99.0 24.61950 14 1.00000
99.1 24.64633 14 1.00000
99.2 24.62087 14 1.00000
99.3 24.64729 14 1.00000
99.4 24.67819 14 1.00000
99.5 24.75492 14 1.00000
99.6 24.53223 14 1.00000
99.7 24.56658 14 1.00000
99.8 24.59981 14 1.00000
99.9 24.63049 14 1.00000
100.0 24.65459 14 1.00000
100.1 24.63175 14 1.00000
100.2 24.65570 14 1.00000
100.3 24.74026 14 1.00000
100.4 24.76755 14 1.00000
100.5 24.54434 14 1.00000
100.6 24.58003 14 1.00000
100.7 24.61242 14 1.00000
100.8 24.64050 14 1.00000
100.9 24.61367 14 1.00000
101.0 24.64162 14 1.00000
101.1 24.66306 14 1.00000
101.2 24.74046 14 1.00000
101.3 24.52197 14 1.00000
101.4 24.55833 14 1.00000
101.5 24.59203 14 1.00000
101.6 24.62241 14 1.00000
101.7 24.64847 14 1.00000
101.8 24.62347 14 1.00000
101.9 24.65015 14 1.00000
102.0 24.68883 14 1.00000
102.1 24.76119 14 1.00000
102.2 24.53517 14 1.00000
102.3 24.56942 14 1.00000
102.4 24.60232 14 1.00000
102.5 24.63269 14 1.00000
102.6 24.65615 14 1.00000
102.7 24.63366 14 1.00000
102.8 24.65666 14 1.00000
102.9 24.74098 14 1.00000
103.0 24.50807 14 1.00000
103.1 24.54652 14 1.00000
103.2 24.58205 14 1.00000
103.3 24.61439 14 1.00000
103.4 24.64201 14 1.00000
103.5 24.61534 14 1.00000
103.6 24.64287 14 1.00000
103.7 24.66356 14 1.00000
103.8 24.73962 14 1.00000
103.9 24.52373 14 1.00000
104.0 24.55977 14 1.00000
104.1 24.59336 14 1.00000
104.2 24.62371 14 1.00000
104.3 24.65007 14 1.00000
104.4 24.62459 14 1.00000
104.5 24.65079 14 1.00000
104.6 24.69209 14 1.00000
104.7 24.76213 14 1.00000
104.8 24.53607 14 1.00000
104.9 24.57017 14 1.00000
105.0 24.60300 14 1.00000
105.1 24.63336 14 1.00000
105.2 24.65639 14 1.00000
105.3 24.63406 14 1.00000
105.4 24.65678 14 1.00000
105.5 24.74105 14 1.00000
105.6 24.50854 14 1.00000
105.7 24.54676 14 1.00000
105.8 24.58212 14 1.00000
105.9 24.61430 14 1.00000
106.0 24.64200 14 1.00000
106.1 24.61530 14 1.00000
106.2 24.64272 14 1.00000
106.3 24.66333 14 1.00000
106.4 24.73985 14 1.00000
106.5 24.52209 14 1.00000
106.6 24.55929 14 1.00000
106.7 24.59275 14 1.00000
106.8 24.62301 14 1.00000
106.9 24.64889 14 1.00000
107.0 24.62385 14 1.00000
107.1 24.64950 14 1.00000
107.2 24.68575 14 1.00000
107.3 24.76105 14 1.00000
107.4 24.53493 14 1.00000
107.5 24.56887 14 1.00000
107.6 24.60175 14 1.00000
107.7 24.63202 14 1.00000
107.8 24.65533 14 1.00000
107.9 24.63289 14 1.00000
108.0 24.65571 14 1.00000
108.1 24.74058 14 1.00000
108.2 24.76797 14 1.00000
108.3 24.54482 14 1.00000
108.4 24.57912 14 1.00000
108.5 24.61242 14 1.00000
108.6 24.64032 14 1.00000
108.7 24.66258 14 1.00000
108.8 24.64100 14 1.00000
108.9 24.66285 14 1.00000
109.0 24.74086 14 1.00000
109.1 24.51895 14 1.00000
109.2 24.55523 14 1.00000
109.3 24.59011 14 1.00000
109.4 24.62057 14 1.00000
109.5 24.64680 14 1.00000
109.6 24.62113 14 1.00000
109.7 24.64731 14 1.00000
109.8 24.67539 14 1.00000
109.9 24.74729 14 1.00000
110.0 24.53127 14 1.00000
110.1 24.56530 14 1.00000
110.2 24.59847 14 1.00000
110.3 24.62809 14 1.00000
110.4 24.65314 14 1.00000
110.5 24.62860 14 1.00000
110.6 24.65356 14 1.00000
110.7 24.73896 14 1.00000
110.8 24.76529 14 1.00000
110.9 24.54021 14 1.00000
111.0 24.57391 14 1.00000
111.1 24.60735 14 1.00000
111.2 24.63598 14 1.00000
111.3 24.66107 14 1.00000
111.4 24.63736 14 1.00000
111.5 24.66134 14 1.00000
111.6 24.74141 14 1.00000
111.7 24.51124 14 1.00000
111.8 24.54900 14 1.00000
111.9 24.58397 14 1.00000
112.0 24.61578 14 1.00000
112.1 24.64313 14 1.00000
112.2 24.61654 14 1.00000
112.3 24.64354 14 1.00000
112.4 24.66442 14 1.00000
112.5 24.73934 14 1.00000
112.6 24.52259 14 1.00000
112.7 24.55960 14 1.00000
112.8 24.59279 14 1.00000
112.9 24.62293 14 1.00000
113.0 24.64855 14 1.00000
113.1 24.62329 14 1.00000
113.2 24.64899 14 1.00000
113.3 24.68339 14 1.00000
113.4 24.75711 14 1.00000
113.5 24.53336 14 1.00000
113.6 24.56714 14 1.00000
113.7 24.60011 14 1.00000
113.8 24.62937 14 1.00000
113.9 24.65367 14 1.00000
114.0 24.62981 14 1.00000
114.1 24.65467 14 1.00000
114.2 24.73949 14 1.00000
114.3 24.76594 14 1.00000
114.4 24.54117 14 1.00000
114.5 24.57471 14 1.00000
114.6 24.60802 14 1.00000
114.7 24.63637 14 1.00000
114.8 24.66122 14 1.00000
114.9 24.63667 14 1.00000
115.0 24.66141 14 1.00000
115.1 24.74141 14 1.00000
115.2 24.51105 14 1.00000
115.3 24.54873 14 1.00000
115.4 24.58361 14 1.00000
115.5 24.61535 14 1.00000
115.6 24.64270 14 1.00000
115.7 24.66327 14 1.00000
115.8 24.64286 14 1.00000
115.9 24.66330 14 1.00000
116.0 24.74005 14 1.00000
116.1 24.52114 14 1.00000
116.2 24.55687 14 1.00000
116.3 24.59134 14 1.00000
116.4 24.62151 14 1.00000
116.5 24.64739 14 1.00000
116.6 24.62178 14 1.00000
116.7 24.64759 14 1.00000
116.8 24.67553 14 1.00000
116.9 24.74236 14 1.00000
117.0 24.52995 14 1.00000
117.1 24.56488 14 1.00000
117.2 24.59775 14 1.00000
117.3 24.62727 14 1.00000
117.4 24.65249 14 1.00000
117.5 24.62759 14 1.00000
117.6 24.65273 14 1.00000
117.7 24.69346 14 1.00000
117.8 24.76362 14 1.00000
117.9 24.53793 14 1.00000
118.0 24.57165 14 1.00000
118.1 24.60395 14 1.00000
118.2 24.63263 14 1.00000
118.3 24.65596 14 1.00000
118.4 24.63291 14 1.00000
118.5 24.65614 14 1.00000
118.6 24.74077 14 1.00000
118.7 24.76815 14 1.00000
118.8 24.54475 14 1.00000
118.9 24.57788 14 1.00000
119.0 24.61090 14 1.00000
119.1 24.63958 14 1.00000
119.2 24.66223 14 1.00000
119.3 24.63983 14 1.00000
119.4 24.66232 14 1.00000
119.5 24.74133 14 1.00000
119.6 24.51492 14 1.00000
119.7 24.55123 14 1.00000
119.8 24.58589 14 1.00000
119.9 24.61738 14 1.00000
120.0 24.64429 14 1.00000
120.1 24.66598 14 1.00000
120.2 24.64432 14 1.00000
120.3 24.66603 14 1.00000
120.4 24.73865 14 1.00000
120.5 24.52312 14 1.00000
120.6 24.55988 14 1.00000
120.7 24.59288 14 1.00000
120.8 24.62284 14 1.00000
120.9 24.64837 14 1.00000
121.0 24.62298 14 1.00000
121.1 24.64845 14 1.00000
121.2 24.67819 14 1.00000
121.3 24.75161 14 1.00000
121.4 24.53109 14 1.00000
121.5 24.56610 14 1.00000
121.6 24.59883 14 1.00000
121.7 24.62817 14 1.00000
121.8 24.65294 14 1.00000
121.9 24.62805 14 1.00000
122.0 24.65323 14 1.00000
122.1 24.69421 14 1.00000
122.2 24.76417 14 1.00000
122.3 24.53859 14 1.00000
122.4 24.57197 14 1.00000
122.5 24.60428 14 1.00000
122.6 24.63297 14 1.00000
122.7 24.65609 14 1.00000
122.8 24.63314 14 1.00000
122.9 24.65623 14 1.00000
123.0 24.74081 14 1.00000
123.1 24.76819 14 1.00000
123.2 24.54462 14 1.00000
123.3 24.57782 14 1.00000
123.4 24.61080 14 1.00000
123.5 24.63855 14 1.00000
123.6 24.66215 14 1.00000
123.7 24.63949 14 1.00000
123.8 24.66221 14 1.00000
123.9 24.74138 14 1.00000
124.0 24.51338 14 1.00000
124.1 24.55064 14 1.00000
124.2 24.58528 14 1.00000
124.3 24.61677 14 1.00000
124.4 24.64376 14 1.00000
124.5 24.66430 14 1.00000
124.6 24.64369 14 1.00000
124.7 24.66437 14 1.00000
124.8 24.73957 14 1.00000
124.9 24.52066 14 1.00000
125.0 24.55747 14 1.00000
125.1 24.59177 14 1.00000
125.2 24.62167 14 1.00000
125.3 24.64751 14 1.00000
125.4 24.62184 14 1.00000
125.5 24.64753 14 1.00000
125.6 24.67506 14 1.00000
125.7 24.74118 14 1.00000
125.8 24.52920 14 1.00000
125.9 24.56430 14 1.00000
126.0 24.59706 14 1.00000
126.1 24.62642 14 1.00000
126.2 24.65112 14 1.00000
126.3 24.62655 14 1.00000
126.4 24.65130 14 1.00000
126.5 24.69239 14 1.00000
126.6 24.76182 14 1.00000
126.7 24.53624 14 1.00000
126.8 24.56970 14 1.00000
126.9 24.60237 14 1.00000
127.0 24.63123 14 1.00000
127.1 24.65479 14 1.00000
127.2 24.63123 14 1.00000
127.3 24.65480 14 1.00000
127.4 24.74006 14 1.00000
127.5 24.76673 14 1.00000
127.6 24.54215 14 1.00000
127.7 24.57545 14 1.00000
127.8 24.60723 14 1.00000
127.9 24.63650 14 1.00000
128.0 24.66080 14 1.00000
128.1 24.63659 14 1.00000
128.2 24.66080 14 1.00000
128.3 24.74135 14 1.00000
128.4 24.51028 14 1.00000
128.5 24.54771 14 1.00000
128.6 24.58147 14 1.00000
128.7 24.61321 14 1.00000
128.8 24.64168 14 1.00000
128.9 24.66291 14 1.00000
129.0 24.64157 14 1.00000
129.1 24.66291 14 1.00000
129.2 24.74093 14 1.00000
129.3 24.51730 14 1.00000
129.4 24.55322 14 1.00000
129.5 24.58761 14 1.00000
129.6 24.61883 14 1.00000
129.7 24.64535 14 1.00000
129.8 24.66896 14 1.00000
129.9 24.64535 14 1.00000
130.0 24.66842 14 1.00000
130.1 24.74118 14 1.00000
130.2 24.52423 14 1.00000
130.3 24.55971 14 1.00000
130.4 24.59381 14 1.00000
130.5 24.62356 14 1.00000
130.6 24.64882 14 1.00000
130.7 24.62346 14 1.00000
130.8 24.64890 14 1.00000
130.9 24.67945 14 1.00000
131.0 24.74821 14 1.00000
131.1 24.53114 14 1.00000
131.2 24.56601 14 1.00000
131.3 24.59887 14 1.00000
131.4 24.62798 14 1.00000
131.5 24.65228 14 1.00000
131.6 24.62795 14 1.00000
131.7 24.65227 14 1.00000
131.8 24.69412 14 1.00000
131.9 24.76326 14 1.00000
132.0 24.53796 14 1.00000
132.1 24.57123 14 1.00000
132.2 24.60373 14 1.00000
132.3 24.63261 14 1.00000
132.4 24.65528 14 1.00000
132.5 24.63259 14 1.00000
132.6 24.65535 14 1.00000
132.7 24.74055 14 1.00000
132.8 24.76775 14 1.00000
132.9 24.54342 14 1.00000
133.0 24.57686 14 1.00000
133.1 24.60849 14 1.00000
133.2 24.63752 14 1.00000
133.3 24.66139 14 1.00000
133.4 24.63749 14 1.00000
133.5 24.66133 14 1.00000
133.6 24.74143 14 1.00000
133.7 24.51171 14 1.00000
133.8 24.54921 14 1.00000
133.9 24.58253 14 1.00000
134.0 24.61441 14 1.00000
134.1 24.64261 14 1.00000
134.2 24.66317 14 1.00000
134.3 24.64241 14 1.00000
134.4 24.66314 14 1.00000
134.5 24.74045 14 1.00000
134.6 24.51869 14 1.00000
134.7 24.55441 14 1.00000
134.8 24.58868 14 1.00000
134.9 24.61976 14 1.00000
135.0 24.64626 14 1.00000
135.1 24.67135 14 1.00000
135.2 24.64617 14 1.00000
135.3 24.66997 14 1.00000
135.4 24.74017 14 1.00000
135.5 24.52565 14 1.00000
135.6 24.56096 14 1.00000
135.7 24.59494 14 1.00000
135.8 24.62428 14 1.00000
135.9 24.64953 14 1.00000
136.0 24.62460 14 1.00000
136.1 24.64973 14 1.00000
136.2 24.68236 14 1.00000
136.3 24.75207 14 1.00000
136.4 24.53233 14 1.00000
136.5 24.56761 14 1.00000
136.6 24.60033 14 1.00000
136.7 24.62917 14 1.00000
136.8 24.65282 14 1.00000
136.9 24.62894 14 1.00000
137.0 24.65320 14 1.00000
137.1 24.73852 14 1.00000
137.2 24.76415 14 1.00000
137.3 24.53900 14 1.00000
137.4 24.57247 14 1.00000
137.5 24.60515 14 1.00000
137.6 24.63381 14 1.00000
137.7 24.65574 14 1.00000
137.8 24.63347 14 1.00000
137.9 24.65589 14 1.00000
138.0 24.74100 14 1.00000
138.1 24.76866 14 1.00000
138.2 24.54469 14 1.00000
138.3 24.57803 14 1.00000
138.4 24.60983 14 1.00000
138.5 24.63887 14 1.00000
138.6 24.66236 14 1.00000
138.7 24.63854 14 1.00000
138.8 24.66220 14 1.00000
138.9 24.74135 14 1.00000
139.0 24.51389 14 1.00000
139.1 24.55124 14 1.00000
139.2 24.58399 14 1.00000
139.3 24.61677 14 1.00000
139.4 24.64389 14 1.00000
139.5 24.66499 14 1.00000
139.6 24.64386 14 1.00000
139.7 24.66401 14 1.00000
139.8 24.73959 14 1.00000
139.9 24.52085 14 1.00000
140.0 24.55786 14 1.00000
140.1 24.59076 14 1.00000
140.2 24.62138 14 1.00000
140.3 24.64751 14 1.00000
140.4 24.62202 14 1.00000
140.5 24.64760 14 1.00000
140.6 24.67414 14 1.00000
140.7 24.74077 14 1.00000
140.8 24.52787 14 1.00000
140.9 24.56459 14 1.00000
141.0 24.59713 14 1.00000
141.1 24.62625 14 1.00000
141.2 24.65098 14 1.00000
141.3 24.62653 14 1.00000
141.4 24.65135 14 1.00000
141.5 24.68908 14 1.00000
141.6 24.76140 14 1.00000
141.7 24.53526 14 1.00000
141.8 24.57009 14 1.00000
141.9 24.60296 14 1.00000
142.0 24.63142 14 1.00000
142.1 24.65475 14 1.00000
142.2 24.63135 14 1.00000
142.3 24.65500 14 1.00000
142.4 24.73982 14 1.00000
142.5 24.76698 14 1.00000
142.6 24.54246 14 1.00000
142.7 24.57573 14 1.00000
142.8 24.60808 14 1.00000
142.9 24.63624 14 1.00000
143.0 24.66107 14 1.00000
143.1 24.63615 14 1.00000
143.2 24.66119 14 1.00000
143.3 24.74143 14 1.00000
143.4 24.51152 14 1.00000
143.5 24.54845 14 1.00000
143.6 24.58161 14 1.00000
143.7 24.61446 14 1.00000
143.8 24.64262 14 1.00000
143.9 24.66325 14 1.00000
144.0 24.64241 14 1.00000
144.1 24.66323 14 1.00000
144.2 24.74029 14 1.00000
144.3 24.51929 14 1.00000
144.4 24.55498 14 1.00000
144.5 24.58898 14 1.00000
144.6 24.62063 14 1.00000
144.7 24.64697 14 1.00000
144.8 24.67347 14 1.00000
144.9 24.64691 14 1.00000
145.0 24.67221 14 1.00000
145.1 24.73907 14 1.00000
145.2 24.52736 14 1.00000
145.3 24.56255 14 1.00000
145.4 24.59649 14 1.00000
145.5 24.62573 14 1.00000
145.6 24.65086 14 1.00000
145.7 24.62642 14 1.00000
145.8 24.65110 14 1.00000
145.9 24.68726 14 1.00000
146.0 24.76012 14 1.00000
146.1 24.53506 14 1.00000
146.2 24.56998 14 1.00000
146.3 24.60249 14 1.00000
146.4 24.63145 14 1.00000
146.5 24.65481 14 1.00000
146.6 24.63139 14 1.00000
146.7 24.65511 14 1.00000
146.8 24.73996 14 1.00000
146.9 24.76725 14 1.00000
147.0 24.54298 14 1.00000
147.1 24.57629 14 1.00000
147.2 24.60868 14 1.00000
147.3 24.63682 14 1.00000
147.4 24.66138 14 1.00000
147.5 24.63686 14 1.00000
147.6 24.66156 14 1.00000
147.7 24.74142 14 1.00000
147.8 24.51284 14 1.00000
147.9 24.54984 14 1.00000
148.0 24.58254 14 1.00000
148.1 24.61571 14 1.00000
148.2 24.64399 14 1.00000
148.3 24.66487 14 1.00000
148.4 24.64371 14 1.00000
148.5 24.66439 14 1.00000
148.6 24.73950 14 1.00000
148.7 24.52181 14 1.00000
148.8 24.55702 14 1.00000
148.9 24.59128 14 1.00000
149.0 24.62223 14 1.00000
149.1 24.64827 14 1.00000
149.2 24.62314 14 1.00000
149.3 24.64857 14 1.00000
149.4 24.67830 14 1.00000
149.5 24.74714 14 1.00000
149.6 24.53008 14 1.00000
149.7 24.56668 14 1.00000
149.8 24.59925 14 1.00000
149.9 24.62800 14 1.00000
150.0 24.65255 14 1.00000
150.1 24.62903 14 1.00000
150.2 24.65332 14 1.00000
150.3 24.73880 14 1.00000
150.4 24.76380 14 1.00000
150.5 24.54001 14 1.00000
150.6 24.57363 14 1.00000
150.7 24.60646 14 1.00000
150.8 24.63513 14 1.00000
150.9 24.65632 14 1.00000
151.0 24.63486 14 1.00000
151.1 24.65674 14 1.00000
151.2 24.74136 14 1.00000
151.3 24.51087 14 1.00000
151.4 24.54744 14 1.00000
151.5 24.58084 14 1.00000
151.6 24.61397 14 1.00000
151.7 24.64128 14 1.00000
151.8 24.66325 14 1.00000
151.9 24.64146 14 1.00000
152.0 24.66325 14 1.00000
152.1 24.74014 14 1.00000
152.2 24.51964 14 1.00000
152.3 24.55583 14 1.00000
152.4 24.59002 14 1.00000
152.5 24.62149 14 1.00000
152.6 24.64781 14 1.00000
152.7 24.67665 14 1.00000
152.8 24.64810 14 1.00000
152.9 24.67641 14 1.00000
153.0 24.74565 14 1.00000
153.1 24.52972 14 1.00000
153.2 24.56627 14 1.00000
153.3 24.59903 14 1.00000
153.4 24.62794 14 1.00000
153.5 24.65261 14 1.00000
153.6 24.62876 14 1.00000
153.7 24.65336 14 1.00000
153.8 24.73892 14 1.00000
153.9 24.76413 14 1.00000
154.0 24.54063 14 1.00000
154.1 24.57402 14 1.00000
154.2 24.60699 14 1.00000
154.3 24.63573 14 1.00000
154.4 24.65665 14 1.00000
154.5 24.63573 14 1.00000
154.6 24.66104 14 1.00000
154.7 24.74144 14 1.00000
154.8 24.51233 14 1.00000
154.9 24.54922 14 1.00000
155.0 24.58241 14 1.00000
155.1 24.61524 14 1.00000
155.2 24.64356 14 1.00000
155.3 24.66580 14 1.00000
155.4 24.64397 14 1.00000
155.5 24.66588 14 1.00000
155.6 24.73875 14 1.00000
155.7 24.52230 14 1.00000
155.8 24.56005 14 1.00000
155.9 24.59297 14 1.00000
156.0 24.62393 14 1.00000
156.1 24.64946 14 1.00000
156.2 24.62468 14 1.00000
156.3 24.64996 14 1.00000
156.4 24.68537 14 1.00000
156.5 24.75927 14 1.00000
156.6 24.53436 14 1.00000
156.7 24.56946 14 1.00000
156.8 24.60247 14 1.00000
156.9 24.63185 14 1.00000
157.0 24.65447 14 1.00000
157.1 24.63222 14 1.00000
157.2 24.65560 14 1.00000
157.3 24.74043 14 1.00000
157.4 24.76862 14 1.00000
157.5 24.54502 14 1.00000
157.6 24.57909 14 1.00000
157.7 24.61109 14 1.00000
157.8 24.63989 14 1.00000
157.9 24.66290 14 1.00000
158.0 24.64053 14 1.00000
158.1 24.66298 14 1.00000
158.2 24.74047 14 1.00000
158.3 24.51884 14 1.00000
158.4 24.55554 14 1.00000
158.5 24.58866 14 1.00000
158.6 24.62132 14 1.00000
158.7 24.64797 14 1.00000
158.8 24.67727 14 1.00000
158.9 24.64858 14 1.00000
159.0 24.67811 14 1.00000
159.1 24.74899 14 1.00000
159.2 24.53121 14 1.00000
159.3 24.56757 14 1.00000
159.4 24.60031 14 1.00000
159.5 24.62975 14 1.00000
159.6 24.65341 14 1.00000
159.7 24.63116 14 1.00000
159.8 24.65439 14 1.00000
159.9 24.74000 14 1.00000
160.0 24.76758 14 1.00000
160.1 24.54392 14 1.00000
160.2 24.57756 14 1.00000
160.3 24.61023 14 1.00000
160.4 24.63936 14 1.00000
160.5 24.66224 14 1.00000
160.6 24.64010 14 1.00000
160.7 24.66251 14 1.00000
160.8 24.74063 14 1.00000
160.9 24.51768 14 1.00000
161.0 24.55521 14 1.00000
161.1 24.58859 14 1.00000
161.2 24.62114 14 1.00000
161.3 24.64801 14 1.00000
161.4 24.67798 14 1.00000
161.5 24.64870 14 1.00000
161.6 24.67911 14 1.00000
161.7 24.75035 14 1.00000
161.8 24.53182 14 1.00000
161.9 24.56839 14 1.00000
162.0 24.60084 14 1.00000
162.1 24.63105 14 1.00000
162.2 24.65400 14 1.00000
162.3 24.63205 14 1.00000
162.4 24.65503 14 1.00000
162.5 24.74045 14 1.00000
162.6 24.76864 14 1.00000
162.7 24.54531 14 1.00000
162.8 24.57988 14 1.00000
162.9 24.61194 14 1.00000
163.0 24.64069 14 1.00000
163.1 24.66323 14 1.00000
163.2 24.64152 14 1.00000
163.3 24.66367 14 1.00000
163.4 24.73944 14 1.00000
163.5 24.52118 14 1.00000
163.6 24.55779 14 1.00000
163.7 24.59203 14 1.00000
163.8 24.62382 14 1.00000
163.9 24.64995 14 1.00000
164.0 24.62533 14 1.00000
164.1 24.65069 14 1.00000
164.2 24.68846 14 1.00000
164.3 24.76064 14 1.00000
164.4 24.53672 14 1.00000
164.5 24.57196 14 1.00000
164.6 24.60562 14 1.00000
164.7 24.63423 14 1.00000
164.8 24.65629 14 1.00000
164.9 24.63543 14 1.00000
165.0 24.66067 14 1.00000
165.1 24.74143 14 1.00000
165.2 24.51319 14 1.00000
165.3 24.54994 14 1.00000
165.4 24.58437 14 1.00000
165.5 24.61759 14 1.00000
165.6 24.64593 14 1.00000
165.7 24.67108 14 1.00000
165.8 24.64641 14 1.00000
165.9 24.67376 14 1.00000
166.0 24.74280 14 1.00000
166.1 24.52942 14 1.00000
166.2 24.56635 14 1.00000
166.3 24.59934 14 1.00000
166.4 24.62929 14 1.00000
166.5 24.65363 14 1.00000
166.6 24.63143 14 1.00000
166.7 24.65459 14 1.00000
166.8 24.74017 14 1.00000
166.9 24.76835 14 1.00000
167.0 24.54533 14 1.00000
167.1 24.58008 14 1.00000
167.2 24.61195 14 1.00000
167.3 24.64085 14 1.00000
167.4 24.66337 14 1.00000
167.5 24.64226 14 1.00000
167.6 24.66603 14 1.00000
167.7 24.73849 14 1.00000
167.8 24.52279 14 1.00000
167.9 24.56148 14 1.00000
168.0 24.59450 14 1.00000
168.1 24.62614 14 1.00000
168.2 24.65121 14 1.00000
168.3 24.62749 14 1.00000
168.4 24.65298 14 1.00000
168.5 24.69412 14 1.00000
168.6 24.76488 14 1.00000
168.7 24.54133 14 1.00000
168.8 24.57546 14 1.00000
168.9 24.60946 14 1.00000
169.0 24.63790 14 1.00000
169.1 24.66226 14 1.00000
169.2 24.64005 14 1.00000
169.3 24.66263 14 1.00000
169.4 24.74013 14 1.00000
169.5 24.52000 14 1.00000
169.6 24.55725 14 1.00000
169.7 24.59165 14 1.00000
169.8 24.62325 14 1.00000
169.9 24.65012 14 1.00000
170.0 24.62566 14 1.00000
170.1 24.65165 14 1.00000
170.2 24.69148 14 1.00000
170.3 24.76201 14 1.00000
170.4 24.53876 14 1.00000
170.5 24.57411 14 1.00000
170.6 24.60814 14 1.00000
170.7 24.63671 14 1.00000
170.8 24.66162 14 1.00000
170.9 24.63849 14 1.00000
171.0 24.66236 14 1.00000
171.1 24.74064 14 1.00000
171.2 24.51785 14 1.00000
171.3 24.55650 14 1.00000
171.4 24.59013 14 1.00000
171.5 24.62282 14 1.00000
171.6 24.64976 14 1.00000
171.7 24.62512 14 1.00000
171.8 24.65107 14 1.00000
171.9 24.69158 14 1.00000
172.0 24.76198 14 1.00000
172.1 24.53864 14 1.00000
172.2 24.57393 14 1.00000
172.3 24.60828 14 1.00000
172.4 24.63709 14 1.00000
172.5 24.66177 14 1.00000
172.6 24.63876 14 1.00000
172.7 24.66245 14 1.00000
172.8 24.74030 14 1.00000
172.9 24.51986 14 1.00000
173.0 24.55738 14 1.00000
173.1 24.59202 14 1.00000
173.2 24.62346 14 1.00000
173.3 24.65044 14 1.00000
173.4 24.62632 14 1.00000
173.5 24.65248 14 1.00000
173.6 24.69317 14 1.00000
173.7 24.76330 14 1.00000
173.8 24.54146 14 1.00000
173.9 24.57577 14 1.00000
174.0 24.60993 14 1.00000
174.1 24.63844 14 1.00000
174.2 24.66253 14 1.00000
174.3 24.64127 14 1.00000
174.4 24.66334 14 1.00000
174.5 24.73878 14 1.00000
174.6 24.52231 14 1.00000
174.7 24.56150 14 1.00000
174.8 24.59467 14 1.00000
174.9 24.62700 14 1.00000
175.0 24.65215 14 1.00000
175.1 24.62887 14 1.00000
175.2 24.65413 14 1.00000
175.3 24.73986 14 1.00000
175.4 24.76838 14 1.00000
175.5 24.54544 14 1.00000
175.6 24.58026 14 1.00000
175.7 24.61324 14 1.00000
175.8 24.64195 14 1.00000
175.9 24.66753 14 1.00000
176.0 24.64482 14 1.00000
176.1 24.67221 14 1.00000
176.2 24.74149 14 1.00000
176.3 24.52814 14 1.00000
176.4 24.56765 14 1.00000
176.5 24.60043 14 1.00000
176.6 24.63121 14 1.00000
176.7 24.65475 14 1.00000
176.8 24.63397 14 1.00000
176.9 24.65668 14 1.00000
177.0 24.74143 14 1.00000
177.1 24.51330 14 1.00000
177.2 24.55070 14 1.00000
177.3 24.58712 14 1.00000
177.4 24.62055 14 1.00000
177.5 24.64816 14 1.00000
177.6 24.67874 14 1.00000
177.7 24.64976 14 1.00000
177.8 24.68725 14 1.00000
177.9 24.76085 14 1.00000
178.0 24.53806 14 1.00000
178.1 24.57345 14 1.00000
178.2 24.60831 14 1.00000
178.3 24.63758 14 1.00000
178.4 24.66217 14 1.00000
178.5 24.64071 14 1.00000
178.6 24.66286 14 1.00000
178.7 24.73890 14 1.00000
178.8 24.52246 14 1.00000
178.9 24.56189 14 1.00000
179.0 24.59555 14 1.00000
179.1 24.62740 14 1.00000
179.2 24.65304 14 1.00000
179.3 24.63035 14 1.00000
179.4 24.65500 14 1.00000
179.5 24.74055 14 1.00000
179.6 24.51011 14 1.00000
179.7 24.54792 14 1.00000
179.8 24.58360 14 1.00000
179.9 24.61714 14 1.00000
180.0 24.64597 14 1.00000
180.1 24.67498 14 1.00000
180.2 24.64808 14 1.00000
180.3 24.68263 14 1.00000
180.4 24.75944 14 1.00000
180.5 24.53675 14 1.00000
180.6 24.57231 14 1.00000
180.7 24.60704 14 1.00000
180.8 24.63704 14 1.00000
180.9 24.66124 14 1.00000
181.0 24.63947 14 1.00000
181.1 24.66283 14 1.00000
181.2 24.73871 14 1.00000
181.3 24.52257 14 1.00000
181.4 24.56190 14 1.00000
181.5 24.59587 14 1.00000
181.6 24.62796 14 1.00000
181.7 24.65361 14 1.00000
181.8 24.63161 14 1.00000
181.9 24.65548 14 1.00000
182.0 24.74088 14 1.00000
182.1 24.51213 14 1.00000
182.2 24.54989 14 1.00000
182.3 24.58564 14 1.00000
182.4 24.61924 14 1.00000
182.5 24.64810 14 1.00000
182.6 24.68098 14 1.00000
182.7 24.65027 14 1.00000
182.8 24.69142 14 1.00000
182.9 24.76196 14 1.00000
183.0 24.54030 14 1.00000
183.1 24.57590 14 1.00000
183.2 24.61124 14 1.00000
183.3 24.63961 14 1.00000
183.4 24.66365 14 1.00000
183.5 24.64340 14 1.00000
183.6 24.67007 14 1.00000
183.7 24.74129 14 1.00000
183.8 24.52818 14 1.00000
183.9 24.56864 14 1.00000
184.0 24.60176 14 1.00000
184.1 24.63388 14 1.00000
184.2 24.65586 14 1.00000
184.3 24.63696 14 1.00000
184.4 24.66200 14 1.00000
184.5 24.74070 14 1.00000
184.6 24.51939 14 1.00000
184.7 24.55822 14 1.00000
184.8 24.59397 14 1.00000
184.9 24.62590 14 1.00000
185.0 24.65270 14 1.00000
185.1 24.63002 14 1.00000
185.2 24.65517 14 1.00000
185.3 24.74080 14 1.00000
185.4 24.51213 14 1.00000
185.5 24.54978 14 1.00000
185.6 24.58623 14 1.00000
185.7 24.61969 14 1.00000
185.8 24.64864 14 1.00000
185.9 24.68373 14 1.00000
186.0 24.65116 14 1.00000
186.1 24.69356 14 1.00000
186.2 24.76363 14 1.00000
186.3 24.54389 14 1.00000
186.4 24.57808 14 1.00000
186.5 24.61366 14 1.00000
186.6 24.64263 14 1.00000
186.7 24.67160 14 1.00000
186.8 24.64669 14 1.00000
186.9 24.67978 14 1.00000
187.0 24.75905 14 1.00000
187.1 24.53512 14 1.00000
187.2 24.57288 14 1.00000
187.3 24.60776 14 1.00000
187.4 24.63812 14 1.00000
187.5 24.66262 14 1.00000
187.6 24.64241 14 1.00000
187.7 24.66636 14 1.00000
187.8 24.73861 14 1.00000
187.9 24.52721 14 1.00000
188.0 24.56883 14 1.00000
188.1 24.60182 14 1.00000
188.2 24.63416 14 1.00000
188.3 24.65652 14 1.00000
188.4 24.63829 14 1.00000
188.5 24.66250 14 1.00000
188.6 24.73911 14 1.00000
188.7 24.52232 14 1.00000
188.8 24.56267 14 1.00000
188.9 24.59825 14 1.00000
189.0 24.62970 14 1.00000
189.1 24.65451 14 1.00000
189.2 24.63445 14 1.00000
189.3 24.66070 14 1.00000
189.4 24.74129 14 1.00000
189.5 24.51764 14 1.00000
189.6 24.55651 14 1.00000
189.7 24.59350 14 1.00000
189.8 24.62571 14 1.00000
189.9 24.65296 14 1.00000
190.0 24.63028 14 1.00000
190.1 24.65558 14 1.00000
190.2 24.74110 14 1.00000
190.3 24.51434 14 1.00000
190.4 24.55202 14 1.00000
190.5 24.58988 14 1.00000
190.6 24.62309 14 1.00000
190.7 24.65135 14 1.00000
190.8 24.62809 14 1.00000
190.9 24.65445 14 1.00000
191.0 24.74048 14 1.00000
191.1 24.51132 14 1.00000
191.2 24.54947 14 1.00000
191.3 24.58669 14 1.00000
191.4 24.62135 14 1.00000
191.5 24.64982 14 1.00000
191.6 24.62637 14 1.00000
191.7 24.65359 14 1.00000
191.8 24.73897 14 1.00000
191.9 24.76793 14 1.00000
192.0 24.54771 14 1.00000
192.1 24.58423 14 1.00000
192.2 24.61883 14 1.00000
192.3 24.64838 14 1.00000
192.4 24.68435 14 1.00000
192.5 24.65170 14 1.00000
192.6 24.69463 14 1.00000
192.7 24.76665 14 1.00000
192.8 24.54636 14 1.00000
192.9 24.58239 14 1.00000
193.0 24.61785 14 1.00000
193.1 24.64737 14 1.00000
193.2 24.68151 14 1.00000
193.3 24.65098 14 1.00000
193.4 24.69388 14 1.00000
193.5 24.76595 14 1.00000
193.6 24.54593 14 1.00000
193.7 24.58123 14 1.00000
193.8 24.61745 14 1.00000
193.9 24.64678 14 1.00000
194.0 24.68033 14 1.00000
194.1 24.65091 14 1.00000
194.2 24.69375 14 1.00000
194.3 24.76556 14 1.00000
194.4 24.54576 14 1.00000
194.5 24.58144 14 1.00000
194.6 24.61762 14 1.00000
194.7 24.64690 14 1.00000
194.8 24.68072 14 1.00000
194.9 24.65100 14 1.00000
195.0 24.69426 14 1.00000
195.1 24.76636 14 1.00000
195.2 24.54626 14 1.00000
195.3 24.58264 14 1.00000
195.4 24.61803 14 1.00000
195.5 24.64774 14 1.00000
195.6 24.68371 14 1.00000
195.7 24.65174 14 1.00000
195.8 24.73827 14 1.00000
195.9 24.76714 14 1.00000
196.0 24.54770 14 1.00000
196.1 24.58452 14 1.00000
196.2 24.61902 14 1.00000
196.3 24.64926 14 1.00000
196.4 24.62623 14 1.00000
196.5 24.65338 14 1.00000
196.6 24.73918 14 1.00000
196.7 24.76948 14 1.00000
196.8 24.54956 14 1.00000
196.9 24.58703 14 1.00000
197.0 24.62226 14 1.00000
197.1 24.65091 14 1.00000
197.2 24.62770 14 1.00000
197.3 24.65477 14 1.00000
197.4 24.74074 14 1.00000
197.5 24.51338 14 1.00000
197.6 24.55182 14 1.00000
197.7 24.58996 14 1.00000
197.8 24.62437 14 1.00000
197.9 24.65240 14 1.00000
198.0 24.63033 14 1.00000
198.1 24.65591 14 1.00000
198.2 24.74136 14 1.00000
198.3 24.51690 14 1.00000
198.4 24.55685 14 1.00000
198.5 24.59439 14 1.00000
198.6 24.62813 14 1.00000
198.7 24.65409 14 1.00000
198.8 24.63398 14 1.00000
198.9 24.66103 14 1.00000
199.0 24.74067 14 1.00000
199.1 24.52182 14 1.00000
199.2 24.56318 14 1.00000
199.3 24.59937 14 1.00000
199.4 24.63207 14 1.00000
199.5 24.65590 14 1.00000
199.6 24.63861 14 1.00000
199.7 24.66292 14 1.00000
199.8 24.74054 14 1.00000
199.9 24.52661 14 1.00000
200.0 24.56953 14 1.00000
200.1 24.60372 14 1.00000
200.2 24.63672 14 1.00000
200.3 24.66187 14 1.00000
200.4 24.64316 14 1.00000
200.5 24.67259 14 1.00000
200.6 24.75062 14 1.00000
200.7 24.53520 14 1.00000
200.8 24.57383 14 1.00000
200.9 24.61163 14 1.00000
201.0 24.64083 14 1.00000
201.1 24.67181 14 1.00000
201.2 24.64758 14 1.00000
201.3 24.68715 14 1.00000
201.4 24.76261 14 1.00000
201.5 24.54395 14 1.00000
201.6 24.57983 14 1.00000
201.7 24.61732 14 1.00000
201.8 24.64782 14 1.00000
201.9 24.68576 14 1.00000
202.0 24.65239 14 1.00000
202.1 24.73931 14 1.00000
202.2 24.51074 14 1.00000
202.3 24.55099 14 1.00000
202.4 24.58948 14 1.00000
202.5 24.62420 14 1.00000
202.6 24.65270 14 1.00000
202.7 24.63133 14 1.00000
202.8 24.65686 14 1.00000
202.9 24.74120 14 1.00000
203.0 24.51930 14 1.00000
203.1 24.55986 14 1.00000
203.2 24.59793 14 1.00000
203.3 24.63214 14 1.00000
203.4 24.65606 14 1.00000
203.5 24.63917 14 1.00000
203.6 24.66322 14 1.00000
203.7 24.73871 14 1.00000
203.8 24.52968 14 1.00000
203.9 24.57154 14 1.00000
204.0 24.60722 14 1.00000
204.1 24.63959 14 1.00000
204.2 24.66707 14 1.00000
204.3 24.64684 14 1.00000
204.4 24.68456 14 1.00000
204.5 24.76237 14 1.00000
204.6 24.54401 14 1.00000
204.7 24.58060 14 1.00000
204.8 24.61763 14 1.00000
204.9 24.64829 14 1.00000
205.0 24.68858 14 1.00000
205.1 24.65437 14 1.00000
205.2 24.74071 14 1.00000
205.3 24.51446 14 1.00000
205.4 24.55343 14 1.00000
205.5 24.59243 14 1.00000
205.6 24.62717 14 1.00000
205.7 24.65455 14 1.00000
205.8 24.63583 14 1.00000
205.9 24.66255 14 1.00000
206.0 24.74135 14 1.00000
206.1 24.52569 14 1.00000
206.2 24.56950 14 1.00000
206.3 24.60443 14 1.00000
206.4 24.63833 14 1.00000
206.5 24.66308 14 1.00000
206.6 24.64518 14 1.00000
206.7 24.68312 14 1.00000
206.8 24.76187 14 1.00000
206.9 24.54216 14 1.00000
207.0 24.57995 14 1.00000
207.1 24.61770 14 1.00000
207.2 24.64908 14 1.00000
207.3 24.62686 14 1.00000
207.4 24.65477 14 1.00000
207.5 24.74100 14 1.00000
207.6 24.51611 14 1.00000
207.7 24.55613 14 1.00000
207.8 24.59561 14 1.00000
207.9 24.63017 14 1.00000
208.0 24.65569 14 1.00000
208.1 24.63848 14 1.00000
208.2 24.66319 14 1.00000
208.3 24.73912 14 1.00000
208.4 24.53228 14 1.00000
208.5 24.57306 14 1.00000
208.6 24.61116 14 1.00000
208.7 24.64124 14 1.00000
208.8 24.67580 14 1.00000
208.9 24.64972 14 1.00000
209.0 24.73810 14 1.00000
209.1 24.76754 14 1.00000
209.2 24.54975 14 1.00000
209.3 24.58945 14 1.00000
209.4 24.62476 14 1.00000
209.5 24.65325 14 1.00000
209.6 24.63347 14 1.00000
209.7 24.66132 14 1.00000
209.8 24.73907 14 1.00000
209.9 24.52483 14 1.00000
210.0 24.56830 14 1.00000
210.1 24.60470 14 1.00000
210.2 24.63911 14 1.00000
210.3 24.66333 14 1.00000
210.4 24.64735 14 1.00000
210.5 24.68839 14 1.00000
210.6 24.76351 14 1.00000
210.7 24.54689 14 1.00000
210.8 24.58490 14 1.00000
210.9 24.62289 14 1.00000
211.0 24.65218 14 1.00000
211.1 24.63147 14 1.00000
211.2 24.66074 14 1.00000
211.3 24.74043 14 1.00000
211.4 24.52361 14 1.00000
211.5 24.56755 14 1.00000
211.6 24.60399 14 1.00000
211.7 24.63851 14 1.00000
211.8 24.66319 14 1.00000
211.9 24.64659 14 1.00000
212.0 24.68816 14 1.00000
212.1 24.76344 14 1.00000
212.2 24.54679 14 1.00000
212.3 24.58553 14 1.00000
212.4 24.62342 14 1.00000
212.5 24.65254 14 1.00000
212.6 24.63195 14 1.00000
212.7 24.66112 14 1.00000
212.8 24.73922 14 1.00000
212.9 24.52503 14 1.00000
213.0 24.56997 14 1.00000
213.1 24.60660 14 1.00000
213.2 24.63975 14 1.00000
213.3 24.67093 14 1.00000
213.4 24.64866 14 1.00000
213.5 24.69378 14 1.00000
213.6 24.76737 14 1.00000
213.7 24.55019 14 1.00000
213.8 24.59019 14 1.00000
213.9 24.62570 14 1.00000
214.0 24.65439 14 1.00000
214.1 24.63641 14 1.00000
214.2 24.66291 14 1.00000
214.3 24.73872 14 1.00000
214.4 24.53266 14 1.00000
214.5 24.57408 14 1.00000
214.6 24.61310 14 1.00000
214.7 24.64418 14 1.00000
214.8 24.68212 14 1.00000
214.9 24.65281 14 1.00000
215.0 24.74018 14 1.00000
215.1 24.51561 14 1.00000
215.2 24.55774 14 1.00000
215.3 24.59712 14 1.00000
215.4 24.63310 14 1.00000
215.5 24.66079 14 1.00000
215.6 24.64307 14 1.00000
215.7 24.67592 14 1.00000
215.8 24.76145 14 1.00000
215.9 24.54273 14 1.00000
216.0 24.58200 14 1.00000
216.1 24.62089 14 1.00000
216.2 24.65216 14 1.00000
216.3 24.63171 14 1.00000
216.4 24.66114 14 1.00000
216.5 24.73886 14 1.00000
216.6 24.52582 14 1.00000
216.7 24.57150 14 1.00000
216.8 24.60884 14 1.00000
216.9 24.64108 14 1.00000
217.0 24.67760 14 1.00000
217.1 24.65139 14 1.00000
217.2 24.73939 14 1.00000
217.3 24.51342 14 1.00000
217.4 24.55490 14 1.00000
217.5 24.59631 14 1.00000
217.6 24.63264 14 1.00000
217.7 24.66070 14 1.00000
217.8 24.64317 14 1.00000
217.9 24.67697 14 1.00000
218.0 24.76186 14 1.00000
218.1 24.54518 14 1.00000
218.2 24.58465 14 1.00000
218.3 24.62357 14 1.00000
218.4 24.65306 14 1.00000
218.5 24.63404 14 1.00000
218.6 24.66194 14 1.00000
218.7 24.73924 14 1.00000
218.8 24.53090 14 1.00000
218.9 24.57436 14 1.00000
219.0 24.61366 14 1.00000
219.1 24.64496 14 1.00000
219.2 24.68844 14 1.00000
219.3 24.65505 14 1.00000
219.4 24.74138 14 1.00000
219.5 24.51981 14 1.00000
219.6 24.56587 14 1.00000
219.7 24.60293 14 1.00000
219.8 24.63827 14 1.00000
219.9 24.66389 14 1.00000
220.0 24.64893 14 1.00000
220.1 24.73817 14 1.00000
220.2 24.76844 14 1.00000
220.3 24.55285 14 1.00000
220.4 24.59536 14 1.00000
220.5 24.63143 14 1.00000
220.6 24.65667 14 1.00000
220.7 24.64310 14 1.00000
220.8 24.67872 14 1.00000
220.9 24.76247 14 1.00000
221.0 24.54665 14 1.00000
221.1 24.58640 14 1.00000
221.2 24.62508 14 1.00000
221.3 24.65418 14 1.00000
221.4 24.63702 14 1.00000
221.5 24.66331 14 1.00000
221.6 24.74872 14 1.00000
221.7 24.53760 14 1.00000
221.8 24.57942 14 1.00000
221.9 24.61909 14 1.00000
222.0 24.65177 14 1.00000
222.1 24.63176 14 1.00000
222.2 24.66142 14 1.00000
222.3 24.74081 14 1.00000
222.4 24.52929 14 1.00000
222.5 24.57359 14 1.00000
222.6 24.61359 14 1.00000
222.7 24.64515 14 1.00000
222.8 24.69019 14 1.00000
222.9 24.65565 14 1.00000
223.0 24.74136 14 1.00000
223.1 24.52350 14 1.00000
223.2 24.56845 14 1.00000
223.3 24.60752 14 1.00000
223.4 24.64130 14 1.00000
223.5 24.67985 14 1.00000
223.6 24.65286 14 1.00000
223.7 24.74108 14 1.00000
223.8 24.51882 14 1.00000
223.9 24.56148 14 1.00000
224.0 24.60307 14 1.00000
224.1 24.63938 14 1.00000
224.2 24.67202 14 1.00000
224.3 24.65011 14 1.00000
224.4 24.73947 14 1.00000
224.5 24.51556 14 1.00000
224.6 24.55874 14 1.00000
224.7 24.60073 14 1.00000
224.8 24.63693 14 1.00000
224.9 24.66331 14 1.00000
225.0 24.64852 14 1.00000
225.1 24.73837 14 1.00000
225.2 24.51165 14 1.00000
225.3 24.55529 14 1.00000
225.4 24.59761 14 1.00000
225.5 24.63513 14 1.00000
225.6 24.66285 14 1.00000
225.7 24.64720 14 1.00000
225.8 24.69367 14 1.00000
225.9 24.76838 14 1.00000
226.0 24.55343 14 1.00000
226.1 24.59654 14 1.00000
226.2 24.63369 14 1.00000
226.3 24.66182 14 1.00000
226.4 24.64584 14 1.00000
226.5 24.69252 14 1.00000
226.6 24.76810 14 1.00000
226.7 24.55294 14 1.00000
226.8 24.59610 14 1.00000
226.9 24.63357 14 1.00000
227.0 24.66177 14 1.00000
227.1 24.64574 14 1.00000
227.2 24.69238 14 1.00000
227.3 24.76821 14 1.00000
227.4 24.55314 14 1.00000
227.5 24.59628 14 1.00000
227.6 24.63374 14 1.00000
227.7 24.66195 14 1.00000
227.8 24.64611 14 1.00000
227.9 24.69291 14 1.00000
228.0 24.76852 14 1.00000
228.1 24.55441 14 1.00000
228.2 24.59740 14 1.00000
228.3 24.63522 14 1.00000
228.4 24.66296 14 1.00000
228.5 24.64828 14 1.00000
228.6 24.73836 14 1.00000
228.7 24.51201 14 1.00000
228.8 24.55596 14 1.00000
228.9 24.60069 14 1.00000
229.0 24.63706 14 1.00000
229.1 24.66362 14 1.00000
229.2 24.64949 14 1.00000
229.3 24.73947 14 1.00000
229.4 24.51598 14 1.00000
229.5 24.55993 14 1.00000
229.6 24.60264 14 1.00000
229.7 24.63954 14 1.00000
229.8 24.67468 14 1.00000
229.9 24.65183 14 1.00000
230.0 24.74047 14 1.00000
230.1 24.51965 14 1.00000
230.2 24.56675 14 1.00000
230.3 24.60540 14 1.00000
230.4 24.64173 14 1.00000
230.5 24.68291 14 1.00000
230.6 24.65489 14 1.00000
230.7 24.74143 14 1.00000
230.8 24.52471 14 1.00000
230.9 24.57218 14 1.00000
231.0 24.61322 14 1.00000
231.1 24.64762 14 1.00000
231.2 24.62892 14 1.00000
231.3 24.66101 14 1.00000
231.4 24.73965 14 1.00000
231.5 24.53404 14 1.00000
231.6 24.57867 14 1.00000
231.7 24.61909 14 1.00000
231.8 24.65255 14 1.00000
231.9 24.63471 14 1.00000
232.0 24.66326 14 1.00000
232.1 24.75219 14 1.00000
232.2 24.54191 14 1.00000
232.3 24.58455 14 1.00000
232.4 24.62529 14 1.00000
232.5 24.65508 14 1.00000
232.6 24.64023 14 1.00000
232.7 24.67648 14 1.00000
232.8 24.76337 14 1.00000
232.9 24.54983 14 1.00000
233.0 24.59249 14 1.00000
233.1 24.63129 14 1.00000
233.2 24.66134 14 1.00000
233.3 24.64582 14 1.00000
233.4 24.69315 14 1.00000
233.5 24.76944 14 1.00000
233.6 24.55633 14 1.00000
233.7 24.60124 14 1.00000
233.8 24.63867 14 1.00000
233.9 24.67411 14 1.00000
234.0 24.65231 14 1.00000
234.1 24.74124 14 1.00000
234.2 24.52179 14 1.00000
234.3 24.56944 14 1.00000
234.4 24.61175 14 1.00000
234.5 24.64573 14 1.00000
234.6 24.62939 14 1.00000
234.7 24.66165 14 1.00000
234.8 24.73955 14 1.00000
234.9 24.53701 14 1.00000
235.0 24.58052 14 1.00000
235.1 24.62354 14 1.00000
235.2 24.65392 14 1.00000
235.3 24.63890 14 1.00000
235.4 24.67161 14 1.00000
235.5 24.76279 14 1.00000
235.6 24.54920 14 1.00000
235.7 24.59211 14 1.00000
235.8 24.63153 14 1.00000
235.9 24.66157 14 1.00000
236.0 24.64648 14 1.00000
236.1 24.73869 14 1.00000
236.2 24.51525 14 1.00000
236.3 24.56105 14 1.00000
236.4 24.60422 14 1.00000
236.5 24.64134 14 1.00000
236.6 24.68488 14 1.00000
236.7 24.65585 14 1.00000
236.8 24.73977 14 1.00000
236.9 24.53035 14 1.00000
237.0 24.57782 14 1.00000
237.1 24.61978 14 1.00000
237.2 24.65325 14 1.00000
237.3 24.63712 14 1.00000
237.4 24.66668 14 1.00000
237.5 24.76194 14 1.00000
237.6 24.54808 14 1.00000
237.7 24.59203 14 1.00000
237.8 24.63149 14 1.00000
237.9 24.66188 14 1.00000
238.0 24.64808 14 1.00000
238.1 24.73913 14 1.00000
238.2 24.51706 14 1.00000
238.3 24.56230 14 1.00000
238.4 24.60747 14 1.00000
238.5 24.64408 14 1.00000
238.6 24.69251 14 1.00000
238.7 24.65695 14 1.00000
238.8 24.73916 14 1.00000
238.9 24.53755 14 1.00000
239.0 24.58135 14 1.00000
239.1 24.62458 14 1.00000
239.2 24.65527 14 1.00000
239.3 24.64135 14 1.00000
239.4 24.68314 14 1.00000
239.5 24.76740 14 1.00000
239.6 24.55406 14 1.00000
239.7 24.59926 14 1.00000
239.8 24.63873 14 1.00000
239.9 24.67809 14 1.00000
240.0 24.65346 14 1.00000
240.1 24.74127 14 1.00000
240.2 24.52679 14 1.00000
240.3 24.57569 14 1.00000
240.4 24.61934 14 1.00000
240.5 24.65331 14 1.00000
240.6 24.63777 14 1.00000
240.7 24.67160 14 1.00000
240.8 24.76332 14 1.00000
240.9 24.55109 14 1.00000
241.0 24.59607 14 1.00000
241.1 24.63589 14 1.00000
241.2 24.66527 14 1.00000
241.3 24.65137 14 1.00000
241.4 24.74131 14 1.00000
241.5 24.52476 14 1.00000
241.6 24.57353 14 1.00000
241.7 24.61721 14 1.00000
241.8 24.65276 14 1.00000
241.9 24.63665 14 1.00000
242.0 24.66697 14 1.00000
242.1 24.76285 14 1.00000
242.2 24.55080 14 1.00000
242.3 24.59434 14 1.00000
242.4 24.63570 14 1.00000
242.5 24.66538 14 1.00000
242.6 24.65207 14 1.00000
242.7 24.74136 14 1.00000
242.8 24.52520 14 1.00000
242.9 24.57515 14 1.00000
243.0 24.61914 14 1.00000
243.1 24.65336 14 1.00000
243.2 24.63809 14 1.00000
243.3 24.67558 14 1.00000
243.4 24.76398 14 1.00000
243.5 24.55249 14 1.00000
243.6 24.59824 14 1.00000
243.7 24.63807 14 1.00000
243.8 24.67848 14 1.00000
243.9 24.65505 14 1.00000
244.0 24.74050 14 1.00000
244.1 24.53407 14 1.00000
244.2 24.58027 14 1.00000
244.3 24.62417 14 1.00000
244.4 24.65533 14 1.00000
244.5 24.64243 14 1.00000
244.6 24.68916 14 1.00000
244.7 24.76893 14 1.00000
244.8 24.55973 14 1.00000
244.9 24.60466 14 1.00000
245.0 24.64377 14 1.00000
245.1 24.62854 14 1.00000
245.2 24.66188 14 1.00000
245.3 24.74763 14 1.00000
245.4 24.54333 14 1.00000
245.5 24.58798 14 1.00000
245.6 24.63042 14 1.00000
245.7 24.66173 14 1.00000
245.8 24.64933 14 1.00000
245.9 24.74049 14 1.00000
246.0 24.52191 14 1.00000
246.1 24.57318 14 1.00000
246.2 24.61745 14 1.00000
246.3 24.65313 14 1.00000
246.4 24.63803 14 1.00000
246.5 24.67612 14 1.00000
246.6 24.76463 14 1.00000
246.7 24.55382 14 1.00000
246.8 24.60160 14 1.00000
246.9 24.64085 14 1.00000
247.0 24.68580 14 1.00000
247.1 24.65669 14 1.00000
247.2 24.74219 14 1.00000
247.3 24.54189 14 1.00000
247.4 24.58652 14 1.00000
247.5 24.62885 14 1.00000
247.6 24.66164 14 1.00000
247.7 24.64919 14 1.00000
247.8 24.74052 14 1.00000
247.9 24.52340 14 1.00000
248.0 24.57384 14 1.00000
248.1 24.61912 14 1.00000
248.2 24.65342 14 1.00000
248.3 24.63986 14 1.00000
248.4 24.68161 14 1.00000
248.5 24.76835 14 1.00000
248.6 24.55824 14 1.00000
248.7 24.60450 14 1.00000
248.8 24.64408 14 1.00000
248.9 24.62918 14 1.00000
249.0 24.66248 14 1.00000
249.1 24.75950 14 1.00000
249.2 24.54792 14 1.00000
249.3 24.59345 14 1.00000
249.4 24.63589 14 1.00000
249.5 24.67215 14 1.00000
249.6 24.65364 14 1.00000
249.7 24.74043 14 1.00000
249.8 24.53520 14 1.00000
249.9 24.58229 14 1.00000
250.0 24.62663 14 1.00000
