15.0 1.43563 13 0.04298
15.1 1.44304 13 0.04333
15.2 1.45045 13 0.04368
15.3 1.45786 13 0.04402
15.4 1.46527 13 0.04431
15.5 1.47268 13 0.04465
15.6 1.48008 13 0.04498
15.7 1.48749 13 0.04530
15.8 1.49489 13 0.04562
15.9 1.50229 13 0.04594
16.0 1.50969 13 0.04625
16.1 1.51709 13 0.04656
16.2 1.52449 13 0.04687
16.3 1.53189 13 0.04717
16.4 1.53929 13 0.04747
16.5 1.54668 13 0.04777
16.6 1.55407 13 0.04806
16.7 1.56147 13 0.04835
16.8 1.56886 13 0.04863
16.9 1.57625 13 0.04892
17.0 1.58364 13 0.04920
17.1 1.59102 13 0.04947
17.2 1.59920 13 0.04981
17.3 1.61081 13 0.05041
17.4 1.62252 13 0.05102
17.5 1.63432 13 0.05163
17.6 1.64621 13 0.05224
17.7 1.65819 13 0.05285
17.8 1.67027 13 0.05346
17.9 1.68244 13 0.05407
18.0 1.69470 13 0.05469
18.1 1.70706 13 0.05531
18.2 1.71952 13 0.05592
18.3 1.73207 13 0.05654
18.4 1.74472 13 0.05717
18.5 1.75747 13 0.05779
18.6 1.77031 13 0.05842
18.7 1.78326 13 0.05904
18.8 1.79630 13 0.05967
18.9 1.80944 13 0.06031
19.0 1.82269 13 0.06094
19.1 1.83603 13 0.06158
19.2 1.84948 13 0.06222
19.3 1.86303 13 0.06286
19.4 1.87669 13 0.06350
19.5 1.89045 13 0.06415
19.6 1.90431 13 0.06479
19.7 1.91828 13 0.06544
19.8 17.40858 14 1.00000
19.9 17.49327 14 1.00000
20.0 17.57792 14 1.00000
20.1 17.66257 14 1.00000
20.2 17.74722 14 1.00000
20.3 17.83184 14 1.00000
20.4 17.91642 14 1.00000
20.5 18.00096 14 1.00000
20.6 18.08546 14 1.00000
20.7 18.16993 14 1.00000
20.8 18.25435 14 1.00000
20.9 18.33874 14 1.00000
21.0 18.42308 14 1.00000
21.1 18.50740 14 1.00000
21.2 18.59167 14 1.00000
21.3 18.67590 14 1.00000
21.4 18.76009 14 1.00000
21.5 18.84425 14 1.00000
21.6 18.92836 14 1.00000
21.7 19.01244 14 1.00000
21.8 19.09647 14 1.00000
21.9 19.18047 14 1.00000
22.0 19.26443 14 1.00000
22.1 19.34834 14 1.00000
22.2 19.43222 14 1.00000
22.3 19.51606 14 1.00000
22.4 19.59986 14 1.00000
22.5 19.68361 14 1.00000
22.6 5.53240 14 0.24553
22.7 5.65104 14 0.25070
22.8 5.77136 14 0.25592
22.9 5.89335 14 0.26118
23.0 6.01702 14 0.26649
23.1 6.14239 14 0.27183
23.2 6.26945 14 0.27722
23.3 6.39822 14 0.28265
23.4 6.52869 14 0.28812
23.5 6.66087 14 0.29364
23.6 6.79478 14 0.29919
23.7 6.93041 14 0.30479
23.8 7.06778 14 0.31043
23.9 7.20688 14 0.31610
24.0 7.34772 14 0.32182
24.1 7.49031 14 0.32758
24.2 7.63466 14 0.33338
24.3 7.78077 14 0.33922
24.4 7.92865 14 0.34510
24.5 8.07830 14 0.35101
24.6 8.22973 14 0.35697
24.7 8.38295 14 0.36297
24.8 8.53796 14 0.36901
24.9 8.69477 14 0.37508
25.0 8.85338 14 0.38120
25.1 9.01380 14 0.38735
25.2 9.17604 14 0.39354
25.3 9.34011 14 0.39977
25.4 9.50600 14 0.40604
25.5 9.67373 14 0.41235
25.6 9.84331 14 0.41870
25.7 10.01473 14 0.42508
25.8 10.18800 14 0.43151
25.9 10.36314 14 0.43797
26.0 10.54015 14 0.44447
26.1 10.71903 14 0.45101
26.2 10.89980 14 0.45758
26.3 11.08245 14 0.46419
26.4 11.26699 14 0.47084
26.5 11.45344 14 0.47753
26.6 11.64180 14 0.48426
26.7 11.83206 14 0.49102
26.8 12.02425 14 0.49782
26.9 12.21837 14 0.50466
27.0 12.41442 14 0.51153
27.1 12.61242 14 0.51844
27.2 12.81236 14 0.52539
27.3 13.01426 14 0.53238
27.4 13.21811 14 0.53940
27.5 13.42394 14 0.54646
27.6 13.63174 14 0.55356
27.7 13.84153 14 0.56069
27.8 14.05330 14 0.56786
27.9 14.26706 14 0.57507
28.0 14.48284 14 0.58231
28.1 14.70062 14 0.58959
28.2 14.92042 14 0.59691
28.3 15.14224 14 0.60426
28.4 15.36610 14 0.61165
28.5 15.59198 14 0.61908
28.6 15.81992 14 0.62654
28.7 16.04992 14 0.63404
28.8 16.28196 14 0.64157
28.9 16.51608 14 0.64915
29.0 16.75227 14 0.65676
29.1 16.99054 14 0.66440
29.2 17.23090 14 0.67208
29.3 17.47335 14 0.67980
29.4 17.71791 14 0.68755
29.5 17.96458 14 0.69534
29.6 18.21336 14 0.70317
29.7 18.46428 14 0.71103
29.8 18.71732 14 0.71893
29.9 18.97250 14 0.72687
30.0 19.22983 14 0.73484
30.1 19.48932 14 0.74285
30.2 19.75097 14 0.75089
30.3 20.01478 14 0.75897
30.4 20.28078 14 0.76709
30.5 20.54896 14 0.77524
30.6 20.81933 14 0.78343
30.7 21.09190 14 0.79165
30.8 21.36668 14 0.79992
30.9 21.64368 14 0.80821
31.0 21.92289 14 0.81655
31.1 22.20434 14 0.82492
31.2 22.48803 14 0.83333
31.3 22.77396 14 0.84177
31.4 23.06215 14 0.85025
31.5 23.35260 14 0.85877
31.6 23.64532 14 0.86732
31.7 23.94031 14 0.87591
31.8 24.23759 14 0.88453
31.9 24.53717 14 0.89319
32.0 24.83905 14 0.90189
32.1 25.14324 14 0.91063
32.2 25.44973 14 0.91940
32.3 25.75856 14 0.92821
32.4 26.06972 14 0.93705
32.5 26.38270 14 0.94593
32.6 26.69743 14 0.95485
32.7 27.01450 14 0.96381
32.8 27.25608 14 0.97281
32.9 27.57665 14 0.98184
33.0 27.89953 14 0.99090
33.1 28.22383 14 0.99999
33.2 28.30099 14 1.00000
33.3 28.37787 14 1.00000
33.4 28.45470 14 1.00000
33.5 28.53144 14 1.00000
33.6 28.60804 14 1.00000
33.7 28.68457 14 1.00000
33.8 28.76118 14 1.00000
33.9 28.83762 14 1.00000
34.0 28.91393 14 1.00000
34.1 28.99034 14 1.00000
34.2 28.97805 14 1.00000
34.3 29.05391 14 1.00000
34.4 28.99391 14 1.00000
34.5 29.06970 14 1.00000
34.6 29.14526 14 1.00000
34.7 29.22062 14 1.00000
34.8 29.14819 14 1.00000
34.9 29.22393 14 1.00000
35.0 29.29960 14 1.00000
35.1 29.37519 14 1.00000
35.2 29.45071 14 1.00000
35.3 29.37719 14 1.00000
35.4 29.45305 14 1.00000
35.5 29.52874 14 1.00000
35.6 29.50731 14 1.00000
35.7 29.38532 14 1.00000
35.8 28.11571 14 1.00000
35.9 25.58266 14 1.00000
36.0 23.25718 14 1.00000
36.1 21.40651 14 1.00000
36.2 19.43418 14 1.00000
36.3 18.06219 14 1.00000
36.4 15.82812 14 1.00000
36.5 14.25312 14 1.00000
36.6 13.31301 14 1.00000
36.7 13.29941 14 1.00000
36.8 13.35127 14 1.00000
36.9 13.24826 14 1.00000
37.0 13.29014 14 1.00000
37.1 13.33383 14 1.00000
37.2 13.37708 14 1.00000
37.3 13.39013 14 1.00000
37.4 13.42577 14 1.00000
37.5 13.46744 14 1.00000
37.6 13.51122 14 1.00000
37.7 13.55502 14 1.00000
37.8 13.59883 14 1.00000
37.9 13.64704 14 1.00000
38.0 13.70139 14 1.00000
38.1 13.81603 14 1.00000
38.2 13.73303 14 1.00000
38.3 13.77694 14 1.00000
38.4 13.82533 14 1.00000
38.5 13.87985 14 1.00000
38.6 13.99510 14 1.00000
38.7 14.03207 14 1.00000
38.8 14.06890 14 1.00000
38.9 14.10487 14 1.00000
39.0 14.05938 14 1.00000
39.1 14.17439 14 1.00000
39.2 14.21143 14 1.00000
39.3 14.24798 14 1.00000
39.4 14.28400 14 1.00000
39.5 14.32016 14 1.00000
39.6 14.35636 14 1.00000
39.7 14.39245 14 1.00000
39.8 14.42696 14 1.00000
39.9 14.46306 14 1.00000
40.0 14.49921 14 1.00000
40.1 14.53531 14 1.00000
40.2 14.57145 14 1.00000
40.3 14.60757 14 1.00000
40.4 14.64357 14 1.00000
40.5 14.67953 14 1.00000
40.6 14.71541 14 1.00000
40.7 14.75040 14 1.00000
40.8 14.78646 14 1.00000
40.9 14.82244 14 1.00000
41.0 14.85835 14 1.00000
41.1 14.89419 14 1.00000
41.2 14.93028 14 1.00000
41.3 14.97465 14 1.00000
41.4 15.01904 14 1.00000
41.5 15.03706 14 1.00000
41.6 15.07285 14 1.00000
41.7 15.11195 14 1.00000
41.8 15.15641 14 1.00000
41.9 15.20089 14 1.00000
42.0 15.24856 14 1.00000
42.1 15.30519 14 1.00000
42.2 15.35820 14 1.00000
42.3 15.33882 14 1.00000
42.4 15.38338 14 1.00000
42.5 15.42796 14 1.00000
42.6 15.47974 14 1.00000
42.7 15.54401 14 1.00000
42.8 15.59267 14 1.00000
42.9 15.69978 14 1.00000
43.0 15.73740 14 1.00000
43.1 15.77438 14 1.00000
43.2 15.72089 14 1.00000
43.3 15.77173 14 1.00000
43.4 15.88071 14 1.00000
43.5 15.91847 14 1.00000
43.6 15.95468 14 1.00000
43.7 15.99112 14 1.00000
43.8 16.02762 14 1.00000
43.9 16.06409 14 1.00000
44.0 16.09862 14 1.00000
44.1 16.13498 14 1.00000
44.2 16.17145 14 1.00000
44.3 16.20792 14 1.00000
44.4 16.24433 14 1.00000
44.5 16.28070 14 1.00000
44.6 16.31708 14 1.00000
44.7 16.35325 14 1.00000
44.8 16.38815 14 1.00000
44.9 16.42454 14 1.00000
45.0 16.46082 14 1.00000
45.1 16.49709 14 1.00000
45.2 16.53325 14 1.00000
45.3 16.56929 14 1.00000
45.4 16.60554 14 1.00000
45.5 16.64080 14 1.00000
45.6 16.67695 14 1.00000
45.7 16.71301 14 1.00000
45.8 16.74907 14 1.00000
45.9 16.79037 14 1.00000
46.0 16.83544 14 1.00000
46.1 16.88049 14 1.00000
46.2 16.92799 14 1.00000
46.3 16.93239 14 1.00000
46.4 16.97751 14 1.00000
46.5 17.02265 14 1.00000
46.6 17.06779 14 1.00000
46.7 17.12634 14 1.00000
46.8 17.18171 14 1.00000
46.9 17.23380 14 1.00000
47.0 17.21060 14 1.00000
47.1 17.25584 14 1.00000
47.2 17.32389 14 1.00000
47.3 17.37646 14 1.00000
47.4 17.42601 14 1.00000
47.5 17.47276 14 1.00000
47.6 17.58030 14 1.00000
47.7 17.50309 14 1.00000
47.8 17.55878 14 1.00000
47.9 17.61289 14 1.00000
48.0 17.72496 14 1.00000
48.1 17.76247 14 1.00000
48.2 17.79895 14 1.00000
48.3 17.83175 14 1.00000
48.4 17.87003 14 1.00000
48.5 17.90699 14 1.00000
48.6 17.94348 14 1.00000
48.7 17.98025 14 1.00000
48.8 18.01699 14 1.00000
48.9 18.05143 14 1.00000
49.0 18.08803 14 1.00000
49.1 18.12478 14 1.00000
49.2 18.16146 14 1.00000
49.3 18.19820 14 1.00000
49.4 18.23485 14 1.00000
49.5 18.26924 14 1.00000
49.6 18.30595 14 1.00000
49.7 18.34261 14 1.00000
49.8 18.37921 14 1.00000
49.9 18.41568 14 1.00000
50.0 18.45021 14 1.00000
50.1 18.48693 14 1.00000
50.2 18.52346 14 1.00000
50.3 18.55980 14 1.00000
50.4 18.59615 14 1.00000
50.5 18.63107 14 1.00000
50.6 18.66756 14 1.00000
50.7 18.70397 14 1.00000
50.8 18.74019 14 1.00000
50.9 18.77524 14 1.00000
51.0 18.81153 14 1.00000
51.1 18.84783 14 1.00000
51.2 18.88277 14 1.00000
51.3 18.91912 14 1.00000
51.4 18.95550 14 1.00000
51.5 18.99022 14 1.00000
51.6 19.02664 14 1.00000
51.7 19.06297 14 1.00000
51.8 19.09762 14 1.00000
51.9 19.13409 14 1.00000
52.0 19.16829 14 1.00000
52.1 19.20481 14 1.00000
52.2 19.23899 14 1.00000
52.3 19.27280 14 1.00000
52.4 19.30769 14 1.00000
52.5 19.16441 14 1.00000
52.6 19.17136 14 1.00000
52.7 19.20614 14 1.00000
52.8 19.24099 14 1.00000
52.9 19.28496 14 1.00000
53.0 19.33173 14 1.00000
53.1 19.54134 14 1.00000
53.2 19.58190 14 1.00000
53.3 19.62012 14 1.00000
53.4 19.65777 14 1.00000
53.5 19.69317 14 1.00000
53.6 19.72864 14 1.00000
53.7 19.76446 14 1.00000
53.8 19.80059 14 1.00000
53.9 19.83646 14 1.00000
54.0 19.87240 14 1.00000
54.1 19.90849 14 1.00000
54.2 19.94427 14 1.00000
54.3 19.97986 14 1.00000
54.4 20.01518 14 1.00000
54.5 20.05073 14 1.00000
54.6 20.08566 14 1.00000
54.7 20.12288 14 1.00000
54.8 20.16978 14 1.00000
54.9 20.21669 14 1.00000
55.0 20.26360 14 1.00000
55.1 20.31052 14 1.00000
55.2 20.50871 14 1.00000
55.3 20.54981 14 1.00000
55.4 20.58831 14 1.00000
55.5 20.62369 14 1.00000
55.6 20.65951 14 1.00000
55.7 20.69603 14 1.00000
55.8 20.73260 14 1.00000
55.9 20.76888 14 1.00000
56.0 20.80497 14 1.00000
56.1 20.84176 14 1.00000
56.2 20.87758 14 1.00000
56.3 20.91363 14 1.00000
56.4 20.94960 14 1.00000
56.5 20.98528 14 1.00000
56.6 21.02066 14 1.00000
56.7 21.05677 14 1.00000
56.8 21.10377 14 1.00000
56.9 21.15076 14 1.00000
57.0 21.19776 14 1.00000
57.1 21.24477 14 1.00000
57.2 21.29178 14 1.00000
57.3 21.33879 14 1.00000
57.4 21.38580 14 1.00000
57.5 21.57323 14 1.00000
57.6 21.61187 14 1.00000
57.7 21.64794 14 1.00000
57.8 21.68413 14 1.00000
57.9 21.72160 14 1.00000
58.0 21.75859 14 1.00000
58.1 21.79498 14 1.00000
58.2 21.83215 14 1.00000
58.3 21.86870 14 1.00000
58.4 21.90512 14 1.00000
58.5 21.94151 14 1.00000
58.6 21.97731 14 1.00000
58.7 22.01341 14 1.00000
58.8 22.04933 14 1.00000
58.9 22.08542 14 1.00000
59.0 22.12320 14 1.00000
59.1 22.16693 14 1.00000
59.2 22.21069 14 1.00000
59.3 22.25447 14 1.00000
59.4 22.29825 14 1.00000
59.5 22.34206 14 1.00000
59.6 22.38589 14 1.00000
59.7 22.42972 14 1.00000
59.8 22.47358 14 1.00000
59.9 22.51746 14 1.00000
60.0 22.56136 14 1.00000
60.1 22.60526 14 1.00000
60.2 22.64919 14 1.00000
60.3 22.69313 14 1.00000
60.4 22.73709 14 1.00000
60.5 22.91936 14 1.00000
60.6 22.95901 14 1.00000
60.7 22.99506 14 1.00000
60.8 23.03252 14 1.00000
60.9 23.06976 14 1.00000
61.0 23.10709 14 1.00000
61.1 23.14467 14 1.00000
61.2 23.18224 14 1.00000
61.3 23.21959 14 1.00000
61.4 23.25671 14 1.00000
61.5 23.29453 14 1.00000
61.6 23.33186 14 1.00000
61.7 23.36862 14 1.00000
61.8 23.40632 14 1.00000
61.9 23.44316 14 1.00000
62.0 23.48017 14 1.00000
62.1 23.51669 14 1.00000
62.2 23.55383 14 1.00000
62.3 23.59043 14 1.00000
62.4 23.62691 14 1.00000
62.5 23.66351 14 1.00000
62.6 23.70278 14 1.00000
62.7 23.74711 14 1.00000
62.8 23.79145 14 1.00000
62.9 23.83582 14 1.00000
63.0 23.88019 14 1.00000
63.1 23.92459 14 1.00000
63.2 23.96900 14 1.00000
63.3 24.01343 14 1.00000
63.4 24.05788 14 1.00000
63.5 24.10234 14 1.00000
63.6 24.15998 14 1.00000
63.7 24.21357 14 1.00000
63.8 24.26525 14 1.00000
63.9 24.31474 14 1.00000
64.0 24.36303 14 1.00000
64.1 24.41059 14 1.00000
64.2 24.45625 14 1.00000
64.3 24.50060 14 1.00000
64.4 24.63946 14 1.00000
64.5 24.67649 14 1.00000
64.6 24.71457 14 1.00000
64.7 24.75186 14 1.00000
64.8 24.79056 14 1.00000
64.9 24.82806 14 1.00000
65.0 24.86643 14 1.00000
65.1 24.90391 14 1.00000
65.2 24.94242 14 1.00000
65.3 24.98025 14 1.00000
65.4 25.01759 14 1.00000
65.5 25.05561 14 1.00000
65.6 25.09264 14 1.00000
65.7 25.13029 14 1.00000
65.8 25.16817 14 1.00000
65.9 25.20545 14 1.00000
66.0 25.24274 14 1.00000
66.1 25.27970 14 1.00000
66.2 25.31673 14 1.00000
66.3 25.35366 14 1.00000
66.4 25.39237 14 1.00000
66.5 25.43731 14 1.00000
66.6 25.48228 14 1.00000
66.7 25.52725 14 1.00000
66.8 25.57224 14 1.00000
66.9 25.61725 14 1.00000
67.0 25.66228 14 1.00000
67.1 25.70732 14 1.00000
67.2 25.75238 14 1.00000
67.3 25.79747 14 1.00000
67.4 25.84725 14 1.00000
67.5 25.92082 14 1.00000
67.6 25.97271 14 1.00000
67.7 26.02311 14 1.00000
67.8 26.06947 14 1.00000
67.9 26.11615 14 1.00000
68.0 26.16662 14 1.00000
68.1 26.21322 14 1.00000
68.2 26.25610 14 1.00000
68.3 26.30574 14 1.00000
68.4 26.35093 14 1.00000
68.5 26.39592 14 1.00000
68.6 26.43884 14 1.00000
68.7 26.48750 14 1.00000
68.8 26.53262 14 1.00000
68.9 26.57744 14 1.00000
69.0 26.61948 14 1.00000
69.1 26.66962 14 1.00000
69.2 26.71442 14 1.00000
69.3 26.75855 14 1.00000
69.4 26.79795 14 1.00000
69.5 26.83641 14 1.00000
69.6 26.89564 14 1.00000
69.7 26.93928 14 1.00000
69.8 26.97595 14 1.00000
69.9 26.98869 14 1.00000
70.0 27.07646 14 1.00000
70.1 27.11555 14 1.00000
70.2 27.15143 14 1.00000
70.3 27.16131 14 1.00000
70.4 27.19666 14 1.00000
70.5 27.29283 14 1.00000
70.6 27.30596 14 1.00000
70.7 27.33716 14 1.00000
70.8 27.37806 14 1.00000
70.9 27.42307 14 1.00000
71.0 27.48121 14 1.00000
71.1 27.51470 14 1.00000
71.2 27.55978 14 1.00000
71.3 27.60480 14 1.00000
71.4 27.65307 14 1.00000
71.5 27.69660 14 1.00000
71.6 27.74175 14 1.00000
71.7 27.78692 14 1.00000
71.8 27.84171 14 1.00000
71.9 27.90743 14 1.00000
72.0 27.95526 14 1.00000
72.1 27.96919 14 1.00000
72.2 28.02729 14 1.00000
72.3 28.09485 14 1.00000
72.4 28.16069 14 1.00000
72.5 28.22631 14 1.00000
72.6 28.21484 14 1.00000
72.7 28.28085 14 1.00000
72.8 28.34486 14 1.00000
72.9 28.40918 14 1.00000
73.0 28.47635 14 1.00000
73.1 28.54363 14 1.00000
73.2 28.54666 14 1.00000
73.3 28.59212 14 1.00000
73.4 28.65776 14 1.00000
73.5 28.72215 14 1.00000
73.6 28.78798 14 1.00000
73.7 28.85263 14 1.00000
73.8 28.82711 14 1.00000
73.9 28.90164 14 1.00000
74.0 28.96598 14 1.00000
74.1 29.02891 14 1.00000
74.2 29.00731 14 1.00000
74.3 29.06031 14 1.00000
74.4 29.10478 14 1.00000
74.5 29.14198 14 1.00000
74.6 29.27031 14 1.00000
74.7 29.24319 14 1.00000
74.8 29.29336 14 1.00000
74.9 29.33573 14 1.00000
75.0 29.36951 14 1.00000
75.1 29.37869 14 1.00000
75.2 29.39635 14 1.00000
75.3 29.52584 14 1.00000
75.4 29.56748 14 1.00000
75.5 29.60281 14 1.00000
75.6 29.61332 14 1.00000
75.7 29.63018 14 1.00000
75.8 29.66920 14 1.00000
75.9 29.71550 14 1.00000
76.0 29.78528 14 1.00000
76.1 29.85122 14 1.00000
76.2 29.87444 14 1.00000
76.3 29.90074 14 1.00000
76.4 29.94640 14 1.00000
76.5 30.00836 14 1.00000
76.6 30.08010 14 1.00000
76.7 30.14888 14 1.00000
76.8 30.21764 14 1.00000
76.9 30.17847 14 1.00000
77.0 30.22588 14 1.00000
77.1 30.29387 14 1.00000
77.2 30.36487 14 1.00000
77.3 30.43605 14 1.00000
77.4 30.50195 14 1.00000
77.5 30.57030 14 1.00000
77.6 30.63840 14 1.00000
77.7 30.57951 14 1.00000
77.8 30.64482 14 1.00000
77.9 30.71361 14 1.00000
78.0 30.78018 14 1.00000
78.1 30.84694 14 1.00000
78.2 30.91675 14 1.00000
78.3 30.98540 14 1.00000
78.4 30.96675 14 1.00000
78.5 31.02091 14 1.00000
78.6 31.12016 14 1.00000
78.7 31.11942 14 1.00000
78.8 31.18607 14 1.00000
78.9 31.25376 14 1.00000
79.0 31.31859 14 1.00000
79.1 31.30013 14 1.00000
79.2 31.35207 14 1.00000
79.3 31.39735 14 1.00000
79.4 31.43681 14 1.00000
79.5 31.45336 14 1.00000
79.6 31.58331 14 1.00000
79.7 31.65049 14 1.00000
79.8 31.62955 14 1.00000
79.9 31.68216 14 1.00000
80.0 31.72917 14 1.00000
80.1 31.76741 14 1.00000
80.2 31.78549 14 1.00000
80.3 31.81638 14 1.00000
80.4 31.83419 14 1.00000
80.5 31.85806 14 1.00000
80.6 32.01118 14 1.00000
80.7 32.05987 14 1.00000
80.8 32.10618 14 1.00000
80.9 32.14418 14 1.00000
81.0 32.16173 14 1.00000
81.1 32.18796 14 1.00000
81.2 32.20336 14 1.00000
81.3 32.23383 14 1.00000
81.4 32.29169 14 1.00000
81.5 32.36354 14 1.00000
81.6 32.43158 14 1.00000
81.7 32.50351 14 1.00000
81.8 32.54532 14 1.00000
81.9 32.57626 14 1.00000
82.0 32.59955 14 1.00000
82.1 32.61364 14 1.00000
82.2 32.66315 14 1.00000
82.3 32.73430 14 1.00000
82.4 32.80291 14 1.00000
82.5 32.87077 14 1.00000
82.6 32.93953 14 1.00000
82.7 33.00567 14 1.00000
82.8 33.07461 14 1.00000
82.9 33.02096 14 1.00000
83.0 33.03604 14 1.00000
83.1 33.08980 14 1.00000
83.2 33.15745 14 1.00000
83.3 33.22594 14 1.00000
83.4 33.29631 14 1.00000
83.5 33.36314 14 1.00000
83.6 33.43205 14 1.00000
83.7 33.49865 14 1.00000
83.8 33.56556 14 1.00000
83.9 33.63239 14 1.00000
84.0 33.61754 14 1.00000
84.1 33.69001 14 1.00000
84.2 33.64294 14 1.00000
84.3 33.70967 14 1.00000
84.4 33.77765 14 1.00000
84.5 33.84350 14 1.00000
84.6 33.91003 14 1.00000
84.7 33.97889 14 1.00000
84.8 34.04342 14 1.00000
84.9 34.10387 14 1.00000
85.0 34.09594 14 1.00000
85.1 34.15358 14 1.00000
85.2 34.20621 14 1.00000
85.3 34.25490 14 1.00000
85.4 34.30182 14 1.00000
85.5 34.31389 14 1.00000
85.6 34.37770 14 1.00000
85.7 34.44505 14 1.00000
85.8 34.50481 14 1.00000
85.9 34.56558 14 1.00000
86.0 34.62885 14 1.00000
86.1 34.62677 14 1.00000
86.2 34.67899 14 1.00000
86.3 34.73037 14 1.00000
86.4 34.77897 14 1.00000
86.5 34.82407 14 1.00000
86.6 34.85513 14 1.00000
86.7 34.89994 14 1.00000
86.8 34.93084 14 1.00000
86.9 35.01949 14 1.00000
87.0 35.08052 14 1.00000
87.1 35.14170 14 1.00000
87.2 35.20337 14 1.00000
87.3 35.19628 14 1.00000
87.4 35.25039 14 1.00000
87.5 35.30180 14 1.00000
87.6 35.35014 14 1.00000
87.7 35.39577 14 1.00000
87.8 35.42480 14 1.00000
87.9 35.46775 14 1.00000
88.0 35.50723 14 1.00000
88.1 35.54182 14 1.00000
88.2 35.57266 14 1.00000
88.3 35.58943 14 1.00000
88.4 35.71225 14 1.00000
88.5 35.76204 14 1.00000
88.6 35.81833 14 1.00000
88.7 35.87294 14 1.00000
88.8 35.92449 14 1.00000
88.9 35.97371 14 1.00000
89.0 36.01124 14 1.00000
89.1 36.05717 14 1.00000
89.2 36.09977 14 1.00000
89.3 36.13889 14 1.00000
89.4 36.17396 14 1.00000
89.5 36.20124 14 1.00000
89.6 36.26291 14 1.00000
89.7 36.36425 14 1.00000
89.8 36.39129 14 1.00000
89.9 36.49401 14 1.00000
90.0 36.52293 14 1.00000
90.1 36.55341 14 1.00000
90.2 36.59110 14 1.00000
90.3 36.69450 14 1.00000
90.4 36.79822 14 1.00000
90.5 36.90154 14 1.00000
90.6 37.00491 14 1.00000
90.7 37.10819 14 1.00000
90.8 37.21138 14 1.00000
90.9 37.31483 14 1.00000
91.0 37.41803 14 1.00000
91.1 37.52114 14 1.00000
91.2 37.62421 14 1.00000
91.3 37.72718 14 1.00000
91.4 37.83042 14 1.00000
91.5 37.93341 14 1.00000
91.6 38.03632 14 1.00000
91.7 38.13912 14 1.00000
91.8 38.24224 14 1.00000
91.9 38.34502 14 1.00000
92.0 38.44770 14 1.00000
92.1 38.55045 14 1.00000
92.2 38.65310 14 1.00000
92.3 38.75596 14 1.00000
92.4 38.85854 14 1.00000
92.5 38.96102 14 1.00000
92.6 39.06351 14 1.00000
92.7 39.16621 14 1.00000
92.8 39.26867 14 1.00000
92.9 39.37099 14 1.00000
93.0 39.47333 14 1.00000
93.1 39.57587 14 1.00000
93.2 39.67812 14 1.00000
93.3 39.78034 14 1.00000
93.4 39.88257 14 1.00000
93.5 39.98490 14 1.00000
93.6 40.08705 14 1.00000
93.7 40.18911 14 1.00000
93.8 40.29137 14 1.00000
93.9 40.39331 14 1.00000
94.0 40.49530 14 1.00000
94.1 40.59721 14 1.00000
94.2 40.69932 14 1.00000
94.3 40.80116 14 1.00000
94.4 40.90295 14 1.00000
94.5 41.00466 14 1.00000
94.6 41.10667 14 1.00000
94.7 41.20830 14 1.00000
94.8 41.31000 14 1.00000
94.9 41.41184 14 1.00000
95.0 41.51342 14 1.00000
95.1 41.61490 14 1.00000
95.2 41.71663 14 1.00000
95.3 41.81815 14 1.00000
95.4 41.91952 14 1.00000
95.5 42.02097 14 1.00000
95.6 42.12255 14 1.00000
95.7 42.22387 14 1.00000
95.8 42.32516 14 1.00000
95.9 42.42664 14 1.00000
96.0 42.52780 14 1.00000
96.1 42.62897 14 1.00000
96.2 42.73035 14 1.00000
96.3 42.83150 14 1.00000
96.4 42.93258 14 1.00000
96.5 43.03384 14 1.00000
96.6 43.13479 14 1.00000
96.7 43.23576 14 1.00000
96.8 43.33692 14 1.00000
96.9 43.43787 14 1.00000
97.0 43.53873 14 1.00000
97.1 43.63974 14 1.00000
97.2 43.74059 14 1.00000
97.3 43.84129 14 1.00000
97.4 43.94225 14 1.00000
97.5 44.04294 14 1.00000
97.6 44.14360 14 1.00000
97.7 44.24451 14 1.00000
97.8 44.34505 14 1.00000
97.9 44.44561 14 1.00000
98.0 44.54641 14 1.00000
98.1 44.63722 14 1.00000
98.2 44.72799 14 1.00000
98.3 44.81911 14 1.00000
98.4 44.91000 14 1.00000
98.5 45.00087 14 1.00000
98.6 45.09210 14 1.00000
98.7 45.18309 14 1.00000
98.8 45.27434 14 1.00000
98.9 45.36539 14 1.00000
99.0 45.45648 14 1.00000
99.1 45.54782 14 1.00000
99.2 45.63893 14 1.00000
99.3 45.73016 14 1.00000
99.4 45.82155 14 1.00000
99.5 45.91285 14 1.00000
99.6 46.00430 14 1.00000
99.7 46.09561 14 1.00000
99.8 46.18700 14 1.00000
99.9 46.27854 14 1.00000
100.0 46.36999 14 1.00000
100.1 46.46137 14 1.00000
100.2 46.55310 14 1.00000
100.3 46.64458 14 1.00000
100.4 46.73627 14 1.00000
100.5 46.82786 14 1.00000
100.6 46.91938 14 1.00000
100.7 47.01120 14 1.00000
100.8 47.10287 14 1.00000
100.9 47.19469 14 1.00000
101.0 47.28642 14 1.00000
101.1 47.37807 14 1.00000
101.2 47.47001 14 1.00000
101.3 47.56177 14 1.00000
101.4 47.65376 14 1.00000
101.5 47.74562 14 1.00000
101.6 47.83745 14 1.00000
101.7 47.92947 14 1.00000
101.8 48.02134 14 1.00000
101.9 48.11351 14 1.00000
102.0 48.20544 14 1.00000
102.1 48.29760 14 1.00000
102.2 48.38957 14 1.00000
102.3 48.48151 14 1.00000
102.4 48.57380 14 1.00000
102.5 48.66579 14 1.00000
102.6 48.75806 14 1.00000
102.7 48.85019 14 1.00000
102.8 48.94246 14 1.00000
102.9 49.03463 14 1.00000
103.0 49.12673 14 1.00000
103.1 49.21916 14 1.00000
103.2 49.31129 14 1.00000
103.3 49.40377 14 1.00000
103.4 49.49594 14 1.00000
103.5 49.58840 14 1.00000
103.6 49.68072 14 1.00000
103.7 49.77322 14 1.00000
103.8 49.86552 14 1.00000
103.9 49.95784 14 1.00000
104.0 50.05034 14 1.00000
104.1 50.14275 14 1.00000
104.2 50.23534 14 1.00000
104.3 50.32769 14 1.00000
104.4 50.42036 14 1.00000
104.5 50.51279 14 1.00000
104.6 50.60545 14 1.00000
104.7 50.69791 14 1.00000
104.8 50.79034 14 1.00000
104.9 50.88310 14 1.00000
105.0 50.97562 14 1.00000
105.1 51.06836 14 1.00000
105.2 51.16085 14 1.00000
105.3 51.25367 14 1.00000
105.4 51.34620 14 1.00000
105.5 51.43905 14 1.00000
105.6 51.53166 14 1.00000
105.7 51.62449 14 1.00000
105.8 51.71708 14 1.00000
105.9 51.80999 14 1.00000
106.0 51.90260 14 1.00000
106.1 51.99554 14 1.00000
106.2 52.08818 14 1.00000
106.3 52.18110 14 1.00000
106.4 52.27387 14 1.00000
106.5 52.36681 14 1.00000
106.6 52.45956 14 1.00000
106.7 52.55247 14 1.00000
106.8 52.64530 14 1.00000
106.9 52.73829 14 1.00000
107.0 52.83104 14 1.00000
107.1 52.92390 14 1.00000
107.2 53.01688 14 1.00000
107.3 53.10976 14 1.00000
107.4 53.20281 14 1.00000
107.5 53.29567 14 1.00000
107.6 53.38869 14 1.00000
107.7 53.48163 14 1.00000
107.8 53.57472 14 1.00000
107.9 53.66763 14 1.00000
108.0 53.76069 14 1.00000
108.1 53.85367 14 1.00000
108.2 53.94681 14 1.00000
108.3 54.03991 14 1.00000
108.4 54.13286 14 1.00000
108.5 54.22603 14 1.00000
108.6 54.31905 14 1.00000
108.7 54.41224 14 1.00000
108.8 54.50524 14 1.00000
108.9 54.59844 14 1.00000
109.0 54.69140 14 1.00000
109.1 54.78468 14 1.00000
109.2 54.87766 14 1.00000
109.3 54.97090 14 1.00000
109.4 55.06395 14 1.00000
109.5 55.15720 14 1.00000
109.6 55.25032 14 1.00000
109.7 55.34354 14 1.00000
109.8 55.43668 14 1.00000
109.9 55.52991 14 1.00000
110.0 55.62301 14 1.00000
110.1 55.71632 14 1.00000
110.2 55.80948 14 1.00000
110.3 55.90280 14 1.00000
110.4 55.99588 14 1.00000
110.5 56.08926 14 1.00000
110.6 56.18255 14 1.00000
110.7 56.27570 14 1.00000
110.8 56.36910 14 1.00000
110.9 56.46227 14 1.00000
111.0 56.55558 14 1.00000
111.1 56.64880 14 1.00000
111.2 56.74218 14 1.00000
111.3 56.83537 14 1.00000
111.4 56.92876 14 1.00000
111.5 57.02196 14 1.00000
111.6 57.11536 14 1.00000
111.7 57.20877 14 1.00000
111.8 57.30198 14 1.00000
111.9 57.39535 14 1.00000
112.0 57.48858 14 1.00000
112.1 57.58205 14 1.00000
112.2 57.67529 14 1.00000
112.3 57.76868 14 1.00000
112.4 57.86193 14 1.00000
112.5 57.95537 14 1.00000
112.6 58.04887 14 1.00000
112.7 58.14209 14 1.00000
112.8 58.23554 14 1.00000
112.9 58.32882 14 1.00000
113.0 58.42228 14 1.00000
113.1 58.51556 14 1.00000
113.2 58.60909 14 1.00000
113.3 58.70251 14 1.00000
113.4 58.79585 14 1.00000
113.5 58.88934 14 1.00000
113.6 58.98259 14 1.00000
113.7 59.07608 14 1.00000
113.8 59.16938 14 1.00000
113.9 59.26293 14 1.00000
114.0 59.35638 14 1.00000
114.1 59.44970 14 1.00000
114.2 59.54326 14 1.00000
114.3 59.63658 14 1.00000
114.4 59.73004 14 1.00000
114.5 59.82341 14 1.00000
114.6 59.91693 14 1.00000
114.7 60.01040 14 1.00000
114.8 60.10373 14 1.00000
114.9 60.19731 14 1.00000
115.0 60.29059 14 1.00000
115.1 60.38415 14 1.00000
115.2 60.47765 14 1.00000
115.3 60.57100 14 1.00000
115.4 60.66453 14 1.00000
115.5 60.75793 14 1.00000
115.6 60.85146 14 1.00000
115.7 60.94495 14 1.00000
115.8 61.03830 14 1.00000
115.9 61.13190 14 1.00000
116.0 61.22525 14 1.00000
116.1 61.31874 14 1.00000
116.2 61.41229 14 1.00000
116.3 61.50565 14 1.00000
116.4 61.59919 14 1.00000
116.5 61.69256 14 1.00000
116.6 61.78616 14 1.00000
116.7 61.87970 14 1.00000
116.8 61.97307 14 1.00000
116.9 62.06662 14 1.00000
117.0 62.15993 14 1.00000
117.1 62.25354 14 1.00000
117.2 62.34709 14 1.00000
117.3 62.44046 14 1.00000
117.4 62.53401 14 1.00000
117.5 62.62738 14 1.00000
117.6 62.72088 14 1.00000
117.7 62.81443 14 1.00000
117.8 62.90780 14 1.00000
117.9 63.00140 14 1.00000
118.0 63.09490 14 1.00000
118.1 63.18827 14 1.00000
118.2 63.28182 14 1.00000
118.3 63.37524 14 1.00000
118.4 63.46879 14 1.00000
118.5 63.56234 14 1.00000
118.6 63.65566 14 1.00000
118.7 63.74921 14 1.00000
118.8 63.84281 14 1.00000
118.9 63.93617 14 1.00000
119.0 64.02972 14 1.00000
119.1 64.12309 14 1.00000
119.2 64.21658 14 1.00000
119.3 64.31017 14 1.00000
119.4 64.40348 14 1.00000
119.5 64.49707 14 1.00000
119.6 64.59061 14 1.00000
119.7 64.68398 14 1.00000
119.8 64.77746 14 1.00000
119.9 64.87105 14 1.00000
120.0 64.96435 14 1.00000
120.1 65.05788 14 1.00000
120.2 65.15124 14 1.00000
120.3 65.24482 14 1.00000
120.4 65.33834 14 1.00000
120.5 65.43164 14 1.00000
120.6 65.52517 14 1.00000
120.7 65.61869 14 1.00000
120.8 65.71204 14 1.00000
120.9 65.80555 14 1.00000
121.0 65.89912 14 1.00000
121.1 65.99245 14 1.00000
121.2 66.08592 14 1.00000
121.3 66.17948 14 1.00000
121.4 66.27281 14 1.00000
121.5 66.36632 14 1.00000
121.6 66.45982 14 1.00000
121.7 66.55310 14 1.00000
121.8 66.64664 14 1.00000
121.9 66.74010 14 1.00000
122.0 66.83347 14 1.00000
122.1 66.92696 14 1.00000
122.2 67.02045 14 1.00000
122.3 67.11375 14 1.00000
122.4 67.20724 14 1.00000
122.5 67.30072 14 1.00000
122.6 67.39397 14 1.00000
122.7 67.48750 14 1.00000
122.8 67.58098 14 1.00000
122.9 67.67427 14 1.00000
123.0 67.76774 14 1.00000
123.1 67.86121 14 1.00000
123.2 67.95449 14 1.00000
123.3 68.04795 14 1.00000
123.4 68.14140 14 1.00000
123.5 68.23468 14 1.00000
123.6 68.32808 14 1.00000
123.7 68.42158 14 1.00000
123.8 68.51485 14 1.00000
123.9 68.60828 14 1.00000
124.0 68.70172 14 1.00000
124.1 68.79498 14 1.00000
124.2 68.88836 14 1.00000
124.3 68.98179 14 1.00000
124.4 69.07509 14 1.00000
124.5 69.16850 14 1.00000
124.6 69.26192 14 1.00000
124.7 69.35516 14 1.00000
124.8 69.44857 14 1.00000
124.9 69.54197 14 1.00000
125.0 69.63520 14 1.00000
125.1 69.72855 14 1.00000
125.2 69.82194 14 1.00000
125.3 69.91515 14 1.00000
125.4 70.00859 14 1.00000
125.5 70.10192 14 1.00000
125.6 70.19534 14 1.00000
125.7 70.28854 14 1.00000
125.8 70.38187 14 1.00000
125.9 70.47528 14 1.00000
126.0 70.56842 14 1.00000
126.1 70.66177 14 1.00000
126.2 70.75513 14 1.00000
126.3 70.84830 14 1.00000
126.4 70.94170 14 1.00000
126.5 71.03503 14 1.00000
126.6 71.12815 14 1.00000
126.7 71.22148 14 1.00000
126.8 71.31486 14 1.00000
126.9 71.40818 14 1.00000
127.0 71.50133 14 1.00000
127.1 71.59460 14 1.00000
127.2 71.68790 14 1.00000
127.3 71.78104 14 1.00000
127.4 71.87434 14 1.00000
127.5 71.96764 14 1.00000
127.6 72.06093 14 1.00000
127.7 72.15409 14 1.00000
127.8 72.24738 14 1.00000
127.9 72.34060 14 1.00000
128.0 72.43371 14 1.00000
128.1 72.52698 14 1.00000
128.2 72.62029 14 1.00000
128.3 72.71338 14 1.00000
128.4 72.80659 14 1.00000
128.5 72.89988 14 1.00000
128.6 72.99313 14 1.00000
128.7 73.08620 14 1.00000
128.8 73.17938 14 1.00000
128.9 73.27266 14 1.00000
129.0 73.36572 14 1.00000
129.1 73.45889 14 1.00000
129.2 73.55215 14 1.00000
129.3 73.64536 14 1.00000
129.4 73.73840 14 1.00000
129.5 73.83160 14 1.00000
129.6 73.92474 14 1.00000
129.7 74.01798 14 1.00000
129.8 74.11100 14 1.00000
129.9 74.20413 14 1.00000
130.0 74.29736 14 1.00000
130.1 74.39031 14 1.00000
130.2 74.48347 14 1.00000
130.3 74.57663 14 1.00000
130.4 74.66983 14 1.00000
130.5 74.76277 14 1.00000
130.6 74.85591 14 1.00000
130.7 74.94907 14 1.00000
130.8 75.04218 14 1.00000
130.9 75.13514 14 1.00000
131.0 75.22826 14 1.00000
131.1 75.32143 14 1.00000
131.2 75.41438 14 1.00000
131.3 75.50743 14 1.00000
131.4 75.60052 14 1.00000
131.5 75.69367 14 1.00000
131.6 75.78654 14 1.00000
131.7 75.87963 14 1.00000
131.8 75.97271 14 1.00000
131.9 76.06583 14 1.00000
132.0 76.15873 14 1.00000
132.1 76.25174 14 1.00000
132.2 76.34480 14 1.00000
132.3 76.43790 14 1.00000
132.4 76.53073 14 1.00000
132.5 76.62382 14 1.00000
132.6 76.71680 14 1.00000
132.7 76.80982 14 1.00000
132.8 76.90273 14 1.00000
132.9 76.99574 14 1.00000
133.0 77.08875 14 1.00000
133.1 77.18176 14 1.00000
133.2 77.27459 14 1.00000
133.3 77.36753 14 1.00000
133.4 77.46052 14 1.00000
133.5 77.55354 14 1.00000
133.6 77.64635 14 1.00000
133.7 77.73927 14 1.00000
133.8 77.83223 14 1.00000
133.9 77.92523 14 1.00000
134.0 78.01803 14 1.00000
134.1 78.11092 14 1.00000
134.2 78.20386 14 1.00000
134.3 78.29684 14 1.00000
134.4 78.38955 14 1.00000
134.5 78.48252 14 1.00000
134.6 78.57543 14 1.00000
134.7 78.66833 14 1.00000
134.8 78.76103 14 1.00000
134.9 78.85393 14 1.00000
135.0 78.94682 14 1.00000
135.1 79.03970 14 1.00000
135.2 79.13247 14 1.00000
135.3 79.22533 14 1.00000
135.4 79.31820 14 1.00000
135.5 79.41101 14 1.00000
135.6 79.50391 14 1.00000
135.7 79.59655 14 1.00000
135.8 79.68944 14 1.00000
135.9 79.78222 14 1.00000
136.0 79.87509 14 1.00000
136.1 79.96776 14 1.00000
136.2 80.06057 14 1.00000
136.3 80.15338 14 1.00000
136.4 80.24613 14 1.00000
136.5 80.33878 14 1.00000
136.6 80.43156 14 1.00000
136.7 80.52435 14 1.00000
136.8 80.61712 14 1.00000
136.9 80.70989 14 1.00000
137.0 80.80255 14 1.00000
137.1 80.89530 14 1.00000
137.2 80.98801 14 1.00000
137.3 81.08075 14 1.00000
137.4 81.17334 14 1.00000
137.5 81.26611 14 1.00000
137.6 81.35884 14 1.00000
137.7 81.45151 14 1.00000
137.8 81.54427 14 1.00000
137.9 81.63683 14 1.00000
138.0 81.72948 14 1.00000
138.1 81.82217 14 1.00000
138.2 81.91490 14 1.00000
138.3 82.00758 14 1.00000
138.4 82.10005 14 1.00000
138.5 82.19272 14 1.00000
138.6 82.28543 14 1.00000
138.7 82.37808 14 1.00000
138.8 82.47053 14 1.00000
138.9 82.56316 14 1.00000
139.0 82.65585 14 1.00000
139.1 82.74842 14 1.00000
139.2 82.84109 14 1.00000
139.3 82.93356 14 1.00000
139.4 83.02615 14 1.00000
139.5 83.11876 14 1.00000
139.6 83.21135 14 1.00000
139.7 83.30393 14 1.00000
139.8 83.39636 14 1.00000
139.9 83.48888 14 1.00000
140.0 83.58145 14 1.00000
140.1 83.67401 14 1.00000
140.2 83.76661 14 1.00000
140.3 83.85896 14 1.00000
140.4 83.95155 14 1.00000
140.5 84.04408 14 1.00000
140.6 84.13660 14 1.00000
140.7 84.22907 14 1.00000
140.8 84.32143 14 1.00000
140.9 84.41399 14 1.00000
141.0 84.50644 14 1.00000
141.1 84.59893 14 1.00000
141.2 84.69141 14 1.00000
141.3 84.78374 14 1.00000
141.4 84.87621 14 1.00000
141.5 84.96868 14 1.00000
141.6 85.06113 14 1.00000
141.7 85.15363 14 1.00000
141.8 85.24588 14 1.00000
141.9 85.33832 14 1.00000
142.0 85.43080 14 1.00000
142.1 85.52322 14 1.00000
142.2 85.61559 14 1.00000
142.3 85.70786 14 1.00000
142.4 85.80025 14 1.00000
142.5 85.89265 14 1.00000
142.6 85.98504 14 1.00000
142.7 86.07747 14 1.00000
142.8 86.16969 14 1.00000
142.9 86.26201 14 1.00000
143.0 86.35437 14 1.00000
143.1 86.44677 14 1.00000
143.2 86.53912 14 1.00000
143.3 86.63145 14 1.00000
143.4 86.72364 14 1.00000
143.5 86.81596 14 1.00000
143.6 86.90828 14 1.00000
143.7 87.00059 14 1.00000
143.8 87.09284 14 1.00000
143.9 87.18504 14 1.00000
144.0 87.27733 14 1.00000
144.1 87.36961 14 1.00000
144.2 87.46184 14 1.00000
144.3 87.55411 14 1.00000
144.4 87.64637 14 1.00000
144.5 87.73853 14 1.00000
144.6 87.83073 14 1.00000
144.7 87.92297 14 1.00000
144.8 88.01520 14 1.00000
144.9 88.10747 14 1.00000
145.0 88.19969 14 1.00000
145.1 88.29171 14 1.00000
145.2 88.38391 14 1.00000
145.3 88.47615 14 1.00000
145.4 88.56834 14 1.00000
145.5 88.66052 14 1.00000
145.6 88.75269 14 1.00000
145.7 88.84472 14 1.00000
145.8 88.93687 14 1.00000
145.9 89.02903 14 1.00000
146.0 89.12112 14 1.00000
146.1 89.21331 14 1.00000
146.2 89.30525 14 1.00000
146.3 89.39738 14 1.00000
146.4 89.48954 14 1.00000
146.5 89.58160 14 1.00000
146.6 89.67374 14 1.00000
146.7 89.76584 14 1.00000
146.8 89.85787 14 1.00000
146.9 89.94986 14 1.00000
147.0 90.04188 14 1.00000
147.1 90.13399 14 1.00000
147.2 90.22604 14 1.00000
147.3 90.31808 14 1.00000
147.4 90.41013 14 1.00000
147.5 90.50202 14 1.00000
147.6 90.59400 14 1.00000
147.7 90.68602 14 1.00000
147.8 90.77808 14 1.00000
147.9 90.87009 14 1.00000
148.0 90.96209 14 1.00000
148.1 91.05389 14 1.00000
148.2 91.14587 14 1.00000
148.3 91.23785 14 1.00000
148.4 91.32988 14 1.00000
148.5 91.42180 14 1.00000
148.6 91.51376 14 1.00000
148.7 91.60571 14 1.00000
148.8 91.69756 14 1.00000
148.9 91.78945 14 1.00000
149.0 91.88138 14 1.00000
149.1 91.97330 14 1.00000
149.2 92.06527 14 1.00000
149.3 92.15714 14 1.00000
149.4 92.24890 14 1.00000
149.5 92.34085 14 1.00000
149.6 92.43274 14 1.00000
149.7 92.52462 14 1.00000
149.8 92.61646 14 1.00000
149.9 92.70832 14 1.00000
150.0 92.80023 14 1.00000
150.1 92.89195 14 1.00000
150.2 92.98376 14 1.00000
150.3 93.07560 14 1.00000
150.4 93.16748 14 1.00000
150.5 93.25926 14 1.00000
150.6 93.35109 14 1.00000
150.7 93.44290 14 1.00000
150.8 93.53462 14 1.00000
150.9 93.62643 14 1.00000
151.0 93.71822 14 1.00000
151.1 93.80997 14 1.00000
151.2 93.90179 14 1.00000
151.3 93.99352 14 1.00000
151.4 94.08529 14 1.00000
151.5 94.17696 14 1.00000
151.6 94.26872 14 1.00000
151.7 94.36047 14 1.00000
151.8 94.45216 14 1.00000
151.9 94.54390 14 1.00000
152.0 94.63567 14 1.00000
152.1 94.72739 14 1.00000
152.2 94.81906 14 1.00000
152.3 94.91063 14 1.00000
152.4 95.00233 14 1.00000
152.5 95.09407 14 1.00000
152.6 95.18576 14 1.00000
152.7 95.27740 14 1.00000
152.8 95.36912 14 1.00000
152.9 95.46078 14 1.00000
153.0 95.55231 14 1.00000
153.1 95.64391 14 1.00000
153.2 95.73557 14 1.00000
153.3 95.82725 14 1.00000
153.4 95.91888 14 1.00000
153.5 96.01046 14 1.00000
153.6 96.10213 14 1.00000
153.7 96.19370 14 1.00000
153.8 96.28517 14 1.00000
153.9 96.37677 14 1.00000
154.0 96.46841 14 1.00000
154.1 96.55994 14 1.00000
154.2 96.65153 14 1.00000
154.3 96.74315 14 1.00000
154.4 96.83471 14 1.00000
154.5 96.92627 14 1.00000
154.6 97.01769 14 1.00000
154.7 97.10924 14 1.00000
154.8 97.20073 14 1.00000
154.9 97.29226 14 1.00000
155.0 97.38383 14 1.00000
155.1 97.47535 14 1.00000
155.2 97.56682 14 1.00000
155.3 97.65832 14 1.00000
155.4 97.74982 14 1.00000
155.5 97.84118 14 1.00000
155.6 97.93271 14 1.00000
155.7 98.02419 14 1.00000
155.8 98.11562 14 1.00000
155.9 98.20708 14 1.00000
156.0 98.29854 14 1.00000
156.1 98.39004 14 1.00000
156.2 98.48148 14 1.00000
156.3 98.57292 14 1.00000
156.4 98.66422 14 1.00000
156.5 98.75565 14 1.00000
156.6 98.84702 14 1.00000
156.7 98.93847 14 1.00000
156.8 99.02983 14 1.00000
156.9 99.12122 14 1.00000
157.0 99.21267 14 1.00000
157.1 99.30405 14 1.00000
157.2 99.39538 14 1.00000
157.3 99.48662 14 1.00000
157.4 99.57799 14 1.00000
157.5 99.66934 14 1.00000
157.6 99.76070 14 1.00000
157.7 99.85204 14 1.00000
157.8 99.94337 14 1.00000
157.9 100.03476 14 1.00000
158.0 100.12603 14 1.00000
158.1 100.21735 14 1.00000
158.2 100.30853 14 1.00000
158.3 100.39983 14 1.00000
158.4 100.49118 14 1.00000
158.5 100.58247 14 1.00000
158.6 100.67371 14 1.00000
158.7 100.76504 14 1.00000
158.8 100.85626 14 1.00000
158.9 100.94753 14 1.00000
159.0 101.03883 14 1.00000
159.1 101.13008 14 1.00000
159.2 101.22115 14 1.00000
159.3 101.31244 14 1.00000
159.4 101.40362 14 1.00000
159.5 101.49484 14 1.00000
159.6 101.58607 14 1.00000
159.7 101.67728 14 1.00000
159.8 101.76848 14 1.00000
159.9 101.85973 14 1.00000
160.0 101.95092 14 1.00000
160.1 102.04205 14 1.00000
160.2 102.13329 14 1.00000
160.3 102.22433 14 1.00000
160.4 102.31549 14 1.00000
160.5 102.40665 14 1.00000
160.6 102.49776 14 1.00000
160.7 102.58891 14 1.00000
160.8 102.68004 14 1.00000
160.9 102.77122 14 1.00000
161.0 102.86235 14 1.00000
161.1 102.95347 14 1.00000
161.2 103.04453 14 1.00000
161.3 103.13569 14 1.00000
161.4 103.22666 14 1.00000
161.5 103.31770 14 1.00000
161.6 103.40884 14 1.00000
161.7 103.49992 14 1.00000
161.8 103.59095 14 1.00000
161.9 103.68201 14 1.00000
162.0 103.77312 14 1.00000
162.1 103.86413 14 1.00000
162.2 103.95522 14 1.00000
162.3 104.04622 14 1.00000
162.4 104.13730 14 1.00000
162.5 104.22832 14 1.00000
162.6 104.31922 14 1.00000
162.7 104.41024 14 1.00000
162.8 104.50120 14 1.00000
162.9 104.59225 14 1.00000
163.0 104.68320 14 1.00000
163.1 104.77419 14 1.00000
163.2 104.86521 14 1.00000
163.3 104.95615 14 1.00000
163.4 105.04716 14 1.00000
163.5 105.13812 14 1.00000
163.6 105.22903 14 1.00000
163.7 105.32003 14 1.00000
163.8 105.41093 14 1.00000
163.9 105.50174 14 1.00000
164.0 105.59267 14 1.00000
164.1 105.68359 14 1.00000
164.2 105.77451 14 1.00000
164.3 105.86547 14 1.00000
164.4 105.95638 14 1.00000
164.5 106.04727 14 1.00000
164.6 106.13816 14 1.00000
164.7 106.22905 14 1.00000
164.8 106.31992 14 1.00000
164.9 106.41075 14 1.00000
165.0 106.50166 14 1.00000
165.1 106.59252 14 1.00000
165.2 106.68326 14 1.00000
165.3 106.77410 14 1.00000
165.4 106.86489 14 1.00000
165.5 106.95577 14 1.00000
165.6 107.04660 14 1.00000
165.7 107.13743 14 1.00000
165.8 107.22820 14 1.00000
165.9 107.31905 14 1.00000
166.0 107.40985 14 1.00000
166.1 107.50060 14 1.00000
166.2 107.59138 14 1.00000
166.3 107.68222 14 1.00000
166.4 107.77299 14 1.00000
166.5 107.86372 14 1.00000
166.6 107.95453 14 1.00000
166.7 108.04529 14 1.00000
166.8 108.13586 14 1.00000
166.9 108.22665 14 1.00000
167.0 108.31735 14 1.00000
167.1 108.40808 14 1.00000
167.2 108.49886 14 1.00000
167.3 108.58952 14 1.00000
167.4 108.68024 14 1.00000
167.5 108.77094 14 1.00000
167.6 108.86169 14 1.00000
167.7 108.95234 14 1.00000
167.8 109.04303 14 1.00000
167.9 109.13371 14 1.00000
168.0 109.22443 14 1.00000
168.1 109.31505 14 1.00000
168.2 109.40576 14 1.00000
168.3 109.49641 14 1.00000
168.4 109.58702 14 1.00000
168.5 109.67754 14 1.00000
168.6 109.76818 14 1.00000
168.7 109.85881 14 1.00000
168.8 109.94943 14 1.00000
168.9 110.04010 14 1.00000
169.0 110.13071 14 1.00000
169.1 110.22127 14 1.00000
169.2 110.31187 14 1.00000
169.3 110.40251 14 1.00000
169.4 110.49305 14 1.00000
169.5 110.58367 14 1.00000
169.6 110.67425 14 1.00000
169.7 110.76477 14 1.00000
169.8 110.85538 14 1.00000
169.9 110.94588 14 1.00000
170.0 111.03648 14 1.00000
170.1 111.12698 14 1.00000
170.2 111.21751 14 1.00000
170.3 111.30804 14 1.00000
170.4 111.39857 14 1.00000
170.5 111.48914 14 1.00000
170.6 111.57953 14 1.00000
170.7 111.66999 14 1.00000
170.8 111.76049 14 1.00000
170.9 111.85103 14 1.00000
171.0 111.94147 14 1.00000
171.1 112.03200 14 1.00000
171.2 112.12247 14 1.00000
171.3 112.21289 14 1.00000
171.4 112.30335 14 1.00000
171.5 112.39386 14 1.00000
171.6 112.48431 14 1.00000
171.7 112.57471 14 1.00000
171.8 112.66519 14 1.00000
171.9 112.75562 14 1.00000
172.0 112.84600 14 1.00000
172.1 112.93646 14 1.00000
172.2 113.02688 14 1.00000
172.3 113.11724 14 1.00000
172.4 113.20764 14 1.00000
172.5 113.29803 14 1.00000
172.6 113.38847 14 1.00000
172.7 113.47885 14 1.00000
172.8 113.56918 14 1.00000
172.9 113.65960 14 1.00000
173.0 113.74996 14 1.00000
173.1 113.84027 14 1.00000
173.2 113.93050 14 1.00000
173.3 114.02090 14 1.00000
173.4 114.11119 14 1.00000
173.5 114.20152 14 1.00000
173.6 114.29185 14 1.00000
173.7 114.38222 14 1.00000
173.8 114.47253 14 1.00000
173.9 114.56284 14 1.00000
174.0 114.65314 14 1.00000
174.1 114.74345 14 1.00000
174.2 114.83369 14 1.00000
174.3 114.92397 14 1.00000
174.4 115.01425 14 1.00000
174.5 115.10452 14 1.00000
174.6 115.19484 14 1.00000
174.7 115.28510 14 1.00000
174.8 115.37535 14 1.00000
174.9 115.46555 14 1.00000
175.0 115.55579 14 1.00000
175.1 115.64608 14 1.00000
175.2 115.73626 14 1.00000
175.3 115.82648 14 1.00000
175.4 115.91675 14 1.00000
175.5 116.00697 14 1.00000
175.6 116.09717 14 1.00000
175.7 116.18737 14 1.00000
175.8 116.27757 14 1.00000
175.9 116.36775 14 1.00000
176.0 116.45793 14 1.00000
176.1 116.54811 14 1.00000
176.2 116.63828 14 1.00000
176.3 116.72840 14 1.00000
176.4 116.81860 14 1.00000
176.5 116.90871 14 1.00000
176.6 116.99886 14 1.00000
176.7 117.08904 14 1.00000
176.8 117.17913 14 1.00000
176.9 117.26926 14 1.00000
177.0 117.35938 14 1.00000
177.1 117.44954 14 1.00000
177.2 117.53965 14 1.00000
177.3 117.62976 14 1.00000
177.4 117.71986 14 1.00000
177.5 117.80995 14 1.00000
177.6 117.89999 14 1.00000
177.7 117.98995 14 1.00000
177.8 118.08003 14 1.00000
177.9 118.17010 14 1.00000
178.0 118.26021 14 1.00000
178.1 118.35022 14 1.00000
178.2 118.44027 14 1.00000
178.3 118.53032 14 1.00000
178.4 118.62040 14 1.00000
178.5 118.71039 14 1.00000
178.6 118.80042 14 1.00000
178.7 118.89044 14 1.00000
178.8 118.98050 14 1.00000
178.9 119.07051 14 1.00000
179.0 119.16047 14 1.00000
179.1 119.25051 14 1.00000
179.2 119.34046 14 1.00000
179.3 119.43049 14 1.00000
179.4 119.52047 14 1.00000
179.5 119.61040 14 1.00000
179.6 119.70042 14 1.00000
179.7 119.79038 14 1.00000
179.8 119.88033 14 1.00000
179.9 119.97024 14 1.00000
180.0 120.06023 14 1.00000
180.1 120.15017 14 1.00000
180.2 120.24006 14 1.00000
180.3 120.33003 14 1.00000
180.4 120.41996 14 1.00000
180.5 120.50983 14 1.00000
180.6 120.59978 14 1.00000
180.7 120.68964 14 1.00000
180.8 120.77959 14 1.00000
180.9 120.86948 14 1.00000
181.0 120.95932 14 1.00000
181.1 121.04925 14 1.00000
181.2 121.13912 14 1.00000
181.3 121.22895 14 1.00000
181.4 121.31882 14 1.00000
181.5 121.40872 14 1.00000
181.6 121.49857 14 1.00000
181.7 121.58842 14 1.00000
181.8 121.67822 14 1.00000
181.9 121.76810 14 1.00000
182.0 121.85788 14 1.00000
182.1 121.94775 14 1.00000
182.2 122.03757 14 1.00000
182.3 122.12733 14 1.00000
182.4 122.21719 14 1.00000
182.5 122.30694 14 1.00000
182.6 122.39678 14 1.00000
182.7 122.48653 14 1.00000
182.8 122.57631 14 1.00000
182.9 122.66612 14 1.00000
183.0 122.75591 14 1.00000
183.1 122.84567 14 1.00000
183.2 122.93549 14 1.00000
183.3 123.02525 14 1.00000
183.4 123.11504 14 1.00000
183.5 123.20479 14 1.00000
183.6 123.29453 14 1.00000
183.7 123.38422 14 1.00000
183.8 123.47394 14 1.00000
183.9 123.56366 14 1.00000
184.0 123.65337 14 1.00000
184.1 123.74309 14 1.00000
184.2 123.83279 14 1.00000
184.3 123.92249 14 1.00000
184.4 124.01218 14 1.00000
184.5 124.10191 14 1.00000
184.6 124.19155 14 1.00000
184.7 124.28123 14 1.00000
184.8 124.37090 14 1.00000
184.9 124.46061 14 1.00000
185.0 124.55022 14 1.00000
185.1 124.63992 14 1.00000
185.2 124.72952 14 1.00000
185.3 124.81921 14 1.00000
185.4 124.90884 14 1.00000
185.5 124.99843 14 1.00000
185.6 125.08810 14 1.00000
185.7 125.17772 14 1.00000
185.8 125.26733 14 1.00000
185.9 125.35694 14 1.00000
186.0 125.44650 14 1.00000
186.1 125.53614 14 1.00000
186.2 125.62569 14 1.00000
186.3 125.71527 14 1.00000
186.4 125.80485 14 1.00000
186.5 125.89442 14 1.00000
186.6 125.98404 14 1.00000
186.7 126.07361 14 1.00000
186.8 126.16312 14 1.00000
186.9 126.25272 14 1.00000
187.0 126.34226 14 1.00000
187.1 126.43176 14 1.00000
187.2 126.52129 14 1.00000
187.3 126.61087 14 1.00000
187.4 126.70035 14 1.00000
187.5 126.78991 14 1.00000
187.6 126.87938 14 1.00000
187.7 126.96904 14 1.00000
187.8 127.05849 14 1.00000
187.9 127.14801 14 1.00000
188.0 127.23753 14 1.00000
188.1 127.32702 14 1.00000
188.2 127.41650 14 1.00000
188.3 127.50597 14 1.00000
188.4 127.59544 14 1.00000
188.5 127.68491 14 1.00000
188.6 127.77436 14 1.00000
188.7 127.86377 14 1.00000
188.8 127.95326 14 1.00000
188.9 128.04266 14 1.00000
189.0 128.13210 14 1.00000
189.1 128.22157 14 1.00000
189.2 128.31100 14 1.00000
189.3 128.40038 14 1.00000
189.4 128.48979 14 1.00000
189.5 128.57924 14 1.00000
189.6 128.66859 14 1.00000
189.7 128.75800 14 1.00000
189.8 128.84740 14 1.00000
189.9 128.93678 14 1.00000
190.0 129.02615 14 1.00000
190.1 129.11554 14 1.00000
190.2 129.20491 14 1.00000
190.3 129.29442 14 1.00000
190.4 129.38374 14 1.00000
190.5 129.47314 14 1.00000
190.6 129.56248 14 1.00000
190.7 129.65182 14 1.00000
190.8 129.74117 14 1.00000
190.9 129.83046 14 1.00000
191.0 129.91983 14 1.00000
191.1 130.00916 14 1.00000
191.2 130.09846 14 1.00000
191.3 130.18773 14 1.00000
191.4 130.27704 14 1.00000
191.5 130.36639 14 1.00000
191.6 130.45564 14 1.00000
191.7 130.54497 14 1.00000
191.8 130.63426 14 1.00000
191.9 130.72354 14 1.00000
192.0 130.81276 14 1.00000
192.1 130.90208 14 1.00000
192.2 130.99133 14 1.00000
192.3 131.08066 14 1.00000
192.4 131.16995 14 1.00000
192.5 131.25920 14 1.00000
192.6 131.34839 14 1.00000
192.7 131.43768 14 1.00000
192.8 131.52692 14 1.00000
192.9 131.61609 14 1.00000
193.0 131.70531 14 1.00000
193.1 131.79457 14 1.00000
193.2 131.88373 14 1.00000
193.3 131.97298 14 1.00000
193.4 132.06218 14 1.00000
193.5 132.15134 14 1.00000
193.6 132.24052 14 1.00000
193.7 132.32974 14 1.00000
193.8 132.41888 14 1.00000
193.9 132.50810 14 1.00000
194.0 132.59721 14 1.00000
194.1 132.68648 14 1.00000
194.2 132.77568 14 1.00000
194.3 132.86479 14 1.00000
194.4 132.95393 14 1.00000
194.5 133.04308 14 1.00000
194.6 133.13226 14 1.00000
194.7 133.22139 14 1.00000
194.8 133.31052 14 1.00000
194.9 133.39963 14 1.00000
195.0 133.48869 14 1.00000
195.1 133.57780 14 1.00000
195.2 133.66696 14 1.00000
195.3 133.75606 14 1.00000
195.4 133.84515 14 1.00000
195.5 133.93423 14 1.00000
195.6 134.02342 14 1.00000
195.7 134.11250 14 1.00000
195.8 134.20152 14 1.00000
195.9 134.29063 14 1.00000
196.0 134.37970 14 1.00000
196.1 134.46870 14 1.00000
196.2 134.55775 14 1.00000
196.3 134.64685 14 1.00000
196.4 134.73590 14 1.00000
196.5 134.82489 14 1.00000
196.6 134.91396 14 1.00000
196.7 135.00299 14 1.00000
196.8 135.09201 14 1.00000
196.9 135.18097 14 1.00000
197.0 135.27010 14 1.00000
197.1 135.35909 14 1.00000
197.2 135.44814 14 1.00000
197.3 135.53712 14 1.00000
197.4 135.62611 14 1.00000
197.5 135.71506 14 1.00000
197.6 135.80403 14 1.00000
197.7 135.89301 14 1.00000
197.8 135.98198 14 1.00000
197.9 136.07098 14 1.00000
198.0 136.15990 14 1.00000
198.1 136.24890 14 1.00000
198.2 136.33795 14 1.00000
198.3 136.42683 14 1.00000
198.4 136.51578 14 1.00000
198.5 136.60475 14 1.00000
198.6 136.69363 14 1.00000
198.7 136.78261 14 1.00000
198.8 136.87148 14 1.00000
198.9 136.96043 14 1.00000
199.0 137.04935 14 1.00000
199.1 137.13824 14 1.00000
199.2 137.22710 14 1.00000
199.3 137.31598 14 1.00000
199.4 137.40497 14 1.00000
199.5 137.49390 14 1.00000
199.6 137.58278 14 1.00000
199.7 137.67165 14 1.00000
199.8 137.76047 14 1.00000
199.9 137.84932 14 1.00000
200.0 137.93817 14 1.00000
200.1 138.02702 14 1.00000
200.2 138.11588 14 1.00000
200.3 138.20476 14 1.00000
200.4 138.29355 14 1.00000
200.5 138.38248 14 1.00000
200.6 138.47134 14 1.00000
200.7 138.56017 14 1.00000
200.8 138.64899 14 1.00000
200.9 138.73775 14 1.00000
201.0 138.82655 14 1.00000
201.1 138.91541 14 1.00000
201.2 139.00420 14 1.00000
201.3 139.09299 14 1.00000
201.4 139.18176 14 1.00000
201.5 139.27060 14 1.00000
201.6 139.35942 14 1.00000
201.7 139.44820 14 1.00000
201.8 139.53696 14 1.00000
201.9 139.62567 14 1.00000
202.0 139.71442 14 1.00000
202.1 139.80322 14 1.00000
202.2 139.89192 14 1.00000
202.3 139.98070 14 1.00000
202.4 140.06940 14 1.00000
202.5 140.15826 14 1.00000
202.6 140.24698 14 1.00000
202.7 140.33566 14 1.00000
202.8 140.42442 14 1.00000
202.9 140.51308 14 1.00000
203.0 140.60184 14 1.00000
203.1 140.69054 14 1.00000
203.2 140.77922 14 1.00000
203.3 140.86787 14 1.00000
203.4 140.95656 14 1.00000
203.5 141.04533 14 1.00000
203.6 141.13405 14 1.00000
203.7 141.22267 14 1.00000
203.8 141.31139 14 1.00000
203.9 141.39999 14 1.00000
204.0 141.48865 14 1.00000
204.1 141.57730 14 1.00000
204.2 141.66600 14 1.00000
204.3 141.75464 14 1.00000
204.4 141.84332 14 1.00000
204.5 141.93195 14 1.00000
204.6 142.02061 14 1.00000
204.7 142.10924 14 1.00000
204.8 142.19781 14 1.00000
204.9 142.28642 14 1.00000
205.0 142.37508 14 1.00000
205.1 142.46367 14 1.00000
205.2 142.55231 14 1.00000
205.3 142.64090 14 1.00000
205.4 142.72949 14 1.00000
205.5 142.81812 14 1.00000
205.6 142.90669 14 1.00000
205.7 142.99522 14 1.00000
205.8 143.08383 14 1.00000
205.9 143.17239 14 1.00000
206.0 143.26105 14 1.00000
206.1 143.34959 14 1.00000
206.2 143.43814 14 1.00000
206.3 143.52664 14 1.00000
206.4 143.61522 14 1.00000
206.5 143.70375 14 1.00000
206.6 143.79224 14 1.00000
206.7 143.88075 14 1.00000
206.8 143.96941 14 1.00000
206.9 144.05792 14 1.00000
207.0 144.14642 14 1.00000
207.1 144.23492 14 1.00000
207.2 144.32338 14 1.00000
207.3 144.41193 14 1.00000
207.4 144.50041 14 1.00000
207.5 144.58890 14 1.00000
207.6 144.67741 14 1.00000
207.7 144.76593 14 1.00000
207.8 144.85440 14 1.00000
207.9 144.94287 14 1.00000
208.0 145.03128 14 1.00000
208.1 145.11974 14 1.00000
208.2 145.20819 14 1.00000
208.3 145.29668 14 1.00000
208.4 145.38521 14 1.00000
208.5 145.47365 14 1.00000
208.6 145.56207 14 1.00000
208.7 145.65050 14 1.00000
208.8 145.73892 14 1.00000
208.9 145.82729 14 1.00000
209.0 145.91574 14 1.00000
209.1 146.00424 14 1.00000
209.2 146.09265 14 1.00000
209.3 146.18105 14 1.00000
209.4 146.26944 14 1.00000
209.5 146.35777 14 1.00000
209.6 146.44620 14 1.00000
209.7 146.53453 14 1.00000
209.8 146.62305 14 1.00000
209.9 146.71136 14 1.00000
210.0 146.79973 14 1.00000
210.1 146.88809 14 1.00000
210.2 146.97644 14 1.00000
210.3 147.06479 14 1.00000
210.4 147.15314 14 1.00000
210.5 147.24156 14 1.00000
210.6 147.32994 14 1.00000
210.7 147.41827 14 1.00000
210.8 147.50656 14 1.00000
210.9 147.59491 14 1.00000
211.0 147.68318 14 1.00000
211.1 147.77164 14 1.00000
211.2 147.85989 14 1.00000
211.3 147.94824 14 1.00000
211.4 148.03648 14 1.00000
211.5 148.12479 14 1.00000
211.6 148.21307 14 1.00000
211.7 148.30135 14 1.00000
211.8 148.38971 14 1.00000
211.9 148.47803 14 1.00000
212.0 148.56624 14 1.00000
212.1 148.65451 14 1.00000
212.2 148.74277 14 1.00000
212.3 148.83102 14 1.00000
212.4 148.91940 14 1.00000
212.5 149.00760 14 1.00000
212.6 149.09584 14 1.00000
212.7 149.18408 14 1.00000
212.8 149.27235 14 1.00000
212.9 149.36058 14 1.00000
213.0 149.44888 14 1.00000
213.1 149.53711 14 1.00000
213.2 149.62527 14 1.00000
213.3 149.71352 14 1.00000
213.4 149.80168 14 1.00000
213.5 149.88992 14 1.00000
213.6 149.97816 14 1.00000
213.7 150.06635 14 1.00000
213.8 150.15453 14 1.00000
213.9 150.24275 14 1.00000
214.0 150.33093 14 1.00000
214.1 150.41910 14 1.00000
214.2 150.50735 14 1.00000
214.3 150.59552 14 1.00000
214.4 150.68367 14 1.00000
214.5 150.77177 14 1.00000
214.6 150.85992 14 1.00000
214.7 150.94810 14 1.00000
214.8 151.03633 14 1.00000
214.9 151.12442 14 1.00000
215.0 151.21259 14 1.00000
215.1 151.30072 14 1.00000
215.2 151.38884 14 1.00000
215.3 151.47704 14 1.00000
215.4 151.56509 14 1.00000
215.5 151.65324 14 1.00000
215.6 151.74130 14 1.00000
215.7 151.82944 14 1.00000
215.8 151.91754 14 1.00000
215.9 152.00571 14 1.00000
216.0 152.09380 14 1.00000
216.1 152.18182 14 1.00000
216.2 152.26990 14 1.00000
216.3 152.35800 14 1.00000
216.4 152.44612 14 1.00000
216.5 152.53423 14 1.00000
216.6 152.62225 14 1.00000
216.7 152.71028 14 1.00000
216.8 152.79837 14 1.00000
216.9 152.88644 14 1.00000
217.0 152.97449 14 1.00000
217.1 153.06252 14 1.00000
217.2 153.15054 14 1.00000
217.3 153.23860 14 1.00000
217.4 153.32663 14 1.00000
217.5 153.41472 14 1.00000
217.6 153.50273 14 1.00000
217.7 153.59073 14 1.00000
217.8 153.67870 14 1.00000
217.9 153.76668 14 1.00000
218.0 153.85481 14 1.00000
218.1 153.94279 14 1.00000
218.2 154.03078 14 1.00000
218.3 154.11874 14 1.00000
218.4 154.20673 14 1.00000
218.5 154.29477 14 1.00000
218.6 154.38269 14 1.00000
218.7 154.47069 14 1.00000
218.8 154.55865 14 1.00000
218.9 154.64664 14 1.00000
219.0 154.73463 14 1.00000
219.1 154.82253 14 1.00000
219.2 154.91046 14 1.00000
219.3 154.99843 14 1.00000
219.4 155.08644 14 1.00000
219.5 155.17436 14 1.00000
219.6 155.26224 14 1.00000
219.7 155.35016 14 1.00000
219.8 155.43806 14 1.00000
219.9 155.52609 14 1.00000
220.0 155.61395 14 1.00000
220.1 155.70189 14 1.00000
220.2 155.78973 14 1.00000
220.3 155.87767 14 1.00000
220.4 155.96564 14 1.00000
220.5 156.05347 14 1.00000
220.6 156.14139 14 1.00000
220.7 156.22925 14 1.00000
220.8 156.31720 14 1.00000
220.9 156.40501 14 1.00000
221.0 156.49286 14 1.00000
221.1 156.58076 14 1.00000
221.2 156.66856 14 1.00000
221.3 156.75648 14 1.00000
221.4 156.84433 14 1.00000
221.5 156.93221 14 1.00000
221.6 157.02003 14 1.00000
221.7 157.10789 14 1.00000
221.8 157.19576 14 1.00000
221.9 157.28352 14 1.00000
222.0 157.37134 14 1.00000
222.1 157.45927 14 1.00000
222.2 157.54707 14 1.00000
222.3 157.63483 14 1.00000
222.4 157.72266 14 1.00000
222.5 157.81044 14 1.00000
222.6 157.89827 14 1.00000
222.7 157.98610 14 1.00000
222.8 158.07382 14 1.00000
222.9 158.16164 14 1.00000
223.0 158.24948 14 1.00000
223.1 158.33725 14 1.00000
223.2 158.42496 14 1.00000
223.3 158.51271 14 1.00000
223.4 158.60059 14 1.00000
223.5 158.68832 14 1.00000
223.6 158.77606 14 1.00000
223.7 158.86380 14 1.00000
223.8 158.95157 14 1.00000
223.9 159.03934 14 1.00000
224.0 159.12701 14 1.00000
224.1 159.21478 14 1.00000
224.2 159.30254 14 1.00000
224.3 159.39024 14 1.00000
224.4 159.47798 14 1.00000
224.5 159.56564 14 1.00000
224.6 159.65346 14 1.00000
224.7 159.74115 14 1.00000
224.8 159.82884 14 1.00000
224.9 159.91652 14 1.00000
225.0 160.00429 14 1.00000
225.1 160.09190 14 1.00000
225.2 160.17958 14 1.00000
225.3 160.26729 14 1.00000
225.4 160.35498 14 1.00000
225.5 160.44269 14 1.00000
225.6 160.53030 14 1.00000
225.7 160.61807 14 1.00000
225.8 160.70566 14 1.00000
225.9 160.79330 14 1.00000
226.0 160.88094 14 1.00000
226.1 160.96864 14 1.00000
226.2 161.05632 14 1.00000
226.3 161.14394 14 1.00000
226.4 161.23151 14 1.00000
226.5 161.31920 14 1.00000
226.6 161.40680 14 1.00000
226.7 161.49442 14 1.00000
226.8 161.58209 14 1.00000
226.9 161.66972 14 1.00000
227.0 161.75732 14 1.00000
227.1 161.84486 14 1.00000
227.2 161.93253 14 1.00000
227.3 162.02014 14 1.00000
227.4 162.10771 14 1.00000
227.5 162.19528 14 1.00000
227.6 162.28293 14 1.00000
227.7 162.37048 14 1.00000
227.8 162.45799 14 1.00000
227.9 162.54564 14 1.00000
228.0 162.63322 14 1.00000
228.1 162.72072 14 1.00000
228.2 162.80840 14 1.00000
228.3 162.89587 14 1.00000
228.4 162.98340 14 1.00000
228.5 163.07097 14 1.00000
228.6 163.15854 14 1.00000
228.7 163.24608 14 1.00000
228.8 163.33356 14 1.00000
228.9 163.42116 14 1.00000
229.0 163.50870 14 1.00000
229.1 163.59615 14 1.00000
229.2 163.68369 14 1.00000
229.3 163.77122 14 1.00000
229.4 163.85870 14 1.00000
229.5 163.94623 14 1.00000
229.6 164.03375 14 1.00000
229.7 164.12122 14 1.00000
229.8 164.20874 14 1.00000
229.9 164.29623 14 1.00000
230.0 164.38374 14 1.00000
230.1 164.47115 14 1.00000
230.2 164.55869 14 1.00000
230.3 164.64618 14 1.00000
230.4 164.73363 14 1.00000
230.5 164.82109 14 1.00000
230.6 164.90857 14 1.00000
230.7 164.99596 14 1.00000
230.8 165.08351 14 1.00000
230.9 165.17090 14 1.00000
231.0 165.25832 14 1.00000
231.1 165.34576 14 1.00000
231.2 165.43321 14 1.00000
231.3 165.52061 14 1.00000
231.4 165.60806 14 1.00000
231.5 165.69550 14 1.00000
231.6 165.78293 14 1.00000
231.7 165.87032 14 1.00000
231.8 165.95775 14 1.00000
231.9 166.04512 14 1.00000
232.0 166.13249 14 1.00000
232.1 166.21996 14 1.00000
232.2 166.30736 14 1.00000
232.3 166.39481 14 1.00000
232.4 166.48212 14 1.00000
232.5 166.56952 14 1.00000
232.6 166.65695 14 1.00000
232.7 166.74425 14 1.00000
232.8 166.83163 14 1.00000
232.9 166.91905 14 1.00000
233.0 167.00638 14 1.00000
233.1 167.09372 14 1.00000
233.2 167.18112 14 1.00000
233.3 167.26839 14 1.00000
233.4 167.35573 14 1.00000
233.5 167.44315 14 1.00000
233.6 167.53046 14 1.00000
233.7 167.61771 14 1.00000
233.8 167.70514 14 1.00000
233.9 167.79239 14 1.00000
234.0 167.87981 14 1.00000
234.1 167.96704 14 1.00000
234.2 168.05437 14 1.00000
234.3 168.14174 14 1.00000
234.4 168.22900 14 1.00000
234.5 168.31622 14 1.00000
234.6 168.40363 14 1.00000
234.7 168.49084 14 1.00000
234.8 168.57822 14 1.00000
234.9 168.66544 14 1.00000
235.0 168.75270 14 1.00000
235.1 168.84004 14 1.00000
235.2 168.92729 14 1.00000
235.3 169.01456 14 1.00000
235.4 169.10179 14 1.00000
235.5 169.18903 14 1.00000
235.6 169.27632 14 1.00000
235.7 169.36359 14 1.00000
235.8 169.45081 14 1.00000
235.9 169.53810 14 1.00000
236.0 169.62526 14 1.00000
236.1 169.71254 14 1.00000
236.2 169.79979 14 1.00000
236.3 169.88698 14 1.00000
236.4 169.97424 14 1.00000
236.5 170.06139 14 1.00000
236.6 170.14867 14 1.00000
236.7 170.23587 14 1.00000
236.8 170.32314 14 1.00000
236.9 170.41029 14 1.00000
237.0 170.49747 14 1.00000
237.1 170.58470 14 1.00000
237.2 170.67181 14 1.00000
237.3 170.75909 14 1.00000
237.4 170.84625 14 1.00000
237.5 170.93335 14 1.00000
237.6 171.02061 14 1.00000
237.7 171.10770 14 1.00000
237.8 171.19496 14 1.00000
237.9 171.28204 14 1.00000
238.0 171.36929 14 1.00000
238.1 171.45636 14 1.00000
238.2 171.54356 14 1.00000
238.3 171.63072 14 1.00000
238.4 171.71782 14 1.00000
238.5 171.80496 14 1.00000
238.6 171.89206 14 1.00000
238.7 171.97928 14 1.00000
238.8 172.06633 14 1.00000
238.9 172.15353 14 1.00000
239.0 172.24063 14 1.00000
239.1 172.32779 14 1.00000
239.2 172.41481 14 1.00000
239.3 172.50201 14 1.00000
239.4 172.58908 14 1.00000
239.5 172.67609 14 1.00000
239.6 172.76328 14 1.00000
239.7 172.85033 14 1.00000
239.8 172.93741 14 1.00000
239.9 173.02451 14 1.00000
240.0 173.11162 14 1.00000
240.1 173.19867 14 1.00000
240.2 173.28578 14 1.00000
240.3 173.37276 14 1.00000
240.4 173.45992 14 1.00000
240.5 173.54694 14 1.00000
240.6 173.63399 14 1.00000
240.7 173.72099 14 1.00000
240.8 173.80814 14 1.00000
240.9 173.89510 14 1.00000
241.0 173.98221 14 1.00000
241.1 174.06917 14 1.00000
241.2 174.15628 14 1.00000
241.3 174.24323 14 1.00000
241.4 174.33034 14 1.00000
241.5 174.41730 14 1.00000
241.6 174.50438 14 1.00000
241.7 174.59129 14 1.00000
241.8 174.67834 14 1.00000
241.9 174.76544 14 1.00000
242.0 174.85240 14 1.00000
242.1 174.93944 14 1.00000
242.2 175.02638 14 1.00000
242.3 175.11336 14 1.00000
242.4 175.20035 14 1.00000
242.5 175.28737 14 1.00000
242.6 175.37427 14 1.00000
242.7 175.46127 14 1.00000
242.8 175.54820 14 1.00000
242.9 175.63525 14 1.00000
243.0 175.72224 14 1.00000
243.1 175.80911 14 1.00000
243.2 175.89610 14 1.00000
243.3 175.98302 14 1.00000
243.4 176.06999 14 1.00000
243.5 176.15694 14 1.00000
243.6 176.24391 14 1.00000
243.7 176.33084 14 1.00000
243.8 176.41777 14 1.00000
243.9 176.50468 14 1.00000
244.0 176.59157 14 1.00000
244.1 176.67853 14 1.00000
244.2 176.76552 14 1.00000
244.3 176.85234 14 1.00000
244.4 176.93929 14 1.00000
244.5 177.02614 14 1.00000
244.6 177.11308 14 1.00000
244.7 177.20004 14 1.00000
244.8 177.28688 14 1.00000
244.9 177.37378 14 1.00000
245.0 177.46062 14 1.00000
245.1 177.54758 14 1.00000
245.2 177.63448 14 1.00000
245.3 177.72127 14 1.00000
245.4 177.80821 14 1.00000
245.5 177.89511 14 1.00000
245.6 177.98192 14 1.00000
245.7 178.06877 14 1.00000
245.8 178.15570 14 1.00000
245.9 178.24249 14 1.00000
246.0 178.32938 14 1.00000
246.1 178.41624 14 1.00000
246.2 178.50304 14 1.00000
246.3 178.58986 14 1.00000
246.4 178.67676 14 1.00000
246.5 178.76353 14 1.00000
246.6 178.85036 14 1.00000
246.7 178.93724 14 1.00000
246.8 179.02405 14 1.00000
246.9 179.11081 14 1.00000
247.0 179.19765 14 1.00000
247.1 179.28447 14 1.00000
247.2 179.37128 14 1.00000
247.3 179.45805 14 1.00000
247.4 179.54488 14 1.00000
247.5 179.63168 14 1.00000
247.6 179.71843 14 1.00000
247.7 179.80528 14 1.00000
247.8 179.89209 14 1.00000
247.9 179.97888 14 1.00000
248.0 180.06567 14 1.00000
248.1 180.15239 14 1.00000
248.2 180.23918 14 1.00000
248.3 180.32597 14 1.00000
248.4 180.41270 14 1.00000
248.5 180.49945 14 1.00000
248.6 180.58618 14 1.00000
248.7 180.67294 14 1.00000
248.8 180.75975 14 1.00000
248.9 180.84651 14 1.00000
249.0 180.93323 14 1.00000
249.1 181.01990 14 1.00000
249.2 181.10664 14 1.00000
249.3 181.19344 14 1.00000
249.4 181.28018 14 1.00000
249.5 181.36687 14 1.00000
249.6 181.45360 14 1.00000
249.7 181.54037 14 1.00000
249.8 181.62706 14 1.00000
249.9 181.71375 14 1.00000
250.0 181.80042 14 1.00000
