15.0 1.43878 13 0.04393
15.1 1.44639 13 0.04431
15.2 1.45399 13 0.04468
15.3 1.46160 13 0.04505
15.4 1.46920 13 0.04541
15.5 1.47680 13 0.04572
15.6 1.48440 13 0.04608
15.7 1.49201 13 0.04643
15.8 1.49961 13 0.04678
15.9 1.50721 13 0.04712
16.0 1.51481 13 0.04746
16.1 1.52241 13 0.04779
16.2 1.53000 13 0.04812
16.3 1.53760 13 0.04845
16.4 1.54520 13 0.04877
16.5 1.55279 13 0.04909
16.6 1.56039 13 0.04941
16.7 1.56798 13 0.04972
16.8 1.57557 13 0.05003
16.9 1.58317 13 0.05034
17.0 1.59076 13 0.05064
17.1 1.59835 13 0.05094
17.2 1.60593 13 0.05117
17.3 1.61352 13 0.05146
17.4 1.62111 13 0.05175
17.5 1.62869 13 0.05204
17.6 1.63627 13 0.05232
17.7 1.64385 13 0.05260
17.8 1.65144 13 0.05288
17.9 1.65901 13 0.05315
18.0 1.66659 13 0.05342
18.1 1.67417 13 0.05369
18.2 1.68174 13 0.05396
18.3 1.68932 13 0.05422
18.4 1.69689 13 0.05448
18.5 1.70446 13 0.05474
18.6 1.71203 13 0.05500
18.7 1.71959 13 0.05525
18.8 1.72771 13 0.05555
18.9 1.73995 13 0.05616
19.0 1.75229 13 0.05677
19.1 1.76472 13 0.05738
19.2 1.77724 13 0.05800
19.3 1.78985 13 0.05862
19.4 1.80256 13 0.05934
19.5 1.81536 13 0.05996
19.6 1.82826 13 0.06059
19.7 1.84125 13 0.06122
19.8 1.85434 13 0.06186
19.9 1.86753 13 0.06250
20.0 1.88081 13 0.06314
20.1 1.89419 13 0.06378
20.2 1.90767 13 0.06453
20.3 1.92124 13 0.06518
20.4 17.52061 14 1.00000
20.5 17.59689 14 1.00000
20.6 17.67283 14 1.00000
20.7 17.74868 14 1.00000
20.8 17.82440 14 1.00000
20.9 17.89994 14 1.00000
21.0 17.94779 14 1.00000
21.1 18.02377 14 1.00000
21.2 18.09969 14 1.00000
21.3 18.17431 14 1.00000
21.4 18.24874 14 1.00000
21.5 18.32300 14 1.00000
21.6 18.39706 14 1.00000
21.7 18.47096 14 1.00000
21.8 18.51488 14 1.00000
21.9 18.58921 14 1.00000
22.0 18.66339 14 1.00000
22.1 18.73631 14 1.00000
22.2 18.80905 14 1.00000
22.3 18.88115 14 1.00000
22.4 18.95290 14 1.00000
22.5 19.02445 14 1.00000
22.6 19.06542 14 1.00000
22.7 19.13950 14 1.00000
22.8 19.21081 14 1.00000
22.9 19.28129 14 1.00000
23.0 19.35168 14 1.00000
23.1 19.42175 14 1.00000
23.2 19.49162 14 1.00000
23.3 5.52411 14 0.24779
23.4 5.63459 14 0.25320
23.5 5.74653 14 0.25819
23.6 5.85979 14 0.26326
23.7 5.97439 14 0.26837
23.8 6.09032 14 0.27351
23.9 6.20759 14 0.27869
24.0 6.32620 14 0.28390
24.1 6.44392 14 0.28955
24.2 6.56492 14 0.29484
24.3 6.68750 14 0.30012
24.4 6.81118 14 0.30548
24.5 6.93620 14 0.31087
24.6 7.06254 14 0.31630
24.7 7.19017 14 0.32176
24.8 7.31912 14 0.32726
24.9 7.44483 14 0.33316
25.0 7.57655 14 0.33870
25.1 7.70932 14 0.34429
25.2 7.84332 14 0.34992
25.3 7.97864 14 0.35559
25.4 8.11521 14 0.36129
25.5 8.25307 14 0.36703
25.6 8.39222 14 0.37281
25.7 8.52551 14 0.37895
25.8 8.66782 14 0.38475
25.9 8.81070 14 0.39061
26.0 8.95489 14 0.39651
26.1 9.10028 14 0.40245
26.2 9.24692 14 0.40842
26.3 9.39484 14 0.41442
26.4 9.53425 14 0.42077
26.5 9.68464 14 0.42683
26.6 9.83717 14 0.43289
26.7 9.99008 14 0.43902
26.8 10.14423 14 0.44518
26.9 10.29943 14 0.45138
27.0 10.45598 14 0.45760
27.1 10.61377 14 0.46386
27.2 10.75974 14 0.47044
27.3 10.92134 14 0.47672
27.4 11.08279 14 0.48307
27.5 11.24542 14 0.48945
27.6 11.40930 14 0.49586
27.7 11.57413 14 0.50231
27.8 11.74033 14 0.50879
27.9 11.89129 14 0.51556
28.0 12.05958 14 0.52210
28.1 12.23134 14 0.52863
28.2 12.40227 14 0.53522
28.3 12.57440 14 0.54185
28.4 12.74777 14 0.54851
28.5 12.92201 14 0.55520
28.6 13.07731 14 0.56217
28.7 13.25373 14 0.56891
28.8 13.43388 14 0.57566
28.9 13.61284 14 0.58247
29.0 13.79301 14 0.58931
29.1 13.97435 14 0.59618
29.2 14.15692 14 0.60307
29.3 14.34041 14 0.61000
29.4 14.49995 14 0.61719
29.5 14.68523 14 0.62417
29.6 14.87502 14 0.63116
29.7 15.06292 14 0.63821
29.8 15.25199 14 0.64528
29.9 15.44223 14 0.65239
30.0 15.63358 14 0.65952
30.1 15.79598 14 0.66689
30.2 15.98870 14 0.67408
30.3 16.18460 14 0.68129
30.4 16.38168 14 0.68853
30.5 16.57816 14 0.69581
30.6 16.77573 14 0.70312
30.7 16.97438 14 0.71046
30.8 17.17397 14 0.71783
30.9 17.33848 14 0.72539
31.0 17.53985 14 0.73282
31.1 17.74694 14 0.74025
31.2 17.95008 14 0.74773
31.3 18.15462 14 0.75524
31.4 18.36020 14 0.76278
31.5 18.56668 14 0.77035
31.6 18.77416 14 0.77795
31.7 18.93930 14 0.78572
31.8 19.14839 14 0.79337
31.9 19.36415 14 0.80103
32.0 19.57580 14 0.80874
32.1 19.78783 14 0.81648
32.2 20.00073 14 0.82425
32.3 20.21462 14 0.83205
32.4 20.37814 14 0.83998
32.5 20.59349 14 0.84783
32.6 20.81047 14 0.85571
32.7 21.03380 14 0.86360
32.8 21.25245 14 0.87154
32.9 21.47189 14 0.87950
33.0 21.69239 14 0.88749
33.1 21.91368 14 0.89552
33.2 22.07363 14 0.90364
33.3 22.29550 14 0.91171
33.4 22.52086 14 0.91981
33.5 22.75021 14 0.92793
33.6 22.97519 14 0.93609
33.7 23.20102 14 0.94428
33.8 23.42789 14 0.95250
33.9 23.58478 14 0.96077
34.0 23.81186 14 0.96904
34.1 24.03965 14 0.97733
34.2 24.27698 14 0.98565
34.3 24.50698 14 0.99400
34.4 24.68101 14 1.00000
34.5 24.71239 14 1.00000
34.6 24.74336 14 1.00000
34.7 24.69549 14 1.00000
34.8 24.72485 14 1.00000
34.9 24.75370 14 1.00000
35.0 24.78523 14 1.00000
35.1 24.81980 14 1.00000
35.2 24.84775 14 1.00000
35.3 24.75263 14 1.00000
35.4 24.69858 14 1.00000
35.5 24.72513 14 1.00000
35.6 24.75120 14 1.00000
35.7 24.77690 14 1.00000
35.8 24.66696 14 1.00000
35.9 24.70247 14 1.00000
36.0 24.72763 14 1.00000
36.1 24.66696 14 1.00000
36.2 24.69077 14 1.00000
36.3 24.57716 14 1.00000
36.4 24.60034 14 1.00000
36.5 24.62283 14 1.00000
36.6 24.64478 14 1.00000
36.7 24.67749 14 1.00000
36.8 23.61224 14 1.00000
36.9 22.28881 14 1.00000
37.0 19.72342 14 1.00000
37.1 18.41838 14 1.00000
37.2 15.88161 14 1.00000
37.3 14.59591 14 1.00000
37.4 13.88155 14 1.00000
37.5 13.88666 14 1.00000
37.6 13.80357 14 1.00000
37.7 13.72158 14 1.00000
37.8 13.70467 14 1.00000
37.9 13.64314 14 1.00000
38.0 13.64618 14 1.00000
38.1 13.57278 14 1.00000
38.2 13.56194 14 1.00000
38.3 13.49599 14 1.00000
38.4 13.45410 14 1.00000
38.5 13.40144 14 1.00000
38.6 13.42894 14 1.00000
38.7 13.34624 14 1.00000
38.8 13.32153 14 1.00000
38.9 13.22678 14 1.00000
39.0 13.14179 14 0.99722
39.1 13.03033 14 0.99156
39.2 12.96660 14 0.98832
39.3 12.86571 14 0.98318
39.4 12.74959 14 0.97724
39.5 12.65632 14 0.97246
39.6 12.55205 14 0.96710
39.7 12.35641 14 0.95702
39.8 12.50207 14 0.96453
39.9 12.37203 14 0.95782
40.0 12.19317 14 0.94856
40.1 12.24741 14 0.95138
40.2 12.35082 14 0.95673
40.3 12.51524 14 0.96521
40.4 12.74376 14 0.97694
40.5 12.82209 14 0.98095
40.6 12.89971 14 0.98491
40.7 12.97808 14 0.98890
40.8 13.05476 14 0.99280
40.9 13.12975 14 0.99661
41.0 13.20000 14 1.00000
41.1 13.24223 14 1.00000
41.2 13.28446 14 1.00000
41.3 13.35203 14 1.00000
41.4 13.40718 14 1.00000
41.5 13.48278 14 1.00000
41.6 13.51556 14 1.00000
41.7 13.54636 14 1.00000
41.8 13.57662 14 1.00000
41.9 13.60627 14 1.00000
42.0 13.63536 14 1.00000
42.1 13.66371 14 1.00000
42.2 13.71030 14 1.00000
42.3 13.77353 14 1.00000
42.4 13.82696 14 1.00000
42.5 13.87417 14 1.00000
42.6 13.95326 14 1.00000
42.7 13.98829 14 1.00000
42.8 14.01808 14 1.00000
42.9 14.04913 14 1.00000
43.0 14.07938 14 1.00000
43.1 14.10937 14 1.00000
43.2 14.13803 14 1.00000
43.3 14.16807 14 1.00000
43.4 14.22568 14 1.00000
43.5 14.28652 14 1.00000
43.6 14.33916 14 1.00000
43.7 14.38545 14 1.00000
43.8 14.46531 14 1.00000
43.9 14.50059 14 1.00000
44.0 14.53071 14 1.00000
44.1 14.56220 14 1.00000
44.2 14.59311 14 1.00000
44.3 14.62346 14 1.00000
44.4 14.65296 14 1.00000
44.5 14.68165 14 1.00000
44.6 14.72153 14 1.00000
44.7 14.79504 14 1.00000
44.8 14.85050 14 1.00000
44.9 14.89950 14 1.00000
45.0 14.94340 14 1.00000
45.1 15.02130 14 1.00000
45.2 15.05439 14 1.00000
45.3 15.08578 14 1.00000
45.4 15.11767 14 1.00000
45.5 15.15088 14 1.00000
45.6 15.18228 14 1.00000
45.7 15.21943 14 1.00000
45.8 15.25274 14 1.00000
45.9 15.28335 14 1.00000
46.0 15.32641 14 1.00000
46.1 15.36497 14 1.00000
46.2 15.40790 14 1.00000
46.3 15.45311 14 1.00000
46.4 15.53163 14 1.00000
46.5 15.56525 14 1.00000
46.6 15.62378 14 1.00000
46.7 15.65471 14 1.00000
46.8 15.71418 14 1.00000
46.9 15.74490 14 1.00000
47.0 15.80403 14 1.00000
47.1 15.83398 14 1.00000
47.2 15.89331 14 1.00000
47.3 15.92569 14 1.00000
47.4 15.98263 14 1.00000
47.5 16.01510 14 1.00000
47.6 16.01875 14 1.00000
47.7 16.10712 14 1.00000
47.8 16.10789 14 1.00000
47.9 16.19873 14 1.00000
48.0 16.22404 14 1.00000
48.1 16.23291 14 1.00000
48.2 16.32138 14 1.00000
48.3 16.32304 14 1.00000
48.4 16.41670 14 1.00000
48.5 16.43804 14 1.00000
48.6 16.45405 14 1.00000
48.7 16.54191 14 1.00000
48.8 16.54268 14 1.00000
48.9 16.59795 14 1.00000
49.0 16.66669 14 1.00000
49.1 16.66944 14 1.00000
49.2 16.73843 14 1.00000
49.3 16.79472 14 1.00000
49.4 16.80205 14 1.00000
49.5 16.87385 14 1.00000
49.6 16.92579 14 1.00000
49.7 16.93381 14 1.00000
49.8 17.00402 14 1.00000
49.9 17.06138 14 1.00000
50.0 17.06440 14 1.00000
50.1 17.12936 14 1.00000
50.2 17.20207 14 1.00000
50.3 17.20416 14 1.00000
50.4 17.25121 14 1.00000
50.5 17.32269 14 1.00000
50.6 17.36595 14 1.00000
50.7 17.37175 14 1.00000
50.8 17.43958 14 1.00000
50.9 17.51067 14 1.00000
51.0 17.51870 14 1.00000
51.1 17.54919 14 1.00000
51.2 17.61999 14 1.00000
51.3 17.68973 14 1.00000
51.4 17.69581 14 1.00000
51.5 17.72380 14 1.00000
51.6 17.79486 14 1.00000
51.7 17.86405 14 1.00000
51.8 17.86424 14 1.00000
51.9 17.90399 14 1.00000
52.0 17.96261 14 1.00000
52.1 18.03111 14 1.00000
52.2 18.10058 14 1.00000
52.3 18.09429 14 1.00000
52.4 18.11973 14 1.00000
52.5 18.19029 14 1.00000
52.6 18.25930 14 1.00000
52.7 18.32796 14 1.00000
52.8 18.31709 14 1.00000
52.9 18.33984 14 1.00000
53.0 18.41109 14 1.00000
53.1 18.47967 14 1.00000
53.2 18.54645 14 1.00000
53.3 18.56828 14 1.00000
53.4 18.57397 14 1.00000
53.5 18.61999 14 1.00000
53.6 18.68944 14 1.00000
53.7 18.75638 14 1.00000
53.8 18.82097 14 1.00000
53.9 18.83438 14 1.00000
54.0 18.84208 14 1.00000
54.1 18.88388 14 1.00000
54.2 18.95339 14 1.00000
54.3 19.02012 14 1.00000
54.4 19.08382 14 1.00000
54.5 19.11373 14 1.00000
54.6 19.12232 14 1.00000
54.7 19.14365 14 1.00000
54.8 19.20353 14 1.00000
54.9 19.27084 14 1.00000
55.0 19.33521 14 1.00000
55.1 19.36564 14 1.00000
55.2 19.43252 14 1.00000
55.3 19.45841 14 1.00000
55.4 19.47077 14 1.00000
55.5 19.50266 14 1.00000
55.6 19.57139 14 1.00000
55.7 19.63578 14 1.00000
55.8 19.68827 14 1.00000
55.9 19.75570 14 1.00000
56.0 19.79609 14 1.00000
56.1 19.82857 14 1.00000
56.2 19.84063 14 1.00000
56.3 19.86330 14 1.00000
56.4 19.91540 14 1.00000
56.5 19.98072 14 1.00000
56.6 20.01156 14 1.00000
56.7 20.11229 14 1.00000
56.8 20.16265 14 1.00000
56.9 20.20663 14 1.00000
57.0 20.24483 14 1.00000
57.1 20.27568 14 1.00000
57.2 20.29054 14 1.00000
57.3 20.31531 14 1.00000
57.4 20.36330 14 1.00000
57.5 20.47175 14 1.00000
57.6 20.54897 14 1.00000
57.7 20.61249 14 1.00000
57.8 20.61280 14 1.00000
57.9 20.66196 14 1.00000
58.0 20.70728 14 1.00000
58.1 20.74805 14 1.00000
58.2 20.78464 14 1.00000
58.3 20.79895 14 1.00000
58.4 20.83317 14 1.00000
58.5 20.97247 14 1.00000
58.6 20.96556 14 1.00000
58.7 21.02323 14 1.00000
58.8 21.07794 14 1.00000
58.9 21.13721 14 1.00000
59.0 21.19954 14 1.00000
59.1 21.25520 14 1.00000
59.2 21.24986 14 1.00000
59.3 21.30099 14 1.00000
59.4 21.34653 14 1.00000
59.5 21.38951 14 1.00000
59.6 21.43862 14 1.00000
59.7 21.39933 14 1.00000
59.8 21.46005 14 1.00000
59.9 21.51911 14 1.00000
60.0 21.57374 14 1.00000
60.1 21.63245 14 1.00000
60.2 21.68861 14 1.00000
60.3 21.74476 14 1.00000
60.4 21.80218 14 1.00000
60.5 21.85846 14 1.00000
60.6 21.91392 14 1.00000
60.7 21.96968 14 1.00000
60.8 22.02839 14 1.00000
60.9 22.04245 14 1.00000
61.0 22.07131 14 1.00000
61.1 22.11317 14 1.00000
61.2 22.15708 14 1.00000
61.3 22.19618 14 1.00000
61.4 22.21476 14 1.00000
61.5 22.25805 14 1.00000
61.6 22.29514 14 1.00000
61.7 22.32878 14 1.00000
61.8 22.36036 14 1.00000
61.9 22.40000 14 1.00000
62.0 22.45218 14 1.00000
62.1 22.50785 14 1.00000
62.2 22.58264 14 1.00000
62.3 22.68188 14 1.00000
62.4 22.71759 14 1.00000
62.5 22.77305 14 1.00000
62.6 22.82385 14 1.00000
62.7 22.87870 14 1.00000
62.8 22.93044 14 1.00000
62.9 22.98326 14 1.00000
63.0 23.03586 14 1.00000
63.1 23.08831 14 1.00000
63.2 23.14343 14 1.00000
63.3 23.18695 14 1.00000
63.4 23.18315 14 1.00000
63.5 23.22980 14 1.00000
63.6 23.27990 14 1.00000
63.7 23.32861 14 1.00000
63.8 23.37334 14 1.00000
63.9 23.42240 14 1.00000
64.0 23.46955 14 1.00000
64.1 23.51411 14 1.00000
64.2 23.55648 14 1.00000
64.3 23.59672 14 1.00000
64.4 23.63998 14 1.00000
64.5 23.68162 14 1.00000
64.6 23.73039 14 1.00000
64.7 23.77268 14 1.00000
64.8 23.81966 14 1.00000
64.9 23.84333 14 1.00000
65.0 23.88888 14 1.00000
65.1 23.93384 14 1.00000
65.2 23.97718 14 1.00000
65.3 24.02465 14 1.00000
65.4 24.06795 14 1.00000
65.5 24.11096 14 1.00000
65.6 24.15324 14 1.00000
65.7 24.19589 14 1.00000
65.8 24.23822 14 1.00000
65.9 24.28052 14 1.00000
66.0 24.32289 14 1.00000
66.1 24.36529 14 1.00000
66.2 24.41579 14 1.00000
66.3 24.47463 14 1.00000
66.4 24.53997 14 1.00000
66.5 24.63478 14 1.00000
66.6 24.67509 14 1.00000
66.7 24.69555 14 1.00000
66.8 24.68768 14 1.00000
66.9 24.73457 14 1.00000
67.0 24.78118 14 1.00000
67.1 24.82753 14 1.00000
67.2 24.87435 14 1.00000
67.3 24.92021 14 1.00000
67.4 24.96512 14 1.00000
67.5 25.00903 14 1.00000
67.6 25.05479 14 1.00000
67.7 25.10001 14 1.00000
67.8 25.14553 14 1.00000
67.9 25.19028 14 1.00000
68.0 25.23565 14 1.00000
68.1 25.28143 14 1.00000
68.2 25.32703 14 1.00000
68.3 25.37267 14 1.00000
68.4 25.41813 14 1.00000
68.5 25.46355 14 1.00000
68.6 25.50981 14 1.00000
68.7 25.61587 14 1.00000
68.8 25.61703 14 1.00000
68.9 25.65792 14 1.00000
69.0 25.70196 14 1.00000
69.1 25.74593 14 1.00000
69.2 25.79222 14 1.00000
69.3 25.83947 14 1.00000
69.4 25.88668 14 1.00000
69.5 25.93682 14 1.00000
69.6 25.98756 14 1.00000
69.7 26.04179 14 1.00000
69.8 26.09890 14 1.00000
69.9 26.24393 14 1.00000
70.0 26.32098 14 1.00000
70.1 26.22452 14 1.00000
70.2 26.28215 14 1.00000
70.3 26.33968 14 1.00000
70.4 26.39702 14 1.00000
70.5 26.45363 14 1.00000
70.6 26.50936 14 1.00000
70.7 26.56524 14 1.00000
70.8 26.61987 14 1.00000
70.9 26.69147 14 1.00000
71.0 26.77030 14 1.00000
71.1 26.81840 14 1.00000
71.2 26.86653 14 1.00000
71.3 26.91323 14 1.00000
71.4 26.95329 14 1.00000
71.5 27.07664 14 1.00000
71.6 27.08767 14 1.00000
71.7 27.09791 14 1.00000
71.8 27.06285 14 1.00000
71.9 27.19424 14 1.00000
72.0 27.23410 14 1.00000
72.1 27.28875 14 1.00000
72.2 27.34001 14 1.00000
72.3 27.38915 14 1.00000
72.4 27.43652 14 1.00000
72.5 27.48117 14 1.00000
72.6 27.52297 14 1.00000
72.7 27.57972 14 1.00000
72.8 27.62354 14 1.00000
72.9 27.65907 14 1.00000
73.0 27.78684 14 1.00000
73.1 27.70559 14 1.00000
73.2 27.89597 14 1.00000
73.3 27.93475 14 1.00000
73.4 27.96240 14 1.00000
73.5 28.01390 14 1.00000
73.6 28.05554 14 1.00000
73.7 28.08448 14 1.00000
73.8 28.10123 14 1.00000
73.9 28.03647 14 1.00000
74.0 28.19718 14 1.00000
74.1 28.26399 14 1.00000
74.2 28.29548 14 1.00000
74.3 28.34357 14 1.00000
74.4 28.39021 14 1.00000
74.5 28.41432 14 1.00000
74.6 28.46894 14 1.00000
74.7 28.50996 14 1.00000
74.8 28.54988 14 1.00000
74.9 28.57391 14 1.00000
75.0 28.63201 14 1.00000
75.1 28.66724 14 1.00000
75.2 28.70104 14 1.00000
75.3 28.73379 14 1.00000
75.4 28.76629 14 1.00000
75.5 28.79870 14 1.00000
75.6 28.84111 14 1.00000
75.7 28.88730 14 1.00000
75.8 28.93563 14 1.00000
75.9 28.98394 14 1.00000
76.0 29.03226 14 1.00000
76.1 29.08064 14 1.00000
76.2 29.13465 14 1.00000
76.3 29.20350 14 1.00000
76.4 29.27338 14 1.00000
76.5 29.33859 14 1.00000
76.6 29.50736 14 1.00000
76.7 29.44993 14 1.00000
76.8 29.51510 14 1.00000
76.9 29.58158 14 1.00000
77.0 29.63479 14 1.00000
77.1 29.66656 14 1.00000
77.2 29.73327 14 1.00000
77.3 29.78902 14 1.00000
77.4 29.83491 14 1.00000
77.5 29.88208 14 1.00000
77.6 29.92838 14 1.00000
77.7 29.97566 14 1.00000
77.8 30.02308 14 1.00000
77.9 30.03905 14 1.00000
78.0 30.18596 14 1.00000
78.1 30.15248 14 1.00000
78.2 30.18875 14 1.00000
78.3 30.35350 14 1.00000
78.4 30.38637 14 1.00000
78.5 30.41589 14 1.00000
78.6 30.42886 14 1.00000
78.7 30.47641 14 1.00000
78.8 30.54369 14 1.00000
78.9 30.58501 14 1.00000
79.0 30.63002 14 1.00000
79.1 30.66586 14 1.00000
79.2 30.70129 14 1.00000
79.3 30.81391 14 1.00000
79.4 30.66490 14 1.00000
79.5 30.68564 14 1.00000
79.6 30.77633 14 1.00000
79.7 30.86329 14 1.00000
79.8 30.91360 14 1.00000
79.9 30.86904 14 1.00000
80.0 31.01587 14 1.00000
80.1 31.05728 14 1.00000
80.2 31.10095 14 1.00000
80.3 31.13317 14 1.00000
80.4 31.16401 14 1.00000
80.5 31.19447 14 1.00000
80.6 31.22406 14 1.00000
80.7 31.25589 14 1.00000
80.8 31.29769 14 1.00000
80.9 31.34286 14 1.00000
81.0 31.39064 14 1.00000
81.1 31.43841 14 1.00000
81.2 31.48692 14 1.00000
81.3 31.57927 14 1.00000
81.4 31.76811 14 1.00000
81.5 31.69688 14 1.00000
81.6 31.76490 14 1.00000
81.7 31.82098 14 1.00000
81.8 31.86094 14 1.00000
81.9 31.93210 14 1.00000
82.0 31.99240 14 1.00000
82.1 32.07003 14 1.00000
82.2 32.11870 14 1.00000
82.3 32.17039 14 1.00000
82.4 32.23105 14 1.00000
82.5 32.27731 14 1.00000
82.6 32.32359 14 1.00000
82.7 32.43688 14 1.00000
82.8 32.49737 14 1.00000
82.9 32.46972 14 1.00000
83.0 32.51878 14 1.00000
83.1 32.55117 14 1.00000
83.2 32.60302 14 1.00000
83.3 32.69498 14 1.00000
83.4 32.74464 14 1.00000
83.5 32.80878 14 1.00000
83.6 32.84228 14 1.00000
83.7 32.90748 14 1.00000
83.8 32.93839 14 1.00000
83.9 32.96890 14 1.00000
84.0 33.00351 14 1.00000
84.1 33.04930 14 1.00000
84.2 33.10222 14 1.00000
84.3 33.02945 14 1.00000
84.4 33.18801 14 1.00000
84.5 33.19845 14 1.00000
84.6 33.24073 14 1.00000
84.7 33.30085 14 1.00000
84.8 33.34193 14 1.00000
84.9 33.34996 14 1.00000
85.0 33.38224 14 1.00000
85.1 33.45451 14 1.00000
85.2 33.57925 14 1.00000
85.3 33.51105 14 1.00000
85.4 33.53825 14 1.00000
85.5 33.56677 14 1.00000
85.6 33.77072 14 1.00000
85.7 33.65466 14 1.00000
85.8 33.70446 14 1.00000
85.9 33.88039 14 1.00000
86.0 33.86174 14 1.00000
86.1 34.08533 14 1.00000
86.2 34.00569 14 1.00000
86.3 34.04745 14 1.00000
86.4 34.16269 14 1.00000
86.5 34.05054 14 1.00000
86.6 34.22684 14 1.00000
86.7 34.30198 14 1.00000
86.8 34.35157 14 1.00000
86.9 34.42853 14 1.00000
87.0 34.46702 14 1.00000
87.1 34.53823 14 1.00000
87.2 34.58924 14 1.00000
87.3 34.65779 14 1.00000
87.4 34.68863 14 1.00000
87.5 34.73761 14 1.00000
87.6 34.78696 14 1.00000
87.7 34.82845 14 1.00000
87.8 34.87385 14 1.00000
87.9 34.92526 14 1.00000
88.0 34.97079 14 1.00000
88.1 35.08126 14 1.00000
88.2 35.07467 14 1.00000
88.3 35.16680 14 1.00000
88.4 35.19993 14 1.00000
88.5 35.25491 14 1.00000
88.6 35.30273 14 1.00000
88.7 35.34771 14 1.00000
88.8 35.39263 14 1.00000
88.9 35.43393 14 1.00000
89.0 35.47354 14 1.00000
89.1 35.50988 14 1.00000
89.2 35.53080 14 1.00000
89.3 35.58678 14 1.00000
89.4 35.62381 14 1.00000
89.5 35.63258 14 1.00000
89.6 35.68198 14 1.00000
89.7 35.67915 14 1.00000
89.8 35.68080 14 1.00000
89.9 35.84995 14 1.00000
90.0 35.98622 14 1.00000
90.1 35.98071 14 1.00000
90.2 35.97018 14 1.00000
90.3 35.93832 14 1.00000
90.4 35.98206 14 1.00000
90.5 36.03777 14 1.00000
90.6 36.12787 14 1.00000
90.7 36.21677 14 1.00000
90.8 36.29069 14 1.00000
90.9 36.33115 14 1.00000
91.0 36.42147 14 1.00000
91.1 36.46326 14 1.00000
91.2 36.54151 14 1.00000
91.3 36.60122 14 1.00000
91.4 36.64285 14 1.00000
91.5 36.71378 14 1.00000
91.6 36.76817 14 1.00000
91.7 36.84573 14 1.00000
91.8 36.87539 14 1.00000
91.9 36.95052 14 1.00000
92.0 37.00690 14 1.00000
92.1 37.05909 14 1.00000
92.2 37.10997 14 1.00000
92.3 37.15980 14 1.00000
92.4 37.20632 14 1.00000
92.5 37.24062 14 1.00000
92.6 37.30378 14 1.00000
92.7 37.35229 14 1.00000
92.8 37.38155 14 1.00000
92.9 37.44357 14 1.00000
93.0 37.47901 14 1.00000
93.1 37.62574 14 1.00000
93.2 37.66560 14 1.00000
93.3 37.70626 14 1.00000
93.4 37.71620 14 1.00000
93.5 37.78067 14 1.00000
93.6 37.83180 14 1.00000
93.7 37.87635 14 1.00000
93.8 37.91739 14 1.00000
93.9 37.92386 14 1.00000
94.0 37.99669 14 1.00000
94.1 38.04275 14 1.00000
94.2 38.05110 14 1.00000
94.3 38.12481 14 1.00000
94.4 38.13050 14 1.00000
94.5 38.20606 14 1.00000
94.6 38.23484 14 1.00000
94.7 38.28282 14 1.00000
94.8 38.32401 14 1.00000
94.9 38.36052 14 1.00000
95.0 38.39283 14 1.00000
95.1 38.42165 14 1.00000
95.2 38.44821 14 1.00000
95.3 38.47598 14 1.00000
95.4 38.54966 14 1.00000
95.5 38.64687 14 1.00000
95.6 38.73000 14 1.00000
95.7 38.78301 14 1.00000
95.8 38.86773 14 1.00000
95.9 38.93455 14 1.00000
96.0 38.99729 14 1.00000
96.1 39.06033 14 1.00000
96.2 39.11840 14 1.00000
96.3 39.18088 14 1.00000
96.4 39.21996 14 1.00000
96.5 39.29472 14 1.00000
96.6 39.35105 14 1.00000
96.7 39.40438 14 1.00000
96.8 39.48240 14 1.00000
96.9 39.50212 14 1.00000
97.0 39.57869 14 1.00000
97.1 39.63863 14 1.00000
97.2 39.69213 14 1.00000
97.3 39.74090 14 1.00000
97.4 39.78093 14 1.00000
97.5 39.83049 14 1.00000
97.6 39.90054 14 1.00000
97.7 39.94865 14 1.00000
97.8 39.97508 14 1.00000
97.9 40.04511 14 1.00000
98.0 40.08667 14 1.00000
98.1 40.13684 14 1.00000
98.2 40.18070 14 1.00000
98.3 40.31730 14 1.00000
98.4 40.32901 14 1.00000
98.5 40.39348 14 1.00000
98.6 40.44803 14 1.00000
98.7 40.49137 14 1.00000
98.8 40.50423 14 1.00000
98.9 40.56750 14 1.00000
99.0 40.62136 14 1.00000
99.1 40.66345 14 1.00000
99.2 40.69078 14 1.00000
99.3 40.75037 14 1.00000
99.4 40.75798 14 1.00000
99.5 40.83459 14 1.00000
99.6 40.83950 14 1.00000
99.7 40.91877 14 1.00000
99.8 40.95266 14 1.00000
99.9 40.96734 14 1.00000
100.0 41.04047 14 1.00000
100.1 41.07986 14 1.00000
100.2 41.11501 14 1.00000
100.3 41.14590 14 1.00000
100.4 41.17477 14 1.00000
100.5 41.22029 14 1.00000
100.6 41.32044 14 1.00000
100.7 41.40503 14 1.00000
100.8 41.44093 14 1.00000
100.9 41.55029 14 1.00000
101.0 41.58443 14 1.00000
101.1 41.68596 14 1.00000
101.2 41.72413 14 1.00000
101.3 41.81399 14 1.00000
101.4 41.85081 14 1.00000
101.5 41.93636 14 1.00000
101.6 41.98279 14 1.00000
101.7 42.04466 14 1.00000
101.8 42.11111 14 1.00000
101.9 42.16738 14 1.00000
102.0 42.22173 14 1.00000
102.1 42.30014 14 1.00000
102.2 42.35572 14 1.00000
102.3 42.40981 14 1.00000
102.4 42.46349 14 1.00000
102.5 42.51737 14 1.00000
102.6 42.59909 14 1.00000
102.7 42.64379 14 1.00000
102.8 42.68849 14 1.00000
102.9 42.73319 14 1.00000
103.0 42.74948 14 1.00000
103.1 42.82258 14 1.00000
103.2 42.86728 14 1.00000
103.3 42.89523 14 1.00000
103.4 42.95667 14 1.00000
103.5 43.00137 14 1.00000
103.6 43.04607 14 1.00000
103.7 43.09076 14 1.00000
103.8 43.14664 14 1.00000
103.9 43.19126 14 1.00000
104.0 43.23564 14 1.00000
104.1 43.28109 14 1.00000
104.2 43.32581 14 1.00000
104.3 43.36992 14 1.00000
104.4 43.41501 14 1.00000
104.5 43.45972 14 1.00000
104.6 43.50356 14 1.00000
104.7 43.54871 14 1.00000
104.8 43.59276 14 1.00000
104.9 43.63736 14 1.00000
105.0 43.68113 14 1.00000
105.1 43.72580 14 1.00000
105.2 43.76916 14 1.00000
105.3 43.81283 14 1.00000
105.4 43.85677 14 1.00000
105.5 43.90001 14 1.00000
105.6 43.94277 14 1.00000
105.7 43.98506 14 1.00000
105.8 44.03913 14 1.00000
105.9 44.10738 14 1.00000
106.0 44.16155 14 1.00000
106.1 44.21218 14 1.00000
106.2 44.25460 14 1.00000
106.3 44.30462 14 1.00000
106.4 44.34737 14 1.00000
106.5 44.39022 14 1.00000
106.6 44.44010 14 1.00000
106.7 44.48332 14 1.00000
106.8 44.52652 14 1.00000
106.9 44.57645 14 1.00000
107.0 44.61999 14 1.00000
107.1 44.66354 14 1.00000
107.2 44.70721 14 1.00000
107.3 44.75746 14 1.00000
107.4 44.80148 14 1.00000
107.5 44.84559 14 1.00000
107.6 44.88985 14 1.00000
107.7 44.93419 14 1.00000
107.8 44.98525 14 1.00000
107.9 45.03015 14 1.00000
108.0 45.07511 14 1.00000
108.1 45.12035 14 1.00000
108.2 45.16583 14 1.00000
108.3 45.21152 14 1.00000
108.4 45.25758 14 1.00000
108.5 45.30400 14 1.00000
108.6 45.35084 14 1.00000
108.7 45.39815 14 1.00000
108.8 45.44628 14 1.00000
108.9 45.49531 14 1.00000
109.0 45.54549 14 1.00000
109.1 45.59744 14 1.00000
109.2 45.65168 14 1.00000
109.3 45.70884 14 1.00000
109.4 45.76996 14 1.00000
109.5 45.83545 14 1.00000
109.6 45.90161 14 1.00000
109.7 45.98692 14 1.00000
109.8 46.07224 14 1.00000
109.9 46.15749 14 1.00000
110.0 46.24258 14 1.00000
110.1 46.32782 14 1.00000
110.2 46.41310 14 1.00000
110.3 46.49817 14 1.00000
110.4 46.58339 14 1.00000
110.5 46.66865 14 1.00000
110.6 46.75370 14 1.00000
110.7 46.83894 14 1.00000
110.8 46.92418 14 1.00000
110.9 47.00916 14 1.00000
111.0 47.09438 14 1.00000
111.1 47.17954 14 1.00000
111.2 47.26479 14 1.00000
111.3 47.34969 14 1.00000
111.4 47.43488 14 1.00000
111.5 47.52010 14 1.00000
111.6 47.60497 14 1.00000
111.7 47.69013 14 1.00000
111.8 47.77528 14 1.00000
111.9 47.86018 14 1.00000
112.0 47.94532 14 1.00000
112.1 48.03049 14 1.00000
112.2 48.11555 14 1.00000
112.3 48.20046 14 1.00000
112.4 48.28551 14 1.00000
112.5 48.37065 14 1.00000
112.6 48.45543 14 1.00000
112.7 48.54055 14 1.00000
112.8 48.62561 14 1.00000
112.9 48.71041 14 1.00000
113.0 48.79544 14 1.00000
113.1 48.88042 14 1.00000
113.2 48.96544 14 1.00000
113.3 49.05021 14 1.00000
113.4 49.13525 14 1.00000
113.5 49.22024 14 1.00000
113.6 49.30492 14 1.00000
113.7 49.38989 14 1.00000
113.8 49.47490 14 1.00000
113.9 49.55960 14 1.00000
114.0 49.64454 14 1.00000
114.1 49.72941 14 1.00000
114.2 49.81437 14 1.00000
114.3 49.89898 14 1.00000
114.4 49.98387 14 1.00000
114.5 50.06875 14 1.00000
114.6 50.15343 14 1.00000
114.7 50.23824 14 1.00000
114.8 50.32314 14 1.00000
114.9 50.40797 14 1.00000
115.0 50.49250 14 1.00000
115.1 50.57732 14 1.00000
115.2 50.66212 14 1.00000
115.3 50.74667 14 1.00000
115.4 50.83144 14 1.00000
115.5 50.91626 14 1.00000
115.6 51.00101 14 1.00000
115.7 51.08546 14 1.00000
115.8 51.17025 14 1.00000
115.9 51.25492 14 1.00000
116.0 51.33938 14 1.00000
116.1 51.42408 14 1.00000
116.2 51.50876 14 1.00000
116.3 51.59319 14 1.00000
116.4 51.67790 14 1.00000
116.5 51.76254 14 1.00000
116.6 51.84713 14 1.00000
116.7 51.93156 14 1.00000
116.8 52.01611 14 1.00000
116.9 52.10071 14 1.00000
117.0 52.18510 14 1.00000
117.1 52.26967 14 1.00000
117.2 52.35423 14 1.00000
117.3 51.95274 14 1.00000
117.4 52.03743 14 1.00000
117.5 52.12201 14 1.00000
117.6 52.20639 14 1.00000
117.7 52.29100 14 1.00000
117.8 52.37579 14 1.00000
117.9 51.97432 14 1.00000
118.0 52.05904 14 1.00000
118.1 52.14377 14 1.00000
118.2 52.22814 14 1.00000
118.3 52.31318 14 1.00000
118.4 52.39782 14 1.00000
118.5 51.99650 14 1.00000
118.6 52.08123 14 1.00000
118.7 52.16594 14 1.00000
118.8 52.25083 14 1.00000
118.9 52.33566 14 1.00000
119.0 51.93427 14 1.00000
119.1 52.01903 14 1.00000
119.2 52.10384 14 1.00000
119.3 52.18853 14 1.00000
119.4 52.27370 14 1.00000
119.5 52.35861 14 1.00000
119.6 51.95729 14 1.00000
119.7 52.04214 14 1.00000
119.8 52.12717 14 1.00000
119.9 52.21212 14 1.00000
120.0 52.29715 14 1.00000
120.1 52.38200 14 1.00000
120.2 51.98080 14 1.00000
120.3 52.06591 14 1.00000
120.4 52.15121 14 1.00000
120.5 52.23597 14 1.00000
120.6 52.32117 14 1.00000
120.7 51.91984 14 1.00000
120.8 52.00482 14 1.00000
120.9 52.09017 14 1.00000
121.0 52.17545 14 1.00000
121.1 52.26055 14 1.00000
121.2 52.34554 14 1.00000
121.3 51.94432 14 1.00000
121.4 52.02970 14 1.00000
121.5 52.11514 14 1.00000
121.6 52.20003 14 1.00000
121.7 52.28531 14 1.00000
121.8 52.37032 14 1.00000
121.9 51.96964 14 1.00000
122.0 52.05488 14 1.00000
122.1 52.14035 14 1.00000
122.2 52.22551 14 1.00000
122.3 52.31059 14 1.00000
122.4 52.39592 14 1.00000
122.5 51.99526 14 1.00000
122.6 52.08077 14 1.00000
122.7 52.16627 14 1.00000
122.8 52.25123 14 1.00000
122.9 52.33672 14 1.00000
123.0 51.93608 14 1.00000
123.1 52.02168 14 1.00000
123.2 52.10713 14 1.00000
123.3 52.19219 14 1.00000
123.4 52.27763 14 1.00000
123.5 52.36324 14 1.00000
123.6 51.96262 14 1.00000
123.7 52.04821 14 1.00000
123.8 52.13379 14 1.00000
123.9 52.21906 14 1.00000
124.0 52.30478 14 1.00000
124.1 52.39042 14 1.00000
124.2 51.98986 14 1.00000
124.3 52.07553 14 1.00000
124.4 52.16109 14 1.00000
124.5 52.24665 14 1.00000
124.6 52.33254 14 1.00000
124.7 51.93196 14 1.00000
124.8 52.01762 14 1.00000
124.9 52.10300 14 1.00000
125.0 52.18859 14 1.00000
125.1 52.27463 14 1.00000
125.2 52.36040 14 1.00000
125.3 51.95988 14 1.00000
125.4 52.04563 14 1.00000
125.5 52.13152 14 1.00000
125.6 52.21738 14 1.00000
125.7 52.30321 14 1.00000
125.8 52.38896 14 1.00000
125.9 51.98851 14 1.00000
126.0 52.07424 14 1.00000
126.1 52.16045 14 1.00000
126.2 52.24635 14 1.00000
126.3 52.33236 14 1.00000
126.4 51.93193 14 1.00000
126.5 52.01770 14 1.00000
126.6 52.10367 14 1.00000
126.7 52.18957 14 1.00000
126.8 52.27571 14 1.00000
126.9 52.36159 14 1.00000
127.0 51.96119 14 1.00000
127.1 52.04723 14 1.00000
127.2 52.13375 14 1.00000
127.3 52.21973 14 1.00000
127.4 52.30567 14 1.00000
127.5 52.39153 14 1.00000
127.6 51.99124 14 1.00000
127.7 52.07780 14 1.00000
127.8 52.16406 14 1.00000
127.9 52.25002 14 1.00000
128.0 52.33614 14 1.00000
128.1 51.93587 14 1.00000
128.2 52.02219 14 1.00000
128.3 52.10874 14 1.00000
128.4 52.19461 14 1.00000
128.5 52.28080 14 1.00000
128.6 52.36674 14 1.00000
128.7 51.96703 14 1.00000
128.8 52.05343 14 1.00000
128.9 52.14001 14 1.00000
129.0 52.22604 14 1.00000
129.1 52.31208 14 1.00000
129.2 52.39833 14 1.00000
129.3 51.99894 14 1.00000
129.4 52.08532 14 1.00000
129.5 52.17192 14 1.00000
129.6 52.25801 14 1.00000
129.7 52.34396 14 1.00000
129.8 51.94455 14 1.00000
129.9 52.03126 14 1.00000
130.0 52.11762 14 1.00000
130.1 52.20359 14 1.00000
130.2 52.29018 14 1.00000
130.3 52.37671 14 1.00000
130.4 51.97726 14 1.00000
130.5 52.06376 14 1.00000
130.6 52.15025 14 1.00000
130.7 52.23643 14 1.00000
130.8 52.32292 14 1.00000
130.9 51.92355 14 1.00000
131.0 52.01034 14 1.00000
131.1 52.09682 14 1.00000
131.2 52.18329 14 1.00000
131.3 52.26971 14 1.00000
131.4 52.35651 14 1.00000
131.5 51.95721 14 1.00000
131.6 52.04398 14 1.00000
131.7 52.13049 14 1.00000
131.8 52.21703 14 1.00000
131.9 52.30368 14 1.00000
132.0 52.39055 14 1.00000
132.1 51.99133 14 1.00000
132.2 52.07817 14 1.00000
132.3 52.16465 14 1.00000
132.4 52.25124 14 1.00000
132.5 52.33836 14 1.00000
132.6 51.93925 14 1.00000
132.7 52.02595 14 1.00000
132.8 52.11277 14 1.00000
132.9 52.19881 14 1.00000
133.0 52.28612 14 1.00000
133.1 52.37349 14 1.00000
133.2 51.97426 14 1.00000
133.3 52.06075 14 1.00000
133.4 52.14760 14 1.00000
133.5 52.23444 14 1.00000
133.6 52.32183 14 1.00000
133.7 51.92258 14 1.00000
133.8 52.00954 14 1.00000
133.9 52.09619 14 1.00000
134.0 52.18283 14 1.00000
134.1 52.27064 14 1.00000
134.2 52.35765 14 1.00000
134.3 51.95853 14 1.00000
134.4 52.04551 14 1.00000
134.5 52.13214 14 1.00000
134.6 52.21959 14 1.00000
134.7 52.30690 14 1.00000
134.8 52.39399 14 1.00000
134.9 51.99488 14 1.00000
135.0 52.08189 14 1.00000
135.1 52.16884 14 1.00000
135.2 52.25652 14 1.00000
135.3 52.34400 14 1.00000
135.4 51.94487 14 1.00000
135.5 52.03168 14 1.00000
135.6 52.11868 14 1.00000
135.7 52.20596 14 1.00000
135.8 52.29412 14 1.00000
135.9 52.38117 14 1.00000
136.0 51.98217 14 1.00000
136.1 52.06924 14 1.00000
136.2 52.15646 14 1.00000
136.3 52.24401 14 1.00000
136.4 52.33180 14 1.00000
136.5 51.93273 14 1.00000
136.6 52.01985 14 1.00000
136.7 52.10667 14 1.00000
136.8 52.19470 14 1.00000
136.9 52.28249 14 1.00000
137.0 52.36961 14 1.00000
137.1 51.97061 14 1.00000
137.2 52.05781 14 1.00000
137.3 52.14587 14 1.00000
137.4 52.23363 14 1.00000
137.5 52.32135 14 1.00000
137.6 51.92228 14 1.00000
137.7 52.00952 14 1.00000
137.8 52.09665 14 1.00000
137.9 52.18499 14 1.00000
138.0 52.27303 14 1.00000
138.1 52.36028 14 1.00000
138.2 51.96128 14 1.00000
138.3 52.04855 14 1.00000
138.4 52.13662 14 1.00000
138.5 52.22474 14 1.00000
138.6 52.31233 14 1.00000
138.7 51.91381 14 1.00000
138.8 52.00082 14 1.00000
138.9 52.08845 14 1.00000
139.0 52.17715 14 1.00000
139.1 52.26497 14 1.00000
139.2 52.35257 14 1.00000
139.3 51.95368 14 1.00000
139.4 52.04096 14 1.00000
139.5 52.12964 14 1.00000
139.6 52.21777 14 1.00000
139.7 52.30543 14 1.00000
139.8 52.39276 14 1.00000
139.9 51.99395 14 1.00000
140.0 52.08228 14 1.00000
140.1 52.17074 14 1.00000
140.2 52.25866 14 1.00000
140.3 52.34654 14 1.00000
140.4 51.94771 14 1.00000
140.5 52.03481 14 1.00000
140.6 52.12399 14 1.00000
140.7 52.21229 14 1.00000
140.8 52.30025 14 1.00000
140.9 52.38760 14 1.00000
141.0 51.98885 14 1.00000
141.1 52.07743 14 1.00000
141.2 52.16625 14 1.00000
141.3 52.25429 14 1.00000
141.4 52.34188 14 1.00000
141.5 51.94316 14 1.00000
141.6 52.03053 14 1.00000
141.7 52.12035 14 1.00000
141.8 52.20819 14 1.00000
141.9 52.29645 14 1.00000
142.0 52.38416 14 1.00000
142.1 51.98546 14 1.00000
142.2 52.07454 14 1.00000
142.3 52.16319 14 1.00000
142.4 52.25104 14 1.00000
142.5 52.33919 14 1.00000
142.6 51.94053 14 1.00000
142.7 52.02800 14 1.00000
142.8 52.11827 14 1.00000
142.9 52.20617 14 1.00000
143.0 52.29455 14 1.00000
143.1 52.38227 14 1.00000
143.2 51.98369 14 1.00000
143.3 52.07306 14 1.00000
143.4 52.16197 14 1.00000
143.5 52.24994 14 1.00000
143.6 52.33820 14 1.00000
143.7 51.93950 14 1.00000
143.8 52.02704 14 1.00000
143.9 52.11790 14 1.00000
144.0 52.20586 14 1.00000
144.1 52.29425 14 1.00000
144.2 52.38209 14 1.00000
144.3 51.98352 14 1.00000
144.4 52.07348 14 1.00000
144.5 52.16251 14 1.00000
144.6 52.25048 14 1.00000
144.7 52.33881 14 1.00000
144.8 51.94022 14 1.00000
144.9 52.02777 14 1.00000
145.0 52.11922 14 1.00000
145.1 52.20725 14 1.00000
145.2 52.29570 14 1.00000
145.3 52.38355 14 1.00000
145.4 51.98510 14 1.00000
145.5 52.07583 14 1.00000
145.6 52.16463 14 1.00000
145.7 52.25267 14 1.00000
145.8 52.34106 14 1.00000
145.9 51.94249 14 1.00000
146.0 52.03015 14 1.00000
146.1 52.12213 14 1.00000
146.2 52.21017 14 1.00000
146.3 52.29874 14 1.00000
146.4 52.38665 14 1.00000
146.5 51.98826 14 1.00000
146.6 52.07953 14 1.00000
146.7 52.16857 14 1.00000
146.8 52.25697 14 1.00000
146.9 52.34489 14 1.00000
147.0 51.94643 14 1.00000
147.1 52.03416 14 1.00000
147.2 52.12667 14 1.00000
147.3 52.21530 14 1.00000
147.4 52.30365 14 1.00000
147.5 52.39138 14 1.00000
147.6 51.99301 14 1.00000
147.7 52.08080 14 1.00000
147.8 52.17395 14 1.00000
147.9 52.26242 14 1.00000
148.0 52.35069 14 1.00000
148.1 51.95230 14 1.00000
148.2 52.03980 14 1.00000
148.3 52.13303 14 1.00000
148.4 52.22171 14 1.00000
148.5 52.30988 14 1.00000
148.6 52.39772 14 1.00000
148.7 51.99947 14 1.00000
148.8 52.08723 14 1.00000
148.9 52.18120 14 1.00000
149.0 52.26964 14 1.00000
149.1 52.35777 14 1.00000
149.2 51.95950 14 1.00000
149.3 52.04735 14 1.00000
149.4 52.14085 14 1.00000
149.5 52.22960 14 1.00000
149.6 52.31783 14 1.00000
149.7 51.91985 14 1.00000
149.8 52.00749 14 1.00000
149.9 52.09532 14 1.00000
150.0 52.18986 14 1.00000
150.1 52.27855 14 1.00000
150.2 52.36654 14 1.00000
150.3 51.96830 14 1.00000
150.4 52.05616 14 1.00000
150.5 52.14376 14 1.00000
150.6 52.23923 14 1.00000
150.7 52.32767 14 1.00000
150.8 51.92942 14 1.00000
150.9 52.01742 14 1.00000
151.0 52.10506 14 1.00000
151.1 52.20031 14 1.00000
151.2 52.28887 14 1.00000
151.3 52.37687 14 1.00000
151.4 51.97889 14 1.00000
151.5 52.06662 14 1.00000
151.6 52.15458 14 1.00000
151.7 52.25032 14 1.00000
151.8 52.33905 14 1.00000
151.9 51.94082 14 1.00000
152.0 52.02883 14 1.00000
152.1 52.11659 14 1.00000
152.2 52.20403 14 1.00000
152.3 52.30096 14 1.00000
152.4 52.38921 14 1.00000
152.5 51.99112 14 1.00000
152.6 52.07920 14 1.00000
152.7 52.16668 14 1.00000
152.8 52.26336 14 1.00000
152.9 52.35167 14 1.00000
153.0 51.95381 14 1.00000
153.1 52.04169 14 1.00000
153.2 52.12969 14 1.00000
153.3 52.21690 14 1.00000
153.4 52.31458 14 1.00000
153.5 51.91667 14 1.00000
153.6 52.00473 14 1.00000
153.7 52.09282 14 1.00000
153.8 52.18036 14 1.00000
153.9 52.26807 14 1.00000
154.0 52.36615 14 1.00000
154.1 51.96813 14 1.00000
154.2 52.05631 14 1.00000
154.3 52.14413 14 1.00000
154.4 52.23187 14 1.00000
154.5 52.32997 14 1.00000
154.6 51.93194 14 1.00000
154.7 52.02011 14 1.00000
154.8 52.10796 14 1.00000
154.9 52.19580 14 1.00000
155.0 52.28359 14 1.00000
155.1 52.38249 14 1.00000
155.2 51.98454 14 1.00000
155.3 52.07225 14 1.00000
155.4 52.16032 14 1.00000
155.5 52.24793 14 1.00000
155.6 52.33565 14 1.00000
155.7 51.94885 14 1.00000
155.8 52.03703 14 1.00000
155.9 52.12518 14 1.00000
156.0 52.21265 14 1.00000
156.1 52.30069 14 1.00000
156.2 52.38822 14 1.00000
156.3 52.00198 14 1.00000
156.4 52.09017 14 1.00000
156.5 52.17786 14 1.00000
156.6 52.26582 14 1.00000
156.7 52.35360 14 1.00000
156.8 51.96727 14 1.00000
156.9 52.05555 14 1.00000
157.0 52.14352 14 1.00000
157.1 52.23142 14 1.00000
157.2 52.31914 14 1.00000
157.3 51.92065 14 1.00000
157.4 52.02118 14 1.00000
157.5 52.10925 14 1.00000
157.6 52.19724 14 1.00000
157.7 52.28513 14 1.00000
157.8 52.37281 14 1.00000
157.9 51.97421 14 1.00000
158.0 52.07555 14 1.00000
158.1 52.16353 14 1.00000
158.2 52.25129 14 1.00000
158.3 52.33917 14 1.00000
158.4 51.94086 14 1.00000
158.5 52.02826 14 1.00000
158.6 52.13026 14 1.00000
158.7 52.21779 14 1.00000
158.8 52.30608 14 1.00000
158.9 52.39376 14 1.00000
159.0 51.99530 14 1.00000
159.1 52.09706 14 1.00000
159.2 52.18510 14 1.00000
159.3 52.27314 14 1.00000
159.4 52.36091 14 1.00000
159.5 51.96244 14 1.00000
159.6 52.05009 14 1.00000
159.7 52.15257 14 1.00000
159.8 52.24043 14 1.00000
159.9 52.32825 14 1.00000
160.0 51.92993 14 1.00000
160.1 52.01761 14 1.00000
160.2 52.10533 14 1.00000
160.3 52.20794 14 1.00000
160.4 52.29609 14 1.00000
160.5 52.38410 14 1.00000
160.6 51.98572 14 1.00000
160.7 52.07318 14 1.00000
160.8 52.16087 14 1.00000
160.9 52.26429 14 1.00000
161.0 52.35231 14 1.00000
161.1 51.95393 14 1.00000
161.2 52.04171 14 1.00000
161.3 52.12944 14 1.00000
161.4 52.23274 14 1.00000
161.5 52.32071 14 1.00000
161.6 51.92247 14 1.00000
161.7 52.01024 14 1.00000
161.8 52.09805 14 1.00000
161.9 52.18555 14 1.00000
162.0 52.28954 14 1.00000
162.1 52.37746 14 1.00000
162.2 51.97911 14 1.00000
162.3 52.06696 14 1.00000
162.4 52.15479 14 1.00000
162.5 52.24231 14 1.00000
162.6 52.34696 14 1.00000
162.7 51.94860 14 1.00000
162.8 52.03649 14 1.00000
162.9 52.12435 14 1.00000
163.0 52.21167 14 1.00000
163.1 52.29937 14 1.00000
163.2 51.91824 14 1.00000
163.3 52.00611 14 1.00000
163.4 52.09401 14 1.00000
163.5 52.18155 14 1.00000
163.6 52.26918 14 1.00000
163.7 52.35682 14 1.00000
163.8 51.97602 14 1.00000
163.9 52.06395 14 1.00000
164.0 52.15182 14 1.00000
164.1 52.23948 14 1.00000
164.2 52.32706 14 1.00000
164.3 51.92844 14 1.00000
164.4 52.03456 14 1.00000
164.5 52.12218 14 1.00000
164.6 52.20983 14 1.00000
164.7 52.29772 14 1.00000
164.8 52.38525 14 1.00000
164.9 51.98658 14 1.00000
165.0 52.09315 14 1.00000
165.1 52.18079 14 1.00000
165.2 52.26845 14 1.00000
165.3 52.35628 14 1.00000
165.4 51.95760 14 1.00000
165.5 52.06411 14 1.00000
165.6 52.15207 14 1.00000
165.7 52.23977 14 1.00000
165.8 52.32744 14 1.00000
165.9 51.92901 14 1.00000
166.0 52.01654 14 1.00000
166.1 52.12350 14 1.00000
166.2 52.21124 14 1.00000
166.3 52.29917 14 1.00000
166.4 52.38679 14 1.00000
166.5 51.98826 14 1.00000
166.6 52.07586 14 1.00000
166.7 52.18315 14 1.00000
166.8 52.27096 14 1.00000
166.9 52.35883 14 1.00000
167.0 51.96024 14 1.00000
167.1 52.04787 14 1.00000
167.2 52.13549 14 1.00000
167.3 52.24323 14 1.00000
167.4 52.33099 14 1.00000
167.5 51.93260 14 1.00000
167.6 52.02027 14 1.00000
167.7 52.10793 14 1.00000
167.8 52.19522 14 1.00000
167.9 52.30367 14 1.00000
168.0 52.39137 14 1.00000
168.1 51.99298 14 1.00000
168.2 52.08067 14 1.00000
168.3 52.16824 14 1.00000
168.4 52.25566 14 1.00000
168.5 52.36444 14 1.00000
168.6 51.96601 14 1.00000
168.7 52.05373 14 1.00000
168.8 52.14134 14 1.00000
168.9 52.22874 14 1.00000
169.0 52.31641 14 1.00000
169.1 51.93930 14 1.00000
169.2 52.02706 14 1.00000
169.3 52.11475 14 1.00000
169.4 52.20219 14 1.00000
169.5 52.28984 14 1.00000
169.6 52.37748 14 1.00000
169.7 52.00076 14 1.00000
169.8 52.08853 14 1.00000
169.9 52.17624 14 1.00000
170.0 52.26369 14 1.00000
170.1 52.35136 14 1.00000
170.2 51.95293 14 1.00000
170.3 52.06251 14 1.00000
170.4 52.15031 14 1.00000
170.5 52.23780 14 1.00000
170.6 52.32550 14 1.00000
170.7 51.92712 14 1.00000
170.8 52.01485 14 1.00000
170.9 52.12469 14 1.00000
171.0 52.21216 14 1.00000
171.1 52.29990 14 1.00000
171.2 52.38767 14 1.00000
171.3 51.98934 14 1.00000
171.4 52.07714 14 1.00000
171.5 52.18688 14 1.00000
171.6 52.27466 14 1.00000
171.7 52.36242 14 1.00000
171.8 51.96413 14 1.00000
171.9 52.05197 14 1.00000
172.0 52.13979 14 1.00000
172.1 52.24971 14 1.00000
172.2 52.33756 14 1.00000
172.3 51.93923 14 1.00000
172.4 52.02710 14 1.00000
172.5 52.11495 14 1.00000
172.6 52.20255 14 1.00000
172.7 52.31290 14 1.00000
172.8 51.91462 14 1.00000
172.9 52.00253 14 1.00000
173.0 52.09047 14 1.00000
173.1 52.17810 14 1.00000
173.2 52.26590 14 1.00000
173.3 52.37649 14 1.00000
173.4 51.97826 14 1.00000
173.5 52.06619 14 1.00000
173.6 52.15414 14 1.00000
173.7 52.24179 14 1.00000
173.8 52.32965 14 1.00000
173.9 51.95434 14 1.00000
174.0 52.04225 14 1.00000
174.1 52.13024 14 1.00000
174.2 52.21786 14 1.00000
174.3 52.30581 14 1.00000
174.4 52.39364 14 1.00000
174.5 52.01865 14 1.00000
174.6 52.10662 14 1.00000
174.7 52.19429 14 1.00000
174.8 52.28227 14 1.00000
174.9 52.37019 14 1.00000
175.0 52.45808 14 1.00000
175.1 52.08326 14 1.00000
175.2 52.17130 14 1.00000
175.3 52.25898 14 1.00000
175.4 52.34692 14 1.00000
175.5 52.43485 14 1.00000
175.6 52.52258 14 1.00000
175.7 52.14831 14 1.00000
175.8 52.23608 14 1.00000
175.9 52.32405 14 1.00000
176.0 52.41201 14 1.00000
176.1 52.49972 14 1.00000
176.2 52.58759 14 1.00000
176.3 52.21335 14 1.00000
176.4 52.30137 14 1.00000
176.5 52.38941 14 1.00000
176.6 52.47710 14 1.00000
176.7 52.56511 14 1.00000
176.8 52.65299 14 1.00000
176.9 52.27907 14 1.00000
177.0 52.36705 14 1.00000
177.1 52.45506 14 1.00000
177.2 52.54281 14 1.00000
177.3 52.63078 14 1.00000
177.4 52.23317 14 1.00000
177.5 52.34507 14 1.00000
177.6 52.43311 14 1.00000
177.7 52.52085 14 1.00000
177.8 52.60891 14 1.00000
177.9 52.21125 14 1.00000
178.0 52.29933 14 1.00000
178.1 52.38744 14 1.00000
178.2 52.49916 14 1.00000
178.3 52.58725 14 1.00000
178.4 52.18960 14 1.00000
178.5 52.27771 14 1.00000
178.6 52.36586 14 1.00000
178.7 52.45389 14 1.00000
178.8 52.56583 14 1.00000
178.9 52.65393 14 1.00000
179.0 52.25638 14 1.00000
179.1 52.34456 14 1.00000
179.2 52.43267 14 1.00000
179.3 52.52053 14 1.00000
179.4 52.63287 14 1.00000
179.5 52.23532 14 1.00000
179.6 52.32349 14 1.00000
179.7 52.41164 14 1.00000
179.8 52.49952 14 1.00000
179.9 52.58763 14 1.00000
180.0 52.21454 14 1.00000
180.1 52.30274 14 1.00000
180.2 52.39097 14 1.00000
180.3 52.47884 14 1.00000
180.4 52.56702 14 1.00000
180.5 52.65514 14 1.00000
180.6 52.28230 14 1.00000
180.7 52.37051 14 1.00000
180.8 52.45866 14 1.00000
180.9 52.54659 14 1.00000
181.0 52.63479 14 1.00000
181.1 52.72287 14 1.00000
181.2 52.35028 14 1.00000
181.3 52.43856 14 1.00000
181.4 52.52647 14 1.00000
181.5 52.61471 14 1.00000
181.6 52.70282 14 1.00000
181.7 52.79078 14 1.00000
181.8 52.41863 14 1.00000
181.9 52.50668 14 1.00000
182.0 52.59489 14 1.00000
182.1 52.68304 14 1.00000
182.2 52.77103 14 1.00000
182.3 52.85919 14 1.00000
182.4 52.94727 14 1.00000
182.5 52.57534 14 1.00000
182.6 52.66352 14 1.00000
182.7 52.75173 14 1.00000
182.8 52.83973 14 1.00000
182.9 52.92789 14 1.00000
183.0 53.01599 14 1.00000
183.1 52.64431 14 1.00000
183.2 52.73255 14 1.00000
183.3 52.82053 14 1.00000
183.4 52.90868 14 1.00000
183.5 52.99686 14 1.00000
183.6 53.08478 14 1.00000
183.7 52.71357 14 1.00000
183.8 52.80159 14 1.00000
183.9 52.88977 14 1.00000
184.0 52.97799 14 1.00000
184.1 53.06594 14 1.00000
184.2 53.15412 14 1.00000
184.3 52.78291 14 1.00000
184.4 52.87113 14 1.00000
184.5 52.95942 14 1.00000
184.6 53.04765 14 1.00000
184.7 53.13556 14 1.00000
184.8 53.22374 14 1.00000
184.9 53.31195 14 1.00000
185.0 52.94105 14 1.00000
185.1 53.02925 14 1.00000
185.2 53.11731 14 1.00000
185.3 53.20552 14 1.00000
185.4 53.29366 14 1.00000
185.5 53.38165 14 1.00000
185.6 53.01122 14 1.00000
185.7 53.09925 14 1.00000
185.8 53.18750 14 1.00000
185.9 53.27572 14 1.00000
186.0 53.36364 14 1.00000
186.1 52.96779 14 1.00000
186.2 53.08139 14 1.00000
186.3 53.16967 14 1.00000
186.4 53.25793 14 1.00000
186.5 53.34617 14 1.00000
186.6 52.95009 14 1.00000
186.7 53.03846 14 1.00000
186.8 53.12653 14 1.00000
186.9 53.24043 14 1.00000
187.0 53.32870 14 1.00000
187.1 53.41671 14 1.00000
187.2 53.02103 14 1.00000
187.3 53.10912 14 1.00000
187.4 53.19738 14 1.00000
187.5 53.31152 14 1.00000
187.6 53.39951 14 1.00000
187.7 53.00383 14 1.00000
187.8 53.09191 14 1.00000
187.9 53.18030 14 1.00000
188.0 53.26862 14 1.00000
188.1 53.38255 14 1.00000
188.2 52.98683 14 1.00000
188.3 53.07504 14 1.00000
188.4 53.16336 14 1.00000
188.5 53.25176 14 1.00000
188.6 53.34004 14 1.00000
188.7 52.97016 14 1.00000
188.8 53.05859 14 1.00000
188.9 53.14671 14 1.00000
189.0 53.23514 14 1.00000
189.1 53.32350 14 1.00000
189.2 53.41161 14 1.00000
189.3 53.49993 14 1.00000
189.4 53.13033 14 1.00000
189.5 53.21875 14 1.00000
189.6 53.30714 14 1.00000
189.7 53.39523 14 1.00000
189.8 53.48363 14 1.00000
189.9 53.57196 14 1.00000
190.0 53.20253 14 1.00000
190.1 53.29100 14 1.00000
190.2 53.37912 14 1.00000
190.3 53.46755 14 1.00000
190.4 53.55591 14 1.00000
190.5 53.64425 14 1.00000
190.6 53.73234 14 1.00000
190.7 53.36324 14 1.00000
190.8 53.45165 14 1.00000
190.9 53.54005 14 1.00000
191.0 53.62847 14 1.00000
191.1 53.71658 14 1.00000
191.2 53.80486 14 1.00000
191.3 53.43608 14 1.00000
191.4 53.52451 14 1.00000
191.5 53.61286 14 1.00000
191.6 53.70106 14 1.00000
191.7 53.78942 14 1.00000
191.8 53.87770 14 1.00000
191.9 53.50909 14 1.00000
192.0 53.59752 14 1.00000
192.1 53.68575 14 1.00000
192.2 53.77413 14 1.00000
192.3 53.86245 14 1.00000
192.4 53.95085 14 1.00000
192.5 54.03889 14 1.00000
192.6 53.67064 14 1.00000
192.7 53.75901 14 1.00000
192.8 53.84741 14 1.00000
192.9 53.93579 14 1.00000
193.0 54.02396 14 1.00000
193.1 54.11225 14 1.00000
193.2 53.74416 14 1.00000
193.3 53.83264 14 1.00000
193.4 53.92105 14 1.00000
193.5 54.00920 14 1.00000
193.6 54.09757 14 1.00000
193.7 54.18591 14 1.00000
193.8 54.27395 14 1.00000
193.9 53.90647 14 1.00000
194.0 53.99466 14 1.00000
194.1 54.08305 14 1.00000
194.2 54.17138 14 1.00000
194.3 54.25954 14 1.00000
194.4 54.34788 14 1.00000
194.5 53.98027 14 1.00000
194.6 54.06874 14 1.00000
194.7 54.15714 14 1.00000
194.8 54.24553 14 1.00000
194.9 54.33360 14 1.00000
195.0 54.42194 14 1.00000
195.1 54.51031 14 1.00000
195.2 54.14306 14 1.00000
195.3 54.23142 14 1.00000
195.4 54.31963 14 1.00000
195.5 54.40800 14 1.00000
195.6 54.49635 14 1.00000
195.7 54.58438 14 1.00000
195.8 54.21757 14 1.00000
195.9 54.30581 14 1.00000
196.0 54.39416 14 1.00000
196.1 54.48258 14 1.00000
196.2 54.57066 14 1.00000
196.3 54.65899 14 1.00000
196.4 54.74735 14 1.00000
196.5 54.38062 14 1.00000
196.6 54.46898 14 1.00000
196.7 54.55717 14 1.00000
196.8 54.64549 14 1.00000
196.9 54.73388 14 1.00000
197.0 54.82215 14 1.00000
197.1 54.45566 14 1.00000
197.2 54.54403 14 1.00000
197.3 54.63218 14 1.00000
197.4 54.72055 14 1.00000
197.5 54.80890 14 1.00000
197.6 54.41556 14 1.00000
197.7 54.50399 14 1.00000
197.8 54.61911 14 1.00000
197.9 54.70746 14 1.00000
198.0 54.79589 14 1.00000
198.1 54.40245 14 1.00000
198.2 54.49097 14 1.00000
198.3 54.57917 14 1.00000
198.4 54.69461 14 1.00000
198.5 54.78297 14 1.00000
198.6 54.38964 14 1.00000
198.7 54.47808 14 1.00000
198.8 54.56637 14 1.00000
198.9 54.65477 14 1.00000
199.0 54.74319 14 1.00000
199.1 54.37694 14 1.00000
199.2 54.46544 14 1.00000
199.3 54.55394 14 1.00000
199.4 54.64223 14 1.00000
199.5 54.73063 14 1.00000
199.6 54.81912 14 1.00000
199.7 54.45303 14 1.00000
199.8 54.54155 14 1.00000
199.9 54.62978 14 1.00000
200.0 54.71826 14 1.00000
200.1 54.80672 14 1.00000
200.2 54.89497 14 1.00000
200.3 54.98334 14 1.00000
200.4 54.61760 14 1.00000
200.5 54.70605 14 1.00000
200.6 54.79454 14 1.00000
200.7 54.88277 14 1.00000
200.8 54.97127 14 1.00000
200.9 55.05969 14 1.00000
201.0 55.14809 14 1.00000
201.1 54.78259 14 1.00000
201.2 54.87085 14 1.00000
201.3 54.95927 14 1.00000
201.4 55.04773 14 1.00000
201.5 55.13621 14 1.00000
201.6 55.22438 14 1.00000
201.7 54.85906 14 1.00000
201.8 54.94751 14 1.00000
201.9 55.03604 14 1.00000
202.0 55.12444 14 1.00000
202.1 55.21265 14 1.00000
202.2 55.30106 14 1.00000
202.3 55.38951 14 1.00000
202.4 55.02447 14 1.00000
202.5 55.11290 14 1.00000
202.6 55.20119 14 1.00000
202.7 55.28958 14 1.00000
202.8 55.37805 14 1.00000
202.9 55.46622 14 1.00000
203.0 55.55454 14 1.00000
203.1 55.18984 14 1.00000
203.2 55.27826 14 1.00000
203.3 55.36675 14 1.00000
203.4 55.45517 14 1.00000
203.5 55.54329 14 1.00000
203.6 55.63167 14 1.00000
203.7 55.26709 14 1.00000
203.8 55.35561 14 1.00000
203.9 55.44406 14 1.00000
204.0 55.53226 14 1.00000
204.1 55.62067 14 1.00000
204.2 55.70900 14 1.00000
204.3 55.79713 14 1.00000
204.4 55.43311 14 1.00000
204.5 55.52129 14 1.00000
204.6 55.60972 14 1.00000
204.7 55.69818 14 1.00000
204.8 55.78630 14 1.00000
204.9 55.87471 14 1.00000
205.0 55.96306 14 1.00000
205.1 55.59899 14 1.00000
205.2 55.68743 14 1.00000
205.3 55.77561 14 1.00000
205.4 55.86406 14 1.00000
205.5 55.95238 14 1.00000
205.6 56.04079 14 1.00000
205.7 55.67693 14 1.00000
205.8 55.76509 14 1.00000
205.9 55.85356 14 1.00000
206.0 55.94196 14 1.00000
206.1 56.03033 14 1.00000
206.2 56.11846 14 1.00000
206.3 56.20679 14 1.00000
206.4 55.84320 14 1.00000
206.5 55.93157 14 1.00000
206.6 56.01997 14 1.00000
206.7 56.10812 14 1.00000
206.8 56.19653 14 1.00000
206.9 56.28487 14 1.00000
207.0 56.37296 14 1.00000
207.1 56.00982 14 1.00000
207.2 56.09799 14 1.00000
207.3 56.18637 14 1.00000
207.4 56.27479 14 1.00000
207.5 56.36308 14 1.00000
207.6 56.45122 14 1.00000
207.7 56.53952 14 1.00000
207.8 56.17646 14 1.00000
207.9 56.26485 14 1.00000
208.0 56.35317 14 1.00000
208.1 56.44133 14 1.00000
208.2 56.52961 14 1.00000
208.3 56.61795 14 1.00000
208.4 56.70601 14 1.00000
208.5 56.34340 14 1.00000
208.6 56.43159 14 1.00000
208.7 56.51989 14 1.00000
208.8 56.60821 14 1.00000
208.9 56.69629 14 1.00000
209.0 56.78457 14 1.00000
209.1 56.42202 14 1.00000
209.2 56.51045 14 1.00000
209.3 56.59875 14 1.00000
209.4 56.68690 14 1.00000
209.5 56.77522 14 1.00000
209.6 56.86350 14 1.00000
209.7 56.95172 14 1.00000
209.8 56.58954 14 1.00000
209.9 56.67773 14 1.00000
210.0 56.76601 14 1.00000
210.1 56.85433 14 1.00000
210.2 56.94262 14 1.00000
210.3 57.03067 14 1.00000
210.4 56.64146 14 1.00000
210.5 56.75717 14 1.00000
210.6 56.84551 14 1.00000
210.7 56.93378 14 1.00000
210.8 57.02185 14 1.00000
210.9 56.63271 14 1.00000
211.0 56.72087 14 1.00000
211.1 56.80919 14 1.00000
211.2 56.92524 14 1.00000
211.3 57.01329 14 1.00000
211.4 56.62412 14 1.00000
211.5 56.71236 14 1.00000
211.6 56.80070 14 1.00000
211.7 56.88912 14 1.00000
211.8 56.97747 14 1.00000
211.9 56.61588 14 1.00000
212.0 56.70409 14 1.00000
212.1 56.79247 14 1.00000
212.2 56.88086 14 1.00000
212.3 56.96924 14 1.00000
212.4 57.05737 14 1.00000
212.5 57.14576 14 1.00000
212.6 56.78448 14 1.00000
212.7 56.87291 14 1.00000
212.8 56.96136 14 1.00000
212.9 57.04947 14 1.00000
213.0 57.13789 14 1.00000
213.1 57.22617 14 1.00000
213.2 57.31432 14 1.00000
213.3 56.95364 14 1.00000
213.4 57.04182 14 1.00000
213.5 57.13026 14 1.00000
213.6 57.21858 14 1.00000
213.7 57.30670 14 1.00000
213.8 57.39508 14 1.00000
213.9 57.48333 14 1.00000
214.0 57.12285 14 1.00000
214.1 57.21125 14 1.00000
214.2 57.29944 14 1.00000
214.3 57.38774 14 1.00000
214.4 57.47612 14 1.00000
214.5 57.56443 14 1.00000
214.6 57.65244 14 1.00000
214.7 57.29238 14 1.00000
214.8 57.38076 14 1.00000
214.9 57.46912 14 1.00000
215.0 57.55746 14 1.00000
215.1 57.64554 14 1.00000
215.2 57.73384 14 1.00000
215.3 57.37393 14 1.00000
215.4 57.46232 14 1.00000
215.5 57.55068 14 1.00000
215.6 57.63880 14 1.00000
215.7 57.72712 14 1.00000
215.8 57.81546 14 1.00000
215.9 57.90369 14 1.00000
216.0 57.54421 14 1.00000
216.1 57.63240 14 1.00000
216.2 57.72070 14 1.00000
216.3 57.80902 14 1.00000
216.4 57.89738 14 1.00000
216.5 57.98538 14 1.00000
216.6 58.07364 14 1.00000
216.7 57.71453 14 1.00000
216.8 57.80294 14 1.00000
216.9 57.89122 14 1.00000
217.0 57.97935 14 1.00000
217.1 58.06763 14 1.00000
217.2 58.15585 14 1.00000
217.3 58.24387 14 1.00000
217.4 57.88540 14 1.00000
217.5 57.97346 14 1.00000
217.6 58.06183 14 1.00000
217.7 58.15012 14 1.00000
217.8 58.23816 14 1.00000
217.9 58.32636 14 1.00000
218.0 58.41459 14 1.00000
218.1 58.50279 14 1.00000
218.2 58.14459 14 1.00000
218.3 58.23261 14 1.00000
218.4 58.32094 14 1.00000
218.5 58.40914 14 1.00000
218.6 58.49743 14 1.00000
218.7 58.58541 14 1.00000
218.8 58.67355 14 1.00000
218.9 58.31567 14 1.00000
219.0 58.40400 14 1.00000
219.1 58.49221 14 1.00000
219.2 58.58027 14 1.00000
219.3 58.66848 14 1.00000
219.4 58.75667 14 1.00000
219.5 58.84457 14 1.00000
219.6 58.48729 14 1.00000
219.7 58.57533 14 1.00000
219.8 58.66357 14 1.00000
219.9 58.75179 14 1.00000
220.0 58.83976 14 1.00000
220.1 58.92794 14 1.00000
220.2 59.01609 14 1.00000
220.3 58.65895 14 1.00000
220.4 58.74720 14 1.00000
220.5 58.83548 14 1.00000
220.6 58.92345 14 1.00000
220.7 59.01163 14 1.00000
220.8 59.09974 14 1.00000
220.9 59.18766 14 1.00000
221.0 58.83111 14 1.00000
221.1 58.91917 14 1.00000
221.2 59.00733 14 1.00000
221.3 59.09556 14 1.00000
221.4 59.18345 14 1.00000
221.5 59.27160 14 1.00000
221.6 59.35971 14 1.00000
221.7 59.00337 14 1.00000
221.8 59.09158 14 1.00000
221.9 59.17955 14 1.00000
222.0 59.26772 14 1.00000
222.1 59.35582 14 1.00000
222.2 59.44394 14 1.00000
222.3 59.53182 14 1.00000
222.4 59.17584 14 1.00000
222.5 59.26399 14 1.00000
222.6 59.35216 14 1.00000
222.7 59.44032 14 1.00000
222.8 59.52822 14 1.00000
222.9 59.61633 14 1.00000
223.0 59.70441 14 1.00000
223.1 59.34881 14 1.00000
223.2 59.43699 14 1.00000
223.3 59.52487 14 1.00000
223.4 59.61301 14 1.00000
223.5 59.70117 14 1.00000
223.6 59.78899 14 1.00000
223.7 59.87706 14 1.00000
223.8 59.52182 14 1.00000
223.9 59.60993 14 1.00000
224.0 59.69807 14 1.00000
224.1 59.78596 14 1.00000
224.2 59.87406 14 1.00000
224.3 59.96214 14 1.00000
224.4 60.05024 14 1.00000
224.5 60.13799 14 1.00000
224.6 59.78319 14 1.00000
224.7 59.87132 14 1.00000
224.8 59.95947 14 1.00000
224.9 60.04754 14 1.00000
225.0 60.13533 14 1.00000
225.1 60.22341 14 1.00000
225.2 60.31137 14 1.00000
225.3 59.95699 14 1.00000
225.4 60.04510 14 1.00000
225.5 60.13296 14 1.00000
225.6 60.22102 14 1.00000
225.7 60.30901 14 1.00000
225.8 59.92547 14 1.00000
225.9 60.01355 14 1.00000
226.0 60.13074 14 1.00000
226.1 60.21883 14 1.00000
226.2 60.30689 14 1.00000
226.3 59.92337 14 1.00000
226.4 60.01153 14 1.00000
226.5 60.09944 14 1.00000
226.6 60.18756 14 1.00000
226.7 60.30507 14 1.00000
226.8 59.92152 14 1.00000
226.9 60.00966 14 1.00000
227.0 60.09760 14 1.00000
227.1 60.18574 14 1.00000
227.2 60.27386 14 1.00000
227.3 60.36200 14 1.00000
227.4 60.44980 14 1.00000
227.5 60.09610 14 1.00000
227.6 60.18422 14 1.00000
227.7 60.27236 14 1.00000
227.8 60.36053 14 1.00000
227.9 60.44841 14 1.00000
228.0 60.53649 14 1.00000
228.1 60.62450 14 1.00000
228.2 60.27116 14 1.00000
228.3 60.35931 14 1.00000
228.4 60.44717 14 1.00000
228.5 60.53527 14 1.00000
228.6 60.62341 14 1.00000
228.7 60.71147 14 1.00000
228.8 60.79929 14 1.00000
228.9 60.44627 14 1.00000
229.0 60.53440 14 1.00000
229.1 60.62251 14 1.00000
229.2 60.71060 14 1.00000
229.3 60.79844 14 1.00000
229.4 60.88649 14 1.00000
229.5 60.97451 14 1.00000
229.6 60.62186 14 1.00000
229.7 60.70992 14 1.00000
229.8 60.79779 14 1.00000
229.9 60.88586 14 1.00000
230.0 60.97396 14 1.00000
230.1 61.06177 14 1.00000
230.2 61.14977 14 1.00000
230.3 61.23775 14 1.00000
230.4 60.88554 14 1.00000
230.5 60.97366 14 1.00000
230.6 61.06144 14 1.00000
230.7 61.14952 14 1.00000
230.8 61.23753 14 1.00000
230.9 61.32547 14 1.00000
231.0 61.41322 14 1.00000
231.1 61.06147 14 1.00000
231.2 61.14947 14 1.00000
231.3 61.23751 14 1.00000
231.4 61.32557 14 1.00000
231.5 61.41329 14 1.00000
231.6 61.50131 14 1.00000
231.7 61.58926 14 1.00000
231.8 61.67696 14 1.00000
231.9 61.32582 14 1.00000
232.0 61.41361 14 1.00000
232.1 61.50166 14 1.00000
232.2 61.58958 14 1.00000
232.3 61.67736 14 1.00000
232.4 61.76530 14 1.00000
232.5 61.85320 14 1.00000
232.6 61.50220 14 1.00000
232.7 61.59025 14 1.00000
232.8 61.67801 14 1.00000
232.9 61.76591 14 1.00000
233.0 61.85390 14 1.00000
233.1 61.94176 14 1.00000
233.2 62.02943 14 1.00000
233.3 61.67890 14 1.00000
233.4 61.76688 14 1.00000
233.5 61.85484 14 1.00000
233.6 61.94278 14 1.00000
233.7 62.03048 14 1.00000
233.8 62.11832 14 1.00000
233.9 62.20625 14 1.00000
234.0 62.29404 14 1.00000
234.1 61.94394 14 1.00000
234.2 62.03171 14 1.00000
234.3 62.11958 14 1.00000
234.4 62.20748 14 1.00000
234.5 62.29536 14 1.00000
234.6 62.38300 14 1.00000
234.7 62.47088 14 1.00000
234.8 62.12114 14 1.00000
234.9 62.20901 14 1.00000
235.0 62.29692 14 1.00000
235.1 62.38458 14 1.00000
235.2 62.47244 14 1.00000
235.3 62.56028 14 1.00000
235.4 62.64788 14 1.00000
235.5 62.73567 14 1.00000
235.6 62.38641 14 1.00000
235.7 62.47434 14 1.00000
235.8 62.56221 14 1.00000
235.9 62.64983 14 1.00000
236.0 62.73760 14 1.00000
236.1 62.82545 14 1.00000
236.2 62.91322 14 1.00000
236.3 62.56428 14 1.00000
236.4 62.65193 14 1.00000
236.5 62.73977 14 1.00000
236.6 62.82760 14 1.00000
236.7 62.91545 14 1.00000
236.8 63.00296 14 1.00000
236.9 63.09077 14 1.00000
237.0 63.17846 14 1.00000
237.1 62.83004 14 1.00000
237.2 62.91787 14 1.00000
237.3 63.00551 14 1.00000
237.4 63.09329 14 1.00000
237.5 63.18105 14 1.00000
237.6 63.26858 14 1.00000
237.7 63.35625 14 1.00000
237.8 63.00824 14 1.00000
237.9 63.09605 14 1.00000
238.0 63.18384 14 1.00000
238.1 63.27139 14 1.00000
238.2 63.35914 14 1.00000
238.3 63.44681 14 1.00000
238.4 63.53456 14 1.00000
238.5 63.62202 14 1.00000
238.6 63.27439 14 1.00000
238.7 63.36217 14 1.00000
238.8 63.44997 14 1.00000
238.9 63.53769 14 1.00000
239.0 63.62518 14 1.00000
239.1 63.71285 14 1.00000
239.2 63.80053 14 1.00000
239.3 63.45326 14 1.00000
239.4 63.54102 14 1.00000
239.5 63.62858 14 1.00000
239.6 63.71629 14 1.00000
239.7 63.80398 14 1.00000
239.8 63.89165 14 1.00000
239.9 63.97903 14 1.00000
240.0 64.06670 14 1.00000
240.1 63.71991 14 1.00000
240.2 63.80762 14 1.00000
240.3 63.89536 14 1.00000
240.4 63.98277 14 1.00000
240.5 64.07047 14 1.00000
240.6 64.15810 14 1.00000
240.7 64.24544 14 1.00000
240.8 64.33307 14 1.00000
240.9 63.98680 14 1.00000
241.0 64.07442 14 1.00000
241.1 64.16208 14 1.00000
241.2 64.24950 14 1.00000
241.3 64.33715 14 1.00000
241.4 64.42469 14 1.00000
241.5 64.51225 14 1.00000
241.6 64.16635 14 1.00000
241.7 64.25379 14 1.00000
241.8 64.34148 14 1.00000
241.9 64.42904 14 1.00000
242.0 64.51669 14 1.00000
242.1 64.60404 14 1.00000
242.2 64.69154 14 1.00000
242.3 64.77911 14 1.00000
242.4 64.43363 14 1.00000
242.5 64.52125 14 1.00000
242.6 64.60868 14 1.00000
242.7 64.69621 14 1.00000
242.8 64.78381 14 1.00000
242.9 64.87134 14 1.00000
243.0 64.49576 14 1.00000
243.1 64.58318 14 1.00000
243.2 64.70111 14 1.00000
243.3 64.78869 14 1.00000
243.4 64.87630 14 1.00000
243.5 64.50080 14 1.00000
243.6 64.58819 14 1.00000
243.7 64.67582 14 1.00000
243.8 64.76347 14 1.00000
243.9 64.88149 14 1.00000
244.0 64.50598 14 1.00000
244.1 64.59350 14 1.00000
244.2 64.68115 14 1.00000
244.3 64.76878 14 1.00000
244.4 64.85640 14 1.00000
244.5 64.94377 14 1.00000
244.6 65.03134 14 1.00000
244.7 64.68667 14 1.00000
244.8 64.77428 14 1.00000
244.9 64.86197 14 1.00000
245.0 64.94937 14 1.00000
245.1 65.03692 14 1.00000
245.2 65.12454 14 1.00000
245.3 65.21183 14 1.00000
245.4 65.29941 14 1.00000
245.5 64.95521 14 1.00000
245.6 65.04278 14 1.00000
245.7 65.13037 14 1.00000
245.8 65.21779 14 1.00000
245.9 65.30530 14 1.00000
246.0 65.39283 14 1.00000
246.1 65.48034 14 1.00000
246.2 65.56767 14 1.00000
246.3 65.22388 14 1.00000
246.4 65.31152 14 1.00000
246.5 65.39903 14 1.00000
246.6 65.48656 14 1.00000
246.7 65.57392 14 1.00000
246.8 65.66142 14 1.00000
246.9 65.74884 14 1.00000
247.0 65.40546 14 1.00000
247.1 65.49308 14 1.00000
247.2 65.58036 14 1.00000
247.3 65.66793 14 1.00000
247.4 65.75538 14 1.00000
247.5 65.84286 14 1.00000
247.6 65.93015 14 1.00000
247.7 66.01754 14 1.00000
247.8 65.67468 14 1.00000
247.9 65.76221 14 1.00000
248.0 65.84966 14 1.00000
248.1 65.93693 14 1.00000
248.2 66.02439 14 1.00000
248.3 66.11183 14 1.00000
248.4 66.19904 14 1.00000
248.5 66.28648 14 1.00000
248.6 65.94405 14 1.00000
248.7 66.03153 14 1.00000
248.8 66.11894 14 1.00000
248.9 66.20618 14 1.00000
249.0 66.29359 14 1.00000
249.1 66.38105 14 1.00000
249.2 66.46842 14 1.00000
249.3 66.55557 14 1.00000
249.4 66.21360 14 1.00000
249.5 66.30099 14 1.00000
249.6 66.38842 14 1.00000
249.7 66.47583 14 1.00000
249.8 66.56300 14 1.00000
249.9 66.65036 14 1.00000
250.0 66.73775 14 1.00000
