15.0 1.27432 13 0.03099
15.1 1.28136 13 0.03145
15.2 1.28861 13 0.03191
15.3 1.29568 13 0.03236
15.4 1.30278 13 0.03281
15.5 1.30990 13 0.03325
15.6 1.31703 13 0.03369
15.7 1.32419 13 0.03412
15.8 1.33137 13 0.03455
15.9 1.33858 13 0.03498
16.0 1.34555 13 0.03539
16.1 1.35280 13 0.03582
16.2 1.35980 13 0.03622
16.3 1.36682 13 0.03662
16.4 1.37413 13 0.03704
16.5 1.38117 13 0.03743
16.6 1.38823 13 0.03782
16.7 1.39562 13 0.03823
16.8 1.40271 13 0.03862
16.9 1.40982 13 0.03900
17.0 1.41695 13 0.03938
17.1 1.42374 13 0.03974
17.2 1.43089 13 0.04012
17.3 1.43805 13 0.04049
17.4 1.44523 13 0.04086
17.5 1.45206 13 0.04121
17.6 1.45926 13 0.04158
17.7 1.46610 13 0.04192
17.8 1.47333 13 0.04228
17.9 1.48017 13 0.04262
18.0 1.48744 13 0.04298
18.1 1.49430 13 0.04331
18.2 1.50115 13 0.04364
18.3 1.50846 13 0.04399
18.4 1.51533 13 0.04432
18.5 1.52221 13 0.04464
18.6 1.52909 13 0.04497
18.7 1.53645 13 0.04531
18.8 1.54335 13 0.04562
18.9 1.55025 13 0.04594
19.0 1.55715 13 0.04625
19.1 1.56405 13 0.04656
19.2 1.57096 13 0.04687
19.3 1.57788 13 0.04718
19.4 1.58480 13 0.04748
19.5 1.59172 13 0.04779
19.6 1.59865 13 0.04809
19.7 1.60500 13 0.04836
19.8 1.61193 13 0.04866
19.9 1.61887 13 0.04895
20.0 1.62581 13 0.04924
20.1 1.63275 13 0.04953
20.2 1.63907 13 0.04980
20.3 1.64613 13 0.05009
20.4 1.65309 13 0.05037
20.5 1.66005 13 0.05066
20.6 1.66634 13 0.05091
20.7 1.67331 13 0.05119
20.8 1.68028 13 0.05147
20.9 1.68655 13 0.05172
21.0 1.69353 13 0.05200
21.1 1.69978 13 0.05224
21.2 1.70676 13 0.05252
21.3 1.71299 13 0.05276
21.4 1.71997 13 0.05303
21.5 1.72697 13 0.05329
21.6 1.73318 13 0.05353
21.7 1.74017 13 0.05380
21.8 1.74637 13 0.05403
21.9 1.75337 13 0.05429
22.0 1.75955 13 0.05452
22.1 1.76656 13 0.05478
22.2 1.77272 13 0.05501
22.3 1.77887 13 0.05523
22.4 1.78588 13 0.05549
22.5 1.79201 13 0.05571
22.6 1.80108 13 0.05610
22.7 1.81034 13 0.05654
22.8 1.82105 13 0.05704
22.9 1.83039 13 0.05748
23.0 1.83975 13 0.05792
23.1 1.85063 13 0.05843
23.2 1.86007 13 0.05887
23.3 1.86954 13 0.05931
23.4 1.88059 13 0.05982
23.5 1.89013 13 0.06026
23.6 1.89969 13 0.06070
23.7 1.91093 13 0.06122
23.8 1.92057 13 0.06166
23.9 18.43134 14 1.00000
24.0 18.49731 14 1.00000
24.1 18.55323 14 1.00000
24.2 18.60899 14 1.00000
24.3 18.66457 14 1.00000
24.4 18.73036 14 1.00000
24.5 18.78570 14 1.00000
24.6 18.84087 14 1.00000
24.7 18.89591 14 1.00000
24.8 18.96154 14 1.00000
24.9 19.01631 14 1.00000
25.0 19.07092 14 1.00000
25.1 19.12536 14 1.00000
25.2 19.19083 14 1.00000
25.3 19.24504 14 1.00000
25.4 19.29909 14 1.00000
25.5 19.35298 14 1.00000
25.6 19.40670 14 1.00000
25.7 19.47198 14 1.00000
25.8 19.52549 14 1.00000
25.9 19.57883 14 1.00000
26.0 19.63204 14 1.00000
26.1 19.68507 14 1.00000
26.2 19.73794 14 1.00000
26.3 19.80299 14 1.00000
26.4 19.85564 14 1.00000
26.5 19.90814 14 1.00000
26.6 19.96048 14 1.00000
26.7 20.01267 14 1.00000
26.8 20.06470 14 1.00000
26.9 20.11658 14 1.00000
27.0 20.18115 14 1.00000
27.1 20.23211 14 1.00000
27.2 20.28292 14 1.00000
27.3 20.33357 14 1.00000
27.4 20.38407 14 1.00000
27.5 20.43442 14 1.00000
27.6 20.48462 14 1.00000
27.7 20.53464 14 1.00000
27.8 20.59820 14 1.00000
27.9 20.64801 14 1.00000
28.0 20.69768 14 1.00000
28.1 20.74721 14 1.00000
28.2 20.79658 14 1.00000
28.3 5.52623 14 0.23194
28.4 5.62467 14 0.23629
28.5 5.72357 14 0.24065
28.6 5.82294 14 0.24501
28.7 5.92277 14 0.24938
28.8 6.05360 14 0.25507
28.9 6.15477 14 0.25946
29.0 6.25639 14 0.26385
29.1 6.35846 14 0.26824
29.2 6.46097 14 0.27264
29.3 6.56392 14 0.27703
29.4 6.66731 14 0.28143
29.5 6.77113 14 0.28584
29.6 6.87537 14 0.29024
29.7 6.98004 14 0.29465
29.8 7.08513 14 0.29906
29.9 7.19063 14 0.30347
30.0 7.29655 14 0.30789
30.1 7.40287 14 0.31230
30.2 7.50960 14 0.31672
30.3 7.61672 14 0.32114
30.4 7.76223 14 0.32712
30.5 7.87062 14 0.33156
30.6 7.97940 14 0.33599
30.7 8.08857 14 0.34043
30.8 8.19813 14 0.34487
30.9 8.30806 14 0.34931
31.0 8.41838 14 0.35375
31.1 8.52907 14 0.35820
31.2 8.64012 14 0.36264
31.3 8.75154 14 0.36708
31.4 8.86332 14 0.37153
31.5 8.97546 14 0.37597
31.6 9.08797 14 0.38042
31.7 9.20082 14 0.38486
31.8 9.31402 14 0.38931
31.9 9.42757 14 0.39376
32.0 9.54146 14 0.39820
32.1 9.65568 14 0.40265
32.2 9.77025 14 0.40709
32.3 9.88514 14 0.41154
32.4 10.00037 14 0.41598
32.5 10.11592 14 0.42043
32.6 10.23179 14 0.42487
32.7 10.34799 14 0.42931
32.8 10.46451 14 0.43376
32.9 10.58134 14 0.43820
33.0 10.69848 14 0.44264
33.1 10.81592 14 0.44708
33.2 10.93367 14 0.45152
33.3 11.05172 14 0.45596
33.4 11.17007 14 0.46040
33.5 11.28872 14 0.46483
33.6 11.40766 14 0.46927
33.7 11.52689 14 0.47370
33.8 11.64641 14 0.47813
33.9 11.76622 14 0.48257
34.0 11.88630 14 0.48700
34.1 12.00665 14 0.49142
34.2 12.12728 14 0.49585
34.3 12.24819 14 0.50028
34.4 12.36937 14 0.50470
34.5 12.49083 14 0.50912
34.6 12.61255 14 0.51354
34.7 12.73453 14 0.51796
34.8 12.85677 14 0.52238
34.9 12.97927 14 0.52679
35.0 13.10202 14 0.53121
35.1 13.22503 14 0.53562
35.2 13.34830 14 0.54003
35.3 13.47180 14 0.54443
35.4 13.59555 14 0.54884
35.5 13.71953 14 0.55324
35.6 13.84376 14 0.55764
35.7 13.96822 14 0.56204
35.8 14.09292 14 0.56644
35.9 14.21784 14 0.57083
36.0 14.34300 14 0.57522
36.1 14.46838 14 0.57961
36.2 14.59399 14 0.58399
36.3 14.71982 14 0.58838
36.4 14.84587 14 0.59276
36.5 14.97214 14 0.59714
36.6 15.09862 14 0.60151
36.7 15.22532 14 0.60589
36.8 15.35221 14 0.61026
36.9 15.47931 14 0.61462
37.0 15.60661 14 0.61899
37.1 15.73414 14 0.62335
37.2 15.86186 14 0.62771
37.3 15.98978 14 0.63207
37.4 16.11790 14 0.63642
37.5 16.24621 14 0.64077
37.6 16.37472 14 0.64512
37.7 16.50341 14 0.64946
37.8 16.63230 14 0.65380
37.9 16.76137 14 0.65814
38.0 16.89063 14 0.66248
38.1 17.02007 14 0.66681
38.2 17.14969 14 0.67114
38.3 17.27949 14 0.67546
38.4 17.40946 14 0.67978
38.5 17.53960 14 0.68410
38.6 17.66990 14 0.68842
38.7 17.71451 14 0.68989
38.8 17.84447 14 0.69419
38.9 17.97462 14 0.69848
39.0 18.10493 14 0.70276
39.1 18.23541 14 0.70705
39.2 18.36604 14 0.71132
39.3 18.49682 14 0.71560
39.4 18.62776 14 0.71987
39.5 18.75886 14 0.72414
39.6 18.89010 14 0.72841
39.7 19.02149 14 0.73267
39.8 19.15303 14 0.73693
39.9 19.28472 14 0.74118
40.0 19.41655 14 0.74543
40.1 19.54851 14 0.74968
40.2 19.68063 14 0.75392
40.3 19.81287 14 0.75816
40.4 19.94526 14 0.76240
40.5 20.05462 14 0.76589
40.6 20.18711 14 0.77012
40.7 20.31973 14 0.77434
40.8 20.45247 14 0.77856
40.9 20.58534 14 0.78277
41.0 20.71833 14 0.78698
41.1 20.85143 14 0.79118
41.2 20.98466 14 0.79539
41.3 21.11802 14 0.79958
41.4 21.25149 14 0.80378
41.5 21.38508 14 0.80797
41.6 21.41341 14 0.80886
41.7 21.54651 14 0.81302
41.8 21.67972 14 0.81718
41.9 21.81303 14 0.82134
42.0 21.94647 14 0.82550
42.1 22.08000 14 0.82965
42.2 22.21365 14 0.83379
42.3 22.34740 14 0.83793
42.4 22.48127 14 0.84207
42.5 22.61525 14 0.84621
42.6 22.74932 14 0.85034
42.7 22.88349 14 0.85446
42.8 23.01775 14 0.85859
42.9 23.15212 14 0.86270
43.0 23.28657 14 0.86682
43.1 23.42112 14 0.87093
43.2 23.55576 14 0.87503
43.3 23.69049 14 0.87914
43.4 23.82530 14 0.88323
43.5 23.96022 14 0.88733
43.6 24.09521 14 0.89142
43.7 24.23028 14 0.89550
43.8 24.36544 14 0.89958
43.9 24.50069 14 0.90366
44.0 24.63603 14 0.90773
44.1 24.64842 14 0.90810
44.2 24.78317 14 0.91215
44.3 24.91799 14 0.91620
44.4 25.05289 14 0.92024
44.5 25.18791 14 0.92427
44.6 25.32296 14 0.92831
44.7 25.45810 14 0.93233
44.8 25.59331 14 0.93636
44.9 25.72857 14 0.94038
45.0 25.86390 14 0.94439
45.1 25.99930 14 0.94840
45.2 26.13476 14 0.95241
45.3 26.27029 14 0.95641
45.4 26.40589 14 0.96041
45.5 26.54153 14 0.96441
45.6 26.67726 14 0.96839
45.7 26.81306 14 0.97238
45.8 26.94892 14 0.97636
45.9 27.08483 14 0.98034
46.0 27.22081 14 0.98431
46.1 27.35683 14 0.98828
46.2 27.49292 14 0.99225
46.3 27.62905 14 0.99621
46.4 27.62540 14 0.99610
46.5 27.75986 14 1.00000
46.6 27.78966 14 1.00000
46.7 27.81940 14 1.00000
46.8 27.84906 14 1.00000
46.9 27.87864 14 1.00000
47.0 27.90818 14 1.00000
47.1 27.93764 14 1.00000
47.2 27.96703 14 1.00000
47.3 27.99634 14 1.00000
47.4 28.02560 14 1.00000
47.5 28.05479 14 1.00000
47.6 28.08391 14 1.00000
47.7 28.11296 14 1.00000
47.8 28.14195 14 1.00000
47.9 28.17087 14 1.00000
48.0 28.19972 14 1.00000
48.1 28.22850 14 1.00000
48.2 28.25723 14 1.00000
48.3 28.28587 14 1.00000
48.4 28.31447 14 1.00000
48.5 28.34299 14 1.00000
48.6 28.33881 14 1.00000
48.7 28.36712 14 1.00000
48.8 28.39535 14 1.00000
48.9 28.42353 14 1.00000
49.0 28.45164 14 1.00000
49.1 28.47968 14 1.00000
49.2 28.50768 14 1.00000
49.3 28.53559 14 1.00000
49.4 28.56346 14 1.00000
49.5 28.59126 14 1.00000
49.6 28.61899 14 1.00000
49.7 28.64666 14 1.00000
49.8 28.67428 14 1.00000
49.9 28.70182 14 1.00000
50.0 28.72931 14 1.00000
50.1 28.75672 14 1.00000
50.2 28.78408 14 1.00000
50.3 28.81138 14 1.00000
50.4 28.83863 14 1.00000
50.5 28.86580 14 1.00000
50.6 28.89293 14 1.00000
50.7 28.91998 14 1.00000
50.8 28.91260 14 1.00000
50.9 28.93945 14 1.00000
51.0 28.96624 14 1.00000
51.1 28.99299 14 1.00000
51.2 29.01966 14 1.00000
51.3 29.04628 14 1.00000
51.4 29.07283 14 1.00000
51.5 29.09933 14 1.00000
51.6 29.12577 14 1.00000
51.7 29.15216 14 1.00000
51.8 29.17848 14 1.00000
51.9 29.20475 14 1.00000
52.0 29.23096 14 1.00000
52.1 29.25712 14 1.00000
52.2 29.28322 14 1.00000
52.3 29.30925 14 1.00000
52.4 29.33523 14 1.00000
52.5 29.36116 14 1.00000
52.6 29.38701 14 1.00000
52.7 29.41284 14 1.00000
52.8 29.43860 14 1.00000
52.9 29.42832 14 1.00000
53.0 29.45387 14 1.00000
53.1 29.47938 14 1.00000
53.2 29.50484 14 1.00000
53.3 29.53024 14 1.00000
53.4 29.55558 14 1.00000
53.5 29.58088 14 1.00000
53.6 29.60612 14 1.00000
53.7 29.63130 14 1.00000
53.8 29.65642 14 1.00000
53.9 29.68150 14 1.00000
54.0 29.70651 14 1.00000
54.1 29.73148 14 1.00000
54.2 29.75639 14 1.00000
54.3 29.78124 14 1.00000
54.4 29.80605 14 1.00000
54.5 29.83081 14 1.00000
54.6 29.85551 14 1.00000
54.7 29.88017 14 1.00000
54.8 29.90476 14 1.00000
54.9 29.92932 14 1.00000
55.0 29.95381 14 1.00000
55.1 29.94061 14 1.00000
55.2 29.96492 14 1.00000
55.3 29.98919 14 1.00000
55.4 30.01339 14 1.00000
55.5 30.03756 14 1.00000
55.6 30.06165 14 1.00000
55.7 30.08572 14 1.00000
55.8 30.10972 14 1.00000
55.9 30.13368 14 1.00000
56.0 30.15758 14 1.00000
56.1 30.18144 14 1.00000
56.2 30.20524 14 1.00000
56.3 30.22900 14 1.00000
56.4 30.25270 14 1.00000
56.5 30.27635 14 1.00000
56.6 30.29998 14 1.00000
56.7 30.32353 14 1.00000
56.8 30.34706 14 1.00000
56.9 30.37053 14 1.00000
57.0 30.39394 14 1.00000
57.1 30.41732 14 1.00000
57.2 30.44063 14 1.00000
57.3 30.42468 14 1.00000
57.4 30.44782 14 1.00000
57.5 30.47092 14 1.00000
57.6 30.49397 14 1.00000
57.7 30.51698 14 1.00000
57.8 30.53993 14 1.00000
57.9 30.56283 14 1.00000
58.0 30.58569 14 1.00000
58.1 30.60851 14 1.00000
58.2 30.63129 14 1.00000
58.3 30.65400 14 1.00000
58.4 30.67669 14 1.00000
58.5 30.69933 14 1.00000
58.6 30.72194 14 1.00000
58.7 30.74449 14 1.00000
58.8 30.76701 14 1.00000
58.9 30.78947 14 1.00000
59.0 30.81189 14 1.00000
59.1 30.83427 14 1.00000
59.2 30.85660 14 1.00000
59.3 30.87888 14 1.00000
59.4 30.90112 14 1.00000
59.5 30.88251 14 1.00000
59.6 30.90459 14 1.00000
59.7 30.92661 14 1.00000
59.8 30.94860 14 1.00000
59.9 30.97054 14 1.00000
60.0 30.99244 14 1.00000
60.1 31.01429 14 1.00000
60.2 31.03610 14 1.00000
60.3 31.05786 14 1.00000
60.4 31.07957 14 1.00000
60.5 31.10127 14 1.00000
60.6 31.12290 14 1.00000
60.7 31.14451 14 1.00000
60.8 31.16607 14 1.00000
60.9 31.18758 14 1.00000
61.0 31.20905 14 1.00000
61.1 31.23048 14 1.00000
61.2 31.25188 14 1.00000
61.3 31.27323 14 1.00000
61.4 31.29454 14 1.00000
61.5 31.31580 14 1.00000
61.6 31.33702 14 1.00000
61.7 31.35819 14 1.00000
61.8 31.33694 14 1.00000
61.9 31.35798 14 1.00000
62.0 31.37893 14 1.00000
62.1 31.39985 14 1.00000
62.2 31.42074 14 1.00000
62.3 31.44159 14 1.00000
62.4 31.46239 14 1.00000
62.5 31.48315 14 1.00000
62.6 31.50387 14 1.00000
62.7 31.52456 14 1.00000
62.8 31.54521 14 1.00000
62.9 31.56580 14 1.00000
63.0 31.58638 14 1.00000
63.1 31.60689 14 1.00000
63.2 31.62738 14 1.00000
63.3 31.64784 14 1.00000
63.4 31.66825 14 1.00000
63.5 31.68861 14 1.00000
63.6 31.70893 14 1.00000
63.7 31.72923 14 1.00000
63.8 31.74949 14 1.00000
63.9 31.76969 14 1.00000
64.0 31.78987 14 1.00000
64.1 31.76613 14 1.00000
64.2 31.78616 14 1.00000
64.3 31.80613 14 1.00000
64.4 31.82609 14 1.00000
64.5 31.84598 14 1.00000
64.6 31.86586 14 1.00000
64.7 31.88569 14 1.00000
64.8 31.90549 14 1.00000
64.9 31.92526 14 1.00000
65.0 31.94498 14 1.00000
65.1 31.96467 14 1.00000
65.2 31.98431 14 1.00000
65.3 32.00393 14 1.00000
65.4 32.02353 14 1.00000
65.5 32.04305 14 1.00000
65.6 32.06257 14 1.00000
65.7 32.08203 14 1.00000
65.8 32.10147 14 1.00000
65.9 32.12086 14 1.00000
66.0 32.14023 14 1.00000
66.1 32.15956 14 1.00000
66.2 32.17884 14 1.00000
66.3 32.19810 14 1.00000
66.4 32.21730 14 1.00000
66.5 32.19105 14 1.00000
66.6 32.21014 14 1.00000
66.7 32.22916 14 1.00000
66.8 32.24817 14 1.00000
66.9 32.26714 14 1.00000
67.0 32.28607 14 1.00000
67.1 32.30497 14 1.00000
67.2 32.32384 14 1.00000
67.3 32.34267 14 1.00000
67.4 32.36147 14 1.00000
67.5 32.38023 14 1.00000
67.6 32.39895 14 1.00000
67.7 32.41766 14 1.00000
67.8 32.43632 14 1.00000
67.9 32.45494 14 1.00000
68.0 32.47354 14 1.00000
68.1 32.49208 14 1.00000
68.2 32.51062 14 1.00000
68.3 32.52911 14 1.00000
68.4 32.54756 14 1.00000
68.5 32.56600 14 1.00000
68.6 32.58437 14 1.00000
68.7 32.60274 14 1.00000
68.8 32.62104 14 1.00000
68.9 32.63929 14 1.00000
69.0 32.61059 14 1.00000
69.1 32.62872 14 1.00000
69.2 32.64681 14 1.00000
69.3 32.66488 14 1.00000
69.4 32.68292 14 1.00000
69.5 32.70092 14 1.00000
69.6 32.71888 14 1.00000
69.7 32.73684 14 1.00000
69.8 32.75475 14 1.00000
69.9 32.77262 14 1.00000
70.0 32.79045 14 1.00000
70.1 32.80827 14 1.00000
70.2 32.82604 14 1.00000
70.3 32.84381 14 1.00000
70.4 32.86151 14 1.00000
70.5 32.87919 14 1.00000
70.6 32.89686 14 1.00000
70.7 32.91448 14 1.00000
70.8 32.93208 14 1.00000
70.9 32.94963 14 1.00000
71.0 32.96716 14 1.00000
71.1 32.98465 14 1.00000
71.2 33.00211 14 1.00000
71.3 33.01955 14 1.00000
71.4 33.03696 14 1.00000
71.5 33.00588 14 1.00000
71.6 33.02316 14 1.00000
71.7 33.04039 14 1.00000
71.8 33.05762 14 1.00000
71.9 33.07478 14 1.00000
72.0 33.09194 14 1.00000
72.1 33.10908 14 1.00000
72.2 33.12618 14 1.00000
72.3 33.14325 14 1.00000
72.4 33.16027 14 1.00000
72.5 33.17730 14 1.00000
72.6 33.19427 14 1.00000
72.7 33.21121 14 1.00000
72.8 33.22813 14 1.00000
72.9 33.24503 14 1.00000
73.0 33.26189 14 1.00000
73.1 33.27872 14 1.00000
73.2 33.29553 14 1.00000
73.3 33.31229 14 1.00000
73.4 33.32905 14 1.00000
73.5 33.34575 14 1.00000
73.6 33.36245 14 1.00000
73.7 33.37911 14 1.00000
73.8 33.39572 14 1.00000
73.9 33.41234 14 1.00000
74.0 33.42889 14 1.00000
74.1 33.44544 14 1.00000
74.2 33.41192 14 1.00000
74.3 33.42835 14 1.00000
74.4 33.44474 14 1.00000
74.5 33.46110 14 1.00000
74.6 33.47744 14 1.00000
74.7 33.49376 14 1.00000
74.8 33.51003 14 1.00000
74.9 33.52626 14 1.00000
75.0 33.54245 14 1.00000
75.1 33.55864 14 1.00000
75.2 33.57478 14 1.00000
75.3 33.59090 14 1.00000
75.4 33.60699 14 1.00000
75.5 33.62304 14 1.00000
75.6 33.63908 14 1.00000
75.7 33.65509 14 1.00000
75.8 33.67107 14 1.00000
75.9 33.68704 14 1.00000
76.0 33.70296 14 1.00000
76.1 33.71885 14 1.00000
76.2 33.73474 14 1.00000
76.3 33.75059 14 1.00000
76.4 33.76639 14 1.00000
76.5 33.78220 14 1.00000
76.6 33.79795 14 1.00000
76.7 33.81371 14 1.00000
76.8 33.82941 14 1.00000
76.9 33.84510 14 1.00000
77.0 33.80923 14 1.00000
77.1 33.82479 14 1.00000
77.2 33.84033 14 1.00000
77.3 33.85587 14 1.00000
77.4 33.87136 14 1.00000
77.5 33.88684 14 1.00000
77.6 33.90229 14 1.00000
77.7 33.91771 14 1.00000
77.8 33.93309 14 1.00000
77.9 33.94847 14 1.00000
78.0 33.96380 14 1.00000
78.1 33.97912 14 1.00000
78.2 33.99443 14 1.00000
78.3 34.00970 14 1.00000
78.4 34.02494 14 1.00000
78.5 34.04015 14 1.00000
78.6 34.05535 14 1.00000
78.7 34.07052 14 1.00000
78.8 34.08566 14 1.00000
78.9 34.10078 14 1.00000
79.0 34.11588 14 1.00000
79.1 34.13094 14 1.00000
79.2 34.14597 14 1.00000
79.3 34.16101 14 1.00000
79.4 34.17600 14 1.00000
79.5 34.19098 14 1.00000
79.6 34.20591 14 1.00000
79.7 34.22084 14 1.00000
79.8 34.18267 14 1.00000
79.9 34.19746 14 1.00000
80.0 34.21225 14 1.00000
80.1 34.22702 14 1.00000
80.2 34.24176 14 1.00000
80.3 34.25648 14 1.00000
80.4 34.27114 14 1.00000
80.5 34.28578 14 1.00000
80.6 34.30040 14 1.00000
80.7 34.31499 14 1.00000
80.8 34.32956 14 1.00000
80.9 34.34410 14 1.00000
81.0 34.35863 14 1.00000
81.1 34.37312 14 1.00000
81.2 34.38760 14 1.00000
81.3 34.40205 14 1.00000
81.4 34.41648 14 1.00000
81.5 34.43088 14 1.00000
81.6 34.44526 14 1.00000
81.7 34.45962 14 1.00000
81.8 34.47396 14 1.00000
81.9 34.48827 14 1.00000
82.0 34.50254 14 1.00000
82.1 34.51681 14 1.00000
82.2 34.53107 14 1.00000
82.3 34.54528 14 1.00000
82.4 34.55949 14 1.00000
82.5 34.57365 14 1.00000
82.6 34.58782 14 1.00000
82.7 34.60195 14 1.00000
82.8 34.61607 14 1.00000
82.9 34.57553 14 1.00000
83.0 34.58954 14 1.00000
83.1 34.60353 14 1.00000
83.2 34.61749 14 1.00000
83.3 34.63143 14 1.00000
83.4 34.64534 14 1.00000
83.5 34.65923 14 1.00000
83.6 34.67313 14 1.00000
83.7 34.68698 14 1.00000
83.8 34.70081 14 1.00000
83.9 34.71462 14 1.00000
84.0 34.72839 14 1.00000
84.1 34.74216 14 1.00000
84.2 34.75594 14 1.00000
84.3 34.76967 14 1.00000
84.4 34.78336 14 1.00000
84.5 34.79707 14 1.00000
84.6 34.81074 14 1.00000
84.7 34.82437 14 1.00000
84.8 34.83801 14 1.00000
84.9 34.85160 14 1.00000
85.0 34.86520 14 1.00000
85.1 34.87877 14 1.00000
85.2 34.89231 14 1.00000
85.3 34.90583 14 1.00000
85.4 34.91930 14 1.00000
85.5 34.93277 14 1.00000
85.6 34.94619 14 1.00000
85.7 34.95959 14 1.00000
85.8 34.97298 14 1.00000
85.9 34.98635 14 1.00000
86.0 34.94361 14 1.00000
86.1 34.95687 14 1.00000
86.2 34.97011 14 1.00000
86.3 34.98334 14 1.00000
86.4 34.99654 14 1.00000
86.5 35.00973 14 1.00000
86.6 35.02288 14 1.00000
86.7 35.03604 14 1.00000
86.8 35.04915 14 1.00000
86.9 35.06226 14 1.00000
87.0 35.07536 14 1.00000
87.1 35.08842 14 1.00000
87.2 35.10147 14 1.00000
87.3 35.11449 14 1.00000
87.4 35.12749 14 1.00000
87.5 35.14049 14 1.00000
87.6 35.15345 14 1.00000
87.7 35.16640 14 1.00000
87.8 35.17931 14 1.00000
87.9 35.19221 14 1.00000
88.0 35.20512 14 1.00000
88.1 35.21797 14 1.00000
88.2 35.23083 14 1.00000
88.3 35.24366 14 1.00000
88.4 35.25645 14 1.00000
88.5 35.26926 14 1.00000
88.6 35.28203 14 1.00000
88.7 35.29477 14 1.00000
88.8 35.30750 14 1.00000
88.9 35.32022 14 1.00000
89.0 35.33291 14 1.00000
89.1 35.34559 14 1.00000
89.2 35.35825 14 1.00000
89.3 35.31318 14 1.00000
89.4 35.32574 14 1.00000
89.5 35.33826 14 1.00000
89.6 35.35079 14 1.00000
89.7 35.36330 14 1.00000
89.8 35.37580 14 1.00000
89.9 35.38826 14 1.00000
90.0 35.40072 14 1.00000
90.1 35.41315 14 1.00000
90.2 35.42557 14 1.00000
90.3 35.43795 14 1.00000
90.4 35.45033 14 1.00000
90.5 35.46271 14 1.00000
90.6 35.47505 14 1.00000
90.7 35.48735 14 1.00000
90.8 35.49968 14 1.00000
90.9 35.51196 14 1.00000
91.0 35.52418 14 1.00000
91.1 35.53640 14 1.00000
91.2 35.54861 14 1.00000
91.3 35.56078 14 1.00000
91.4 35.57296 14 1.00000
91.5 35.58508 14 1.00000
91.6 35.59723 14 1.00000
91.7 35.60932 14 1.00000
91.8 35.62143 14 1.00000
91.9 35.63348 14 1.00000
92.0 35.64555 14 1.00000
92.1 35.65757 14 1.00000
92.2 35.66961 14 1.00000
92.3 35.68159 14 1.00000
92.4 35.69359 14 1.00000
92.5 35.70554 14 1.00000
92.6 35.71751 14 1.00000
92.7 35.72944 14 1.00000
92.8 35.68215 14 1.00000
92.9 35.69400 14 1.00000
93.0 35.70583 14 1.00000
93.1 35.71764 14 1.00000
93.2 35.72943 14 1.00000
93.3 35.74121 14 1.00000
93.4 35.75297 14 1.00000
93.5 35.76471 14 1.00000
93.6 35.77642 14 1.00000
93.7 35.78815 14 1.00000
93.8 35.79984 14 1.00000
93.9 35.81152 14 1.00000
94.0 35.82317 14 1.00000
94.1 35.83481 14 1.00000
94.2 35.84644 14 1.00000
94.3 35.85803 14 1.00000
94.4 35.86963 14 1.00000
94.5 35.88119 14 1.00000
94.6 35.89276 14 1.00000
94.7 35.90429 14 1.00000
94.8 35.91582 14 1.00000
94.9 35.92732 14 1.00000
95.0 35.93882 14 1.00000
95.1 35.95028 14 1.00000
95.2 35.96175 14 1.00000
95.3 35.97319 14 1.00000
95.4 35.98462 14 1.00000
95.5 35.99601 14 1.00000
95.6 36.00742 14 1.00000
95.7 36.01880 14 1.00000
95.8 36.03014 14 1.00000
95.9 36.04150 14 1.00000
96.0 36.05283 14 1.00000
96.1 36.06413 14 1.00000
96.2 36.07539 14 1.00000
96.3 36.08664 14 1.00000
96.4 36.03715 14 1.00000
96.5 36.04836 14 1.00000
96.6 36.05953 14 1.00000
96.7 36.07066 14 1.00000
96.8 36.08178 14 1.00000
96.9 36.09287 14 1.00000
97.0 36.10397 14 1.00000
97.1 36.11502 14 1.00000
97.2 36.12609 14 1.00000
97.3 36.13712 14 1.00000
97.4 36.14814 14 1.00000
97.5 36.15916 14 1.00000
97.6 36.17014 14 1.00000
97.7 36.18113 14 1.00000
97.8 36.19208 14 1.00000
97.9 36.20304 14 1.00000
98.0 36.21397 14 1.00000
98.1 36.22489 14 1.00000
98.2 36.23579 14 1.00000
98.3 36.24667 14 1.00000
98.4 36.25754 14 1.00000
98.5 36.26838 14 1.00000
98.6 36.27923 14 1.00000
98.7 36.29004 14 1.00000
98.8 36.30084 14 1.00000
98.9 36.31163 14 1.00000
99.0 36.32243 14 1.00000
99.1 36.33319 14 1.00000
99.2 36.34393 14 1.00000
99.3 36.35465 14 1.00000
99.4 36.36537 14 1.00000
99.5 36.37608 14 1.00000
99.6 36.38677 14 1.00000
99.7 36.39744 14 1.00000
99.8 36.40809 14 1.00000
99.9 36.41874 14 1.00000
100.0 36.42936 14 1.00000
100.1 36.43999 14 1.00000
100.2 36.45060 14 1.00000
100.3 36.39884 14 1.00000
100.4 36.40937 14 1.00000
100.5 36.41987 14 1.00000
100.6 36.43036 14 1.00000
100.7 36.44084 14 1.00000
100.8 36.45129 14 1.00000
100.9 36.46176 14 1.00000
101.0 36.47219 14 1.00000
101.1 36.48260 14 1.00000
101.2 36.49303 14 1.00000
101.3 36.50341 14 1.00000
101.4 36.51379 14 1.00000
101.5 36.52417 14 1.00000
101.6 36.53452 14 1.00000
101.7 36.54484 14 1.00000
101.8 36.55516 14 1.00000
101.9 36.56547 14 1.00000
102.0 36.57576 14 1.00000
102.1 36.58602 14 1.00000
102.2 36.59625 14 1.00000
102.3 36.60645 14 1.00000
102.4 36.61666 14 1.00000
102.5 36.62687 14 1.00000
102.6 36.63704 14 1.00000
102.7 36.64719 14 1.00000
102.8 36.65734 14 1.00000
102.9 36.66748 14 1.00000
103.0 36.67762 14 1.00000
103.1 36.68773 14 1.00000
103.2 36.69780 14 1.00000
103.3 36.70790 14 1.00000
103.4 36.71795 14 1.00000
103.5 36.72800 14 1.00000
103.6 36.73806 14 1.00000
103.7 36.74809 14 1.00000
103.8 36.75808 14 1.00000
103.9 36.76810 14 1.00000
104.0 36.77808 14 1.00000
104.1 36.78804 14 1.00000
104.2 36.79802 14 1.00000
104.3 36.74419 14 1.00000
104.4 36.75409 14 1.00000
104.5 36.76395 14 1.00000
104.6 36.77381 14 1.00000
104.7 36.78365 14 1.00000
104.8 36.79348 14 1.00000
104.9 36.80329 14 1.00000
105.0 36.81311 14 1.00000
105.1 36.82290 14 1.00000
105.2 36.83269 14 1.00000
105.3 36.84245 14 1.00000
105.4 36.85221 14 1.00000
105.5 36.86195 14 1.00000
105.6 36.87168 14 1.00000
105.7 36.88140 14 1.00000
105.8 36.89110 14 1.00000
105.9 36.90079 14 1.00000
106.0 36.91047 14 1.00000
106.1 36.92014 14 1.00000
106.2 36.92978 14 1.00000
106.3 36.93943 14 1.00000
106.4 36.94905 14 1.00000
106.5 36.95867 14 1.00000
106.6 36.96826 14 1.00000
106.7 36.97785 14 1.00000
106.8 36.98742 14 1.00000
106.9 36.99700 14 1.00000
107.0 37.00655 14 1.00000
107.1 37.01608 14 1.00000
107.2 37.02562 14 1.00000
107.3 37.03513 14 1.00000
107.4 37.04463 14 1.00000
107.5 37.05412 14 1.00000
107.6 37.06354 14 1.00000
107.7 37.07298 14 1.00000
107.8 37.08239 14 1.00000
107.9 37.09180 14 1.00000
108.0 37.10120 14 1.00000
108.1 37.11058 14 1.00000
108.2 37.11994 14 1.00000
108.3 37.12931 14 1.00000
108.4 37.13865 14 1.00000
108.5 37.14799 14 1.00000
108.6 37.15731 14 1.00000
108.7 37.10135 14 1.00000
108.8 37.11058 14 1.00000
108.9 37.11982 14 1.00000
109.0 37.12904 14 1.00000
109.1 37.13826 14 1.00000
109.2 37.14747 14 1.00000
109.3 37.15665 14 1.00000
109.4 37.16583 14 1.00000
109.5 37.17500 14 1.00000
109.6 37.18415 14 1.00000
109.7 37.19330 14 1.00000
109.8 37.20245 14 1.00000
109.9 37.21157 14 1.00000
110.0 37.22066 14 1.00000
110.1 37.22976 14 1.00000
110.2 37.23884 14 1.00000
110.3 37.24793 14 1.00000
110.4 37.25699 14 1.00000
110.5 37.26603 14 1.00000
110.6 37.27507 14 1.00000
110.7 37.28411 14 1.00000
110.8 37.29311 14 1.00000
110.9 37.30213 14 1.00000
111.0 37.31110 14 1.00000
111.1 37.32010 14 1.00000
111.2 37.32907 14 1.00000
111.3 37.33802 14 1.00000
111.4 37.34697 14 1.00000
111.5 37.35589 14 1.00000
111.6 37.36483 14 1.00000
111.7 37.37373 14 1.00000
111.8 37.38264 14 1.00000
111.9 37.39151 14 1.00000
112.0 37.40041 14 1.00000
112.1 37.40927 14 1.00000
112.2 37.41811 14 1.00000
112.3 37.42696 14 1.00000
112.4 37.43579 14 1.00000
112.5 37.44461 14 1.00000
112.6 37.45342 14 1.00000
112.7 37.46223 14 1.00000
112.8 37.47102 14 1.00000
112.9 37.47980 14 1.00000
113.0 37.48856 14 1.00000
113.1 37.49732 14 1.00000
113.2 37.50605 14 1.00000
113.3 37.44780 14 1.00000
113.4 37.45649 14 1.00000
113.5 37.46516 14 1.00000
113.6 37.47381 14 1.00000
113.7 37.48244 14 1.00000
113.8 37.49107 14 1.00000
113.9 37.49970 14 1.00000
114.0 37.50832 14 1.00000
114.1 37.51688 14 1.00000
114.2 37.52546 14 1.00000
114.3 37.53401 14 1.00000
114.4 37.54253 14 1.00000
114.5 37.55106 14 1.00000
114.6 37.55960 14 1.00000
114.7 37.56810 14 1.00000
114.8 37.57660 14 1.00000
114.9 37.58508 14 1.00000
115.0 37.59356 14 1.00000
115.1 37.60203 14 1.00000
115.2 37.61047 14 1.00000
115.3 37.61892 14 1.00000
115.4 37.62737 14 1.00000
115.5 37.63579 14 1.00000
115.6 37.64418 14 1.00000
115.7 37.65258 14 1.00000
115.8 37.66099 14 1.00000
115.9 37.66937 14 1.00000
116.0 37.67774 14 1.00000
116.1 37.68608 14 1.00000
116.2 37.69444 14 1.00000
116.3 37.70279 14 1.00000
116.4 37.71111 14 1.00000
116.5 37.71943 14 1.00000
116.6 37.72774 14 1.00000
116.7 37.73604 14 1.00000
116.8 37.74431 14 1.00000
116.9 37.75259 14 1.00000
117.0 37.76087 14 1.00000
117.1 37.76911 14 1.00000
117.2 37.77737 14 1.00000
117.3 37.78560 14 1.00000
117.4 37.79383 14 1.00000
117.5 37.80204 14 1.00000
117.6 37.81025 14 1.00000
117.7 37.81845 14 1.00000
117.8 37.82663 14 1.00000
117.9 37.83480 14 1.00000
118.0 37.84297 14 1.00000
118.1 37.85111 14 1.00000
118.2 37.79081 14 1.00000
118.3 37.79889 14 1.00000
118.4 37.80697 14 1.00000
118.5 37.81504 14 1.00000
118.6 37.82312 14 1.00000
118.7 37.83115 14 1.00000
118.8 37.83920 14 1.00000
118.9 37.84724 14 1.00000
119.0 37.85527 14 1.00000
119.1 37.86329 14 1.00000
119.2 37.87130 14 1.00000
119.3 37.87929 14 1.00000
119.4 37.88727 14 1.00000
119.5 37.89525 14 1.00000
119.6 37.90323 14 1.00000
119.7 37.91119 14 1.00000
119.8 37.91914 14 1.00000
119.9 37.92708 14 1.00000
120.0 37.93500 14 1.00000
120.1 37.94293 14 1.00000
120.2 37.95081 14 1.00000
120.3 37.95867 14 1.00000
120.4 37.96655 14 1.00000
120.5 37.97438 14 1.00000
120.6 37.98223 14 1.00000
120.7 37.99007 14 1.00000
120.8 37.99788 14 1.00000
120.9 38.00571 14 1.00000
121.0 38.01352 14 1.00000
121.1 38.02131 14 1.00000
121.2 38.02909 14 1.00000
121.3 38.03687 14 1.00000
121.4 38.04464 14 1.00000
121.5 38.05239 14 1.00000
121.6 38.06015 14 1.00000
121.7 38.06788 14 1.00000
121.8 38.07561 14 1.00000
121.9 38.08333 14 1.00000
122.0 38.09105 14 1.00000
122.1 38.09873 14 1.00000
122.2 38.10643 14 1.00000
122.3 38.11412 14 1.00000
122.4 38.12179 14 1.00000
122.5 38.12944 14 1.00000
122.6 38.13711 14 1.00000
122.7 38.14476 14 1.00000
122.8 38.15239 14 1.00000
122.9 38.16002 14 1.00000
123.0 38.16763 14 1.00000
123.1 38.17525 14 1.00000
123.2 38.18283 14 1.00000
123.3 38.19044 14 1.00000
123.4 38.12810 14 1.00000
123.5 38.13561 14 1.00000
123.6 38.14314 14 1.00000
123.7 38.15067 14 1.00000
123.8 38.15817 14 1.00000
123.9 38.16565 14 1.00000
124.0 38.17315 14 1.00000
124.1 38.18063 14 1.00000
124.2 38.18810 14 1.00000
124.3 38.19555 14 1.00000
124.4 38.20301 14 1.00000
124.5 38.21046 14 1.00000
124.6 38.21789 14 1.00000
124.7 38.22532 14 1.00000
124.8 38.23274 14 1.00000
124.9 38.24017 14 1.00000
125.0 38.24755 14 1.00000
125.1 38.25496 14 1.00000
125.2 38.26234 14 1.00000
125.3 38.26971 14 1.00000
125.4 38.27710 14 1.00000
125.5 38.28446 14 1.00000
125.6 38.29181 14 1.00000
125.7 38.29914 14 1.00000
125.8 38.30649 14 1.00000
125.9 38.31382 14 1.00000
126.0 38.32113 14 1.00000
126.1 38.32845 14 1.00000
126.2 38.33574 14 1.00000
126.3 38.34304 14 1.00000
126.4 38.35032 14 1.00000
126.5 38.35758 14 1.00000
126.6 38.36482 14 1.00000
126.7 38.37204 14 1.00000
126.8 38.37928 14 1.00000
126.9 38.38649 14 1.00000
127.0 38.39369 14 1.00000
127.1 38.40088 14 1.00000
127.2 38.40806 14 1.00000
127.3 38.41524 14 1.00000
127.4 38.42242 14 1.00000
127.5 38.42958 14 1.00000
127.6 38.43674 14 1.00000
127.7 38.44388 14 1.00000
127.8 38.45100 14 1.00000
127.9 38.45815 14 1.00000
128.0 38.46527 14 1.00000
128.1 38.47236 14 1.00000
128.2 38.47948 14 1.00000
128.3 38.48658 14 1.00000
128.4 38.49366 14 1.00000
128.5 38.50073 14 1.00000
128.6 38.50781 14 1.00000
128.7 38.51487 14 1.00000
128.8 38.52193 14 1.00000
128.9 38.52897 14 1.00000
129.0 38.53601 14 1.00000
129.1 38.47160 14 1.00000
129.2 38.47857 14 1.00000
129.3 38.48555 14 1.00000
129.4 38.49251 14 1.00000
129.5 38.49947 14 1.00000
129.6 38.50642 14 1.00000
129.7 38.51337 14 1.00000
129.8 38.52031 14 1.00000
129.9 38.52724 14 1.00000
130.0 38.53414 14 1.00000
130.1 38.54106 14 1.00000
130.2 38.54795 14 1.00000
130.3 38.55485 14 1.00000
130.4 38.56176 14 1.00000
130.5 38.56864 14 1.00000
130.6 38.57551 14 1.00000
130.7 38.58237 14 1.00000
130.8 38.58924 14 1.00000
130.9 38.59609 14 1.00000
131.0 38.60294 14 1.00000
131.1 38.60976 14 1.00000
131.2 38.61660 14 1.00000
131.3 38.62342 14 1.00000
131.4 38.63022 14 1.00000
131.5 38.63704 14 1.00000
131.6 38.64383 14 1.00000
131.7 38.65063 14 1.00000
131.8 38.65741 14 1.00000
131.9 38.66418 14 1.00000
132.0 38.67094 14 1.00000
132.1 38.67770 14 1.00000
132.2 38.68446 14 1.00000
132.3 38.69121 14 1.00000
132.4 38.69794 14 1.00000
132.5 38.70467 14 1.00000
132.6 38.71139 14 1.00000
132.7 38.71811 14 1.00000
132.8 38.72481 14 1.00000
132.9 38.73150 14 1.00000
133.0 38.73819 14 1.00000
133.1 38.74488 14 1.00000
133.2 38.75155 14 1.00000
133.3 38.75822 14 1.00000
133.4 38.76484 14 1.00000
133.5 38.77147 14 1.00000
133.6 38.77808 14 1.00000
133.7 38.78469 14 1.00000
133.8 38.79131 14 1.00000
133.9 38.79790 14 1.00000
134.0 38.80449 14 1.00000
134.1 38.81107 14 1.00000
134.2 38.81764 14 1.00000
134.3 38.82420 14 1.00000
134.4 38.83077 14 1.00000
134.5 38.83731 14 1.00000
134.6 38.84386 14 1.00000
134.7 38.85040 14 1.00000
134.8 38.85693 14 1.00000
134.9 38.86344 14 1.00000
135.0 38.86996 14 1.00000
135.1 38.80356 14 1.00000
135.2 38.81002 14 1.00000
135.3 38.81649 14 1.00000
135.4 38.82294 14 1.00000
135.5 38.82938 14 1.00000
135.6 38.83580 14 1.00000
135.7 38.84223 14 1.00000
135.8 38.84866 14 1.00000
135.9 38.85508 14 1.00000
136.0 38.86148 14 1.00000
136.1 38.86787 14 1.00000
136.2 38.87426 14 1.00000
136.3 38.88065 14 1.00000
136.4 38.88702 14 1.00000
136.5 38.89341 14 1.00000
136.6 38.89978 14 1.00000
136.7 38.90612 14 1.00000
136.8 38.91249 14 1.00000
136.9 38.91883 14 1.00000
137.0 38.92518 14 1.00000
137.1 38.93151 14 1.00000
137.2 38.93784 14 1.00000
137.3 38.94415 14 1.00000
137.4 38.95046 14 1.00000
137.5 38.95678 14 1.00000
137.6 38.96306 14 1.00000
137.7 38.96936 14 1.00000
137.8 38.97565 14 1.00000
137.9 38.98191 14 1.00000
138.0 38.98819 14 1.00000
138.1 38.99446 14 1.00000
138.2 39.00071 14 1.00000
138.3 39.00697 14 1.00000
138.4 39.01321 14 1.00000
138.5 39.01944 14 1.00000
138.6 39.02566 14 1.00000
138.7 39.03188 14 1.00000
138.8 39.03810 14 1.00000
138.9 39.04430 14 1.00000
139.0 39.05051 14 1.00000
139.1 39.05670 14 1.00000
139.2 39.06289 14 1.00000
139.3 39.06908 14 1.00000
139.4 39.07526 14 1.00000
139.5 39.08143 14 1.00000
139.6 39.08759 14 1.00000
139.7 39.09375 14 1.00000
139.8 39.09990 14 1.00000
139.9 39.10604 14 1.00000
140.0 39.11217 14 1.00000
140.1 39.11830 14 1.00000
140.2 39.12442 14 1.00000
140.3 39.13054 14 1.00000
140.4 39.13665 14 1.00000
140.5 39.14272 14 1.00000
140.6 39.14880 14 1.00000
140.7 39.15486 14 1.00000
140.8 39.16090 14 1.00000
140.9 39.16695 14 1.00000
141.0 39.17299 14 1.00000
141.1 39.17903 14 1.00000
141.2 39.18507 14 1.00000
141.3 39.19108 14 1.00000
141.4 39.19709 14 1.00000
141.5 39.20312 14 1.00000
141.6 39.20912 14 1.00000
141.7 39.14071 14 1.00000
141.8 39.14667 14 1.00000
141.9 39.15261 14 1.00000
142.0 39.15856 14 1.00000
142.1 39.16450 14 1.00000
142.2 39.17043 14 1.00000
142.3 39.17634 14 1.00000
142.4 39.18225 14 1.00000
142.5 39.18817 14 1.00000
142.6 39.19408 14 1.00000
142.7 39.19998 14 1.00000
142.8 39.20586 14 1.00000
142.9 39.21176 14 1.00000
143.0 39.21763 14 1.00000
143.1 39.22351 14 1.00000
143.2 39.22938 14 1.00000
143.3 39.23524 14 1.00000
143.4 39.24109 14 1.00000
143.5 39.24695 14 1.00000
143.6 39.25278 14 1.00000
143.7 39.25864 14 1.00000
143.8 39.26446 14 1.00000
143.9 39.27029 14 1.00000
144.0 39.27612 14 1.00000
144.1 39.28194 14 1.00000
144.2 39.28773 14 1.00000
144.3 39.29355 14 1.00000
144.4 39.29935 14 1.00000
144.5 39.30514 14 1.00000
144.6 39.31091 14 1.00000
144.7 39.31670 14 1.00000
144.8 39.32248 14 1.00000
144.9 39.32824 14 1.00000
145.0 39.33400 14 1.00000
145.1 39.33976 14 1.00000
145.2 39.34549 14 1.00000
145.3 39.35125 14 1.00000
145.4 39.35697 14 1.00000
145.5 39.36270 14 1.00000
145.6 39.36843 14 1.00000
145.7 39.37414 14 1.00000
145.8 39.37985 14 1.00000
145.9 39.38557 14 1.00000
146.0 39.39127 14 1.00000
146.1 39.39695 14 1.00000
146.2 39.40265 14 1.00000
146.3 39.40834 14 1.00000
146.4 39.41401 14 1.00000
146.5 39.41968 14 1.00000
146.6 39.42533 14 1.00000
146.7 39.43100 14 1.00000
146.8 39.43665 14 1.00000
146.9 39.44230 14 1.00000
147.0 39.44794 14 1.00000
147.1 39.45358 14 1.00000
147.2 39.45920 14 1.00000
147.3 39.46481 14 1.00000
147.4 39.47043 14 1.00000
147.5 39.47605 14 1.00000
147.6 39.48166 14 1.00000
147.7 39.48726 14 1.00000
147.8 39.49285 14 1.00000
147.9 39.49844 14 1.00000
148.0 39.50400 14 1.00000
148.1 39.50959 14 1.00000
148.2 39.51513 14 1.00000
148.3 39.52067 14 1.00000
148.4 39.52620 14 1.00000
148.5 39.53172 14 1.00000
148.6 39.53724 14 1.00000
148.7 39.54230 14 1.00000
148.8 39.47222 14 1.00000
148.9 39.47771 14 1.00000
149.0 39.48320 14 1.00000
149.1 39.48868 14 1.00000
149.2 39.49417 14 1.00000
149.3 39.49963 14 1.00000
149.4 39.50511 14 1.00000
149.5 39.51056 14 1.00000
149.6 39.51599 14 1.00000
149.7 39.52141 14 1.00000
149.8 39.52685 14 1.00000
149.9 39.53226 14 1.00000
150.0 39.53763 14 1.00000
150.1 39.54259 14 1.00000
150.2 39.54757 14 1.00000
150.3 39.55252 14 1.00000
150.4 39.55747 14 1.00000
150.5 39.56244 14 1.00000
150.6 39.56736 14 1.00000
150.7 39.57230 14 1.00000
150.8 39.57724 14 1.00000
150.9 39.58218 14 1.00000
151.0 39.58710 14 1.00000
151.1 39.59201 14 1.00000
151.2 39.59694 14 1.00000
151.3 39.60184 14 1.00000
151.4 39.60675 14 1.00000
151.5 39.61163 14 1.00000
151.6 39.61654 14 1.00000
151.7 39.62141 14 1.00000
151.8 39.62630 14 1.00000
151.9 39.63117 14 1.00000
152.0 39.63604 14 1.00000
152.1 39.64090 14 1.00000
152.2 39.64576 14 1.00000
152.3 39.65061 14 1.00000
152.4 39.65545 14 1.00000
152.5 39.66029 14 1.00000
152.6 39.66513 14 1.00000
152.7 39.66995 14 1.00000
152.8 39.67477 14 1.00000
152.9 39.67959 14 1.00000
153.0 39.68440 14 1.00000
153.1 39.68921 14 1.00000
153.2 39.69401 14 1.00000
153.3 39.69880 14 1.00000
153.4 39.70359 14 1.00000
153.5 39.70837 14 1.00000
153.6 39.71315 14 1.00000
153.7 39.71791 14 1.00000
153.8 39.72267 14 1.00000
153.9 39.72743 14 1.00000
154.0 39.73220 14 1.00000
154.1 39.73694 14 1.00000
154.2 39.74168 14 1.00000
154.3 39.74643 14 1.00000
154.4 39.75116 14 1.00000
154.5 39.75589 14 1.00000
154.6 39.76060 14 1.00000
154.7 39.76533 14 1.00000
154.8 39.77003 14 1.00000
154.9 39.77475 14 1.00000
155.0 39.77943 14 1.00000
155.1 39.78414 14 1.00000
155.2 39.78882 14 1.00000
155.3 39.79350 14 1.00000
155.4 39.79819 14 1.00000
155.5 39.80286 14 1.00000
155.6 39.80753 14 1.00000
155.7 39.81219 14 1.00000
155.8 39.81685 14 1.00000
155.9 39.82150 14 1.00000
156.0 39.82615 14 1.00000
156.1 39.83079 14 1.00000
156.2 39.83542 14 1.00000
156.3 39.84005 14 1.00000
156.4 39.84466 14 1.00000
156.5 39.77837 14 1.00000
156.6 39.78297 14 1.00000
156.7 39.78757 14 1.00000
156.8 39.79214 14 1.00000
156.9 39.79673 14 1.00000
157.0 39.80131 14 1.00000
157.1 39.80588 14 1.00000
157.2 39.81044 14 1.00000
157.3 39.81499 14 1.00000
157.4 39.81955 14 1.00000
157.5 39.82411 14 1.00000
157.6 39.82864 14 1.00000
157.7 39.83319 14 1.00000
157.8 39.83771 14 1.00000
157.9 39.84224 14 1.00000
158.0 39.84676 14 1.00000
158.1 39.85129 14 1.00000
158.2 39.85579 14 1.00000
158.3 39.86030 14 1.00000
158.4 39.86482 14 1.00000
158.5 39.86932 14 1.00000
158.6 39.87379 14 1.00000
158.7 39.87830 14 1.00000
158.8 39.88278 14 1.00000
158.9 39.88726 14 1.00000
159.0 39.89173 14 1.00000
159.1 39.89620 14 1.00000
159.2 39.90065 14 1.00000
159.3 39.90512 14 1.00000
159.4 39.90957 14 1.00000
159.5 39.91404 14 1.00000
159.6 39.91848 14 1.00000
159.7 39.92292 14 1.00000
159.8 39.92736 14 1.00000
159.9 39.93179 14 1.00000
160.0 39.93621 14 1.00000
160.1 39.94062 14 1.00000
160.2 39.94503 14 1.00000
160.3 39.94944 14 1.00000
160.4 39.95385 14 1.00000
160.5 39.95826 14 1.00000
160.6 39.96266 14 1.00000
160.7 39.96705 14 1.00000
160.8 39.97144 14 1.00000
160.9 39.97581 14 1.00000
161.0 39.98019 14 1.00000
161.1 39.98456 14 1.00000
161.2 39.98893 14 1.00000
161.3 39.99329 14 1.00000
161.4 39.99765 14 1.00000
161.5 40.00200 14 1.00000
161.6 40.00634 14 1.00000
161.7 40.01068 14 1.00000
161.8 40.01502 14 1.00000
161.9 40.01935 14 1.00000
162.0 40.02367 14 1.00000
162.1 40.02800 14 1.00000
162.2 40.03232 14 1.00000
162.3 40.03663 14 1.00000
162.4 40.04094 14 1.00000
162.5 40.04523 14 1.00000
162.6 40.04954 14 1.00000
162.7 40.05383 14 1.00000
162.8 40.05812 14 1.00000
162.9 40.06239 14 1.00000
163.0 40.06667 14 1.00000
163.1 40.07096 14 1.00000
163.2 40.07521 14 1.00000
163.3 40.07949 14 1.00000
163.4 40.08375 14 1.00000
163.5 40.08801 14 1.00000
163.6 40.09224 14 1.00000
163.7 40.09650 14 1.00000
163.8 40.10073 14 1.00000
163.9 40.10498 14 1.00000
164.0 40.10921 14 1.00000
164.1 40.11343 14 1.00000
164.2 40.11765 14 1.00000
164.3 40.12188 14 1.00000
164.4 40.12609 14 1.00000
164.5 40.13029 14 1.00000
164.6 40.13450 14 1.00000
164.7 40.13869 14 1.00000
164.8 40.14290 14 1.00000
164.9 40.14709 14 1.00000
165.0 40.07936 14 1.00000
165.1 40.08353 14 1.00000
165.2 40.08769 14 1.00000
165.3 40.09185 14 1.00000
165.4 40.09600 14 1.00000
165.5 40.10015 14 1.00000
165.6 40.10429 14 1.00000
165.7 40.10841 14 1.00000
165.8 40.11256 14 1.00000
165.9 40.11669 14 1.00000
166.0 40.12080 14 1.00000
166.1 40.12494 14 1.00000
166.2 40.12905 14 1.00000
166.3 40.13315 14 1.00000
166.4 40.13727 14 1.00000
166.5 40.14137 14 1.00000
166.6 40.14547 14 1.00000
166.7 40.14955 14 1.00000
166.8 40.15365 14 1.00000
166.9 40.15773 14 1.00000
167.0 40.16180 14 1.00000
167.1 40.16589 14 1.00000
167.2 40.16994 14 1.00000
167.3 40.17402 14 1.00000
167.4 40.17809 14 1.00000
167.5 40.18214 14 1.00000
167.6 40.18620 14 1.00000
167.7 40.19024 14 1.00000
167.8 40.19427 14 1.00000
167.9 40.19833 14 1.00000
168.0 40.20235 14 1.00000
168.1 40.20640 14 1.00000
168.2 40.21043 14 1.00000
168.3 40.21446 14 1.00000
168.4 40.21848 14 1.00000
168.5 40.22248 14 1.00000
168.6 40.22649 14 1.00000
168.7 40.23050 14 1.00000
168.8 40.23452 14 1.00000
168.9 40.23851 14 1.00000
169.0 40.24251 14 1.00000
169.1 40.24649 14 1.00000
169.2 40.25049 14 1.00000
169.3 40.25447 14 1.00000
169.4 40.25845 14 1.00000
169.5 40.26241 14 1.00000
169.6 40.26639 14 1.00000
169.7 40.27035 14 1.00000
169.8 40.27431 14 1.00000
169.9 40.27826 14 1.00000
170.0 40.28222 14 1.00000
170.1 40.28617 14 1.00000
170.2 40.29011 14 1.00000
170.3 40.29405 14 1.00000
170.4 40.29797 14 1.00000
170.5 40.30191 14 1.00000
170.6 40.30583 14 1.00000
170.7 40.30976 14 1.00000
170.8 40.31367 14 1.00000
170.9 40.31758 14 1.00000
171.0 40.32149 14 1.00000
171.1 40.32540 14 1.00000
171.2 40.32930 14 1.00000
171.3 40.33321 14 1.00000
171.4 40.33710 14 1.00000
171.5 40.34098 14 1.00000
171.6 40.34486 14 1.00000
171.7 40.34875 14 1.00000
171.8 40.35262 14 1.00000
171.9 40.35650 14 1.00000
172.0 40.36037 14 1.00000
172.1 40.36422 14 1.00000
172.2 40.36810 14 1.00000
172.3 40.37194 14 1.00000
172.4 40.37579 14 1.00000
172.5 40.37965 14 1.00000
172.6 40.38350 14 1.00000
172.7 40.38732 14 1.00000
172.8 40.39116 14 1.00000
172.9 40.39500 14 1.00000
173.0 40.39883 14 1.00000
173.1 40.40264 14 1.00000
173.2 40.40647 14 1.00000
173.3 40.41028 14 1.00000
173.4 40.41409 14 1.00000
173.5 40.41790 14 1.00000
173.6 40.42170 14 1.00000
173.7 40.42549 14 1.00000
173.8 40.42928 14 1.00000
173.9 40.43309 14 1.00000
174.0 40.43687 14 1.00000
174.1 40.44066 14 1.00000
174.2 40.44442 14 1.00000
174.3 40.44821 14 1.00000
174.4 40.37910 14 1.00000
174.5 40.38284 14 1.00000
174.6 40.38661 14 1.00000
174.7 40.39035 14 1.00000
174.8 40.39409 14 1.00000
174.9 40.39783 14 1.00000
175.0 40.40157 14 1.00000
175.1 40.40530 14 1.00000
175.2 40.40901 14 1.00000
175.3 40.41274 14 1.00000
175.4 40.41645 14 1.00000
175.5 40.42018 14 1.00000
175.6 40.42389 14 1.00000
175.7 40.42759 14 1.00000
175.8 40.43128 14 1.00000
175.9 40.43498 14 1.00000
176.0 40.43867 14 1.00000
176.1 40.44237 14 1.00000
176.2 40.44606 14 1.00000
176.3 40.44974 14 1.00000
176.4 40.45342 14 1.00000
176.5 40.45711 14 1.00000
176.6 40.46077 14 1.00000
176.7 40.46443 14 1.00000
176.8 40.46811 14 1.00000
176.9 40.47177 14 1.00000
177.0 40.47543 14 1.00000
177.1 40.47907 14 1.00000
177.2 40.48272 14 1.00000
177.3 40.48637 14 1.00000
177.4 40.49002 14 1.00000
177.5 40.49365 14 1.00000
177.6 40.49729 14 1.00000
177.7 40.50092 14 1.00000
177.8 40.50455 14 1.00000
177.9 40.50816 14 1.00000
178.0 40.51180 14 1.00000
178.1 40.51542 14 1.00000
178.2 40.51902 14 1.00000
178.3 40.52264 14 1.00000
178.4 40.52624 14 1.00000
178.5 40.52985 14 1.00000
178.6 40.53344 14 1.00000
178.7 40.53705 14 1.00000
178.8 40.54063 14 1.00000
178.9 40.54423 14 1.00000
179.0 40.54781 14 1.00000
179.1 40.55140 14 1.00000
179.2 40.55497 14 1.00000
179.3 40.55854 14 1.00000
179.4 40.56211 14 1.00000
179.5 40.56568 14 1.00000
179.6 40.56923 14 1.00000
179.7 40.57280 14 1.00000
179.8 40.57636 14 1.00000
179.9 40.57990 14 1.00000
180.0 40.58344 14 1.00000
180.1 40.58700 14 1.00000
180.2 40.59054 14 1.00000
180.3 40.59408 14 1.00000
180.4 40.59760 14 1.00000
180.5 40.60114 14 1.00000
180.6 40.60467 14 1.00000
180.7 40.60819 14 1.00000
180.8 40.61169 14 1.00000
180.9 40.61522 14 1.00000
181.0 40.61873 14 1.00000
181.1 40.62224 14 1.00000
181.2 40.62574 14 1.00000
181.3 40.62925 14 1.00000
181.4 40.63274 14 1.00000
181.5 40.63623 14 1.00000
181.6 40.63972 14 1.00000
181.7 40.64321 14 1.00000
181.8 40.64669 14 1.00000
181.9 40.65016 14 1.00000
182.0 40.65363 14 1.00000
182.1 40.65711 14 1.00000
182.2 40.66059 14 1.00000
182.3 40.66405 14 1.00000
182.4 40.66751 14 1.00000
182.5 40.67097 14 1.00000
182.6 40.67442 14 1.00000
182.7 40.67788 14 1.00000
182.8 40.68133 14 1.00000
182.9 40.68477 14 1.00000
183.0 40.68821 14 1.00000
183.1 40.69165 14 1.00000
183.2 40.69507 14 1.00000
183.3 40.69851 14 1.00000
183.4 40.70194 14 1.00000
183.5 40.70535 14 1.00000
183.6 40.70878 14 1.00000
183.7 40.71220 14 1.00000
183.8 40.71560 14 1.00000
183.9 40.71901 14 1.00000
184.0 40.72241 14 1.00000
184.1 40.72583 14 1.00000
184.2 40.72921 14 1.00000
184.3 40.73261 14 1.00000
184.4 40.73602 14 1.00000
184.5 40.73939 14 1.00000
184.6 40.74279 14 1.00000
184.7 40.74616 14 1.00000
184.8 40.67572 14 1.00000
184.9 40.67909 14 1.00000
185.0 40.68245 14 1.00000
185.1 40.68581 14 1.00000
185.2 40.68916 14 1.00000
185.3 40.69251 14 1.00000
185.4 40.69586 14 1.00000
185.5 40.69920 14 1.00000
185.6 40.70254 14 1.00000
185.7 40.70586 14 1.00000
185.8 40.70921 14 1.00000
185.9 40.71254 14 1.00000
186.0 40.71585 14 1.00000
186.1 40.71919 14 1.00000
186.2 40.72250 14 1.00000
186.3 40.72583 14 1.00000
186.4 40.72914 14 1.00000
186.5 40.73245 14 1.00000
186.6 40.73576 14 1.00000
186.7 40.73906 14 1.00000
186.8 40.74236 14 1.00000
186.9 40.74566 14 1.00000
187.0 40.74894 14 1.00000
187.1 40.75224 14 1.00000
187.2 40.75553 14 1.00000
187.3 40.75882 14 1.00000
187.4 40.76210 14 1.00000
187.5 40.76536 14 1.00000
187.6 40.76865 14 1.00000
187.7 40.77190 14 1.00000
187.8 40.77517 14 1.00000
187.9 40.77843 14 1.00000
188.0 40.78171 14 1.00000
188.1 40.78495 14 1.00000
188.2 40.78822 14 1.00000
188.3 40.79146 14 1.00000
188.4 40.79472 14 1.00000
188.5 40.79797 14 1.00000
188.6 40.80122 14 1.00000
188.7 40.80444 14 1.00000
188.8 40.80770 14 1.00000
188.9 40.81092 14 1.00000
189.0 40.81416 14 1.00000
189.1 40.81738 14 1.00000
189.2 40.82060 14 1.00000
189.3 40.82384 14 1.00000
189.4 40.82705 14 1.00000
189.5 40.83026 14 1.00000
189.6 40.83347 14 1.00000
189.7 40.83670 14 1.00000
189.8 40.83989 14 1.00000
189.9 40.84311 14 1.00000
190.0 40.84631 14 1.00000
190.1 40.84951 14 1.00000
190.2 40.85270 14 1.00000
190.3 40.85589 14 1.00000
190.4 40.85908 14 1.00000
190.5 40.86226 14 1.00000
190.6 40.86543 14 1.00000
190.7 40.86861 14 1.00000
190.8 40.87180 14 1.00000
190.9 40.87496 14 1.00000
191.0 40.87814 14 1.00000
191.1 40.88131 14 1.00000
191.2 40.88446 14 1.00000
191.3 40.88763 14 1.00000
191.4 40.89079 14 1.00000
191.5 40.89394 14 1.00000
191.6 40.89709 14 1.00000
191.7 40.90024 14 1.00000
191.8 40.90337 14 1.00000
191.9 40.90652 14 1.00000
192.0 40.90966 14 1.00000
192.1 40.91280 14 1.00000
192.2 40.91593 14 1.00000
192.3 40.91905 14 1.00000
192.4 40.92219 14 1.00000
192.5 40.92530 14 1.00000
192.6 40.92843 14 1.00000
192.7 40.93153 14 1.00000
192.8 40.93466 14 1.00000
192.9 40.93776 14 1.00000
193.0 40.94087 14 1.00000
193.1 40.94398 14 1.00000
193.2 40.94707 14 1.00000
193.3 40.95017 14 1.00000
193.4 40.95327 14 1.00000
193.5 40.95638 14 1.00000
193.6 40.95945 14 1.00000
193.7 40.96254 14 1.00000
193.8 40.96564 14 1.00000
193.9 40.96870 14 1.00000
194.0 40.97180 14 1.00000
194.1 40.97487 14 1.00000
194.2 40.97793 14 1.00000
194.3 40.98101 14 1.00000
194.4 40.98407 14 1.00000
194.5 40.98714 14 1.00000
194.6 40.99020 14 1.00000
194.7 40.99326 14 1.00000
194.8 40.99632 14 1.00000
194.9 40.99937 14 1.00000
195.0 41.00241 14 1.00000
195.1 41.00545 14 1.00000
195.2 41.00849 14 1.00000
195.3 41.01153 14 1.00000
195.4 41.01458 14 1.00000
195.5 41.01760 14 1.00000
195.6 41.02065 14 1.00000
195.7 41.02366 14 1.00000
195.8 41.02670 14 1.00000
195.9 41.02972 14 1.00000
196.0 41.03272 14 1.00000
196.1 41.03576 14 1.00000
196.2 41.03875 14 1.00000
196.3 40.96704 14 1.00000
196.4 40.97005 14 1.00000
196.5 40.97305 14 1.00000
196.6 40.97604 14 1.00000
196.7 40.97903 14 1.00000
196.8 40.98200 14 1.00000
196.9 40.98499 14 1.00000
197.0 40.98798 14 1.00000
197.1 40.99094 14 1.00000
197.2 40.99393 14 1.00000
197.3 40.99690 14 1.00000
197.4 40.99986 14 1.00000
197.5 41.00282 14 1.00000
197.6 41.00578 14 1.00000
197.7 41.00876 14 1.00000
197.8 41.01171 14 1.00000
197.9 41.01467 14 1.00000
198.0 41.01762 14 1.00000
198.1 41.02057 14 1.00000
198.2 41.02352 14 1.00000
198.3 41.02646 14 1.00000
198.4 41.02939 14 1.00000
198.5 41.03233 14 1.00000
198.6 41.03526 14 1.00000
198.7 41.03821 14 1.00000
198.8 41.04114 14 1.00000
198.9 41.04406 14 1.00000
199.0 41.04699 14 1.00000
199.1 41.04990 14 1.00000
199.2 41.05282 14 1.00000
199.3 41.05575 14 1.00000
199.4 41.05865 14 1.00000
199.5 41.06157 14 1.00000
199.6 41.04959 14 1.00000
199.7 41.05252 14 1.00000
199.8 41.05547 14 1.00000
199.9 41.05842 14 1.00000
200.0 41.06138 14 1.00000
200.1 41.06430 14 1.00000
200.2 41.06726 14 1.00000
200.3 41.07019 14 1.00000
200.4 41.07311 14 1.00000
200.5 41.07605 14 1.00000
200.6 41.07898 14 1.00000
200.7 41.08191 14 1.00000
200.8 41.08483 14 1.00000
200.9 41.08773 14 1.00000
201.0 41.09065 14 1.00000
201.1 41.01879 14 1.00000
201.2 41.02171 14 1.00000
201.3 41.02460 14 1.00000
201.4 41.02750 14 1.00000
201.5 41.03038 14 1.00000
201.6 41.03327 14 1.00000
201.7 41.03616 14 1.00000
201.8 41.03904 14 1.00000
201.9 41.04192 14 1.00000
202.0 41.04482 14 1.00000
202.1 41.04769 14 1.00000
202.2 41.05057 14 1.00000
202.3 41.05342 14 1.00000
202.4 41.05630 14 1.00000
202.5 41.05916 14 1.00000
202.6 41.06217 14 1.00000
202.7 41.05014 14 1.00000
202.8 41.05303 14 1.00000
202.9 41.05593 14 1.00000
203.0 41.05885 14 1.00000
203.1 41.06174 14 1.00000
203.2 41.06463 14 1.00000
203.3 41.06752 14 1.00000
203.4 41.07040 14 1.00000
203.5 41.07328 14 1.00000
203.6 41.07618 14 1.00000
203.7 41.07906 14 1.00000
203.8 41.08193 14 1.00000
203.9 41.08479 14 1.00000
204.0 41.08767 14 1.00000
204.1 41.09068 14 1.00000
204.2 41.01878 14 1.00000
204.3 41.02163 14 1.00000
204.4 41.02447 14 1.00000
204.5 41.02733 14 1.00000
204.6 41.03018 14 1.00000
204.7 41.03302 14 1.00000
204.8 41.03586 14 1.00000
204.9 41.03870 14 1.00000
205.0 41.04152 14 1.00000
205.1 41.04435 14 1.00000
205.2 41.04718 14 1.00000
205.3 41.05003 14 1.00000
205.4 41.05283 14 1.00000
205.5 41.05567 14 1.00000
205.6 41.05862 14 1.00000
205.7 41.06157 14 1.00000
205.8 41.04948 14 1.00000
205.9 41.05234 14 1.00000
206.0 41.05519 14 1.00000
206.1 41.05806 14 1.00000
206.2 41.06089 14 1.00000
206.3 41.06375 14 1.00000
206.4 41.06660 14 1.00000
206.5 41.06944 14 1.00000
206.6 41.07228 14 1.00000
206.7 41.07511 14 1.00000
206.8 41.07795 14 1.00000
206.9 41.08076 14 1.00000
207.0 41.08360 14 1.00000
207.1 41.08656 14 1.00000
207.2 41.08952 14 1.00000
207.3 41.01756 14 1.00000
207.4 41.02037 14 1.00000
207.5 41.02318 14 1.00000
207.6 41.02598 14 1.00000
207.7 41.02878 14 1.00000
207.8 41.03158 14 1.00000
207.9 41.03439 14 1.00000
208.0 41.03718 14 1.00000
208.1 41.03996 14 1.00000
208.2 41.04274 14 1.00000
208.3 41.04554 14 1.00000
208.4 41.04833 14 1.00000
208.5 41.05111 14 1.00000
208.6 41.05389 14 1.00000
208.7 41.05679 14 1.00000
208.8 41.05970 14 1.00000
208.9 41.06259 14 1.00000
209.0 41.05050 14 1.00000
209.1 41.05329 14 1.00000
209.2 41.05610 14 1.00000
209.3 41.05890 14 1.00000
209.4 41.06171 14 1.00000
209.5 41.06451 14 1.00000
209.6 41.06731 14 1.00000
209.7 41.07009 14 1.00000
209.8 41.07290 14 1.00000
209.9 41.07569 14 1.00000
210.0 41.07847 14 1.00000
210.1 41.08124 14 1.00000
210.2 41.08417 14 1.00000
210.3 41.08707 14 1.00000
210.4 41.08998 14 1.00000
210.5 41.01801 14 1.00000
210.6 41.02075 14 1.00000
210.7 41.02353 14 1.00000
210.8 41.02628 14 1.00000
210.9 41.02902 14 1.00000
211.0 41.03179 14 1.00000
211.1 41.03454 14 1.00000
211.2 41.03727 14 1.00000
211.3 41.04002 14 1.00000
211.4 41.04277 14 1.00000
211.5 41.04550 14 1.00000
211.6 41.04825 14 1.00000
211.7 41.05098 14 1.00000
211.8 41.05385 14 1.00000
211.9 41.05671 14 1.00000
212.0 41.05956 14 1.00000
212.1 41.06243 14 1.00000
212.2 41.05026 14 1.00000
212.3 41.05304 14 1.00000
212.4 41.05579 14 1.00000
212.5 41.05854 14 1.00000
212.6 41.06131 14 1.00000
212.7 41.06405 14 1.00000
212.8 41.06681 14 1.00000
212.9 41.06955 14 1.00000
213.0 41.07229 14 1.00000
213.1 41.07505 14 1.00000
213.2 41.07779 14 1.00000
213.3 41.08053 14 1.00000
213.4 41.08340 14 1.00000
213.5 41.08639 14 1.00000
213.6 41.08925 14 1.00000
213.7 41.01723 14 1.00000
213.8 41.01995 14 1.00000
213.9 41.02265 14 1.00000
214.0 41.02538 14 1.00000
214.1 41.02809 14 1.00000
214.2 41.03078 14 1.00000
214.3 41.03350 14 1.00000
214.4 41.03619 14 1.00000
214.5 41.03890 14 1.00000
214.6 41.04160 14 1.00000
214.7 41.04428 14 1.00000
214.8 41.04699 14 1.00000
214.9 41.04968 14 1.00000
215.0 41.05262 14 1.00000
215.1 41.05545 14 1.00000
215.2 41.05825 14 1.00000
215.3 41.06108 14 1.00000
215.4 41.04884 14 1.00000
215.5 41.05156 14 1.00000
215.6 41.05428 14 1.00000
215.7 41.05700 14 1.00000
215.8 41.05972 14 1.00000
215.9 41.06243 14 1.00000
216.0 41.06514 14 1.00000
216.1 41.06784 14 1.00000
216.2 41.07055 14 1.00000
216.3 41.07324 14 1.00000
216.4 41.07594 14 1.00000
216.5 41.07877 14 1.00000
216.6 41.08160 14 1.00000
216.7 41.08442 14 1.00000
216.8 41.08724 14 1.00000
216.9 41.09005 14 1.00000
217.0 41.01798 14 1.00000
217.1 41.02065 14 1.00000
217.2 41.02331 14 1.00000
217.3 41.02599 14 1.00000
217.4 41.02865 14 1.00000
217.5 41.03131 14 1.00000
217.6 41.03398 14 1.00000
217.7 41.03663 14 1.00000
217.8 41.03929 14 1.00000
217.9 41.04193 14 1.00000
218.0 41.04458 14 1.00000
218.1 41.04724 14 1.00000
218.2 41.05014 14 1.00000
218.3 41.05291 14 1.00000
218.4 41.05570 14 1.00000
218.5 41.05848 14 1.00000
218.6 41.06124 14 1.00000
218.7 41.04898 14 1.00000
218.8 41.05165 14 1.00000
218.9 41.05433 14 1.00000
219.0 41.05700 14 1.00000
219.1 41.05967 14 1.00000
219.2 41.06231 14 1.00000
219.3 41.06498 14 1.00000
219.4 41.06765 14 1.00000
219.5 41.07031 14 1.00000
219.6 41.07296 14 1.00000
219.7 41.07562 14 1.00000
219.8 41.07840 14 1.00000
219.9 41.08131 14 1.00000
220.0 41.08409 14 1.00000
220.1 41.08688 14 1.00000
220.2 41.08964 14 1.00000
220.3 41.01752 14 1.00000
220.4 41.02015 14 1.00000
220.5 41.02279 14 1.00000
220.6 41.02541 14 1.00000
220.7 41.02803 14 1.00000
220.8 41.03065 14 1.00000
220.9 41.03326 14 1.00000
221.0 41.03588 14 1.00000
221.1 41.03849 14 1.00000
221.2 41.04108 14 1.00000
221.3 41.04371 14 1.00000
221.4 41.04645 14 1.00000
221.5 41.04917 14 1.00000
221.6 41.05192 14 1.00000
221.7 41.05465 14 1.00000
221.8 41.05738 14 1.00000
221.9 41.06010 14 1.00000
222.0 41.06283 14 1.00000
222.1 41.05053 14 1.00000
222.2 41.05316 14 1.00000
222.3 41.05580 14 1.00000
222.4 41.05843 14 1.00000
222.5 41.06105 14 1.00000
222.6 41.06367 14 1.00000
222.7 41.06627 14 1.00000
222.8 41.06890 14 1.00000
222.9 41.07150 14 1.00000
223.0 41.07424 14 1.00000
223.1 41.07700 14 1.00000
223.2 41.07974 14 1.00000
223.3 41.08246 14 1.00000
223.4 41.08521 14 1.00000
223.5 41.08795 14 1.00000
223.6 41.09068 14 1.00000
223.7 41.01849 14 1.00000
223.8 41.02108 14 1.00000
223.9 41.02367 14 1.00000
224.0 41.02625 14 1.00000
224.1 41.02881 14 1.00000
224.2 41.03140 14 1.00000
224.3 41.03396 14 1.00000
224.4 41.03654 14 1.00000
224.5 41.03911 14 1.00000
224.6 41.04168 14 1.00000
224.7 41.04436 14 1.00000
224.8 41.04707 14 1.00000
224.9 41.04988 14 1.00000
225.0 41.05257 14 1.00000
225.1 41.05527 14 1.00000
225.2 41.05796 14 1.00000
225.3 41.06063 14 1.00000
225.4 41.04829 14 1.00000
225.5 41.05086 14 1.00000
225.6 41.05346 14 1.00000
225.7 41.05604 14 1.00000
225.8 41.05862 14 1.00000
225.9 41.06120 14 1.00000
226.0 41.06376 14 1.00000
226.1 41.06633 14 1.00000
226.2 41.06890 14 1.00000
226.3 41.07162 14 1.00000
226.4 41.07433 14 1.00000
226.5 41.07701 14 1.00000
226.6 41.07971 14 1.00000
226.7 41.08242 14 1.00000
226.8 41.08511 14 1.00000
226.9 41.08780 14 1.00000
227.0 41.09049 14 1.00000
227.1 41.01827 14 1.00000
227.2 41.02082 14 1.00000
227.3 41.02335 14 1.00000
227.4 41.02588 14 1.00000
227.5 41.02841 14 1.00000
227.6 41.03094 14 1.00000
227.7 41.03347 14 1.00000
227.8 41.03601 14 1.00000
227.9 41.03853 14 1.00000
228.0 41.04120 14 1.00000
228.1 41.04384 14 1.00000
228.2 41.04651 14 1.00000
228.3 41.04914 14 1.00000
228.4 41.05181 14 1.00000
228.5 41.05445 14 1.00000
228.6 41.05709 14 1.00000
228.7 41.05974 14 1.00000
228.8 41.06236 14 1.00000
228.9 41.04999 14 1.00000
229.0 41.05255 14 1.00000
229.1 41.05509 14 1.00000
229.2 41.05762 14 1.00000
229.3 41.06016 14 1.00000
229.4 41.06268 14 1.00000
229.5 41.06523 14 1.00000
229.6 41.06776 14 1.00000
229.7 41.07040 14 1.00000
229.8 41.07306 14 1.00000
229.9 41.07572 14 1.00000
230.0 41.07838 14 1.00000
230.1 41.08118 14 1.00000
230.2 41.08383 14 1.00000
230.3 41.08646 14 1.00000
230.4 41.08913 14 1.00000
230.5 41.01686 14 1.00000
230.6 41.01936 14 1.00000
230.7 41.02187 14 1.00000
230.8 41.02436 14 1.00000
230.9 41.02686 14 1.00000
231.0 41.02934 14 1.00000
231.1 41.03183 14 1.00000
231.2 41.03432 14 1.00000
231.3 41.03682 14 1.00000
231.4 41.03943 14 1.00000
231.5 41.04205 14 1.00000
231.6 41.04465 14 1.00000
231.7 41.04727 14 1.00000
231.8 41.05001 14 1.00000
231.9 41.05262 14 1.00000
232.0 41.05522 14 1.00000
232.1 41.05781 14 1.00000
232.2 41.06042 14 1.00000
232.3 41.04796 14 1.00000
232.4 41.05046 14 1.00000
232.5 41.05296 14 1.00000
232.6 41.05546 14 1.00000
232.7 41.05797 14 1.00000
232.8 41.06046 14 1.00000
232.9 41.06295 14 1.00000
233.0 41.06544 14 1.00000
233.1 41.06805 14 1.00000
233.2 41.07068 14 1.00000
233.3 41.07328 14 1.00000
233.4 41.07592 14 1.00000
233.5 41.07866 14 1.00000
233.6 41.08127 14 1.00000
233.7 41.08388 14 1.00000
233.8 41.08649 14 1.00000
233.9 41.08909 14 1.00000
234.0 41.09156 14 1.00000
234.1 41.01925 14 1.00000
234.2 41.02171 14 1.00000
234.3 41.02417 14 1.00000
234.4 41.02660 14 1.00000
234.5 41.02907 14 1.00000
234.6 41.03152 14 1.00000
234.7 41.03396 14 1.00000
234.8 41.03654 14 1.00000
234.9 41.03911 14 1.00000
235.0 41.04167 14 1.00000
235.1 41.04426 14 1.00000
235.2 41.04681 14 1.00000
235.3 41.04938 14 1.00000
235.4 41.05194 14 1.00000
235.5 41.05452 14 1.00000
235.6 41.05708 14 1.00000
235.7 41.05962 14 1.00000
235.8 41.06218 14 1.00000
235.9 41.04974 14 1.00000
236.0 41.05218 14 1.00000
236.1 41.05465 14 1.00000
236.2 41.05709 14 1.00000
236.3 41.05954 14 1.00000
236.4 41.06199 14 1.00000
236.5 41.06444 14 1.00000
236.6 41.06717 14 1.00000
236.7 41.06975 14 1.00000
236.8 41.07231 14 1.00000
236.9 41.07490 14 1.00000
237.0 41.07747 14 1.00000
237.1 41.08003 14 1.00000
237.2 41.08261 14 1.00000
237.3 41.08517 14 1.00000
237.4 41.08774 14 1.00000
237.5 41.09029 14 1.00000
237.6 41.01795 14 1.00000
237.7 41.02038 14 1.00000
237.8 41.02278 14 1.00000
237.9 41.02519 14 1.00000
238.0 41.02760 14 1.00000
238.1 41.03002 14 1.00000
238.2 41.03243 14 1.00000
238.3 41.03497 14 1.00000
238.4 41.03749 14 1.00000
238.5 41.04004 14 1.00000
238.6 41.04268 14 1.00000
238.7 41.04521 14 1.00000
238.8 41.04774 14 1.00000
238.9 41.05028 14 1.00000
239.0 41.05280 14 1.00000
239.1 41.05531 14 1.00000
239.2 41.05784 14 1.00000
239.3 41.06036 14 1.00000
239.4 41.06273 14 1.00000
239.5 41.05025 14 1.00000
239.6 41.05265 14 1.00000
239.7 41.05507 14 1.00000
239.8 41.05750 14 1.00000
239.9 41.05991 14 1.00000
240.0 41.06244 14 1.00000
240.1 41.06498 14 1.00000
240.2 41.06752 14 1.00000
240.3 41.07005 14 1.00000
240.4 41.07259 14 1.00000
240.5 41.07512 14 1.00000
240.6 41.07767 14 1.00000
240.7 41.08020 14 1.00000
240.8 41.08271 14 1.00000
240.9 41.08525 14 1.00000
241.0 41.08777 14 1.00000
241.1 41.09028 14 1.00000
241.2 41.01791 14 1.00000
241.3 41.02029 14 1.00000
241.4 41.02266 14 1.00000
241.5 41.02502 14 1.00000
241.6 41.02740 14 1.00000
241.7 41.02977 14 1.00000
241.8 41.03225 14 1.00000
241.9 41.03477 14 1.00000
242.0 41.03726 14 1.00000
242.1 41.03976 14 1.00000
242.2 41.04223 14 1.00000
242.3 41.04473 14 1.00000
242.4 41.04734 14 1.00000
242.5 41.04984 14 1.00000
242.6 41.05231 14 1.00000
242.7 41.05481 14 1.00000
242.8 41.05715 14 1.00000
242.9 41.05962 14 1.00000
243.0 41.06209 14 1.00000
243.1 41.04955 14 1.00000
243.2 41.05193 14 1.00000
243.3 41.05431 14 1.00000
243.4 41.05667 14 1.00000
243.5 41.05904 14 1.00000
243.6 41.06156 14 1.00000
243.7 41.06405 14 1.00000
243.8 41.06656 14 1.00000
243.9 41.06919 14 1.00000
244.0 41.07169 14 1.00000
244.1 41.07418 14 1.00000
244.2 41.07666 14 1.00000
244.3 41.07915 14 1.00000
244.4 41.08164 14 1.00000
244.5 41.08413 14 1.00000
244.6 41.08661 14 1.00000
244.7 41.08911 14 1.00000
244.8 41.09144 14 1.00000
244.9 41.01903 14 1.00000
245.0 41.02136 14 1.00000
245.1 41.02369 14 1.00000
245.2 41.02602 14 1.00000
245.3 41.02834 14 1.00000
245.4 41.03082 14 1.00000
245.5 41.03326 14 1.00000
245.6 41.03586 14 1.00000
245.7 41.03832 14 1.00000
245.8 41.04077 14 1.00000
245.9 41.04321 14 1.00000
246.0 41.04567 14 1.00000
246.1 41.04811 14 1.00000
246.2 41.05055 14 1.00000
246.3 41.05301 14 1.00000
246.4 41.05545 14 1.00000
246.5 41.05787 14 1.00000
246.6 41.06031 14 1.00000
246.7 41.06261 14 1.00000
246.8 41.05005 14 1.00000
246.9 41.05237 14 1.00000
247.0 41.05472 14 1.00000
247.1 41.05704 14 1.00000
247.2 41.05951 14 1.00000
247.3 41.06198 14 1.00000
247.4 41.06456 14 1.00000
247.5 41.06704 14 1.00000
247.6 41.06950 14 1.00000
247.7 41.07195 14 1.00000
247.8 41.07439 14 1.00000
247.9 41.07684 14 1.00000
248.0 41.07929 14 1.00000
248.1 41.08176 14 1.00000
248.2 41.08420 14 1.00000
248.3 41.08663 14 1.00000
248.4 41.08909 14 1.00000
248.5 41.09138 14 1.00000
248.6 41.01893 14 1.00000
248.7 41.02122 14 1.00000
248.8 41.02352 14 1.00000
248.9 41.02579 14 1.00000
249.0 41.02823 14 1.00000
249.1 41.03065 14 1.00000
249.2 41.03306 14 1.00000
249.3 41.03549 14 1.00000
249.4 41.03804 14 1.00000
249.5 41.04044 14 1.00000
249.6 41.04287 14 1.00000
249.7 41.04528 14 1.00000
249.8 41.04768 14 1.00000
249.9 41.05008 14 1.00000
250.0 41.05249 14 1.00000
