15.0 1.31383 13 0.04801
15.1 1.32124 13 0.04889
15.2 1.32880 13 0.04977
15.3 1.33623 13 0.05062
15.4 1.34367 13 0.05150
15.5 1.35112 13 0.05238
15.6 1.35859 13 0.05326
15.7 1.36606 13 0.05412
15.8 1.37355 13 0.05502
15.9 1.38105 13 0.05591
16.0 1.38857 13 0.05677
16.1 1.39590 13 0.05765
16.2 1.40343 13 0.05856
16.3 1.41098 13 0.05948
16.4 1.41833 13 0.06032
16.5 1.42591 13 0.06124
16.6 1.43327 13 0.06214
16.7 1.44087 13 0.06305
16.8 1.44825 13 0.06392
16.9 1.45587 13 0.06485
17.0 1.46366 13 0.06580
17.1 1.47106 13 0.06672
17.2 1.47873 13 0.06767
17.3 1.48615 13 0.06859
17.4 1.49357 13 0.06953
17.5 1.50100 13 0.07042
17.6 1.50843 13 0.07134
17.7 1.51615 13 0.07233
17.8 1.52360 13 0.07328
17.9 1.53105 13 0.07424
18.0 1.53851 13 0.07521
18.1 1.54598 13 0.07618
18.2 1.55345 13 0.07710
18.3 1.56092 13 0.07809
18.4 1.56840 13 0.07908
18.5 1.57554 13 0.08004
18.6 1.58303 13 0.08105
18.7 1.59052 13 0.08208
18.8 1.59802 13 0.08302
18.9 1.60552 13 0.08406
19.0 1.61265 13 0.08506
19.1 1.62016 13 0.08611
19.2 1.62768 13 0.08718
19.3 1.63520 13 0.08823
19.4 1.64232 13 0.08919
19.5 1.64985 13 0.09029
19.6 1.65739 13 0.09140
19.7 1.66450 13 0.09245
19.8 1.67205 13 0.09359
19.9 1.68020 13 0.09471
20.0 1.68732 13 0.09580
20.1 1.69488 13 0.09697
20.2 1.70205 13 0.09809
20.3 1.71337 13 0.09992
20.4 1.72405 13 0.10163
20.5 1.73552 13 0.10358
20.6 1.74632 13 0.10544
20.7 1.75795 13 0.10747
20.8 1.76887 13 0.10925
20.9 1.78066 13 0.11133
21.0 1.79171 13 0.11331
21.1 1.80367 13 0.11548
21.2 1.81484 13 0.11768
21.3 1.82696 13 0.12050
21.4 1.83826 13 0.12560
21.5 1.85055 13 0.13112
21.6 1.86198 13 0.13683
21.7 1.87347 13 0.14326
21.8 1.88601 13 0.14976
21.9 1.89763 13 0.15767
22.0 1.90931 13 0.16391
22.1 1.92209 13 0.17352
22.2 7.08192 14 1.00000
22.3 7.12378 14 1.00000
22.4 7.15497 14 1.00000
22.5 7.18873 14 1.00000
22.6 7.22214 14 1.00000
22.7 7.25347 14 1.00000
22.8 7.28649 14 1.00000
22.9 7.31880 14 1.00000
23.0 7.35583 14 1.00000
23.1 7.39164 14 1.00000
23.2 7.42715 14 1.00000
23.3 7.48293 14 1.00000
23.4 7.52961 14 1.00000
23.5 7.56891 14 1.00000
23.6 7.59817 14 1.00000
23.7 7.62851 14 1.00000
23.8 7.66480 14 1.00000
23.9 7.69749 14 1.00000
24.0 7.73016 14 1.00000
24.1 7.76378 14 1.00000
24.2 7.79881 14 1.00000
24.3 7.80185 14 1.00000
24.4 7.82166 14 1.00000
24.5 7.85817 14 1.00000
24.6 7.89467 14 1.00000
24.7 7.64542 14 1.00000
24.8 7.65730 14 1.00000
24.9 7.66607 14 1.00000
25.0 7.67445 14 1.00000
25.1 7.68276 14 1.00000
25.2 7.68854 14 1.00000
25.3 7.70075 14 1.00000
25.4 7.71056 14 1.00000
25.5 7.71891 14 1.00000
25.6 7.72827 14 1.00000
25.7 7.73505 14 1.00000
25.8 7.74531 14 1.00000
25.9 7.75427 14 1.00000
26.0 7.76213 14 1.00000
26.1 7.77281 14 1.00000
26.2 7.78419 14 1.00000
26.3 7.78789 14 1.00000
26.4 7.80041 14 1.00000
26.5 7.81003 14 1.00000
26.6 7.82132 14 1.00000
26.7 7.83055 14 1.00000
26.8 7.84605 14 1.00000
26.9 7.85439 14 1.00000
27.0 7.86989 14 1.00000
27.1 7.87830 14 1.00000
27.2 7.88272 14 1.00000
27.3 7.88675 14 1.00000
27.4 7.89845 14 1.00000
27.5 7.91596 14 1.00000
27.6 7.92239 14 1.00000
27.7 7.93483 14 1.00000
27.8 7.93976 14 1.00000
27.9 7.94757 14 1.00000
28.0 7.95688 14 1.00000
28.1 7.96625 14 1.00000
28.2 7.98317 14 1.00000
28.3 7.98900 14 1.00000
28.4 8.00477 14 1.00000
28.5 8.01263 14 1.00000
28.6 8.02043 14 1.00000
28.7 8.03135 14 1.00000
28.8 8.03630 14 1.00000
28.9 8.05150 14 1.00000
29.0 8.06196 14 1.00000
29.1 8.06500 14 1.00000
29.2 8.07749 14 1.00000
29.3 8.09451 14 1.00000
29.4 8.09994 14 1.00000
29.5 8.10700 14 1.00000
29.6 8.12128 14 1.00000
29.7 8.13082 14 1.00000
29.8 8.14204 14 1.00000
29.9 8.15175 14 1.00000
30.0 8.16847 14 1.00000
30.1 8.17343 14 1.00000
30.2 8.18538 14 1.00000
30.3 8.20069 14 1.00000
30.4 8.20887 14 1.00000
30.5 8.21916 14 1.00000
30.6 8.22987 14 1.00000
30.7 8.24558 14 1.00000
30.8 8.25050 14 1.00000
30.9 8.26291 14 1.00000
31.0 8.27068 14 1.00000
31.1 8.28284 14 1.00000
31.2 5.49248 14 0.62113
31.3 5.49874 14 0.62114
31.4 5.50538 14 0.62115
31.5 5.51186 14 0.62117
31.6 5.51819 14 0.62119
31.7 5.52432 14 0.62122
31.8 5.53127 14 0.62125
31.9 5.53704 14 0.62129
32.0 5.54182 14 0.62132
32.1 5.55066 14 0.62139
32.2 5.55587 14 0.62144
32.3 5.56043 14 0.62148
32.4 5.56973 14 0.62157
32.5 5.57486 14 0.62163
32.6 5.58658 14 0.62177
32.7 5.59167 14 0.62183
32.8 5.59687 14 0.62190
32.9 5.60203 14 0.62197
33.0 5.60590 14 0.62203
33.1 5.61414 14 0.62215
33.2 5.62128 14 0.62227
33.3 5.62631 14 0.62235
33.4 5.63144 14 0.62244
33.5 5.64054 14 0.62259
33.6 5.64753 14 0.62272
33.7 5.65316 14 0.62283
33.8 5.66208 14 0.62300
33.9 5.66199 14 0.62300
34.0 5.67351 14 0.62324
34.1 5.67934 14 0.62336
34.2 5.68345 14 0.62345
34.3 5.69681 14 0.62374
34.4 5.70281 14 0.62388
34.5 5.70675 14 0.62397
34.6 5.71812 14 0.62425
34.7 5.72395 14 0.62439
34.8 5.73072 14 0.62456
34.9 5.73586 14 0.62469
35.0 5.74694 14 0.62498
35.1 5.75370 14 0.62515
35.2 5.76686 14 0.62551
35.3 5.76894 14 0.62557
35.4 5.77152 14 0.62564
35.5 5.77996 14 0.62588
35.6 5.78630 14 0.62606
35.7 5.79779 14 0.62639
35.8 5.80508 14 0.62661
35.9 5.81497 14 0.62691
36.0 5.81274 14 0.62684
36.1 5.82189 14 0.62712
36.2 5.83061 14 0.62739
36.3 5.84212 14 0.62775
36.4 5.84199 14 0.62775
36.5 5.84946 14 0.62799
36.6 5.85544 14 0.62818
36.7 5.86114 14 0.62837
36.8 5.86285 14 0.62843
36.9 5.87366 14 0.62878
37.0 5.88712 14 0.62924
37.1 5.89146 14 0.62939
37.2 5.89117 14 0.62938
37.3 5.89929 14 0.62966
37.4 5.91311 14 0.63014
37.5 5.91298 14 0.63014
37.6 5.92715 14 0.63064
37.7 5.92977 14 0.63073
37.8 5.94107 14 0.63114
37.9 5.94528 14 0.63129
38.0 5.94877 14 0.63142
38.1 5.95095 14 0.63150
38.2 5.96040 14 0.63185
38.3 5.96809 14 0.63214
38.4 5.97797 14 0.63251
38.5 5.98946 14 0.63295
38.6 5.99605 14 0.63320
38.7 6.00362 14 0.63349
38.8 6.00662 14 0.63361
38.9 6.01755 14 0.63404
39.0 6.02214 14 0.63422
39.1 6.03438 14 0.63470
39.2 6.04037 14 0.63494
39.3 6.05052 14 0.63535
39.4 6.05851 14 0.63567
39.5 6.06589 14 0.63597
39.6 6.07211 14 0.63623
39.7 6.07583 14 0.63638
39.8 6.09021 14 0.63697
39.9 6.09732 14 0.63727
40.0 6.10184 14 0.63746
40.1 6.10096 14 0.63742
40.2 6.11054 14 0.63782
40.3 6.11788 14 0.63813
40.4 6.12322 14 0.63836
40.5 6.13002 14 0.63865
40.6 6.13704 14 0.63895
40.7 6.14317 14 0.63921
40.8 6.15353 14 0.63966
40.9 6.15574 14 0.63975
41.0 6.16325 14 0.64008
41.1 6.17099 14 0.64042
41.2 6.17644 14 0.64065
41.3 6.18522 14 0.64104
41.4 6.19517 14 0.64148
41.5 6.19920 14 0.64166
41.6 6.20378 14 0.64186
41.7 6.21047 14 0.64216
41.8 6.21563 14 0.64239
41.9 6.21701 14 0.64245
42.0 6.22343 14 0.64274
42.1 6.23257 14 0.64315
42.2 6.25038 14 0.64396
42.3 6.25531 14 0.64418
42.4 6.26463 14 0.64461
42.5 6.27138 14 0.64492
42.6 6.28172 14 0.64540
42.7 6.29117 14 0.64583
42.8 6.29904 14 0.64620
42.9 6.30587 14 0.64651
43.0 6.30896 14 0.64665
43.1 6.31590 14 0.64695
43.2 6.32463 14 0.64734
43.3 6.33228 14 0.64768
43.4 6.33557 14 0.64782
43.5 6.34220 14 0.64812
43.6 6.35313 14 0.64861
43.7 6.35892 14 0.64887
43.8 6.36753 14 0.64925
43.9 6.37271 14 0.64949
44.0 6.37936 14 0.64979
44.1 6.38545 14 0.65006
44.2 6.38996 14 0.65027
44.3 6.40545 14 0.65097
44.4 6.40350 14 0.65088
44.5 6.41907 14 0.65160
44.6 6.42304 14 0.65178
44.7 6.42739 14 0.65198
44.8 6.44038 14 0.65258
44.9 6.44270 14 0.65269
45.0 6.44272 14 0.65269
45.1 6.45177 14 0.65311
45.2 6.46400 14 0.65368
45.3 6.46573 14 0.65376
45.4 6.47488 14 0.65419
45.5 6.47875 14 0.65437
45.6 6.48644 14 0.65473
45.7 6.48852 14 0.65483
45.8 6.49126 14 0.65496
45.9 6.50244 14 0.65549
46.0 6.51370 14 0.65602
46.1 6.52508 14 0.65656
46.2 6.53730 14 0.65715
46.3 6.53590 14 0.65708
46.4 6.55147 14 0.65782
46.5 6.55837 14 0.65815
46.6 6.56046 14 0.65825
46.7 6.56450 14 0.65845
46.8 6.58163 14 0.65927
46.9 6.57852 14 0.65912
47.0 6.59547 14 0.65994
47.1 6.59883 14 0.66011
47.2 6.60930 14 0.66061
47.3 6.61747 14 0.66101
47.4 6.62431 14 0.66135
47.5 6.62851 14 0.66155
47.6 6.63768 14 0.66200
47.7 6.64369 14 0.66229
47.8 6.64764 14 0.66249
47.9 6.65652 14 0.66292
48.0 6.66668 14 0.66342
48.1 6.67350 14 0.66376
48.2 6.67179 14 0.66367
48.3 6.68242 14 0.66420
48.4 6.69173 14 0.66466
48.5 6.69761 14 0.66495
48.6 6.68546 14 0.66435
48.7 6.68432 14 0.66429
48.8 6.64229 14 0.66222
48.9 6.63539 14 0.66189
49.0 6.62209 14 0.66124
49.1 6.61336 14 0.66081
49.2 6.60744 14 0.66052
49.3 6.59327 14 0.65984
49.4 6.59255 14 0.65980
49.5 6.59098 14 0.65973
49.6 6.59002 14 0.65968
49.7 6.57844 14 0.65912
49.8 6.57246 14 0.65883
49.9 6.55759 14 0.65812
50.0 6.55590 14 0.65804
50.1 6.53273 14 0.65693
50.2 6.53144 14 0.65687
50.3 6.52346 14 0.65649
50.4 6.52157 14 0.65640
50.5 6.51945 14 0.65630
50.6 6.51707 14 0.65618
50.7 6.50970 14 0.65583
50.8 6.50811 14 0.65576
50.9 6.50849 14 0.65578
51.0 6.50685 14 0.65570
51.1 6.50511 14 0.65562
51.2 6.50323 14 0.65553
51.3 6.50116 14 0.65543
51.4 6.50152 14 0.65545
51.5 6.49938 14 0.65535
51.6 6.49628 14 0.65520
51.7 6.49224 14 0.65501
51.8 6.49409 14 0.65510
51.9 6.48961 14 0.65488
52.0 6.47622 14 0.65425
52.1 6.48493 14 0.65466
52.2 6.48027 14 0.65444
52.3 6.47941 14 0.65440
52.4 6.48546 14 0.65469
52.5 6.47333 14 0.65412
52.6 6.48065 14 0.65446
52.7 6.48467 14 0.65465
52.8 6.46694 14 0.65382
52.9 6.46577 14 0.65377
53.0 6.46751 14 0.65385
53.1 6.47826 14 0.65435
53.2 6.48870 14 0.65484
53.3 6.49182 14 0.65499
53.4 6.50287 14 0.65551
53.5 6.51617 14 0.65614
53.6 6.53362 14 0.65697
53.7 6.54920 14 0.65771
53.8 6.55040 14 0.65777
53.9 6.58138 14 0.65926
54.0 6.59916 14 0.66012
54.1 6.62050 14 0.66116
54.2 6.63663 14 0.66195
54.3 6.65445 14 0.66282
54.4 6.66954 14 0.66356
54.5 6.68396 14 0.66427
54.6 6.71545 14 0.66583
54.7 6.72160 14 0.66614
54.8 6.73987 14 0.66705
54.9 6.74356 14 0.66723
55.0 6.76182 14 0.66815
55.1 6.77331 14 0.66872
55.2 6.78236 14 0.66918
55.3 6.78183 14 0.66915
55.4 6.79600 14 0.66987
55.5 6.80590 14 0.67037
55.6 6.82066 14 0.67112
55.7 6.83877 14 0.67204
55.8 6.85305 14 0.67276
55.9 6.88555 14 0.67442
56.0 6.90634 14 0.67549
56.1 6.92921 14 0.67667
56.2 6.94810 14 0.67764
56.3 6.96024 14 0.67827
56.4 6.98217 14 0.67940
56.5 6.99837 14 0.68025
56.6 7.01402 14 0.68106
56.7 7.03539 14 0.68217
56.8 7.04030 14 0.68243
56.9 7.06317 14 0.68362
57.0 7.07152 14 0.68406
57.1 7.08250 14 0.68464
57.2 7.09599 14 0.68534
57.3 7.10864 14 0.68601
57.4 7.11431 14 0.68631
57.5 7.13221 14 0.68725
57.6 7.14273 14 0.68780
57.7 7.15919 14 0.68867
57.8 7.18299 14 0.68993
57.9 7.20135 14 0.69090
58.0 7.23232 14 0.69254
58.1 7.25521 14 0.69376
58.2 7.27687 14 0.69491
58.3 7.27508 14 0.69482
58.4 7.29570 14 0.69592
58.5 7.31213 14 0.69680
58.6 7.33138 14 0.69783
58.7 7.34242 14 0.69842
58.8 7.36720 14 0.69975
58.9 7.39418 14 0.70120
59.0 7.40658 14 0.70187
59.1 7.43569 14 0.70343
59.2 7.44015 14 0.70367
59.3 7.45164 14 0.70429
59.4 7.46837 14 0.70520
59.5 7.48540 14 0.70612
59.6 7.48896 14 0.70631
59.7 7.51040 14 0.70747
59.8 7.50043 14 0.70693
59.9 7.51471 14 0.70770
60.0 7.54332 14 0.70925
60.1 7.55660 14 0.70997
60.2 7.58216 14 0.71135
60.3 7.59969 14 0.71230
60.4 7.63195 14 0.71406
60.5 7.66249 14 0.71572
60.6 7.68484 14 0.71693
60.7 7.70432 14 0.71799
60.8 7.72657 14 0.71920
60.9 7.74584 14 0.72025
61.0 7.75993 14 0.72102
61.1 7.78165 14 0.72221
61.2 7.80455 14 0.72346
61.3 7.79402 14 0.72288
61.4 7.82730 14 0.72470
61.5 7.85119 14 0.72601
61.6 7.86193 14 0.72660
61.7 7.87556 14 0.72735
61.8 7.88921 14 0.72809
61.9 7.89857 14 0.72861
62.0 7.91770 14 0.72966
62.1 7.93055 14 0.73036
62.2 7.94405 14 0.73110
62.3 7.96705 14 0.73236
62.4 7.99188 14 0.73373
62.5 8.00744 14 0.73458
62.6 8.02575 14 0.73558
62.7 8.06516 14 0.73775
62.8 8.08589 14 0.73889
62.9 8.08395 14 0.73878
63.0 8.10005 14 0.73967
63.1 8.12545 14 0.74106
63.2 8.15569 14 0.74272
63.3 8.16844 14 0.74343
63.4 8.18978 14 0.74460
63.5 8.21764 14 0.74613
63.6 8.22677 14 0.74663
63.7 8.25222 14 0.74803
63.8 8.29179 14 0.75021
63.9 8.30290 14 0.75082
64.0 8.32987 14 0.75231
64.1 8.33962 14 0.75284
64.2 8.35700 14 0.75380
64.3 8.36618 14 0.75430
64.4 8.38725 14 0.75546
64.5 8.37613 14 0.75485
64.6 8.39577 14 0.75593
64.7 8.41062 14 0.75675
64.8 8.42452 14 0.75751
64.9 8.45064 14 0.75895
65.0 8.47103 14 0.76008
65.1 8.50162 14 0.76176
65.2 8.52335 14 0.76296
65.3 8.54478 14 0.76414
65.4 8.57937 14 0.76604
65.5 8.60115 14 0.76724
65.6 8.62463 14 0.76854
65.7 8.65642 14 0.77029
65.8 8.67806 14 0.77148
65.9 8.70227 14 0.77281
66.0 8.71798 14 0.77368
66.1 8.71240 14 0.77337
66.2 8.72841 14 0.77425
66.3 8.71464 14 0.77349
66.4 8.73694 14 0.77472
66.5 8.75326 14 0.77562
66.6 8.77553 14 0.77684
66.7 8.81239 14 0.77887
66.8 8.82721 14 0.77968
66.9 8.85224 14 0.78106
67.0 8.86883 14 0.78197
67.1 8.88034 14 0.78260
67.2 8.90046 14 0.78371
67.3 8.91387 14 0.78444
67.4 8.92013 14 0.78479
67.5 8.94695 14 0.78626
67.6 8.96185 14 0.78708
67.7 8.95274 14 0.78658
67.8 8.97279 14 0.78768
67.9 9.00013 14 0.78918
68.0 9.01963 14 0.79025
68.1 9.05633 14 0.79226
68.2 9.08000 14 0.79356
68.3 9.10250 14 0.79479
68.4 9.12786 14 0.79618
68.5 9.15974 14 0.79793
68.6 9.18620 14 0.79937
68.7 9.20492 14 0.80040
68.8 9.24382 14 0.80253
68.9 9.26762 14 0.80383
69.0 9.29048 14 0.80508
69.1 9.31064 14 0.80618
69.2 9.33163 14 0.80733
69.3 9.34311 14 0.80796
69.4 9.33914 14 0.80774
69.5 9.35833 14 0.80879
69.6 9.36500 14 0.80916
69.7 9.41528 14 0.81190
69.8 9.42959 14 0.81268
69.9 9.46089 14 0.81439
70.0 9.47433 14 0.81512
70.1 9.49184 14 0.81608
70.2 9.50208 14 0.81664
70.3 9.52491 14 0.81788
70.4 9.54172 14 0.81879
70.5 9.55803 14 0.81968
70.6 9.58221 14 0.82100
70.7 9.61275 14 0.82266
70.8 9.64145 14 0.82422
70.9 9.66064 14 0.82526
71.0 9.69405 14 0.82708
71.1 9.67232 14 0.82590
71.2 9.70083 14 0.82745
71.3 9.72468 14 0.82874
71.4 9.74612 14 0.82990
71.5 9.78056 14 0.83177
71.6 9.80852 14 0.83329
71.7 9.83462 14 0.83470
71.8 9.87142 14 0.83669
71.9 9.89260 14 0.83784
72.0 9.92085 14 0.83936
72.1 9.93803 14 0.84029
72.2 9.96792 14 0.84190
72.3 9.97406 14 0.84224
72.4 10.00535 14 0.84392
72.5 10.02848 14 0.84517
72.6 10.05939 14 0.84684
72.7 10.08055 14 0.84798
72.8 10.07372 14 0.84761
72.9 10.08589 14 0.84827
73.0 10.12481 14 0.85036
73.1 10.13672 14 0.85100
73.2 10.14573 14 0.85149
73.3 10.16459 14 0.85250
73.4 10.18919 14 0.85383
73.5 10.20658 14 0.85476
73.6 10.22283 14 0.85564
73.7 10.24067 14 0.85659
73.8 10.27377 14 0.85837
73.9 10.30522 14 0.86006
74.0 10.33286 14 0.86154
74.1 10.35699 14 0.86284
74.2 10.38726 14 0.86446
74.3 10.41570 14 0.86598
74.4 10.43898 14 0.86722
74.5 10.45469 14 0.86806
74.6 10.44048 14 0.86730
74.7 10.45474 14 0.86807
74.8 10.49730 14 0.87034
74.9 10.52534 14 0.87184
75.0 10.56989 14 0.87421
75.1 10.59923 14 0.87578
75.2 10.62729 14 0.87727
75.3 10.65287 14 0.87863
75.4 10.67706 14 0.87992
75.5 10.68760 14 0.88048
75.6 10.71882 14 0.88214
75.7 10.74045 14 0.88329
75.8 10.75849 14 0.88424
75.9 10.77137 14 0.88493
76.0 10.80790 14 0.88686
76.1 10.83552 14 0.88833
76.2 10.87481 14 0.89041
76.3 10.88284 14 0.89083
76.4 10.86493 14 0.88988
76.5 10.88480 14 0.89093
76.6 10.89707 14 0.89158
76.7 10.92697 14 0.89316
76.8 10.94604 14 0.89417
76.9 10.96454 14 0.89515
77.0 10.98244 14 0.89609
77.1 11.00167 14 0.89711
77.2 11.02266 14 0.89821
77.3 11.05656 14 0.90000
77.4 11.10178 14 0.90238
77.5 11.13188 14 0.90396
77.6 11.15699 14 0.90528
77.7 11.17849 14 0.90641
77.8 11.20764 14 0.90795
77.9 11.22847 14 0.90904
78.0 11.26519 14 0.91097
78.1 11.31060 14 0.91335
78.2 11.26158 14 0.91078
78.3 11.30521 14 0.91306
78.4 11.33791 14 0.91478
78.5 11.36812 14 0.91636
78.6 11.40236 14 0.91815
78.7 11.42193 14 0.91917
78.8 11.45257 14 0.92077
78.9 11.47273 14 0.92182
79.0 11.50810 14 0.92367
79.1 11.52248 14 0.92442
79.2 11.55009 14 0.92585
79.3 11.57206 14 0.92700
79.4 11.58779 14 0.92782
79.5 11.60486 14 0.92870
79.6 11.65673 14 0.93140
79.7 11.66587 14 0.93187
79.8 11.70257 14 0.93378
79.9 11.72704 14 0.93505
80.0 11.73586 14 0.93550
80.1 11.72632 14 0.93501
80.2 11.74175 14 0.93581
80.3 11.76042 14 0.93678
80.4 11.77819 14 0.93770
80.5 11.79641 14 0.93864
80.6 11.81519 14 0.93961
80.7 11.83771 14 0.94077
80.8 11.87097 14 0.94249
80.9 11.90640 14 0.94432
81.0 11.94095 14 0.94610
81.1 11.97390 14 0.94780
81.2 11.99372 14 0.94882
81.3 12.03478 14 0.95093
81.4 12.06396 14 0.95243
81.5 12.09159 14 0.95385
81.6 12.11876 14 0.95524
81.7 12.14507 14 0.95659
81.8 12.18853 14 0.95882
81.9 12.22461 14 0.96067
82.0 12.25925 14 0.96244
82.1 12.20512 14 0.95967
82.2 12.23802 14 0.96135
82.3 12.27935 14 0.96347
82.4 12.27159 14 0.96307
82.5 12.28916 14 0.96397
82.6 12.31856 14 0.96547
82.7 12.34383 14 0.96676
82.8 12.38585 14 0.96890
82.9 12.44481 14 0.97191
83.0 12.45509 14 0.97243
83.1 12.48337 14 0.97387
83.2 12.50821 14 0.97513
83.3 12.52963 14 0.97622
83.4 12.53831 14 0.97666
83.5 12.58552 14 0.97906
83.6 12.59264 14 0.97942
83.7 12.65939 14 0.98280
83.8 12.66792 14 0.98323
83.9 12.67884 14 0.98379
84.0 12.70050 14 0.98488
84.1 12.68260 14 0.98398
84.2 12.70208 14 0.98496
84.3 12.72310 14 0.98603
84.4 12.74338 14 0.98705
84.5 12.76307 14 0.98804
84.6 12.77875 14 0.98884
84.7 12.80942 14 0.99038
84.8 12.84715 14 0.99229
84.9 12.88368 14 0.99413
85.0 12.91876 14 0.99589
85.1 12.94467 14 0.99719
85.2 12.98437 14 0.99919
85.3 13.00133 14 1.00000
85.4 13.01760 14 1.00000
85.5 13.02982 14 1.00000
85.6 13.04081 14 1.00000
85.7 13.05027 14 1.00000
85.8 13.05623 14 1.00000
85.9 13.08275 14 1.00000
86.0 13.09721 14 1.00000
86.1 13.06017 14 1.00000
86.2 13.08181 14 1.00000
86.3 13.10183 14 1.00000
86.4 13.09900 14 1.00000
86.5 13.10339 14 1.00000
86.6 13.11610 14 1.00000
86.7 13.12772 14 1.00000
86.8 13.13834 14 1.00000
86.9 13.14976 14 1.00000
87.0 13.16504 14 1.00000
87.1 13.18999 14 1.00000
87.2 13.19324 14 1.00000
87.3 13.20404 14 1.00000
87.4 13.21406 14 1.00000
87.5 13.22256 14 1.00000
87.6 13.22559 14 1.00000
87.7 13.24062 14 1.00000
87.8 13.25238 14 1.00000
87.9 13.26789 14 1.00000
88.0 13.27988 14 1.00000
88.1 13.28517 14 1.00000
88.2 13.27611 14 1.00000
88.3 13.27837 14 1.00000
88.4 13.28295 14 1.00000
88.5 13.29360 14 1.00000
88.6 13.30381 14 1.00000
88.7 13.31218 14 1.00000
88.8 13.32032 14 1.00000
88.9 13.32772 14 1.00000
89.0 13.33978 14 1.00000
89.1 13.35425 14 1.00000
89.2 13.36729 14 1.00000
89.3 13.37590 14 1.00000
89.4 13.39549 14 1.00000
89.5 13.40432 14 1.00000
89.6 13.42056 14 1.00000
89.7 13.42511 14 1.00000
89.8 13.44065 14 1.00000
89.9 13.45311 14 1.00000
90.0 13.46228 14 1.00000
90.1 13.46828 14 1.00000
90.2 13.48578 14 1.00000
90.3 13.50582 14 1.00000
90.4 13.46893 14 1.00000
90.5 13.48617 14 1.00000
90.6 13.50653 14 1.00000
90.7 13.50453 14 1.00000
90.8 13.51591 14 1.00000
90.9 13.52202 14 1.00000
91.0 13.53679 14 1.00000
91.1 13.54895 14 1.00000
91.2 13.55925 14 1.00000
91.3 13.56721 14 1.00000
91.4 13.57461 14 1.00000
91.5 13.59076 14 1.00000
91.6 13.60068 14 1.00000
91.7 13.62524 14 1.00000
91.8 13.63392 14 1.00000
91.9 13.63609 14 1.00000
92.0 13.64463 14 1.00000
92.1 13.65665 14 1.00000
92.2 13.66505 14 1.00000
92.3 13.67805 14 1.00000
92.4 13.68601 14 1.00000
92.5 13.70782 14 1.00000
92.6 13.67821 14 1.00000
92.7 13.68518 14 1.00000
92.8 13.70766 14 1.00000
92.9 13.71100 14 1.00000
93.0 13.71701 14 1.00000
93.1 13.72573 14 1.00000
93.2 13.73438 14 1.00000
93.3 13.74179 14 1.00000
93.4 13.74272 14 1.00000
93.5 13.75601 14 1.00000
93.6 13.76582 14 1.00000
93.7 13.78021 14 1.00000
93.8 13.79214 14 1.00000
93.9 13.80393 14 1.00000
94.0 13.82219 14 1.00000
94.1 13.83194 14 1.00000
94.2 13.84752 14 1.00000
94.3 13.85863 14 1.00000
94.4 13.87263 14 1.00000
94.5 13.87693 14 1.00000
94.6 13.89113 14 1.00000
94.7 13.90162 14 1.00000
94.8 13.90443 14 1.00000
94.9 13.88724 14 1.00000
95.0 13.89895 14 1.00000
95.1 13.90225 14 1.00000
95.2 13.90883 14 1.00000
95.3 13.92596 14 1.00000
95.4 13.93369 14 1.00000
95.5 13.93814 14 1.00000
95.6 13.94985 14 1.00000
95.7 13.95579 14 1.00000
95.8 13.97193 14 1.00000
95.9 13.98435 14 1.00000
96.0 13.98998 14 1.00000
96.1 13.99989 14 1.00000
96.2 14.01506 14 1.00000
96.3 14.02260 14 1.00000
96.4 14.02626 14 1.00000
96.5 14.04320 14 1.00000
96.6 14.05238 14 1.00000
96.7 14.08000 14 1.00000
96.8 14.08687 14 1.00000
96.9 14.08902 14 1.00000
97.0 14.10058 14 1.00000
97.1 14.10872 14 1.00000
97.2 14.09090 14 1.00000
97.3 14.09783 14 1.00000
97.4 14.09767 14 1.00000
97.5 14.11159 14 1.00000
97.6 14.12048 14 1.00000
97.7 14.12691 14 1.00000
97.8 14.13857 14 1.00000
97.9 14.16353 14 1.00000
98.0 14.16574 14 1.00000
98.1 14.17228 14 1.00000
98.2 14.18111 14 1.00000
98.3 14.18862 14 1.00000
98.4 14.19032 14 1.00000
98.5 14.20322 14 1.00000
98.6 14.21152 14 1.00000
98.7 14.21921 14 1.00000
98.8 14.23227 14 1.00000
98.9 14.24311 14 1.00000
99.0 14.25718 14 1.00000
99.1 14.27357 14 1.00000
99.2 14.28335 14 1.00000
99.3 14.29734 14 1.00000
99.4 14.31211 14 1.00000
99.5 14.31849 14 1.00000
99.6 14.33776 14 1.00000
99.7 14.29722 14 1.00000
99.8 14.31634 14 1.00000
99.9 14.32679 14 1.00000
100.0 14.34130 14 1.00000
100.1 14.34723 14 1.00000
100.2 14.35700 14 1.00000
100.3 14.36815 14 1.00000
100.4 14.37663 14 1.00000
100.5 14.39242 14 1.00000
100.6 14.40145 14 1.00000
100.7 14.40387 14 1.00000
100.8 14.40929 14 1.00000
100.9 14.41368 14 1.00000
101.0 14.42732 14 1.00000
101.1 14.43849 14 1.00000
101.2 14.44893 14 1.00000
101.3 14.45914 14 1.00000
101.4 14.46923 14 1.00000
101.5 14.47909 14 1.00000
101.6 14.48873 14 1.00000
101.7 14.49775 14 1.00000
101.8 14.50498 14 1.00000
101.9 14.52011 14 1.00000
102.0 14.52826 14 1.00000
102.1 14.53354 14 1.00000
102.2 14.50463 14 1.00000
102.3 14.52113 14 1.00000
102.4 14.52902 14 1.00000
102.5 14.53375 14 1.00000
102.6 14.55772 14 1.00000
102.7 14.57158 14 1.00000
102.8 14.57913 14 1.00000
102.9 14.58032 14 1.00000
103.0 14.59166 14 1.00000
103.1 14.60048 14 1.00000
103.2 14.60562 14 1.00000
103.3 14.61535 14 1.00000
103.4 14.64390 14 1.00000
103.5 14.64797 14 1.00000
103.6 14.65328 14 1.00000
103.7 14.65986 14 1.00000
103.8 14.66026 14 1.00000
103.9 14.67445 14 1.00000
104.0 14.68203 14 1.00000
104.1 14.68489 14 1.00000
104.2 14.69655 14 1.00000
104.3 14.70226 14 1.00000
104.4 14.71775 14 1.00000
104.5 14.73498 14 1.00000
104.6 14.74630 14 1.00000
104.7 14.75233 14 1.00000
104.8 14.72062 14 1.00000
104.9 14.73370 14 1.00000
105.0 14.74386 14 1.00000
105.1 14.75347 14 1.00000
105.2 14.77110 14 1.00000
105.3 14.78265 14 1.00000
105.4 14.78980 14 1.00000
105.5 14.81042 14 1.00000
105.6 14.81656 14 1.00000
105.7 14.80607 14 1.00000
105.8 14.81851 14 1.00000
105.9 14.83034 14 1.00000
106.0 14.84071 14 1.00000
106.1 14.85009 14 1.00000
106.2 14.85837 14 1.00000
106.3 14.86493 14 1.00000
106.4 14.87570 14 1.00000
106.5 14.90281 14 1.00000
106.6 14.91736 14 1.00000
106.7 14.91260 14 1.00000
106.8 14.92298 14 1.00000
106.9 14.93301 14 1.00000
107.0 14.94279 14 1.00000
107.1 14.95173 14 1.00000
107.2 14.96113 14 1.00000
107.3 14.97204 14 1.00000
107.4 14.93968 14 1.00000
107.5 14.94932 14 1.00000
107.6 14.95755 14 1.00000
107.7 14.96863 14 1.00000
107.8 14.97811 14 1.00000
107.9 14.98760 14 1.00000
108.0 14.99693 14 1.00000
108.1 15.00587 14 1.00000
108.2 15.01355 14 1.00000
108.3 15.02590 14 1.00000
108.4 15.03193 14 1.00000
108.5 15.03452 14 1.00000
108.6 15.06641 14 1.00000
108.7 15.07829 14 1.00000
108.8 15.08397 14 1.00000
108.9 15.08684 14 1.00000
109.0 15.09713 14 1.00000
109.1 15.09586 14 1.00000
109.2 15.11160 14 1.00000
109.3 15.12015 14 1.00000
109.4 15.12643 14 1.00000
109.5 15.15256 14 1.00000
109.6 15.15446 14 1.00000
109.7 15.16215 14 1.00000
109.8 15.16946 14 1.00000
109.9 15.16875 14 1.00000
110.0 15.18368 14 1.00000
110.1 15.18674 14 1.00000
110.2 15.15765 14 1.00000
110.3 15.17183 14 1.00000
110.4 15.17910 14 1.00000
110.5 15.18459 14 1.00000
110.6 15.19386 14 1.00000
110.7 15.19552 14 1.00000
110.8 15.20854 14 1.00000
110.9 15.22130 14 1.00000
111.0 15.23174 14 1.00000
111.1 15.24246 14 1.00000
111.2 15.25798 14 1.00000
111.3 15.26754 14 1.00000
111.4 15.27810 14 1.00000
111.5 15.29652 14 1.00000
111.6 15.30961 14 1.00000
111.7 15.31539 14 1.00000
111.8 15.30619 14 1.00000
111.9 15.31597 14 1.00000
112.0 15.33050 14 1.00000
112.1 15.34222 14 1.00000
112.2 15.34752 14 1.00000
112.3 15.35776 14 1.00000
112.4 15.36724 14 1.00000
112.5 15.37597 14 1.00000
112.6 15.38915 14 1.00000
112.7 15.39693 14 1.00000
112.8 15.40158 14 1.00000
112.9 15.40700 14 1.00000
113.0 15.42302 14 1.00000
113.1 15.39053 14 1.00000
113.2 15.39785 14 1.00000
113.3 15.40225 14 1.00000
113.4 15.40727 14 1.00000
113.5 15.42407 14 1.00000
113.6 15.43792 14 1.00000
113.7 15.44262 14 1.00000
113.8 15.44931 14 1.00000
113.9 15.46152 14 1.00000
114.0 15.47218 14 1.00000
114.1 15.48175 14 1.00000
114.2 15.49037 14 1.00000
114.3 15.49772 14 1.00000
114.4 15.50552 14 1.00000
114.5 15.51809 14 1.00000
114.6 15.53039 14 1.00000
114.7 15.53912 14 1.00000
114.8 15.54747 14 1.00000
114.9 15.40882 14 1.00000
115.0 15.42492 14 1.00000
115.1 15.43983 14 1.00000
115.2 15.44301 14 1.00000
115.3 15.45180 14 1.00000
115.4 15.46359 14 1.00000
115.5 15.47531 14 1.00000
115.6 15.48453 14 1.00000
115.7 15.49266 14 1.00000
115.8 15.50058 14 1.00000
115.9 15.50904 14 1.00000
116.0 15.52531 14 1.00000
116.1 15.48338 14 1.00000
116.2 15.49170 14 1.00000
116.3 15.49965 14 1.00000
116.4 15.50695 14 1.00000
116.5 15.52328 14 1.00000
116.6 15.53381 14 1.00000
116.7 15.54237 14 1.00000
116.8 15.55033 14 1.00000
116.9 15.41591 14 1.00000
117.0 15.43379 14 1.00000
117.1 15.44278 14 1.00000
117.2 15.44638 14 1.00000
117.3 15.45889 14 1.00000
117.4 15.47105 14 1.00000
117.5 15.48056 14 1.00000
117.6 15.49033 14 1.00000
117.7 15.49852 14 1.00000
117.8 15.50605 14 1.00000
117.9 15.52248 14 1.00000
118.0 15.53343 14 1.00000
118.1 15.54197 14 1.00000
118.2 15.40441 14 1.00000
118.3 15.41807 14 1.00000
118.4 15.43463 14 1.00000
118.5 15.44253 14 1.00000
118.6 15.44781 14 1.00000
118.7 15.46142 14 1.00000
118.8 15.47466 14 1.00000
118.9 15.48380 14 1.00000
119.0 15.49300 14 1.00000
119.1 15.44389 14 1.00000
119.2 15.45645 14 1.00000
119.3 15.47028 14 1.00000
119.4 15.47974 14 1.00000
119.5 15.48949 14 1.00000
119.6 15.49872 14 1.00000
119.7 15.50614 14 1.00000
119.8 15.52256 14 1.00000
119.9 15.53464 14 1.00000
120.0 15.54302 14 1.00000
120.1 15.40685 14 1.00000
120.2 15.42339 14 1.00000
120.3 15.43792 14 1.00000
120.4 15.44318 14 1.00000
120.5 15.45401 14 1.00000
120.6 15.46818 14 1.00000
120.7 15.47919 14 1.00000
120.8 15.48899 14 1.00000
120.9 15.49925 14 1.00000
121.0 15.50655 14 1.00000
121.1 15.52415 14 1.00000
121.2 15.53659 14 1.00000
121.3 15.54484 14 1.00000
121.4 15.41029 14 1.00000
121.5 15.42662 14 1.00000
121.6 15.44282 14 1.00000
121.7 15.44789 14 1.00000
121.8 15.46164 14 1.00000
121.9 15.47614 14 1.00000
122.0 15.48751 14 1.00000
122.1 15.49808 14 1.00000
122.2 15.50561 14 1.00000
122.3 15.52345 14 1.00000
122.4 15.46421 14 1.00000
122.5 15.47824 14 1.00000
122.6 15.48926 14 1.00000
122.7 15.49939 14 1.00000
122.8 15.50778 14 1.00000
122.9 15.52808 14 1.00000
123.0 15.53901 14 1.00000
123.1 15.54818 14 1.00000
123.2 15.41908 14 1.00000
123.3 15.43477 14 1.00000
123.4 15.44334 14 1.00000
123.5 15.45448 14 1.00000
123.6 15.47277 14 1.00000
123.7 15.48186 14 1.00000
123.8 15.49328 14 1.00000
123.9 15.50247 14 1.00000
124.0 15.52092 14 1.00000
124.1 15.53623 14 1.00000
124.2 15.54562 14 1.00000
124.3 15.41798 14 1.00000
124.4 15.43559 14 1.00000
124.5 15.44365 14 1.00000
124.6 15.45707 14 1.00000
124.7 15.47613 14 1.00000
124.8 15.48853 14 1.00000
124.9 15.49963 14 1.00000
125.0 15.51450 14 1.00000
125.1 15.53075 14 1.00000
125.2 15.54371 14 1.00000
125.3 15.41551 14 1.00000
125.4 15.43579 14 1.00000
125.5 15.44488 14 1.00000
125.6 15.46049 14 1.00000
125.7 15.52984 14 1.00000
125.8 15.54277 14 1.00000
125.9 15.41000 14 1.00000
126.0 15.43326 14 1.00000
126.1 15.44323 14 1.00000
126.2 15.45698 14 1.00000
126.3 15.47715 14 1.00000
126.4 15.49032 14 1.00000
126.5 15.50162 14 1.00000
126.6 15.52264 14 1.00000
126.7 15.54030 14 1.00000
126.8 15.40725 14 1.00000
126.9 15.43391 14 1.00000
127.0 15.44545 14 1.00000
127.1 15.46798 14 1.00000
127.2 15.48321 14 1.00000
127.3 15.50054 14 1.00000
127.4 15.52352 14 1.00000
127.5 15.54354 14 1.00000
127.6 15.42493 14 1.00000
127.7 15.44382 14 1.00000
127.8 15.46202 14 1.00000
127.9 15.48203 14 1.00000
128.0 15.49905 14 1.00000
128.1 15.51891 14 1.00000
128.2 15.54157 14 1.00000
128.3 15.44278 14 1.00000
128.4 15.45574 14 1.00000
128.5 15.47723 14 1.00000
128.6 15.49302 14 1.00000
128.7 15.51138 14 1.00000
128.8 15.53664 14 1.00000
128.9 15.40777 14 1.00000
129.0 15.44261 14 1.00000
129.1 15.45225 14 1.00000
129.2 15.47444 14 1.00000
129.3 15.49093 14 1.00000
129.4 15.50267 14 1.00000
129.5 15.53424 14 1.00000
129.6 15.40708 14 1.00000
129.7 15.44665 14 1.00000
129.8 15.46877 14 1.00000
129.9 15.48378 14 1.00000
130.0 15.50086 14 1.00000
130.1 15.52423 14 1.00000
130.2 15.54379 14 1.00000
130.3 15.43177 14 1.00000
130.4 15.44394 14 1.00000
130.5 15.46223 14 1.00000
130.6 15.48209 14 1.00000
130.7 15.49901 14 1.00000
130.8 15.51860 14 1.00000
130.9 15.54142 14 1.00000
131.0 15.44283 14 1.00000
131.1 15.45539 14 1.00000
131.2 15.47685 14 1.00000
131.3 15.49177 14 1.00000
131.4 15.51041 14 1.00000
131.5 15.53598 14 1.00000
131.6 15.40722 14 1.00000
131.7 15.44189 14 1.00000
131.8 15.44780 14 1.00000
131.9 15.47346 14 1.00000
132.0 15.48911 14 1.00000
132.1 15.50200 14 1.00000
132.2 15.52866 14 1.00000
132.3 15.54776 14 1.00000
132.4 15.44482 14 1.00000
132.5 15.46422 14 1.00000
132.6 15.48238 14 1.00000
132.7 15.49912 14 1.00000
132.8 15.51859 14 1.00000
132.9 15.54128 14 1.00000
133.0 15.42273 14 1.00000
133.1 15.44259 14 1.00000
133.2 15.45678 14 1.00000
133.3 15.47793 14 1.00000
133.4 15.49348 14 1.00000
133.5 15.51445 14 1.00000
133.6 15.53843 14 1.00000
133.7 15.44184 14 1.00000
133.8 15.44770 14 1.00000
133.9 15.47309 14 1.00000
134.0 15.48867 14 1.00000
134.1 15.50161 14 1.00000
134.2 15.52788 14 1.00000
134.3 15.54576 14 1.00000
134.4 15.43400 14 1.00000
134.5 15.44525 14 1.00000
134.6 15.46454 14 1.00000
134.7 15.48264 14 1.00000
134.8 15.49929 14 1.00000
134.9 15.51930 14 1.00000
135.0 15.54179 14 1.00000
135.1 15.44276 14 1.00000
135.2 15.45550 14 1.00000
135.3 15.47677 14 1.00000
135.4 15.49157 14 1.00000
135.5 15.50544 14 1.00000
135.6 15.53565 14 1.00000
135.7 15.40713 14 1.00000
135.8 15.43855 14 1.00000
135.9 15.44744 14 1.00000
136.0 15.47252 14 1.00000
136.1 15.48456 14 1.00000
136.2 15.50127 14 1.00000
136.3 15.52634 14 1.00000
136.4 15.54554 14 1.00000
136.5 15.44321 14 1.00000
136.6 15.45785 14 1.00000
136.7 15.47858 14 1.00000
136.8 15.49384 14 1.00000
136.9 15.51486 14 1.00000
137.0 15.53866 14 1.00000
137.1 15.40912 14 1.00000
137.2 15.44299 14 1.00000
137.3 15.45232 14 1.00000
137.4 15.47415 14 1.00000
137.5 15.48950 14 1.00000
137.6 15.50220 14 1.00000
137.7 15.53015 14 1.00000
137.8 15.54795 14 1.00000
137.9 15.44485 14 1.00000
138.0 15.46254 14 1.00000
138.1 15.48199 14 1.00000
138.2 15.49868 14 1.00000
138.3 15.51740 14 1.00000
138.4 15.54072 14 1.00000
138.5 15.42020 14 1.00000
138.6 15.44281 14 1.00000
138.7 15.45516 14 1.00000
138.8 15.47643 14 1.00000
138.9 15.49124 14 1.00000
139.0 15.50278 14 1.00000
139.1 15.53448 14 1.00000
139.2 15.40708 14 1.00000
139.3 15.44608 14 1.00000
139.4 15.46490 14 1.00000
139.5 15.48269 14 1.00000
139.6 15.49915 14 1.00000
139.7 15.51882 14 1.00000
139.8 15.54134 14 1.00000
139.9 15.42254 14 1.00000
140.0 15.44267 14 1.00000
140.1 15.45584 14 1.00000
140.2 15.47691 14 1.00000
140.3 15.49159 14 1.00000
140.4 15.51033 14 1.00000
140.5 15.53598 14 1.00000
140.6 15.40716 14 1.00000
140.7 15.44653 14 1.00000
140.8 15.46821 14 1.00000
140.9 15.48289 14 1.00000
141.0 15.49926 14 1.00000
141.1 15.51924 14 1.00000
141.2 15.54148 14 1.00000
141.3 15.42265 14 1.00000
141.4 15.44266 14 1.00000
141.5 15.45584 14 1.00000
141.6 15.47686 14 1.00000
141.7 15.49151 14 1.00000
141.8 15.50562 14 1.00000
141.9 15.53589 14 1.00000
142.0 15.40713 14 1.00000
142.1 15.44625 14 1.00000
142.2 15.46492 14 1.00000
142.3 15.48260 14 1.00000
142.4 15.49902 14 1.00000
142.5 15.51865 14 1.00000
142.6 15.54117 14 1.00000
142.7 15.42226 14 1.00000
142.8 15.44276 14 1.00000
142.9 15.45519 14 1.00000
143.0 15.47507 14 1.00000
143.1 15.49108 14 1.00000
143.2 15.50271 14 1.00000
143.3 15.53179 14 1.00000
143.4 15.54835 14 1.00000
143.5 15.44522 14 1.00000
143.6 15.46258 14 1.00000
143.7 15.48182 14 1.00000
143.8 15.49849 14 1.00000
143.9 15.51710 14 1.00000
144.0 15.53944 14 1.00000
144.1 15.41859 14 1.00000
144.2 15.44310 14 1.00000
144.3 15.45240 14 1.00000
144.4 15.47394 14 1.00000
144.5 15.48918 14 1.00000
144.6 15.50209 14 1.00000
144.7 15.52866 14 1.00000
144.8 15.54618 14 1.00000
144.9 15.44335 14 1.00000
145.0 15.45797 14 1.00000
145.1 15.47836 14 1.00000
145.2 15.49349 14 1.00000
145.3 15.51219 14 1.00000
145.4 15.53680 14 1.00000
145.5 15.40755 14 1.00000
145.6 15.44183 14 1.00000
145.7 15.44750 14 1.00000
145.8 15.46962 14 1.00000
145.9 15.48410 14 1.00000
146.0 15.50107 14 1.00000
146.1 15.52446 14 1.00000
146.2 15.54371 14 1.00000
146.3 15.44262 14 1.00000
146.4 15.45574 14 1.00000
146.5 15.47653 14 1.00000
146.6 15.49010 14 1.00000
146.7 15.50267 14 1.00000
146.8 15.53066 14 1.00000
146.9 15.54805 14 1.00000
147.0 15.43598 14 1.00000
147.1 15.44563 14 1.00000
147.2 15.46429 14 1.00000
147.3 15.48198 14 1.00000
147.4 15.49894 14 1.00000
147.5 15.51802 14 1.00000
147.6 15.54077 14 1.00000
147.7 15.44272 14 1.00000
147.8 15.44787 14 1.00000
147.9 15.47290 14 1.00000
148.0 15.48441 14 1.00000
148.1 15.50125 14 1.00000
148.2 15.52460 14 1.00000
148.3 15.54381 14 1.00000
148.4 15.42468 14 1.00000
148.5 15.44275 14 1.00000
148.6 15.45661 14 1.00000
148.7 15.47721 14 1.00000
148.8 15.49204 14 1.00000
148.9 15.51086 14 1.00000
149.0 15.53599 14 1.00000
149.1 15.40709 14 1.00000
149.2 15.44565 14 1.00000
149.3 15.46269 14 1.00000
149.4 15.48171 14 1.00000
149.5 15.49857 14 1.00000
149.6 15.51673 14 1.00000
149.7 15.53917 14 1.00000
149.8 15.40930 14 1.00000
149.9 15.44261 14 1.00000
150.0 15.44781 14 1.00000
150.1 15.47276 14 1.00000
150.2 15.48469 14 1.00000
150.3 15.50137 14 1.00000
150.4 15.52477 14 1.00000
150.5 15.54387 14 1.00000
150.6 15.44262 14 1.00000
150.7 15.45556 14 1.00000
150.8 15.47500 14 1.00000
150.9 15.49000 14 1.00000
151.0 15.50252 14 1.00000
151.1 15.52918 14 1.00000
151.2 15.54630 14 1.00000
151.3 15.43400 14 1.00000
151.4 15.44432 14 1.00000
151.5 15.45852 14 1.00000
151.6 15.47886 14 1.00000
151.7 15.49815 14 1.00000
151.8 15.51563 14 1.00000
151.9 15.53724 14 1.00000
152.0 15.43848 14 1.00000
152.1 15.44727 14 1.00000
152.2 15.46532 14 1.00000
152.3 15.48260 14 1.00000
152.4 15.49937 14 1.00000
152.5 15.51874 14 1.00000
152.6 15.54088 14 1.00000
152.7 15.41926 14 1.00000
152.8 15.44313 14 1.00000
152.9 15.44833 14 1.00000
153.0 15.47322 14 1.00000
153.1 15.48890 14 1.00000
153.2 15.50164 14 1.00000
153.3 15.52511 14 1.00000
153.4 15.54418 14 1.00000
153.5 15.44260 14 1.00000
153.6 15.45561 14 1.00000
153.7 15.47493 14 1.00000
153.8 15.49005 14 1.00000
153.9 15.50249 14 1.00000
154.0 15.52894 14 1.00000
154.1 15.54608 14 1.00000
154.2 15.43250 14 1.00000
154.3 15.44341 14 1.00000
154.4 15.45783 14 1.00000
154.5 15.47831 14 1.00000
154.6 15.49378 14 1.00000
154.7 15.51217 14 1.00000
154.8 15.53654 14 1.00000
154.9 15.40718 14 1.00000
155.0 15.44593 14 1.00000
155.1 15.46267 14 1.00000
155.2 15.47945 14 1.00000
155.3 15.49859 14 1.00000
155.4 15.51640 14 1.00000
155.5 15.53882 14 1.00000
155.6 15.40819 14 1.00000
155.7 15.43905 14 1.00000
155.8 15.44798 14 1.00000
155.9 15.46881 14 1.00000
156.0 15.48370 14 1.00000
156.1 15.50064 14 1.00000
156.2 15.52017 14 1.00000
156.3 15.54147 14 1.00000
156.4 15.44316 14 1.00000
156.5 15.44796 14 1.00000
156.6 15.47275 14 1.00000
156.7 15.48453 14 1.00000
156.8 15.50121 14 1.00000
156.9 15.52425 14 1.00000
157.0 15.54222 14 1.00000
157.1 15.42279 14 1.00000
157.2 15.44275 14 1.00000
157.3 15.45314 14 1.00000
157.4 15.47446 14 1.00000
157.5 15.48979 14 1.00000
157.6 15.50223 14 1.00000
157.7 15.52844 14 1.00000
157.8 15.54558 14 1.00000
157.9 15.44255 14 1.00000
158.0 15.45596 14 1.00000
158.1 15.47506 14 1.00000
158.2 15.49139 14 1.00000
158.3 15.50263 14 1.00000
158.4 15.52902 14 1.00000
158.5 15.54603 14 1.00000
158.6 15.43229 14 1.00000
158.7 15.44328 14 1.00000
158.8 15.45718 14 1.00000
158.9 15.47813 14 1.00000
159.0 15.49351 14 1.00000
159.1 15.51136 14 1.00000
159.2 15.53485 14 1.00000
159.3 15.54843 14 1.00000
159.4 15.44455 14 1.00000
159.5 15.45829 14 1.00000
159.6 15.47861 14 1.00000
159.7 15.49391 14 1.00000
159.8 15.51220 14 1.00000
159.9 15.53633 14 1.00000
160.0 15.54976 14 1.00000
160.1 15.43643 14 1.00000
160.2 15.44561 14 1.00000
160.3 15.45923 14 1.00000
160.4 15.48226 14 1.00000
160.5 15.49883 14 1.00000
160.6 15.51663 14 1.00000
160.7 15.53873 14 1.00000
160.8 15.43842 14 1.00000
160.9 15.44675 14 1.00000
161.0 15.46455 14 1.00000
161.1 15.48254 14 1.00000
161.2 15.49905 14 1.00000
161.3 15.51747 14 1.00000
161.4 15.53906 14 1.00000
161.5 15.40830 14 1.00000
161.6 15.43890 14 1.00000
161.7 15.44749 14 1.00000
161.8 15.46883 14 1.00000
161.9 15.48370 14 1.00000
162.0 15.49975 14 1.00000
162.1 15.51935 14 1.00000
162.2 15.54092 14 1.00000
162.3 15.44239 14 1.00000
162.4 15.44745 14 1.00000
162.5 15.46880 14 1.00000
162.6 15.48392 14 1.00000
162.7 15.50061 14 1.00000
162.8 15.51968 14 1.00000
162.9 15.54099 14 1.00000
163.0 15.41864 14 1.00000
163.1 15.44267 14 1.00000
163.2 15.44761 14 1.00000
163.3 15.47287 14 1.00000
163.4 15.48477 14 1.00000
163.5 15.50114 14 1.00000
163.6 15.52358 14 1.00000
163.7 15.54173 14 1.00000
163.8 15.44314 14 1.00000
163.9 15.44784 14 1.00000
164.0 15.47267 14 1.00000
164.1 15.48485 14 1.00000
164.2 15.50120 14 1.00000
164.3 15.52360 14 1.00000
164.4 15.54165 14 1.00000
164.5 15.42058 14 1.00000
164.6 15.44310 14 1.00000
164.7 15.44791 14 1.00000
164.8 15.47377 14 1.00000
164.9 15.48910 14 1.00000
165.0 15.50154 14 1.00000
165.1 15.52456 14 1.00000
165.2 15.54222 14 1.00000
165.3 15.44294 14 1.00000
165.4 15.44829 14 1.00000
165.5 15.47330 14 1.00000
165.6 15.48536 14 1.00000
165.7 15.50151 14 1.00000
165.8 15.52442 14 1.00000
165.9 15.54202 14 1.00000
166.0 15.42109 14 1.00000
166.1 15.44297 14 1.00000
166.2 15.44850 14 1.00000
166.3 15.47419 14 1.00000
166.4 15.48941 14 1.00000
166.5 15.50173 14 1.00000
166.6 15.52481 14 1.00000
166.7 15.54241 14 1.00000
166.8 15.44288 14 1.00000
166.9 15.44846 14 1.00000
167.0 15.47378 14 1.00000
167.1 15.48914 14 1.00000
167.2 15.50162 14 1.00000
167.3 15.52455 14 1.00000
167.4 15.54219 14 1.00000
167.5 15.42112 14 1.00000
167.6 15.44298 14 1.00000
167.7 15.45251 14 1.00000
167.8 15.47429 14 1.00000
167.9 15.48945 14 1.00000
168.0 15.50173 14 1.00000
168.1 15.52476 14 1.00000
168.2 15.54233 14 1.00000
168.3 15.44293 14 1.00000
168.4 15.44847 14 1.00000
168.5 15.47375 14 1.00000
168.6 15.48906 14 1.00000
168.7 15.50154 14 1.00000
168.8 15.52437 14 1.00000
168.9 15.54188 14 1.00000
169.0 15.42091 14 1.00000
169.1 15.44311 14 1.00000
169.2 15.44847 14 1.00000
169.3 15.47408 14 1.00000
169.4 15.48923 14 1.00000
169.5 15.50154 14 1.00000
169.6 15.52432 14 1.00000
169.7 15.54197 14 1.00000
169.8 15.44311 14 1.00000
169.9 15.44807 14 1.00000
170.0 15.47320 14 1.00000
170.1 15.48514 14 1.00000
170.2 15.50128 14 1.00000
170.3 15.52344 14 1.00000
170.4 15.54142 14 1.00000
170.5 15.41930 14 1.00000
170.6 15.44288 14 1.00000
170.7 15.44790 14 1.00000
170.8 15.47344 14 1.00000
170.9 15.48506 14 1.00000
171.0 15.50118 14 1.00000
171.1 15.52092 14 1.00000
171.2 15.54135 14 1.00000
171.3 15.44257 14 1.00000
171.4 15.44771 14 1.00000
171.5 15.46992 14 1.00000
171.6 15.48443 14 1.00000
171.7 15.50077 14 1.00000
171.8 15.51963 14 1.00000
171.9 15.53976 14 1.00000
172.0 15.40915 14 1.00000
172.1 15.44083 14 1.00000
172.2 15.44754 14 1.00000
172.3 15.46979 14 1.00000
172.4 15.48430 14 1.00000
172.5 15.49988 14 1.00000
172.6 15.51907 14 1.00000
172.7 15.53955 14 1.00000
172.8 15.43902 14 1.00000
172.9 15.44765 14 1.00000
173.0 15.46576 14 1.00000
173.1 15.48347 14 1.00000
173.2 15.49938 14 1.00000
173.3 15.51766 14 1.00000
173.4 15.53753 14 1.00000
173.5 15.40726 14 1.00000
173.6 15.43719 14 1.00000
173.7 15.44696 14 1.00000
173.8 15.46545 14 1.00000
173.9 15.48319 14 1.00000
174.0 15.49913 14 1.00000
174.1 15.51663 14 1.00000
174.2 15.53706 14 1.00000
174.3 15.40721 14 1.00000
174.4 15.44612 14 1.00000
174.5 15.45977 14 1.00000
174.6 15.48226 14 1.00000
174.7 15.49854 14 1.00000
174.8 15.51279 14 1.00000
174.9 15.53622 14 1.00000
175.0 15.54848 14 1.00000
175.1 15.43476 14 1.00000
175.2 15.44520 14 1.00000
175.3 15.45926 14 1.00000
175.4 15.47956 14 1.00000
175.5 15.49415 14 1.00000
175.6 15.51181 14 1.00000
175.7 15.53218 14 1.00000
175.8 15.54698 14 1.00000
175.9 15.44347 14 1.00000
176.0 15.45811 14 1.00000
176.1 15.47852 14 1.00000
176.2 15.49342 14 1.00000
176.3 15.50341 14 1.00000
176.4 15.52920 14 1.00000
176.5 15.54588 14 1.00000
176.6 15.42549 14 1.00000
176.7 15.44319 14 1.00000
176.8 15.45716 14 1.00000
176.9 15.47792 14 1.00000
177.0 15.49194 14 1.00000
177.1 15.50264 14 1.00000
177.2 15.52722 14 1.00000
177.3 15.54461 14 1.00000
177.4 15.44255 14 1.00000
177.5 15.45587 14 1.00000
177.6 15.47535 14 1.00000
177.7 15.49010 14 1.00000
177.8 15.50202 14 1.00000
177.9 15.52489 14 1.00000
178.0 15.54261 14 1.00000
178.1 15.42300 14 1.00000
178.2 15.44275 14 1.00000
178.3 15.45329 14 1.00000
178.4 15.47468 14 1.00000
178.5 15.48940 14 1.00000
178.6 15.50149 14 1.00000
178.7 15.52419 14 1.00000
178.8 15.54200 14 1.00000
178.9 15.44302 14 1.00000
179.0 15.44826 14 1.00000
179.1 15.47306 14 1.00000
179.2 15.48466 14 1.00000
179.3 15.50078 14 1.00000
179.4 15.51967 14 1.00000
179.5 15.53978 14 1.00000
179.6 15.40961 14 1.00000
179.7 15.44243 14 1.00000
179.8 15.44754 14 1.00000
179.9 15.46954 14 1.00000
180.0 15.48377 14 1.00000
180.1 15.49943 14 1.00000
180.2 15.51820 14 1.00000
180.3 15.53903 14 1.00000
180.4 15.43879 14 1.00000
180.5 15.44701 14 1.00000
180.6 15.46499 14 1.00000
180.7 15.48252 14 1.00000
180.8 15.49861 14 1.00000
180.9 15.51303 14 1.00000
181.0 15.53660 14 1.00000
181.1 15.54885 14 1.00000
181.2 15.43628 14 1.00000
181.3 15.44535 14 1.00000
181.4 15.45917 14 1.00000
181.5 15.47932 14 1.00000
181.6 15.49399 14 1.00000
181.7 15.51157 14 1.00000
181.8 15.53230 14 1.00000
181.9 15.54694 14 1.00000
182.0 15.44339 14 1.00000
182.1 15.45736 14 1.00000
182.2 15.47781 14 1.00000
182.3 15.49188 14 1.00000
182.4 15.50279 14 1.00000
182.5 15.52880 14 1.00000
182.6 15.54556 14 1.00000
182.7 15.42498 14 1.00000
182.8 15.44255 14 1.00000
182.9 15.45578 14 1.00000
183.0 15.47539 14 1.00000
183.1 15.49009 14 1.00000
183.2 15.50222 14 1.00000
183.3 15.52525 14 1.00000
183.4 15.54277 14 1.00000
183.5 15.44277 14 1.00000
183.6 15.45078 14 1.00000
183.7 15.47355 14 1.00000
183.8 15.48529 14 1.00000
183.9 15.50120 14 1.00000
184.0 15.52354 14 1.00000
184.1 15.54130 14 1.00000
184.2 15.41905 14 1.00000
184.3 15.44282 14 1.00000
184.4 15.44767 14 1.00000
184.5 15.46994 14 1.00000
184.6 15.48432 14 1.00000
184.7 15.49981 14 1.00000
184.8 15.51906 14 1.00000
184.9 15.53962 14 1.00000
185.0 15.43897 14 1.00000
185.1 15.44709 14 1.00000
185.2 15.46347 14 1.00000
185.3 15.48255 14 1.00000
185.4 15.49886 14 1.00000
185.5 15.51344 14 1.00000
185.6 15.53671 14 1.00000
185.7 15.54884 14 1.00000
185.8 15.43491 14 1.00000
185.9 15.44496 14 1.00000
186.0 15.45898 14 1.00000
186.1 15.47927 14 1.00000
186.2 15.49404 14 1.00000
186.3 15.51146 14 1.00000
186.4 15.53211 14 1.00000
186.5 15.54666 14 1.00000
186.6 15.44323 14 1.00000
186.7 15.45694 14 1.00000
186.8 15.47759 14 1.00000
186.9 15.49178 14 1.00000
187.0 15.50266 14 1.00000
187.1 15.52582 14 1.00000
187.2 15.54423 14 1.00000
187.3 15.42439 14 1.00000
187.4 15.44265 14 1.00000
187.5 15.45386 14 1.00000
187.6 15.47510 14 1.00000
187.7 15.48973 14 1.00000
187.8 15.50184 14 1.00000
187.9 15.52461 14 1.00000
188.0 15.54207 14 1.00000
188.1 15.44310 14 1.00000
188.2 15.44799 14 1.00000
188.3 15.47308 14 1.00000
188.4 15.48466 14 1.00000
188.5 15.50077 14 1.00000
188.6 15.51958 14 1.00000
188.7 15.53951 14 1.00000
188.8 15.40855 14 1.00000
188.9 15.43889 14 1.00000
189.0 15.44754 14 1.00000
189.1 15.46569 14 1.00000
189.2 15.48342 14 1.00000
189.3 15.49916 14 1.00000
189.4 15.51634 14 1.00000
189.5 15.53693 14 1.00000
189.6 15.40719 14 1.00000
189.7 15.44570 14 1.00000
189.8 15.45918 14 1.00000
189.9 15.47935 14 1.00000
190.0 15.49406 14 1.00000
190.1 15.51123 14 1.00000
190.2 15.53084 14 1.00000
190.3 15.54637 14 1.00000
190.4 15.43122 14 1.00000
190.5 15.44329 14 1.00000
190.6 15.45736 14 1.00000
190.7 15.47793 14 1.00000
190.8 15.49183 14 1.00000
190.9 15.50260 14 1.00000
191.0 15.52724 14 1.00000
191.1 15.54451 14 1.00000
191.2 15.44258 14 1.00000
191.3 15.45396 14 1.00000
191.4 15.47461 14 1.00000
191.5 15.48942 14 1.00000
191.6 15.50153 14 1.00000
191.7 15.52404 14 1.00000
191.8 15.54153 14 1.00000
191.9 15.41989 14 1.00000
192.0 15.44316 14 1.00000
192.1 15.44785 14 1.00000
192.2 15.47321 14 1.00000
192.3 15.48450 14 1.00000
192.4 15.49981 14 1.00000
192.5 15.51914 14 1.00000
192.6 15.53970 14 1.00000
192.7 15.43909 14 1.00000
192.8 15.44731 14 1.00000
192.9 15.46513 14 1.00000
193.0 15.48254 14 1.00000
193.1 15.49872 14 1.00000
193.2 15.51316 14 1.00000
193.3 15.53659 14 1.00000
193.4 15.54878 14 1.00000
193.5 15.43487 14 1.00000
193.6 15.44496 14 1.00000
193.7 15.45873 14 1.00000
193.8 15.47887 14 1.00000
193.9 15.49376 14 1.00000
194.0 15.50410 14 1.00000
194.1 15.53088 14 1.00000
194.2 15.54647 14 1.00000
194.3 15.44252 14 1.00000
194.4 15.45646 14 1.00000
194.5 15.47560 14 1.00000
194.6 15.49033 14 1.00000
194.7 15.50232 14 1.00000
194.8 15.52539 14 1.00000
194.9 15.54289 14 1.00000
195.0 15.42157 14 1.00000
195.1 15.44285 14 1.00000
195.2 15.45102 14 1.00000
195.3 15.47426 14 1.00000
195.4 15.48559 14 1.00000
195.5 15.50119 14 1.00000
195.6 15.52100 14 1.00000
195.7 15.54139 14 1.00000
195.8 15.44261 14 1.00000
195.9 15.44742 14 1.00000
196.0 15.46609 14 1.00000
196.1 15.48382 14 1.00000
196.2 15.49936 14 1.00000
196.3 15.51712 14 1.00000
196.4 15.53732 14 1.00000
196.5 15.40725 14 1.00000
196.6 15.43675 14 1.00000
196.7 15.44614 14 1.00000
196.8 15.45994 14 1.00000
196.9 15.47988 14 1.00000
197.0 15.49441 14 1.00000
197.1 15.51219 14 1.00000
197.2 15.53250 14 1.00000
197.3 15.54698 14 1.00000
197.4 15.44344 14 1.00000
197.5 15.45733 14 1.00000
197.6 15.47788 14 1.00000
197.7 15.49199 14 1.00000
197.8 15.50278 14 1.00000
197.9 15.52733 14 1.00000
198.0 15.54438 14 1.00000
198.1 15.42476 14 1.00000
198.2 15.44259 14 1.00000
198.3 15.45399 14 1.00000
198.4 15.47517 14 1.00000
198.5 15.48977 14 1.00000
198.6 15.50185 14 1.00000
198.7 15.52426 14 1.00000
198.8 15.54204 14 1.00000
198.9 15.44312 14 1.00000
199.0 15.44792 14 1.00000
199.1 15.47298 14 1.00000
199.2 15.48455 14 1.00000
199.3 15.49983 14 1.00000
199.4 15.51832 14 1.00000
199.5 15.53934 14 1.00000
199.6 15.40815 14 1.00000
199.7 15.43756 14 1.00000
199.8 15.44719 14 1.00000
199.9 15.46539 14 1.00000
200.0 15.48280 14 1.00000
200.1 15.49869 14 1.00000
200.2 15.51334 14 1.00000
200.3 15.53660 14 1.00000
200.4 15.54881 14 1.00000
200.5 15.44514 14 1.00000
200.6 15.45869 14 1.00000
200.7 15.47858 14 1.00000
200.8 15.49241 14 1.00000
200.9 15.50369 14 1.00000
201.0 15.52922 14 1.00000
201.1 15.54595 14 1.00000
201.2 15.42544 14 1.00000
201.3 15.44252 14 1.00000
201.4 15.45612 14 1.00000
201.5 15.47580 14 1.00000
201.6 15.49035 14 1.00000
201.7 15.50227 14 1.00000
201.8 15.52536 14 1.00000
201.9 15.54268 14 1.00000
202.0 15.44287 14 1.00000
202.1 15.44868 14 1.00000
202.2 15.47349 14 1.00000
202.3 15.48527 14 1.00000
202.4 15.50121 14 1.00000
202.5 15.52032 14 1.00000
202.6 15.53998 14 1.00000
202.7 15.40938 14 1.00000
202.8 15.43923 14 1.00000
202.9 15.44818 14 1.00000
203.0 15.46935 14 1.00000
203.1 15.48373 14 1.00000
203.2 15.49931 14 1.00000
203.3 15.51771 14 1.00000
203.4 15.53720 14 1.00000
203.5 15.40723 14 1.00000
203.6 15.44588 14 1.00000
203.7 15.45953 14 1.00000
203.8 15.47955 14 1.00000
203.9 15.49415 14 1.00000
204.0 15.51186 14 1.00000
204.1 15.53234 14 1.00000
204.2 15.54646 14 1.00000
204.3 15.43272 14 1.00000
204.4 15.44336 14 1.00000
204.5 15.45750 14 1.00000
204.6 15.47796 14 1.00000
204.7 15.49199 14 1.00000
204.8 15.50280 14 1.00000
204.9 15.52595 14 1.00000
205.0 15.54469 14 1.00000
205.1 15.44256 14 1.00000
205.2 15.45402 14 1.00000
205.3 15.47457 14 1.00000
205.4 15.48954 14 1.00000
205.5 15.50171 14 1.00000
205.6 15.52397 14 1.00000
205.7 15.54166 14 1.00000
205.8 15.42009 14 1.00000
205.9 15.44316 14 1.00000
206.0 15.44781 14 1.00000
206.1 15.47330 14 1.00000
206.2 15.48475 14 1.00000
206.3 15.49976 14 1.00000
206.4 15.51937 14 1.00000
206.5 15.53973 14 1.00000
206.6 15.43906 14 1.00000
206.7 15.44752 14 1.00000
206.8 15.46521 14 1.00000
206.9 15.48254 14 1.00000
207.0 15.49866 14 1.00000
207.1 15.51334 14 1.00000
207.2 15.53686 14 1.00000
207.3 15.54875 14 1.00000
207.4 15.43503 14 1.00000
207.5 15.44508 14 1.00000
207.6 15.45875 14 1.00000
207.7 15.47906 14 1.00000
207.8 15.49385 14 1.00000
207.9 15.51146 14 1.00000
208.0 15.53086 14 1.00000
208.1 15.54662 14 1.00000
208.2 15.44252 14 1.00000
208.3 15.45650 14 1.00000
208.4 15.47583 14 1.00000
208.5 15.49046 14 1.00000
208.6 15.50258 14 1.00000
208.7 15.52542 14 1.00000
208.8 15.54407 14 1.00000
208.9 15.42171 14 1.00000
209.0 15.44282 14 1.00000
209.1 15.45358 14 1.00000
209.2 15.47449 14 1.00000
209.3 15.48952 14 1.00000
209.4 15.50125 14 1.00000
209.5 15.52392 14 1.00000
209.6 15.54182 14 1.00000
209.7 15.44303 14 1.00000
209.8 15.44781 14 1.00000
209.9 15.46988 14 1.00000
210.0 15.48438 14 1.00000
210.1 15.49972 14 1.00000
210.2 15.51803 14 1.00000
210.3 15.53794 14 1.00000
210.4 15.40795 14 1.00000
210.5 15.43747 14 1.00000
210.6 15.44708 14 1.00000
210.7 15.46532 14 1.00000
210.8 15.48301 14 1.00000
210.9 15.49867 14 1.00000
211.0 15.51378 14 1.00000
211.1 15.53661 14 1.00000
211.2 15.54883 14 1.00000
211.3 15.44522 14 1.00000
211.4 15.45878 14 1.00000
211.5 15.47892 14 1.00000
211.6 15.49250 14 1.00000
211.7 15.50426 14 1.00000
211.8 15.52937 14 1.00000
211.9 15.54633 14 1.00000
212.0 15.42587 14 1.00000
212.1 15.44328 14 1.00000
212.2 15.45702 14 1.00000
212.3 15.47755 14 1.00000
212.4 15.49182 14 1.00000
212.5 15.50275 14 1.00000
212.6 15.52594 14 1.00000
212.7 15.54454 14 1.00000
212.8 15.44257 14 1.00000
212.9 15.45344 14 1.00000
213.0 15.47469 14 1.00000
213.1 15.48950 14 1.00000
213.2 15.50189 14 1.00000
213.3 15.52418 14 1.00000
213.4 15.54165 14 1.00000
213.5 15.42033 14 1.00000
213.6 15.44308 14 1.00000
213.7 15.44799 14 1.00000
213.8 15.47343 14 1.00000
213.9 15.48519 14 1.00000
214.0 15.49997 14 1.00000
214.1 15.52021 14 1.00000
214.2 15.53996 14 1.00000
214.3 15.43968 14 1.00000
214.4 15.44815 14 1.00000
214.5 15.46613 14 1.00000
214.6 15.48371 14 1.00000
214.7 15.49918 14 1.00000
214.8 15.51681 14 1.00000
214.9 15.53726 14 1.00000
215.0 15.40726 14 1.00000
215.1 15.43690 14 1.00000
215.2 15.44652 14 1.00000
215.3 15.46008 14 1.00000
215.4 15.48010 14 1.00000
215.5 15.49447 14 1.00000
215.6 15.51293 14 1.00000
215.7 15.53278 14 1.00000
215.8 15.54870 14 1.00000
215.9 15.44363 14 1.00000
216.0 15.45804 14 1.00000
216.1 15.47875 14 1.00000
216.2 15.49249 14 1.00000
216.3 15.50412 14 1.00000
216.4 15.52918 14 1.00000
216.5 15.54631 14 1.00000
216.6 15.42577 14 1.00000
216.7 15.44330 14 1.00000
216.8 15.45697 14 1.00000
216.9 15.47769 14 1.00000
217.0 15.49186 14 1.00000
217.1 15.50294 14 1.00000
217.2 15.52606 14 1.00000
217.3 15.54456 14 1.00000
217.4 15.44255 14 1.00000
217.5 15.45420 14 1.00000
217.6 15.47498 14 1.00000
217.7 15.48976 14 1.00000
217.8 15.50210 14 1.00000
217.9 15.52478 14 1.00000
218.0 15.54224 14 1.00000
218.1 15.42147 14 1.00000
218.2 15.44297 14 1.00000
218.3 15.45125 14 1.00000
218.4 15.47418 14 1.00000
218.5 15.48577 14 1.00000
218.6 15.50100 14 1.00000
218.7 15.52147 14 1.00000
218.8 15.54183 14 1.00000
218.9 15.44312 14 1.00000
219.0 15.44790 14 1.00000
219.1 15.47041 14 1.00000
219.2 15.48445 14 1.00000
219.3 15.49982 14 1.00000
219.4 15.51898 14 1.00000
219.5 15.53973 14 1.00000
219.6 15.40868 14 1.00000
219.7 15.43904 14 1.00000
219.8 15.44786 14 1.00000
219.9 15.46603 14 1.00000
220.0 15.48403 14 1.00000
220.1 15.49929 14 1.00000
220.2 15.51849 14 1.00000
220.3 15.53773 14 1.00000
220.4 15.43753 14 1.00000
220.5 15.44645 14 1.00000
220.6 15.46348 14 1.00000
220.7 15.48253 14 1.00000
220.8 15.49864 14 1.00000
220.9 15.51372 14 1.00000
221.0 15.53681 14 1.00000
221.1 15.54890 14 1.00000
221.2 15.43671 14 1.00000
221.3 15.44608 14 1.00000
221.4 15.45958 14 1.00000
221.5 15.48009 14 1.00000
221.6 15.49437 14 1.00000
221.7 15.51251 14 1.00000
221.8 15.53269 14 1.00000
221.9 15.54874 14 1.00000
222.0 15.44361 14 1.00000
222.1 15.45877 14 1.00000
222.2 15.47898 14 1.00000
222.3 15.49259 14 1.00000
222.4 15.51140 14 1.00000
222.5 15.52968 14 1.00000
222.6 15.54657 14 1.00000
222.7 15.43153 14 1.00000
222.8 15.44352 14 1.00000
222.9 15.45758 14 1.00000
223.0 15.47869 14 1.00000
223.1 15.49270 14 1.00000
223.2 15.50390 14 1.00000
223.3 15.52969 14 1.00000
223.4 15.54648 14 1.00000
223.5 15.44252 14 1.00000
223.6 15.45654 14 1.00000
223.7 15.47800 14 1.00000
223.8 15.49186 14 1.00000
223.9 15.50320 14 1.00000
224.0 15.52606 14 1.00000
224.1 15.54575 14 1.00000
224.2 15.42502 14 1.00000
224.3 15.44252 14 1.00000
224.4 15.45636 14 1.00000
224.5 15.47604 14 1.00000
224.6 15.49182 14 1.00000
224.7 15.50276 14 1.00000
224.8 15.52600 14 1.00000
224.9 15.54485 14 1.00000
225.0 15.44253 14 1.00000
225.1 15.45426 14 1.00000
225.2 15.47562 14 1.00000
225.3 15.49001 14 1.00000
225.4 15.50219 14 1.00000
225.5 15.52555 14 1.00000
225.6 15.54437 14 1.00000
225.7 15.42446 14 1.00000
225.8 15.44254 14 1.00000
225.9 15.45413 14 1.00000
226.0 15.47497 14 1.00000
226.1 15.49046 14 1.00000
226.2 15.50236 14 1.00000
226.3 15.52554 14 1.00000
226.4 15.54431 14 1.00000
226.5 15.44259 14 1.00000
226.6 15.45361 14 1.00000
226.7 15.47510 14 1.00000
226.8 15.48962 14 1.00000
226.9 15.50198 14 1.00000
227.0 15.52517 14 1.00000
227.1 15.54256 14 1.00000
227.2 15.42180 14 1.00000
227.3 15.44263 14 1.00000
227.4 15.45381 14 1.00000
227.5 15.47458 14 1.00000
227.6 15.49021 14 1.00000
227.7 15.50218 14 1.00000
227.8 15.52546 14 1.00000
227.9 15.54422 14 1.00000
228.0 15.44269 14 1.00000
228.1 15.45157 14 1.00000
228.2 15.47492 14 1.00000
228.3 15.48588 14 1.00000
228.4 15.50200 14 1.00000
228.5 15.52518 14 1.00000
228.6 15.54254 14 1.00000
228.7 15.42176 14 1.00000
228.8 15.44264 14 1.00000
228.9 15.45369 14 1.00000
229.0 15.47473 14 1.00000
229.1 15.49032 14 1.00000
229.2 15.50223 14 1.00000
229.3 15.52553 14 1.00000
229.4 15.54426 14 1.00000
229.5 15.44257 14 1.00000
229.6 15.45401 14 1.00000
229.7 15.47516 14 1.00000
229.8 15.48962 14 1.00000
229.9 15.50210 14 1.00000
230.0 15.52533 14 1.00000
230.1 15.54433 14 1.00000
230.2 15.42460 14 1.00000
230.3 15.44254 14 1.00000
230.4 15.45412 14 1.00000
230.5 15.47516 14 1.00000
230.6 15.49065 14 1.00000
230.7 15.50267 14 1.00000
230.8 15.52600 14 1.00000
230.9 15.54476 14 1.00000
231.0 15.44253 14 1.00000
231.1 15.45595 14 1.00000
231.2 15.47602 14 1.00000
231.3 15.49026 14 1.00000
231.4 15.50279 14 1.00000
231.5 15.52588 14 1.00000
231.6 15.54481 14 1.00000
231.7 15.42510 14 1.00000
231.8 15.44333 14 1.00000
231.9 15.45707 14 1.00000
232.0 15.47776 14 1.00000
232.1 15.49214 14 1.00000
232.2 15.50341 14 1.00000
232.3 15.52972 14 1.00000
232.4 15.54661 14 1.00000
232.5 15.44297 14 1.00000
232.6 15.45701 14 1.00000
232.7 15.47849 14 1.00000
232.8 15.49214 14 1.00000
232.9 15.51152 14 1.00000
233.0 15.52947 14 1.00000
233.1 15.54655 14 1.00000
233.2 15.43160 14 1.00000
233.3 15.44368 14 1.00000
233.4 15.45878 14 1.00000
233.5 15.47965 14 1.00000
233.6 15.49437 14 1.00000
233.7 15.51216 14 1.00000
233.8 15.53681 14 1.00000
233.9 15.54889 14 1.00000
234.0 15.44548 14 1.00000
234.1 15.45978 14 1.00000
234.2 15.47995 14 1.00000
234.3 15.49443 14 1.00000
234.4 15.51416 14 1.00000
234.5 15.53708 14 1.00000
234.6 15.54917 14 1.00000
234.7 15.43734 14 1.00000
234.8 15.44703 14 1.00000
234.9 15.46568 14 1.00000
235.0 15.48399 14 1.00000
235.1 15.49945 14 1.00000
235.2 15.51896 14 1.00000
235.3 15.54002 14 1.00000
235.4 15.43936 14 1.00000
235.5 15.44743 14 1.00000
235.6 15.47018 14 1.00000
235.7 15.48445 14 1.00000
235.8 15.49998 14 1.00000
235.9 15.52043 14 1.00000
236.0 15.54134 14 1.00000
236.1 15.42049 14 1.00000
236.2 15.44300 14 1.00000
236.3 15.44806 14 1.00000
236.4 15.47389 14 1.00000
236.5 15.48984 14 1.00000
236.6 15.50178 14 1.00000
236.7 15.52505 14 1.00000
236.8 15.54295 14 1.00000
236.9 15.44256 14 1.00000
237.0 15.45364 14 1.00000
237.1 15.47568 14 1.00000
237.2 15.49012 14 1.00000
237.3 15.50280 14 1.00000
237.4 15.52581 14 1.00000
237.5 15.54490 14 1.00000
237.6 15.42535 14 1.00000
237.7 15.44349 14 1.00000
237.8 15.45750 14 1.00000
237.9 15.47903 14 1.00000
238.0 15.49402 14 1.00000
238.1 15.51176 14 1.00000
238.2 15.53300 14 1.00000
238.3 15.54764 14 1.00000
238.4 15.44373 14 1.00000
238.5 15.45980 14 1.00000
238.6 15.48016 14 1.00000
238.7 15.49871 14 1.00000
238.8 15.51723 14 1.00000
238.9 15.53733 14 1.00000
239.0 15.40692 14 1.00000
239.1 15.43911 14 1.00000
239.2 15.44750 14 1.00000
239.3 15.46976 14 1.00000
239.4 15.48501 14 1.00000
239.5 15.49990 14 1.00000
239.6 15.52070 14 1.00000
239.7 15.54214 14 1.00000
239.8 15.44286 14 1.00000
239.9 15.44844 14 1.00000
240.0 15.47443 14 1.00000
240.1 15.48576 14 1.00000
240.2 15.50212 14 1.00000
240.3 15.52545 14 1.00000
240.4 15.54453 14 1.00000
240.5 15.42492 14 1.00000
240.6 15.44252 14 1.00000
240.7 15.45714 14 1.00000
240.8 15.47885 14 1.00000
240.9 15.49393 14 1.00000
241.0 15.50963 14 1.00000
241.1 15.53282 14 1.00000
241.2 15.54767 14 1.00000
241.3 15.44558 14 1.00000
241.4 15.46005 14 1.00000
241.5 15.48256 14 1.00000
241.6 15.49897 14 1.00000
241.7 15.51859 14 1.00000
241.8 15.53969 14 1.00000
241.9 15.40842 14 1.00000
242.0 15.43981 14 1.00000
242.1 15.44772 14 1.00000
242.2 15.47381 14 1.00000
242.3 15.48970 14 1.00000
242.4 15.50134 14 1.00000
242.5 15.52437 14 1.00000
242.6 15.54425 14 1.00000
242.7 15.44252 14 1.00000
242.8 15.45590 14 1.00000
242.9 15.47607 14 1.00000
243.0 15.49037 14 1.00000
243.1 15.50419 14 1.00000
243.2 15.52991 14 1.00000
243.3 15.54671 14 1.00000
243.4 15.43334 14 1.00000
243.5 15.44566 14 1.00000
243.6 15.46361 14 1.00000
243.7 15.48384 14 1.00000
243.8 15.49925 14 1.00000
243.9 15.51814 14 1.00000
244.0 15.54000 14 1.00000
244.1 15.44000 14 1.00000
244.2 15.44791 14 1.00000
244.3 15.47374 14 1.00000
244.4 15.48517 14 1.00000
244.5 15.50177 14 1.00000
244.6 15.52557 14 1.00000
244.7 15.54458 14 1.00000
244.8 15.42492 14 1.00000
244.9 15.44252 14 1.00000
245.0 15.45700 14 1.00000
245.1 15.47956 14 1.00000
245.2 15.49436 14 1.00000
245.3 15.51232 14 1.00000
245.4 15.53698 14 1.00000
245.5 15.40692 14 1.00000
245.6 15.44785 14 1.00000
245.7 15.46649 14 1.00000
245.8 15.48402 14 1.00000
245.9 15.49958 14 1.00000
246.0 15.52435 14 1.00000
246.1 15.54223 14 1.00000
246.2 15.42153 14 1.00000
246.3 15.44264 14 1.00000
246.4 15.45373 14 1.00000
246.5 15.47870 14 1.00000
246.6 15.49262 14 1.00000
246.7 15.50400 14 1.00000
246.8 15.53133 14 1.00000
246.9 15.54749 14 1.00000
247.0 15.44629 14 1.00000
247.1 15.46378 14 1.00000
247.2 15.48312 14 1.00000
247.3 15.49915 14 1.00000
247.4 15.52150 14 1.00000
247.5 15.54165 14 1.00000
247.6 15.42100 14 1.00000
247.7 15.44289 14 1.00000
247.8 15.45160 14 1.00000
247.9 15.47783 14 1.00000
248.0 15.49222 14 1.00000
248.1 15.50360 14 1.00000
248.2 15.52988 14 1.00000
248.3 15.54744 14 1.00000
248.4 15.44618 14 1.00000
248.5 15.46368 14 1.00000
248.6 15.48278 14 1.00000
248.7 15.49924 14 1.00000
248.8 15.52174 14 1.00000
248.9 15.54174 14 1.00000
249.0 15.42128 14 1.00000
249.1 15.44267 14 1.00000
249.2 15.45382 14 1.00000
249.3 15.47874 14 1.00000
249.4 15.49243 14 1.00000
249.5 15.50395 14 1.00000
249.6 15.53263 14 1.00000
249.7 15.54919 14 1.00000
249.8 15.44717 14 1.00000
249.9 15.46618 14 1.00000
250.0 15.48395 14 1.00000
