15.0 1.44989 13 0.04468
15.1 1.45744 13 0.04504
15.2 1.46498 13 0.04539
15.3 1.47253 13 0.04574
15.4 1.48007 13 0.04609
15.5 1.48761 13 0.04643
15.6 1.49515 13 0.04677
15.7 1.50269 13 0.04711
15.8 1.51023 13 0.04744
15.9 1.51777 13 0.04776
16.0 1.52531 13 0.04809
16.1 1.53284 13 0.04840
16.2 1.54038 13 0.04872
16.3 1.54791 13 0.04903
16.4 1.55544 13 0.04934
16.5 1.56297 13 0.04965
16.6 1.57050 13 0.04995
16.7 1.57803 13 0.05019
16.8 1.58555 13 0.05048
16.9 1.59308 13 0.05077
17.0 1.60060 13 0.05106
17.1 1.60812 13 0.05135
17.2 1.61564 13 0.05163
17.3 1.62316 13 0.05191
17.4 1.63068 13 0.05219
17.5 1.63819 13 0.05246
17.6 1.64570 13 0.05273
17.7 1.65322 13 0.05300
17.8 1.66073 13 0.05327
17.9 1.66823 13 0.05353
18.0 1.67574 13 0.05379
18.1 1.68324 13 0.05405
18.2 1.69075 13 0.05431
18.3 1.69825 13 0.05456
18.4 1.70575 13 0.05481
18.5 1.71789 13 0.05541
18.6 1.73017 13 0.05601
18.7 1.74254 13 0.05662
18.8 1.75500 13 0.05723
18.9 1.76756 13 0.05784
19.0 1.78022 13 0.05846
19.1 1.79297 13 0.05907
19.2 1.80581 13 0.05969
19.3 1.81876 13 0.06031
19.4 1.83180 13 0.06093
19.5 1.84493 13 0.06156
19.6 1.85817 13 0.06218
19.7 1.87151 13 0.06281
19.8 1.88494 13 0.06344
19.9 1.89848 13 0.06407
20.0 1.91212 13 0.06471
20.1 17.48212 14 1.00000
20.2 17.56456 14 1.00000
20.3 17.64695 14 1.00000
20.4 17.72928 14 1.00000
20.5 17.84035 14 1.00000
20.6 17.92301 14 1.00000
20.7 18.00562 14 1.00000
20.8 18.08818 14 1.00000
20.9 18.17069 14 1.00000
21.0 18.25316 14 1.00000
21.1 18.33558 14 1.00000
21.2 18.41795 14 1.00000
21.3 18.50027 14 1.00000
21.4 18.58254 14 1.00000
21.5 18.66476 14 1.00000
21.6 18.74694 14 1.00000
21.7 18.82907 14 1.00000
21.8 18.91115 14 1.00000
21.9 18.99318 14 1.00000
22.0 19.07516 14 1.00000
22.1 19.15710 14 1.00000
22.2 19.23898 14 1.00000
22.3 19.32082 14 1.00000
22.4 19.40260 14 1.00000
22.5 19.48434 14 1.00000
22.6 19.56595 14 1.00000
22.7 19.64729 14 1.00000
22.8 19.69229 14 1.00000
22.9 19.77352 14 1.00000
23.0 5.53041 14 0.24429
23.1 5.64544 14 0.24930
23.2 5.76202 14 0.25434
23.3 5.88018 14 0.25943
23.4 5.99990 14 0.26456
23.5 6.12120 14 0.26972
23.6 6.24214 14 0.27537
23.7 6.36626 14 0.28061
23.8 6.49196 14 0.28589
23.9 6.61926 14 0.29121
24.0 6.74816 14 0.29657
24.1 6.87864 14 0.30197
24.2 7.01074 14 0.30740
24.3 7.14435 14 0.31288
24.4 7.27961 14 0.31839
24.5 7.41145 14 0.32435
24.6 7.54958 14 0.32993
24.7 7.68934 14 0.33555
24.8 7.83065 14 0.34121
24.9 7.97360 14 0.34691
25.0 8.11814 14 0.35265
25.1 8.26430 14 0.35842
25.2 8.41209 14 0.36423
25.3 8.56151 14 0.37008
25.4 8.70412 14 0.37632
25.5 8.85639 14 0.38224
25.6 9.01012 14 0.38820
25.7 9.16550 14 0.39419
25.8 9.32283 14 0.40021
25.9 9.48163 14 0.40627
26.0 9.64209 14 0.41237
26.1 9.80422 14 0.41850
26.2 9.96793 14 0.42467
26.3 10.13300 14 0.43089
26.4 10.28714 14 0.43745
26.5 10.45514 14 0.44373
26.6 10.62481 14 0.45004
26.7 10.79639 14 0.45638
26.8 10.97010 14 0.46275
26.9 11.14497 14 0.46916
27.0 11.32133 14 0.47561
27.1 11.49906 14 0.48211
27.2 11.67859 14 0.48863
27.3 11.84278 14 0.49547
27.4 12.02522 14 0.50206
27.5 12.20935 14 0.50868
27.6 12.39517 14 0.51533
27.7 12.58396 14 0.52200
27.8 12.77295 14 0.52873
27.9 12.96365 14 0.53549
28.0 13.15604 14 0.54229
28.1 13.35011 14 0.54912
28.2 13.52391 14 0.55623
28.3 13.72091 14 0.56312
28.4 13.91955 14 0.57004
28.5 14.11979 14 0.57700
28.6 14.32245 14 0.58399
28.7 14.52683 14 0.59101
28.8 14.73210 14 0.59807
28.9 14.93905 14 0.60517
29.0 15.14772 14 0.61230
29.1 15.33055 14 0.61967
29.2 15.54206 14 0.62687
29.3 15.75519 14 0.63409
29.4 15.96995 14 0.64135
29.5 16.18616 14 0.64865
29.6 16.40658 14 0.65596
29.7 16.62646 14 0.66332
29.8 16.84799 14 0.67072
29.9 17.07124 14 0.67814
30.0 17.29622 14 0.68560
30.1 17.48847 14 0.69327
30.2 17.71616 14 0.70079
30.3 17.94556 14 0.70835
30.4 18.17674 14 0.71594
30.5 18.40896 14 0.72356
30.6 18.64626 14 0.73121
30.7 18.88244 14 0.73889
30.8 19.12036 14 0.74662
30.9 19.35989 14 0.75437
31.0 19.55953 14 0.76229
31.1 19.80183 14 0.77011
31.2 20.04585 14 0.77796
31.3 20.29163 14 0.78584
31.4 20.53862 14 0.79376
31.5 20.78781 14 0.80171
31.6 21.04165 14 0.80969
31.7 21.29413 14 0.81770
31.8 21.54819 14 0.82575
31.9 21.80401 14 0.83383
32.0 22.01101 14 0.84204
32.1 22.26961 14 0.85018
32.2 22.52989 14 0.85836
32.3 22.79199 14 0.86657
32.4 23.05506 14 0.87481
32.5 23.32147 14 0.88309
32.6 23.59119 14 0.89139
32.7 23.85974 14 0.89973
32.8 24.13003 14 0.90811
32.9 24.40208 14 0.91652
33.0 24.61506 14 0.92500
33.1 24.88974 14 0.93347
33.2 25.16605 14 0.94197
33.3 25.44415 14 0.95051
33.4 25.72387 14 0.95908
33.5 26.00653 14 0.96768
33.6 26.29268 14 0.97631
33.7 26.57729 14 0.98498
33.8 26.86362 14 0.99368
33.9 27.08828 14 1.00000
34.0 27.07611 14 1.00000
34.1 27.13522 14 1.00000
34.2 27.19413 14 1.00000
34.3 27.25275 14 1.00000
34.4 27.31096 14 1.00000
34.5 27.37152 14 1.00000
34.6 27.43310 14 1.00000
34.7 27.49066 14 1.00000
34.8 27.54767 14 1.00000
34.9 27.39691 14 1.00000
35.0 27.45396 14 1.00000
35.1 27.51093 14 1.00000
35.2 27.56745 14 1.00000
35.3 27.62362 14 1.00000
35.4 27.53575 14 1.00000
35.5 27.59214 14 1.00000
35.6 27.65532 14 1.00000
35.7 27.71143 14 1.00000
35.8 27.76652 14 1.00000
35.9 27.59348 14 1.00000
36.0 27.64874 14 1.00000
36.1 27.70348 14 1.00000
36.2 27.75808 14 1.00000
36.3 27.81220 14 1.00000
36.4 26.89313 14 1.00000
36.5 24.25211 14 1.00000
36.6 22.50401 14 1.00000
36.7 19.88524 14 1.00000
36.8 18.57677 14 1.00000
36.9 15.89433 14 1.00000
37.0 13.71755 14 1.00000
37.1 13.71922 14 1.00000
37.2 13.68414 14 1.00000
37.3 13.69632 14 1.00000
37.4 13.58522 14 1.00000
37.5 13.58677 14 1.00000
37.6 13.54746 14 1.00000
37.7 13.50955 14 1.00000
37.8 13.47735 14 1.00000
37.9 13.45247 14 1.00000
38.0 13.37686 14 1.00000
38.1 13.34826 14 1.00000
38.2 13.35261 14 1.00000
38.3 13.36455 14 1.00000
38.4 13.25282 14 1.00000
38.5 13.28219 14 1.00000
38.6 13.31606 14 1.00000
38.7 13.34983 14 1.00000
38.8 13.38343 14 1.00000
38.9 13.41220 14 1.00000
39.0 13.44620 14 1.00000
39.1 13.48004 14 1.00000
39.2 13.51368 14 1.00000
39.3 13.54702 14 1.00000
39.4 13.58001 14 1.00000
39.5 13.61002 14 1.00000
39.6 13.64373 14 1.00000
39.7 13.67717 14 1.00000
39.8 13.71027 14 1.00000
39.9 13.74310 14 1.00000
40.0 13.77351 14 1.00000
40.1 13.80698 14 1.00000
40.2 13.84019 14 1.00000
40.3 13.87302 14 1.00000
40.4 13.90842 14 1.00000
40.5 13.93664 14 1.00000
40.6 13.96989 14 1.00000
40.7 14.00280 14 1.00000
40.8 14.03572 14 1.00000
40.9 14.07785 14 1.00000
41.0 14.09921 14 1.00000
41.1 14.13229 14 1.00000
41.2 14.16485 14 1.00000
41.3 14.20319 14 1.00000
41.4 14.22838 14 1.00000
41.5 14.26146 14 1.00000
41.6 14.29411 14 1.00000
41.7 14.32388 14 1.00000
41.8 14.35731 14 1.00000
41.9 14.39032 14 1.00000
42.0 14.41888 14 1.00000
42.1 14.45249 14 1.00000
42.2 14.48070 14 1.00000
42.3 14.51347 14 1.00000
42.4 14.45625 14 1.00000
42.5 14.43028 14 1.00000
42.6 14.44895 14 1.00000
42.7 14.31958 14 1.00000
42.8 14.48643 14 1.00000
42.9 14.52046 14 1.00000
43.0 14.55621 14 1.00000
43.1 14.59170 14 1.00000
43.2 14.62421 14 1.00000
43.3 14.65644 14 1.00000
43.4 14.68877 14 1.00000
43.5 14.72085 14 1.00000
43.6 14.75286 14 1.00000
43.7 14.78391 14 1.00000
43.8 14.81480 14 1.00000
43.9 14.84842 14 1.00000
44.0 14.89305 14 1.00000
44.1 14.93771 14 1.00000
44.2 15.08935 14 1.00000
44.3 15.12661 14 1.00000
44.4 15.16164 14 1.00000
44.5 15.19326 14 1.00000
44.6 15.22593 14 1.00000
44.7 15.25884 14 1.00000
44.8 15.29138 14 1.00000
44.9 15.32327 14 1.00000
45.0 15.35479 14 1.00000
45.1 15.38558 14 1.00000
45.2 15.42521 14 1.00000
45.3 15.47014 14 1.00000
45.4 15.51507 14 1.00000
45.5 15.57393 14 1.00000
45.6 15.70481 14 1.00000
45.7 15.74160 14 1.00000
45.8 15.77499 14 1.00000
45.9 15.80821 14 1.00000
46.0 15.84102 14 1.00000
46.1 15.87413 14 1.00000
46.2 15.90649 14 1.00000
46.3 15.93830 14 1.00000
46.4 15.96976 14 1.00000
46.5 16.00540 14 1.00000
46.6 16.05058 14 1.00000
46.7 16.09580 14 1.00000
46.8 16.14960 14 1.00000
46.9 16.21572 14 1.00000
47.0 16.33197 14 1.00000
47.1 16.36867 14 1.00000
47.2 16.40240 14 1.00000
47.3 16.43566 14 1.00000
47.4 16.46908 14 1.00000
47.5 16.50238 14 1.00000
47.6 16.53531 14 1.00000
47.7 16.56736 14 1.00000
47.8 16.59904 14 1.00000
47.9 16.63421 14 1.00000
48.0 16.67968 14 1.00000
48.1 16.75284 14 1.00000
48.2 16.81223 14 1.00000
48.3 16.86521 14 1.00000
48.4 16.91297 14 1.00000
48.5 17.00488 14 1.00000
48.6 17.04315 14 1.00000
48.7 17.07573 14 1.00000
48.8 17.10957 14 1.00000
48.9 17.14314 14 1.00000
49.0 17.17652 14 1.00000
49.1 17.20946 14 1.00000
49.2 17.24185 14 1.00000
49.3 17.27349 14 1.00000
49.4 17.31058 14 1.00000
49.5 17.35616 14 1.00000
49.6 17.43099 14 1.00000
49.7 17.49065 14 1.00000
49.8 17.54425 14 1.00000
49.9 17.59297 14 1.00000
50.0 17.63792 14 1.00000
50.1 17.72785 14 1.00000
50.2 17.76217 14 1.00000
50.3 17.79610 14 1.00000
50.4 17.83045 14 1.00000
50.5 17.86417 14 1.00000
50.6 17.89774 14 1.00000
50.7 17.93060 14 1.00000
50.8 17.96335 14 1.00000
50.9 17.99526 14 1.00000
51.0 18.03582 14 1.00000
51.1 18.08255 14 1.00000
51.2 18.15970 14 1.00000
51.3 18.21915 14 1.00000
51.4 18.27299 14 1.00000
51.5 18.32244 14 1.00000
51.6 18.36807 14 1.00000
51.7 18.46125 14 1.00000
51.8 18.49784 14 1.00000
51.9 18.53190 14 1.00000
52.0 18.56637 14 1.00000
52.1 18.60085 14 1.00000
52.2 18.63484 14 1.00000
52.3 18.67063 14 1.00000
52.4 18.70496 14 1.00000
52.5 18.74477 14 1.00000
52.6 18.77780 14 1.00000
52.7 18.82174 14 1.00000
52.8 18.85654 14 1.00000
52.9 18.90223 14 1.00000
53.0 18.94844 14 1.00000
53.1 18.99407 14 1.00000
53.2 19.04616 14 1.00000
53.3 19.08620 14 1.00000
53.4 19.16985 14 1.00000
53.5 19.18497 14 1.00000
53.6 19.22403 14 1.00000
53.7 19.30822 14 1.00000
53.8 19.32076 14 1.00000
53.9 19.41052 14 1.00000
54.0 19.44010 14 1.00000
54.1 19.45382 14 1.00000
54.2 19.54437 14 1.00000
54.3 19.55093 14 1.00000
54.4 19.59062 14 1.00000
54.5 19.67619 14 1.00000
54.6 19.68346 14 1.00000
54.7 19.72840 14 1.00000
54.8 19.78563 14 1.00000
54.9 19.82078 14 1.00000
55.0 19.87096 14 1.00000
55.1 19.91914 14 1.00000
55.2 19.95878 14 1.00000
55.3 20.01770 14 1.00000
55.4 20.05278 14 1.00000
55.5 20.09696 14 1.00000
55.6 20.16350 14 1.00000
55.7 20.18980 14 1.00000
55.8 20.23662 14 1.00000
55.9 20.30769 14 1.00000
56.0 20.32835 14 1.00000
56.1 20.37703 14 1.00000
56.2 20.44709 14 1.00000
56.3 20.51914 14 1.00000
56.4 20.51266 14 1.00000
56.5 20.58458 14 1.00000
56.6 20.65679 14 1.00000
56.7 20.72024 14 1.00000
56.8 20.71703 14 1.00000
56.9 20.78956 14 1.00000
57.0 20.86030 14 1.00000
57.1 20.85483 14 1.00000
57.2 20.92086 14 1.00000
57.3 20.99253 14 1.00000
57.4 21.06221 14 1.00000
57.5 21.11251 14 1.00000
57.6 21.11855 14 1.00000
57.7 21.18942 14 1.00000
57.8 21.26019 14 1.00000
57.9 21.33155 14 1.00000
58.0 21.31025 14 1.00000
58.1 21.38289 14 1.00000
58.2 21.45187 14 1.00000
58.3 21.52236 14 1.00000
58.4 21.49800 14 1.00000
58.5 21.57126 14 1.00000
58.6 21.64027 14 1.00000
58.7 21.71201 14 1.00000
58.8 21.69760 14 1.00000
58.9 21.75123 14 1.00000
59.0 21.82515 14 1.00000
59.1 21.89838 14 1.00000
59.2 21.88433 14 1.00000
59.3 21.92583 14 1.00000
59.4 22.00180 14 1.00000
59.5 22.07321 14 1.00000
59.6 22.06774 14 1.00000
59.7 22.11595 14 1.00000
59.8 22.14950 14 1.00000
59.9 22.24433 14 1.00000
60.0 22.31743 14 1.00000
60.1 22.30362 14 1.00000
60.2 22.34918 14 1.00000
60.3 22.37785 14 1.00000
60.4 22.37354 14 1.00000
60.5 22.55213 14 1.00000
60.6 22.53863 14 1.00000
60.7 22.58296 14 1.00000
60.8 22.61189 14 1.00000
60.9 22.60746 14 1.00000
61.0 22.70149 14 1.00000
61.1 22.77040 14 1.00000
61.2 22.81975 14 1.00000
61.3 22.85476 14 1.00000
61.4 22.84859 14 1.00000
61.5 22.88803 14 1.00000
61.6 22.93443 14 1.00000
61.7 23.05380 14 1.00000
61.8 23.09772 14 1.00000
61.9 23.12993 14 1.00000
62.0 23.12491 14 1.00000
62.1 23.16923 14 1.00000
62.2 23.21746 14 1.00000
62.3 23.33235 14 1.00000
62.4 23.38218 14 1.00000
62.5 23.41503 14 1.00000
62.6 23.40940 14 1.00000
62.7 23.45106 14 1.00000
62.8 23.49747 14 1.00000
62.9 23.56829 14 1.00000
63.0 23.66582 14 1.00000
63.1 23.70557 14 1.00000
63.2 23.73476 14 1.00000
63.3 23.73345 14 1.00000
63.4 23.77996 14 1.00000
63.5 23.82645 14 1.00000
63.6 23.90237 14 1.00000
63.7 23.92112 14 1.00000
63.8 24.03556 14 1.00000
63.9 24.06746 14 1.00000
64.0 24.06304 14 1.00000
64.1 24.10962 14 1.00000
64.2 24.15618 14 1.00000
64.3 24.22137 14 1.00000
64.4 24.29712 14 1.00000
64.5 24.35679 14 1.00000
64.6 24.41035 14 1.00000
64.7 24.43969 14 1.00000
64.8 24.44003 14 1.00000
64.9 24.48669 14 1.00000
65.0 24.53334 14 1.00000
65.1 24.59812 14 1.00000
65.2 24.67375 14 1.00000
65.3 24.72564 14 1.00000
65.4 24.79179 14 1.00000
65.5 24.82313 14 1.00000
65.6 24.81841 14 1.00000
65.7 24.86466 14 1.00000
65.8 24.91146 14 1.00000
65.9 24.95822 14 1.00000
66.0 25.02993 14 1.00000
66.1 25.10402 14 1.00000
66.2 25.10016 14 1.00000
66.3 25.21551 14 1.00000
66.4 25.25093 14 1.00000
66.5 25.27681 14 1.00000
66.6 25.29036 14 1.00000
66.7 25.33726 14 1.00000
66.8 25.38414 14 1.00000
66.9 25.43725 14 1.00000
67.0 25.51455 14 1.00000
67.1 25.58865 14 1.00000
67.2 25.63870 14 1.00000
67.3 25.68194 14 1.00000
67.4 25.71089 14 1.00000
67.5 25.70508 14 1.00000
67.6 25.74939 14 1.00000
67.7 25.79367 14 1.00000
67.8 25.83857 14 1.00000
67.9 25.91175 14 1.00000
68.0 25.98291 14 1.00000
68.1 26.05583 14 1.00000
68.2 26.01757 14 1.00000
68.3 26.13173 14 1.00000
68.4 26.15815 14 1.00000
68.5 26.15354 14 1.00000
68.6 26.19806 14 1.00000
68.7 26.24260 14 1.00000
68.8 26.28712 14 1.00000
68.9 26.35555 14 1.00000
69.0 26.43081 14 1.00000
69.1 26.50097 14 1.00000
69.2 26.56660 14 1.00000
69.3 26.51407 14 1.00000
69.4 26.62892 14 1.00000
69.5 26.65573 14 1.00000
69.6 26.64915 14 1.00000
69.7 26.69388 14 1.00000
69.8 26.73867 14 1.00000
69.9 26.78349 14 1.00000
70.0 26.84240 14 1.00000
70.1 26.91813 14 1.00000
70.2 26.98699 14 1.00000
70.3 27.05639 14 1.00000
70.4 27.12176 14 1.00000
70.5 27.06651 14 1.00000
70.6 27.17808 14 1.00000
70.7 27.20839 14 1.00000
70.8 27.20278 14 1.00000
70.9 27.23771 14 1.00000
71.0 27.28274 14 1.00000
71.1 27.32781 14 1.00000
71.2 27.37418 14 1.00000
71.3 27.44061 14 1.00000
71.4 27.51289 14 1.00000
71.5 27.57985 14 1.00000
71.6 27.64370 14 1.00000
71.7 27.71234 14 1.00000
71.8 27.64687 14 1.00000
71.9 27.78258 14 1.00000
72.0 27.82462 14 1.00000
72.1 27.85598 14 1.00000
72.2 27.85260 14 1.00000
72.3 27.87562 14 1.00000
72.4 27.92096 14 1.00000
72.5 27.96632 14 1.00000
72.6 28.01168 14 1.00000
72.7 28.06537 14 1.00000
72.8 28.13715 14 1.00000
72.9 28.20558 14 1.00000
73.0 28.27029 14 1.00000
73.1 28.31908 14 1.00000
73.2 28.38656 14 1.00000
73.3 28.42844 14 1.00000
73.4 28.47874 14 1.00000
73.5 28.52492 14 1.00000
73.6 28.56552 14 1.00000
73.7 28.60357 14 1.00000
73.8 28.60766 14 1.00000
73.9 28.63525 14 1.00000
74.0 28.65735 14 1.00000
74.1 28.70098 14 1.00000
74.2 28.74668 14 1.00000
74.3 28.79241 14 1.00000
74.4 28.84545 14 1.00000
74.5 28.91296 14 1.00000
74.6 28.98166 14 1.00000
74.7 29.03200 14 1.00000
74.8 29.05083 14 1.00000
74.9 29.23932 14 1.00000
75.0 29.30014 14 1.00000
75.1 29.26065 14 1.00000
75.2 29.31192 14 1.00000
75.3 29.36365 14 1.00000
75.4 29.41209 14 1.00000
75.5 29.45429 14 1.00000
75.6 29.49966 14 1.00000
75.7 29.53561 14 1.00000
75.8 29.54621 14 1.00000
75.9 29.57861 14 1.00000
76.0 29.60350 14 1.00000
76.1 29.62746 14 1.00000
76.2 29.67237 14 1.00000
76.3 29.71853 14 1.00000
76.4 29.76470 14 1.00000
76.5 29.86801 14 1.00000
76.6 29.97224 14 1.00000
76.7 30.02969 14 1.00000
76.8 30.08667 14 1.00000
76.9 30.14539 14 1.00000
77.0 30.20529 14 1.00000
77.1 30.26294 14 1.00000
77.2 30.31999 14 1.00000
77.3 30.37968 14 1.00000
77.4 30.34162 14 1.00000
77.5 30.39137 14 1.00000
77.6 30.44370 14 1.00000
77.7 30.48809 14 1.00000
77.8 30.53623 14 1.00000
77.9 30.58103 14 1.00000
78.0 30.63243 14 1.00000
78.1 30.67046 14 1.00000
78.2 30.72508 14 1.00000
78.3 30.77189 14 1.00000
78.4 30.69943 14 1.00000
78.5 30.74610 14 1.00000
78.6 30.79635 14 1.00000
78.7 30.85546 14 1.00000
78.8 30.91976 14 1.00000
78.9 30.98354 14 1.00000
79.0 31.04626 14 1.00000
79.1 31.09551 14 1.00000
79.2 31.16497 14 1.00000
79.3 31.22101 14 1.00000
79.4 31.28061 14 1.00000
79.5 31.33914 14 1.00000
79.6 31.39703 14 1.00000
79.7 31.44688 14 1.00000
79.8 31.50950 14 1.00000
79.9 31.56334 14 1.00000
80.0 31.62213 14 1.00000
80.1 31.67643 14 1.00000
80.2 31.73491 14 1.00000
80.3 31.78889 14 1.00000
80.4 31.85071 14 1.00000
80.5 31.80252 14 1.00000
80.6 31.89565 14 1.00000
80.7 31.78438 14 1.00000
80.8 31.95774 14 1.00000
80.9 32.00700 14 1.00000
81.0 32.04375 14 1.00000
81.1 32.06706 14 1.00000
81.2 32.11392 14 1.00000
81.3 32.15424 14 1.00000
81.4 32.18978 14 1.00000
81.5 32.23618 14 1.00000
81.6 32.27660 14 1.00000
81.7 32.31288 14 1.00000
81.8 32.34655 14 1.00000
81.9 32.37991 14 1.00000
82.0 32.41135 14 1.00000
82.1 32.45076 14 1.00000
82.2 32.49720 14 1.00000
82.3 32.54473 14 1.00000
82.4 32.59232 14 1.00000
82.5 32.64520 14 1.00000
82.6 32.74305 14 1.00000
82.7 32.83255 14 1.00000
82.8 32.93000 14 1.00000
82.9 33.04033 14 1.00000
83.0 32.98970 14 1.00000
83.1 33.05062 14 1.00000
83.2 33.10954 14 1.00000
83.3 33.16223 14 1.00000
83.4 33.21310 14 1.00000
83.5 33.26635 14 1.00000
83.6 33.32368 14 1.00000
83.7 33.38000 14 1.00000
83.8 33.43602 14 1.00000
83.9 33.49200 14 1.00000
84.0 33.54510 14 1.00000
84.1 33.59949 14 1.00000
84.2 33.65049 14 1.00000
84.3 33.69809 14 1.00000
84.4 33.75135 14 1.00000
84.5 33.81259 14 1.00000
84.6 33.87003 14 1.00000
84.7 33.92495 14 1.00000
84.8 33.88283 14 1.00000
84.9 33.92886 14 1.00000
85.0 33.98748 14 1.00000
85.1 34.03666 14 1.00000
85.2 34.08095 14 1.00000
85.3 34.13885 14 1.00000
85.4 34.19221 14 1.00000
85.5 34.23930 14 1.00000
85.6 34.27845 14 1.00000
85.7 34.33299 14 1.00000
85.8 34.38683 14 1.00000
85.9 34.43844 14 1.00000
86.0 34.48883 14 1.00000
86.1 34.53508 14 1.00000
86.2 34.57396 14 1.00000
86.3 34.63400 14 1.00000
86.4 34.57681 14 1.00000
86.5 34.69518 14 1.00000
86.6 34.74195 14 1.00000
86.7 34.78830 14 1.00000
86.8 34.83256 14 1.00000
86.9 34.87575 14 1.00000
87.0 34.93179 14 1.00000
87.1 34.98137 14 1.00000
87.2 35.03102 14 1.00000
87.3 35.08006 14 1.00000
87.4 35.12672 14 1.00000
87.5 35.17239 14 1.00000
87.6 35.21781 14 1.00000
87.7 35.26188 14 1.00000
87.8 35.30607 14 1.00000
87.9 35.35540 14 1.00000
88.0 35.39950 14 1.00000
88.1 35.45602 14 1.00000
88.2 35.50519 14 1.00000
88.3 35.57098 14 1.00000
88.4 35.66719 14 1.00000
88.5 35.66674 14 1.00000
88.6 35.63015 14 1.00000
88.7 35.67780 14 1.00000
88.8 35.72498 14 1.00000
88.9 35.77186 14 1.00000
89.0 35.81815 14 1.00000
89.1 35.86478 14 1.00000
89.2 35.91430 14 1.00000
89.3 35.96315 14 1.00000
89.4 36.01305 14 1.00000
89.5 36.06298 14 1.00000
89.6 36.11310 14 1.00000
89.7 36.16372 14 1.00000
89.8 36.20835 14 1.00000
89.9 36.24941 14 1.00000
90.0 36.29256 14 1.00000
90.1 36.33841 14 1.00000
90.2 36.38442 14 1.00000
90.3 36.43586 14 1.00000
90.4 36.48693 14 1.00000
90.5 36.53822 14 1.00000
90.6 36.58930 14 1.00000
90.7 36.64031 14 1.00000
90.8 36.69308 14 1.00000
90.9 36.74520 14 1.00000
91.0 36.79815 14 1.00000
91.1 36.85049 14 1.00000
91.2 36.90294 14 1.00000
91.3 36.95496 14 1.00000
91.4 37.00681 14 1.00000
91.5 37.05880 14 1.00000
91.6 37.10971 14 1.00000
91.7 37.16143 14 1.00000
91.8 37.21272 14 1.00000
91.9 37.26414 14 1.00000
92.0 37.31515 14 1.00000
92.1 37.36630 14 1.00000
92.2 37.41704 14 1.00000
92.3 37.46792 14 1.00000
92.4 37.51839 14 1.00000
92.5 37.56873 14 1.00000
92.6 37.61946 14 1.00000
92.7 37.66927 14 1.00000
92.8 37.71923 14 1.00000
92.9 37.76878 14 1.00000
93.0 37.81848 14 1.00000
93.1 37.86803 14 1.00000
93.2 37.91749 14 1.00000
93.3 37.96698 14 1.00000
93.4 38.01619 14 1.00000
93.5 38.06522 14 1.00000
93.6 38.11419 14 1.00000
93.7 38.16275 14 1.00000
93.8 38.21166 14 1.00000
93.9 38.26015 14 1.00000
94.0 38.30863 14 1.00000
94.1 38.35685 14 1.00000
94.2 38.40494 14 1.00000
94.3 38.45316 14 1.00000
94.4 38.50108 14 1.00000
94.5 38.54950 14 1.00000
94.6 38.58998 14 1.00000
94.7 38.66939 14 1.00000
94.8 38.77013 14 1.00000
94.9 38.85284 14 1.00000
95.0 38.94600 14 1.00000
95.1 39.03006 14 1.00000
95.2 39.09702 14 1.00000
95.3 39.14191 14 1.00000
95.4 39.01987 14 1.00000
95.5 39.06645 14 1.00000
95.6 39.11263 14 1.00000
95.7 39.15907 14 1.00000
95.8 39.20440 14 1.00000
95.9 39.24988 14 1.00000
96.0 39.29991 14 1.00000
96.1 39.36172 14 1.00000
96.2 39.42408 14 1.00000
96.3 39.48396 14 1.00000
96.4 39.54501 14 1.00000
96.5 39.60543 14 1.00000
96.6 39.66594 14 1.00000
96.7 39.72540 14 1.00000
96.8 39.78470 14 1.00000
96.9 39.86052 14 1.00000
97.0 39.90546 14 1.00000
97.1 39.95039 14 1.00000
97.2 39.99533 14 1.00000
97.3 40.04027 14 1.00000
97.4 40.09089 14 1.00000
97.5 40.14191 14 1.00000
97.6 40.19329 14 1.00000
97.7 40.24437 14 1.00000
97.8 40.29522 14 1.00000
97.9 40.34597 14 1.00000
98.0 40.40468 14 1.00000
98.1 40.46741 14 1.00000
98.2 40.48626 14 1.00000
98.3 40.53690 14 1.00000
98.4 40.58723 14 1.00000
98.5 40.63736 14 1.00000
98.6 40.68734 14 1.00000
98.7 40.73732 14 1.00000
98.8 40.77407 14 1.00000
98.9 40.84955 14 1.00000
99.0 40.88258 14 1.00000
99.1 40.96201 14 1.00000
99.2 40.99444 14 1.00000
99.3 41.02874 14 1.00000
99.4 41.11094 14 1.00000
99.5 41.14557 14 1.00000
99.6 41.18089 14 1.00000
99.7 41.21778 14 1.00000
99.8 41.30368 14 1.00000
99.9 41.34145 14 1.00000
100.0 41.38051 14 1.00000
100.1 41.42041 14 1.00000
100.2 41.46169 14 1.00000
100.3 41.50388 14 1.00000
100.4 41.54738 14 1.00000
100.5 41.63969 14 1.00000
100.6 41.68579 14 1.00000
100.7 41.73337 14 1.00000
100.8 41.80627 14 1.00000
100.9 41.89530 14 1.00000
101.0 41.98420 14 1.00000
101.1 42.07331 14 1.00000
101.2 42.16220 14 1.00000
101.3 42.25134 14 1.00000
101.4 42.34050 14 1.00000
101.5 42.42937 14 1.00000
101.6 42.51855 14 1.00000
101.7 42.60756 14 1.00000
101.8 42.69672 14 1.00000
101.9 42.78571 14 1.00000
102.0 42.87500 14 1.00000
102.1 42.96420 14 1.00000
102.2 43.05328 14 1.00000
102.3 43.14251 14 1.00000
102.4 43.23161 14 1.00000
102.5 43.32091 14 1.00000
102.6 43.41022 14 1.00000
102.7 43.49931 14 1.00000
102.8 43.58865 14 1.00000
102.9 43.67770 14 1.00000
103.0 43.76707 14 1.00000
103.1 43.85625 14 1.00000
103.2 43.94563 14 1.00000
103.3 44.03502 14 1.00000
103.4 44.12419 14 1.00000
103.5 44.21360 14 1.00000
103.6 44.30278 14 1.00000
103.7 44.39221 14 1.00000
103.8 44.48160 14 1.00000
103.9 44.57082 14 1.00000
104.0 44.66027 14 1.00000
104.1 44.74950 14 1.00000
104.2 44.83903 14 1.00000
104.3 44.92852 14 1.00000
104.4 45.01777 14 1.00000
104.5 45.10722 14 1.00000
104.6 45.19654 14 1.00000
104.7 45.28606 14 1.00000
104.8 45.37558 14 1.00000
104.9 45.46487 14 1.00000
105.0 45.55436 14 1.00000
105.1 45.64367 14 1.00000
105.2 45.73327 14 1.00000
105.3 45.82283 14 1.00000
105.4 45.91215 14 1.00000
105.5 46.00172 14 1.00000
105.6 46.09101 14 1.00000
105.7 46.18064 14 1.00000
105.8 46.27023 14 1.00000
105.9 46.35953 14 1.00000
106.0 46.44918 14 1.00000
106.1 46.53855 14 1.00000
106.2 46.62815 14 1.00000
106.3 46.71771 14 1.00000
106.4 46.80709 14 1.00000
106.5 46.89672 14 1.00000
106.6 46.98639 14 1.00000
106.7 47.07579 14 1.00000
106.8 47.16542 14 1.00000
106.9 47.25482 14 1.00000
107.0 47.34446 14 1.00000
107.1 47.43410 14 1.00000
107.2 47.52346 14 1.00000
107.3 47.61311 14 1.00000
107.4 47.70277 14 1.00000
107.5 47.79219 14 1.00000
107.6 47.88190 14 1.00000
107.7 47.97132 14 1.00000
107.8 48.06094 14 1.00000
107.9 48.15060 14 1.00000
108.0 48.24009 14 1.00000
108.1 48.32970 14 1.00000
108.2 48.41937 14 1.00000
108.3 48.50882 14 1.00000
108.4 48.59849 14 1.00000
108.5 48.68816 14 1.00000
108.6 48.77766 14 1.00000
108.7 48.86734 14 1.00000
108.8 48.95678 14 1.00000
108.9 49.04641 14 1.00000
109.0 49.13609 14 1.00000
109.1 49.22554 14 1.00000
109.2 49.31522 14 1.00000
109.3 49.40490 14 1.00000
109.4 49.49440 14 1.00000
109.5 49.58408 14 1.00000
109.6 49.67371 14 1.00000
109.7 49.76317 14 1.00000
109.8 49.85290 14 1.00000
109.9 49.94252 14 1.00000
110.0 50.03203 14 1.00000
110.1 50.12171 14 1.00000
110.2 50.21116 14 1.00000
110.3 50.30079 14 1.00000
110.4 50.39051 14 1.00000
110.5 50.47991 14 1.00000
110.6 50.56958 14 1.00000
110.7 50.65925 14 1.00000
110.8 50.74875 14 1.00000
110.9 50.83842 14 1.00000
111.0 50.92808 14 1.00000
111.1 51.01748 14 1.00000
111.2 51.10719 14 1.00000
111.3 51.19680 14 1.00000
111.4 51.28629 14 1.00000
111.5 51.37594 14 1.00000
111.6 51.46554 14 1.00000
111.7 51.55502 14 1.00000
111.8 51.64467 14 1.00000
111.9 51.73427 14 1.00000
112.0 51.82374 14 1.00000
112.1 51.91338 14 1.00000
112.2 52.00302 14 1.00000
112.3 52.09238 14 1.00000
112.4 52.18201 14 1.00000
112.5 52.27164 14 1.00000
112.6 52.36110 14 1.00000
112.7 52.45072 14 1.00000
112.8 52.54034 14 1.00000
112.9 52.62968 14 1.00000
113.0 52.71929 14 1.00000
113.1 52.80890 14 1.00000
113.2 52.89833 14 1.00000
113.3 52.98788 14 1.00000
113.4 53.07753 14 1.00000
113.5 53.16690 14 1.00000
113.6 53.25649 14 1.00000
113.7 53.34602 14 1.00000
113.8 53.43538 14 1.00000
113.9 53.52495 14 1.00000
114.0 53.61452 14 1.00000
114.1 53.70387 14 1.00000
114.2 53.79348 14 1.00000
114.3 53.88298 14 1.00000
114.4 53.97237 14 1.00000
114.5 54.06186 14 1.00000
114.6 54.15140 14 1.00000
114.7 54.24072 14 1.00000
114.8 54.33025 14 1.00000
114.9 54.41983 14 1.00000
115.0 54.50913 14 1.00000
115.1 54.59864 14 1.00000
115.2 54.68810 14 1.00000
115.3 54.77760 14 1.00000
115.4 54.86694 14 1.00000
115.5 54.95638 14 1.00000
115.6 55.04591 14 1.00000
115.7 55.13513 14 1.00000
115.8 55.22460 14 1.00000
115.9 55.31407 14 1.00000
116.0 55.40337 14 1.00000
116.1 55.49282 14 1.00000
116.2 55.58222 14 1.00000
116.3 55.67145 14 1.00000
116.4 55.76094 14 1.00000
116.5 55.85032 14 1.00000
116.6 55.93974 14 1.00000
116.7 56.02895 14 1.00000
116.8 56.11840 14 1.00000
116.9 56.20776 14 1.00000
117.0 56.29699 14 1.00000
117.1 56.38634 14 1.00000
117.2 56.47572 14 1.00000
117.3 56.56488 14 1.00000
117.4 56.65430 14 1.00000
117.5 56.74367 14 1.00000
117.6 56.83281 14 1.00000
117.7 56.92211 14 1.00000
117.8 57.01150 14 1.00000
117.9 57.10078 14 1.00000
118.0 57.18995 14 1.00000
118.1 57.27927 14 1.00000
118.2 57.36858 14 1.00000
118.3 57.45768 14 1.00000
118.4 57.54697 14 1.00000
118.5 57.63626 14 1.00000
118.6 57.72554 14 1.00000
118.7 57.81461 14 1.00000
118.8 57.90382 14 1.00000
118.9 57.99308 14 1.00000
119.0 58.08217 14 1.00000
119.1 58.17142 14 1.00000
119.2 58.26065 14 1.00000
119.3 58.34967 14 1.00000
119.4 58.43889 14 1.00000
119.5 58.52805 14 1.00000
119.6 58.61725 14 1.00000
119.7 58.70623 14 1.00000
119.8 58.79542 14 1.00000
119.9 58.88465 14 1.00000
120.0 58.97361 14 1.00000
120.1 59.06272 14 1.00000
120.2 59.15187 14 1.00000
120.3 59.24107 14 1.00000
120.4 59.32994 14 1.00000
120.5 59.41907 14 1.00000
120.6 59.50819 14 1.00000
120.7 59.59714 14 1.00000
120.8 59.68619 14 1.00000
120.9 59.77528 14 1.00000
121.0 59.86441 14 1.00000
121.1 59.95329 14 1.00000
121.2 60.04235 14 1.00000
121.3 60.13136 14 1.00000
121.4 60.22045 14 1.00000
121.5 60.30928 14 1.00000
121.6 60.39826 14 1.00000
121.7 60.48728 14 1.00000
121.8 60.57614 14 1.00000
121.9 60.66509 14 1.00000
122.0 60.75408 14 1.00000
122.1 60.84307 14 1.00000
122.2 60.93184 14 1.00000
122.3 61.02085 14 1.00000
122.4 61.10981 14 1.00000
122.5 61.19875 14 1.00000
122.6 61.28748 14 1.00000
122.7 61.37641 14 1.00000
122.8 61.46528 14 1.00000
122.9 61.55403 14 1.00000
123.0 61.64288 14 1.00000
123.1 61.73180 14 1.00000
123.2 61.82070 14 1.00000
123.3 61.90936 14 1.00000
123.4 61.99822 14 1.00000
123.5 62.08702 14 1.00000
123.6 62.17586 14 1.00000
123.7 62.26454 14 1.00000
123.8 62.35331 14 1.00000
123.9 62.44217 14 1.00000
124.0 62.53092 14 1.00000
124.1 62.61956 14 1.00000
124.2 62.70834 14 1.00000
124.3 62.79706 14 1.00000
124.4 62.88567 14 1.00000
124.5 62.97442 14 1.00000
124.6 63.06311 14 1.00000
124.7 63.15184 14 1.00000
124.8 63.24036 14 1.00000
124.9 63.32907 14 1.00000
125.0 63.41777 14 1.00000
125.1 63.50645 14 1.00000
125.2 63.59499 14 1.00000
125.3 63.68360 14 1.00000
125.4 63.77226 14 1.00000
125.5 63.86096 14 1.00000
125.6 63.94940 14 1.00000
125.7 64.03797 14 1.00000
125.8 64.12659 14 1.00000
125.9 64.21519 14 1.00000
126.0 64.30364 14 1.00000
126.1 64.39223 14 1.00000
126.2 64.48075 14 1.00000
126.3 64.56931 14 1.00000
126.4 64.65772 14 1.00000
126.5 64.74621 14 1.00000
126.6 64.83474 14 1.00000
126.7 64.92326 14 1.00000
126.8 65.01163 14 1.00000
126.9 65.10007 14 1.00000
127.0 65.18861 14 1.00000
127.1 65.27705 14 1.00000
127.2 65.36536 14 1.00000
127.3 65.45377 14 1.00000
127.4 65.54221 14 1.00000
127.5 65.63065 14 1.00000
127.6 65.71893 14 1.00000
127.7 65.80734 14 1.00000
127.8 65.89569 14 1.00000
127.9 65.98413 14 1.00000
128.0 66.07232 14 1.00000
128.1 66.16069 14 1.00000
128.2 66.24905 14 1.00000
128.3 66.33734 14 1.00000
128.4 66.42548 14 1.00000
128.5 66.51385 14 1.00000
128.6 66.60217 14 1.00000
128.7 66.69042 14 1.00000
128.8 66.77852 14 1.00000
128.9 66.86685 14 1.00000
129.0 66.95512 14 1.00000
129.1 67.04333 14 1.00000
129.2 67.13143 14 1.00000
129.3 67.21967 14 1.00000
129.4 67.30784 14 1.00000
129.5 67.39610 14 1.00000
129.6 67.48431 14 1.00000
129.7 67.57230 14 1.00000
129.8 67.66043 14 1.00000
129.9 67.74865 14 1.00000
130.0 67.83675 14 1.00000
130.1 67.92476 14 1.00000
130.2 68.01289 14 1.00000
130.3 68.10101 14 1.00000
130.4 68.18913 14 1.00000
130.5 68.27699 14 1.00000
130.6 68.36512 14 1.00000
130.7 68.45319 14 1.00000
130.8 68.54121 14 1.00000
130.9 68.62907 14 1.00000
131.0 68.71717 14 1.00000
131.1 68.80520 14 1.00000
131.2 68.89322 14 1.00000
131.3 68.98117 14 1.00000
131.4 69.06903 14 1.00000
131.5 69.15701 14 1.00000
131.6 69.24493 14 1.00000
131.7 69.33290 14 1.00000
131.8 69.42071 14 1.00000
131.9 69.50864 14 1.00000
132.0 69.59657 14 1.00000
132.1 69.68443 14 1.00000
132.2 69.77234 14 1.00000
132.3 69.86004 14 1.00000
132.4 69.94797 14 1.00000
132.5 70.03584 14 1.00000
132.6 70.12370 14 1.00000
132.7 70.21133 14 1.00000
132.8 70.29913 14 1.00000
132.9 70.38700 14 1.00000
133.0 70.47481 14 1.00000
133.1 70.56256 14 1.00000
133.2 70.65015 14 1.00000
133.3 70.27322 14 1.00000
133.4 70.36105 14 1.00000
133.5 70.44891 14 1.00000
133.6 70.53680 14 1.00000
133.7 70.62440 14 1.00000
133.8 70.24750 14 1.00000
133.9 70.33545 14 1.00000
134.0 70.42341 14 1.00000
134.1 70.51131 14 1.00000
134.2 70.59901 14 1.00000
134.3 70.68688 14 1.00000
134.4 70.31026 14 1.00000
134.5 70.39822 14 1.00000
134.6 70.48611 14 1.00000
134.7 70.57392 14 1.00000
134.8 70.66184 14 1.00000
134.9 70.28493 14 1.00000
135.0 70.37339 14 1.00000
135.1 70.46139 14 1.00000
135.2 70.54938 14 1.00000
135.3 70.63717 14 1.00000
135.4 70.26032 14 1.00000
135.5 70.34838 14 1.00000
135.6 70.43692 14 1.00000
135.7 70.52501 14 1.00000
135.8 70.61280 14 1.00000
135.9 70.70086 14 1.00000
136.0 70.32413 14 1.00000
136.1 70.41224 14 1.00000
136.2 70.50100 14 1.00000
136.3 70.58884 14 1.00000
136.4 70.67690 14 1.00000
136.5 70.30020 14 1.00000
136.6 70.38840 14 1.00000
136.7 70.47649 14 1.00000
136.8 70.56461 14 1.00000
136.9 70.65340 14 1.00000
137.0 70.27666 14 1.00000
137.1 70.36487 14 1.00000
137.2 70.45305 14 1.00000
137.3 70.54123 14 1.00000
137.4 70.62925 14 1.00000
137.5 70.25349 14 1.00000
137.6 70.34174 14 1.00000
137.7 70.43002 14 1.00000
137.8 70.51820 14 1.00000
137.9 70.60622 14 1.00000
138.0 70.69447 14 1.00000
138.1 70.31897 14 1.00000
138.2 70.40725 14 1.00000
138.3 70.49552 14 1.00000
138.4 70.58364 14 1.00000
138.5 70.67184 14 1.00000
138.6 70.76007 14 1.00000
138.7 70.84834 14 1.00000
138.8 70.47325 14 1.00000
138.9 70.56151 14 1.00000
139.0 70.64961 14 1.00000
139.1 70.73789 14 1.00000
139.2 70.82616 14 1.00000
139.3 70.91442 14 1.00000
139.4 70.53963 14 1.00000
139.5 70.62778 14 1.00000
139.6 70.71606 14 1.00000
139.7 70.80443 14 1.00000
139.8 70.89268 14 1.00000
139.9 70.98084 14 1.00000
140.0 70.60625 14 1.00000
140.1 70.69458 14 1.00000
140.2 70.78300 14 1.00000
140.3 70.87130 14 1.00000
140.4 70.95963 14 1.00000
140.5 71.04782 14 1.00000
140.6 71.13614 14 1.00000
140.7 70.76191 14 1.00000
140.8 70.85026 14 1.00000
140.9 70.93869 14 1.00000
141.0 71.02688 14 1.00000
141.1 71.11519 14 1.00000
141.2 71.20353 14 1.00000
141.3 70.82961 14 1.00000
141.4 70.91804 14 1.00000
141.5 71.00627 14 1.00000
141.6 71.09463 14 1.00000
141.7 71.18307 14 1.00000
141.8 70.80737 14 1.00000
141.9 70.89584 14 1.00000
142.0 70.98601 14 1.00000
142.1 71.07446 14 1.00000
142.2 71.16290 14 1.00000
142.3 70.78717 14 1.00000
142.4 70.87569 14 1.00000
142.5 70.96407 14 1.00000
142.6 71.05458 14 1.00000
142.7 71.14307 14 1.00000
142.8 70.76736 14 1.00000
142.9 70.85593 14 1.00000
143.0 70.94448 14 1.00000
143.1 71.03284 14 1.00000
143.2 71.12352 14 1.00000
143.3 70.74788 14 1.00000
143.4 70.83655 14 1.00000
143.5 70.92509 14 1.00000
143.6 71.01355 14 1.00000
143.7 71.10207 14 1.00000
143.8 71.19069 14 1.00000
143.9 70.81740 14 1.00000
144.0 70.90604 14 1.00000
144.1 70.99449 14 1.00000
144.2 71.08311 14 1.00000
144.3 71.17178 14 1.00000
144.4 71.26037 14 1.00000
144.5 70.88738 14 1.00000
144.6 70.97588 14 1.00000
144.7 71.06454 14 1.00000
144.8 71.15314 14 1.00000
144.9 71.24183 14 1.00000
145.0 71.33041 14 1.00000
145.1 71.41883 14 1.00000
145.2 71.04624 14 1.00000
145.3 71.13489 14 1.00000
145.4 71.22362 14 1.00000
145.5 71.31224 14 1.00000
145.6 71.40071 14 1.00000
145.7 71.48936 14 1.00000
145.8 71.11696 14 1.00000
145.9 71.20569 14 1.00000
146.0 71.29446 14 1.00000
146.1 71.38297 14 1.00000
146.2 71.47166 14 1.00000
146.3 71.56028 14 1.00000
146.4 71.64899 14 1.00000
146.5 71.27689 14 1.00000
146.6 71.36550 14 1.00000
146.7 71.45419 14 1.00000
146.8 71.54290 14 1.00000
146.9 71.63160 14 1.00000
147.0 71.72029 14 1.00000
147.1 71.34854 14 1.00000
147.2 71.43708 14 1.00000
147.3 71.52584 14 1.00000
147.4 71.61459 14 1.00000
147.5 71.70332 14 1.00000
147.6 71.79185 14 1.00000
147.7 71.88056 14 1.00000
147.8 71.50910 14 1.00000
147.9 71.59789 14 1.00000
148.0 71.68667 14 1.00000
148.1 71.77530 14 1.00000
148.2 71.86404 14 1.00000
148.3 71.95273 14 1.00000
148.4 72.04145 14 1.00000
148.5 71.67039 14 1.00000
148.6 71.75919 14 1.00000
148.7 71.84775 14 1.00000
148.8 71.93652 14 1.00000
148.9 72.02529 14 1.00000
149.0 72.11404 14 1.00000
149.1 71.74316 14 1.00000
149.2 71.83186 14 1.00000
149.3 71.92063 14 1.00000
149.4 72.00944 14 1.00000
149.5 72.09828 14 1.00000
149.6 72.18683 14 1.00000
149.7 72.27559 14 1.00000
149.8 71.90505 14 1.00000
149.9 71.99395 14 1.00000
150.0 72.08279 14 1.00000
150.1 72.17156 14 1.00000
150.2 72.26023 14 1.00000
150.3 72.34902 14 1.00000
150.4 71.97868 14 1.00000
150.5 72.06760 14 1.00000
150.6 72.15642 14 1.00000
150.7 72.24508 14 1.00000
150.8 72.33396 14 1.00000
150.9 72.42278 14 1.00000
151.0 72.04914 14 1.00000
151.1 72.14158 14 1.00000
151.2 72.23034 14 1.00000
151.3 72.31916 14 1.00000
151.4 72.40807 14 1.00000
151.5 72.03451 14 1.00000
151.6 72.12345 14 1.00000
151.7 72.21220 14 1.00000
151.8 72.30471 14 1.00000
151.9 72.39366 14 1.00000
152.0 72.02012 14 1.00000
152.1 72.10911 14 1.00000
152.2 72.19785 14 1.00000
152.3 72.28685 14 1.00000
152.4 72.37951 14 1.00000
152.5 72.00603 14 1.00000
152.6 72.09506 14 1.00000
152.7 72.18389 14 1.00000
152.8 72.27284 14 1.00000
152.9 72.36182 14 1.00000
153.0 72.45084 14 1.00000
153.1 72.08128 14 1.00000
153.2 72.17037 14 1.00000
153.3 72.25918 14 1.00000
153.4 72.34825 14 1.00000
153.5 72.43726 14 1.00000
153.6 72.52621 14 1.00000
153.7 72.61506 14 1.00000
153.8 72.24581 14 1.00000
153.9 72.33488 14 1.00000
154.0 72.42393 14 1.00000
154.1 72.51302 14 1.00000
154.2 72.60185 14 1.00000
154.3 72.69086 14 1.00000
154.4 72.77980 14 1.00000
154.5 72.41093 14 1.00000
154.6 72.50006 14 1.00000
154.7 72.58894 14 1.00000
154.8 72.67794 14 1.00000
154.9 72.76697 14 1.00000
155.0 72.85599 14 1.00000
155.1 72.48740 14 1.00000
155.2 72.57645 14 1.00000
155.3 72.66541 14 1.00000
155.4 72.75443 14 1.00000
155.5 72.84353 14 1.00000
155.6 72.93253 14 1.00000
155.7 73.02137 14 1.00000
155.8 72.65311 14 1.00000
155.9 72.74222 14 1.00000
156.0 72.83127 14 1.00000
156.1 72.92039 14 1.00000
156.2 73.00928 14 1.00000
156.3 73.09833 14 1.00000
156.4 73.18737 14 1.00000
156.5 72.81938 14 1.00000
156.6 72.90845 14 1.00000
156.7 72.99743 14 1.00000
156.8 73.08652 14 1.00000
156.9 73.17554 14 1.00000
157.0 73.26466 14 1.00000
157.1 73.35370 14 1.00000
157.2 72.98603 14 1.00000
157.3 73.07498 14 1.00000
157.4 73.16405 14 1.00000
157.5 73.25315 14 1.00000
157.6 73.34229 14 1.00000
157.7 73.43117 14 1.00000
157.8 73.52017 14 1.00000
157.9 73.15283 14 1.00000
158.0 73.24201 14 1.00000
158.1 73.33109 14 1.00000
158.2 73.42001 14 1.00000
158.3 73.50916 14 1.00000
158.4 73.59819 14 1.00000
158.5 73.23106 14 1.00000
158.6 73.32023 14 1.00000
158.7 73.40937 14 1.00000
158.8 73.49832 14 1.00000
158.9 73.58749 14 1.00000
159.0 73.67658 14 1.00000
159.1 73.76562 14 1.00000
159.2 73.39886 14 1.00000
159.3 73.48780 14 1.00000
159.4 73.57700 14 1.00000
159.5 73.66609 14 1.00000
159.6 73.75526 14 1.00000
159.7 73.84415 14 1.00000
159.8 73.93324 14 1.00000
159.9 73.56674 14 1.00000
160.0 73.65597 14 1.00000
160.1 73.74513 14 1.00000
160.2 73.83409 14 1.00000
160.3 73.92318 14 1.00000
160.4 74.01229 14 1.00000
160.5 74.10139 14 1.00000
160.6 73.73526 14 1.00000
160.7 73.82444 14 1.00000
160.8 73.91338 14 1.00000
160.9 74.00253 14 1.00000
161.0 74.09167 14 1.00000
161.1 74.18084 14 1.00000
161.2 74.26977 14 1.00000
161.3 73.90385 14 1.00000
161.4 73.99303 14 1.00000
161.5 74.08225 14 1.00000
161.6 74.17136 14 1.00000
161.7 74.26033 14 1.00000
161.8 74.34950 14 1.00000
161.9 74.43862 14 1.00000
162.0 74.07305 14 1.00000
162.1 74.16220 14 1.00000
162.2 74.25138 14 1.00000
162.3 74.34036 14 1.00000
162.4 74.42951 14 1.00000
162.5 74.51865 14 1.00000
162.6 74.60777 14 1.00000
162.7 74.24250 14 1.00000
162.8 74.33152 14 1.00000
162.9 74.42075 14 1.00000
163.0 74.50988 14 1.00000
163.1 74.59908 14 1.00000
163.2 74.22872 14 1.00000
163.3 74.31783 14 1.00000
163.4 74.41221 14 1.00000
163.5 74.50141 14 1.00000
163.6 74.59060 14 1.00000
163.7 74.22026 14 1.00000
163.8 74.30936 14 1.00000
163.9 74.39861 14 1.00000
164.0 74.48790 14 1.00000
164.1 74.58232 14 1.00000
164.2 74.21211 14 1.00000
164.3 74.30124 14 1.00000
164.4 74.39048 14 1.00000
164.5 74.47975 14 1.00000
164.6 74.56901 14 1.00000
164.7 74.65826 14 1.00000
164.8 74.29331 14 1.00000
164.9 74.38258 14 1.00000
165.0 74.47195 14 1.00000
165.1 74.56124 14 1.00000
165.2 74.65052 14 1.00000
165.3 74.73961 14 1.00000
165.4 74.82880 14 1.00000
165.5 74.46433 14 1.00000
165.6 74.55367 14 1.00000
165.7 74.64293 14 1.00000
165.8 74.73205 14 1.00000
165.9 74.82137 14 1.00000
166.0 74.91060 14 1.00000
166.1 74.99985 14 1.00000
166.2 74.63567 14 1.00000
166.3 74.72482 14 1.00000
166.4 74.81414 14 1.00000
166.5 74.90344 14 1.00000
166.6 74.99268 14 1.00000
166.7 75.08195 14 1.00000
166.8 75.17103 14 1.00000
166.9 74.80709 14 1.00000
167.0 74.89648 14 1.00000
167.1 74.98579 14 1.00000
167.2 75.07505 14 1.00000
167.3 75.16416 14 1.00000
167.4 75.25348 14 1.00000
167.5 75.34274 14 1.00000
167.6 74.97910 14 1.00000
167.7 75.06843 14 1.00000
167.8 75.15752 14 1.00000
167.9 75.24688 14 1.00000
168.0 75.33612 14 1.00000
168.1 75.42540 14 1.00000
168.2 75.51453 14 1.00000
168.3 75.15117 14 1.00000
168.4 75.24046 14 1.00000
168.5 75.32983 14 1.00000
168.6 75.41914 14 1.00000
168.7 75.50826 14 1.00000
168.8 75.59748 14 1.00000
168.9 75.68679 14 1.00000
169.0 75.77599 14 1.00000
169.1 75.41301 14 1.00000
169.2 75.50233 14 1.00000
169.3 75.59151 14 1.00000
169.4 75.68076 14 1.00000
169.5 75.77008 14 1.00000
169.6 75.85934 14 1.00000
169.7 75.94841 14 1.00000
169.8 75.58567 14 1.00000
169.9 75.67504 14 1.00000
170.0 75.76435 14 1.00000
170.1 75.85365 14 1.00000
170.2 75.94288 14 1.00000
170.3 76.03201 14 1.00000
170.4 76.12126 14 1.00000
170.5 75.75884 14 1.00000
170.6 75.84811 14 1.00000
170.7 75.93748 14 1.00000
170.8 76.02659 14 1.00000
170.9 76.11587 14 1.00000
171.0 76.20513 14 1.00000
171.1 76.29438 14 1.00000
171.2 75.93219 14 1.00000
171.3 76.02139 14 1.00000
171.4 76.11070 14 1.00000
171.5 76.19999 14 1.00000
171.6 76.28922 14 1.00000
171.7 76.37853 14 1.00000
171.8 76.46755 14 1.00000
171.9 76.55679 14 1.00000
172.0 76.19501 14 1.00000
172.1 76.28432 14 1.00000
172.2 76.37366 14 1.00000
172.3 76.46277 14 1.00000
172.4 76.55203 14 1.00000
172.5 76.64123 14 1.00000
172.6 76.73045 14 1.00000
172.7 76.36895 14 1.00000
172.8 76.45813 14 1.00000
172.9 76.54738 14 1.00000
173.0 76.63670 14 1.00000
173.1 76.72596 14 1.00000
173.2 76.81521 14 1.00000
173.3 76.90439 14 1.00000
173.4 76.54298 14 1.00000
173.5 76.63234 14 1.00000
173.6 76.72157 14 1.00000
173.7 76.81090 14 1.00000
173.8 76.90015 14 1.00000
173.9 76.98917 14 1.00000
174.0 77.07845 14 1.00000
174.1 76.71744 14 1.00000
174.2 76.80679 14 1.00000
174.3 76.89603 14 1.00000
174.4 76.98513 14 1.00000
174.5 77.07443 14 1.00000
174.6 77.16363 14 1.00000
174.7 77.25285 14 1.00000
174.8 77.34206 14 1.00000
174.9 76.98132 14 1.00000
175.0 77.07061 14 1.00000
175.1 77.15987 14 1.00000
175.2 77.24908 14 1.00000
175.3 77.33837 14 1.00000
175.4 77.42742 14 1.00000
175.5 77.51662 14 1.00000
175.6 77.15628 14 1.00000
175.7 77.24551 14 1.00000
175.8 77.33478 14 1.00000
175.9 77.42390 14 1.00000
176.0 77.51308 14 1.00000
176.1 77.60231 14 1.00000
176.2 77.69151 14 1.00000
176.3 77.78075 14 1.00000
176.4 77.42057 14 1.00000
176.5 77.50979 14 1.00000
176.6 77.59908 14 1.00000
176.7 77.68832 14 1.00000
176.8 77.77748 14 1.00000
176.9 77.86673 14 1.00000
177.0 77.95570 14 1.00000
177.1 77.59599 14 1.00000
177.2 77.68526 14 1.00000
177.3 77.77450 14 1.00000
177.4 77.86372 14 1.00000
177.5 77.95271 14 1.00000
177.6 78.04192 14 1.00000
177.7 77.67621 14 1.00000
177.8 77.77165 14 1.00000
177.9 77.86090 14 1.00000
178.0 77.94997 14 1.00000
178.1 78.03919 14 1.00000
178.2 77.67351 14 1.00000
178.3 77.76276 14 1.00000
178.4 77.85204 14 1.00000
178.5 77.94114 14 1.00000
178.6 78.03660 14 1.00000
178.7 77.67094 14 1.00000
178.8 77.76022 14 1.00000
178.9 77.84958 14 1.00000
179.0 77.93870 14 1.00000
179.1 78.02793 14 1.00000
179.2 78.11720 14 1.00000
179.3 77.75790 14 1.00000
179.4 77.84718 14 1.00000
179.5 77.93638 14 1.00000
179.6 78.02569 14 1.00000
179.7 78.11498 14 1.00000
179.8 78.20426 14 1.00000
179.9 78.29347 14 1.00000
180.0 78.38271 14 1.00000
180.1 78.02357 14 1.00000
180.2 78.11288 14 1.00000
180.3 78.20219 14 1.00000
180.4 78.29147 14 1.00000
180.5 78.38074 14 1.00000
180.6 78.46982 14 1.00000
180.7 78.55901 14 1.00000
180.8 78.20023 14 1.00000
180.9 78.28960 14 1.00000
181.0 78.37889 14 1.00000
181.1 78.46795 14 1.00000
181.2 78.55726 14 1.00000
181.3 78.64645 14 1.00000
181.4 78.73569 14 1.00000
181.5 78.82495 14 1.00000
181.6 78.46632 14 1.00000
181.7 78.55556 14 1.00000
181.8 78.64484 14 1.00000
181.9 78.73415 14 1.00000
182.0 78.82339 14 1.00000
182.1 78.91238 14 1.00000
182.2 79.00165 14 1.00000
182.3 79.09084 14 1.00000
182.4 78.73266 14 1.00000
182.5 78.82198 14 1.00000
182.6 78.91100 14 1.00000
182.7 79.00028 14 1.00000
182.8 79.08949 14 1.00000
182.9 79.17870 14 1.00000
183.0 79.26784 14 1.00000
183.1 78.90977 14 1.00000
183.2 78.99908 14 1.00000
183.3 79.08827 14 1.00000
183.4 79.17754 14 1.00000
183.5 79.26670 14 1.00000
183.6 79.35594 14 1.00000
183.7 79.44494 14 1.00000
183.8 79.53406 14 1.00000
183.9 79.17653 14 1.00000
184.0 79.26571 14 1.00000
184.1 79.35493 14 1.00000
184.2 79.44395 14 1.00000
184.3 79.53314 14 1.00000
184.4 79.62236 14 1.00000
184.5 79.71146 14 1.00000
184.6 79.35411 14 1.00000
184.7 79.44316 14 1.00000
184.8 79.53236 14 1.00000
184.9 79.62160 14 1.00000
185.0 79.71073 14 1.00000
185.1 79.79994 14 1.00000
185.2 79.88886 14 1.00000
185.3 79.97803 14 1.00000
185.4 79.62095 14 1.00000
185.5 79.71015 14 1.00000
185.6 79.79939 14 1.00000
185.7 79.88837 14 1.00000
185.8 79.97752 14 1.00000
185.9 80.06666 14 1.00000
186.0 80.15577 14 1.00000
186.1 80.24487 14 1.00000
186.2 79.88792 14 1.00000
186.3 79.97714 14 1.00000
186.4 80.06625 14 1.00000
186.5 80.15539 14 1.00000
186.6 80.24451 14 1.00000
186.7 80.33363 14 1.00000
186.8 80.42259 14 1.00000
186.9 80.51162 14 1.00000
187.0 80.15518 14 1.00000
187.1 80.24438 14 1.00000
187.2 80.33350 14 1.00000
187.3 80.42245 14 1.00000
187.4 80.51154 14 1.00000
187.5 80.60062 14 1.00000
187.6 80.68969 14 1.00000
187.7 80.33343 14 1.00000
187.8 80.42239 14 1.00000
187.9 80.51156 14 1.00000
188.0 80.60066 14 1.00000
188.1 80.68970 14 1.00000
188.2 80.77882 14 1.00000
188.3 80.86782 14 1.00000
188.4 80.95669 14 1.00000
188.5 80.60076 14 1.00000
188.6 80.68992 14 1.00000
188.7 80.77896 14 1.00000
188.8 80.86804 14 1.00000
188.9 80.95698 14 1.00000
189.0 81.04597 14 1.00000
189.1 81.13500 14 1.00000
189.2 81.22406 14 1.00000
189.3 80.86842 14 1.00000
189.4 80.95733 14 1.00000
189.5 81.04639 14 1.00000
189.6 81.13544 14 1.00000
189.7 81.22447 14 1.00000
189.8 81.31344 14 1.00000
189.9 81.40227 14 1.00000
190.0 81.49125 14 1.00000
190.1 81.13595 14 1.00000
190.2 81.22505 14 1.00000
190.3 81.31405 14 1.00000
190.4 81.40290 14 1.00000
190.5 81.49191 14 1.00000
190.6 81.58096 14 1.00000
190.7 81.66988 14 1.00000
190.8 81.75884 14 1.00000
190.9 81.40375 14 1.00000
191.0 81.49278 14 1.00000
191.1 81.58185 14 1.00000
191.2 81.67081 14 1.00000
191.3 81.75984 14 1.00000
191.4 81.84882 14 1.00000
191.5 81.93755 14 1.00000
191.6 82.02654 14 1.00000
191.7 81.67194 14 1.00000
191.8 81.76100 14 1.00000
191.9 81.85000 14 1.00000
192.0 81.93876 14 1.00000
192.1 82.02777 14 1.00000
192.2 82.11672 14 1.00000
192.3 82.20566 14 1.00000
192.4 82.29453 14 1.00000
192.5 81.94022 14 1.00000
192.6 82.02921 14 1.00000
192.7 82.11814 14 1.00000
192.8 82.20710 14 1.00000
192.9 82.29610 14 1.00000
193.0 82.38503 14 1.00000
193.1 82.47372 14 1.00000
193.2 82.56261 14 1.00000
193.3 82.20885 14 1.00000
193.4 82.29778 14 1.00000
193.5 82.38677 14 1.00000
193.6 82.47554 14 1.00000
193.7 82.56441 14 1.00000
193.8 82.65332 14 1.00000
193.9 82.74221 14 1.00000
194.0 82.83114 14 1.00000
194.1 82.47748 14 1.00000
194.2 82.56643 14 1.00000
194.3 82.65541 14 1.00000
194.4 82.74432 14 1.00000
194.5 82.83322 14 1.00000
194.6 82.92206 14 1.00000
194.7 83.01080 14 1.00000
194.8 83.09966 14 1.00000
194.9 82.74659 14 1.00000
195.0 82.83546 14 1.00000
195.1 82.92438 14 1.00000
195.2 83.01310 14 1.00000
195.3 83.10197 14 1.00000
195.4 83.19089 14 1.00000
195.5 82.83140 14 1.00000
195.6 82.92029 14 1.00000
195.7 83.01569 14 1.00000
195.8 83.10460 14 1.00000
195.9 82.74505 14 1.00000
196.0 82.83398 14 1.00000
196.1 82.92299 14 1.00000
196.2 83.01176 14 1.00000
196.3 83.10065 14 1.00000
196.4 83.18956 14 1.00000
196.5 82.83681 14 1.00000
196.6 82.92580 14 1.00000
196.7 83.01465 14 1.00000
196.8 83.10355 14 1.00000
196.9 83.19249 14 1.00000
197.0 83.28142 14 1.00000
197.1 83.37032 14 1.00000
197.2 83.45927 14 1.00000
197.3 83.10671 14 1.00000
197.4 83.19567 14 1.00000
197.5 83.28458 14 1.00000
197.6 83.37350 14 1.00000
197.7 83.46243 14 1.00000
197.8 83.55121 14 1.00000
197.9 83.64009 14 1.00000
198.0 83.72896 14 1.00000
198.1 83.37695 14 1.00000
198.2 83.46567 14 1.00000
198.3 83.55464 14 1.00000
198.4 83.64355 14 1.00000
198.5 83.73244 14 1.00000
198.6 83.82127 14 1.00000
198.7 83.91014 14 1.00000
198.8 83.99882 14 1.00000
198.9 83.64717 14 1.00000
199.0 83.73608 14 1.00000
199.1 83.82499 14 1.00000
199.2 83.91388 14 1.00000
199.3 84.00258 14 1.00000
199.4 84.09148 14 1.00000
199.5 84.18033 14 1.00000
199.6 84.26915 14 1.00000
199.7 83.91787 14 1.00000
199.8 84.00659 14 1.00000
199.9 84.09543 14 1.00000
200.0 84.18429 14 1.00000
200.1 84.27319 14 1.00000
200.2 84.36198 14 1.00000
200.3 84.45084 14 1.00000
200.4 84.53947 14 1.00000
200.5 84.18851 14 1.00000
200.6 84.27738 14 1.00000
200.7 84.36623 14 1.00000
200.8 84.45508 14 1.00000
200.9 84.54379 14 1.00000
201.0 84.63260 14 1.00000
201.1 84.72139 14 1.00000
201.2 84.81017 14 1.00000
201.3 84.89893 14 1.00000
201.4 84.54825 14 1.00000
201.5 84.63708 14 1.00000
201.6 84.72595 14 1.00000
201.7 84.81476 14 1.00000
201.8 84.90350 14 1.00000
201.9 84.99232 14 1.00000
202.0 85.08091 14 1.00000
202.1 85.16960 14 1.00000
202.2 84.81954 14 1.00000
202.3 84.90830 14 1.00000
202.4 84.99715 14 1.00000
202.5 85.08576 14 1.00000
202.6 85.17453 14 1.00000
202.7 85.26323 14 1.00000
202.8 85.35197 14 1.00000
202.9 85.44073 14 1.00000
203.0 85.09077 14 1.00000
203.1 85.17957 14 1.00000
203.2 85.26833 14 1.00000
203.3 85.35714 14 1.00000
203.4 85.44588 14 1.00000
203.5 85.53461 14 1.00000
203.6 85.62315 14 1.00000
203.7 85.71185 14 1.00000
203.8 85.80048 14 1.00000
203.9 85.45123 14 1.00000
204.0 85.53999 14 1.00000
204.1 85.62851 14 1.00000
204.2 85.71728 14 1.00000
204.3 85.80598 14 1.00000
204.4 85.89467 14 1.00000
204.5 85.98334 14 1.00000
204.6 86.07195 14 1.00000
204.7 85.72289 14 1.00000
204.8 85.81162 14 1.00000
204.9 85.90028 14 1.00000
205.0 85.98898 14 1.00000
205.1 86.07771 14 1.00000
205.2 86.16617 14 1.00000
205.3 86.25486 14 1.00000
205.4 86.34345 14 1.00000
205.5 85.99487 14 1.00000
205.6 86.08363 14 1.00000
205.7 86.17215 14 1.00000
205.8 86.26083 14 1.00000
205.9 86.34943 14 1.00000
206.0 86.43807 14 1.00000
206.1 86.52675 14 1.00000
206.2 86.61532 14 1.00000
206.3 86.70375 14 1.00000
206.4 86.35561 14 1.00000
206.5 86.44428 14 1.00000
206.6 86.53293 14 1.00000
206.7 86.62157 14 1.00000
206.8 86.71002 14 1.00000
206.9 86.79868 14 1.00000
207.0 86.88726 14 1.00000
207.1 86.97579 14 1.00000
207.2 86.62801 14 1.00000
207.3 86.71654 14 1.00000
207.4 86.80517 14 1.00000
207.5 86.89378 14 1.00000
207.6 86.98233 14 1.00000
207.7 87.07096 14 1.00000
207.8 87.15950 14 1.00000
207.9 87.24786 14 1.00000
208.0 87.33640 14 1.00000
208.1 86.98911 14 1.00000
208.2 87.07767 14 1.00000
208.3 87.16626 14 1.00000
208.4 87.25467 14 1.00000
208.5 87.34323 14 1.00000
208.6 87.43177 14 1.00000
208.7 87.52035 14 1.00000
208.8 87.60882 14 1.00000
208.9 87.26172 14 1.00000
209.0 87.35030 14 1.00000
209.1 87.43887 14 1.00000
209.2 87.52737 14 1.00000
209.3 87.61596 14 1.00000
209.4 87.70443 14 1.00000
209.5 87.79277 14 1.00000
209.6 87.88126 14 1.00000
209.7 87.96974 14 1.00000
209.8 87.62320 14 1.00000
209.9 87.71178 14 1.00000
210.0 87.80010 14 1.00000
210.1 87.88862 14 1.00000
210.2 87.97717 14 1.00000
210.3 88.06560 14 1.00000
210.4 88.15407 14 1.00000
210.5 88.24252 14 1.00000
210.6 88.33080 14 1.00000
210.7 87.98474 14 1.00000
210.8 88.07324 14 1.00000
210.9 88.16174 14 1.00000
211.0 88.25016 14 1.00000
211.1 88.33846 14 1.00000
211.2 88.42696 14 1.00000
211.3 88.51538 14 1.00000
211.4 88.60375 14 1.00000
211.5 88.25805 14 1.00000
211.6 88.34632 14 1.00000
211.7 88.43484 14 1.00000
211.8 88.52328 14 1.00000
211.9 88.61168 14 1.00000
212.0 88.70015 14 1.00000
212.1 88.78855 14 1.00000
212.2 88.87679 14 1.00000
212.3 88.96516 14 1.00000
212.4 88.61984 14 1.00000
212.5 88.70829 14 1.00000
212.6 88.79671 14 1.00000
212.7 88.88497 14 1.00000
212.8 88.97332 14 1.00000
212.9 89.06171 14 1.00000
213.0 89.15012 14 1.00000
213.1 89.23848 14 1.00000
213.2 88.89335 14 1.00000
213.3 88.98173 14 1.00000
213.4 89.07013 14 1.00000
213.5 89.15857 14 1.00000
213.6 89.24695 14 1.00000
213.7 89.33531 14 1.00000
213.8 89.42345 14 1.00000
213.9 89.51178 14 1.00000
214.0 89.60014 14 1.00000
214.1 89.25561 14 1.00000
214.2 89.34399 14 1.00000
214.3 89.43221 14 1.00000
214.4 89.52055 14 1.00000
214.5 89.60885 14 1.00000
214.6 89.69717 14 1.00000
214.7 89.78553 14 1.00000
214.8 89.87378 14 1.00000
214.9 89.96206 14 1.00000
215.0 89.61779 14 1.00000
215.1 89.70618 14 1.00000
215.2 89.79446 14 1.00000
215.3 89.88282 14 1.00000
215.4 89.97092 14 1.00000
215.5 90.05921 14 1.00000
215.6 90.14748 14 1.00000
215.7 90.23574 14 1.00000
215.8 90.32404 14 1.00000
215.9 89.98019 14 1.00000
216.0 90.06850 14 1.00000
216.1 90.15680 14 1.00000
216.2 90.24503 14 1.00000
216.3 90.33330 14 1.00000
216.4 90.42155 14 1.00000
216.5 90.50978 14 1.00000
216.6 90.59789 14 1.00000
216.7 90.24651 14 1.00000
216.8 90.34280 14 1.00000
216.9 90.43111 14 1.00000
217.0 90.51937 14 1.00000
217.1 90.60745 14 1.00000
217.2 90.25610 14 1.00000
217.3 90.34441 14 1.00000
217.4 90.43272 14 1.00000
217.5 90.52095 14 1.00000
217.6 90.61721 14 1.00000
217.7 90.26589 14 1.00000
217.8 90.35423 14 1.00000
217.9 90.44250 14 1.00000
218.0 90.53085 14 1.00000
218.1 90.61893 14 1.00000
218.2 90.70725 14 1.00000
218.3 90.79552 14 1.00000
218.4 90.88376 14 1.00000
218.5 90.54073 14 1.00000
218.6 90.62904 14 1.00000
218.7 90.71734 14 1.00000
218.8 90.80557 14 1.00000
218.9 90.89384 14 1.00000
219.0 90.98215 14 1.00000
219.1 91.07038 14 1.00000
219.2 91.15839 14 1.00000
219.3 91.24665 14 1.00000
219.4 90.90421 14 1.00000
219.5 90.99244 14 1.00000
219.6 91.08074 14 1.00000
219.7 91.16879 14 1.00000
219.8 91.25701 14 1.00000
219.9 91.34523 14 1.00000
220.0 91.43343 14 1.00000
220.1 91.52166 14 1.00000
220.2 91.60979 14 1.00000
220.3 91.26761 14 1.00000
220.4 91.35584 14 1.00000
220.5 91.44407 14 1.00000
220.6 91.53227 14 1.00000
220.7 91.62047 14 1.00000
220.8 91.70849 14 1.00000
220.9 91.79670 14 1.00000
221.0 91.88480 14 1.00000
221.1 91.97293 14 1.00000
221.2 91.63139 14 1.00000
221.3 91.71938 14 1.00000
221.4 91.80756 14 1.00000
221.5 91.89578 14 1.00000
221.6 91.98394 14 1.00000
221.7 92.07203 14 1.00000
221.8 92.16016 14 1.00000
221.9 92.24812 14 1.00000
222.0 92.33621 14 1.00000
222.1 91.99503 14 1.00000
222.2 92.08320 14 1.00000
222.3 92.17139 14 1.00000
222.4 92.25937 14 1.00000
222.5 92.34749 14 1.00000
222.6 92.43555 14 1.00000
222.7 92.52364 14 1.00000
222.8 92.61171 14 1.00000
222.9 92.69977 14 1.00000
223.0 92.35886 14 1.00000
223.1 92.44703 14 1.00000
223.2 92.53514 14 1.00000
223.3 92.62319 14 1.00000
223.4 92.71132 14 1.00000
223.5 92.79934 14 1.00000
223.6 92.88724 14 1.00000
223.7 92.97527 14 1.00000
223.8 93.06335 14 1.00000
223.9 93.15136 14 1.00000
224.0 92.81105 14 1.00000
224.1 92.89902 14 1.00000
224.2 92.98703 14 1.00000
224.3 93.07507 14 1.00000
224.4 93.16310 14 1.00000
224.5 93.25112 14 1.00000
224.6 93.33913 14 1.00000
224.7 93.42696 14 1.00000
224.8 93.51493 14 1.00000
224.9 93.17513 14 1.00000
225.0 93.26317 14 1.00000
225.1 93.35120 14 1.00000
225.2 93.43900 14 1.00000
225.3 93.52699 14 1.00000
225.4 93.61502 14 1.00000
225.5 93.70299 14 1.00000
225.6 93.79089 14 1.00000
225.7 93.87888 14 1.00000
225.8 93.53925 14 1.00000
225.9 93.62730 14 1.00000
226.0 93.71523 14 1.00000
226.1 93.80321 14 1.00000
226.2 93.89117 14 1.00000
226.3 93.97911 14 1.00000
226.4 94.06689 14 1.00000
226.5 94.15480 14 1.00000
226.6 94.24275 14 1.00000
226.7 93.90373 14 1.00000
226.8 93.99149 14 1.00000
226.9 94.07949 14 1.00000
227.0 94.16738 14 1.00000
227.1 94.25530 14 1.00000
227.2 94.34322 14 1.00000
227.3 94.43115 14 1.00000
227.4 94.51899 14 1.00000
227.5 94.60670 14 1.00000
227.6 94.69455 14 1.00000
227.7 94.35607 14 1.00000
227.8 94.44394 14 1.00000
227.9 94.53188 14 1.00000
228.0 94.61961 14 1.00000
228.1 94.70749 14 1.00000
228.2 94.79530 14 1.00000
228.3 94.88314 14 1.00000
228.4 94.97102 14 1.00000
228.5 95.05879 14 1.00000
228.6 94.72052 14 1.00000
228.7 94.80844 14 1.00000
228.8 94.89631 14 1.00000
228.9 94.98416 14 1.00000
229.0 95.07195 14 1.00000
229.1 95.15977 14 1.00000
229.2 95.24743 14 1.00000
229.3 95.33527 14 1.00000
229.4 95.42300 14 1.00000
229.5 95.08534 14 1.00000
229.6 95.17303 14 1.00000
229.7 95.26081 14 1.00000
229.8 95.34863 14 1.00000
229.9 95.43642 14 1.00000
230.0 95.52422 14 1.00000
230.1 95.61204 14 1.00000
230.2 95.69975 14 1.00000
230.3 95.78734 14 1.00000
230.4 95.87507 14 1.00000
230.5 95.53784 14 1.00000
230.6 95.62569 14 1.00000
230.7 95.71346 14 1.00000
230.8 95.80103 14 1.00000
230.9 95.88878 14 1.00000
231.0 95.97657 14 1.00000
231.1 96.06429 14 1.00000
231.2 96.15200 14 1.00000
231.3 96.23965 14 1.00000
231.4 95.90268 14 1.00000
231.5 95.99049 14 1.00000
231.6 96.07818 14 1.00000
231.7 96.16596 14 1.00000
231.8 96.25368 14 1.00000
231.9 96.34138 14 1.00000
232.0 96.42892 14 1.00000
232.1 96.51654 14 1.00000
232.2 96.60420 14 1.00000
232.3 96.69189 14 1.00000
232.4 96.35556 14 1.00000
232.5 96.44307 14 1.00000
232.6 96.53081 14 1.00000
232.7 96.61849 14 1.00000
232.8 96.70616 14 1.00000
232.9 96.79382 14 1.00000
233.0 96.88145 14 1.00000
233.1 96.96908 14 1.00000
233.2 97.05654 14 1.00000
233.3 96.72060 14 1.00000
233.4 96.80823 14 1.00000
233.5 96.89589 14 1.00000
233.6 96.98338 14 1.00000
233.7 97.07101 14 1.00000
233.8 97.15868 14 1.00000
233.9 97.24624 14 1.00000
234.0 97.33383 14 1.00000
234.1 97.42146 14 1.00000
234.2 97.50903 14 1.00000
234.3 97.17341 14 1.00000
234.4 97.26104 14 1.00000
234.5 97.34860 14 1.00000
234.6 97.43625 14 1.00000
234.7 97.52379 14 1.00000
234.8 97.61121 14 1.00000
234.9 97.69881 14 1.00000
235.0 97.78635 14 1.00000
235.1 97.87388 14 1.00000
235.2 97.53882 14 1.00000
235.3 97.62626 14 1.00000
235.4 97.71379 14 1.00000
235.5 97.80135 14 1.00000
235.6 97.88891 14 1.00000
235.7 97.97649 14 1.00000
235.8 98.06401 14 1.00000
235.9 98.15147 14 1.00000
236.0 98.23886 14 1.00000
236.1 98.32635 14 1.00000
236.2 97.99171 14 1.00000
236.3 98.07925 14 1.00000
236.4 98.16683 14 1.00000
236.5 98.25420 14 1.00000
236.6 98.34170 14 1.00000
236.7 98.42914 14 1.00000
236.8 98.51666 14 1.00000
236.9 98.60408 14 1.00000
237.0 98.69153 14 1.00000
237.1 98.77896 14 1.00000
237.2 98.44469 14 1.00000
237.3 98.53219 14 1.00000
237.4 98.61972 14 1.00000
237.5 98.70718 14 1.00000
237.6 98.79464 14 1.00000
237.7 98.88193 14 1.00000
237.8 98.96936 14 1.00000
237.9 99.05677 14 1.00000
238.0 99.14413 14 1.00000
238.1 99.23156 14 1.00000
238.2 98.89771 14 1.00000
238.3 98.98516 14 1.00000
238.4 99.07265 14 1.00000
238.5 99.16006 14 1.00000
238.6 99.24743 14 1.00000
238.7 99.33487 14 1.00000
238.8 99.42225 14 1.00000
238.9 99.50947 14 1.00000
239.0 99.59682 14 1.00000
239.1 99.26352 14 1.00000
239.2 99.35093 14 1.00000
239.3 99.43818 14 1.00000
239.4 99.52562 14 1.00000
239.5 99.61299 14 1.00000
239.6 99.70035 14 1.00000
239.7 99.78770 14 1.00000
239.8 99.87498 14 1.00000
239.9 99.96230 14 1.00000
240.0 100.04961 14 1.00000
240.1 99.71672 14 1.00000
240.2 99.80404 14 1.00000
240.3 99.89144 14 1.00000
240.4 99.97874 14 1.00000
240.5 100.06596 14 1.00000
240.6 100.15327 14 1.00000
240.7 100.24052 14 1.00000
240.8 100.32781 14 1.00000
240.9 100.41508 14 1.00000
241.0 100.50235 14 1.00000
241.1 100.16988 14 1.00000
241.2 100.25719 14 1.00000
241.3 100.34455 14 1.00000
241.4 100.43185 14 1.00000
241.5 100.51913 14 1.00000
241.6 100.60635 14 1.00000
241.7 100.69350 14 1.00000
241.8 100.78069 14 1.00000
241.9 100.86797 14 1.00000
242.0 100.95513 14 1.00000
242.1 100.62331 14 1.00000
242.2 100.71044 14 1.00000
242.3 100.79771 14 1.00000
242.4 100.88495 14 1.00000
242.5 100.97218 14 1.00000
242.6 101.05936 14 1.00000
242.7 101.14661 14 1.00000
242.8 101.23376 14 1.00000
242.9 101.32099 14 1.00000
243.0 101.40801 14 1.00000
243.1 101.07656 14 1.00000
243.2 101.16379 14 1.00000
243.3 101.25105 14 1.00000
243.4 101.33810 14 1.00000
243.5 101.40717 14 1.00000
243.6 101.49437 14 1.00000
243.7 101.58151 14 1.00000
243.8 101.66873 14 1.00000
243.9 101.75584 14 1.00000
244.0 101.84299 14 1.00000
244.1 101.51174 14 1.00000
244.2 101.59895 14 1.00000
244.3 101.68614 14 1.00000
244.4 101.77337 14 1.00000
244.5 101.86053 14 1.00000
244.6 101.94769 14 1.00000
244.7 102.03465 14 1.00000
244.8 102.12177 14 1.00000
244.9 102.20884 14 1.00000
245.0 102.29594 14 1.00000
245.1 101.96515 14 1.00000
245.2 102.05235 14 1.00000
245.3 102.13946 14 1.00000
245.4 102.22659 14 1.00000
245.5 102.31376 14 1.00000
245.6 102.40083 14 1.00000
245.7 102.48797 14 1.00000
245.8 102.57505 14 1.00000
245.9 102.66192 14 1.00000
246.0 102.74902 14 1.00000
246.1 102.41884 14 1.00000
246.2 102.50595 14 1.00000
246.3 102.59301 14 1.00000
246.4 102.67995 14 1.00000
246.5 102.76707 14 1.00000
246.6 102.85414 14 1.00000
246.7 102.94114 14 1.00000
246.8 103.02823 14 1.00000
246.9 103.11525 14 1.00000
247.0 103.20222 14 1.00000
247.1 103.28912 14 1.00000
247.2 102.95946 14 1.00000
247.3 103.04646 14 1.00000
247.4 103.13351 14 1.00000
247.5 103.22059 14 1.00000
247.6 103.30746 14 1.00000
247.7 103.39442 14 1.00000
247.8 103.48146 14 1.00000
247.9 103.56839 14 1.00000
248.0 103.65536 14 1.00000
248.1 103.74231 14 1.00000
248.2 103.41296 14 1.00000
248.3 103.49997 14 1.00000
248.4 103.58702 14 1.00000
248.5 103.67396 14 1.00000
248.6 103.76093 14 1.00000
248.7 103.84794 14 1.00000
248.8 103.93475 14 1.00000
248.9 104.02168 14 1.00000
249.0 104.10860 14 1.00000
249.1 104.19547 14 1.00000
249.2 103.86671 14 1.00000
249.3 103.95358 14 1.00000
249.4 104.04048 14 1.00000
249.5 104.12743 14 1.00000
249.6 104.21436 14 1.00000
249.7 104.30132 14 1.00000
249.8 104.38818 14 1.00000
249.9 104.47507 14 1.00000
250.0 104.56195 14 1.00000
