15.0 2.06726 13
15.1 2.10782 13
15.2 2.14874 13
15.3 2.19000 13
15.4 2.23161 13
15.5 2.27355 13
15.6 2.31583 13
15.7 2.35842 13
15.8 2.40132 13
15.9 2.44452 13
16.0 2.48801 13
16.1 2.51256 14
16.2 2.57351 14
16.3 2.63514 14
16.4 2.69744 14
16.5 2.76040 14
16.6 2.82403 14
16.7 2.88835 14
16.8 2.95339 14
16.9 3.01910 14
17.0 3.08546 14
17.1 3.15247 14
17.2 3.22013 14
17.3 3.28842 14
17.4 3.35734 14
17.5 3.42689 14
17.6 3.49627 14
17.7 3.56699 14
17.8 3.63831 14
17.9 3.71021 14
18.0 3.78291 14
18.1 3.85624 14
18.2 3.93016 14
18.3 4.00466 14
18.4 4.07974 14
18.5 4.16813 14
18.6 4.27657 14
18.7 4.38649 14
18.8 4.49658 14
18.9 4.60937 14
19.0 4.72383 14
19.1 4.84003 14
19.2 4.95774 14
19.3 5.07695 14
19.4 5.19766 14
19.5 5.31985 14
19.6 5.44353 14
19.7 5.56674 14
19.8 5.69323 14
19.9 5.82137 14
20.0 5.95151 14
20.1 6.08316 14
20.2 6.21630 14
20.3 6.35092 14
20.4 6.48448 14
20.5 6.62187 14
20.6 6.82708 14
20.7 6.96650 14
20.8 7.10814 14
20.9 7.25149 14
21.0 7.39629 14
21.1 7.53928 14
21.2 7.65974 14
21.3 7.73825 14
21.4 7.81676 14
21.5 7.89524 14
21.6 7.97479 14
21.7 8.05098 14
21.8 8.13075 14
21.9 8.21050 14
22.0 8.29019 14
22.1 8.36979 14
22.2 8.44520 14
22.3 8.52461 14
22.4 8.60539 14
22.5 8.68609 14
22.6 8.76668 14
22.7 8.84710 14
22.8 8.92267 14
22.9 9.00250 14
23.0 9.08204 14
23.1 9.16299 14
23.2 9.23917 14
23.3 9.31991 14
23.4 9.40040 14
23.5 9.48057 14
23.6 9.55502 14
23.7 9.63421 14
23.8 9.71468 14
23.9 9.79559 14
24.0 9.87037 14
24.1 9.95032 14
24.2 10.02980 14
24.3 10.10877 14
24.4 10.18089 14
24.5 10.26070 14
24.6 10.34073 14
24.7 10.41366 14
24.8 10.49241 14
24.9 10.56377 14
25.0 10.64096 14
25.1 10.71045 14
25.2 10.78923 14
25.3 10.86024 14
25.4 10.93027 14
25.5 10.98469 14
25.6 11.03710 14
25.7 11.11025 14
25.8 11.18363 14
25.9 11.25878 14
26.0 11.33314 14
26.1 11.40657 14
26.2 11.47898 14
26.3 11.55033 14
26.4 11.62057 14
26.5 11.69292 14
26.6 11.76544 14
26.7 11.83696 14
26.8 11.90741 14
26.9 11.97667 14
27.0 12.04464 14
27.1 12.11241 14
27.2 12.18271 14
27.3 12.25190 14
27.4 12.31988 14
27.5 12.38656 14
27.6 12.45185 14
27.7 12.51552 14
27.8 12.58215 14
27.9 12.64861 14
28.0 12.71375 14
28.1 12.77746 14
28.2 12.83960 14
28.3 12.89995 14
28.4 12.96105 14
28.5 13.02442 14
28.6 13.08632 14
28.7 13.14661 14
28.8 13.20511 14
28.9 13.26180 14
29.0 13.31670 14
29.1 13.37658 14
29.2 13.43475 14
29.3 13.49119 14
29.4 13.54577 14
29.5 13.59843 14
29.6 13.64886 14
29.7 13.70207 14
29.8 13.75626 14
29.9 13.80861 14
30.0 13.85881 14
30.1 13.90690 14
30.2 13.95273 14
30.3 13.99829 14
30.4 14.04801 14
30.5 14.09576 14
30.6 14.14142 14
30.7 14.18464 14
30.8 14.22547 14
30.9 14.26368 14
31.0 14.30722 14
31.1 14.35011 14
31.2 14.39078 14
31.3 14.42886 14
31.4 14.46437 14
31.5 14.49716 14
31.6 14.53102 14
31.7 14.56876 14
31.8 14.60414 14
31.9 14.63688 14
32.0 14.66698 14
32.1 14.69401 14
32.2 14.71792 14
32.3 14.74906 14
32.4 14.77893 14
32.5 14.80621 14
32.6 14.83051 14
32.7 14.85189 14
32.8 14.86978 14
32.9 14.88830 14
33.0 14.91264 14
33.1 14.93420 14
33.2 14.95291 14
33.3 14.96846 14
33.4 14.98055 14
33.5 14.98902 14
33.6 15.00293 14
33.7 15.01884 14
33.8 15.02371 14
33.9 15.00517 14
34.0 14.94230 14
34.1 14.80962 14
34.2 14.46329 14
34.3 13.55366 14
34.4 12.71622 14
34.5 11.84630 14
34.6 11.93610 14
34.7 12.83486 14
34.8 12.93524 14
34.9 13.03867 14
35.0 12.29910 14
35.1 12.39081 14
35.2 13.32389 14
35.3 13.43820 14
35.4 12.66821 14
35.5 12.76144 14
35.6 12.85505 14
35.7 13.67908 14
35.8 13.04341 14
35.9 13.13817 14
36.0 13.23330 14
36.1 13.84324 14
36.2 13.89781 14
36.3 13.52098 14
36.4 13.61763 14
36.5 13.71467 14
36.6 14.05941 14
36.7 13.90987 14
36.8 14.00804 14
36.9 14.10659 14
37.0 14.19285 14
37.1 14.27651 14
37.2 14.31627 14
37.3 14.35655 14
37.4 14.38068 14
37.5 14.40959 14
37.6 14.36703 14
37.7 14.36873 14
37.8 14.37249 14
37.9 14.38565 14
38.0 14.40304 14
38.1 14.43248 14
38.2 14.46654 14
38.3 14.50898 14
38.4 14.55016 14
38.5 14.55198 14
38.6 14.54791 14
38.7 14.61147 14
38.8 14.60832 14
38.9 14.65975 14
39.0 14.65900 14
39.1 14.65632 14
39.2 14.61121 14
39.3 14.54914 14
39.4 14.44741 14
39.5 14.41116 14
39.6 14.37692 14
39.7 14.37729 14
39.8 14.30571 14
39.9 14.26320 14
40.0 14.18790 14
40.1 14.14482 14
40.2 14.08875 14
40.3 14.10330 14
40.4 14.00689 14
40.5 13.88602 14
40.6 13.74788 14
40.7 13.63563 14
40.8 13.58136 14
40.9 13.55630 14
41.0 13.52798 14
41.1 13.53649 14
41.2 13.27236 14
41.3 13.20198 14
41.4 13.12946 14
41.5 13.12218 14
41.6 13.11881 14
41.7 13.05506 14
41.8 13.08889 14
41.9 12.84375 14
42.0 12.76024 14
42.1 12.70276 14
42.2 12.72665 14
42.3 12.65318 14
42.4 12.49021 14
42.5 12.47873 14
42.6 12.46537 14
42.7 12.40877 14
42.8 12.24474 14
42.9 12.24942 14
43.0 12.07799 14
43.1 12.14620 14
43.2 12.22241 14
43.3 12.29887 14
43.4 12.49143 14
43.5 12.55920 14
43.6 12.59972 14
43.7 12.61096 14
43.8 12.67490 14
43.9 12.75287 14
44.0 12.83111 14
44.1 13.07281 14
44.2 13.08151 14
44.3 13.15395 14
44.4 13.19359 14
44.5 13.23769 14
44.6 13.30270 14
44.7 13.38544 14
44.8 13.46850 14
44.9 13.55185 14
45.0 13.63551 14
45.1 13.71956 14
45.2 13.85163 14
45.3 13.99888 14
45.4 14.03906 14
45.5 14.15791 14
45.6 14.18650 14
45.7 14.20687 14
45.8 14.22669 14
45.9 14.24851 14
46.0 14.28347 14
46.1 14.32113 14
46.2 14.35881 14
46.3 14.39650 14
46.4 14.43424 14
46.5 14.47195 14
46.6 14.53042 14
46.7 14.59384 14
46.8 14.61664 14
46.9 14.68432 14
47.0 14.71330 14
47.1 14.73344 14
47.2 14.75291 14
47.3 14.77342 14
47.4 14.80643 14
47.5 14.84429 14
47.6 14.88212 14
47.7 14.91998 14
47.8 14.95788 14
47.9 14.99575 14
48.0 15.06294 14
48.1 15.15579 14
48.2 15.14081 14
48.3 15.19771 14
48.4 15.25036 14
48.5 15.27360 14
48.6 15.29295 14
48.7 15.31246 14
48.8 15.33434 14
48.9 15.36944 14
49.0 15.40744 14
49.1 15.44549 14
49.2 15.48355 14
49.3 15.52159 14
49.4 15.55968 14
49.5 15.63011 14
49.6 15.73332 14
49.7 15.71037 14
49.8 15.75485 14
49.9 15.82128 14
50.0 15.84790 14
50.1 15.86766 14
50.2 15.88634 14
50.3 15.90538 14
50.4 15.93485 14
50.5 15.97305 14
50.6 16.01128 14
50.7 16.04948 14
50.8 16.08773 14
50.9 16.12600 14
51.0 16.16424 14
51.1 16.23278 14
51.2 16.33134 14
51.3 16.31443 14
51.4 16.36893 14
51.5 16.43224 14
51.6 16.45755 14
51.7 16.47688 14
51.8 16.49559 14
51.9 16.51417 14
52.0 16.54110 14
52.1 16.57951 14
52.2 16.61793 14
52.3 16.65631 14
52.4 16.69476 14
52.5 16.73322 14
52.6 16.77170 14
52.7 16.81015 14
52.8 16.87268 14
52.9 16.94701 14
53.0 16.96205 14
53.1 17.03756 14
53.2 17.08234 14
53.3 17.10381 14
53.4 17.12233 14
53.5 17.14052 14
53.6 17.15862 14
53.7 17.18875 14
53.8 17.22739 14
53.9 17.26604 14
54.0 17.30470 14
54.1 17.34337 14
54.2 17.38204 14
54.3 17.42068 14
54.4 17.45938 14
54.5 17.52669 14
54.6 17.62081 14
54.7 17.61363 14
54.8 17.67564 14
54.9 17.74223 14
55.0 17.76866 14
55.1 17.78686 14
55.2 17.80462 14
55.3 17.82221 14
55.4 17.84400 14
55.5 17.87858 14
55.6 17.91745 14
55.7 17.95632 14
55.8 17.99522 14
55.9 18.03412 14
56.0 18.07305 14
56.1 18.11198 14
56.2 18.15093 14
56.3 18.21944 14
56.4 18.31895 14
56.5 18.30696 14
56.6 18.36131 14
56.7 18.43766 14
56.8 18.46766 14
56.9 18.48616 14
57.0 18.50320 14
57.1 18.52000 14
57.2 18.53673 14
57.3 18.56610 14
57.4 18.60456 14
57.5 18.64303 14
57.6 18.68152 14
57.7 18.72001 14
57.8 18.75852 14
57.9 18.79703 14
58.0 18.83556 14
58.1 18.87410 14
58.2 18.94178 14
58.3 19.03995 14
58.4 19.03198 14
58.5 19.08884 14
58.6 19.16910 14
58.7 19.20040 14
58.8 19.21875 14
58.9 19.23525 14
59.0 19.25194 14
59.1 19.26804 14
59.2 19.29312 14
59.3 19.32935 14
59.4 19.36802 14
59.5 19.40671 14
59.6 19.44541 14
59.7 19.48412 14
59.8 19.52284 14
59.9 19.56157 14
60.0 19.60032 14
60.1 19.63908 14
60.2 19.70491 14
60.3 19.79625 14
60.4 19.79916 14
60.5 19.86388 14
60.6 19.94392 14
60.7 19.97514 14
60.8 19.99298 14
60.9 20.00883 14
61.0 20.02438 14
61.1 20.03984 14
61.2 20.06238 14
61.3 20.09654 14
61.4 20.13544 14
61.5 20.17434 14
61.6 20.21326 14
61.7 20.25219 14
61.8 20.29113 14
61.9 20.33014 14
62.0 20.36910 14
62.1 20.40808 14
62.2 20.44707 14
62.3 20.63558 14
62.4 20.59206 14
62.5 20.61054 14
62.6 20.68579 14
62.7 20.76210 14
62.8 20.79336 14
62.9 20.81049 14
63.0 20.82568 14
63.1 20.84050 14
63.2 20.85523 14
63.3 20.87459 14
63.4 20.90687 14
63.5 20.94605 14
63.6 20.98520 14
63.7 21.02440 14
63.8 21.06356 14
63.9 21.10274 14
64.0 21.14198 14
64.1 21.18119 14
64.2 21.22045 14
64.3 21.25968 14
64.4 21.33645 14
64.5 21.47302 14
64.6 21.44231 14
64.7 21.46635 14
64.8 21.54523 14
64.9 21.62298 14
65.0 21.65909 14
65.1 21.67650 14
65.2 21.69103 14
65.3 21.70564 14
65.4 21.71959 14
65.5 21.73400 14
65.6 21.76335 14
65.7 21.80089 14
65.8 21.84028 14
65.9 21.87974 14
66.0 21.91915 14
66.1 21.95863 14
66.2 21.99808 14
66.3 22.03758 14
66.4 22.07705 14
66.5 22.11653 14
66.6 22.15607 14
66.7 22.19557 14
66.8 22.37697 14
66.9 22.34360 14
67.0 22.36574 14
67.1 22.43996 14
67.2 22.52591 14
67.3 22.57391 14
67.4 22.59218 14
67.5 22.60621 14
67.6 22.62005 14
67.7 22.63317 14
67.8 22.64675 14
67.9 22.66741 14
68.0 22.70054 14
68.1 22.74020 14
68.2 22.77992 14
68.3 22.81961 14
68.4 22.85936 14
68.5 22.89907 14
68.6 22.93884 14
68.7 22.97858 14
68.8 23.01832 14
68.9 23.05814 14
69.0 23.09791 14
69.1 23.13775 14
69.2 23.35392 14
69.3 23.30303 14
69.4 23.31097 14
69.5 23.36939 14
69.6 23.46723 14
69.7 23.52898 14
69.8 23.55984 14
69.9 23.57454 14
70.0 23.58709 14
70.1 23.59996 14
70.2 23.61210 14
70.3 23.62472 14
70.4 23.65065 14
70.5 23.68586 14
70.6 23.72581 14
70.7 23.76584 14
70.8 23.80582 14
70.9 23.84587 14
71.0 23.88588 14
71.1 23.92595 14
71.2 23.96598 14
71.3 24.00608 14
71.4 24.04614 14
71.5 24.08627 14
71.6 24.12635 14
71.7 24.19984 14
71.8 24.33617 14
71.9 24.31198 14
72.0 24.34590 14
72.1 24.42942 14
72.2 24.51879 14
72.3 24.57234 14
72.4 24.60023 14
72.5 24.61289 14
72.6 24.62488 14
72.7 24.63615 14
72.8 24.64781 14
72.9 24.65883 14
73.0 24.68411 14
73.1 24.71849 14
73.2 24.75882 14
73.3 24.79910 14
73.4 24.83946 14
73.5 24.87976 14
73.6 24.92014 14
73.7 24.96047 14
73.8 25.00088 14
73.9 25.04124 14
74.0 25.08167 14
74.1 25.12205 14
74.2 25.16251 14
74.3 25.20292 14
74.4 25.27499 14
74.5 25.40935 14
74.6 25.39017 14
74.7 25.42730 14
74.8 25.51197 14
74.9 25.60575 14
75.0 25.66294 14
75.1 25.70128 14
75.2 25.71340 14
75.3 25.72451 14
75.4 25.73463 14
75.5 25.74520 14
75.6 25.75509 14
75.7 25.76921 14
75.8 25.80196 14
75.9 25.84019 14
76.0 25.88081 14
76.1 25.92149 14
76.2 25.96213 14
76.3 26.00285 14
76.4 26.04357 14
76.5 26.08425 14
76.6 26.12500 14
76.7 26.16571 14
76.8 26.20649 14
76.9 26.24722 14
77.0 26.28802 14
77.1 26.32877 14
77.2 26.36961 14
77.3 26.57394 14
77.4 26.53641 14
77.5 26.55367 14
77.6 26.61274 14
77.7 26.71966 14
77.8 26.79669 14
77.9 26.84946 14
78.0 26.88269 14
78.1 26.89359 14
78.2 26.90275 14
78.3 26.91220 14
78.4 26.92089 14
78.5 26.93013 14
78.6 26.94134 14
78.7 26.97485 14
78.8 27.01219 14
78.9 27.05317 14
79.0 27.09422 14
79.1 27.13522 14
79.2 27.17630 14
79.3 27.21733 14
79.4 27.25844 14
79.5 27.29949 14
79.6 27.34062 14
79.7 27.38177 14
79.8 27.42286 14
79.9 27.46403 14
80.0 27.50515 14
80.1 27.54635 14
80.2 27.58750 14
80.3 27.80414 14
80.4 27.76242 14
80.5 27.77595 14
80.6 27.82913 14
80.7 27.93538 14
80.8 28.02302 14
80.9 28.08958 14
81.0 28.12841 14
81.1 28.14930 14
81.2 28.15809 14
81.3 28.16566 14
81.4 28.17365 14
81.5 28.18155 14
81.6 28.18873 14
81.7 28.20461 14
81.8 28.23853 14
81.9 28.27715 14
82.0 28.31852 14
82.1 28.35998 14
82.2 28.40144 14
82.3 28.44285 14
82.4 28.48435 14
82.5 28.52579 14
82.6 28.56730 14
82.7 28.60877 14
82.8 28.65032 14
82.9 28.69187 14
83.0 28.73338 14
83.1 28.77497 14
83.2 28.81650 14
83.3 28.85811 14
83.4 28.89967 14
83.5 29.11363 14
83.6 29.07448 14
83.7 29.09176 14
83.8 29.14649 14
83.9 29.25096 14
84.0 29.34803 14
84.1 29.42556 14
84.2 29.47417 14
84.3 29.49457 14
84.4 29.50764 14
84.5 29.51447 14
84.6 29.52032 14
84.7 29.52664 14
84.8 29.53294 14
84.9 29.53851 14
85.0 29.56263 14
85.1 29.59721 14
85.2 29.63781 14
85.3 29.67962 14
85.4 29.72150 14
85.5 29.76340 14
85.6 29.80524 14
85.7 29.84717 14
85.8 29.88904 14
85.9 29.93100 14
86.0 29.97289 14
86.1 30.01487 14
86.2 30.05687 14
86.3 30.09881 14
86.4 30.14083 14
86.5 30.18279 14
86.6 30.22484 14
86.7 30.26691 14
86.8 30.30891 14
86.9 30.52001 14
87.0 30.48298 14
87.1 30.50482 14
87.2 30.56052 14
87.3 30.66212 14
87.4 30.76992 14
87.5 30.85796 14
87.6 30.92101 14
87.7 30.94656 14
87.8 30.96191 14
87.9 30.96727 14
88.0 30.97146 14
88.1 30.97617 14
88.2 30.98006 14
88.3 30.98458 14
88.4 30.98905 14
88.5 31.01981 14
88.6 31.05528 14
88.7 31.09705 14
88.8 31.13939 14
88.9 31.18175 14
89.0 31.22405 14
89.1 31.26643 14
89.2 31.30876 14
89.3 31.35117 14
89.4 31.39360 14
89.5 31.43596 14
89.6 31.47842 14
89.7 31.52081 14
89.8 31.56329 14
89.9 31.60579 14
90.0 31.64822 14
90.1 31.69074 14
90.2 31.73320 14
90.3 31.77575 14
90.4 31.81832 14
90.5 32.04314 14
90.6 32.00212 14
90.7 32.01886 14
90.8 32.06913 14
90.9 32.15594 14
91.0 32.28179 14
91.1 32.36729 14
91.2 32.46821 14
91.3 32.50942 14
91.4 32.52632 14
91.5 32.53718 14
91.6 32.54039 14
91.7 32.54325 14
91.8 32.54510 14
91.9 32.54769 14
92.0 32.54937 14
92.1 32.55182 14
92.2 32.58106 14
92.3 32.61708 14
92.4 32.65823 14
92.5 32.70100 14
92.6 32.74386 14
92.7 32.78674 14
92.8 32.82955 14
92.9 32.87246 14
93.0 32.91538 14
93.1 32.95823 14
93.2 33.00118 14
93.3 33.04406 14
93.4 33.08704 14
93.5 33.13004 14
93.6 33.17296 14
93.7 33.21598 14
93.8 33.25893 14
93.9 33.30198 14
94.0 33.34504 14
94.1 33.38804 14
94.2 33.43113 14
94.3 33.70752 14
94.4 33.65297 14
94.5 33.64553 14
94.6 33.67815 14
94.7 33.74013 14
94.8 33.84281 14
94.9 33.96748 14
95.0 34.07423 14
95.1 34.17447 14
95.2 34.21565 14
95.3 34.23212 14
95.4 34.23808 14
95.5 34.24374 14
95.6 34.24439 14
95.7 34.24394 14
95.8 34.24427 14
95.9 34.24363 14
96.0 34.24382 14
96.1 34.25080 14
96.2 34.28765 14
96.3 34.32473 14
96.4 34.36814 14
96.5 34.41147 14
96.6 34.45490 14
96.7 34.49826 14
96.8 34.54172 14
96.9 34.58520 14
97.0 34.62860 14
97.1 34.67211 14
97.2 34.71563 14
97.3 34.75907 14
97.4 34.80262 14
97.5 34.84618 14
97.6 34.88967 14
97.7 34.93326 14
97.8 34.97678 14
97.9 35.02040 14
98.0 35.06404 14
98.1 35.10759 14
98.2 35.15126 14
98.3 35.19494 14
98.4 35.23854 14
98.5 35.44285 14
98.6 35.42181 14
98.7 35.44640 14
98.8 35.49836 14
98.9 35.58190 14
99.0 35.72039 14
99.1 35.81631 14
99.2 35.96358 14
99.3 36.04606 14
99.4 36.08030 14
99.5 36.09245 14
99.6 36.09655 14
99.7 36.09922 14
99.8 36.09725 14
99.9 36.09508 14
100.0 36.09180 14
100.1 36.08941 14
100.2 36.08695 14
100.3 36.08346 14
100.4 36.11045 14
100.5 36.14843 14
100.6 36.18867 14
100.7 36.23270 14
100.8 36.27665 14
100.9 36.32071 14
101.0 36.36479 14
101.1 36.40878 14
101.2 36.45289 14
101.3 36.49701 14
101.4 36.54105 14
101.5 36.58521 14
101.6 36.62937 14
101.7 36.67346 14
101.8 36.71765 14
101.9 36.76186 14
102.0 36.80599 14
102.1 36.85023 14
102.2 36.89439 14
102.3 36.93866 14
102.4 36.98295 14
102.5 37.02715 14
102.6 37.07147 14
102.7 37.11580 14
102.8 37.16005 14
102.9 37.39753 14
103.0 37.36141 14
103.1 37.37503 14
103.2 37.41764 14
103.3 37.48511 14
103.4 37.59014 14
103.5 37.73295 14
103.6 37.84529 14
103.7 38.01123 14
103.8 38.08751 14
103.9 38.11840 14
104.0 38.12908 14
104.1 38.13091 14
104.2 38.12789 14
104.3 38.12672 14
104.4 38.12148 14
104.5 38.11504 14
104.6 38.10955 14
104.7 38.10399 14
104.8 38.09730 14
104.9 38.09381 14
105.0 38.13279 14
105.1 38.17157 14
105.2 38.21391 14
105.3 38.25864 14
105.4 38.30328 14
105.5 38.34804 14
105.6 38.39282 14
105.7 38.43750 14
105.8 38.48231 14
105.9 38.52713 14
106.0 38.57186 14
106.1 38.61671 14
106.2 38.66158 14
106.3 38.70635 14
106.4 38.75125 14
106.5 38.79617 14
106.6 38.84099 14
106.7 38.88593 14
106.8 38.93078 14
106.9 38.97576 14
107.0 39.02075 14
107.1 39.06565 14
107.2 39.11067 14
107.3 39.15571 14
107.4 39.20066 14
107.5 39.24572 14
107.6 39.29081 14
107.7 39.50021 14
107.8 39.48468 14
107.9 39.50720 14
108.0 39.55395 14
108.1 39.62413 14
108.2 39.72789 14
108.3 39.88337 14
108.4 39.98453 14
108.5 40.19805 14
108.6 40.30639 14
108.7 39.49920 14
108.8 39.54047 14
108.9 39.60445 14
109.0 39.69817 14
109.1 39.84683 14
109.2 39.95652 14
109.3 40.15771 14
109.4 40.28735 14
109.5 39.49268 14
109.6 39.52827 14
109.7 39.58685 14
109.8 39.67200 14
109.9 39.80206 14
110.0 39.93466 14
110.1 40.11048 14
110.2 40.26411 14
110.3 39.48795 14
110.4 39.51770 14
110.5 39.57039 14
110.6 39.64846 14
110.7 39.76495 14
110.8 39.91178 14
110.9 40.05764 14
111.0 40.23632 14
111.1 39.48498 14
111.2 39.50845 14
111.3 39.55629 14
111.4 39.62782 14
111.5 39.73311 14
111.6 39.88810 14
111.7 39.99740 14
111.8 40.20561 14
111.9 40.31016 14
112.0 39.50077 14
112.1 39.54345 14
112.2 39.60907 14
112.3 39.70560 14
112.4 39.85992 14
112.5 39.96216 14
112.6 40.16993 14
112.7 40.29350 14
112.8 39.49460 14
112.9 39.53223 14
113.0 39.59253 14
113.1 39.68087 14
113.2 39.81694 14
113.3 39.94326 14
113.4 40.13040 14
113.5 40.27367 14
113.6 39.48973 14
113.7 39.52215 14
113.8 39.57795 14
113.9 39.65931 14
114.0 39.78255 14
114.1 39.92224 14
114.2 40.08549 14
114.3 40.25027 14
114.4 39.48628 14
114.5 39.51321 14
114.6 39.56367 14
114.7 39.63901 14
114.8 39.75086 14
114.9 39.90226 14
115.0 40.03507 14
115.1 40.22506 14
115.2 39.48439 14
115.3 39.50564 14
115.4 39.55196 14
115.5 39.62187 14
115.6 39.72454 14
115.7 39.88149 14
115.8 39.98100 14
115.9 40.19753 14
116.0 40.30674 14
116.1 39.49937 14
116.2 39.54124 14
116.3 39.60616 14
116.4 39.70079 14
116.5 39.85442 14
116.6 39.96007 14
116.7 40.16650 14
116.8 40.29223 14
116.9 39.49410 14
117.0 39.53192 14
117.1 39.59236 14
117.2 39.68019 14
117.3 39.81806 14
117.4 39.94350 14
117.5 40.13185 14
117.6 40.27561 14
117.7 39.49005 14
117.8 39.52307 14
117.9 39.57911 14
118.0 39.66229 14
118.1 39.78797 14
118.2 39.92600 14
118.3 40.09526 14
118.4 40.25575 14
118.5 39.48701 14
118.6 39.51554 14
118.7 39.56757 14
118.8 39.64517 14
118.9 39.76106 14
119.0 39.90914 14
119.1 40.05554 14
119.2 40.23627 14
119.3 39.48498 14
119.4 39.50909 14
119.5 39.55735 14
119.6 39.63018 14
119.7 39.73899 14
119.8 39.89280 14
119.9 40.01449 14
120.0 40.21476 14
120.1 40.31494 14
120.2 39.50368 14
120.3 39.54845 14
120.4 39.61711 14
120.5 39.71891 14
120.6 39.87718 14
120.7 39.97306 14
120.8 40.19262 14
120.9 40.30481 14
121.0 39.49869 14
121.1 39.54022 14
121.2 39.60578 14
121.3 39.70072 14
121.4 39.85342 14
121.5 39.96080 14
121.6 40.16724 14
121.7 40.29366 14
121.8 39.49489 14
121.9 39.53321 14
122.0 39.59531 14
122.1 39.68502 14
122.2 39.82677 14
122.3 39.94923 14
122.4 40.14324 14
122.5 40.28230 14
122.6 39.49168 14
122.7 39.52637 14
122.8 39.58566 14
122.9 39.67162 14
123.0 39.80363 14
123.1 39.93720 14
123.2 40.11790 14
123.3 40.26936 14
123.4 39.48923 14
123.5 39.52096 14
123.6 39.57639 14
123.7 39.65856 14
123.8 39.78285 14
123.9 39.92487 14
124.0 40.09183 14
124.1 40.25642 14
124.2 39.48715 14
124.3 39.51574 14
124.4 39.56939 14
124.5 39.64821 14
124.6 39.76648 14
124.7 39.91421 14
124.8 40.06657 14
124.9 40.24371 14
125.0 39.48571 14
125.1 39.51169 14
125.2 39.56295 14
125.3 39.63870 14
125.4 39.75299 14
125.5 39.90473 14
125.6 40.04328 14
125.7 40.23174 14
125.8 39.48479 14
125.9 39.50841 14
126.0 39.55763 14
126.1 39.63009 14
126.2 39.73942 14
126.3 39.89552 14
126.4 40.01762 14
126.5 40.22097 14
126.6 39.48427 14
126.7 39.50513 14
126.8 39.55223 14
126.9 39.62294 14
127.0 39.72969 14
127.1 39.88771 14
127.2 39.99716 14
127.3 40.21029 14
127.4 40.31312 14
127.5 39.50260 14
127.6 39.54840 14
127.7 39.61729 14
127.8 39.72094 14
127.9 39.88032 14
128.0 39.97733 14
128.1 40.20140 14
128.2 40.30905 14
128.3 39.50032 14
128.4 39.54496 14
128.5 39.61221 14
128.6 39.71440 14
128.7 39.87355 14
128.8 39.97045 14
128.9 40.19146 14
129.0 40.30516 14
129.1 39.49894 14
129.2 39.54247 14
129.3 39.60851 14
129.4 39.70647 14
129.5 39.86748 14
129.6 39.96635 14
129.7 40.18534 14
129.8 40.30231 14
129.9 39.49748 14
130.0 39.54031 14
130.1 39.60532 14
130.2 39.70287 14
130.3 39.86128 14
130.4 39.96364 14
130.5 40.17864 14
130.6 40.29912 14
130.7 39.49654 14
130.8 39.53909 14
130.9 39.60348 14
131.0 39.70001 14
131.1 39.85637 14
131.2 39.96142 14
131.3 40.17608 14
131.4 40.29790 14
131.5 39.49609 14
131.6 39.53821 14
131.7 39.60213 14
131.8 39.69918 14
131.9 39.85486 14
132.0 39.96070 14
132.1 40.17458 14
132.2 40.29715 14
132.3 39.49582 14
132.4 39.53824 14
132.5 39.60212 14
132.6 39.69911 14
132.7 39.85462 14
132.8 39.96054 14
132.9 40.17608 14
133.0 40.29780 14
133.1 39.49603 14
133.2 39.53861 14
133.3 39.60263 14
133.4 39.70112 14
133.5 39.85790 14
133.6 39.96195 14
133.7 40.17871 14
133.8 40.29898 14
133.9 39.49642 14
134.0 39.53993 14
134.1 39.60454 14
134.2 39.70398 14
134.3 39.86258 14
134.4 39.96395 14
134.5 40.18435 14
134.6 40.30222 14
134.7 39.49735 14
134.8 39.54168 14
134.9 39.60704 14
135.0 39.70772 14
135.1 39.87029 14
135.2 39.96754 14
135.3 40.19233 14
135.4 40.30522 14
135.5 39.49852 14
135.6 39.54447 14
135.7 39.61107 14
135.8 39.71507 14
135.9 39.87575 14
136.0 39.97172 14
136.1 40.20169 14
136.2 40.30945 14
136.3 39.50099 14
136.4 39.54774 14
136.5 39.61580 14
136.6 39.72338 14
136.7 39.88324 14
136.8 39.98596 14
136.9 40.21317 14
137.0 40.31397 14
137.1 39.50352 14
137.2 39.55221 14
137.3 39.62229 14
137.4 39.73496 14
137.5 39.89240 14
137.6 40.00738 14
137.7 40.22379 14
137.8 39.48440 14
137.9 39.50723 14
138.0 39.55731 14
138.1 39.62968 14
138.2 39.74655 14
138.3 39.90250 14
138.4 40.03314 14
138.5 40.23642 14
138.6 39.48512 14
138.7 39.51160 14
138.8 39.56442 14
138.9 39.63917 14
139.0 39.76301 14
139.1 39.91319 14
139.2 40.06422 14
139.3 40.25056 14
139.4 39.48644 14
139.5 39.51625 14
139.6 39.57181 14
139.7 39.65071 14
139.8 39.78208 14
139.9 39.92562 14
140.0 40.09814 14
140.1 40.26544 14
140.2 39.48852 14
140.3 39.52254 14
140.4 39.58012 14
140.5 39.66410 14
140.6 39.80395 14
140.7 39.93846 14
140.8 40.13236 14
140.9 40.27950 14
141.0 39.49160 14
141.1 39.52965 14
141.2 39.59084 14
141.3 39.68237 14
141.4 39.83210 14
141.5 39.95356 14
141.6 40.16562 14
141.7 40.29542 14
141.8 39.49541 14
141.9 39.53792 14
142.0 39.60464 14
142.1 39.70506 14
142.2 39.87001 14
142.3 39.96908 14
142.4 40.19456 14
142.5 40.30847 14
142.6 39.50055 14
142.7 39.54863 14
142.8 39.61884 14
142.9 39.72928 14
143.0 39.88905 14
143.1 40.00716 14
143.2 40.22500 14
143.3 39.48451 14
143.4 39.50870 14
143.5 39.55957 14
143.6 39.63490 14
143.7 39.75944 14
143.8 39.91172 14
143.9 40.06053 14
144.0 40.25123 14
144.1 39.48666 14
144.2 39.51734 14
144.3 39.57422 14
144.4 39.65644 14
144.5 39.79313 14
144.6 39.93209 14
144.7 40.12187 14
144.8 40.27562 14
144.9 39.49067 14
145.0 39.52849 14
145.1 39.58988 14
145.2 39.68094 14
145.3 39.83364 14
145.4 39.95530 14
145.5 40.17095 14
145.6 40.29871 14
145.7 39.49649 14
145.8 39.54236 14
145.9 39.61054 14
146.0 39.71393 14
146.1 39.88063 14
146.2 39.98477 14
146.3 40.21234 14
146.4 39.48415 14
146.5 39.50630 14
146.6 39.55679 14
146.7 39.63183 14
146.8 39.75295 14
146.9 39.90808 14
147.0 40.05758 14
147.1 40.25117 14
147.2 39.48682 14
147.3 39.51778 14
147.4 39.57483 14
147.5 39.65981 14
147.6 39.79849 14
147.7 39.93631 14
147.8 40.13478 14
147.9 40.28156 14
148.0 39.49234 14
148.1 39.53297 14
148.2 39.59718 14
148.3 39.69488 14
148.4 39.85950 14
148.5 39.96637 14
148.6 40.19193 14
148.7 40.30863 14
148.8 39.50095 14
148.9 39.55071 14
149.0 39.62280 14
149.1 39.74021 14
149.2 39.89993 14
149.3 40.03526 14
149.4 40.24011 14
149.5 39.48578 14
149.6 39.51545 14
149.7 39.57198 14
149.8 39.65549 14
149.9 39.79342 14
150.0 39.93332 14
150.1 40.12685 14
150.2 40.27905 14
150.3 39.49200 14
150.4 39.53260 14
150.5 39.59758 14
150.6 39.69542 14
150.7 39.86295 14
150.8 39.96895 14
150.9 40.19660 14
151.0 40.31153 14
151.1 39.50230 14
151.2 39.55389 14
151.3 39.62745 14
151.4 39.74946 14
151.5 39.90678 14
151.6 40.05535 14
151.7 40.25114 14
151.8 39.48717 14
151.9 39.51989 14
152.0 39.57898 14
152.1 39.66728 14
152.2 39.81298 14
152.3 39.94545 14
152.4 40.15796 14
152.5 40.29294 14
152.6 39.49575 14
152.7 39.54113 14
152.8 39.61128 14
152.9 39.71816 14
153.0 39.88698 14
153.1 40.00831 14
153.2 40.22876 14
153.3 39.48500 14
153.4 39.51206 14
153.5 39.56873 14
153.6 39.64861 14
153.7 39.78951 14
153.8 39.93223 14
153.9 40.11973 14
154.0 40.27914 14
154.1 39.49232 14
154.2 39.53394 14
154.3 39.60061 14
154.4 39.70278 14
154.5 39.87451 14
154.6 39.97962 14
154.7 40.21336 14
154.8 39.48429 14
154.9 39.50837 14
155.0 39.56181 14
155.1 39.64034 14
155.2 39.77188 14
155.3 39.92370 14
155.4 40.10433 14
155.5 40.27318 14
155.6 39.49094 14
155.7 39.53094 14
155.8 39.59638 14
155.9 39.69754 14
156.0 39.86930 14
156.1 39.97273 14
156.2 40.20662 14
156.3 39.48420 14
156.4 39.50721 14
156.5 39.56137 14
156.6 39.63969 14
156.7 39.77081 14
156.8 39.92436 14
156.9 40.10578 14
157.0 40.27519 14
157.1 39.49139 14
157.2 39.53195 14
157.3 39.59852 14
157.4 39.70157 14
157.5 39.87311 14
157.6 39.98362 14
157.7 40.21535 14
157.8 39.48445 14
157.9 39.51025 14
158.0 39.56526 14
158.1 39.64678 14
158.2 39.78674 14
158.3 39.93173 14
158.4 40.13160 14
158.5 40.28439 14
158.6 39.49405 14
158.7 39.53794 14
158.8 39.60938 14
158.9 39.71689 14
159.0 39.88885 14
159.1 40.01680 14
159.2 40.23641 14
159.3 39.48574 14
159.4 39.51700 14
159.5 39.57627 14
159.6 39.66599 14
159.7 39.81555 14
159.8 39.94807 14
159.9 40.17031 14
160.0 40.30022 14
160.1 39.49893 14
160.2 39.54920 14
160.3 39.62517 14
160.4 39.74767 14
160.5 39.90967 14
160.6 40.06898 14
160.7 40.26330 14
160.8 39.48930 14
160.9 39.52780 14
161.0 39.59267 14
161.1 39.69295 14
161.2 39.86676 14
161.3 39.97388 14
161.4 40.21447 14
161.5 39.48450 14
161.6 39.51059 14
161.7 39.56764 14
161.8 39.65040 14
161.9 39.79942 14
162.0 39.93933 14
162.1 40.14891 14
162.2 40.29214 14
162.3 39.49703 14
162.4 39.54634 14
162.5 39.62089 14
162.6 39.73944 14
162.7 39.90607 14
162.8 40.06398 14
162.9 40.26112 14
163.0 39.48919 14
163.1 39.52701 14
163.2 39.59337 14
163.3 39.69570 14
163.4 39.87196 14
163.5 39.98499 14
163.6 40.22010 14
163.7 39.48502 14
163.8 39.51274 14
163.9 39.57358 14
164.0 39.65941 14
164.1 39.81381 14
164.2 39.94726 14
164.3 40.17380 14
164.4 40.30483 14
164.5 39.50091 14
164.6 39.55382 14
164.7 39.63224 14
164.8 39.76346 14
164.9 39.92200 14
165.0 40.11295 14
165.1 40.27859 14
165.2 39.49356 14
165.3 39.53815 14
165.4 39.61208 14
165.5 39.72674 14
165.6 39.89722 14
165.7 40.04885 14
165.8 40.25159 14
165.9 39.48837 14
166.0 39.52451 14
166.1 39.59227 14
166.2 39.69572 14
166.3 39.87079 14
166.4 39.98971 14
166.5 40.22253 14
166.6 39.48548 14
166.7 39.51467 14
166.8 39.57783 14
166.9 39.66720 14
167.0 39.82923 14
167.1 39.96098 14
167.2 40.19362 14
167.3 40.31500 14
167.4 39.50679 14
167.5 39.56410 14
167.6 39.64661 14
167.7 39.80018 14
167.8 39.93997 14
167.9 40.16083 14
168.0 40.30144 14
168.1 39.49950 14
168.2 39.55370 14
168.3 39.63220 14
168.4 39.76783 14
168.5 39.92504 14
168.6 40.12273 14
168.7 40.28380 14
168.8 39.49580 14
168.9 39.54528 14
169.0 39.62119 14
169.1 39.74610 14
169.2 39.91130 14
169.3 40.08864 14
169.4 40.27152 14
169.5 39.49277 14
169.6 39.53725 14
169.7 39.61208 14
169.8 39.72886 14
169.9 39.90061 14
170.0 40.06439 14
170.1 40.26036 14
170.2 39.49019 14
170.3 39.53014 14
170.4 39.60305 14
170.5 39.71563 14
170.6 39.89242 14
170.7 40.04514 14
170.8 40.25019 14
170.9 39.48897 14
171.0 39.52616 14
171.1 39.59773 14
171.2 39.70688 14
171.3 39.88594 14
171.4 40.02955 14
171.5 40.24473 14
171.6 39.48772 14
171.7 39.52409 14
171.8 39.59391 14
171.9 39.69869 14
172.0 39.87992 14
172.1 40.02193 14
172.2 40.24126 14
172.3 39.48728 14
172.4 39.52285 14
172.5 39.59194 14
172.6 39.69606 14
172.7 39.87865 14
172.8 40.01513 14
172.9 40.23994 14
173.0 39.48712 14
173.1 39.52305 14
173.2 39.59231 14
173.3 39.69671 14
173.4 39.87931 14
173.5 40.01692 14
173.6 40.24083 14
173.7 39.48746 14
173.8 39.52407 14
173.9 39.59400 14
174.0 39.70067 14
174.1 39.88330 14
174.2 40.03096 14
174.3 40.24564 14
174.4 39.48832 14
174.5 39.52593 14
174.6 39.59706 14
174.7 39.71034 14
174.8 39.89078 14
174.9 40.04559 14
175.0 40.25402 14
175.1 39.48966 14
175.2 39.52917 14
175.3 39.60377 14
175.4 39.72401 14
175.5 39.89862 14
175.6 40.06418 14
175.7 40.26378 14
175.8 39.49175 14
175.9 39.53602 14
176.0 39.61385 14
176.1 39.73610 14
176.2 39.90911 14
176.3 40.08813 14
176.4 40.27691 14
176.5 39.49494 14
176.6 39.54254 14
176.7 39.62424 14
176.8 39.75945 14
176.9 39.92166 14
177.0 40.12806 14
177.1 40.29034 14
177.2 39.49851 14
177.3 39.55384 14
177.4 39.63683 14
177.5 39.78258 14
177.6 39.93804 14
177.7 40.16837 14
177.8 40.30702 14
177.9 39.50358 14
178.0 39.56530 14
178.1 39.65325 14
178.2 39.81817 14
178.3 39.95547 14
178.4 40.20088 14
178.5 39.48456 14
178.6 39.51357 14
178.7 39.58045 14
178.8 39.67654 14
178.9 39.86312 14
179.0 39.99020 14
179.1 40.23284 14
179.2 39.48721 14
179.3 39.52421 14
179.4 39.59566 14
179.5 39.71034 14
179.6 39.89424 14
179.7 40.05839 14
179.8 40.26318 14
179.9 39.49204 14
180.0 39.53760 14
180.1 39.61904 14
180.2 39.74776 14
180.3 39.91905 14
180.4 40.12627 14
180.5 40.28868 14
180.6 39.49888 14
180.7 39.55645 14
180.8 39.64246 14
180.9 39.80191 14
181.0 39.94693 14
181.1 40.19095 14
181.2 39.48428 14
181.3 39.51206 14
181.4 39.57862 14
181.5 39.67550 14
181.6 39.86459 14
181.7 39.99707 14
181.8 40.23635 14
181.9 39.48791 14
182.0 39.52705 14
182.1 39.60103 14
182.2 39.72176 14
182.3 39.90448 14
182.4 40.08578 14
182.5 40.27647 14
182.6 39.49600 14
182.7 39.54920 14
182.8 39.63499 14
182.9 39.77883 14
183.0 39.93987 14
183.1 40.17952 14
183.2 40.31303 14
183.3 39.50909 14
183.4 39.57688 14
183.5 39.67307 14
183.6 39.86602 14
183.7 39.99975 14
183.8 40.23788 14
183.9 39.48840 14
184.0 39.52966 14
184.1 39.60641 14
184.2 39.73330 14
184.3 39.91215 14
184.4 40.10605 14
184.5 40.28715 14
184.6 39.49891 14
184.7 39.55764 14
184.8 39.64735 14
184.9 39.81369 14
185.0 39.95511 14
185.1 40.20776 14
185.2 39.48538 14
185.3 39.51888 14
185.4 39.59024 14
185.5 39.70434 14
185.6 39.89534 14
185.7 40.06613 14
185.8 40.26996 14
185.9 39.49453 14
186.0 39.54653 14
186.1 39.63400 14
186.2 39.77994 14
186.3 39.94223 14
186.4 40.18884 14
186.5 39.48438 14
186.6 39.51391 14
186.7 39.58364 14
186.8 39.68719 14
186.9 39.88446 14
187.0 40.04792 14
187.1 40.26260 14
187.2 39.49311 14
187.3 39.54349 14
187.4 39.62929 14
187.5 39.77420 14
187.6 39.93894 14
187.7 40.18348 14
187.8 39.48435 14
187.9 39.51382 14
188.0 39.58362 14
188.1 39.68736 14
188.2 39.88629 14
188.3 40.05605 14
188.4 40.26627 14
188.5 39.49402 14
188.6 39.54562 14
188.7 39.63534 14
188.8 39.78655 14
188.9 39.94804 14
189.0 40.19890 14
189.1 39.48488 14
189.2 39.51760 14
189.3 39.59120 14
189.4 39.70960 14
189.5 39.90076 14
189.6 40.08615 14
189.7 40.27891 14
189.8 39.49817 14
189.9 39.55825 14
190.0 39.65166 14
190.1 39.82540 14
190.2 39.96828 14
190.3 40.22784 14
190.4 39.48765 14
190.5 39.52880 14
190.6 39.60871 14
190.7 39.74035 14
190.8 39.92107 14
190.9 40.14881 14
191.0 40.30775 14
191.1 39.50635 14
191.2 39.57690 14
191.3 39.68001 14
191.4 39.87980 14
191.5 40.04866 14
191.6 40.26511 14
191.7 39.49421 14
191.8 39.54788 14
191.9 39.63942 14
192.0 39.80824 14
192.1 39.95671 14
192.2 40.21590 14
192.3 39.48650 14
192.4 39.52596 14
192.5 39.60251 14
192.6 39.73670 14
192.7 39.92004 14
192.8 40.14263 14
192.9 40.30748 14
193.0 39.50680 14
193.1 39.57971 14
193.2 39.68504 14
193.3 39.88640 14
193.4 40.06167 14
193.5 40.27340 14
193.6 39.49710 14
193.7 39.55721 14
193.8 39.65192 14
193.9 39.82949 14
194.0 39.97301 14
194.1 40.23600 14
194.2 39.48984 14
194.3 39.53595 14
194.4 39.62513 14
194.5 39.77280 14
194.6 39.94165 14
194.7 40.19796 14
194.8 39.48515 14
194.9 39.52145 14
195.0 39.59690 14
195.1 39.72686 14
195.2 39.91690 14
195.3 40.13993 14
195.4 40.30682 14
195.5 39.50711 14
195.6 39.58063 14
195.7 39.68995 14
195.8 39.89575 14
195.9 40.08378 14
196.0 40.28430 14
196.1 39.49974 14
196.2 39.56460 14
196.3 39.66428 14
196.4 39.86236 14
196.5 40.03370 14
196.6 40.26141 14
196.7 39.49456 14
196.8 39.55321 14
196.9 39.64606 14
197.0 39.82672 14
197.1 39.97333 14
197.2 40.24006 14
197.3 39.49099 14
197.4 39.54063 14
197.5 39.63208 14
197.6 39.78819 14
197.7 39.95368 14
197.8 40.21826 14
197.9 39.48769 14
198.0 39.53089 14
198.1 39.62181 14
198.2 39.76999 14
198.3 39.94048 14
198.4 40.20130 14
198.5 39.48574 14
198.6 39.52613 14
198.7 39.60473 14
198.8 39.74575 14
198.9 39.93019 14
199.0 40.18058 14
199.1 39.48471 14
199.2 39.52017 14
199.3 39.59822 14
199.4 39.73700 14
199.5 39.92411 14
199.6 40.16773 14
199.7 39.48415 14
199.8 39.51608 14
199.9 39.59484 14
200.0 39.72624 14
200.1 39.91994 14
200.2 40.15488 14
200.3 40.31379 14
200.4 39.51501 14
200.5 39.59207 14
200.6 39.72324 14
200.7 39.91776 14
200.8 40.14626 14
200.9 40.31251 14
201.0 39.51443 14
201.1 39.59176 14
201.2 39.72287 14
201.3 39.91761 14
201.4 40.14623 14
201.5 40.31341 14
201.6 39.51539 14
201.7 39.59390 14
201.8 39.72514 14
201.9 39.91950 14
202.0 40.16118 14
202.1 39.48411 14
202.2 39.51687 14
202.3 39.59666 14
202.4 39.73512 14
202.5 39.92459 14
202.6 40.17193 14
202.7 39.48458 14
202.8 39.52087 14
202.9 39.60103 14
203.0 39.74311 14
203.1 39.93161 14
203.2 40.19062 14
203.3 39.48548 14
203.4 39.52676 14
203.5 39.61048 14
203.6 39.76257 14
203.7 39.94409 14
203.8 40.20872 14
203.9 39.48746 14
204.0 39.53146 14
204.1 39.62608 14
204.2 39.78557 14
204.3 39.95685 14
204.4 40.22801 14
204.5 39.49031 14
204.6 39.54119 14
204.7 39.64021 14
204.8 39.82522 14
204.9 39.98165 14
205.0 40.25393 14
205.1 39.49400 14
205.2 39.55679 14
205.3 39.65736 14
205.4 39.85816 14
205.5 40.04917 14
205.6 40.27471 14
205.7 39.49937 14
205.8 39.56832 14
205.9 39.67884 14
206.0 39.89147 14
206.1 40.09711 14
206.2 40.29449 14
206.3 39.50658 14
206.4 39.58563 14
206.5 39.71539 14
206.6 39.91662 14
206.7 40.15352 14
206.8 39.48423 14
206.9 39.52128 14
207.0 39.60345 14
207.1 39.75371 14
207.2 39.94120 14
207.3 40.20921 14
207.4 39.48805 14
207.5 39.53702 14
207.6 39.63632 14
207.7 39.81693 14
207.8 39.97697 14
207.9 40.25560 14
208.0 39.49519 14
208.1 39.56003 14
208.2 39.66348 14
208.3 39.87785 14
208.4 40.07337 14
208.5 40.28949 14
208.6 39.50463 14
208.7 39.58310 14
208.8 39.71037 14
208.9 39.91655 14
209.0 40.16538 14
209.1 39.48441 14
209.2 39.52489 14
209.3 39.61147 14
209.4 39.77408 14
209.5 39.95455 14
209.6 40.22950 14
209.7 39.49166 14
209.8 39.54597 14
209.9 39.64951 14
210.0 39.85450 14
210.1 40.05335 14
210.2 40.27975 14
210.3 39.50177 14
210.4 39.57598 14
210.5 39.70088 14
210.6 39.91312 14
210.7 40.15298 14
210.8 39.48432 14
210.9 39.52440 14
211.0 39.61279 14
211.1 39.77907 14
211.2 39.95786 14
211.3 40.23647 14
211.4 39.49274 14
211.5 39.55110 14
211.6 39.66098 14
211.7 39.87867 14
211.8 40.08027 14
211.9 40.29176 14
212.0 39.50677 14
212.1 39.58966 14
212.2 39.73036 14
212.3 39.93068 14
212.4 40.19869 14
212.5 39.48690 14
212.6 39.53711 14
212.7 39.63981 14
212.8 39.83461 14
212.9 40.01584 14
213.0 40.27202 14
213.1 39.50056 14
213.2 39.57621 14
213.3 39.70225 14
213.4 39.91603 14
213.5 40.16677 14
213.6 39.48490 14
213.7 39.52917 14
213.8 39.62823 14
213.9 39.80336 14
214.0 39.98181 14
214.1 40.25944 14
214.2 39.49848 14
214.3 39.57011 14
214.4 39.69132 14
214.5 39.90927 14
214.6 40.14802 14
214.7 39.48442 14
214.8 39.52789 14
214.9 39.62622 14
215.0 39.79777 14
215.1 39.97259 14
215.2 40.26032 14
215.3 39.49882 14
215.4 39.57108 14
215.5 39.69341 14
215.6 39.91148 14
215.7 40.15468 14
215.8 39.48519 14
215.9 39.53098 14
216.0 39.63227 14
216.1 39.82385 14
216.2 39.99525 14
216.3 40.27337 14
216.4 39.50166 14
216.5 39.58087 14
216.6 39.71492 14
216.7 39.92251 14
216.8 40.19005 14
216.9 39.48794 14
217.0 39.54138 14
217.1 39.64710 14
217.2 39.85241 14
217.3 40.06542 14
217.4 40.29248 14
217.5 39.50937 14
217.6 39.59700 14
217.7 39.74801 14
217.8 39.94529 14
217.9 40.23312 14
218.0 39.49368 14
218.1 39.56082 14
218.2 39.67137 14
218.3 39.89509 14
218.4 40.13586 14
218.5 39.48441 14
218.6 39.52839 14
218.7 39.62819 14
218.8 39.80592 14
218.9 40.00483 14
219.0 40.27871 14
219.1 39.50338 14
219.2 39.58599 14
219.3 39.72831 14
219.4 39.93513 14
219.5 40.21798 14
219.6 39.49217 14
219.7 39.55434 14
219.8 39.66602 14
219.9 39.89107 14
220.0 40.13143 14
220.1 39.48437 14
220.2 39.52837 14
220.3 39.62862 14
220.4 39.81246 14
220.5 40.02764 14
220.6 40.28342 14
220.7 39.50574 14
220.8 39.59136 14
220.9 39.74232 14
221.0 39.94917 14
221.1 40.23960 14
221.2 39.49548 14
221.3 39.56533 14
221.4 39.68275 14
221.5 39.91463 14
221.6 40.18233 14
221.7 39.48723 14
221.8 39.53982 14
221.9 39.64854 14
222.0 39.87055 14
222.1 40.10732 14
222.2 40.31281 14
222.3 39.52169 14
222.4 39.61582 14
222.5 39.79262 14
222.6 40.01113 14
222.7 40.28207 14
222.8 39.50505 14
222.9 39.59138 14
223.0 39.74337 14
223.1 39.95733 14
223.2 40.25412 14
223.3 39.49776 14
223.4 39.57101 14
223.5 39.69642 14
223.6 39.93019 14
223.7 40.21272 14
223.8 39.49110 14
223.9 39.55206 14
224.0 39.66683 14
224.1 39.90751 14
224.2 40.17061 14
224.3 39.48626 14
224.4 39.53813 14
224.5 39.64639 14
224.6 39.85745 14
224.7 40.11801 14
224.8 39.48418 14
224.9 39.52672 14
225.0 39.62825 14
225.1 39.81467 14
225.2 40.07212 14
225.3 40.29796 14
225.4 39.51651 14
225.5 39.60558 14
225.6 39.78097 14
225.7 40.01209 14
225.8 40.28344 14
225.9 39.50730 14
226.0 39.59418 14
226.1 39.75028 14
226.2 39.97081 14
226.3 40.27037 14
226.4 39.50225 14
226.5 39.58546 14
226.6 39.73080 14
226.7 39.93567 14
226.8 40.25785 14
226.9 39.49937 14
227.0 39.57590 14
227.1 39.71514 14
227.2 39.92633 14
227.3 40.24187 14
227.4 39.49662 14
227.5 39.57031 14
227.6 39.69698 14
227.7 39.91976 14
227.8 40.23215 14
227.9 39.49484 14
228.0 39.56606 14
228.1 39.68680 14
228.2 39.91399 14
228.3 40.22521 14
228.4 39.49368 14
228.5 39.56387 14
228.6 39.68319 14
228.7 39.91090 14
228.8 40.16232 14
228.9 39.49322 14
229.0 39.56215 14
229.1 39.68160 14
229.2 39.90963 14
229.3 40.15840 14
229.4 39.49321 14
229.5 39.56225 14
229.6 39.68199 14
229.7 39.91020 14
229.8 40.15979 14
229.9 39.49365 14
230.0 39.56417 14
230.1 39.68438 14
230.2 39.91260 14
230.3 40.17283 14
230.4 39.48605 14
230.5 39.56656 14
230.6 39.69319 14
230.7 39.91679 14
230.8 40.18154 14
230.9 39.48686 14
231.0 39.57102 14
231.1 39.69989 14
231.2 39.92361 14
231.3 40.19377 14
231.4 39.48853 14
231.5 39.57778 14
231.6 39.71913 14
231.7 39.93233 14
231.8 40.21308 14
231.9 39.49010 14
232.0 39.58664 14
232.1 39.73593 14
232.2 39.94374 14
232.3 40.22832 14
232.4 39.49386 14
232.5 39.56260 14
232.6 39.75816 14
232.7 39.95879 14
232.8 40.25129 14
232.9 39.49767 14
233.0 39.57113 14
233.1 39.78913 14
233.2 39.97933 14
233.3 40.27034 14
233.4 39.50211 14
233.5 39.58397 14
233.6 39.83398 14
233.7 40.03862 14
233.8 40.28772 14
233.9 39.50839 14
234.0 39.59717 14
234.1 39.86978 14
234.2 40.09503 14
234.3 40.30773 14
234.4 39.52007 14
234.5 39.61620 14
234.6 39.79563 14
234.7 40.14697 14
234.8 39.48523 14
234.9 39.53316 14
235.0 39.64072 14
235.1 39.85073 14
235.2 40.20037 14
235.3 39.48942 14
235.4 39.54878 14
235.5 39.66513 14
235.6 39.89091 14
235.7 40.24216 14
235.8 39.49645 14
235.9 39.57005 14
236.0 39.69796 14
236.1 39.92067 14
236.2 40.18644 14
236.3 39.50468 14
236.4 39.59121 14
236.5 39.74772 14
236.6 39.94783 14
236.7 40.23385 14
236.8 39.52048 14
236.9 39.61785 14
237.0 39.80067 14
237.1 40.00215 14
237.2 40.27624 14
237.3 39.54029 14
237.4 39.65218 14
237.5 39.87386 14
237.6 40.09931 14
237.7 40.30766 14
237.8 39.56646 14
237.9 39.69255 14
238.0 39.91725 14
238.1 40.18367 14
238.2 39.48716 14
238.3 39.54081 14
238.4 39.75266 14
238.5 39.95306 14
238.6 40.24293 14
238.7 39.49633 14
238.8 39.56819 14
238.9 39.83682 14
239.0 40.04266 14
239.1 40.28910 14
239.2 39.50898 14
239.3 39.59832 14
239.4 39.90169 14
239.5 40.14759 14
239.6 39.48510 14
239.7 39.53310 14
239.8 39.64038 14
239.9 39.84948 14
240.0 40.22982 14
240.1 39.49441 14
240.2 39.56459 14
240.3 39.68620 14
240.4 39.91283 14
240.5 40.28748 14
240.6 39.50852 14
240.7 39.59790 14
240.8 39.75802 14
240.9 39.95758 14
241.0 39.48557 14
241.1 39.53505 14
241.2 39.64590 14
241.3 39.85961 14
241.4 40.08127 14
241.5 40.29841 14
241.6 39.57117 14
241.7 39.70019 14
241.8 39.92390 14
241.9 40.19411 14
242.0 39.48808 14
242.1 39.61031 14
242.2 39.79324 14
242.3 39.97345 14
242.4 40.26893 14
242.5 39.50228 14
242.6 39.66732 14
242.7 39.89530 14
242.8 40.13009 14
242.9 39.48449 14
243.0 39.52994 14
243.1 39.74961 14
243.2 39.94961 14
243.3 40.23970 14
243.4 39.49585 14
243.5 39.56688 14
243.6 39.69057 14
243.7 40.08933 14
243.8 40.30197 14
243.9 39.51856 14
244.0 39.61103 14
244.1 39.79205 14
244.2 40.21881 14
244.3 39.49167 14
244.4 39.55739 14
244.5 39.67344 14
244.6 39.90234 14
244.7 40.29269 14
244.8 39.51077 14
244.9 39.60304 14
245.0 39.76793 14
245.1 39.96253 14
245.2 40.25423 14
245.3 39.54999 14
245.4 39.66697 14
245.5 39.89501 14
245.6 40.12711 14
245.7 39.48440 14
245.8 39.59943 14
245.9 39.76230 14
246.0 39.96033 14
246.1 40.25185 14
246.2 39.49775 14
246.3 39.66678 14
246.4 39.89529 14
246.5 40.12855 14
246.6 39.48448 14
246.7 39.52878 14
246.8 39.63317 14
246.9 39.96337 14
247.0 40.25932 14
247.1 39.49971 14
247.2 39.57628 14
247.3 39.70894 14
247.4 40.14591 14
247.5 39.48524 14
247.6 39.53316 14
247.7 39.64047 14
247.8 39.85202 14
247.9 40.26981 14
248.0 39.50302 14
248.1 39.58721 14
248.2 39.73265 14
248.3 39.93895 14
248.4 40.22495 14
248.5 39.54237 14
248.6 39.65511 14
248.7 39.87751 14
248.8 40.10160 14
248.9 40.30943 14
249.0 39.59956 14
249.1 39.76296 14
249.2 39.96097 14
249.3 40.25301 14
249.4 39.49774 14
249.5 39.57230 14
249.6 39.90835 14
249.7 40.15966 14
249.8 39.48575 14
249.9 39.53477 14
250.0 39.64203 14
