15.0 2.31088 13
15.1 2.35519 13
15.2 2.39991 13
15.3 2.44504 13
15.4 2.49070 13
15.5 2.51923 14
15.6 2.58335 14
15.7 2.64832 14
15.8 2.71416 14
15.9 2.78084 14
16.0 2.84836 14
16.1 2.91674 14
16.2 2.98596 14
16.3 3.05605 14
16.4 3.12698 14
16.5 3.19878 14
16.6 3.27144 14
16.7 3.34496 14
16.8 3.41934 14
16.9 3.49458 14
17.0 3.57069 14
17.1 3.64766 14
17.2 3.72550 14
17.3 3.80420 14
17.4 3.88377 14
17.5 3.96473 14
17.6 4.04604 14
17.7 4.12822 14
17.8 4.21128 14
17.9 4.31335 14
18.0 4.43682 14
18.1 4.56248 14
18.2 4.69037 14
18.3 4.82050 14
18.4 4.95290 14
18.5 5.08760 14
18.6 5.22462 14
18.7 5.36397 14
18.8 5.50570 14
18.9 5.64982 14
19.0 5.79636 14
19.1 5.94534 14
19.2 6.09679 14
19.3 6.25074 14
19.4 6.40721 14
19.5 6.56623 14
19.6 6.72782 14
19.7 6.89201 14
19.8 7.05883 14
19.9 7.22831 14
20.0 7.46674 14
20.1 7.64080 14
20.2 7.81760 14
20.3 7.99715 14
20.4 8.17949 14
20.5 8.36466 14
20.6 8.55267 14
20.7 8.67170 14
20.8 8.78068 14
20.9 8.89052 14
21.0 9.00122 14
21.1 9.11279 14
21.2 9.22522 14
21.3 9.33717 14
21.4 9.44873 14
21.5 9.56096 14
21.6 9.67385 14
21.7 9.78738 14
21.8 9.90156 14
21.9 10.01705 14
22.0 10.13056 14
22.1 10.24730 14
22.2 10.36469 14
22.3 10.48271 14
22.4 10.60157 14
22.5 10.72162 14
22.6 10.84233 14
22.7 10.96369 14
22.8 11.08569 14
22.9 11.20513 14
23.0 11.32864 14
23.1 11.45325 14
23.2 11.57852 14
23.3 11.70442 14
23.4 11.83096 14
23.5 11.95810 14
23.6 12.08629 14
23.7 12.21560 14
23.8 12.34177 14
23.9 12.47224 14
24.0 12.60333 14
24.1 12.73501 14
24.2 12.86764 14
24.3 13.00156 14
24.4 13.13612 14
24.5 13.27130 14
24.6 13.40276 14
24.7 13.53901 14
24.8 13.67590 14
24.9 13.81445 14
25.0 13.95363 14
25.1 14.09343 14
25.2 14.23382 14
25.3 14.37480 14
25.4 14.51634 14
25.5 14.65414 14
25.6 14.79796 14
25.7 14.94239 14
25.8 15.08741 14
25.9 15.23301 14
26.0 15.37916 14
26.1 15.52586 14
26.2 15.67449 14
26.3 15.82375 14
26.4 15.96769 14
26.5 16.11793 14
26.6 16.26873 14
26.7 16.42005 14
26.8 16.57217 14
26.9 16.72612 14
27.0 16.88065 14
27.1 17.03576 14
27.2 17.19141 14
27.3 17.34077 14
27.4 17.49727 14
27.5 17.65460 14
27.6 17.81382 14
27.7 17.97363 14
27.8 18.13397 14
27.9 18.29487 14
28.0 18.45627 14
28.1 18.61816 14
28.2 18.77272 14
28.3 18.93723 14
28.4 19.10231 14
28.5 19.26790 14
28.6 19.43403 14
28.7 19.60063 14
28.8 19.76771 14
28.9 19.93524 14
29.0 20.10457 14
29.1 20.26622 14
29.2 20.43707 14
29.3 20.60841 14
29.4 20.78024 14
29.5 20.95252 14
29.6 21.12522 14
29.7 21.29848 14
29.8 21.47435 14
29.9 21.65072 14
30.0 21.82759 14
30.1 21.99450 14
30.2 22.17198 14
30.3 22.34987 14
30.4 22.52814 14
30.5 22.70748 14
30.6 22.88909 14
30.7 23.07121 14
30.8 23.25377 14
30.9 23.43676 14
31.0 23.60843 14
31.1 23.79188 14
31.2 23.97568 14
31.3 24.16052 14
31.4 24.34787 14
31.5 24.53565 14
31.6 24.72385 14
31.7 24.91244 14
31.8 25.10142 14
31.9 25.29074 14
32.0 25.46688 14
32.1 25.65648 14
32.2 25.84948 14
32.3 26.04288 14
32.4 26.23666 14
32.5 26.43083 14
32.6 26.62533 14
32.7 26.82013 14
32.8 27.01512 14
32.9 27.11957 14
33.0 27.30134 14
33.1 27.50011 14
33.2 27.69932 14
33.3 27.75637 14
33.4 27.95568 14
33.5 28.15552 14
33.6 28.35553 14
33.7 28.55574 14
33.8 28.58976 14
33.9 28.64662 14
34.0 28.68627 14
34.1 28.74198 14
34.2 28.64745 14
34.3 28.70225 14
34.4 28.75659 14
34.5 28.81009 14
34.6 28.86271 14
34.7 28.76308 14
34.8 28.81812 14
34.9 28.87316 14
35.0 28.90891 14
35.1 28.96214 14
35.2 28.86122 14
35.3 28.91336 14
35.4 28.96479 14
35.5 29.01546 14
35.6 29.06537 14
35.7 28.96155 14
35.8 29.01453 14
35.9 29.06694 14
36.0 29.09869 14
36.1 29.14916 14
36.2 29.04168 14
36.3 29.09098 14
36.4 29.13958 14
36.5 29.18724 14
36.6 29.23466 14
36.7 29.12574 14
36.8 29.17604 14
36.9 29.22573 14
37.0 29.25348 14
37.1 29.30136 14
37.2 27.75099 14
37.3 26.36999 14
37.4 23.56571 14
37.5 20.77362 14
37.6 19.42124 14
37.7 16.65587 14
37.8 15.32374 14
37.9 14.79706 14
38.0 14.83150 14
38.1 14.71983 14
38.2 14.70900 14
38.3 14.67714 14
38.4 14.58385 14
38.5 14.61302 14
38.6 14.51197 14
38.7 14.56287 14
38.8 14.43689 14
38.9 14.44304 14
39.0 14.35515 14
39.1 14.38117 14
39.2 14.29178 14
39.3 14.31341 14
39.4 14.22429 14
39.5 14.05845 14
39.6 14.05680 14
39.7 14.13396 14
39.8 14.20013 14
39.9 14.22185 14
40.0 14.25473 14
40.1 14.28749 14
40.2 14.32478 14
40.3 14.37083 14
40.4 14.38830 14
40.5 14.42099 14
40.6 14.45375 14
40.7 14.49553 14
40.8 14.52141 14
40.9 14.55412 14
41.0 14.58664 14
41.1 14.62027 14
41.2 14.65370 14
41.3 14.68684 14
41.4 14.71930 14
41.5 14.75168 14
41.6 14.78408 14
41.7 14.81908 14
41.8 14.85157 14
41.9 14.85038 14
42.0 14.91040 14
42.1 14.91004 14
42.2 14.83542 14
42.3 14.83784 14
42.4 14.69844 14
42.5 14.74419 14
42.6 14.89988 14
42.7 14.92750 14
42.8 14.94801 14
42.9 15.00029 14
43.0 15.01398 14
43.1 15.06756 14
43.2 15.11646 14
43.3 15.14879 14
43.4 15.17902 14
43.5 15.20910 14
43.6 15.24328 14
43.7 15.28923 14
43.8 15.33520 14
43.9 15.48567 14
44.0 15.50818 14
44.1 15.56905 14
44.2 15.57238 14
44.3 15.60521 14
44.4 15.66545 14
44.5 15.70446 14
44.6 15.73534 14
44.7 15.76593 14
44.8 15.79612 14
44.9 15.83651 14
45.0 15.88269 14
45.1 15.92887 14
45.2 15.97506 14
45.3 16.11055 14
45.4 16.12716 14
45.5 16.17811 14
45.6 16.19676 14
45.7 16.25877 14
45.8 16.30382 14
45.9 16.33578 14
46.0 16.36619 14
46.1 16.39683 14
46.2 16.43222 14
46.3 16.47860 14
46.4 16.52500 14
46.5 16.57139 14
46.6 16.61782 14
46.7 16.66426 14
46.8 16.77170 14
46.9 16.82406 14
47.0 16.83848 14
47.1 16.90261 14
47.2 16.94872 14
47.3 16.98082 14
47.4 17.01164 14
47.5 17.04235 14
47.6 17.07680 14
47.7 17.12338 14
47.8 17.16996 14
47.9 17.21657 14
48.0 17.26320 14
48.1 17.30984 14
48.2 17.43920 14
48.3 17.45260 14
48.4 17.49765 14
48.5 17.53765 14
48.6 17.60167 14
48.7 17.64083 14
48.8 17.67224 14
48.9 17.70338 14
49.0 17.73411 14
49.1 17.77064 14
49.2 17.81742 14
49.3 17.86422 14
49.4 17.91102 14
49.5 17.95785 14
49.6 18.00470 14
49.7 18.05155 14
49.8 18.15873 14
49.9 18.21271 14
50.0 18.22843 14
50.1 18.29470 14
50.2 18.34591 14
50.3 18.37973 14
50.4 18.41062 14
50.5 18.44126 14
50.6 18.47231 14
50.7 18.51283 14
50.8 18.55961 14
50.9 18.60643 14
51.0 18.65323 14
51.1 18.70007 14
51.2 18.74690 14
51.3 18.79377 14
51.4 18.91030 14
51.5 18.97580 14
51.6 18.97402 14
51.7 19.03138 14
51.8 19.09365 14
51.9 19.13307 14
52.0 19.16445 14
52.1 19.19545 14
52.2 19.22601 14
52.3 19.25863 14
52.4 19.30298 14
52.5 19.34994 14
52.6 19.39693 14
52.7 19.44393 14
52.8 19.49093 14
52.9 19.53795 14
53.0 19.58498 14
53.1 19.71089 14
53.2 19.78571 14
53.3 19.77450 14
53.4 19.81708 14
53.5 19.88704 14
53.6 19.93472 14
53.7 19.96858 14
53.8 19.99968 14
53.9 20.03019 14
54.0 20.06096 14
54.1 20.09579 14
54.2 20.14293 14
54.3 20.19008 14
54.4 20.23724 14
54.5 20.28439 14
54.6 20.33157 14
54.7 20.37875 14
54.8 20.42595 14
54.9 20.47315 14
55.0 20.64877 14
55.1 20.63156 14
55.2 20.65439 14
55.3 20.72293 14
55.4 20.78524 14
55.5 20.82369 14
55.6 20.85581 14
55.7 20.88661 14
55.8 20.91725 14
55.9 20.94784 14
56.0 20.98560 14
56.1 21.03291 14
56.2 21.08022 14
56.3 21.12753 14
56.4 21.17486 14
56.5 21.22219 14
56.6 21.26953 14
56.7 21.31688 14
56.8 21.36424 14
56.9 21.48179 14
57.0 21.56228 14
57.1 21.55303 14
57.2 21.60150 14
57.3 21.67623 14
57.4 21.72993 14
57.5 21.76538 14
57.6 21.79687 14
57.7 21.82774 14
57.8 21.85814 14
57.9 21.88848 14
58.0 21.92558 14
58.1 21.97304 14
58.2 22.02051 14
58.3 22.06798 14
58.4 22.11545 14
58.5 22.16293 14
58.6 22.21044 14
58.7 22.25793 14
58.8 22.30543 14
58.9 22.35294 14
59.0 22.46173 14
59.1 22.54174 14
59.2 22.53932 14
59.3 22.59499 14
59.4 22.67292 14
59.5 22.72753 14
59.6 22.76373 14
59.7 22.79523 14
59.8 22.82550 14
59.9 22.85594 14
60.0 22.88596 14
60.1 22.91902 14
60.2 22.96346 14
60.3 23.01106 14
60.4 23.05868 14
60.5 23.10628 14
60.6 23.15390 14
60.7 23.20154 14
60.8 23.24916 14
60.9 23.29681 14
61.0 23.34445 14
61.1 23.39211 14
61.2 23.50956 14
61.3 23.60714 14
61.4 23.58769 14
61.5 23.62836 14
61.6 23.70516 14
61.7 23.77705 14
61.8 23.82042 14
61.9 23.85327 14
62.0 23.88417 14
62.1 23.91394 14
62.2 23.94392 14
62.3 23.97381 14
62.4 24.00714 14
62.5 24.05194 14
62.6 24.09966 14
62.7 24.14741 14
62.8 24.19514 14
62.9 24.24290 14
63.0 24.29064 14
63.1 24.33841 14
63.2 24.38619 14
63.3 24.43394 14
63.4 24.48173 14
63.5 24.52949 14
63.6 24.64025 14
63.7 24.74569 14
63.8 24.72466 14
63.9 24.76702 14
64.0 24.84635 14
64.1 24.92485 14
64.2 24.97271 14
64.3 25.00679 14
64.4 25.03745 14
64.5 25.06735 14
64.6 25.09642 14
64.7 25.12575 14
64.8 25.15500 14
64.9 25.19097 14
65.0 25.23881 14
65.1 25.28667 14
65.2 25.33453 14
65.3 25.38238 14
65.4 25.43025 14
65.5 25.47813 14
65.6 25.52599 14
65.7 25.57387 14
65.8 25.62176 14
65.9 25.66965 14
66.0 25.71752 14
66.1 25.76542 14
66.2 26.00201 14
66.3 25.96993 14
66.4 25.95742 14
66.5 26.00629 14
66.6 26.09069 14
66.7 26.17422 14
66.8 26.22557 14
66.9 26.26078 14
67.0 26.29129 14
67.1 26.32046 14
67.2 26.34934 14
67.3 26.37789 14
67.4 26.40596 14
67.5 26.43534 14
67.6 26.47638 14
67.7 26.52433 14
67.8 26.57230 14
67.9 26.62024 14
68.0 26.66821 14
68.1 26.71618 14
68.2 26.76415 14
68.3 26.81212 14
68.4 26.86010 14
68.5 26.90808 14
68.6 26.95605 14
68.7 27.00403 14
68.8 27.05202 14
68.9 27.10002 14
69.0 27.35296 14
69.1 27.30907 14
69.2 27.29359 14
69.3 27.33995 14
69.4 27.42313 14
69.5 27.52063 14
69.6 27.58187 14
69.7 27.62163 14
69.8 27.65291 14
69.9 27.68160 14
70.0 27.70947 14
70.1 27.73716 14
70.2 27.76451 14
70.3 27.79175 14
70.4 27.81961 14
70.5 27.86052 14
70.6 27.90856 14
70.7 27.95661 14
70.8 28.00465 14
70.9 28.05270 14
71.0 28.10075 14
71.1 28.14880 14
71.2 28.19686 14
71.3 28.24489 14
71.4 28.29295 14
71.5 28.34101 14
71.6 28.38907 14
71.7 28.43713 14
71.8 28.48520 14
71.9 28.53326 14
72.0 28.80350 14
72.1 28.81203 14
72.2 28.74834 14
72.3 28.76936 14
72.4 28.82713 14
72.5 28.90169 14
72.6 28.99480 14
72.7 29.07022 14
72.8 29.12699 14
72.9 29.17063 14
73.0 29.20695 14
73.1 29.23968 14
73.2 29.27095 14
73.3 29.30129 14
73.4 29.33132 14
73.5 29.36119 14
73.6 29.39115 14
73.7 29.42087 14
73.8 29.45055 14
73.9 29.48023 14
74.0 29.50990 14
74.1 29.54549 14
74.2 29.58721 14
74.3 29.63299 14
74.4 29.67879 14
74.5 29.72463 14
74.6 29.77046 14
74.7 29.81630 14
74.8 29.86216 14
74.9 29.90803 14
75.0 29.95392 14
75.1 29.99982 14
75.2 30.04574 14
75.3 30.09167 14
75.4 30.13762 14
75.5 30.18360 14
75.6 30.22958 14
75.7 30.27557 14
75.8 30.32157 14
75.9 30.36759 14
76.0 30.41363 14
76.1 30.45968 14
76.2 30.50574 14
76.3 30.55184 14
76.4 30.59794 14
76.5 30.90961 14
76.6 30.88958 14
76.7 30.84267 14
76.8 30.83820 14
76.9 30.87107 14
77.0 30.92220 14
77.1 30.98872 14
77.2 31.08312 14
77.3 31.17530 14
77.4 31.24604 14
77.5 31.29869 14
77.6 31.34004 14
77.7 31.37514 14
77.8 31.40718 14
77.9 31.43796 14
78.0 31.46790 14
78.1 31.49795 14
78.2 31.52744 14
78.3 31.55704 14
78.4 31.58637 14
78.5 31.61568 14
78.6 31.64539 14
78.7 31.67467 14
78.8 31.70694 14
78.9 31.74695 14
79.0 31.79245 14
79.1 31.83894 14
79.2 31.88543 14
79.3 31.93193 14
79.4 31.97844 14
79.5 32.02500 14
79.6 32.07154 14
79.7 32.11810 14
79.8 32.16468 14
79.9 32.21127 14
80.0 32.25790 14
80.1 32.30452 14
80.2 32.35116 14
80.3 32.39781 14
80.4 32.44450 14
80.5 32.49118 14
80.6 32.53788 14
80.7 32.58459 14
80.8 32.63134 14
80.9 32.67809 14
81.0 32.72484 14
81.1 32.77164 14
81.2 32.81843 14
81.3 32.86523 14
81.4 32.91205 14
81.5 33.15243 14
81.6 33.09379 14
81.7 33.10468 14
81.8 33.14416 14
81.9 33.19391 14
82.0 33.26076 14
82.1 33.35140 14
82.2 33.45494 14
82.3 33.53622 14
82.4 33.59626 14
82.5 33.64176 14
82.6 33.67927 14
82.7 33.71224 14
82.8 33.74333 14
82.9 33.77360 14
83.0 33.80299 14
83.1 33.83215 14
83.2 33.86161 14
83.3 33.89079 14
83.4 33.91970 14
83.5 33.94900 14
83.6 33.97787 14
83.7 34.00672 14
83.8 34.03872 14
83.9 34.07954 14
84.0 34.12419 14
84.1 34.17139 14
84.2 34.21864 14
84.3 34.26587 14
84.4 34.31312 14
84.5 34.36042 14
84.6 34.40770 14
84.7 34.45500 14
84.8 34.50234 14
84.9 34.54967 14
85.0 34.59701 14
85.1 34.64440 14
85.2 34.69177 14
85.3 34.73919 14
85.4 34.78660 14
85.5 34.83402 14
85.6 34.88148 14
85.7 34.92894 14
85.8 34.97641 14
85.9 35.02392 14
86.0 35.07142 14
86.1 35.11893 14
86.2 35.16649 14
86.3 35.21404 14
86.4 35.26163 14
86.5 35.30921 14
86.6 35.35680 14
86.7 35.55429 14
86.8 35.52243 14
86.9 35.54934 14
87.0 35.59419 14
87.1 35.64687 14
87.2 35.71571 14
87.3 35.80972 14
87.4 35.92324 14
87.5 36.00981 14
87.6 36.07409 14
87.7 36.12231 14
87.8 36.16099 14
87.9 36.19455 14
88.0 36.22617 14
88.1 36.25589 14
88.2 36.28542 14
88.3 36.31423 14
88.4 36.34288 14
88.5 36.37187 14
88.6 36.40060 14
88.7 36.42947 14
88.8 36.45791 14
88.9 36.48633 14
89.0 36.51516 14
89.1 36.54919 14
89.2 36.59073 14
89.3 36.63573 14
89.4 36.68373 14
89.5 36.73179 14
89.6 36.77983 14
89.7 36.82791 14
89.8 36.87598 14
89.9 36.92410 14
90.0 36.97220 14
90.1 37.02035 14
90.2 37.06848 14
90.3 37.11663 14
90.4 37.16483 14
90.5 37.21301 14
90.6 37.26124 14
90.7 37.30946 14
90.8 37.35772 14
90.9 37.40597 14
91.0 37.45423 14
91.1 37.50254 14
91.2 37.55083 14
91.3 37.59918 14
91.4 37.64750 14
91.5 37.69588 14
91.6 37.74424 14
91.7 37.79264 14
91.8 37.84104 14
91.9 37.88947 14
92.0 37.93790 14
92.1 37.98634 14
92.2 38.12569 14
92.3 38.14067 14
92.4 38.18136 14
92.5 38.23004 14
92.6 38.28660 14
92.7 38.36087 14
92.8 38.46289 14
92.9 38.58363 14
93.0 38.67439 14
93.1 38.74129 14
93.2 38.79107 14
93.3 38.83061 14
93.4 38.86485 14
93.5 38.89587 14
93.6 38.92608 14
93.7 38.95488 14
93.8 38.98373 14
93.9 39.01197 14
94.0 39.04052 14
94.1 39.06885 14
94.2 39.09727 14
94.3 39.12525 14
94.4 39.15363 14
94.5 39.18158 14
94.6 39.20995 14
94.7 39.24743 14
94.8 39.28975 14
94.9 39.33544 14
95.0 39.38436 14
95.1 39.43326 14
95.2 39.48220 14
95.3 39.53114 14
95.4 39.58012 14
95.5 39.62908 14
95.6 39.67809 14
95.7 39.72709 14
95.8 39.77614 14
95.9 39.82517 14
96.0 39.87425 14
96.1 39.92332 14
96.2 39.97243 14
96.3 40.02153 14
96.4 40.07067 14
96.5 40.11980 14
96.6 40.16898 14
96.7 40.21815 14
96.8 40.26736 14
96.9 40.31656 14
97.0 40.36580 14
97.1 40.41503 14
97.2 40.46431 14
97.3 40.51358 14
97.4 40.56289 14
97.5 40.61219 14
97.6 40.66153 14
97.7 40.71089 14
97.8 40.76024 14
97.9 40.80964 14
98.0 40.92773 14
98.1 40.96341 14
98.2 41.00820 14
98.3 41.06060 14
98.4 41.12141 14
98.5 41.20015 14
98.6 41.31196 14
98.7 41.43963 14
98.8 41.53591 14
98.9 41.60643 14
99.0 41.65845 14
99.1 41.69924 14
99.2 41.73404 14
99.3 41.76519 14
99.4 41.79528 14
99.5 41.82379 14
99.6 41.85227 14
99.7 41.88008 14
99.8 41.90819 14
99.9 41.93622 14
100.0 41.96404 14
100.1 41.99196 14
100.2 42.01944 14
100.3 42.04733 14
100.4 42.07479 14
100.5 42.10266 14
100.6 42.14363 14
100.7 42.18668 14
100.8 42.23264 14
100.9 42.28248 14
101.0 42.33237 14
101.1 42.38224 14
101.2 42.43216 14
101.3 42.48210 14
101.4 42.53202 14
101.5 42.58199 14
101.6 42.63195 14
101.7 42.68196 14
101.8 42.73195 14
101.9 42.78199 14
102.0 42.83205 14
102.1 42.88209 14
102.2 42.93218 14
102.3 42.98226 14
102.4 43.03239 14
102.5 43.08250 14
102.6 43.13266 14
102.7 43.18284 14
102.8 43.23300 14
102.9 43.28321 14
103.0 43.33341 14
103.1 43.38366 14
103.2 43.43392 14
103.3 43.48417 14
103.4 43.53447 14
103.5 43.58476 14
103.6 43.63510 14
103.7 43.68544 14
103.8 43.73578 14
103.9 43.78617 14
104.0 43.83654 14
104.1 43.95239 14
104.2 43.99179 14
104.3 44.03943 14
104.4 44.09445 14
104.5 44.15808 14
104.6 44.23849 14
104.7 44.34729 14
104.8 44.44128 14
104.9 44.50485 14
105.0 44.50000 14
105.1 44.50000 14
105.2 44.50000 14
105.3 44.50000 14
105.4 44.50000 14
105.5 44.50000 14
105.6 44.50000 14
105.7 44.50000 14
105.8 44.50000 14
105.9 44.50000 14
106.0 44.50000 14
106.1 44.50000 14
106.2 44.50000 14
106.3 44.50000 14
106.4 44.50000 14
106.5 44.50000 14
106.6 44.50000 14
106.7 44.50000 14
106.8 44.50000 14
106.9 44.50000 14
107.0 44.50000 14
107.1 44.50000 14
107.2 44.50000 14
107.3 44.50000 14
107.4 44.50000 14
107.5 44.50000 14
107.6 44.50000 14
107.7 44.50000 14
107.8 44.50000 14
107.9 44.50000 14
108.0 44.50000 14
108.1 44.50000 14
108.2 44.50000 14
108.3 44.50000 14
108.4 44.50000 14
108.5 44.50000 14
108.6 44.50000 14
108.7 44.50000 14
108.8 44.50000 14
108.9 44.50000 14
109.0 44.50000 14
109.1 44.50000 14
109.2 44.50000 14
109.3 44.50000 14
109.4 44.50000 14
109.5 44.50000 14
109.6 44.50000 14
109.7 44.50000 14
109.8 44.50000 14
109.9 44.50000 14
110.0 44.50000 14
110.1 44.50000 14
110.2 44.50000 14
110.3 44.50000 14
110.4 44.50000 14
110.5 44.50000 14
110.6 44.50000 14
110.7 44.50000 14
110.8 44.50000 14
110.9 44.50000 14
111.0 44.50000 14
111.1 44.50000 14
111.2 44.50000 14
111.3 44.50000 14
111.4 44.50000 14
111.5 44.50000 14
111.6 44.50000 14
111.7 44.50000 14
111.8 44.50000 14
111.9 44.50000 14
112.0 44.50000 14
112.1 44.50000 14
112.2 44.50000 14
112.3 44.50000 14
112.4 44.50000 14
112.5 44.50000 14
112.6 44.50000 14
112.7 44.50000 14
112.8 44.50000 14
112.9 44.50000 14
113.0 44.50000 14
113.1 44.50000 14
113.2 44.50000 14
113.3 44.50000 14
113.4 44.50000 14
113.5 44.50000 14
113.6 44.50000 14
113.7 44.50000 14
113.8 44.50000 14
113.9 44.50000 14
114.0 44.50000 14
114.1 44.50000 14
114.2 44.50000 14
114.3 44.50000 14
114.4 44.50000 14
114.5 44.50000 14
114.6 44.50000 14
114.7 44.50000 14
114.8 44.50000 14
114.9 44.50000 14
115.0 44.50000 14
115.1 44.50000 14
115.2 44.50000 14
115.3 44.50000 14
115.4 44.50000 14
115.5 44.50000 14
115.6 44.50000 14
115.7 44.50000 14
115.8 44.50000 14
115.9 44.50000 14
116.0 44.50000 14
116.1 44.50000 14
116.2 44.50000 14
116.3 44.50000 14
116.4 44.50000 14
116.5 44.50000 14
116.6 44.50000 14
116.7 44.50000 14
116.8 44.50000 14
116.9 44.50000 14
117.0 44.50000 14
117.1 44.50000 14
117.2 44.50000 14
117.3 44.50000 14
117.4 44.50000 14
117.5 44.50000 14
117.6 44.50000 14
117.7 44.50000 14
117.8 44.50000 14
117.9 44.50000 14
118.0 44.50000 14
118.1 44.50000 14
118.2 44.50000 14
118.3 44.50000 14
118.4 44.50000 14
118.5 44.50000 14
118.6 44.50000 14
118.7 44.50000 14
118.8 44.50000 14
118.9 44.50000 14
119.0 44.50000 14
119.1 44.50000 14
119.2 44.50000 14
119.3 44.50000 14
119.4 44.50000 14
119.5 44.50000 14
119.6 44.50000 14
119.7 44.50000 14
119.8 44.50000 14
119.9 44.50000 14
120.0 44.50000 14
120.1 44.50000 14
120.2 44.50000 14
120.3 44.50000 14
120.4 44.50000 14
120.5 44.50000 14
120.6 44.50000 14
120.7 44.50000 14
120.8 44.50000 14
120.9 44.50000 14
121.0 44.50000 14
121.1 44.50000 14
121.2 44.50000 14
121.3 44.50000 14
121.4 44.50000 14
121.5 44.50000 14
121.6 44.50000 14
121.7 44.50000 14
121.8 44.50000 14
121.9 44.50000 14
122.0 44.50000 14
122.1 44.50000 14
122.2 44.50000 14
122.3 44.50000 14
122.4 44.50000 14
122.5 44.50000 14
122.6 44.50000 14
122.7 44.50000 14
122.8 44.50000 14
122.9 44.50000 14
123.0 44.50000 14
123.1 44.50000 14
123.2 44.50000 14
123.3 44.50000 14
123.4 44.50000 14
123.5 44.50000 14
123.6 44.50000 14
123.7 44.50000 14
123.8 44.50000 14
123.9 44.50000 14
124.0 44.50000 14
124.1 44.50000 14
124.2 44.50000 14
124.3 44.50000 14
124.4 44.50000 14
124.5 44.50000 14
124.6 44.50000 14
124.7 44.50000 14
124.8 44.50000 14
124.9 44.50000 14
125.0 44.50000 14
125.1 44.50000 14
125.2 44.50000 14
125.3 44.50000 14
125.4 44.50000 14
125.5 44.50000 14
125.6 44.50000 14
125.7 44.50000 14
125.8 44.50000 14
125.9 44.50000 14
126.0 44.50000 14
126.1 44.50000 14
126.2 44.50000 14
126.3 44.50000 14
126.4 44.50000 14
126.5 44.50000 14
126.6 44.50000 14
126.7 44.50000 14
126.8 44.50000 14
126.9 44.50000 14
127.0 44.50000 14
127.1 44.50000 14
127.2 44.50000 14
127.3 44.50000 14
127.4 44.50000 14
127.5 44.50000 14
127.6 44.50000 14
127.7 44.50000 14
127.8 44.50000 14
127.9 44.50000 14
128.0 44.50000 14
128.1 44.50000 14
128.2 44.50000 14
128.3 44.50000 14
128.4 44.50000 14
128.5 44.50000 14
128.6 44.50000 14
128.7 44.50000 14
128.8 44.50000 14
128.9 44.50000 14
129.0 44.50000 14
129.1 44.50000 14
129.2 44.50000 14
129.3 44.50000 14
129.4 44.50000 14
129.5 44.50000 14
129.6 44.50000 14
129.7 44.50000 14
129.8 44.50000 14
129.9 44.50000 14
130.0 44.50000 14
130.1 44.50000 14
130.2 44.50000 14
130.3 44.50000 14
130.4 44.50000 14
130.5 44.50000 14
130.6 44.50000 14
130.7 44.50000 14
130.8 44.50000 14
130.9 44.50000 14
131.0 44.50000 14
131.1 44.50000 14
131.2 44.50000 14
131.3 44.50000 14
131.4 44.50000 14
131.5 44.50000 14
131.6 44.50000 14
131.7 44.50000 14
131.8 44.50000 14
131.9 44.50000 14
132.0 44.50000 14
132.1 44.50000 14
132.2 44.50000 14
132.3 44.50000 14
132.4 44.50000 14
132.5 44.50000 14
132.6 44.50000 14
132.7 44.50000 14
132.8 44.50000 14
132.9 44.50000 14
133.0 44.50000 14
133.1 44.50000 14
133.2 44.50000 14
133.3 44.50000 14
133.4 44.50000 14
133.5 44.50000 14
133.6 44.50000 14
133.7 44.50000 14
133.8 44.50000 14
133.9 44.50000 14
134.0 44.50000 14
134.1 44.50000 14
134.2 44.50000 14
134.3 44.50000 14
134.4 44.50000 14
134.5 44.50000 14
134.6 44.50000 14
134.7 44.50000 14
134.8 44.50000 14
134.9 44.50000 14
135.0 44.50000 14
135.1 44.50000 14
135.2 44.50000 14
135.3 44.50000 14
135.4 44.50000 14
135.5 44.50000 14
135.6 44.50000 14
135.7 44.50000 14
135.8 44.50000 14
135.9 44.50000 14
136.0 44.50000 14
136.1 44.50000 14
136.2 44.50000 14
136.3 44.50000 14
136.4 44.50000 14
136.5 44.50000 14
136.6 44.50000 14
136.7 44.50000 14
136.8 44.50000 14
136.9 44.50000 14
137.0 44.50000 14
137.1 44.50000 14
137.2 44.50000 14
137.3 44.50000 14
137.4 44.50000 14
137.5 44.50000 14
137.6 44.50000 14
137.7 44.50000 14
137.8 44.50000 14
137.9 44.50000 14
138.0 44.50000 14
138.1 44.50000 14
138.2 44.50000 14
138.3 44.50000 14
138.4 44.50000 14
138.5 44.50000 14
138.6 44.50000 14
138.7 44.50000 14
138.8 44.50000 14
138.9 44.50000 14
139.0 44.50000 14
139.1 44.50000 14
139.2 44.50000 14
139.3 44.50000 14
139.4 44.50000 14
139.5 44.50000 14
139.6 44.50000 14
139.7 44.50000 14
139.8 44.50000 14
139.9 44.50000 14
140.0 44.50000 14
140.1 44.50000 14
140.2 44.50000 14
140.3 44.50000 14
140.4 44.50000 14
140.5 44.50000 14
140.6 44.50000 14
140.7 44.50000 14
140.8 44.50000 14
140.9 44.50000 14
141.0 44.50000 14
141.1 44.50000 14
141.2 44.50000 14
141.3 44.50000 14
141.4 44.50000 14
141.5 44.50000 14
141.6 44.50000 14
141.7 44.50000 14
141.8 44.50000 14
141.9 44.50000 14
142.0 44.50000 14
142.1 44.50000 14
142.2 44.50000 14
142.3 44.50000 14
142.4 44.50000 14
142.5 44.50000 14
142.6 44.50000 14
142.7 44.50000 14
142.8 44.50000 14
142.9 44.50000 14
143.0 44.50000 14
143.1 44.50000 14
143.2 44.50000 14
143.3 44.50000 14
143.4 44.50000 14
143.5 44.50000 14
143.6 44.50000 14
143.7 44.50000 14
143.8 44.50000 14
143.9 44.50000 14
144.0 44.50000 14
144.1 44.50000 14
144.2 44.50000 14
144.3 44.50000 14
144.4 44.50000 14
144.5 44.50000 14
144.6 44.50000 14
144.7 44.50000 14
144.8 44.50000 14
144.9 44.50000 14
145.0 44.50000 14
145.1 44.50000 14
145.2 44.50000 14
145.3 44.50000 14
145.4 44.50000 14
145.5 44.50000 14
145.6 44.50000 14
145.7 44.50000 14
145.8 44.50000 14
145.9 44.50000 14
146.0 44.50000 14
146.1 44.50000 14
146.2 44.50000 14
146.3 44.50000 14
146.4 44.50000 14
146.5 44.50000 14
146.6 44.50000 14
146.7 44.50000 14
146.8 44.50000 14
146.9 44.50000 14
147.0 44.50000 14
147.1 44.50000 14
147.2 44.50000 14
147.3 44.50000 14
147.4 44.50000 14
147.5 44.50000 14
147.6 44.50000 14
147.7 44.50000 14
147.8 44.50000 14
147.9 44.50000 14
148.0 44.50000 14
148.1 44.50000 14
148.2 44.50000 14
148.3 44.50000 14
148.4 44.50000 14
148.5 44.50000 14
148.6 44.50000 14
148.7 44.50000 14
148.8 44.50000 14
148.9 44.50000 14
149.0 44.50000 14
149.1 44.50000 14
149.2 44.50000 14
149.3 44.50000 14
149.4 44.50000 14
149.5 44.50000 14
149.6 44.50000 14
149.7 44.50000 14
149.8 44.50000 14
149.9 44.50000 14
150.0 44.50000 14
150.1 44.50000 14
150.2 44.50000 14
150.3 44.50000 14
150.4 44.50000 14
150.5 44.50000 14
150.6 44.50000 14
150.7 44.50000 14
150.8 44.50000 14
150.9 44.50000 14
151.0 44.50000 14
151.1 44.50000 14
151.2 44.50000 14
151.3 44.50000 14
151.4 44.50000 14
151.5 44.50000 14
151.6 44.50000 14
151.7 44.50000 14
151.8 44.50000 14
151.9 44.50000 14
152.0 44.50000 14
152.1 44.50000 14
152.2 44.50000 14
152.3 44.50000 14
152.4 44.50000 14
152.5 44.50000 14
152.6 44.50000 14
152.7 44.50000 14
152.8 44.50000 14
152.9 44.50000 14
153.0 44.50000 14
153.1 44.50000 14
153.2 44.50000 14
153.3 44.50000 14
153.4 44.50000 14
153.5 44.50000 14
153.6 44.50000 14
153.7 44.50000 14
153.8 44.50000 14
153.9 44.50000 14
154.0 44.50000 14
154.1 44.50000 14
154.2 44.50000 14
154.3 44.50000 14
154.4 44.50000 14
154.5 44.50000 14
154.6 44.50000 14
154.7 44.50000 14
154.8 44.50000 14
154.9 44.50000 14
155.0 44.50000 14
155.1 44.50000 14
155.2 44.50000 14
155.3 44.50000 14
155.4 44.50000 14
155.5 44.50000 14
155.6 44.50000 14
155.7 44.50000 14
155.8 44.50000 14
155.9 44.50000 14
156.0 44.50000 14
156.1 44.50000 14
156.2 44.50000 14
156.3 44.50000 14
156.4 44.50000 14
156.5 44.50000 14
156.6 44.50000 14
156.7 44.50000 14
156.8 44.50000 14
156.9 44.50000 14
157.0 44.50000 14
157.1 44.50000 14
157.2 44.50000 14
157.3 44.50000 14
157.4 44.50000 14
157.5 44.50000 14
157.6 44.50000 14
157.7 44.50000 14
157.8 44.50000 14
157.9 44.50000 14
158.0 44.50000 14
158.1 44.50000 14
158.2 44.50000 14
158.3 44.50000 14
158.4 44.50000 14
158.5 44.50000 14
158.6 44.50000 14
158.7 44.50000 14
158.8 44.50000 14
158.9 44.50000 14
159.0 44.50000 14
159.1 44.50000 14
159.2 44.50000 14
159.3 44.50000 14
159.4 44.50000 14
159.5 44.50000 14
159.6 44.50000 14
159.7 44.50000 14
159.8 44.50000 14
159.9 44.50000 14
160.0 44.50000 14
160.1 44.50000 14
160.2 44.50000 14
160.3 44.50000 14
160.4 44.50000 14
160.5 44.50000 14
160.6 44.50000 14
160.7 44.50000 14
160.8 44.50000 14
160.9 44.50000 14
161.0 44.50000 14
161.1 44.50000 14
161.2 44.50000 14
161.3 44.50000 14
161.4 44.50000 14
161.5 44.50000 14
161.6 44.50000 14
161.7 44.50000 14
161.8 44.50000 14
161.9 44.50000 14
162.0 44.50000 14
162.1 44.50000 14
162.2 44.50000 14
162.3 44.50000 14
162.4 44.50000 14
162.5 44.50000 14
162.6 44.50000 14
162.7 44.50000 14
162.8 44.50000 14
162.9 44.50000 14
163.0 44.50000 14
163.1 44.50000 14
163.2 44.50000 14
163.3 44.50000 14
163.4 44.50000 14
163.5 44.50000 14
163.6 44.50000 14
163.7 44.50000 14
163.8 44.50000 14
163.9 44.50000 14
164.0 44.50000 14
164.1 44.50000 14
164.2 44.50000 14
164.3 44.50000 14
164.4 44.50000 14
164.5 44.50000 14
164.6 44.50000 14
164.7 44.50000 14
164.8 44.50000 14
164.9 44.50000 14
165.0 44.50000 14
165.1 44.50000 14
165.2 44.50000 14
165.3 44.50000 14
165.4 44.50000 14
165.5 44.50000 14
165.6 44.50000 14
165.7 44.50000 14
165.8 44.50000 14
165.9 44.50000 14
166.0 44.50000 14
166.1 44.50000 14
166.2 44.50000 14
166.3 44.50000 14
166.4 44.50000 14
166.5 44.50000 14
166.6 44.50000 14
166.7 44.50000 14
166.8 44.50000 14
166.9 44.50000 14
167.0 44.50000 14
167.1 44.50000 14
167.2 44.50000 14
167.3 44.50000 14
167.4 44.50000 14
167.5 44.50000 14
167.6 44.50000 14
167.7 44.50000 14
167.8 44.50000 14
167.9 44.50000 14
168.0 44.50000 14
168.1 44.50000 14
168.2 44.50000 14
168.3 44.50000 14
168.4 44.50000 14
168.5 44.50000 14
168.6 44.50000 14
168.7 44.50000 14
168.8 44.50000 14
168.9 44.50000 14
169.0 44.50000 14
169.1 44.50000 14
169.2 44.50000 14
169.3 44.50000 14
169.4 44.50000 14
169.5 44.50000 14
169.6 44.50000 14
169.7 44.50000 14
169.8 44.50000 14
169.9 44.50000 14
170.0 44.50000 14
170.1 44.50000 14
170.2 44.50000 14
170.3 44.50000 14
170.4 44.50000 14
170.5 44.50000 14
170.6 44.50000 14
170.7 44.50000 14
170.8 44.50000 14
170.9 44.50000 14
171.0 44.50000 14
171.1 44.50000 14
171.2 44.50000 14
171.3 44.50000 14
171.4 44.50000 14
171.5 44.50000 14
171.6 44.50000 14
171.7 44.50000 14
171.8 44.50000 14
171.9 44.50000 14
172.0 44.50000 14
172.1 44.50000 14
172.2 44.50000 14
172.3 44.50000 14
172.4 44.50000 14
172.5 44.50000 14
172.6 44.50000 14
172.7 44.50000 14
172.8 44.50000 14
172.9 44.50000 14
173.0 44.50000 14
173.1 44.50000 14
173.2 44.50000 14
173.3 44.50000 14
173.4 44.50000 14
173.5 44.50000 14
173.6 44.50000 14
173.7 44.50000 14
173.8 44.50000 14
173.9 44.50000 14
174.0 44.50000 14
174.1 44.50000 14
174.2 44.50000 14
174.3 44.50000 14
174.4 44.50000 14
174.5 44.50000 14
174.6 44.50000 14
174.7 44.50000 14
174.8 44.50000 14
174.9 44.50000 14
175.0 44.50000 14
175.1 44.50000 14
175.2 44.50000 14
175.3 44.50000 14
175.4 44.50000 14
175.5 44.50000 14
175.6 44.50000 14
175.7 44.50000 14
175.8 44.50000 14
175.9 44.50000 14
176.0 44.50000 14
176.1 44.50000 14
176.2 44.50000 14
176.3 44.50000 14
176.4 44.50000 14
176.5 44.50000 14
176.6 44.50000 14
176.7 44.50000 14
176.8 44.50000 14
176.9 44.50000 14
177.0 44.50000 14
177.1 44.50000 14
177.2 44.50000 14
177.3 44.50000 14
177.4 44.50000 14
177.5 44.50000 14
177.6 44.50000 14
177.7 44.50000 14
177.8 44.50000 14
177.9 44.50000 14
178.0 44.50000 14
178.1 44.50000 14
178.2 44.50000 14
178.3 44.50000 14
178.4 44.50000 14
178.5 44.50000 14
178.6 44.50000 14
178.7 44.50000 14
178.8 44.50000 14
178.9 44.50000 14
179.0 44.50000 14
179.1 44.50000 14
179.2 44.50000 14
179.3 44.50000 14
179.4 44.50000 14
179.5 44.50000 14
179.6 44.50000 14
179.7 44.50000 14
179.8 44.50000 14
179.9 44.50000 14
180.0 44.50000 14
180.1 44.50000 14
180.2 44.50000 14
180.3 44.50000 14
180.4 44.50000 14
180.5 44.50000 14
180.6 44.50000 14
180.7 44.50000 14
180.8 44.50000 14
180.9 44.50000 14
181.0 44.50000 14
181.1 44.50000 14
181.2 44.50000 14
181.3 44.50000 14
181.4 44.50000 14
181.5 44.50000 14
181.6 44.50000 14
181.7 44.50000 14
181.8 44.50000 14
181.9 44.50000 14
182.0 44.50000 14
182.1 44.50000 14
182.2 44.50000 14
182.3 44.50000 14
182.4 44.50000 14
182.5 44.50000 14
182.6 44.50000 14
182.7 44.50000 14
182.8 44.50000 14
182.9 44.50000 14
183.0 44.50000 14
183.1 44.50000 14
183.2 44.50000 14
183.3 44.50000 14
183.4 44.50000 14
183.5 44.50000 14
183.6 44.50000 14
183.7 44.50000 14
183.8 44.50000 14
183.9 44.50000 14
184.0 44.50000 14
184.1 44.50000 14
184.2 44.50000 14
184.3 44.50000 14
184.4 44.50000 14
184.5 44.50000 14
184.6 44.50000 14
184.7 44.50000 14
184.8 44.50000 14
184.9 44.50000 14
185.0 44.50000 14
185.1 44.50000 14
185.2 44.50000 14
185.3 44.50000 14
185.4 44.50000 14
185.5 44.50000 14
185.6 44.50000 14
185.7 44.50000 14
185.8 44.50000 14
185.9 44.50000 14
186.0 44.50000 14
186.1 44.50000 14
186.2 44.50000 14
186.3 44.50000 14
186.4 44.50000 14
186.5 44.50000 14
186.6 44.50000 14
186.7 44.50000 14
186.8 44.50000 14
186.9 44.50000 14
187.0 44.50000 14
187.1 44.50000 14
187.2 44.50000 14
187.3 44.50000 14
187.4 44.50000 14
187.5 44.50000 14
187.6 44.50000 14
187.7 44.50000 14
187.8 44.50000 14
187.9 44.50000 14
188.0 44.50000 14
188.1 44.50000 14
188.2 44.50000 14
188.3 44.50000 14
188.4 44.50000 14
188.5 44.50000 14
188.6 44.50000 14
188.7 44.50000 14
188.8 44.50000 14
188.9 44.50000 14
189.0 44.50000 14
189.1 44.50000 14
189.2 44.50000 14
189.3 44.50000 14
189.4 44.50000 14
189.5 44.50000 14
189.6 44.50000 14
189.7 44.50000 14
189.8 44.50000 14
189.9 44.50000 14
190.0 44.50000 14
190.1 44.50000 14
190.2 44.50000 14
190.3 44.50000 14
190.4 44.50000 14
190.5 44.50000 14
190.6 44.50000 14
190.7 44.50000 14
190.8 44.50000 14
190.9 44.50000 14
191.0 44.50000 14
191.1 44.50000 14
191.2 44.50000 14
191.3 44.50000 14
191.4 44.50000 14
191.5 44.50000 14
191.6 44.50000 14
191.7 44.50000 14
191.8 44.50000 14
191.9 44.50000 14
192.0 44.50000 14
192.1 44.50000 14
192.2 44.50000 14
192.3 44.50000 14
192.4 44.50000 14
192.5 44.50000 14
192.6 44.50000 14
192.7 44.50000 14
192.8 44.50000 14
192.9 44.50000 14
193.0 44.50000 14
193.1 44.50000 14
193.2 44.50000 14
193.3 44.50000 14
193.4 44.50000 14
193.5 44.50000 14
193.6 44.50000 14
193.7 44.50000 14
193.8 44.50000 14
193.9 44.50000 14
194.0 44.50000 14
194.1 44.50000 14
194.2 44.50000 14
194.3 44.50000 14
194.4 44.50000 14
194.5 44.50000 14
194.6 44.50000 14
194.7 44.50000 14
194.8 44.50000 14
194.9 44.50000 14
195.0 44.50000 14
195.1 44.50000 14
195.2 44.50000 14
195.3 44.50000 14
195.4 44.50000 14
195.5 44.50000 14
195.6 44.50000 14
195.7 44.50000 14
195.8 44.50000 14
195.9 0.00000 15
196.0 0.00000 15
196.1 44.50000 14
196.2 44.50000 14
196.3 0.00000 15
196.4 0.00000 15
196.5 0.00000 15
196.6 0.00000 15
196.7 0.00000 15
196.8 0.00000 15
196.9 0.00000 15
197.0 0.00000 15
197.1 0.00000 15
197.2 0.00000 15
197.3 0.00000 15
197.4 0.00000 15
197.5 0.00000 15
197.6 0.00000 15
197.7 0.00000 15
197.8 0.00000 15
197.9 0.00000 15
198.0 0.00000 15
198.1 0.00000 15
198.2 0.00000 15
198.3 0.00000 15
198.4 0.00000 15
198.5 0.00000 15
198.6 0.00000 15
198.7 0.00000 15
198.8 0.00000 15
198.9 0.00000 15
199.0 0.00000 15
199.1 0.00000 15
199.2 0.00000 15
199.3 0.00000 15
199.4 0.00000 15
199.5 0.00000 15
199.6 0.00000 15
199.7 0.00000 15
199.8 0.00000 15
199.9 0.00000 15
200.0 0.00000 15
200.1 0.00000 15
200.2 0.00000 15
200.3 0.00000 15
200.4 0.00000 15
200.5 0.00000 15
200.6 0.00000 15
200.7 0.00000 15
200.8 0.00000 15
200.9 0.00000 15
201.0 0.00000 15
201.1 0.00000 15
201.2 0.00000 15
201.3 0.00000 15
201.4 0.00000 15
201.5 0.00000 15
201.6 0.00000 15
201.7 0.00000 15
201.8 0.00000 15
201.9 0.00000 15
202.0 0.00000 15
202.1 0.00000 15
202.2 0.00000 15
202.3 0.00000 15
202.4 0.00000 15
202.5 0.00000 15
202.6 0.00000 15
202.7 0.00000 15
202.8 0.00000 15
202.9 0.00000 15
203.0 0.00000 15
203.1 0.00000 15
203.2 0.00000 15
203.3 0.00000 15
203.4 0.00000 15
203.5 0.00000 15
203.6 0.00000 15
203.7 0.00000 15
203.8 0.00000 15
203.9 0.00000 15
204.0 0.00000 15
204.1 0.00000 15
204.2 0.00000 15
204.3 0.00000 15
204.4 0.00000 15
204.5 0.00000 15
204.6 0.00000 15
204.7 0.00000 15
204.8 0.00000 15
204.9 0.00000 15
205.0 0.00000 15
205.1 0.00000 15
205.2 0.00000 15
205.3 0.00000 15
205.4 0.00000 15
205.5 0.00000 15
205.6 0.00000 15
205.7 0.00000 15
205.8 0.00000 15
205.9 0.00000 15
206.0 0.00000 15
206.1 0.00000 15
206.2 0.00000 15
206.3 0.00000 15
206.4 0.00000 15
206.5 0.00000 15
206.6 0.00000 15
206.7 0.00000 15
206.8 0.00000 15
206.9 0.00000 15
207.0 0.00000 15
207.1 0.00000 15
207.2 0.00000 15
207.3 0.00000 15
207.4 0.00000 15
207.5 0.00000 15
207.6 0.00000 15
207.7 0.00000 15
207.8 0.00000 15
207.9 0.00000 15
208.0 0.00000 15
208.1 0.00000 15
208.2 0.00000 15
208.3 0.00000 15
208.4 0.00000 15
208.5 0.00000 15
208.6 0.00000 15
208.7 0.00000 15
208.8 0.00000 15
208.9 0.00000 15
209.0 0.00000 15
209.1 0.00000 15
209.2 0.00000 15
209.3 0.00000 15
209.4 0.00000 15
209.5 0.00000 15
209.6 0.00000 15
209.7 0.00000 15
209.8 0.00000 15
209.9 0.00000 15
210.0 0.00000 15
210.1 0.00000 15
210.2 0.00000 15
210.3 0.00000 15
210.4 0.00000 15
210.5 0.00000 15
210.6 0.00000 15
210.7 0.00000 15
210.8 0.00000 15
210.9 0.00000 15
211.0 0.00000 15
211.1 0.00000 15
211.2 0.00000 15
211.3 0.00000 15
211.4 0.00000 15
211.5 0.00000 15
211.6 0.00000 15
211.7 0.00000 15
211.8 0.00000 15
211.9 0.00000 15
212.0 0.00000 15
212.1 0.00000 15
212.2 0.00000 15
212.3 0.00000 15
212.4 0.00000 15
212.5 0.00000 15
212.6 0.00000 15
212.7 0.00000 15
212.8 0.00000 15
212.9 0.00000 15
213.0 0.00000 15
213.1 0.00000 15
213.2 0.00000 15
213.3 0.00000 15
213.4 0.00000 15
213.5 0.00000 15
213.6 0.00000 15
213.7 0.00000 15
213.8 0.00000 15
213.9 0.00000 15
214.0 0.00000 15
214.1 0.00000 15
214.2 0.00000 15
214.3 0.00000 15
214.4 0.00000 15
214.5 0.00000 15
214.6 0.00000 15
214.7 0.00000 15
214.8 0.00000 15
214.9 0.00000 15
215.0 0.00000 15
215.1 0.00000 15
215.2 0.00000 15
215.3 0.00000 15
215.4 0.00000 15
215.5 0.00000 15
215.6 0.00000 15
215.7 0.00000 15
215.8 0.00000 15
215.9 0.00000 15
216.0 0.00000 15
216.1 0.00000 15
216.2 0.00000 15
216.3 0.00000 15
216.4 0.00000 15
216.5 0.00000 15
216.6 0.00000 15
216.7 0.00000 15
216.8 0.00000 15
216.9 0.00000 15
217.0 0.00000 15
217.1 0.00000 15
217.2 0.00000 15
217.3 0.00000 15
217.4 0.00000 15
217.5 0.00000 15
217.6 0.00000 15
217.7 0.00000 15
217.8 0.00000 15
217.9 0.00000 15
218.0 0.00000 15
218.1 0.00000 15
218.2 0.00000 15
218.3 0.00000 15
218.4 0.00000 15
218.5 0.00000 15
218.6 0.00000 15
218.7 0.00000 15
218.8 0.00000 15
218.9 0.00000 15
219.0 0.00000 15
219.1 0.00000 15
219.2 0.00000 15
219.3 0.00000 15
219.4 0.00000 15
219.5 0.00000 15
219.6 0.00000 15
219.7 0.00000 15
219.8 0.00000 15
219.9 0.00000 15
220.0 0.00000 15
220.1 0.00000 15
220.2 0.00000 15
220.3 0.00000 15
220.4 0.00000 15
220.5 0.00000 15
220.6 0.00000 15
220.7 0.00000 15
220.8 0.00000 15
220.9 0.00000 15
221.0 0.00000 15
221.1 0.00000 15
221.2 0.00000 15
221.3 0.00000 15
221.4 0.00000 15
221.5 0.00000 15
221.6 0.00000 15
221.7 0.00000 15
221.8 0.00000 15
221.9 0.00000 15
222.0 0.00000 15
222.1 0.00000 15
222.2 0.00000 15
222.3 0.00000 15
222.4 0.00000 15
222.5 0.00000 15
222.6 0.00000 15
222.7 0.00000 15
222.8 0.00000 15
222.9 0.00000 15
223.0 0.00000 15
223.1 0.00000 15
223.2 0.00000 15
223.3 0.00000 15
223.4 0.00000 15
223.5 0.00000 15
223.6 0.00000 15
223.7 0.00000 15
223.8 0.00000 15
223.9 0.00000 15
224.0 0.00000 15
224.1 0.00000 15
224.2 0.00000 15
224.3 0.00000 15
224.4 0.00000 15
224.5 0.00000 15
224.6 0.00000 15
224.7 0.00000 15
224.8 0.00000 15
224.9 0.00000 15
225.0 0.00000 15
225.1 0.00000 15
225.2 0.00000 15
225.3 0.00000 15
225.4 0.00000 15
225.5 0.00000 15
225.6 0.00000 15
225.7 0.00000 15
225.8 0.00000 15
225.9 0.00000 15
226.0 0.00000 15
226.1 0.00000 15
226.2 0.00000 15
226.3 0.00000 15
226.4 0.00000 15
226.5 0.00000 15
226.6 0.00000 15
226.7 0.00000 15
226.8 0.00000 15
226.9 0.00000 15
227.0 0.00000 15
227.1 0.00000 15
227.2 0.00000 15
227.3 0.00000 15
227.4 0.00000 15
227.5 0.00000 15
227.6 0.00000 15
227.7 0.00000 15
227.8 0.00000 15
227.9 0.00000 15
228.0 0.00000 15
228.1 0.00000 15
228.2 0.00000 15
228.3 0.00000 15
228.4 0.00000 15
228.5 0.00000 15
228.6 0.00000 15
228.7 0.00000 15
228.8 0.00000 15
228.9 0.00000 15
229.0 0.00000 15
229.1 0.00000 15
229.2 0.00000 15
229.3 0.00000 15
229.4 0.00000 15
229.5 0.00000 15
229.6 0.00000 15
229.7 0.00000 15
229.8 0.00000 15
229.9 0.00000 15
230.0 0.00000 15
230.1 0.00000 15
230.2 0.00000 15
230.3 0.00000 15
230.4 0.00000 15
230.5 0.00000 15
230.6 0.00000 15
230.7 0.00000 15
230.8 0.00000 15
230.9 0.00000 15
231.0 0.00000 15
231.1 0.00000 15
231.2 0.00000 15
231.3 0.00000 15
231.4 0.00000 15
231.5 0.00000 15
231.6 0.00000 15
231.7 0.00000 15
231.8 0.00000 15
231.9 0.00000 15
232.0 0.00000 15
232.1 0.00000 15
232.2 0.00000 15
232.3 0.00000 15
232.4 0.00000 15
232.5 0.00000 15
232.6 0.00000 15
232.7 0.00000 15
232.8 0.00000 15
232.9 0.00000 15
233.0 0.00000 15
233.1 0.00000 15
233.2 0.00000 15
233.3 0.00000 15
233.4 0.00000 15
233.5 0.00000 15
233.6 0.00000 15
233.7 0.00000 15
233.8 0.00000 15
233.9 0.00000 15
234.0 0.00000 15
234.1 0.00000 15
234.2 0.00000 15
234.3 0.00000 15
234.4 0.00000 15
234.5 0.00000 15
234.6 0.00000 15
234.7 0.00000 15
234.8 0.00000 15
234.9 0.00000 15
235.0 0.00000 15
235.1 0.00000 15
235.2 0.00000 15
235.3 0.00000 15
235.4 0.00000 15
235.5 0.00000 15
235.6 0.00000 15
235.7 0.00000 15
235.8 0.00000 15
235.9 0.00000 15
236.0 0.00000 15
236.1 0.00000 15
236.2 0.00000 15
236.3 0.00000 15
236.4 0.00000 15
236.5 0.00000 15
236.6 0.00000 15
236.7 0.00000 15
236.8 0.00000 15
236.9 0.00000 15
237.0 0.00000 15
237.1 0.00000 15
237.2 0.00000 15
237.3 0.00000 15
237.4 0.00000 15
237.5 0.00000 15
237.6 0.00000 15
237.7 0.00000 15
237.8 0.00000 15
237.9 0.00000 15
238.0 0.00000 15
238.1 0.00000 15
238.2 0.00000 15
238.3 0.00000 15
238.4 0.00000 15
238.5 0.00000 15
238.6 0.00000 15
238.7 0.00000 15
238.8 0.00000 15
238.9 0.00000 15
239.0 0.00000 15
239.1 0.00000 15
239.2 0.00000 15
239.3 0.00000 15
239.4 0.00000 15
239.5 0.00000 15
239.6 0.00000 15
239.7 0.00000 15
239.8 0.00000 15
239.9 0.00000 15
240.0 0.00000 15
240.1 0.00000 15
240.2 0.00000 15
240.3 0.00000 15
240.4 0.00000 15
240.5 0.00000 15
240.6 0.00000 15
240.7 0.00000 15
240.8 0.00000 15
240.9 0.00000 15
241.0 0.00000 15
241.1 0.00000 15
241.2 0.00000 15
241.3 0.00000 15
241.4 0.00000 15
241.5 0.00000 15
241.6 0.00000 15
241.7 0.00000 15
241.8 0.00000 15
241.9 0.00000 15
242.0 0.00000 15
242.1 0.00000 15
242.2 0.00000 15
242.3 0.00000 15
242.4 0.00000 15
242.5 0.00000 15
242.6 0.00000 15
242.7 0.00000 15
242.8 0.00000 15
242.9 0.00000 15
243.0 0.00000 15
243.1 0.00000 15
243.2 0.00000 15
243.3 0.00000 15
243.4 0.00000 15
243.5 0.00000 15
243.6 0.00000 15
243.7 0.00000 15
243.8 0.00000 15
243.9 0.00000 15
244.0 0.00000 15
244.1 0.00000 15
244.2 0.00000 15
244.3 0.00000 15
244.4 0.00000 15
244.5 0.00000 15
244.6 0.00000 15
244.7 0.00000 15
244.8 0.00000 15
244.9 0.00000 15
245.0 0.00000 15
245.1 0.00000 15
245.2 0.00000 15
245.3 0.00000 15
245.4 0.00000 15
245.5 0.00000 15
245.6 0.00000 15
245.7 0.00000 15
245.8 0.00000 15
245.9 0.00000 15
246.0 0.00000 15
246.1 0.00000 15
246.2 0.00000 15
246.3 0.00000 15
246.4 0.00000 15
246.5 0.00000 15
246.6 0.00000 15
246.7 0.00000 15
246.8 0.00000 15
246.9 0.00000 15
247.0 0.00000 15
247.1 0.00000 15
247.2 0.00000 15
247.3 0.00000 15
247.4 0.00000 15
247.5 0.00000 15
247.6 0.00000 15
247.7 0.00000 15
247.8 0.00000 15
247.9 0.00000 15
248.0 0.00000 15
248.1 0.00000 15
248.2 0.00000 15
248.3 0.00000 15
248.4 0.00000 15
248.5 0.00000 15
248.6 0.00000 15
248.7 0.00000 15
248.8 0.00000 15
248.9 0.00000 15
249.0 0.00000 15
249.1 0.00000 15
249.2 0.00000 15
249.3 0.00000 15
249.4 0.00000 15
249.5 0.00000 15
249.6 0.00000 15
249.7 0.00000 15
249.8 0.00000 15
249.9 0.00000 15
250.0 0.00000 15
