15.0 1.53652 13
15.1 1.54840 13
15.2 1.56034 13
15.3 1.57233 13
15.4 1.58439 13
15.5 1.59605 13
15.6 1.60822 13
15.7 1.61997 13
15.8 1.63176 13
15.9 1.64360 13
16.0 1.65548 13
16.1 1.66741 13
16.2 1.67939 13
16.3 1.80546 13
16.4 1.84715 13
16.5 1.88942 13
16.6 1.93001 13
16.7 1.97341 13
16.8 2.01495 13
16.9 2.05695 13
17.0 2.10202 13
17.1 2.14500 13
17.2 2.18844 13
17.3 2.23233 13
17.4 2.27669 13
17.5 2.32152 13
17.6 2.36683 13
17.7 2.40932 13
17.8 2.45547 13
17.9 2.47165 14
18.0 2.53167 14
18.1 2.59748 14
18.2 2.65902 14
18.3 2.72672 14
18.4 2.78982 14
18.5 2.85945 14
18.6 2.92414 14
18.7 2.98955 14
18.8 3.05568 14
18.9 3.12912 14
19.0 3.19691 14
19.1 3.26544 14
19.2 3.33471 14
19.3 3.40475 14
19.4 3.47554 14
19.5 3.54710 14
19.6 3.61943 14
19.7 3.69254 14
19.8 3.76643 14
19.9 3.84112 14
20.0 3.91661 14
20.1 3.99290 14
20.2 4.07000 14
20.3 4.14792 14
20.4 4.21676 14
20.5 4.29608 14
20.6 4.37624 14
20.7 4.45724 14
20.8 4.52817 14
20.9 4.61061 14
21.0 4.69391 14
21.1 4.77808 14
21.2 4.85111 14
21.3 4.93675 14
21.4 5.01073 14
21.5 5.09785 14
21.6 5.18587 14
21.7 5.26138 14
21.8 5.35092 14
21.9 5.42736 14
22.0 5.51842 14
22.1 5.59580 14
22.2 5.68840 14
22.3 5.76672 14
22.4 5.86088 14
22.5 5.94013 14
22.6 6.03586 14
22.7 6.11605 14
22.8 6.21337 14
22.9 6.29450 14
23.0 6.42290 14
23.1 6.53684 14
23.2 6.65175 14
23.3 6.79360 14
23.4 6.91100 14
23.5 7.02937 14
23.6 7.17657 14
23.7 7.29749 14
23.8 7.44860 14
23.9 7.57210 14
24.0 7.69659 14
24.1 7.82207 14
24.2 8.04675 14
24.3 8.17433 14
24.4 8.30291 14
24.5 8.46642 14
24.6 8.54029 14
24.7 8.61410 14
24.8 8.70816 14
24.9 8.78267 14
25.0 8.85738 14
25.1 8.93230 14
25.2 9.02877 14
25.3 9.10439 14
25.4 9.18022 14
25.5 9.25624 14
25.6 9.33247 14
25.7 9.43191 14
25.8 9.50885 14
25.9 9.58598 14
26.0 9.66331 14
26.1 9.74083 14
26.2 9.84332 14
26.3 9.92156 14
26.4 9.99999 14
26.5 10.07861 14
26.6 10.15742 14
26.7 10.26304 14
26.8 10.34257 14
26.9 10.42228 14
27.0 10.50219 14
27.1 10.58228 14
27.2 10.66255 14
27.3 10.74300 14
27.4 10.85291 14
27.5 10.93409 14
27.6 11.01546 14
27.7 11.09700 14
27.8 11.17872 14
27.9 11.26061 14
28.0 11.34268 14
28.1 11.42493 14
28.2 11.53982 14
28.3 11.62624 14
28.4 11.72635 14
28.5 11.82668 14
28.6 11.92721 14
28.7 12.02794 14
28.8 12.12888 14
28.9 12.23001 14
29.0 12.33134 14
29.1 12.43287 14
29.2 12.57878 14
29.3 12.68119 14
29.4 12.78380 14
29.5 12.88659 14
29.6 12.98956 14
29.7 13.09273 14
29.8 13.19607 14
29.9 13.29960 14
30.0 13.40330 14
30.1 13.50718 14
30.2 13.61124 14
30.3 13.71546 14
30.4 13.81986 14
30.5 13.92443 14
30.6 14.08095 14
30.7 14.18639 14
30.8 14.29199 14
30.9 14.39776 14
31.0 14.50369 14
31.1 14.60978 14
31.2 14.71603 14
31.3 14.82243 14
31.4 14.92898 14
31.5 15.03569 14
31.6 15.14255 14
31.7 15.24956 14
31.8 15.35671 14
31.9 15.46401 14
32.0 15.57145 14
32.1 15.67903 14
32.2 15.78675 14
32.3 15.89461 14
32.4 16.00260 14
32.5 16.11073 14
32.6 16.21899 14
32.7 16.32738 14
32.8 16.43590 14
32.9 16.54455 14
33.0 16.65332 14
33.1 16.76222 14
33.2 16.87124 14
33.3 16.98038 14
33.4 17.08964 14
33.5 17.19901 14
33.6 17.30850 14
33.7 17.41811 14
33.8 17.52783 14
33.9 17.63766 14
34.0 17.74760 14
34.1 17.85765 14
34.2 17.96781 14
34.3 18.07807 14
34.4 18.18843 14
34.5 18.29890 14
34.6 18.40946 14
34.7 18.52013 14
34.8 18.63089 14
34.9 18.74175 14
35.0 18.85271 14
35.1 18.96376 14
35.2 19.07490 14
35.3 19.18613 14
35.4 19.29745 14
35.5 19.40886 14
35.6 19.52035 14
35.7 19.63193 14
35.8 19.74360 14
35.9 19.85534 14
36.0 19.96717 14
36.1 20.07908 14
36.2 20.19106 14
36.3 20.30313 14
36.4 20.41527 14
36.5 20.52748 14
36.6 20.63977 14
36.7 20.75213 14
36.8 20.86456 14
36.9 20.97706 14
37.0 21.08963 14
37.1 21.20227 14
37.2 21.31497 14
37.3 21.42774 14
37.4 21.54057 14
37.5 21.65346 14
37.6 21.76642 14
37.7 21.87943 14
37.8 21.99251 14
37.9 22.10564 14
38.0 22.21883 14
38.1 22.33208 14
38.2 22.44538 14
38.3 22.55873 14
38.4 22.67214 14
38.5 22.78559 14
38.6 22.89910 14
38.7 23.01266 14
38.8 23.12626 14
38.9 23.23991 14
39.0 23.35361 14
39.1 23.46735 14
39.2 23.58114 14
39.3 23.69497 14
39.4 23.80884 14
39.5 23.92275 14
39.6 24.03670 14
39.7 24.15069 14
39.8 24.26472 14
39.9 24.37879 14
40.0 24.49289 14
40.1 24.60703 14
40.2 24.72120 14
40.3 24.83540 14
40.4 24.83331 14
40.5 24.94681 14
40.6 25.06035 14
40.7 25.17391 14
40.8 25.28750 14
40.9 25.40111 14
41.0 25.51475 14
41.1 25.62841 14
41.2 25.74210 14
41.3 25.85581 14
41.4 25.96954 14
41.5 26.08329 14
41.6 26.19706 14
41.7 26.31085 14
41.8 26.42465 14
41.9 26.53848 14
42.0 26.65232 14
42.1 26.76618 14
42.2 26.88005 14
42.3 26.99394 14
42.4 27.10784 14
42.5 27.22175 14
42.6 27.33567 14
42.7 27.44961 14
42.8 27.56355 14
42.9 27.67751 14
43.0 27.79147 14
43.1 27.90544 14
43.2 28.01942 14
43.3 28.13341 14
43.4 28.24740 14
43.5 28.22165 14
43.6 28.33484 14
43.7 28.44804 14
43.8 28.56123 14
43.9 28.67443 14
44.0 28.78763 14
44.1 28.90082 14
44.2 29.01402 14
44.3 29.12721 14
44.4 29.24040 14
44.5 29.35359 14
44.6 29.46677 14
44.7 29.57995 14
44.8 29.69313 14
44.9 29.80630 14
45.0 29.91946 14
45.1 30.03261 14
45.2 30.14576 14
45.3 30.25890 14
45.4 30.37203 14
45.5 30.48515 14
45.6 30.59826 14
45.7 30.71136 14
45.8 30.82444 14
45.9 30.93752 14
46.0 31.05059 14
46.1 31.00362 14
46.2 31.11582 14
46.3 31.22801 14
46.4 31.34017 14
46.5 31.45232 14
46.6 31.56446 14
46.7 31.67657 14
46.8 31.78867 14
46.9 31.90075 14
47.0 32.01281 14
47.1 32.12485 14
47.2 32.23687 14
47.3 32.34887 14
47.4 32.46085 14
47.5 32.57280 14
47.6 32.68474 14
47.7 32.79045 14
47.8 32.82875 14
47.9 32.86698 14
48.0 32.90512 14
48.1 32.94319 14
48.2 32.98118 14
48.3 33.01908 14
48.4 33.05691 14
48.5 33.09466 14
48.6 33.07161 14
48.7 33.10902 14
48.8 33.14636 14
48.9 33.18362 14
49.0 33.22080 14
49.1 33.25791 14
49.2 33.29493 14
49.3 33.33189 14
49.4 33.36876 14
49.5 33.40556 14
49.6 33.44229 14
49.7 33.47893 14
49.8 33.51551 14
49.9 33.55201 14
50.0 33.58843 14
50.1 33.62478 14
50.2 33.66105 14
50.3 33.69725 14
50.4 33.73338 14
50.5 33.76943 14
50.6 33.80541 14
50.7 33.84132 14
50.8 33.87715 14
50.9 33.91291 14
51.0 33.94860 14
51.1 33.91936 14
51.2 33.95472 14
51.3 33.99002 14
51.4 34.02525 14
51.5 34.06040 14
51.6 34.09548 14
51.7 34.13049 14
51.8 34.16543 14
51.9 34.20030 14
52.0 34.23510 14
52.1 34.26983 14
52.2 34.30449 14
52.3 34.33908 14
52.4 34.37361 14
52.5 34.40806 14
52.6 34.44244 14
52.7 34.47676 14
52.8 34.51100 14
52.9 34.54518 14
53.0 34.57929 14
53.1 34.61333 14
53.2 34.64731 14
53.3 34.68122 14
53.4 34.71506 14
53.5 34.68012 14
53.6 34.71366 14
53.7 34.74712 14
53.8 34.78052 14
53.9 34.81386 14
54.0 34.84713 14
54.1 34.88033 14
54.2 34.91347 14
54.3 34.94654 14
54.4 34.97955 14
54.5 35.01249 14
54.6 35.04537 14
54.7 35.07818 14
54.8 35.11093 14
54.9 35.14361 14
55.0 35.17623 14
55.1 35.20879 14
55.2 35.24128 14
55.3 35.27371 14
55.4 35.30608 14
55.5 35.33838 14
55.6 35.37063 14
55.7 35.40280 14
55.8 35.43492 14
55.9 35.46697 14
56.0 35.42636 14
56.1 35.45812 14
56.2 35.48982 14
56.3 35.52146 14
56.4 35.55303 14
56.5 35.58455 14
56.6 35.61600 14
56.7 35.64740 14
56.8 35.67873 14
56.9 35.71000 14
57.0 35.74122 14
57.1 35.77237 14
57.2 35.80346 14
57.3 35.83450 14
57.4 35.86547 14
57.5 35.89639 14
57.6 35.92725 14
57.7 35.95804 14
57.8 35.98878 14
57.9 36.01946 14
58.0 36.05008 14
58.1 36.08065 14
58.2 36.11115 14
58.3 36.14160 14
58.4 36.17199 14
58.5 36.12594 14
58.6 36.15605 14
58.7 36.18611 14
58.8 36.21610 14
58.9 36.24604 14
59.0 36.27592 14
59.1 36.30575 14
59.2 36.33552 14
59.3 36.36524 14
59.4 36.39489 14
59.5 36.42450 14
59.6 36.45404 14
59.7 36.48354 14
59.8 36.51297 14
59.9 36.54235 14
60.0 36.57168 14
60.1 36.60095 14
60.2 36.63017 14
60.3 36.65933 14
60.4 36.68844 14
60.5 36.71749 14
60.6 36.74649 14
60.7 36.77544 14
60.8 36.80433 14
60.9 36.83317 14
61.0 36.86195 14
61.1 36.89069 14
61.2 36.83902 14
61.3 36.86748 14
61.4 36.89589 14
61.5 36.92425 14
61.6 36.95256 14
61.7 36.98082 14
61.8 37.00902 14
61.9 37.03717 14
62.0 37.06527 14
62.1 37.09332 14
62.2 37.12132 14
62.3 37.14926 14
62.4 37.17716 14
62.5 37.20500 14
62.6 37.23279 14
62.7 37.26053 14
62.8 37.28822 14
62.9 37.31586 14
63.0 37.34345 14
63.1 37.37099 14
63.2 37.39848 14
63.3 37.42592 14
63.4 37.45331 14
63.5 37.48065 14
63.6 37.50794 14
63.7 37.53518 14
63.8 37.56237 14
63.9 37.50535 14
64.0 37.53229 14
64.1 37.55918 14
64.2 37.58602 14
64.3 37.61281 14
64.4 37.63955 14
64.5 37.66625 14
64.6 37.69290 14
64.7 37.71950 14
64.8 37.74605 14
64.9 37.77255 14
65.0 37.79901 14
65.1 37.82542 14
65.2 37.85178 14
65.3 37.87809 14
65.4 37.90436 14
65.5 37.93058 14
65.6 37.95676 14
65.7 37.98288 14
65.8 38.00896 14
65.9 38.03500 14
66.0 38.06099 14
66.1 38.08693 14
66.2 38.11283 14
66.3 38.13868 14
66.4 38.16448 14
66.5 38.19024 14
66.6 38.21596 14
66.7 38.15364 14
66.8 38.17911 14
66.9 38.20454 14
67.0 38.22992 14
67.1 38.25526 14
67.2 38.28055 14
67.3 38.30580 14
67.4 38.33100 14
67.5 38.35616 14
67.6 38.38128 14
67.7 38.40635 14
67.8 38.43137 14
67.9 38.45636 14
68.0 38.48130 14
68.1 38.50619 14
68.2 38.53105 14
68.3 38.55585 14
68.4 38.58062 14
68.5 38.60534 14
68.6 38.63002 14
68.7 38.65466 14
68.8 38.67925 14
68.9 38.70381 14
69.0 38.72832 14
69.1 38.75278 14
69.2 38.77721 14
69.3 38.80159 14
69.4 38.82593 14
69.5 38.85023 14
69.6 38.78270 14
69.7 38.80677 14
69.8 38.83079 14
69.9 38.85478 14
70.0 38.87872 14
70.1 38.90262 14
70.2 38.92648 14
70.3 38.95030 14
70.4 38.97408 14
70.5 38.99782 14
70.6 39.02152 14
70.7 39.04518 14
70.8 39.06880 14
70.9 39.09237 14
71.0 39.11591 14
71.1 39.13940 14
71.2 39.16286 14
71.3 39.18628 14
71.4 39.20965 14
71.5 39.23299 14
71.6 39.25629 14
71.7 39.27955 14
71.8 39.30276 14
71.9 39.32594 14
72.0 39.34908 14
72.1 39.37218 14
72.2 39.39525 14
72.3 39.41827 14
72.4 39.44125 14
72.5 39.46420 14
72.6 39.48711 14
72.7 39.41427 14
72.8 39.43696 14
72.9 39.45961 14
73.0 39.48222 14
73.1 39.50479 14
73.2 39.52733 14
73.3 39.54983 14
73.4 39.57229 14
73.5 39.59471 14
73.6 39.61709 14
73.7 39.63944 14
73.8 39.66175 14
73.9 39.68403 14
74.0 39.70626 14
74.1 39.72846 14
74.2 39.75062 14
74.3 39.77275 14
74.4 39.79484 14
74.5 39.81689 14
74.6 39.83891 14
74.7 39.86089 14
74.8 39.88283 14
74.9 39.90473 14
75.0 39.92660 14
75.1 39.94844 14
75.2 39.97024 14
75.3 39.99200 14
75.4 40.01373 14
75.5 40.03542 14
75.6 40.05707 14
75.7 40.07869 14
75.8 40.10027 14
75.9 40.02225 14
76.0 40.04363 14
76.1 40.06497 14
76.2 40.08627 14
76.3 40.10754 14
76.4 40.12878 14
76.5 40.14998 14
76.6 40.17115 14
76.7 40.19228 14
76.8 40.21338 14
76.9 40.23444 14
77.0 40.25547 14
77.1 40.27647 14
77.2 40.29743 14
77.3 40.31836 14
77.4 40.33925 14
77.5 40.36011 14
77.6 40.38093 14
77.7 40.40172 14
77.8 40.42248 14
77.9 40.44321 14
78.0 40.46390 14
78.1 40.48456 14
78.2 40.50518 14
78.3 40.52577 14
78.4 40.54633 14
78.5 40.56685 14
78.6 40.58734 14
78.7 40.60780 14
78.8 40.62823 14
78.9 40.64862 14
79.0 40.66898 14
79.1 40.68931 14
79.2 40.70961 14
79.3 40.72987 14
79.4 40.64646 14
79.5 40.66652 14
79.6 40.68656 14
79.7 40.70656 14
79.8 40.72653 14
79.9 40.74647 14
80.0 40.76638 14
80.1 40.78625 14
80.2 40.80610 14
80.3 40.82591 14
80.4 40.84569 14
80.5 40.86544 14
80.6 40.88516 14
80.7 40.90485 14
80.8 40.92450 14
80.9 40.94413 14
81.0 40.96372 14
81.1 40.98328 14
81.2 41.00281 14
81.3 41.02232 14
81.4 41.04179 14
81.5 41.06123 14
81.6 41.08064 14
81.7 41.10001 14
81.8 41.11936 14
81.9 41.13868 14
82.0 41.15797 14
82.1 41.17723 14
82.2 41.19645 14
82.3 41.21565 14
82.4 41.23482 14
82.5 41.25395 14
82.6 41.27306 14
82.7 41.29214 14
82.8 41.31119 14
82.9 41.33021 14
83.0 41.24157 14
83.1 41.26041 14
83.2 41.27921 14
83.3 41.29798 14
83.4 41.31673 14
83.5 41.33545 14
83.6 41.35413 14
83.7 41.37279 14
83.8 41.39142 14
83.9 41.41002 14
84.0 41.42859 14
84.1 41.44713 14
84.2 41.46565 14
84.3 41.48413 14
84.4 41.50259 14
84.5 41.52102 14
84.6 41.53942 14
84.7 41.55779 14
84.8 41.57614 14
84.9 41.59445 14
85.0 41.61274 14
85.1 41.63100 14
85.2 41.64923 14
85.3 41.66743 14
85.4 41.68561 14
85.5 41.70376 14
85.6 41.72188 14
85.7 41.73997 14
85.8 41.75803 14
85.9 41.77607 14
86.0 41.79408 14
86.1 41.81206 14
86.2 41.83002 14
86.3 41.84795 14
86.4 41.86585 14
86.5 41.88372 14
86.6 41.90157 14
86.7 41.91939 14
86.8 41.93718 14
86.9 41.84321 14
87.0 41.86082 14
87.1 41.87842 14
87.2 41.89598 14
87.3 41.91352 14
87.4 41.93103 14
87.5 41.94851 14
87.6 41.96597 14
87.7 41.98341 14
87.8 42.00081 14
87.9 42.01819 14
88.0 42.03555 14
88.1 42.05287 14
88.2 42.07017 14
88.3 42.08745 14
88.4 42.10470 14
88.5 42.12192 14
88.6 42.13912 14
88.7 42.15630 14
88.8 42.17344 14
88.9 42.19056 14
89.0 42.20766 14
89.1 42.22473 14
89.2 42.24177 14
89.3 42.25879 14
89.4 42.27579 14
89.5 42.29276 14
89.6 42.30970 14
89.7 42.32662 14
89.8 42.34351 14
89.9 42.36038 14
90.0 42.37722 14
90.1 42.39404 14
90.2 42.41084 14
90.3 42.42760 14
90.4 42.44435 14
90.5 42.46107 14
90.6 42.47776 14
90.7 42.49443 14
90.8 42.51108 14
90.9 42.52770 14
91.0 42.54430 14
91.1 42.44491 14
91.2 42.46135 14
91.3 42.47775 14
91.4 42.49414 14
91.5 42.51050 14
91.6 42.52684 14
91.7 42.54315 14
91.8 42.55944 14
91.9 42.57570 14
92.0 42.59194 14
92.1 42.60816 14
92.2 42.62435 14
92.3 42.64052 14
92.4 42.65667 14
92.5 42.67279 14
92.6 42.68889 14
92.7 42.70496 14
92.8 42.72102 14
92.9 42.73704 14
93.0 42.75305 14
93.1 42.76903 14
93.2 42.78499 14
93.3 42.80093 14
93.4 42.81684 14
93.5 42.83273 14
93.6 42.84860 14
93.7 42.86444 14
93.8 42.88026 14
93.9 42.89606 14
94.0 42.91184 14
94.1 42.92759 14
94.2 42.94332 14
94.3 42.95903 14
94.4 42.97471 14
94.5 42.99038 14
94.6 43.00602 14
94.7 43.02163 14
94.8 43.03723 14
94.9 43.05280 14
95.0 43.06835 14
95.1 43.08388 14
95.2 43.09939 14
95.3 43.11487 14
95.4 43.13033 14
95.5 43.14577 14
95.6 43.04096 14
95.7 43.05625 14
95.8 43.07151 14
95.9 43.08676 14
96.0 43.10198 14
96.1 43.11718 14
96.2 43.13235 14
96.3 43.14751 14
96.4 43.16264 14
96.5 43.17776 14
96.6 43.19285 14
96.7 43.20792 14
96.8 43.22297 14
96.9 43.23799 14
97.0 43.25300 14
97.1 43.26798 14
97.2 43.28295 14
97.3 43.29789 14
97.4 43.31281 14
97.5 43.32771 14
97.6 43.34259 14
97.7 43.35745 14
97.8 43.37229 14
97.9 43.38711 14
98.0 43.40190 14
98.1 43.41668 14
98.2 43.43143 14
98.3 43.44617 14
98.4 43.46088 14
98.5 43.47557 14
98.6 43.49024 14
98.7 43.50490 14
98.8 43.51953 14
98.9 43.53414 14
99.0 43.54873 14
99.1 43.56330 14
99.2 43.57785 14
99.3 43.59238 14
99.4 43.60689 14
99.5 43.62138 14
99.6 43.63584 14
99.7 43.65029 14
99.8 43.66472 14
99.9 43.67913 14
100.0 43.69352 14
100.1 43.70789 14
100.2 43.72224 14
100.3 43.73657 14
100.4 43.62635 14
100.5 43.64054 14
100.6 43.65471 14
100.7 43.66885 14
100.8 43.68298 14
100.9 43.69709 14
101.0 43.71117 14
101.1 43.72524 14
101.2 43.73929 14
101.3 43.75332 14
101.4 43.76733 14
101.5 43.78132 14
101.6 43.79530 14
101.7 43.80925 14
101.8 43.82318 14
101.9 43.83710 14
102.0 43.85099 14
102.1 43.86487 14
102.2 43.87873 14
102.3 43.89256 14
102.4 43.90638 14
102.5 43.92018 14
102.6 43.93397 14
102.7 43.94773 14
102.8 43.96147 14
102.9 43.97520 14
103.0 43.98891 14
103.1 44.00260 14
103.2 44.01627 14
103.3 44.02992 14
103.4 44.04355 14
103.5 44.05716 14
103.6 44.07076 14
103.7 44.08434 14
103.8 44.09790 14
103.9 44.11144 14
104.0 44.12496 14
104.1 44.13846 14
104.2 44.15195 14
104.3 44.16542 14
104.4 44.17887 14
104.5 44.19230 14
104.6 44.20571 14
104.7 44.21911 14
104.8 44.23248 14
104.9 44.24584 14
105.0 44.25918 14
105.1 44.27251 14
105.2 44.28581 14
105.3 44.29910 14
105.4 44.31237 14
105.5 44.32562 14
105.6 44.33886 14
105.7 44.22308 14
105.8 44.23618 14
105.9 44.24926 14
106.0 44.26233 14
106.1 44.27538 14
106.2 44.28841 14
106.3 44.30142 14
106.4 44.31442 14
106.5 44.32740 14
106.6 44.34036 14
106.7 44.35330 14
106.8 44.36623 14
106.9 44.37914 14
107.0 44.39203 14
107.1 44.40491 14
107.2 44.41777 14
107.3 44.43061 14
107.4 44.44343 14
107.5 44.45624 14
107.6 44.46903 14
107.7 44.48180 14
107.8 44.49456 14
107.9 44.50730 14
108.0 44.52003 14
108.1 44.53273 14
108.2 44.54542 14
108.3 44.55809 14
108.4 44.57075 14
108.5 44.58339 14
108.6 44.59601 14
108.7 44.60862 14
108.8 44.62121 14
108.9 44.63378 14
109.0 44.64634 14
109.1 44.65888 14
109.2 44.67140 14
109.3 44.68391 14
109.4 44.69640 14
109.5 44.70888 14
109.6 44.72134 14
109.7 44.73378 14
109.8 44.74621 14
109.9 44.75862 14
110.0 44.77101 14
110.1 44.78339 14
110.2 44.79575 14
110.3 44.80809 14
110.4 44.82042 14
110.5 44.83274 14
110.6 44.84504 14
110.7 44.85732 14
110.8 44.86958 14
110.9 44.88183 14
111.0 44.89407 14
111.1 44.90628 14
111.2 44.91849 14
111.3 44.93067 14
111.4 44.80935 14
111.5 44.82142 14
111.6 44.83346 14
111.7 44.84549 14
111.8 44.85751 14
111.9 44.86951 14
112.0 44.88150 14
112.1 44.89347 14
112.2 44.90542 14
112.3 44.91736 14
112.4 44.92928 14
112.5 44.94119 14
112.6 44.95308 14
112.7 44.96496 14
112.8 44.97682 14
112.9 44.98867 14
113.0 45.00050 14
113.1 45.01232 14
113.2 45.02412 14
113.3 45.03591 14
113.4 45.04768 14
113.5 45.05943 14
113.6 45.07118 14
113.7 45.08290 14
113.8 45.09461 14
113.9 45.10631 14
114.0 45.11799 14
114.1 45.12966 14
114.2 45.14131 14
114.3 45.15295 14
114.4 45.16457 14
114.5 45.17618 14
114.6 45.18777 14
114.7 45.19935 14
114.8 45.21091 14
114.9 45.22246 14
115.0 45.23400 14
115.1 45.24552 14
115.2 45.25702 14
115.3 45.26851 14
115.4 45.27999 14
115.5 45.29145 14
115.6 45.30290 14
115.7 45.31433 14
115.8 45.32575 14
115.9 45.33715 14
116.0 45.34854 14
116.1 45.35992 14
116.2 45.37128 14
116.3 45.38263 14
116.4 45.39396 14
116.5 45.40528 14
116.6 45.41658 14
116.7 45.42787 14
116.8 45.43915 14
116.9 45.45041 14
117.0 45.46166 14
117.1 45.47289 14
117.2 45.48411 14
117.3 45.49532 14
117.4 45.50651 14
117.5 45.51768 14
117.6 45.52885 14
117.7 45.54000 14
117.8 45.41291 14
117.9 45.42395 14
118.0 45.43497 14
118.1 45.44598 14
118.2 45.45698 14
118.3 45.46796 14
118.4 45.47892 14
118.5 45.48988 14
118.6 45.50082 14
118.7 45.51174 14
118.8 45.52266 14
118.9 45.53356 14
119.0 45.54444 14
119.1 45.55532 14
119.2 45.56618 14
119.3 45.57702 14
119.4 45.58785 14
119.5 45.59867 14
119.6 45.60948 14
119.7 45.62027 14
119.8 45.63105 14
119.9 45.64182 14
120.0 45.65257 14
120.1 45.66331 14
120.2 45.67403 14
120.3 45.68475 14
120.4 45.69545 14
120.5 45.70613 14
120.6 45.71681 14
120.7 45.72747 14
120.8 45.73811 14
120.9 45.74875 14
121.0 45.75937 14
121.1 45.76998 14
121.2 45.78057 14
121.3 45.79116 14
121.4 45.80173 14
121.5 45.81228 14
121.6 45.82283 14
121.7 45.83336 14
121.8 45.84388 14
121.9 45.85438 14
122.0 45.86487 14
122.1 45.87535 14
122.2 45.88582 14
122.3 45.89627 14
122.4 45.90672 14
122.5 45.91715 14
122.6 45.92756 14
122.7 45.93797 14
122.8 45.94836 14
122.9 45.95874 14
123.0 45.96910 14
123.1 45.97946 14
123.2 45.98980 14
123.3 46.00013 14
123.4 46.01044 14
123.5 46.02075 14
123.6 46.03104 14
123.7 46.04132 14
123.8 46.05158 14
123.9 46.06184 14
124.0 46.07208 14
124.1 46.08231 14
124.2 46.09253 14
124.3 46.10273 14
124.4 46.11292 14
124.5 46.12310 14
124.6 46.13327 14
124.7 46.14343 14
124.8 46.01057 14
124.9 46.02062 14
125.0 46.03066 14
125.1 46.04069 14
125.2 46.05070 14
125.3 46.06070 14
125.4 46.07070 14
125.5 46.08068 14
125.6 46.09064 14
125.7 46.10060 14
125.8 46.11054 14
125.9 46.12048 14
126.0 46.13040 14
126.1 46.14031 14
126.2 46.15020 14
126.3 46.16009 14
126.4 46.16996 14
126.5 46.17982 14
126.6 46.18967 14
126.7 46.19951 14
126.8 46.20934 14
126.9 46.21915 14
127.0 46.22896 14
127.1 46.23875 14
127.2 46.24853 14
127.3 46.25830 14
127.4 46.26805 14
127.5 46.27780 14
127.6 46.28753 14
127.7 46.29726 14
127.8 46.30697 14
127.9 46.31667 14
128.0 46.32635 14
128.1 46.33603 14
128.2 46.34570 14
128.3 46.35535 14
128.4 46.36499 14
128.5 46.37463 14
128.6 46.38425 14
128.7 46.39385 14
128.8 46.40345 14
128.9 46.41304 14
129.0 46.42261 14
129.1 46.43218 14
129.2 46.44173 14
129.3 46.45127 14
129.4 46.46080 14
129.5 46.47032 14
129.6 46.47983 14
129.7 46.48933 14
129.8 46.49881 14
129.9 46.50829 14
130.0 46.51775 14
130.1 46.52721 14
130.2 46.53665 14
130.3 46.54608 14
130.4 46.55550 14
130.5 46.56491 14
130.6 46.57431 14
130.7 46.58369 14
130.8 46.59307 14
130.9 46.60244 14
131.0 46.61179 14
131.1 46.62113 14
131.2 46.63047 14
131.3 46.63979 14
131.4 46.64910 14
131.5 46.65840 14
131.6 46.66769 14
131.7 46.67697 14
131.8 46.68624 14
131.9 46.69550 14
132.0 46.70475 14
132.1 46.71398 14
132.2 46.72321 14
132.3 46.73243 14
132.4 46.74163 14
132.5 46.75083 14
132.6 46.61208 14
132.7 46.62118 14
132.8 46.63027 14
132.9 46.63935 14
133.0 46.64841 14
133.1 46.65747 14
133.2 46.66652 14
133.3 46.67555 14
133.4 46.68458 14
133.5 46.69360 14
133.6 46.70260 14
133.7 46.71160 14
133.8 46.72058 14
133.9 46.72956 14
134.0 46.73852 14
134.1 46.74748 14
134.2 46.75642 14
134.3 46.76536 14
134.4 46.77428 14
134.5 46.78319 14
134.6 46.79210 14
134.7 46.80099 14
134.8 46.80987 14
134.9 46.81875 14
135.0 46.82761 14
135.1 46.83646 14
135.2 46.84531 14
135.3 46.85414 14
135.4 46.86296 14
135.5 46.87178 14
135.6 46.88058 14
135.7 46.88937 14
135.8 46.89816 14
135.9 46.90693 14
136.0 46.91569 14
136.1 46.92445 14
136.2 46.93319 14
136.3 46.94192 14
136.4 46.95065 14
136.5 46.95936 14
136.6 46.96807 14
136.7 46.97676 14
136.8 46.98545 14
136.9 46.99412 14
137.0 47.00279 14
137.1 47.01144 14
137.2 47.02009 14
137.3 47.02872 14
137.4 47.03735 14
137.5 47.04597 14
137.6 47.05458 14
137.7 47.06317 14
137.8 47.07176 14
137.9 47.08034 14
138.0 47.08891 14
138.1 47.09747 14
138.2 47.10602 14
138.3 47.11456 14
138.4 47.12309 14
138.5 47.13161 14
138.6 47.14012 14
138.7 47.14862 14
138.8 47.15712 14
138.9 47.16560 14
139.0 47.17408 14
139.1 47.18254 14
139.2 47.19099 14
139.3 47.19944 14
139.4 47.20788 14
139.5 47.21630 14
139.6 47.22472 14
139.7 47.23313 14
139.8 47.24153 14
139.9 47.24992 14
140.0 47.25830 14
140.1 47.26667 14
140.2 47.27503 14
140.3 47.28339 14
140.4 47.29173 14
140.5 47.30007 14
140.6 47.30839 14
140.7 47.31671 14
140.8 47.32501 14
140.9 47.33331 14
141.0 47.34160 14
141.1 47.34988 14
141.2 47.35815 14
141.3 47.36641 14
141.4 47.37467 14
141.5 47.22981 14
141.6 47.23798 14
141.7 47.24614 14
141.8 47.25429 14
141.9 47.26243 14
142.0 47.27056 14
142.1 47.27868 14
142.2 47.28679 14
142.3 47.29490 14
142.4 47.30299 14
142.5 47.31108 14
142.6 47.31915 14
142.7 47.32722 14
142.8 47.33528 14
142.9 47.34333 14
143.0 47.35138 14
143.1 47.35941 14
143.2 47.36743 14
143.3 47.37545 14
143.4 47.38346 14
143.5 47.39146 14
143.6 47.39945 14
143.7 47.40743 14
143.8 47.41540 14
143.9 47.42336 14
144.0 47.43132 14
144.1 47.43927 14
144.2 47.44720 14
144.3 47.45513 14
144.4 47.46305 14
144.5 47.47097 14
144.6 47.47887 14
144.7 47.48677 14
144.8 47.49465 14
144.9 47.50253 14
145.0 47.51040 14
145.1 47.51826 14
145.2 47.52612 14
145.3 47.53396 14
145.4 47.54180 14
145.5 47.54962 14
145.6 47.55744 14
145.7 47.56525 14
145.8 47.57306 14
145.9 47.58085 14
146.0 47.58863 14
146.1 47.59641 14
146.2 47.60418 14
146.3 47.61194 14
146.4 47.61969 14
146.5 47.62744 14
146.6 47.63517 14
146.7 47.64290 14
146.8 47.65062 14
146.9 47.65833 14
147.0 47.66603 14
147.1 47.67373 14
147.2 47.68141 14
147.3 47.68909 14
147.4 47.69676 14
147.5 47.70442 14
147.6 47.71208 14
147.7 47.71972 14
147.8 47.72736 14
147.9 47.73499 14
148.0 47.74261 14
148.1 47.75022 14
148.2 47.75783 14
148.3 47.76543 14
148.4 47.77301 14
148.5 47.78060 14
148.6 47.78817 14
148.7 47.79573 14
148.8 47.80329 14
148.9 47.81084 14
149.0 47.81838 14
149.1 47.82591 14
149.2 47.83344 14
149.3 47.84095 14
149.4 47.84846 14
149.5 47.85596 14
149.6 47.86346 14
149.7 47.87094 14
149.8 47.87842 14
149.9 47.88589 14
150.0 47.89335 14
150.1 47.90081 14
150.2 47.90825 14
150.3 47.91569 14
150.4 47.92312 14
150.5 47.93054 14
150.6 47.93796 14
150.7 47.94536 14
150.8 47.95276 14
150.9 47.96016 14
151.0 47.96754 14
151.1 47.97492 14
151.2 47.98228 14
151.3 47.98964 14
151.4 47.99700 14
151.5 47.84598 14
151.6 47.85326 14
151.7 47.86053 14
151.8 47.86779 14
151.9 47.87504 14
152.0 47.88229 14
152.1 47.88952 14
152.2 47.89675 14
152.3 47.90398 14
152.4 47.91119 14
152.5 47.91840 14
152.6 47.92560 14
152.7 47.93279 14
152.8 47.93998 14
152.9 47.94716 14
153.0 47.95433 14
153.1 47.96149 14
153.2 47.96865 14
153.3 47.97579 14
153.4 47.98294 14
153.5 47.99007 14
153.6 47.99719 14
153.7 48.00431 14
153.8 48.01142 14
153.9 48.01853 14
154.0 48.02563 14
154.1 48.03271 14
154.2 48.03980 14
154.3 48.04687 14
154.4 48.05394 14
154.5 48.06100 14
154.6 48.06805 14
154.7 48.07510 14
154.8 48.08214 14
154.9 48.08917 14
155.0 48.09619 14
155.1 48.10321 14
155.2 48.11022 14
155.3 48.11722 14
155.4 48.12421 14
155.5 48.13120 14
155.6 48.13818 14
155.7 48.14516 14
155.8 48.15212 14
155.9 48.15908 14
156.0 48.16604 14
156.1 48.17298 14
156.2 48.17992 14
156.3 48.18685 14
156.4 48.19377 14
156.5 48.20069 14
156.6 48.20760 14
156.7 48.21450 14
156.8 48.22140 14
156.9 48.22829 14
157.0 48.23517 14
157.1 48.24204 14
157.2 48.24891 14
157.3 48.25577 14
157.4 48.26263 14
157.5 48.26947 14
157.6 48.27631 14
157.7 48.28315 14
157.8 48.28997 14
157.9 48.29679 14
158.0 48.30360 14
158.1 48.31041 14
158.2 48.31721 14
158.3 48.32400 14
158.4 48.33078 14
158.5 48.33756 14
158.6 48.34433 14
158.7 48.35110 14
158.8 48.35785 14
158.9 48.36460 14
159.0 48.37135 14
159.1 48.37808 14
159.2 48.38481 14
159.3 48.39154 14
159.4 48.39825 14
159.5 48.40496 14
159.6 48.41167 14
159.7 48.41836 14
159.8 48.42505 14
159.9 48.43174 14
160.0 48.43841 14
160.1 48.44508 14
160.2 48.45174 14
160.3 48.45840 14
160.4 48.46505 14
160.5 48.47169 14
160.6 48.47833 14
160.7 48.48496 14
160.8 48.49158 14
160.9 48.49820 14
161.0 48.50481 14
161.1 48.51141 14
161.2 48.51801 14
161.3 48.52460 14
161.4 48.53118 14
161.5 48.53776 14
161.6 48.54433 14
161.7 48.55089 14
161.8 48.55745 14
161.9 48.56400 14
162.0 48.57054 14
162.1 48.57708 14
162.2 48.58361 14
162.3 48.59014 14
162.4 48.59666 14
162.5 48.60317 14
162.6 48.60967 14
162.7 48.61617 14
162.8 48.62266 14
162.9 48.62915 14
163.0 48.63563 14
163.1 48.64210 14
163.2 48.48463 14
163.3 48.49104 14
163.4 48.49744 14
163.5 48.50383 14
163.6 48.51022 14
163.7 48.51659 14
163.8 48.52297 14
163.9 48.52934 14
164.0 48.53570 14
164.1 48.54205 14
164.2 48.54840 14
164.3 48.55474 14
164.4 48.56108 14
164.5 48.56741 14
164.6 48.57373 14
164.7 48.58005 14
164.8 48.58636 14
164.9 48.59266 14
165.0 48.59896 14
165.1 48.60525 14
165.2 48.61154 14
165.3 48.61782 14
165.4 48.62409 14
165.5 48.63036 14
165.6 48.63662 14
165.7 48.64288 14
165.8 48.64912 14
165.9 48.65537 14
166.0 48.66160 14
166.1 48.66784 14
166.2 48.67406 14
166.3 48.68028 14
166.4 48.68649 14
166.5 48.69270 14
166.6 48.69890 14
166.7 48.70509 14
166.8 48.71128 14
166.9 48.71746 14
167.0 48.72364 14
167.1 48.72981 14
167.2 48.73598 14
167.3 48.74213 14
167.4 48.74829 14
167.5 48.75443 14
167.6 48.76057 14
167.7 48.76671 14
167.8 48.77284 14
167.9 48.77896 14
168.0 48.78508 14
168.1 48.79119 14
168.2 48.79729 14
168.3 48.80339 14
168.4 48.80949 14
168.5 48.81557 14
168.6 48.82165 14
168.7 48.82773 14
168.8 48.83380 14
168.9 48.83986 14
169.0 48.84592 14
169.1 48.85197 14
169.2 48.85802 14
169.3 48.86406 14
169.4 48.87010 14
169.5 48.87612 14
169.6 48.88215 14
169.7 48.88817 14
169.8 48.89418 14
169.9 48.90018 14
170.0 48.90618 14
170.1 48.91218 14
170.2 48.91817 14
170.3 48.92415 14
170.4 48.93013 14
170.5 48.93610 14
170.6 48.94206 14
170.7 48.94802 14
170.8 48.95398 14
170.9 48.95993 14
171.0 48.96587 14
171.1 48.97181 14
171.2 48.97774 14
171.3 48.98366 14
171.4 48.98958 14
171.5 48.99550 14
171.6 49.00141 14
171.7 49.00731 14
171.8 49.01321 14
171.9 49.01910 14
172.0 49.02499 14
172.1 49.03087 14
172.2 49.03674 14
172.3 49.04261 14
172.4 49.04848 14
172.5 49.05434 14
172.6 49.06019 14
172.7 49.06604 14
172.8 49.07188 14
172.9 49.07772 14
173.0 49.08355 14
173.1 49.08937 14
173.2 49.09519 14
173.3 49.10101 14
173.4 49.10682 14
173.5 49.11262 14
173.6 49.11842 14
173.7 49.12421 14
173.8 49.13000 14
173.9 49.13578 14
174.0 49.14156 14
174.1 49.14733 14
174.2 49.15309 14
174.3 49.15885 14
174.4 49.16461 14
174.5 49.19490 14
174.6 49.20074 14
174.7 49.20657 14
174.8 49.21241 14
174.9 49.21823 14
175.0 49.22405 14
175.1 49.22987 14
175.2 49.23568 14
175.3 49.24148 14
175.4 49.24728 14
175.5 49.25307 14
175.6 49.25886 14
175.7 49.28779 14
175.8 49.10129 14
175.9 49.10701 14
176.0 49.11272 14
176.1 49.11843 14
176.2 49.12414 14
176.3 49.12984 14
176.4 49.13553 14
176.5 49.14122 14
176.6 49.14690 14
176.7 49.15258 14
176.8 49.15825 14
176.9 49.16392 14
177.0 49.19411 14
177.1 49.19987 14
177.2 49.20584 14
177.3 49.21158 14
177.4 49.21732 14
177.5 49.22305 14
177.6 49.22878 14
177.7 49.23450 14
177.8 49.24022 14
177.9 49.24593 14
178.0 49.25164 14
178.1 49.25734 14
178.2 49.28616 14
178.3 49.09961 14
178.4 49.10524 14
178.5 49.11110 14
178.6 49.11672 14
178.7 49.12234 14
178.8 49.12796 14
178.9 49.13356 14
179.0 49.13917 14
179.1 49.14477 14
179.2 49.15036 14
179.3 49.15595 14
179.4 49.16153 14
179.5 49.19160 14
179.6 49.19727 14
179.7 49.20316 14
179.8 49.20881 14
179.9 49.21470 14
180.0 49.22034 14
180.1 49.22599 14
180.2 49.23162 14
180.3 49.23726 14
180.4 49.24288 14
180.5 49.24851 14
180.6 49.25412 14
180.7 49.28281 14
180.8 49.28851 14
180.9 49.10181 14
181.0 49.10735 14
181.1 49.11312 14
181.2 49.11889 14
181.3 49.12442 14
181.4 49.12994 14
181.5 49.13547 14
181.6 49.14098 14
181.7 49.14649 14
181.8 49.15200 14
181.9 49.15750 14
182.0 49.16300 14
182.1 49.19301 14
182.2 49.19859 14
182.3 49.20439 14
182.4 49.20996 14
182.5 49.21575 14
182.6 49.22155 14
182.7 49.22710 14
182.8 49.23265 14
182.9 49.23820 14
183.0 49.24374 14
183.1 49.24927 14
183.2 49.25480 14
183.3 49.28342 14
183.4 49.28903 14
183.5 49.10222 14
183.6 49.10769 14
183.7 49.11337 14
183.8 49.11905 14
183.9 49.12449 14
184.0 49.13017 14
184.1 49.13561 14
184.2 49.14104 14
184.3 49.14647 14
184.4 49.15189 14
184.5 49.15731 14
184.6 49.16272 14
184.7 49.19264 14
184.8 49.19814 14
184.9 49.20385 14
185.0 49.20934 14
185.1 49.21505 14
185.2 49.22076 14
185.3 49.22623 14
185.4 49.23194 14
185.5 49.23740 14
185.6 49.24285 14
185.7 49.24830 14
185.8 49.25375 14
185.9 49.28226 14
186.0 49.28779 14
186.1 49.10093 14
186.2 49.10631 14
186.3 49.11191 14
186.4 49.11728 14
186.5 49.12287 14
186.6 49.12847 14
186.7 49.13382 14
186.8 49.13942 14
186.9 49.14476 14
187.0 49.15010 14
187.1 49.15544 14
187.2 49.16077 14
187.3 49.16609 14
187.4 49.19599 14
187.5 49.20162 14
187.6 49.20702 14
187.7 49.21265 14
187.8 49.21804 14
187.9 49.22367 14
188.0 49.22905 14
188.1 49.23467 14
188.2 49.24030 14
188.3 49.24567 14
188.4 49.25103 14
188.5 49.25639 14
188.6 49.28486 14
188.7 49.29030 14
188.8 49.10329 14
188.9 49.10881 14
189.0 49.11410 14
189.1 49.11961 14
189.2 49.12489 14
189.3 49.13041 14
189.4 49.13568 14
189.5 49.14118 14
189.6 49.14645 14
189.7 49.15195 14
189.8 49.15720 14
189.9 49.16245 14
190.0 49.19220 14
190.1 49.19753 14
190.2 49.20308 14
190.3 49.20840 14
190.4 49.21394 14
190.5 49.21925 14
190.6 49.22479 14
190.7 49.23033 14
190.8 49.23563 14
190.9 49.24117 14
191.0 49.24645 14
191.1 49.25199 14
191.2 49.25727 14
191.3 49.28567 14
191.4 49.29103 14
191.5 49.10391 14
191.6 49.10935 14
191.7 49.11455 14
191.8 49.11999 14
191.9 49.12519 14
192.0 49.13061 14
192.1 49.13580 14
192.2 49.14123 14
192.3 49.14641 14
192.4 49.15184 14
192.5 49.15701 14
192.6 49.16243 14
192.7 49.19210 14
192.8 49.19735 14
192.9 49.20281 14
193.0 49.20805 14
193.1 49.21351 14
193.2 49.21874 14
193.3 49.22419 14
193.4 49.22941 14
193.5 49.23487 14
193.6 49.24033 14
193.7 49.24553 14
193.8 49.25099 14
193.9 49.25618 14
194.0 49.28476 14
194.1 49.29003 14
194.2 49.10286 14
194.3 49.10799 14
194.4 49.11334 14
194.5 49.11870 14
194.6 49.12382 14
194.7 49.12917 14
194.8 49.13428 14
194.9 49.13962 14
195.0 49.14472 14
195.1 49.15007 14
195.2 49.15516 14
195.3 49.16051 14
195.4 49.16559 14
195.5 49.19550 14
195.6 49.20088 14
195.7 49.20604 14
195.8 49.21142 14
195.9 49.21657 14
196.0 49.22195 14
196.1 49.22709 14
196.2 49.23247 14
196.3 49.23760 14
196.4 49.24297 14
196.5 49.24810 14
196.6 49.25347 14
196.7 49.28165 14
196.8 49.28711 14
196.9 49.09992 14
197.0 49.10524 14
197.1 49.11052 14
197.2 49.11556 14
197.3 49.12083 14
197.4 49.12587 14
197.5 49.13114 14
197.6 49.13617 14
197.7 49.14144 14
197.8 49.14646 14
197.9 49.15172 14
198.0 49.15673 14
198.1 49.16200 14
198.2 49.19179 14
198.3 49.19687 14
198.4 49.20245 14
198.5 49.20752 14
198.6 49.21283 14
198.7 49.21789 14
198.8 49.22319 14
198.9 49.22825 14
199.0 49.23355 14
199.1 49.23860 14
199.2 49.24389 14
199.3 49.24893 14
199.4 49.25423 14
199.5 49.28234 14
199.6 49.28772 14
199.7 49.10070 14
199.8 49.10567 14
199.9 49.11114 14
200.0 49.11611 14
200.1 49.12130 14
200.2 49.12626 14
200.3 49.13145 14
200.4 49.13640 14
200.5 49.14159 14
200.6 49.14653 14
200.7 49.15172 14
200.8 49.15665 14
200.9 49.16184 14
201.0 49.19127 14
201.1 49.19654 14
201.2 49.20204 14
201.3 49.20703 14
201.4 49.21254 14
201.5 49.21752 14
201.6 49.22274 14
201.7 49.22773 14
201.8 49.23294 14
201.9 49.23792 14
202.0 49.24313 14
202.1 49.24810 14
202.2 49.25331 14
202.3 49.25827 14
202.4 49.28664 14
202.5 49.09931 14
202.6 49.10448 14
202.7 49.10960 14
202.8 49.11476 14
202.9 49.12015 14
203.0 49.12504 14
203.1 49.13015 14
203.2 49.13503 14
203.3 49.14014 14
203.4 49.14501 14
203.5 49.15012 14
203.6 49.15498 14
203.7 49.16009 14
203.8 49.16494 14
203.9 49.19460 14
204.0 49.19953 14
204.1 49.20495 14
204.2 49.21009 14
204.3 49.21528 14
204.4 49.22043 14
204.5 49.22562 14
204.6 49.23076 14
204.7 49.23566 14
204.8 49.24080 14
204.9 49.24569 14
205.0 49.25083 14
205.1 49.25571 14
205.2 49.28396 14
205.3 49.28892 14
205.4 49.10172 14
205.5 49.10654 14
205.6 49.11185 14
205.7 49.11666 14
205.8 49.12198 14
205.9 49.12679 14
206.0 49.13211 14
206.1 49.13691 14
206.2 49.14194 14
206.3 49.14673 14
206.4 49.15177 14
206.5 49.15655 14
206.6 49.16158 14
206.7 49.19085 14
206.8 49.19597 14
206.9 49.20104 14
207.0 49.20616 14
207.1 49.21150 14
207.2 49.21634 14
207.3 49.22169 14
207.4 49.22652 14
207.5 49.23188 14
207.6 49.23670 14
207.7 49.24176 14
207.8 49.24657 14
207.9 49.25163 14
208.0 49.25644 14
208.1 49.28463 14
208.2 49.28950 14
208.3 49.10221 14
208.4 49.10696 14
208.5 49.11220 14
208.6 49.11693 14
208.7 49.12217 14
208.8 49.12690 14
208.9 49.13215 14
209.0 49.13687 14
209.1 49.14213 14
209.2 49.14684 14
209.3 49.15180 14
209.4 49.15651 14
209.5 49.16146 14
209.6 49.19066 14
209.7 49.19570 14
209.8 49.20070 14
209.9 49.20574 14
210.0 49.21073 14
210.1 49.21577 14
210.2 49.22076 14
210.3 49.22580 14
210.4 49.23108 14
210.5 49.23583 14
210.6 49.24112 14
210.7 49.24585 14
210.8 49.25084 14
210.9 49.25557 14
211.0 49.28367 14
211.1 49.28847 14
211.2 49.10113 14
211.3 49.10580 14
211.4 49.11097 14
211.5 49.11563 14
211.6 49.12080 14
211.7 49.12546 14
211.8 49.13063 14
211.9 49.13528 14
212.0 49.14046 14
212.1 49.14510 14
212.2 49.15029 14
212.3 49.15492 14
212.4 49.15981 14
212.5 49.16444 14
212.6 49.19387 14
212.7 49.19857 14
212.8 49.20376 14
212.9 49.20845 14
213.0 49.21365 14
213.1 49.21833 14
213.2 49.22353 14
213.3 49.22821 14
213.4 49.23342 14
213.5 49.23808 14
213.6 49.24330 14
213.7 49.24796 14
213.8 49.25317 14
213.9 49.25783 14
214.0 49.28589 14
214.1 49.29062 14
214.2 49.10314 14
214.3 49.10774 14
214.4 49.11283 14
214.5 49.11742 14
214.6 49.12252 14
214.7 49.12710 14
214.8 49.13220 14
214.9 49.13677 14
215.0 49.14188 14
215.1 49.14645 14
215.2 49.15156 14
215.3 49.15612 14
215.4 49.16124 14
215.5 49.19029 14
215.6 49.19518 14
215.7 49.20003 14
215.8 49.20492 14
215.9 49.20976 14
216.0 49.21466 14
216.1 49.21950 14
216.2 49.22439 14
216.3 49.22899 14
216.4 49.23413 14
216.5 49.23872 14
216.6 49.24386 14
216.7 49.24845 14
216.8 49.25359 14
216.9 49.28156 14
217.0 49.28648 14
217.1 49.09878 14
217.2 49.10358 14
217.3 49.10832 14
217.4 49.11312 14
217.5 49.11787 14
217.6 49.12266 14
217.7 49.12717 14
217.8 49.13220 14
217.9 49.13670 14
218.0 49.14173 14
218.1 49.14623 14
218.2 49.15127 14
218.3 49.15576 14
218.4 49.16080 14
218.5 49.19009 14
218.6 49.19491 14
218.7 49.19969 14
218.8 49.20451 14
218.9 49.20905 14
219.0 49.21410 14
219.1 49.21864 14
219.2 49.22370 14
219.3 49.22823 14
219.4 49.23329 14
219.5 49.23781 14
219.6 49.24288 14
219.7 49.24739 14
219.8 49.25246 14
219.9 49.25697 14
220.0 49.28520 14
220.1 49.28977 14
220.2 49.10249 14
220.3 49.10695 14
220.4 49.11190 14
220.5 49.11634 14
220.6 49.12130 14
220.7 49.12574 14
220.8 49.13070 14
220.9 49.13513 14
221.0 49.14010 14
221.1 49.14452 14
221.2 49.14949 14
221.3 49.15391 14
221.4 49.15889 14
221.5 49.16330 14
221.6 49.19283 14
221.7 49.19731 14
221.8 49.20260 14
221.9 49.20708 14
222.0 49.21206 14
222.1 49.21653 14
222.2 49.22151 14
222.3 49.22597 14
222.4 49.23097 14
222.5 49.23542 14
222.6 49.24042 14
222.7 49.24486 14
222.8 49.24987 14
222.9 49.25431 14
223.0 49.28242 14
223.1 49.28693 14
223.2 49.09938 14
223.3 49.10403 14
223.4 49.10896 14
223.5 49.11362 14
223.6 49.11822 14
223.7 49.12287 14
223.8 49.12748 14
223.9 49.13213 14
224.0 49.13650 14
224.1 49.14139 14
224.2 49.14575 14
224.3 49.15065 14
224.4 49.15500 14
224.5 49.15990 14
224.6 49.16424 14
224.7 49.19372 14
224.8 49.19845 14
224.9 49.20335 14
225.0 49.20808 14
225.1 49.21299 14
225.2 49.21739 14
225.3 49.22231 14
225.4 49.22670 14
225.5 49.23162 14
225.6 49.23600 14
225.7 49.24093 14
225.8 49.24530 14
225.9 49.25024 14
226.0 49.25461 14
226.1 49.28265 14
226.2 49.28709 14
226.3 49.09974 14
226.4 49.10406 14
226.5 49.10891 14
226.6 49.11350 14
226.7 49.11836 14
226.8 49.12295 14
226.9 49.12748 14
227.0 49.13207 14
227.1 49.13636 14
227.2 49.14119 14
227.3 49.14548 14
227.4 49.15031 14
227.5 49.15459 14
227.6 49.15943 14
227.7 49.16370 14
227.8 49.19310 14
227.9 49.19744 14
228.0 49.20260 14
228.1 49.20726 14
228.2 49.21210 14
228.3 49.21676 14
228.4 49.22161 14
228.5 49.22593 14
228.6 49.23079 14
228.7 49.23510 14
228.8 49.23966 14
228.9 49.24427 14
229.0 49.24857 14
229.1 49.25344 14
229.2 49.28113 14
229.3 49.28576 14
229.4 49.29045 14
229.5 49.10263 14
229.6 49.10720 14
229.7 49.11194 14
229.8 49.11651 14
229.9 49.12125 14
230.0 49.12582 14
230.1 49.13057 14
230.2 49.13480 14
230.3 49.13956 14
230.4 49.14378 14
230.5 49.14855 14
230.6 49.15277 14
230.7 49.15754 14
230.8 49.16175 14
230.9 49.19104 14
231.0 49.19532 14
231.1 49.20014 14
231.2 49.20468 14
231.3 49.20950 14
231.4 49.21404 14
231.5 49.21864 14
231.6 49.22375 14
231.7 49.22801 14
231.8 49.23279 14
231.9 49.23704 14
232.0 49.24183 14
232.1 49.24607 14
232.2 49.25086 14
232.3 49.25510 14
232.4 49.28301 14
232.5 49.28731 14
232.6 49.09982 14
232.7 49.10400 14
232.8 49.10872 14
232.9 49.11317 14
233.0 49.11791 14
233.1 49.12269 14
233.2 49.12686 14
233.3 49.13188 14
233.4 49.13604 14
233.5 49.14073 14
233.6 49.14489 14
233.7 49.14959 14
233.8 49.15374 14
233.9 49.15844 14
234.0 49.16259 14
234.1 49.19183 14
234.2 49.19604 14
234.3 49.20106 14
234.4 49.20526 14
234.5 49.21002 14
234.6 49.21449 14
234.7 49.21925 14
234.8 49.22407 14
234.9 49.22825 14
235.0 49.23332 14
235.1 49.23750 14
235.2 49.24222 14
235.3 49.24639 14
235.4 49.25112 14
235.5 49.25529 14
235.6 49.28314 14
235.7 49.28738 14
235.8 49.09981 14
235.9 49.10393 14
236.0 49.10859 14
236.1 49.11297 14
236.2 49.11764 14
236.3 49.12235 14
236.4 49.12646 14
236.5 49.13142 14
236.6 49.13551 14
236.7 49.14049 14
236.8 49.14458 14
236.9 49.14921 14
237.0 49.15329 14
237.1 49.15793 14
237.2 49.16201 14
237.3 49.19118 14
237.4 49.19533 14
237.5 49.20001 14
237.6 49.20442 14
237.7 49.20888 14
237.8 49.21352 14
237.9 49.21798 14
238.0 49.22296 14
238.1 49.22708 14
238.2 49.23208 14
238.3 49.23620 14
238.4 49.24121 14
238.5 49.24532 14
238.6 49.24998 14
238.7 49.25408 14
238.8 49.28159 14
238.9 49.28602 14
239.0 49.09816 14
239.1 49.10248 14
239.2 49.10685 14
239.3 49.11140 14
239.4 49.11577 14
239.5 49.12032 14
239.6 49.12469 14
239.7 49.12925 14
239.8 49.13362 14
239.9 49.13853 14
240.0 49.14256 14
240.1 49.14748 14
240.2 49.15150 14
240.3 49.15552 14
240.4 49.16010 14
240.5 49.16411 14
240.6 49.19325 14
240.7 49.19733 14
240.8 49.20222 14
240.9 49.20661 14
241.0 49.21119 14
241.1 49.21559 14
241.2 49.21988 14
241.3 49.22457 14
241.4 49.22862 14
241.5 49.23356 14
241.6 49.23796 14
241.7 49.24255 14
241.8 49.24695 14
241.9 49.25155 14
242.0 49.25559 14
242.1 49.28332 14
242.2 49.28742 14
242.3 49.09972 14
242.4 49.10371 14
242.5 49.10824 14
242.6 49.11250 14
242.7 49.11681 14
242.8 49.12129 14
242.9 49.12560 14
243.0 49.13043 14
243.1 49.13440 14
243.2 49.13925 14
243.3 49.14356 14
243.4 49.14807 14
243.5 49.15239 14
243.6 49.15690 14
243.7 49.16085 14
243.8 49.18961 14
243.9 49.19389 14
244.0 49.19823 14
244.1 49.20273 14
244.2 49.20707 14
244.3 49.21158 14
244.4 49.21591 14
244.5 49.22014 14
244.6 49.22476 14
244.7 49.22900 14
244.8 49.23362 14
244.9 49.23796 14
245.0 49.24249 14
245.1 49.24683 14
245.2 49.25173 14
245.3 49.25570 14
245.4 49.28337 14
245.5 49.28741 14
245.6 49.09965 14
245.7 49.10358 14
245.8 49.10804 14
245.9 49.11224 14
246.0 49.11648 14
246.1 49.12091 14
246.2 49.12516 14
246.3 49.12993 14
246.4 49.13383 14
246.5 49.13862 14
246.6 49.14252 14
246.7 49.14732 14
246.8 49.15157 14
246.9 49.15613 14
247.0 49.16028 14
247.1 49.16416 14
247.2 49.19318 14
247.3 49.19713 14
247.4 49.20190 14
247.5 49.20584 14
247.6 49.21034 14
247.7 49.21489 14
247.8 49.21906 14
247.9 49.22362 14
248.0 49.22755 14
248.1 49.23236 14
248.2 49.23663 14
248.3 49.24110 14
248.4 49.24538 14
248.5 49.25022 14
248.6 49.25450 14
248.7 49.28209 14
248.8 49.28606 14
248.9 49.09801 14
249.0 49.10214 14
249.1 49.10632 14
249.2 49.11068 14
249.3 49.11487 14
249.4 49.11923 14
249.5 49.12342 14
249.6 49.12751 14
249.7 49.13198 14
249.8 49.13617 14
249.9 49.14054 14
250.0 49.14473 14
