15.0 1.52978 13
15.1 1.54149 13
15.2 1.55369 13
15.3 1.56553 13
15.4 1.57744 13
15.5 1.58894 13
15.6 1.60096 13
15.7 1.61255 13
15.8 1.62469 13
15.9 1.63638 13
16.0 1.64811 13
16.1 1.65989 13
16.2 1.67172 13
16.3 1.68359 13
16.4 1.82148 13
16.5 1.86070 13
16.6 1.90262 13
16.7 1.94514 13
16.8 1.98579 13
16.9 2.02688 13
17.0 2.07103 13
17.1 2.11308 13
17.2 2.15558 13
17.3 2.19852 13
17.4 2.24191 13
17.5 2.28576 13
17.6 2.33007 13
17.7 2.37484 13
17.8 2.42009 13
17.9 2.46580 13
18.0 2.48029 14
18.1 2.54454 14
18.2 2.60449 14
18.3 2.67056 14
18.4 2.73201 14
18.5 2.79995 14
18.6 2.86294 14
18.7 2.93281 14
18.8 2.99736 14
18.9 3.06262 14
19.0 3.12858 14
19.1 3.20224 14
19.2 3.26984 14
19.3 3.33816 14
19.4 3.40722 14
19.5 3.47702 14
19.6 3.54757 14
19.7 3.61886 14
19.8 3.69092 14
19.9 3.76374 14
20.0 3.83733 14
20.1 3.91170 14
20.2 3.98685 14
20.3 4.06279 14
20.4 4.13953 14
20.5 4.20691 14
20.6 4.28501 14
20.7 4.36392 14
20.8 4.44365 14
20.9 4.52422 14
21.0 4.59414 14
21.1 4.67610 14
21.2 4.75891 14
21.3 4.83029 14
21.4 4.91451 14
21.5 4.99961 14
21.6 5.07244 14
21.7 5.15898 14
21.8 5.23269 14
21.9 5.32070 14
22.0 5.40960 14
22.1 5.48477 14
22.2 5.57516 14
22.3 5.65121 14
22.4 5.74311 14
22.5 5.82004 14
22.6 5.91346 14
22.7 5.99128 14
22.8 6.08622 14
22.9 6.16493 14
23.0 6.24392 14
23.1 6.34101 14
23.2 6.42089 14
23.3 6.51955 14
23.4 6.60030 14
23.5 6.68133 14
23.6 6.82045 14
23.7 6.93465 14
23.8 7.07822 14
23.9 7.19479 14
24.0 7.31227 14
24.1 7.46110 14
24.2 7.58100 14
24.3 7.70180 14
24.4 7.85604 14
24.5 8.04566 14
24.6 8.16932 14
24.7 8.29389 14
24.8 8.45461 14
24.9 8.52610 14
25.0 8.59751 14
25.1 8.68987 14
25.2 8.76192 14
25.3 8.83415 14
25.4 8.90656 14
25.5 9.00123 14
25.6 9.07429 14
25.7 9.14751 14
25.8 9.22091 14
25.9 9.29448 14
26.0 9.39200 14
26.1 9.46622 14
26.2 9.54061 14
26.3 9.61517 14
26.4 9.68989 14
26.5 9.79032 14
26.6 9.86570 14
26.7 9.94124 14
26.8 10.01695 14
26.9 10.09281 14
27.0 10.19622 14
27.1 10.27275 14
27.2 10.34943 14
27.3 10.42627 14
27.4 10.50326 14
27.5 10.58040 14
27.6 10.65770 14
27.7 10.76520 14
27.8 10.84632 14
27.9 10.94150 14
28.0 11.03687 14
28.1 11.13242 14
28.2 11.22817 14
28.3 11.32409 14
28.4 11.42020 14
28.5 11.55700 14
28.6 11.65394 14
28.7 11.75105 14
28.8 11.84833 14
28.9 11.94579 14
29.0 12.04341 14
29.1 12.14121 14
29.2 12.23916 14
29.3 12.33728 14
29.4 12.48072 14
29.5 12.57966 14
29.6 12.67876 14
29.7 12.77801 14
29.8 12.87742 14
29.9 12.97699 14
30.0 13.07670 14
30.1 13.17657 14
30.2 13.27658 14
30.3 13.37673 14
30.4 13.47702 14
30.5 13.57746 14
30.6 13.67804 14
30.7 13.77875 14
30.8 13.93231 14
30.9 14.03383 14
31.0 14.13548 14
31.1 14.23726 14
31.2 14.33917 14
31.3 14.44121 14
31.4 14.54337 14
31.5 14.64566 14
31.6 14.74806 14
31.7 14.85059 14
31.8 14.95324 14
31.9 15.05600 14
32.0 15.15887 14
32.1 15.26186 14
32.2 15.36496 14
32.3 15.46817 14
32.4 15.57149 14
32.5 15.67491 14
32.6 15.77843 14
32.7 15.88206 14
32.8 15.98579 14
32.9 16.08961 14
33.0 16.19353 14
33.1 16.29755 14
33.2 16.40167 14
33.3 16.50587 14
33.4 16.67813 14
33.5 16.78312 14
33.6 16.88820 14
33.7 16.99337 14
33.8 17.09862 14
33.9 17.20396 14
34.0 17.30938 14
34.1 17.41489 14
34.2 17.52047 14
34.3 17.62613 14
34.4 17.73187 14
34.5 17.83769 14
34.6 17.94358 14
34.7 18.04954 14
34.8 18.15557 14
34.9 18.26168 14
35.0 18.36785 14
35.1 18.47409 14
35.2 18.58039 14
35.3 18.68676 14
35.4 18.79320 14
35.5 18.89969 14
35.6 19.00625 14
35.7 19.11286 14
35.8 19.21953 14
35.9 19.32626 14
36.0 19.43304 14
36.1 19.53988 14
36.2 19.64676 14
36.3 19.75370 14
36.4 19.86069 14
36.5 19.96773 14
36.6 20.07482 14
36.7 20.18195 14
36.8 20.28913 14
36.9 20.39635 14
37.0 20.50361 14
37.1 20.61091 14
37.2 20.71826 14
37.3 20.82564 14
37.4 20.93306 14
37.5 21.04052 14
37.6 21.14801 14
37.7 21.25554 14
37.8 21.36310 14
37.9 21.47069 14
38.0 21.57831 14
38.1 21.68597 14
38.2 21.79365 14
38.3 21.80125 14
38.4 21.90828 14
38.5 22.01534 14
38.6 22.12241 14
38.7 22.22952 14
38.8 22.33664 14
38.9 22.44378 14
39.0 22.55094 14
39.1 22.65811 14
39.2 22.76531 14
39.3 22.87252 14
39.4 22.97974 14
39.5 23.08698 14
39.6 23.19423 14
39.7 23.30149 14
39.8 23.40877 14
39.9 23.51605 14
40.0 23.62335 14
40.1 23.73065 14
40.2 23.83796 14
40.3 23.94527 14
40.4 24.05259 14
40.5 24.15992 14
40.6 24.26725 14
40.7 24.37458 14
40.8 24.48192 14
40.9 24.58925 14
41.0 24.69659 14
41.1 24.80393 14
41.2 24.91126 14
41.3 25.01859 14
41.4 25.12592 14
41.5 25.23325 14
41.6 25.34057 14
41.7 25.44789 14
41.8 25.55520 14
41.9 25.66251 14
42.0 25.76980 14
42.1 25.87709 14
42.2 25.98437 14
42.3 26.09164 14
42.4 26.19890 14
42.5 26.30615 14
42.6 26.28246 14
42.7 26.38892 14
42.8 26.49536 14
42.9 26.60179 14
43.0 26.70820 14
43.1 26.81459 14
43.2 26.92097 14
43.3 27.02732 14
43.4 27.13366 14
43.5 27.23998 14
43.6 27.34628 14
43.7 27.45256 14
43.8 27.55882 14
43.9 27.66505 14
44.0 27.77126 14
44.1 27.87745 14
44.2 27.98362 14
44.3 28.08976 14
44.4 28.19587 14
44.5 28.30196 14
44.6 28.40802 14
44.7 28.51406 14
44.8 28.62007 14
44.9 28.72605 14
45.0 28.83200 14
45.1 28.93793 14
45.2 29.04382 14
45.3 29.14968 14
45.4 29.25551 14
45.5 29.36131 14
45.6 29.46708 14
45.7 29.57282 14
45.8 29.52364 14
45.9 29.62851 14
46.0 29.73334 14
46.1 29.83814 14
46.2 29.94290 14
46.3 30.04763 14
46.4 30.15232 14
46.5 30.25697 14
46.6 30.36158 14
46.7 30.46615 14
46.8 30.57069 14
46.9 30.67519 14
47.0 30.77964 14
47.1 30.88406 14
47.2 30.98843 14
47.3 31.09276 14
47.4 31.19706 14
47.5 31.30130 14
47.6 31.40551 14
47.7 31.50967 14
47.8 31.61379 14
47.9 31.71787 14
48.0 31.82190 14
48.1 31.92589 14
48.2 32.02983 14
48.3 32.13373 14
48.4 32.23757 14
48.5 32.34138 14
48.6 32.44514 14
48.7 32.37179 14
48.8 32.47463 14
48.9 32.57742 14
49.0 32.63493 14
49.1 32.67000 14
49.2 32.70498 14
49.3 32.73989 14
49.4 32.77472 14
49.5 32.80947 14
49.6 32.84415 14
49.7 32.87875 14
49.8 32.91327 14
49.9 32.94772 14
50.0 32.98209 14
50.1 33.01638 14
50.2 33.05061 14
50.3 33.08475 14
50.4 33.11882 14
50.5 33.15282 14
50.6 33.18674 14
50.7 33.22059 14
50.8 33.25437 14
50.9 33.28807 14
51.0 33.32170 14
51.1 33.35525 14
51.2 33.38874 14
51.3 33.42215 14
51.4 33.45548 14
51.5 33.48875 14
51.6 33.45654 14
51.7 33.48949 14
51.8 33.52237 14
51.9 33.55518 14
52.0 33.58792 14
52.1 33.62059 14
52.2 33.65319 14
52.3 33.68572 14
52.4 33.71818 14
52.5 33.75057 14
52.6 33.78288 14
52.7 33.81513 14
52.8 33.84732 14
52.9 33.87943 14
53.0 33.91147 14
53.1 33.94345 14
53.2 33.97535 14
53.3 34.00719 14
53.4 34.03896 14
53.5 34.07067 14
53.6 34.10231 14
53.7 34.13388 14
53.8 34.16538 14
53.9 34.19682 14
54.0 34.22819 14
54.1 34.25949 14
54.2 34.29073 14
54.3 34.32190 14
54.4 34.28327 14
54.5 34.31414 14
54.6 34.34496 14
54.7 34.37570 14
54.8 34.40638 14
54.9 34.43700 14
55.0 34.46755 14
55.1 34.49804 14
55.2 34.52847 14
55.3 34.55883 14
55.4 34.58913 14
55.5 34.61936 14
55.6 34.64954 14
55.7 34.67965 14
55.8 34.70969 14
55.9 34.73968 14
56.0 34.76960 14
56.1 34.79946 14
56.2 34.82926 14
56.3 34.85900 14
56.4 34.88867 14
56.5 34.91829 14
56.6 34.94784 14
56.7 34.97733 14
56.8 35.00677 14
56.9 35.03614 14
57.0 35.06545 14
57.1 35.09470 14
57.2 35.04998 14
57.3 35.07895 14
57.4 35.10786 14
57.5 35.13671 14
57.6 35.16551 14
57.7 35.19424 14
57.8 35.22292 14
57.9 35.25154 14
58.0 35.28009 14
58.1 35.30860 14
58.2 35.33704 14
58.3 35.36542 14
58.4 35.39375 14
58.5 35.42202 14
58.6 35.45024 14
58.7 35.47839 14
58.8 35.50649 14
58.9 35.53453 14
59.0 35.56252 14
59.1 35.59045 14
59.2 35.61832 14
59.3 35.64614 14
59.4 35.67390 14
59.5 35.70161 14
59.6 35.72926 14
59.7 35.75685 14
59.8 35.78439 14
59.9 35.81188 14
60.0 35.83931 14
60.1 35.86669 14
60.2 35.81578 14
60.3 35.84289 14
60.4 35.86994 14
60.5 35.89695 14
60.6 35.92390 14
60.7 35.95079 14
60.8 35.97764 14
60.9 36.00443 14
61.0 36.03116 14
61.1 36.05785 14
61.2 36.08448 14
61.3 36.11106 14
61.4 36.13758 14
61.5 36.16406 14
61.6 36.19048 14
61.7 36.21685 14
61.8 36.24316 14
61.9 36.26943 14
62.0 36.29565 14
62.1 36.32181 14
62.2 36.34792 14
62.3 36.37398 14
62.4 36.39999 14
62.5 36.42595 14
62.6 36.45186 14
62.7 36.47772 14
62.8 36.50353 14
62.9 36.52929 14
63.0 36.55499 14
63.1 36.58065 14
63.2 36.52390 14
63.3 36.54931 14
63.4 36.57467 14
63.5 36.59998 14
63.6 36.62524 14
63.7 36.65046 14
63.8 36.67562 14
63.9 36.70074 14
64.0 36.72580 14
64.1 36.75082 14
64.2 36.77579 14
64.3 36.80072 14
64.4 36.82559 14
64.5 36.85042 14
64.6 36.87520 14
64.7 36.89993 14
64.8 36.92461 14
64.9 36.94925 14
65.0 36.97384 14
65.1 36.99839 14
65.2 37.02288 14
65.3 37.04733 14
65.4 37.07174 14
65.5 37.09610 14
65.6 37.12041 14
65.7 37.14467 14
65.8 37.16889 14
65.9 37.19307 14
66.0 37.21719 14
66.1 37.24128 14
66.2 37.26531 14
66.3 37.28931 14
66.4 37.22667 14
66.5 37.25043 14
66.6 37.27414 14
66.7 37.29781 14
66.8 37.32143 14
66.9 37.34501 14
67.0 37.36855 14
67.1 37.39204 14
67.2 37.41548 14
67.3 37.43889 14
67.4 37.46224 14
67.5 37.48556 14
67.6 37.50883 14
67.7 37.53206 14
67.8 37.55525 14
67.9 37.57839 14
68.0 37.60149 14
68.1 37.62454 14
68.2 37.64756 14
68.3 37.67053 14
68.4 37.69346 14
68.5 37.71634 14
68.6 37.73918 14
68.7 37.76199 14
68.8 37.78475 14
68.9 37.80746 14
69.0 37.83014 14
69.1 37.85277 14
69.2 37.87537 14
69.3 37.89792 14
69.4 37.92043 14
69.5 37.94290 14
69.6 37.96532 14
69.7 37.98771 14
69.8 37.91918 14
69.9 37.94135 14
70.0 37.96347 14
70.1 37.98556 14
70.2 38.00760 14
70.3 38.02961 14
70.4 38.05157 14
70.5 38.07349 14
70.6 38.09538 14
70.7 38.11722 14
70.8 38.13903 14
70.9 38.16079 14
71.0 38.18252 14
71.1 38.20421 14
71.2 38.22586 14
71.3 38.24746 14
71.4 38.26903 14
71.5 38.29056 14
71.6 38.31206 14
71.7 38.33351 14
71.8 38.35492 14
71.9 38.37630 14
72.0 38.39764 14
72.1 38.41894 14
72.2 38.44020 14
72.3 38.46142 14
72.4 38.48261 14
72.5 38.50376 14
72.6 38.52487 14
72.7 38.54594 14
72.8 38.56698 14
72.9 38.58797 14
73.0 38.60893 14
73.1 38.62986 14
73.2 38.65074 14
73.3 38.57652 14
73.4 38.59720 14
73.5 38.61784 14
73.6 38.63845 14
73.7 38.65902 14
73.8 38.67955 14
73.9 38.70005 14
74.0 38.72051 14
74.1 38.74093 14
74.2 38.76132 14
74.3 38.78167 14
74.4 38.80199 14
74.5 38.82227 14
74.6 38.84251 14
74.7 38.86272 14
74.8 38.88290 14
74.9 38.90304 14
75.0 38.92314 14
75.1 38.94321 14
75.2 38.96324 14
75.3 38.98324 14
75.4 39.00320 14
75.5 39.02313 14
75.6 39.04303 14
75.7 39.06289 14
75.8 39.08271 14
75.9 39.10250 14
76.0 39.12226 14
76.1 39.14198 14
76.2 39.16167 14
76.3 39.18132 14
76.4 39.20094 14
76.5 39.22053 14
76.6 39.24008 14
76.7 39.25960 14
76.8 39.27909 14
76.9 39.29854 14
77.0 39.31795 14
77.1 39.23793 14
77.2 39.25715 14
77.3 39.27634 14
77.4 39.29550 14
77.5 39.31463 14
77.6 39.33372 14
77.7 39.35278 14
77.8 39.37181 14
77.9 39.39080 14
78.0 39.40976 14
78.1 39.42869 14
78.2 39.44759 14
78.3 39.46646 14
78.4 39.48529 14
78.5 39.50409 14
78.6 39.52286 14
78.7 39.54160 14
78.8 39.56031 14
78.9 39.57898 14
79.0 39.59762 14
79.1 39.61623 14
79.2 39.63481 14
79.3 39.65336 14
79.4 39.67188 14
79.5 39.69036 14
79.6 39.70882 14
79.7 39.72724 14
79.8 39.74563 14
79.9 39.76400 14
80.0 39.78233 14
80.1 39.80063 14
80.2 39.81890 14
80.3 39.83714 14
80.4 39.85534 14
80.5 39.87352 14
80.6 39.89167 14
80.7 39.90979 14
80.8 39.92787 14
80.9 39.94593 14
81.0 39.96396 14
81.1 39.87822 14
81.2 39.89607 14
81.3 39.91388 14
81.4 39.93167 14
81.5 39.94943 14
81.6 39.96716 14
81.7 39.98485 14
81.8 40.00252 14
81.9 40.02016 14
82.0 40.03777 14
82.1 40.05535 14
82.2 40.07291 14
82.3 40.09043 14
82.4 40.10792 14
82.5 40.12539 14
82.6 40.14283 14
82.7 40.16024 14
82.8 40.17762 14
82.9 40.19497 14
83.0 40.21229 14
83.1 40.22958 14
83.2 40.24685 14
83.3 40.26409 14
83.4 40.28130 14
83.5 40.29848 14
83.6 40.31563 14
83.7 40.33276 14
83.8 40.34986 14
83.9 40.36693 14
84.0 40.38397 14
84.1 40.40098 14
84.2 40.41797 14
84.3 40.43493 14
84.4 40.45186 14
84.5 40.46876 14
84.6 40.48564 14
84.7 40.50249 14
84.8 40.51931 14
84.9 40.53611 14
85.0 40.55288 14
85.1 40.56962 14
85.2 40.58633 14
85.3 40.60302 14
85.4 40.61968 14
85.5 40.52807 14
85.6 40.54457 14
85.7 40.56103 14
85.8 40.57747 14
85.9 40.59388 14
86.0 40.61027 14
86.1 40.62663 14
86.2 40.64296 14
86.3 40.65927 14
86.4 40.67555 14
86.5 40.69181 14
86.6 40.70804 14
86.7 40.72424 14
86.8 40.74042 14
86.9 40.75658 14
87.0 40.77270 14
87.1 40.78880 14
87.2 40.80488 14
87.3 40.82093 14
87.4 40.83695 14
87.5 40.85295 14
87.6 40.86893 14
87.7 40.88488 14
87.8 40.90080 14
87.9 40.91670 14
88.0 40.93257 14
88.1 40.94842 14
88.2 40.96424 14
88.3 40.98004 14
88.4 40.99581 14
88.5 41.01156 14
88.6 41.02729 14
88.7 41.04299 14
88.8 41.05866 14
88.9 41.07431 14
89.0 41.08994 14
89.1 41.10554 14
89.2 41.12112 14
89.3 41.13667 14
89.4 41.15220 14
89.5 41.16770 14
89.6 41.18318 14
89.7 41.19864 14
89.8 41.21407 14
89.9 41.22948 14
90.0 41.24486 14
90.1 41.26022 14
90.2 41.16280 14
90.3 41.17800 14
90.4 41.19318 14
90.5 41.20834 14
90.6 41.22347 14
90.7 41.23858 14
90.8 41.25367 14
90.9 41.26873 14
91.0 41.28377 14
91.1 41.29879 14
91.2 41.31378 14
91.3 41.32875 14
91.4 41.34370 14
91.5 41.35863 14
91.6 41.37353 14
91.7 41.38841 14
91.8 41.40326 14
91.9 41.41810 14
92.0 41.43291 14
92.1 41.44769 14
92.2 41.46246 14
92.3 41.47720 14
92.4 41.49192 14
92.5 41.50662 14
92.6 41.52129 14
92.7 41.53595 14
92.8 41.55058 14
92.9 41.56519 14
93.0 41.57977 14
93.1 41.59434 14
93.2 41.60888 14
93.3 41.62340 14
93.4 41.63789 14
93.5 41.65237 14
93.6 41.66682 14
93.7 41.68126 14
93.8 41.69567 14
93.9 41.71005 14
94.0 41.72442 14
94.1 41.73877 14
94.2 41.75309 14
94.3 41.76739 14
94.4 41.78167 14
94.5 41.79593 14
94.6 41.81017 14
94.7 41.82439 14
94.8 41.83858 14
94.9 41.85275 14
95.0 41.86691 14
95.1 41.88104 14
95.2 41.89515 14
95.3 41.79188 14
95.4 41.80585 14
95.5 41.81979 14
95.6 41.83372 14
95.7 41.84762 14
95.8 41.86150 14
95.9 41.87536 14
96.0 41.88920 14
96.1 41.90302 14
96.2 41.91682 14
96.3 41.93060 14
96.4 41.94436 14
96.5 41.95810 14
96.6 41.97182 14
96.7 41.98552 14
96.8 41.99920 14
96.9 42.01285 14
97.0 42.02649 14
97.1 42.04011 14
97.2 42.05371 14
97.3 42.06728 14
97.4 42.08084 14
97.5 42.09438 14
97.6 42.10789 14
97.7 42.12139 14
97.8 42.13487 14
97.9 42.14833 14
98.0 42.16176 14
98.1 42.17518 14
98.2 42.18858 14
98.3 42.20196 14
98.4 42.21532 14
98.5 42.22866 14
98.6 42.24198 14
98.7 42.25528 14
98.8 42.26856 14
98.9 42.28182 14
99.0 42.29507 14
99.1 42.30829 14
99.2 42.32149 14
99.3 42.33468 14
99.4 42.34785 14
99.5 42.36099 14
99.6 42.37412 14
99.7 42.38723 14
99.8 42.40032 14
99.9 42.41339 14
100.0 42.42644 14
100.1 42.43948 14
100.2 42.45249 14
100.3 42.46549 14
100.4 42.47846 14
100.5 42.49142 14
100.6 42.50436 14
100.7 42.51728 14
100.8 42.53018 14
100.9 42.42100 14
101.0 42.43376 14
101.1 42.44652 14
101.2 42.45925 14
101.3 42.47196 14
101.4 42.48466 14
101.5 42.49734 14
101.6 42.51000 14
101.7 42.52264 14
101.8 42.53526 14
101.9 42.54787 14
102.0 42.56046 14
102.1 42.57303 14
102.2 42.58558 14
102.3 42.59811 14
102.4 42.61063 14
102.5 42.62313 14
102.6 42.63561 14
102.7 42.64807 14
102.8 42.66052 14
102.9 42.67294 14
103.0 42.68535 14
103.1 42.69774 14
103.2 42.71012 14
103.3 42.72248 14
103.4 42.73482 14
103.5 42.74714 14
103.6 42.75944 14
103.7 42.77173 14
103.8 42.78400 14
103.9 42.79625 14
104.0 42.80849 14
104.1 42.82071 14
104.2 42.83291 14
104.3 42.84509 14
104.4 42.85726 14
104.5 42.86941 14
104.6 42.88154 14
104.7 42.89366 14
104.8 42.90576 14
104.9 42.91784 14
105.0 42.92991 14
105.1 42.94195 14
105.2 42.95399 14
105.3 42.96600 14
105.4 42.97800 14
105.5 42.98998 14
105.6 43.00194 14
105.7 43.01389 14
105.8 43.02582 14
105.9 43.03774 14
106.0 43.04964 14
106.1 43.06152 14
106.2 43.07338 14
106.3 43.08523 14
106.4 43.09707 14
106.5 43.10888 14
106.6 43.12068 14
106.7 43.13246 14
106.8 43.14423 14
106.9 43.15598 14
107.0 43.16772 14
107.1 43.05251 14
107.2 43.06412 14
107.3 43.07572 14
107.4 43.08730 14
107.5 43.09887 14
107.6 43.11042 14
107.7 43.12195 14
107.8 43.13347 14
107.9 43.14497 14
108.0 43.15645 14
108.1 43.16792 14
108.2 43.17938 14
108.3 43.19082 14
108.4 43.20224 14
108.5 43.21365 14
108.6 43.22504 14
108.7 43.23642 14
108.8 43.24778 14
108.9 43.25912 14
109.0 43.27045 14
109.1 43.28177 14
109.2 43.29307 14
109.3 43.30435 14
109.4 43.31562 14
109.5 43.32687 14
109.6 43.33811 14
109.7 43.34933 14
109.8 43.36054 14
109.9 43.37173 14
110.0 43.38291 14
110.1 43.39407 14
110.2 43.40522 14
110.3 43.41635 14
110.4 43.42747 14
110.5 43.43857 14
110.6 43.44965 14
110.7 43.46073 14
110.8 43.47178 14
110.9 43.48282 14
111.0 43.49385 14
111.1 43.50486 14
111.2 43.51586 14
111.3 43.52684 14
111.4 43.53781 14
111.5 43.54877 14
111.6 43.55970 14
111.7 43.57063 14
111.8 43.58154 14
111.9 43.59243 14
112.0 43.60331 14
112.1 43.61418 14
112.2 43.62503 14
112.3 43.63587 14
112.4 43.64669 14
112.5 43.65750 14
112.6 43.66829 14
112.7 43.67907 14
112.8 43.68984 14
112.9 43.70059 14
113.0 43.71132 14
113.1 43.72205 14
113.2 43.73275 14
113.3 43.74345 14
113.4 43.75413 14
113.5 43.76479 14
113.6 43.77544 14
113.7 43.78608 14
113.8 43.79670 14
113.9 43.80731 14
114.0 43.81791 14
114.1 43.69649 14
114.2 43.70698 14
114.3 43.71745 14
114.4 43.72790 14
114.5 43.73835 14
114.6 43.74878 14
114.7 43.75919 14
114.8 43.76960 14
114.9 43.77998 14
115.0 43.79036 14
115.1 43.80072 14
115.2 43.81107 14
115.3 43.82140 14
115.4 43.83172 14
115.5 43.84203 14
115.6 43.85232 14
115.7 43.86260 14
115.8 43.87287 14
115.9 43.88313 14
116.0 43.89337 14
116.1 43.90359 14
116.2 43.91381 14
116.3 43.92401 14
116.4 43.93419 14
116.5 43.94437 14
116.6 43.95453 14
116.7 43.96467 14
116.8 43.97481 14
116.9 43.98493 14
117.0 43.99504 14
117.1 44.00513 14
117.2 44.01521 14
117.3 44.02528 14
117.4 44.03534 14
117.5 44.04538 14
117.6 44.05541 14
117.7 44.06543 14
117.8 44.07543 14
117.9 44.08542 14
118.0 44.09540 14
118.1 44.10537 14
118.2 44.11532 14
118.3 44.12526 14
118.4 44.13519 14
118.5 44.14510 14
118.6 44.15500 14
118.7 44.16489 14
118.8 44.17477 14
118.9 44.18463 14
119.0 44.19448 14
119.1 44.20432 14
119.2 44.21415 14
119.3 44.22396 14
119.4 44.23376 14
119.5 44.24355 14
119.6 44.25332 14
119.7 44.26309 14
119.8 44.27284 14
119.9 44.28258 14
120.0 44.29230 14
120.1 44.30202 14
120.2 44.31172 14
120.3 44.32141 14
120.4 44.33108 14
120.5 44.34075 14
120.6 44.35040 14
120.7 44.36004 14
120.8 44.36967 14
120.9 44.37929 14
121.0 44.38889 14
121.1 44.39848 14
121.2 44.40806 14
121.3 44.41763 14
121.4 44.42718 14
121.5 44.43673 14
121.6 44.44626 14
121.7 44.45578 14
121.8 44.46528 14
121.9 44.33760 14
122.0 44.34701 14
122.1 44.35640 14
122.2 44.36579 14
122.3 44.37516 14
122.4 44.38452 14
122.5 44.39387 14
122.6 44.40320 14
122.7 44.41253 14
122.8 44.42184 14
122.9 44.43114 14
123.0 44.44043 14
123.1 44.44971 14
123.2 44.45898 14
123.3 44.46824 14
123.4 44.47748 14
123.5 44.48671 14
123.6 44.49593 14
123.7 44.50514 14
123.8 44.51434 14
123.9 44.52353 14
124.0 44.53270 14
124.1 44.54187 14
124.2 44.55102 14
124.3 44.56016 14
124.4 44.56929 14
124.5 44.57841 14
124.6 44.58752 14
124.7 44.59661 14
124.8 44.60570 14
124.9 44.61477 14
125.0 44.62383 14
125.1 44.63288 14
125.2 44.64192 14
125.3 44.65095 14
125.4 44.65997 14
125.5 44.66898 14
125.6 44.67797 14
125.7 44.68696 14
125.8 44.69593 14
125.9 44.70489 14
126.0 44.71384 14
126.1 44.72278 14
126.2 44.73171 14
126.3 44.74063 14
126.4 44.74954 14
126.5 44.75843 14
126.6 44.76732 14
126.7 44.77620 14
126.8 44.78506 14
126.9 44.79391 14
127.0 44.80275 14
127.1 44.81159 14
127.2 44.82041 14
127.3 44.82922 14
127.4 44.83802 14
127.5 44.84681 14
127.6 44.85558 14
127.7 44.86435 14
127.8 44.87311 14
127.9 44.88185 14
128.0 44.89059 14
128.1 44.89931 14
128.2 44.90803 14
128.3 44.91673 14
128.4 44.92543 14
128.5 44.93411 14
128.6 44.94278 14
128.7 44.95144 14
128.8 44.96009 14
128.9 44.96873 14
129.0 44.97737 14
129.1 44.98599 14
129.2 44.99460 14
129.3 45.00319 14
129.4 45.01178 14
129.5 45.02036 14
129.6 45.02893 14
129.7 45.03749 14
129.8 45.04604 14
129.9 45.05457 14
130.0 45.06310 14
130.1 45.07162 14
130.2 45.08013 14
130.3 45.08862 14
130.4 45.09711 14
130.5 45.10559 14
130.6 45.11405 14
130.7 44.97999 14
130.8 44.98837 14
130.9 44.99673 14
131.0 45.00509 14
131.1 45.01344 14
131.2 45.02178 14
131.3 45.03010 14
131.4 45.03842 14
131.5 45.04673 14
131.6 45.05502 14
131.7 45.06331 14
131.8 45.07159 14
131.9 45.07987 14
132.0 45.08813 14
132.1 45.09638 14
132.2 45.10462 14
132.3 45.11285 14
132.4 45.12106 14
132.5 45.12927 14
132.6 45.13747 14
132.7 45.14566 14
132.8 45.15384 14
132.9 45.16201 14
133.0 45.17017 14
133.1 45.17833 14
133.2 45.18647 14
133.3 45.19460 14
133.4 45.20272 14
133.5 45.21084 14
133.6 45.21894 14
133.7 45.22703 14
133.8 45.23512 14
133.9 45.24319 14
134.0 45.25126 14
134.1 45.25931 14
134.2 45.26736 14
134.3 45.27540 14
134.4 45.28342 14
134.5 45.29144 14
134.6 45.29945 14
134.7 45.30745 14
134.8 45.31544 14
134.9 45.32342 14
135.0 45.33139 14
135.1 45.33936 14
135.2 45.34731 14
135.3 45.35525 14
135.4 45.36319 14
135.5 45.37111 14
135.6 45.37903 14
135.7 45.38693 14
135.8 45.39483 14
135.9 45.40272 14
136.0 45.41060 14
136.1 45.41847 14
136.2 45.42633 14
136.3 45.43418 14
136.4 45.44203 14
136.5 45.44986 14
136.6 45.45768 14
136.7 45.46550 14
136.8 45.47331 14
136.9 45.48110 14
137.0 45.48889 14
137.1 45.49667 14
137.2 45.50444 14
137.3 45.51221 14
137.4 45.51996 14
137.5 45.52770 14
137.6 45.53544 14
137.7 45.54316 14
137.8 45.55088 14
137.9 45.55859 14
138.0 45.56629 14
138.1 45.57398 14
138.2 45.58166 14
138.3 45.58934 14
138.4 45.59700 14
138.5 45.60466 14
138.6 45.61230 14
138.7 45.61994 14
138.8 45.62757 14
138.9 45.63519 14
139.0 45.64280 14
139.1 45.65041 14
139.2 45.65800 14
139.3 45.66559 14
139.4 45.67316 14
139.5 45.68073 14
139.6 45.68829 14
139.7 45.69584 14
139.8 45.70339 14
139.9 45.71092 14
140.0 45.71845 14
140.1 45.72597 14
140.2 45.73347 14
140.3 45.74097 14
140.4 45.74847 14
140.5 45.75595 14
140.6 45.76342 14
140.7 45.77089 14
140.8 45.77835 14
140.9 45.63770 14
141.0 45.64508 14
141.1 45.65245 14
141.2 45.65981 14
141.3 45.66716 14
141.4 45.67451 14
141.5 45.68185 14
141.6 45.68918 14
141.7 45.69650 14
141.8 45.70381 14
141.9 45.71111 14
142.0 45.71841 14
142.1 45.72570 14
142.2 45.73298 14
142.3 45.74025 14
142.4 45.74751 14
142.5 45.75477 14
142.6 45.76202 14
142.7 45.76925 14
142.8 45.77648 14
142.9 45.78371 14
143.0 45.79092 14
143.1 45.79813 14
143.2 45.80533 14
143.3 45.81252 14
143.4 45.81970 14
143.5 45.82688 14
143.6 45.83404 14
143.7 45.84120 14
143.8 45.84837 14
143.9 45.85551 14
144.0 45.86264 14
144.1 45.86977 14
144.2 45.87689 14
144.3 45.88400 14
144.4 45.89110 14
144.5 45.89820 14
144.6 45.90529 14
144.7 45.91237 14
144.8 45.91944 14
144.9 45.92650 14
145.0 45.93356 14
145.1 45.94061 14
145.2 45.94765 14
145.3 45.95468 14
145.4 45.96170 14
145.5 45.96872 14
145.6 45.97573 14
145.7 45.98273 14
145.8 45.98973 14
145.9 45.99671 14
146.0 46.00369 14
146.1 46.01066 14
146.2 46.01763 14
146.3 46.02458 14
146.4 46.03153 14
146.5 46.03847 14
146.6 46.04540 14
146.7 46.05233 14
146.8 46.05925 14
146.9 46.06616 14
147.0 46.07306 14
147.1 46.07995 14
147.2 46.08684 14
147.3 46.09372 14
147.4 46.10059 14
147.5 46.10746 14
147.6 46.11431 14
147.7 46.12116 14
147.8 46.12801 14
147.9 46.13484 14
148.0 46.14167 14
148.1 46.14849 14
148.2 46.15530 14
148.3 46.16211 14
148.4 46.16891 14
148.5 46.17570 14
148.6 46.18248 14
148.7 46.18926 14
148.8 46.19602 14
148.9 46.20278 14
149.0 46.20954 14
149.1 46.21629 14
149.2 46.22302 14
149.3 46.22976 14
149.4 46.23648 14
149.5 46.24320 14
149.6 46.24991 14
149.7 46.25661 14
149.8 46.26331 14
149.9 46.27000 14
150.0 46.27668 14
150.1 46.28335 14
150.2 46.29002 14
150.3 46.29668 14
150.4 46.30333 14
150.5 46.30998 14
150.6 46.31661 14
150.7 46.32325 14
150.8 46.32987 14
150.9 46.33649 14
151.0 46.34310 14
151.1 46.34970 14
151.2 46.35630 14
151.3 46.36288 14
151.4 46.36947 14
151.5 46.37604 14
151.6 46.38261 14
151.7 46.38917 14
151.8 46.39572 14
151.9 46.40227 14
152.0 46.40881 14
152.1 46.41534 14
152.2 46.42187 14
152.3 46.42839 14
152.4 46.43490 14
152.5 46.44140 14
152.6 46.44790 14
152.7 46.45439 14
152.8 46.30695 14
152.9 46.31338 14
153.0 46.31979 14
153.1 46.32620 14
153.2 46.33260 14
153.3 46.33899 14
153.4 46.34538 14
153.5 46.35176 14
153.6 46.35814 14
153.7 46.36450 14
153.8 46.37086 14
153.9 46.37722 14
154.0 46.38357 14
154.1 46.38991 14
154.2 46.39624 14
154.3 46.40257 14
154.4 46.40889 14
154.5 46.41520 14
154.6 46.42151 14
154.7 46.42781 14
154.8 46.43410 14
154.9 46.44039 14
155.0 46.44667 14
155.1 46.45295 14
155.2 46.45921 14
155.3 46.46547 14
155.4 46.47173 14
155.5 46.47798 14
155.6 46.48422 14
155.7 46.49045 14
155.8 46.49668 14
155.9 46.50290 14
156.0 46.50912 14
156.1 46.51533 14
156.2 46.52154 14
156.3 46.52774 14
156.4 46.53393 14
156.5 46.54011 14
156.6 46.54629 14
156.7 46.55246 14
156.8 46.55862 14
156.9 46.56478 14
157.0 46.57093 14
157.1 46.57707 14
157.2 46.58321 14
157.3 46.58934 14
157.4 46.59547 14
157.5 46.60158 14
157.6 46.60770 14
157.7 46.61380 14
157.8 46.61990 14
157.9 46.62600 14
158.0 46.63208 14
158.1 46.63816 14
158.2 46.64424 14
158.3 46.65031 14
158.4 46.65637 14
158.5 46.66242 14
158.6 46.66847 14
158.7 46.67452 14
158.8 46.68055 14
158.9 46.68658 14
159.0 46.69261 14
159.1 46.69863 14
159.2 46.70464 14
159.3 46.71065 14
159.4 46.71665 14
159.5 46.72264 14
159.6 46.72863 14
159.7 46.73461 14
159.8 46.74058 14
159.9 46.74655 14
160.0 46.75251 14
160.1 46.75847 14
160.2 46.76442 14
160.3 46.77037 14
160.4 46.77630 14
160.5 46.78224 14
160.6 46.78816 14
160.7 46.79408 14
160.8 46.80000 14
160.9 46.80591 14
161.0 46.81181 14
161.1 46.81770 14
161.2 46.82359 14
161.3 46.82948 14
161.4 46.83536 14
161.5 46.84123 14
161.6 46.84710 14
161.7 46.85296 14
161.8 46.85881 14
161.9 46.86466 14
162.0 46.87050 14
162.1 46.87634 14
162.2 46.88217 14
162.3 46.88799 14
162.4 46.89381 14
162.5 46.89962 14
162.6 46.90543 14
162.7 46.91123 14
162.8 46.91703 14
162.9 46.92282 14
163.0 46.92860 14
163.1 46.93438 14
163.2 46.94015 14
163.3 46.94592 14
163.4 46.95168 14
163.5 46.95743 14
163.6 46.96318 14
163.7 46.96892 14
163.8 46.97466 14
163.9 46.98039 14
164.0 46.98612 14
164.1 46.99184 14
164.2 46.99755 14
164.3 47.00326 14
164.4 47.00896 14
164.5 47.01466 14
164.6 47.02035 14
164.7 47.02603 14
164.8 47.03171 14
164.9 47.03739 14
165.0 47.04306 14
165.1 47.04872 14
165.2 47.05438 14
165.3 47.06003 14
165.4 47.06567 14
165.5 47.07131 14
165.6 47.07695 14
165.7 47.08258 14
165.8 47.08820 14
165.9 47.09382 14
166.0 47.09943 14
166.1 47.10504 14
166.2 47.11064 14
166.3 47.11623 14
166.4 47.12182 14
166.5 47.12741 14
166.6 47.13298 14
166.7 47.13856 14
166.8 47.14413 14
166.9 47.14969 14
167.0 47.15524 14
167.1 47.00069 14
167.2 47.00619 14
167.3 47.01168 14
167.4 47.01716 14
167.5 47.02264 14
167.6 47.02812 14
167.7 47.03359 14
167.8 47.03905 14
167.9 47.04451 14
168.0 47.04996 14
168.1 47.05541 14
168.2 47.06085 14
168.3 47.06629 14
168.4 47.07172 14
168.5 47.07715 14
168.6 47.08257 14
168.7 47.08799 14
168.8 47.09340 14
168.9 47.09880 14
169.0 47.10420 14
169.1 47.10960 14
169.2 47.11500 14
169.3 47.12039 14
169.4 47.12577 14
169.5 47.13114 14
169.6 47.13651 14
169.7 47.14187 14
169.8 47.14723 14
169.9 47.15258 14
170.0 47.15793 14
170.1 47.16327 14
170.2 47.16861 14
170.3 47.17394 14
170.4 47.17926 14
170.5 47.18458 14
170.6 47.18990 14
170.7 47.19521 14
170.8 47.20052 14
170.9 47.20582 14
171.0 47.21111 14
171.1 47.21640 14
171.2 47.22169 14
171.3 47.22697 14
171.4 47.23224 14
171.5 47.23751 14
171.6 47.24278 14
171.7 47.24803 14
171.8 47.25329 14
171.9 47.25854 14
172.0 47.26378 14
172.1 47.26902 14
172.2 47.27425 14
172.3 47.27948 14
172.4 47.28471 14
172.5 47.28993 14
172.6 47.29514 14
172.7 47.30035 14
172.8 47.30555 14
172.9 47.31075 14
173.0 47.31594 14
173.1 47.32113 14
173.2 47.32632 14
173.3 47.33149 14
173.4 47.33667 14
173.5 47.34184 14
173.6 47.34700 14
173.7 47.35216 14
173.8 47.35731 14
173.9 47.36246 14
174.0 47.36760 14
174.1 47.37274 14
174.2 47.37788 14
174.3 47.38301 14
174.4 47.38813 14
174.5 47.39325 14
174.6 47.39836 14
174.7 47.40347 14
174.8 47.40858 14
174.9 47.41368 14
175.0 47.41877 14
175.1 47.42386 14
175.2 47.42895 14
175.3 47.43403 14
175.4 47.43910 14
175.5 47.44417 14
175.6 47.44924 14
175.7 47.45430 14
175.8 47.45935 14
175.9 47.46441 14
176.0 47.46945 14
176.1 47.47449 14
176.2 47.47953 14
176.3 47.48456 14
176.4 47.48959 14
176.5 47.49461 14
176.6 47.49963 14
176.7 47.50464 14
176.8 47.50965 14
176.9 47.51465 14
177.0 47.51965 14
177.1 47.52465 14
177.2 47.52963 14
177.3 47.53462 14
177.4 47.53960 14
177.5 47.54457 14
177.6 47.54954 14
177.7 47.55451 14
177.8 47.55947 14
177.9 47.56443 14
178.0 47.56938 14
178.1 47.57433 14
178.2 47.57927 14
178.3 47.58421 14
178.4 47.58914 14
178.5 47.59407 14
178.6 47.59899 14
178.7 47.60391 14
178.8 47.60882 14
178.9 47.61373 14
179.0 47.61864 14
179.1 47.62354 14
179.2 47.62844 14
179.3 47.63333 14
179.4 47.63821 14
179.5 47.64310 14
179.6 47.64797 14
179.7 47.65285 14
179.8 47.65772 14
179.9 47.66258 14
180.0 47.66744 14
180.1 47.67229 14
180.2 47.67714 14
180.3 47.68199 14
180.4 47.68683 14
180.5 47.69167 14
180.6 47.69650 14
180.7 47.70133 14
180.8 47.70615 14
180.9 47.71097 14
181.0 47.71578 14
181.1 47.72059 14
181.2 47.72540 14
181.3 47.73020 14
181.4 47.73500 14
181.5 47.73979 14
181.6 47.74458 14
181.7 47.74936 14
181.8 47.75414 14
181.9 47.75891 14
182.0 47.76368 14
182.1 47.76845 14
182.2 47.77321 14
182.3 47.77797 14
182.4 47.78272 14
182.5 47.78747 14
182.6 47.79221 14
182.7 47.79695 14
182.8 47.80168 14
182.9 47.80641 14
183.0 47.81114 14
183.1 47.81586 14
183.2 47.82058 14
183.3 47.82529 14
183.4 47.83000 14
183.5 47.83470 14
183.6 47.83940 14
183.7 47.84410 14
183.8 47.84879 14
183.9 47.85348 14
184.0 47.85816 14
184.1 47.86284 14
184.2 47.86751 14
184.3 47.87218 14
184.4 47.87685 14
184.5 47.71489 14
184.6 47.71951 14
184.7 47.72412 14
184.8 47.72872 14
184.9 47.73332 14
185.0 47.73792 14
185.1 47.74252 14
185.2 47.74711 14
185.3 47.75169 14
185.4 47.75627 14
185.5 47.76085 14
185.6 47.76542 14
185.7 47.76999 14
185.8 47.77456 14
185.9 47.77912 14
186.0 47.78367 14
186.1 47.78822 14
186.2 47.79277 14
186.3 47.79732 14
186.4 47.80186 14
186.5 47.80639 14
186.6 47.81092 14
186.7 47.81545 14
186.8 47.81997 14
186.9 47.82449 14
187.0 47.82901 14
187.1 47.83352 14
187.2 47.83803 14
187.3 47.84253 14
187.4 47.84703 14
187.5 47.85152 14
187.6 47.89022 14
187.7 47.89478 14
187.8 47.89934 14
187.9 47.90390 14
188.0 47.90846 14
188.1 47.91301 14
188.2 47.91755 14
188.3 47.92209 14
188.4 47.92663 14
188.5 47.93116 14
188.6 47.93569 14
188.7 47.94022 14
188.8 47.94474 14
188.9 47.94925 14
189.0 47.98672 14
189.1 47.99131 14
189.2 47.79562 14
189.3 47.80008 14
189.4 47.80454 14
189.5 47.80899 14
189.6 47.81344 14
189.7 47.81788 14
189.8 47.82232 14
189.9 47.82676 14
190.0 47.83119 14
190.1 47.83562 14
190.2 47.84004 14
190.3 47.84446 14
190.4 47.84888 14
190.5 47.85329 14
190.6 47.89194 14
190.7 47.89642 14
190.8 47.90112 14
190.9 47.90559 14
191.0 47.91006 14
191.1 47.91453 14
191.2 47.91899 14
191.3 47.92345 14
191.4 47.92790 14
191.5 47.93236 14
191.6 47.93680 14
191.7 47.94126 14
191.8 47.94570 14
191.9 47.95013 14
192.0 47.98753 14
192.1 47.99204 14
192.2 47.79625 14
192.3 47.80063 14
192.4 47.80523 14
192.5 47.80960 14
192.6 47.81397 14
192.7 47.81833 14
192.8 47.82269 14
192.9 47.82704 14
193.0 47.83140 14
193.1 47.83574 14
193.2 47.84009 14
193.3 47.84443 14
193.4 47.84876 14
193.5 47.85310 14
193.6 47.89166 14
193.7 47.89606 14
193.8 47.90068 14
193.9 47.90508 14
194.0 47.90947 14
194.1 47.91408 14
194.2 47.91846 14
194.3 47.92284 14
194.4 47.92721 14
194.5 47.93158 14
194.6 47.93595 14
194.7 47.94031 14
194.8 47.94467 14
194.9 47.94903 14
195.0 47.98633 14
195.1 47.99076 14
195.2 47.79494 14
195.3 47.79924 14
195.4 47.80354 14
195.5 47.80805 14
195.6 47.81234 14
195.7 47.81685 14
195.8 47.82114 14
195.9 47.82541 14
196.0 47.82969 14
196.1 47.83396 14
196.2 47.83823 14
196.3 47.84249 14
196.4 47.84675 14
196.5 47.85100 14
196.6 47.88946 14
196.7 47.89378 14
196.8 47.89810 14
196.9 47.90264 14
197.0 47.90695 14
197.1 47.91148 14
197.2 47.91579 14
197.3 47.92009 14
197.4 47.92462 14
197.5 47.92892 14
197.6 47.93321 14
197.7 47.93749 14
197.8 47.94178 14
197.9 47.94605 14
198.0 47.95033 14
198.1 47.98757 14
198.2 47.99192 14
198.3 47.79599 14
198.4 47.80021 14
198.5 47.80443 14
198.6 47.80886 14
198.7 47.81308 14
198.8 47.81751 14
198.9 47.82171 14
199.0 47.82591 14
199.1 47.83034 14
199.2 47.83454 14
199.3 47.83872 14
199.4 47.84291 14
199.5 47.84709 14
199.6 47.85127 14
199.7 47.88965 14
199.8 47.89389 14
199.9 47.89814 14
200.0 47.90259 14
200.1 47.90683 14
200.2 47.91129 14
200.3 47.91551 14
200.4 47.91974 14
200.5 47.92419 14
200.6 47.92840 14
200.7 47.93286 14
200.8 47.93706 14
200.9 47.94127 14
201.0 47.94547 14
201.1 47.94967 14
201.2 47.98683 14
201.3 47.99109 14
201.4 47.79511 14
201.5 47.79925 14
201.6 47.80339 14
201.7 47.80775 14
201.8 47.81189 14
201.9 47.81625 14
202.0 47.82037 14
202.1 47.82450 14
202.2 47.82885 14
202.3 47.83297 14
202.4 47.83732 14
202.5 47.84143 14
202.6 47.84554 14
202.7 47.84964 14
202.8 47.85374 14
202.9 47.89209 14
203.0 47.89626 14
203.1 47.90064 14
203.2 47.90480 14
203.3 47.90895 14
203.4 47.91333 14
203.5 47.91748 14
203.6 47.92185 14
203.7 47.92600 14
203.8 47.93013 14
203.9 47.93451 14
204.0 47.93864 14
204.1 47.94276 14
204.2 47.94713 14
204.3 47.98417 14
204.4 47.98836 14
204.5 47.99255 14
204.6 47.79644 14
204.7 47.80051 14
204.8 47.80480 14
204.9 47.80886 14
205.0 47.81292 14
205.1 47.81720 14
205.2 47.82125 14
205.3 47.82530 14
205.4 47.82958 14
205.5 47.83362 14
205.6 47.83790 14
205.7 47.84193 14
205.8 47.84596 14
205.9 47.85024 14
206.0 47.85426 14
206.1 47.89254 14
206.2 47.89663 14
206.3 47.90094 14
206.4 47.90502 14
206.5 47.90910 14
206.6 47.91340 14
206.7 47.91747 14
206.8 47.92177 14
206.9 47.92584 14
207.0 47.92990 14
207.1 47.93419 14
207.2 47.93825 14
207.3 47.94230 14
207.4 47.94659 14
207.5 47.98355 14
207.6 47.98792 14
207.7 47.99203 14
207.8 47.79586 14
207.9 47.79986 14
208.0 47.80385 14
208.1 47.80806 14
208.2 47.81204 14
208.3 47.81625 14
208.4 47.82023 14
208.5 47.82420 14
208.6 47.82841 14
208.7 47.83237 14
208.8 47.83634 14
208.9 47.84054 14
209.0 47.84450 14
209.1 47.84870 14
209.2 47.85265 14
209.3 47.89083 14
209.4 47.89510 14
209.5 47.89911 14
209.6 47.90334 14
209.7 47.90735 14
209.8 47.91158 14
209.9 47.91557 14
210.0 47.91957 14
210.1 47.92379 14
210.2 47.92778 14
210.3 47.93177 14
210.4 47.93599 14
210.5 47.93997 14
210.6 47.94419 14
210.7 47.94816 14
210.8 47.98507 14
210.9 47.98936 14
211.0 47.99339 14
211.1 47.79711 14
211.2 47.80129 14
211.3 47.80543 14
211.4 47.80934 14
211.5 47.81325 14
211.6 47.81738 14
211.7 47.82129 14
211.8 47.82519 14
211.9 47.82932 14
212.0 47.83321 14
212.1 47.83734 14
212.2 47.84123 14
212.3 47.84511 14
212.4 47.84924 14
212.5 47.85312 14
212.6 47.89124 14
212.7 47.89543 14
212.8 47.89959 14
212.9 47.90352 14
213.0 47.90772 14
213.1 47.91187 14
213.2 47.91580 14
213.3 47.91972 14
213.4 47.92387 14
213.5 47.92778 14
213.6 47.93169 14
213.7 47.93584 14
213.8 47.93975 14
213.9 47.94390 14
214.0 47.94779 14
214.1 47.98462 14
214.2 47.98884 14
214.3 47.99280 14
214.4 47.79646 14
214.5 47.80057 14
214.6 47.80463 14
214.7 47.80847 14
214.8 47.81257 14
214.9 47.81664 14
215.0 47.82047 14
215.1 47.82430 14
215.2 47.82836 14
215.3 47.83218 14
215.4 47.83600 14
215.5 47.84005 14
215.6 47.84387 14
215.7 47.84792 14
215.8 47.85173 14
215.9 47.88975 14
216.0 47.89388 14
216.1 47.89774 14
216.2 47.90183 14
216.3 47.90595 14
216.4 47.90980 14
216.5 47.91388 14
216.6 47.91800 14
216.7 47.92208 14
216.8 47.92593 14
216.9 47.92977 14
217.0 47.93384 14
217.1 47.93768 14
217.2 47.94151 14
217.3 47.94558 14
217.4 47.94941 14
217.5 47.98619 14
217.6 47.99034 14
217.7 47.79399 14
217.8 47.79777 14
217.9 47.80180 14
218.0 47.80579 14
218.1 47.80983 14
218.2 47.81359 14
218.3 47.81758 14
218.4 47.82161 14
218.5 47.82537 14
218.6 47.82936 14
218.7 47.83311 14
218.8 47.83710 14
218.9 47.84084 14
219.0 47.84458 14
219.1 47.84857 14
219.2 47.85230 14
219.3 47.89026 14
219.4 47.89432 14
219.5 47.89811 14
219.6 47.90212 14
219.7 47.90617 14
219.8 47.91018 14
219.9 47.91396 14
220.0 47.91801 14
220.1 47.92202 14
220.2 47.92579 14
220.3 47.92984 14
220.4 47.93384 14
220.5 47.93761 14
220.6 47.94137 14
220.7 47.94537 14
220.8 47.94912 14
220.9 47.98583 14
221.0 47.98990 14
221.1 47.79350 14
221.2 47.79721 14
221.3 47.80117 14
221.4 47.80509 14
221.5 47.80905 14
221.6 47.81275 14
221.7 47.81667 14
221.8 47.82063 14
221.9 47.82432 14
222.0 47.82824 14
222.1 47.83219 14
222.2 47.83587 14
222.3 47.83979 14
222.4 47.84346 14
222.5 47.84713 14
222.6 47.85104 14
222.7 47.88892 14
222.8 47.89290 14
222.9 47.89662 14
223.0 47.90056 14
223.1 47.90454 14
223.2 47.90826 14
223.3 47.91220 14
223.4 47.91618 14
223.5 47.91988 14
223.6 47.92382 14
223.7 47.92780 14
223.8 47.93149 14
223.9 47.93543 14
224.0 47.93940 14
224.1 47.94334 14
224.2 47.94702 14
224.3 47.98363 14
224.4 47.98763 14
224.5 47.99137 14
224.6 47.79485 14
224.7 47.79875 14
224.8 47.80238 14
224.9 47.80623 14
225.0 47.81013 14
225.1 47.81375 14
225.2 47.81760 14
225.3 47.82150 14
225.4 47.82511 14
225.5 47.82896 14
225.6 47.83285 14
225.7 47.83670 14
225.8 47.84031 14
225.9 47.84419 14
226.0 47.84804 14
226.1 47.85164 14
226.2 47.88945 14
226.3 47.89336 14
226.4 47.89702 14
226.5 47.90089 14
226.6 47.90480 14
226.7 47.90845 14
226.8 47.91231 14
226.9 47.91622 14
227.0 47.91986 14
227.1 47.92373 14
227.2 47.92763 14
227.3 47.93126 14
227.4 47.93513 14
227.5 47.93903 14
227.6 47.94265 14
227.7 47.94651 14
227.8 47.98334 14
227.9 47.98727 14
228.0 47.99094 14
228.1 47.79437 14
228.2 47.79819 14
228.3 47.80176 14
228.4 47.80555 14
228.5 47.80937 14
228.6 47.81293 14
228.7 47.81671 14
228.8 47.82054 14
228.9 47.82409 14
229.0 47.82787 14
229.1 47.83169 14
229.2 47.83523 14
229.3 47.83901 14
229.4 47.84283 14
229.5 47.84637 14
229.6 47.85015 14
229.7 47.85396 14
229.8 47.89175 14
229.9 47.89559 14
230.0 47.89940 14
230.1 47.90298 14
230.2 47.90682 14
230.3 47.91062 14
230.4 47.91419 14
230.5 47.91803 14
230.6 47.92183 14
230.7 47.92540 14
230.8 47.92923 14
230.9 47.93303 14
231.0 47.93659 14
231.1 47.94042 14
231.2 47.94422 14
231.3 47.94806 14
231.4 47.98454 14
231.5 47.98841 14
231.6 47.99231 14
231.7 47.79563 14
231.8 47.79939 14
231.9 47.80289 14
232.0 47.80661 14
232.1 47.81036 14
232.2 47.81385 14
232.3 47.81757 14
232.4 47.82133 14
232.5 47.82481 14
232.6 47.82852 14
232.7 47.83228 14
232.8 47.83575 14
232.9 47.83947 14
233.0 47.84322 14
233.1 47.84669 14
233.2 47.85040 14
233.3 47.88835 14
233.4 47.89187 14
233.5 47.89565 14
233.6 47.89968 14
233.7 47.90320 14
233.8 47.90697 14
233.9 47.91071 14
234.0 47.91421 14
234.1 47.91798 14
234.2 47.92172 14
234.3 47.92521 14
234.4 47.92898 14
234.5 47.93272 14
234.6 47.93621 14
234.7 47.93997 14
234.8 47.94371 14
234.9 47.94719 14
235.0 47.98389 14
235.1 47.98768 14
235.2 47.99152 14
235.3 47.79479 14
235.4 47.79848 14
235.5 47.80222 14
235.6 47.80587 14
235.7 47.80956 14
235.8 47.81299 14
235.9 47.81664 14
236.0 47.82033 14
236.1 47.82375 14
236.2 47.82740 14
236.3 47.83109 14
236.4 47.83450 14
236.5 47.83815 14
236.6 47.84184 14
236.7 47.84524 14
236.8 47.84889 14
236.9 47.85257 14
237.0 47.89020 14
237.1 47.89391 14
237.2 47.89767 14
237.3 47.90133 14
237.4 47.90504 14
237.5 47.90879 14
237.6 47.91246 14
237.7 47.91617 14
237.8 47.91960 14
237.9 47.92327 14
238.0 47.92698 14
238.1 47.93040 14
238.2 47.93407 14
238.3 47.93777 14
238.4 47.94119 14
238.5 47.94486 14
238.6 47.94856 14
238.7 47.98492 14
238.8 47.98865 14
238.9 47.99242 14
239.0 47.79560 14
239.1 47.79923 14
239.2 47.80290 14
239.3 47.80649 14
239.4 47.81011 14
239.5 47.81378 14
239.6 47.81737 14
239.7 47.82099 14
239.8 47.82434 14
239.9 47.82793 14
240.0 47.83155 14
240.1 47.83490 14
240.2 47.83848 14
240.3 47.84211 14
240.4 47.84545 14
240.5 47.84903 14
240.6 47.85265 14
240.7 47.89022 14
240.8 47.89387 14
240.9 47.89755 14
241.0 47.90116 14
241.1 47.90480 14
241.2 47.90848 14
241.3 47.91209 14
241.4 47.91573 14
241.5 47.91941 14
241.6 47.92301 14
241.7 47.92666 14
241.8 47.93002 14
241.9 47.93362 14
242.0 47.93726 14
242.1 47.94062 14
242.2 47.94422 14
242.3 47.94786 14
242.4 47.98414 14
242.5 47.98781 14
242.6 47.99151 14
242.7 47.79465 14
242.8 47.79821 14
242.9 47.80182 14
243.0 47.80534 14
243.1 47.80891 14
243.2 47.81251 14
243.3 47.81604 14
243.4 47.81933 14
243.5 47.82320 14
243.6 47.82672 14
243.7 47.83001 14
243.8 47.83357 14
243.9 47.83709 14
244.0 47.84037 14
244.1 47.84393 14
244.2 47.84745 14
244.3 47.85072 14
244.4 47.88849 14
244.5 47.89182 14
244.6 47.89539 14
244.7 47.89924 14
244.8 47.90255 14
244.9 47.90613 14
245.0 47.90998 14
245.1 47.91329 14
245.2 47.91718 14
245.3 47.92072 14
245.4 47.92402 14
245.5 47.92792 14
245.6 47.93122 14
245.7 47.93475 14
245.8 47.93833 14
245.9 47.94162 14
246.0 47.94516 14
246.1 47.94873 14
246.2 47.98497 14
246.3 47.98857 14
246.4 47.99221 14
246.5 47.79527 14
246.6 47.79877 14
246.7 47.80231 14
246.8 47.80577 14
246.9 47.80927 14
247.0 47.81281 14
247.1 47.81627 14
247.2 47.81977 14
247.3 47.82332 14
247.4 47.82677 14
247.5 47.83000 14
247.6 47.83381 14
247.7 47.83727 14
247.8 47.84049 14
247.9 47.84399 14
248.0 47.84745 14
248.1 47.85065 14
248.2 47.88836 14
248.3 47.89162 14
248.4 47.89514 14
248.5 47.89892 14
248.6 47.90217 14
248.7 47.90569 14
248.8 47.90925 14
248.9 47.91272 14
249.0 47.91624 14
249.1 47.91979 14
249.2 47.92327 14
249.3 47.92710 14
249.4 47.93034 14
249.5 47.93381 14
249.6 47.93765 14
249.7 47.94088 14
249.8 47.94436 14
249.9 47.94787 14
250.0 47.98403 14
