15.0 1.92416 13
15.1 1.96412 13
15.2 2.00402 13
15.3 2.04431 13
15.4 2.08496 13
15.5 2.12660 13
15.6 2.16853 13
15.7 2.21029 13
15.8 2.25223 13
15.9 2.29466 13
16.0 2.33743 13
16.1 2.38052 13
16.2 2.42465 13
16.3 2.46838 13
16.4 2.48582 14
16.5 2.54697 14
16.6 2.60783 14
16.7 2.67148 14
16.8 2.73474 14
16.9 2.79819 14
17.0 2.86398 14
17.1 2.93052 14
17.2 2.99531 14
17.3 3.06069 14
17.4 3.12666 14
17.5 3.19249 14
17.6 3.25955 14
17.7 3.32717 14
17.8 3.39532 14
17.9 3.46315 14
18.0 3.53229 14
18.1 3.60213 14
18.2 3.67250 14
18.3 3.74234 14
18.4 3.81362 14
18.5 3.88537 14
18.6 3.97404 14
18.7 4.07659 14
18.8 4.18055 14
18.9 4.28469 14
19.0 4.39136 14
19.1 4.49784 14
19.2 4.60693 14
19.3 4.71563 14
19.4 4.82556 14
19.5 4.93690 14
19.6 5.04039 14
19.7 5.15501 14
19.8 5.27074 14
19.9 5.38764 14
20.0 5.50632 14
20.1 5.62611 14
20.2 5.74697 14
20.3 5.86884 14
20.4 5.99208 14
20.5 6.11697 14
20.6 6.24288 14
20.7 6.36972 14
20.8 6.49746 14
20.9 6.69362 14
21.0 6.82369 14
21.1 6.95462 14
21.2 7.08634 14
21.3 7.22017 14
21.4 7.35118 14
21.5 7.42095 14
21.6 7.49024 14
21.7 7.56072 14
21.8 7.63098 14
21.9 7.70075 14
22.0 7.77008 14
22.1 7.84079 14
22.2 7.91100 14
22.3 7.98061 14
22.4 8.05028 14
22.5 8.12090 14
22.6 8.19090 14
22.7 8.26017 14
22.8 8.33035 14
22.9 8.40074 14
23.0 8.47037 14
23.1 8.53927 14
23.2 8.61003 14
23.3 8.68005 14
23.4 8.74917 14
23.5 8.81869 14
23.6 8.88909 14
23.7 8.95860 14
23.8 9.02707 14
23.9 9.09741 14
24.0 9.16736 14
24.1 9.23628 14
24.2 9.30493 14
24.3 9.37534 14
24.4 9.44476 14
24.5 9.51299 14
24.6 9.58242 14
24.7 9.65240 14
24.8 9.72128 14
24.9 9.78881 14
25.0 9.85907 14
25.1 9.92867 14
25.2 9.99700 14
25.3 10.06454 14
25.4 10.13493 14
25.5 10.20421 14
25.6 10.27214 14
25.7 10.33980 14
25.8 10.41010 14
25.9 10.47923 14
26.0 10.54694 14
26.1 10.61426 14
26.2 10.68464 14
26.3 10.75385 14
26.4 10.82164 14
26.5 10.88785 14
26.6 10.95854 14
26.7 11.02814 14
26.8 11.09635 14
26.9 11.16294 14
27.0 11.23155 14
27.1 11.30182 14
27.2 11.37091 14
27.3 11.43851 14
27.4 11.50431 14
27.5 11.57432 14
27.6 11.64462 14
27.7 11.71374 14
27.8 11.78136 14
27.9 11.84718 14
28.0 11.91615 14
28.1 11.98703 14
28.2 12.05687 14
28.3 12.12541 14
28.4 12.19236 14
28.5 12.25731 14
28.6 12.32800 14
28.7 12.39920 14
28.8 12.46949 14
28.9 12.53855 14
29.0 12.60619 14
29.1 12.67203 14
29.2 12.73718 14
29.3 12.80933 14
29.4 12.88086 14
29.5 12.95169 14
29.6 13.02161 14
29.7 13.09040 14
29.8 13.15779 14
29.9 13.22329 14
30.0 13.28635 14
30.1 13.35777 14
30.2 13.42995 14
30.3 13.50172 14
30.4 13.57303 14
30.5 13.64378 14
30.6 13.71384 14
30.7 13.78307 14
30.8 13.85115 14
30.9 13.91784 14
31.0 13.98275 14
31.1 14.04526 14
31.2 14.10777 14
31.3 14.17938 14
31.4 14.25086 14
31.5 14.32203 14
31.6 14.39306 14
31.7 14.46389 14
31.8 14.53455 14
31.9 14.60500 14
32.0 14.67530 14
32.1 14.74532 14
32.2 14.81508 14
32.3 14.88465 14
32.4 14.95399 14
32.5 15.02313 14
32.6 15.09205 14
32.7 15.16069 14
32.8 15.22903 14
32.9 15.29715 14
33.0 15.36503 14
33.1 15.43266 14
33.2 15.50005 14
33.3 15.56706 14
33.4 15.63381 14
33.5 15.70033 14
33.6 15.76657 14
33.7 15.83252 14
33.8 15.89813 14
33.9 15.96341 14
34.0 16.02838 14
34.1 16.09311 14
34.2 16.15755 14
34.3 16.22153 14
34.4 16.28523 14
34.5 16.34862 14
34.6 16.41171 14
34.7 16.47444 14
34.8 16.46526 14
34.9 16.52735 14
35.0 16.58900 14
35.1 16.65034 14
35.2 16.71122 14
35.3 16.65976 14
35.4 16.71994 14
35.5 16.77965 14
35.6 16.83916 14
35.7 16.89815 14
35.8 16.84036 14
35.9 16.89860 14
36.0 16.95634 14
36.1 17.01380 14
36.2 17.07082 14
36.3 17.10959 14
36.4 16.97225 14
36.5 16.95534 14
36.6 16.93826 14
36.7 16.92063 14
36.8 16.90278 14
36.9 16.76196 14
37.0 16.74390 14
37.1 16.72529 14
37.2 16.70389 14
37.3 16.68674 14
37.4 16.54472 14
37.5 16.52752 14
37.6 16.50986 14
37.7 16.49180 14
37.8 16.47360 14
37.9 16.45495 14
38.0 16.30978 14
38.1 16.29101 14
38.2 16.27190 14
38.3 16.25244 14
38.4 16.23267 14
38.5 16.21260 14
38.6 16.06402 14
38.7 16.04387 14
38.8 16.02333 14
38.9 16.00250 14
39.0 15.98135 14
39.1 15.95989 14
39.2 15.80790 14
39.3 15.78641 14
39.4 15.76453 14
39.5 15.74236 14
39.6 15.71995 14
39.7 15.69715 14
39.8 15.20129 14
39.9 15.11568 14
40.0 15.07425 14
40.1 15.01229 14
40.2 14.88791 14
40.3 14.77978 14
40.4 14.70553 14
40.5 14.66874 14
40.6 14.66362 14
40.7 14.61849 14
40.8 14.40657 14
40.9 14.32862 14
41.0 14.30339 14
41.1 14.31000 14
41.2 14.24046 14
41.3 14.02688 14
41.4 13.96555 14
41.5 13.81635 14
41.6 13.79678 14
41.7 13.64388 14
41.8 13.35149 14
41.9 13.28807 14
42.0 13.15306 14
42.1 13.17364 14
42.2 13.14925 14
42.3 12.87989 14
42.4 12.71900 14
42.5 12.65317 14
42.6 12.58615 14
42.7 12.54080 14
42.8 12.50394 14
42.9 12.34520 14
43.0 12.06429 14
43.1 12.06345 14
43.2 12.07890 14
43.3 11.94342 14
43.4 11.85346 14
43.5 11.72492 14
43.6 11.59542 14
43.7 11.59228 14
43.8 11.53832 14
43.9 11.31174 14
44.0 11.23865 14
44.1 11.17484 14
44.2 11.19655 14
44.3 11.08613 14
44.4 11.00211 14
44.5 10.87485 14
44.6 10.80047 14
44.7 10.86278 14
44.8 10.79329 14
44.9 10.84506 14
45.0 10.90394 14
45.1 11.00251 14
45.2 11.07987 14
45.3 11.19373 14
45.4 11.17731 14
45.5 11.19102 14
45.6 11.25043 14
45.7 11.37242 14
45.8 11.47976 14
45.9 11.49542 14
46.0 11.62122 14
46.1 11.68354 14
46.2 11.71418 14
46.3 11.74173 14
46.4 11.76898 14
46.5 11.81261 14
46.6 11.87804 14
46.7 11.94371 14
46.8 12.00959 14
46.9 12.07569 14
47.0 12.14201 14
47.1 12.25331 14
47.2 12.44698 14
47.3 12.41333 14
47.4 12.51295 14
47.5 12.62329 14
47.6 12.66249 14
47.7 12.69088 14
47.8 12.71832 14
47.9 12.74746 14
48.0 12.80685 14
48.1 12.87551 14
48.2 12.94440 14
48.3 13.01361 14
48.4 13.08294 14
48.5 13.15250 14
48.6 13.26869 14
48.7 13.47135 14
48.8 13.43914 14
48.9 13.55207 14
49.0 13.66799 14
49.1 13.70967 14
49.2 13.73835 14
49.3 13.76582 14
49.4 13.79310 14
49.5 13.84886 14
49.6 13.92080 14
49.7 13.99295 14
49.8 14.06534 14
49.9 14.11570 14
50.0 14.14775 14
50.1 14.20743 14
50.2 14.22863 14
50.3 14.29631 14
50.4 14.31362 14
50.5 14.38259 14
50.6 14.41649 14
50.7 14.43089 14
50.8 14.44284 14
50.9 14.45451 14
51.0 14.46788 14
51.1 14.49562 14
51.2 14.52781 14
51.3 14.55997 14
51.4 14.59212 14
51.5 14.62431 14
51.6 14.65649 14
51.7 14.71819 14
51.8 14.73938 14
51.9 14.81704 14
52.0 14.82343 14
52.1 14.89180 14
52.2 14.93462 14
52.3 14.95048 14
52.4 14.96260 14
52.5 14.97374 14
52.6 14.98477 14
52.7 15.00585 14
52.8 15.03797 14
52.9 15.07034 14
53.0 15.10264 14
53.1 15.13496 14
53.2 15.16729 14
53.3 15.19962 14
53.4 15.25939 14
53.5 15.38171 14
53.6 15.35083 14
53.7 15.37134 14
53.8 15.44677 14
53.9 15.48444 14
54.0 15.49909 14
54.1 15.51004 14
54.2 15.52051 14
54.3 15.53092 14
54.4 15.55140 14
54.5 15.58267 14
54.6 15.61515 14
54.7 15.64765 14
54.8 15.68016 14
54.9 15.71273 14
55.0 15.74526 14
55.1 15.81136 14
55.2 15.83177 14
55.3 15.93300 14
55.4 15.91863 14
55.5 15.96813 14
55.6 16.04073 14
55.7 16.06417 14
55.8 16.07636 14
55.9 16.08641 14
56.0 16.09622 14
56.1 16.10595 14
56.2 16.12994 14
56.3 16.16259 14
56.4 16.19525 14
56.5 16.22792 14
56.6 16.26067 14
56.7 16.29337 14
56.8 16.32609 14
56.9 16.35882 14
57.0 16.41569 14
57.1 16.53219 14
57.2 16.50628 14
57.3 16.54286 14
57.4 16.62639 14
57.5 16.66012 14
57.6 16.67326 14
57.7 16.68293 14
57.8 16.69267 14
57.9 16.70175 14
58.0 16.71692 14
58.1 16.74560 14
58.2 16.77851 14
58.3 16.81137 14
58.4 16.84424 14
58.5 16.87714 14
58.6 16.91010 14
58.7 16.94301 14
58.8 16.97594 14
58.9 17.03269 14
59.0 17.15319 14
59.1 17.12654 14
59.2 17.16276 14
59.3 17.25187 14
59.4 17.28906 14
59.5 17.30281 14
59.6 17.31201 14
59.7 17.32108 14
59.8 17.32946 14
59.9 17.33880 14
60.0 17.36498 14
60.1 17.39810 14
60.2 17.43117 14
60.3 17.46426 14
60.4 17.49742 14
60.5 17.53053 14
60.6 17.56366 14
60.7 17.59679 14
60.8 17.66387 14
60.9 17.68503 14
61.0 17.79689 14
61.1 17.78087 14
61.2 17.82541 14
61.3 17.91892 14
61.4 17.95334 14
61.5 17.96657 14
61.6 17.97505 14
61.7 17.98283 14
61.8 17.99104 14
61.9 17.99861 14
62.0 18.02275 14
62.1 18.05472 14
62.2 18.08811 14
62.3 18.12147 14
62.4 18.15483 14
62.5 18.18808 14
62.6 18.22057 14
62.7 18.25307 14
62.8 18.28565 14
62.9 18.34700 14
63.0 18.49845 14
63.1 18.46005 14
63.2 18.46645 14
63.3 18.52562 14
63.4 18.61475 14
63.5 18.64244 14
63.6 18.65310 14
63.7 18.66045 14
63.8 18.66780 14
63.9 18.67445 14
64.0 18.68104 14
64.1 18.70388 14
64.2 18.73418 14
64.3 18.76682 14
64.4 18.79954 14
64.5 18.83221 14
64.6 18.86488 14
64.7 18.89763 14
64.8 18.93033 14
64.9 18.96304 14
65.0 18.99582 14
65.1 19.05277 14
65.2 19.19097 14
65.3 19.15680 14
65.4 19.18278 14
65.5 19.26499 14
65.6 19.34001 14
65.7 19.36118 14
65.8 19.36998 14
65.9 19.37694 14
66.0 19.38282 14
66.1 19.38864 14
66.2 19.39499 14
66.3 19.41699 14
66.4 19.44684 14
66.5 19.47976 14
66.6 19.51263 14
66.7 19.54551 14
66.8 19.57846 14
66.9 19.61136 14
67.0 19.64427 14
67.1 19.67726 14
67.2 19.71019 14
67.3 19.77433 14
67.4 19.94967 14
67.5 19.90933 14
67.6 19.89968 14
67.7 19.94189 14
67.8 20.04447 14
67.9 20.10153 14
68.0 20.11798 14
68.1 20.12524 14
68.2 20.13126 14
68.3 20.13631 14
68.4 20.14125 14
68.5 20.14674 14
68.6 20.16773 14
68.7 20.19702 14
68.8 20.23010 14
68.9 20.26320 14
69.0 20.29638 14
69.1 20.32950 14
69.2 20.36262 14
69.3 20.39583 14
69.4 20.42898 14
69.5 20.46214 14
69.6 20.49538 14
69.7 20.55519 14
69.8 20.72427 14
69.9 20.67731 14
70.0 20.68653 14
70.1 20.74156 14
70.2 20.84966 14
70.3 20.90165 14
70.4 20.91586 14
70.5 20.92200 14
70.6 20.92703 14
70.7 20.93117 14
70.8 20.93520 14
70.9 20.93972 14
71.0 20.95743 14
71.1 20.98537 14
71.2 21.01878 14
71.3 21.05212 14
71.4 21.08555 14
71.5 21.11891 14
71.6 21.15229 14
71.7 21.18575 14
71.8 21.21915 14
71.9 21.25263 14
72.0 21.28605 14
72.1 21.31948 14
72.2 21.37703 14
72.3 21.54266 14
72.4 21.49707 14
72.5 21.51469 14
72.6 21.57639 14
72.7 21.68777 14
72.8 21.74408 14
72.9 21.75767 14
73.0 21.76366 14
73.1 21.76736 14
73.2 21.77118 14
73.3 21.77418 14
73.4 21.77727 14
73.5 21.78744 14
73.6 21.81474 14
73.7 21.84671 14
73.8 21.88031 14
73.9 21.91394 14
74.0 21.94764 14
74.1 21.98128 14
74.2 22.01501 14
74.3 22.04868 14
74.4 22.08235 14
74.5 22.11612 14
74.6 22.14981 14
74.7 22.18360 14
74.8 22.24086 14
74.9 22.41714 14
75.0 22.36836 14
75.1 22.38230 14
75.2 22.43825 14
75.3 22.55665 14
75.4 22.62375 14
75.5 22.64810 14
75.6 22.65405 14
75.7 22.65766 14
75.8 22.65994 14
75.9 22.66266 14
76.0 22.66459 14
76.1 22.66656 14
76.2 22.68687 14
76.3 22.71482 14
76.4 22.74878 14
76.5 22.78269 14
76.6 22.81667 14
76.7 22.85059 14
76.8 22.88453 14
76.9 22.91856 14
77.0 22.95252 14
77.1 22.98657 14
77.2 23.02055 14
77.3 23.05462 14
77.4 23.08863 14
77.5 23.14885 14
77.6 23.35582 14
77.7 23.29888 14
77.8 23.29392 14
77.9 23.33276 14
78.0 23.41991 14
78.1 23.53101 14
78.2 23.58613 14
78.3 23.59834 14
78.4 23.60174 14
78.5 23.60398 14
78.6 23.60508 14
78.7 23.60671 14
78.8 23.60761 14
78.9 23.60848 14
79.0 23.63041 14
79.1 23.65866 14
79.2 23.69274 14
79.3 23.72696 14
79.4 23.76125 14
79.5 23.79549 14
79.6 23.82974 14
79.7 23.86408 14
79.8 23.89836 14
79.9 23.93272 14
80.0 23.96702 14
80.1 24.00141 14
80.2 24.03573 14
80.3 24.07015 14
80.4 24.12669 14
80.5 24.32940 14
80.6 24.27119 14
80.7 24.27732 14
80.8 24.32310 14
80.9 24.42067 14
81.0 24.53109 14
81.1 24.58686 14
81.2 24.60516 14
81.3 24.60779 14
81.4 24.60834 14
81.5 24.60901 14
81.6 24.60882 14
81.7 24.60926 14
81.8 24.60897 14
81.9 24.61959 14
82.0 24.64835 14
82.1 24.67973 14
82.2 24.71428 14
82.3 24.74892 14
82.4 24.78349 14
82.5 24.81807 14
82.6 24.85274 14
82.7 24.88735 14
82.8 24.92205 14
82.9 24.95667 14
83.0 24.99140 14
83.1 25.02605 14
83.2 25.06080 14
83.3 25.09547 14
83.4 25.13025 14
83.5 25.38499 14
83.6 25.32103 14
83.7 25.31113 14
83.8 25.34468 14
83.9 25.41755 14
84.0 25.55406 14
84.1 25.62448 14
84.2 25.67140 14
84.3 25.67897 14
84.4 25.67934 14
84.5 25.67911 14
84.6 25.67779 14
84.7 25.67705 14
84.8 25.67542 14
84.9 25.67458 14
85.0 25.68523 14
85.1 25.71474 14
85.2 25.74586 14
85.3 25.78076 14
85.4 25.81577 14
85.5 25.85070 14
85.6 25.88573 14
85.7 25.92068 14
85.8 25.95573 14
85.9 25.99071 14
86.0 26.02578 14
86.1 26.06079 14
86.2 26.09587 14
86.3 26.13089 14
86.4 26.16602 14
86.5 26.20107 14
86.6 26.23622 14
86.7 26.49580 14
86.8 26.42665 14
86.9 26.42042 14
87.0 26.45459 14
87.1 26.52627 14
87.2 26.66824 14
87.3 26.74770 14
87.4 26.79917 14
87.5 26.82289 14
87.6 26.82285 14
87.7 26.82160 14
87.8 26.81906 14
87.9 26.81704 14
88.0 26.81423 14
88.1 26.81209 14
88.2 26.80922 14
88.3 26.83091 14
88.4 26.86083 14
88.5 26.89360 14
88.6 26.92890 14
88.7 26.96429 14
88.8 26.99959 14
88.9 27.03501 14
89.0 27.07036 14
89.1 27.10580 14
89.2 27.14117 14
89.3 27.17664 14
89.4 27.21203 14
89.5 27.24753 14
89.6 27.28294 14
89.7 27.31847 14
89.8 27.35390 14
89.9 27.38945 14
90.0 27.70642 14
90.1 27.65614 14
90.2 27.60188 14
90.3 27.60971 14
90.4 27.65175 14
90.5 27.73188 14
90.6 27.88426 14
90.7 27.96049 14
90.8 28.01292 14
90.9 28.04770 14
91.0 28.04670 14
91.1 28.04424 14
91.2 28.04035 14
91.3 28.03696 14
91.4 28.03274 14
91.5 28.02905 14
91.6 28.02475 14
91.7 28.02928 14
91.8 28.05984 14
91.9 28.09060 14
92.0 28.12544 14
92.1 28.16125 14
92.2 28.19697 14
92.3 28.23281 14
92.4 28.26855 14
92.5 28.30442 14
92.6 28.34019 14
92.7 28.37607 14
92.8 28.41185 14
92.9 28.44776 14
93.0 28.48358 14
93.1 28.51952 14
93.2 28.55536 14
93.3 28.59132 14
93.4 28.62719 14
93.5 28.66318 14
93.6 28.96813 14
93.7 28.89025 14
93.8 28.86553 14
93.9 28.88612 14
94.0 28.93779 14
94.1 29.03076 14
94.2 29.18787 14
94.3 29.26248 14
94.4 29.31488 14
94.5 29.35509 14
94.6 29.35831 14
94.7 29.35449 14
94.8 29.34990 14
94.9 29.34426 14
95.0 29.33928 14
95.1 29.33348 14
95.2 29.32841 14
95.3 29.32257 14
95.4 29.34466 14
95.5 29.37593 14
95.6 29.40812 14
95.7 29.44426 14
95.8 29.48053 14
95.9 29.51670 14
96.0 29.55300 14
96.1 29.58919 14
96.2 29.62551 14
96.3 29.66173 14
96.4 29.69807 14
96.5 29.73432 14
96.6 29.77069 14
96.7 29.80694 14
96.8 29.84332 14
96.9 29.87962 14
97.0 29.91603 14
97.1 29.95246 14
97.2 29.98880 14
97.3 30.02525 14
97.4 30.31232 14
97.5 30.23377 14
97.6 30.22452 14
97.7 30.25274 14
97.8 30.31073 14
97.9 30.41082 14
98.0 30.57592 14
98.1 30.65216 14
98.2 30.70666 14
98.3 30.74862 14
98.4 30.76811 14
98.5 30.76300 14
98.6 30.75593 14
98.7 30.74949 14
98.8 30.74289 14
98.9 30.73524 14
99.0 30.72854 14
99.1 30.72084 14
99.2 30.71851 14
99.3 30.75045 14
99.4 30.78264 14
99.5 30.81613 14
99.6 30.85287 14
99.7 30.88949 14
99.8 30.92625 14
99.9 30.96289 14
100.0 30.99967 14
100.1 31.03647 14
100.2 31.07315 14
100.3 31.10997 14
100.4 31.14667 14
100.5 31.18352 14
100.6 31.22024 14
100.7 31.25712 14
100.8 31.22711 14
100.9 31.26384 14
101.0 31.23311 14
101.1 31.26970 14
101.2 31.30615 14
101.3 31.34276 14
101.4 31.37924 14
101.5 31.41587 14
101.6 31.45237 14
101.7 31.27423 14
101.8 31.24353 14
101.9 31.28005 14
102.0 31.31671 14
102.1 31.28635 14
102.2 31.32286 14
102.3 31.35926 14
102.4 31.39580 14
102.5 31.43236 14
102.6 31.25410 14
102.7 31.22341 14
102.8 31.25998 14
102.9 31.29641 14
103.0 31.26510 14
103.1 31.30270 14
103.2 31.33915 14
103.3 31.37547 14
103.4 31.41194 14
103.5 31.44827 14
103.6 31.27036 14
103.7 31.23952 14
103.8 31.27601 14
103.9 31.31237 14
104.0 31.28187 14
104.1 31.31843 14
104.2 31.35503 14
104.3 31.39127 14
104.4 31.42766 14
104.5 31.18139 14
104.6 31.21860 14
104.7 31.25523 14
104.8 31.29151 14
104.9 31.26005 14
105.0 31.29749 14
105.1 31.33399 14
105.2 31.37037 14
105.3 31.40668 14
105.4 31.44285 14
105.5 31.26453 14
105.6 31.23399 14
105.7 31.27055 14
105.8 31.30675 14
105.9 31.27624 14
106.0 31.31251 14
106.1 31.34894 14
106.2 31.38548 14
106.3 31.42170 14
106.4 31.45799 14
106.5 31.21231 14
106.6 31.24877 14
106.7 31.28512 14
106.8 31.32161 14
106.9 31.29083 14
107.0 31.32738 14
107.1 31.36359 14
107.2 31.39997 14
107.3 31.43636 14
107.4 31.25769 14
107.5 31.22680 14
107.6 31.26342 14
107.7 31.29969 14
107.8 31.26819 14
107.9 31.30540 14
108.0 31.34165 14
108.1 31.37779 14
108.2 31.41408 14
108.3 31.45026 14
108.4 31.27218 14
108.5 31.24115 14
108.6 31.27746 14
108.7 31.31365 14
108.8 31.28299 14
108.9 31.31940 14
109.0 31.35581 14
109.1 31.39187 14
109.2 31.42810 14
109.3 31.18166 14
109.4 31.21872 14
109.5 31.25494 14
109.6 31.29103 14
109.7 31.32753 14
109.8 31.29694 14
109.9 31.33329 14
110.0 31.36926 14
110.1 31.40538 14
110.2 31.44138 14
110.3 31.26288 14
110.4 31.23220 14
110.5 31.26862 14
110.6 31.30464 14
110.7 31.27398 14
110.8 31.31008 14
110.9 31.34636 14
111.0 31.38252 14
111.1 31.41881 14
111.2 31.45474 14
111.3 31.20910 14
111.4 31.24541 14
111.5 31.28161 14
111.6 31.31768 14
111.7 31.28675 14
111.8 31.32291 14
111.9 31.35920 14
112.0 31.39542 14
112.1 31.43168 14
112.2 31.25282 14
112.3 31.22180 14
112.4 31.25803 14
112.5 31.29415 14
112.6 31.33069 14
112.7 31.29983 14
112.8 31.33594 14
112.9 31.37192 14
113.0 31.40808 14
113.1 31.44383 14
113.2 31.26537 14
113.3 31.23443 14
113.4 31.27059 14
113.5 31.30664 14
113.6 31.27601 14
113.7 31.31216 14
113.8 31.34818 14
113.9 31.38409 14
114.0 31.42041 14
114.1 31.45638 14
114.2 31.21078 14
114.3 31.24684 14
114.4 31.28279 14
114.5 31.31861 14
114.6 31.28771 14
114.7 31.32391 14
114.8 31.36025 14
114.9 31.39622 14
115.0 31.43222 14
115.1 31.25340 14
115.2 31.22242 14
115.3 31.25871 14
115.4 31.29458 14
115.5 31.33086 14
115.6 31.30005 14
115.7 31.33590 14
115.8 31.37194 14
115.9 31.40787 14
116.0 31.44365 14
116.1 31.26492 14
116.2 31.23404 14
116.3 31.27026 14
116.4 31.30637 14
116.5 31.27549 14
116.6 31.31138 14
116.7 31.34745 14
116.8 31.38342 14
116.9 31.41924 14
117.0 31.45552 14
117.1 31.20967 14
117.2 31.24547 14
117.3 31.28120 14
117.4 31.31736 14
117.5 31.28654 14
117.6 31.32249 14
117.7 31.35857 14
117.8 31.39460 14
117.9 31.43067 14
118.0 31.18376 14
118.1 31.22070 14
118.2 31.25673 14
118.3 31.29234 14
118.4 31.32843 14
118.5 31.29774 14
118.6 31.33362 14
118.7 31.36940 14
118.8 31.40535 14
118.9 31.44120 14
119.0 31.26254 14
119.1 31.23119 14
119.2 31.26771 14
119.3 31.30357 14
119.4 31.33927 14
119.5 31.30841 14
119.6 31.34457 14
119.7 31.38031 14
119.8 31.41619 14
119.9 31.45196 14
120.0 31.20588 14
120.1 31.24206 14
120.2 31.27794 14
120.3 31.31406 14
120.4 31.28300 14
120.5 31.31869 14
120.6 31.35477 14
120.7 31.39098 14
120.8 31.42715 14
120.9 31.17998 14
121.0 31.21666 14
121.1 31.25278 14
121.2 31.28849 14
121.3 31.32433 14
121.4 31.29321 14
121.5 31.32938 14
121.6 31.36490 14
121.7 31.40095 14
121.8 31.43703 14
121.9 31.25832 14
122.0 31.22674 14
122.1 31.26278 14
122.2 31.29896 14
122.3 31.33477 14
122.4 31.30368 14
122.5 31.33994 14
122.6 31.37543 14
122.7 31.41106 14
122.8 31.44664 14
122.9 31.20074 14
123.0 31.23725 14
123.1 31.27288 14
123.2 31.30875 14
123.3 31.27796 14
123.4 31.31326 14
123.5 31.34945 14
123.6 31.38554 14
123.7 31.42113 14
123.8 31.45682 14
123.9 31.21107 14
124.0 31.24699 14
124.1 31.28213 14
124.2 31.31843 14
124.3 31.28738 14
124.4 31.32344 14
124.5 31.35894 14
124.6 31.39510 14
124.7 31.43132 14
124.8 31.18381 14
124.9 31.22053 14
125.0 31.25668 14
125.1 31.29243 14
125.2 31.32794 14
125.3 31.29686 14
125.4 31.33307 14
125.5 31.36826 14
125.6 31.40434 14
125.7 31.44034 14
125.8 31.26183 14
125.9 31.22991 14
126.0 31.26598 14
126.1 31.30222 14
126.2 31.33769 14
126.3 31.30665 14
126.4 31.34298 14
126.5 31.37851 14
126.6 31.41381 14
126.7 31.44944 14
126.8 31.20360 14
126.9 31.23978 14
127.0 31.27547 14
127.1 31.31139 14
127.2 31.28051 14
127.3 31.31562 14
127.4 31.35187 14
127.5 31.38804 14
127.6 31.42393 14
127.7 31.45905 14
127.8 31.21336 14
127.9 31.24935 14
128.0 31.28416 14
128.1 31.32054 14
128.2 31.28954 14
128.3 31.32528 14
128.4 31.36084 14
128.5 31.39707 14
128.6 31.43297 14
128.7 31.18590 14
128.8 31.22232 14
128.9 31.25855 14
129.0 31.29397 14
129.1 31.32956 14
129.2 31.29886 14
129.3 31.33484 14
129.4 31.37005 14
129.5 31.40587 14
129.6 31.44195 14
129.7 31.26312 14
129.8 31.23129 14
129.9 31.26744 14
130.0 31.30334 14
130.1 31.33890 14
130.2 31.30795 14
130.3 31.34396 14
130.4 31.37959 14
130.5 31.41496 14
130.6 31.45068 14
130.7 31.20452 14
130.8 31.24080 14
130.9 31.27660 14
131.0 31.31260 14
131.1 31.28139 14
131.2 31.31660 14
131.3 31.35253 14
131.4 31.38880 14
131.5 31.42480 14
131.6 31.46001 14
131.7 31.21399 14
131.8 31.24968 14
131.9 31.28500 14
132.0 31.32106 14
132.1 31.29018 14
132.2 31.32601 14
132.3 31.36168 14
132.4 31.39759 14
132.5 31.43359 14
132.6 31.18584 14
132.7 31.22317 14
132.8 31.25908 14
132.9 31.29461 14
133.0 31.32988 14
133.1 31.29900 14
133.2 31.33541 14
133.3 31.37038 14
133.4 31.40623 14
133.5 31.44242 14
133.6 31.19660 14
133.7 31.23157 14
133.8 31.26785 14
133.9 31.30387 14
134.0 31.33955 14
134.1 31.30828 14
134.2 31.34441 14
134.3 31.37973 14
134.4 31.41568 14
134.5 31.45108 14
134.6 31.20504 14
134.7 31.24100 14
134.8 31.27694 14
134.9 31.31263 14
135.0 31.28200 14
135.1 31.31690 14
135.2 31.35296 14
135.3 31.38891 14
135.4 31.42481 14
135.5 31.46041 14
135.6 31.21452 14
135.7 31.24990 14
135.8 31.28536 14
135.9 31.32156 14
136.0 31.29037 14
136.1 31.32636 14
136.2 31.36216 14
136.3 31.39822 14
136.4 31.43391 14
136.5 31.18630 14
136.6 31.22333 14
136.7 31.25985 14
136.8 31.29507 14
136.9 31.33049 14
137.0 31.29930 14
137.1 31.33587 14
137.2 31.37053 14
137.3 31.40699 14
137.4 31.44247 14
137.5 31.19721 14
137.6 31.23187 14
137.7 31.26832 14
137.8 31.30451 14
137.9 31.34034 14
138.0 31.30876 14
138.1 31.34506 14
138.2 31.38054 14
138.3 31.41618 14
138.4 31.45177 14
138.5 31.20588 14
138.6 31.24201 14
138.7 31.27764 14
138.8 31.31350 14
138.9 31.28258 14
139.0 31.31812 14
139.1 31.35388 14
139.2 31.39001 14
139.3 31.42560 14
139.4 31.46138 14
139.5 31.21519 14
139.6 31.25123 14
139.7 31.28638 14
139.8 31.32276 14
139.9 31.29127 14
140.0 31.32744 14
140.1 31.36344 14
140.2 31.39968 14
140.3 31.43506 14
140.4 31.18764 14
140.5 31.22485 14
140.6 31.26107 14
140.7 31.29650 14
140.8 31.33210 14
140.9 31.30139 14
141.0 31.33736 14
141.1 31.37222 14
141.2 31.40839 14
141.3 31.44497 14
141.4 31.19886 14
141.5 31.23385 14
141.6 31.27000 14
141.7 31.30640 14
141.8 31.34193 14
141.9 31.31152 14
142.0 31.34705 14
142.1 31.38274 14
142.2 31.41808 14
142.3 31.45434 14
142.4 31.20769 14
142.5 31.24453 14
142.6 31.27974 14
142.7 31.31640 14
142.8 31.28471 14
142.9 31.32047 14
143.0 31.35636 14
143.1 31.39324 14
143.2 31.42833 14
143.3 31.18132 14
143.4 31.21811 14
143.5 31.25471 14
143.6 31.29037 14
143.7 31.32584 14
143.8 31.29454 14
143.9 31.33043 14
144.0 31.36665 14
144.1 31.40260 14
144.2 31.43873 14
144.3 31.19214 14
144.4 31.22845 14
144.5 31.26439 14
144.6 31.30052 14
144.7 31.33536 14
144.8 31.30586 14
144.9 31.34134 14
145.0 31.37763 14
145.1 31.41204 14
145.2 31.44886 14
145.3 31.20247 14
145.4 31.23869 14
145.5 31.27432 14
145.6 31.31113 14
145.7 31.34636 14
145.8 31.31578 14
145.9 31.35103 14
146.0 31.38780 14
146.1 31.42290 14
146.2 31.45934 14
146.3 31.21234 14
146.4 31.24921 14
146.5 31.28413 14
146.6 31.32158 14
146.7 31.29011 14
146.8 31.32596 14
146.9 31.36212 14
147.0 31.39859 14
147.1 31.43504 14
147.2 31.18712 14
147.3 31.22488 14
147.4 31.26061 14
147.5 31.29659 14
147.6 31.33170 14
147.7 31.30179 14
147.8 31.33756 14
147.9 31.37298 14
148.0 31.40866 14
148.1 31.44581 14
148.2 31.19921 14
148.3 31.23530 14
148.4 31.27097 14
148.5 31.30793 14
148.6 31.34298 14
148.7 31.31314 14
148.8 31.34819 14
148.9 31.38499 14
149.0 31.41986 14
149.1 31.45698 14
149.2 31.20956 14
149.3 31.24700 14
149.4 31.28172 14
149.5 31.31951 14
149.6 31.28733 14
149.7 31.32405 14
149.8 31.35896 14
149.9 31.39682 14
150.0 31.43308 14
150.1 31.18551 14
150.2 31.22314 14
150.3 31.25885 14
150.4 31.29550 14
150.5 31.33040 14
150.6 31.30030 14
150.7 31.33644 14
150.8 31.37221 14
150.9 31.40769 14
151.0 31.44479 14
151.1 31.19815 14
151.2 31.23487 14
151.3 31.27033 14
151.4 31.30766 14
151.5 31.34251 14
151.6 31.31257 14
151.7 31.34790 14
151.8 31.38507 14
151.9 31.41974 14
152.0 31.45694 14
152.1 31.20961 14
152.2 31.24742 14
152.3 31.28195 14
152.4 31.32012 14
152.5 31.28775 14
152.6 31.32484 14
152.7 31.35955 14
152.8 31.39780 14
152.9 31.43386 14
153.0 31.18668 14
153.1 31.22411 14
153.2 31.26050 14
153.3 31.29665 14
153.4 31.33194 14
153.5 31.30165 14
153.6 31.33817 14
153.7 31.37375 14
153.8 31.40961 14
153.9 31.44694 14
154.0 31.20053 14
154.1 31.23680 14
154.2 31.27266 14
154.3 31.31037 14
154.4 31.34504 14
154.5 31.31537 14
154.6 31.35062 14
154.7 31.38761 14
154.8 31.42268 14
154.9 31.46056 14
155.0 31.21276 14
155.1 31.25096 14
155.2 31.28530 14
155.3 31.32389 14
155.4 31.29184 14
155.5 31.32913 14
155.6 31.36438 14
155.7 31.40198 14
155.8 31.43786 14
155.9 31.19144 14
156.0 31.22882 14
156.1 31.26513 14
156.2 31.30110 14
156.3 31.33680 14
156.4 31.30763 14
156.5 31.34351 14
156.6 31.38068 14
156.7 31.41491 14
156.8 31.45263 14
156.9 31.20606 14
157.0 31.24322 14
157.1 31.27853 14
157.2 31.31637 14
157.3 31.28476 14
157.4 31.32175 14
157.5 31.35684 14
157.6 31.39541 14
157.7 31.43013 14
157.8 31.18433 14
157.9 31.22129 14
158.0 31.25862 14
158.1 31.29445 14
158.2 31.33096 14
158.3 31.30007 14
158.4 31.33780 14
158.5 31.37308 14
158.6 31.40923 14
158.7 31.44645 14
158.8 31.20036 14
158.9 31.23733 14
159.0 31.27350 14
159.1 31.31091 14
159.2 31.34648 14
159.3 31.31710 14
159.4 31.35207 14
159.5 31.38938 14
159.6 31.42511 14
159.7 31.46235 14
159.8 31.21567 14
159.9 31.25337 14
160.0 31.28969 14
160.1 31.32693 14
160.2 31.29623 14
160.3 31.33219 14
160.4 31.36963 14
160.5 31.40567 14
160.6 31.44339 14
160.7 31.19699 14
160.8 31.23405 14
160.9 31.27010 14
161.0 31.30744 14
161.1 31.34287 14
161.2 31.31356 14
161.3 31.34947 14
161.4 31.38667 14
161.5 31.42194 14
161.6 31.46003 14
161.7 31.21302 14
161.8 31.25146 14
161.9 31.28600 14
162.0 31.32480 14
162.1 31.29296 14
162.2 31.33047 14
162.3 31.36675 14
162.4 31.40435 14
162.5 31.44148 14
162.6 31.19501 14
162.7 31.23184 14
162.8 31.26897 14
162.9 31.30621 14
163.0 31.34180 14
163.1 31.31275 14
163.2 31.34855 14
163.3 31.38626 14
163.4 31.42142 14
163.5 31.45942 14
163.6 31.21293 14
163.7 31.25126 14
163.8 31.28570 14
163.9 31.32502 14
164.0 31.29307 14
164.1 31.33048 14
164.2 31.36729 14
164.3 31.40478 14
164.4 31.44181 14
164.5 31.19587 14
164.6 31.23260 14
164.7 31.27026 14
164.8 31.30739 14
164.9 31.34324 14
165.0 31.31373 14
165.1 31.35005 14
165.2 31.38766 14
165.3 31.42336 14
165.4 31.46126 14
165.5 31.21467 14
165.6 31.25290 14
165.7 31.28786 14
165.8 31.32709 14
165.9 31.29672 14
166.0 31.33298 14
166.1 31.37074 14
166.2 31.40709 14
166.3 31.44513 14
166.4 31.19925 14
166.5 31.23644 14
166.6 31.27344 14
166.7 31.31106 14
166.8 31.34683 14
166.9 31.31829 14
167.0 31.35348 14
167.1 31.39195 14
167.2 31.42759 14
167.3 31.18251 14
167.4 31.22030 14
167.5 31.25780 14
167.6 31.29480 14
167.7 31.33177 14
167.8 31.30129 14
167.9 31.33974 14
168.0 31.37576 14
168.1 31.41202 14
168.2 31.45039 14
168.3 31.20503 14
168.4 31.24283 14
168.5 31.27875 14
168.6 31.31722 14
168.7 31.28685 14
168.8 31.32449 14
168.9 31.36005 14
169.0 31.39965 14
169.1 31.43521 14
169.2 31.19040 14
169.3 31.22867 14
169.4 31.26551 14
169.5 31.30259 14
169.6 31.33883 14
169.7 31.31079 14
169.8 31.34722 14
169.9 31.38492 14
170.0 31.42166 14
170.1 31.45967 14
170.2 31.21314 14
170.3 31.25178 14
170.4 31.28717 14
170.5 31.32680 14
170.6 31.29686 14
170.7 31.33354 14
170.8 31.37170 14
170.9 31.40848 14
171.0 31.44630 14
171.1 31.20083 14
171.2 31.23907 14
171.3 31.27611 14
171.4 31.31432 14
171.5 31.28352 14
171.6 31.32134 14
171.7 31.35695 14
171.8 31.39684 14
171.9 31.43308 14
172.0 31.18809 14
172.1 31.22698 14
172.2 31.26418 14
172.3 31.30180 14
172.4 31.33791 14
172.5 31.31039 14
172.6 31.34670 14
172.7 31.38493 14
172.8 31.42154 14
172.9 31.46008 14
173.0 31.21408 14
173.1 31.25259 14
173.2 31.28786 14
173.3 31.32803 14
173.4 31.29795 14
173.5 31.33683 14
173.6 31.37386 14
173.7 31.41052 14
173.8 31.44822 14
173.9 31.20368 14
174.0 31.24188 14
174.1 31.27885 14
174.2 31.31773 14
174.3 31.28775 14
174.4 31.32580 14
174.5 31.36155 14
174.6 31.40112 14
174.7 31.43857 14
174.8 31.19412 14
174.9 31.23201 14
175.0 31.27050 14
175.1 31.30846 14
175.2 31.34447 14
175.3 31.31578 14
175.4 31.35294 14
175.5 31.39137 14
175.6 31.42825 14
175.7 31.18410 14
175.8 31.22334 14
175.9 31.26172 14
176.0 31.29827 14
176.1 31.33544 14
176.2 31.30797 14
176.3 31.34526 14
176.4 31.38400 14
176.5 31.42111 14
176.6 31.45904 14
176.7 31.21336 14
176.8 31.25239 14
176.9 31.28816 14
177.0 31.32885 14
177.1 31.29928 14
177.2 31.33863 14
177.3 31.37557 14
177.4 31.41273 14
177.5 31.45070 14
177.6 31.20627 14
177.7 31.24499 14
177.8 31.28181 14
177.9 31.32230 14
178.0 31.29175 14
178.1 31.33002 14
178.2 31.36762 14
178.3 31.40603 14
178.4 31.44437 14
178.5 31.20041 14
178.6 31.23839 14
178.7 31.27708 14
178.8 31.31631 14
178.9 31.28683 14
179.0 31.32470 14
179.1 31.36051 14
179.2 31.40100 14
179.3 31.43895 14
179.4 31.19535 14
179.5 31.23337 14
179.6 31.27236 14
179.7 31.31138 14
179.8 31.34792 14
179.9 31.31892 14
180.0 31.35611 14
180.1 31.39633 14
180.2 31.43306 14
180.3 31.19018 14
180.4 31.22882 14
180.5 31.26704 14
180.6 31.30612 14
180.7 31.34146 14
180.8 31.31495 14
180.9 31.35257 14
181.0 31.39213 14
181.1 31.42950 14
181.2 31.18581 14
181.3 31.22485 14
181.4 31.26401 14
181.5 31.30195 14
181.6 31.33905 14
181.7 31.31252 14
181.8 31.35011 14
181.9 31.38965 14
182.0 31.42662 14
182.1 31.18300 14
182.2 31.22244 14
182.3 31.26177 14
182.4 31.29877 14
182.5 31.33706 14
182.6 31.31029 14
182.7 31.34776 14
182.8 31.38763 14
182.9 31.42520 14
183.0 31.18155 14
183.1 31.21923 14
183.2 31.25981 14
183.3 31.29753 14
183.4 31.33617 14
183.5 31.30912 14
183.6 31.34682 14
183.7 31.38599 14
183.8 31.42420 14
183.9 31.18120 14
184.0 31.21885 14
184.1 31.25770 14
184.2 31.29710 14
184.3 31.33572 14
184.4 31.30864 14
184.5 31.34699 14
184.6 31.38614 14
184.7 31.42432 14
184.8 31.18130 14
184.9 31.21892 14
185.0 31.26013 14
185.1 31.29780 14
185.2 31.33639 14
185.3 31.30929 14
185.4 31.34761 14
185.5 31.38740 14
185.6 31.42557 14
185.7 31.18252 14
185.8 31.22102 14
185.9 31.26176 14
186.0 31.29933 14
186.1 31.33752 14
186.2 31.31154 14
186.3 31.34937 14
186.4 31.38975 14
186.5 31.42728 14
186.6 31.18446 14
186.7 31.22403 14
186.8 31.26439 14
186.9 31.30284 14
187.0 31.33980 14
187.1 31.31378 14
187.2 31.35257 14
187.3 31.39264 14
187.4 31.43049 14
187.5 31.18792 14
187.6 31.22850 14
187.7 31.26719 14
187.8 31.30562 14
187.9 31.34348 14
188.0 31.31718 14
188.1 31.35595 14
188.2 31.39730 14
188.3 31.43447 14
188.4 31.19203 14
188.5 31.23297 14
188.6 31.27304 14
188.7 31.31248 14
188.8 31.35012 14
188.9 31.32345 14
189.0 31.36097 14
189.1 31.40253 14
189.2 31.44073 14
189.3 31.19888 14
189.4 31.23868 14
189.5 31.27774 14
189.6 31.31802 14
189.7 31.29025 14
189.8 31.32953 14
189.9 31.36815 14
190.0 31.40756 14
190.1 31.44808 14
190.2 31.20573 14
190.3 31.24543 14
190.4 31.28324 14
190.5 31.32542 14
190.6 31.29703 14
190.7 31.33741 14
190.8 31.37696 14
190.9 31.41637 14
191.0 31.45668 14
191.1 31.21191 14
191.2 31.25313 14
191.3 31.29119 14
191.4 31.33351 14
191.5 31.30577 14
191.6 31.34584 14
191.7 31.38643 14
191.8 31.42581 14
191.9 31.18330 14
192.0 31.22317 14
192.1 31.26362 14
192.2 31.30363 14
192.3 31.34115 14
192.4 31.31570 14
192.5 31.35574 14
192.6 31.39641 14
192.7 31.43475 14
192.8 31.19290 14
192.9 31.23443 14
193.0 31.27511 14
193.1 31.31514 14
193.2 31.28609 14
193.3 31.32793 14
193.4 31.36685 14
193.5 31.40688 14
193.6 31.44801 14
193.7 31.20559 14
193.8 31.24592 14
193.9 31.28435 14
194.0 31.32713 14
194.1 31.30041 14
194.2 31.34134 14
194.3 31.37917 14
194.4 31.41920 14
194.5 31.46071 14
194.6 31.21724 14
194.7 31.25878 14
194.8 31.29931 14
194.9 31.33838 14
195.0 31.31358 14
195.1 31.35289 14
195.2 31.39448 14
195.3 31.43323 14
195.4 31.19197 14
195.5 31.23346 14
195.6 31.27477 14
195.7 31.31477 14
195.8 31.28868 14
195.9 31.32884 14
196.0 31.36772 14
196.1 31.40840 14
196.2 31.44949 14
196.3 31.20771 14
196.4 31.24962 14
196.5 31.28751 14
196.6 31.33110 14
196.7 31.30374 14
196.8 31.34463 14
196.9 31.38651 14
197.0 31.42649 14
197.1 31.18389 14
197.2 31.22556 14
197.3 31.26642 14
197.4 31.30672 14
197.5 31.34723 14
197.6 31.32113 14
197.7 31.36110 14
197.8 31.40388 14
197.9 31.44323 14
198.0 31.20344 14
198.1 31.24478 14
198.2 31.28315 14
198.3 31.32657 14
198.4 31.29925 14
198.5 31.34202 14
198.6 31.38188 14
198.7 31.42177 14
198.8 31.18190 14
198.9 31.22221 14
199.0 31.26408 14
199.1 31.30536 14
199.2 31.34440 14
199.3 31.31860 14
199.4 31.35976 14
199.5 31.40313 14
199.6 31.44314 14
199.7 31.20334 14
199.8 31.24466 14
199.9 31.28370 14
200.0 31.32777 14
200.1 31.30030 14
200.2 31.34319 14
200.3 31.38408 14
200.4 31.42363 14
200.5 31.18371 14
200.6 31.22536 14
200.7 31.26685 14
200.8 31.30893 14
200.9 31.34829 14
201.0 31.32341 14
201.1 31.36345 14
201.2 31.40620 14
201.3 31.44860 14
201.4 31.20746 14
201.5 31.24898 14
201.6 31.28851 14
201.7 31.33274 14
201.8 31.30691 14
201.9 31.34848 14
202.0 31.39134 14
202.1 31.43102 14
202.2 31.19026 14
202.3 31.23316 14
202.4 31.27576 14
202.5 31.31747 14
202.6 31.29090 14
202.7 31.33272 14
202.8 31.37512 14
202.9 31.41582 14
203.0 31.45988 14
203.1 31.21633 14
203.2 31.25982 14
203.3 31.30258 14
203.4 31.34200 14
203.5 31.31845 14
203.6 31.35960 14
203.7 31.40294 14
203.8 31.44428 14
203.9 31.20445 14
204.0 31.24710 14
204.1 31.28723 14
204.2 31.33145 14
204.3 31.30538 14
204.4 31.34758 14
204.5 31.39137 14
204.6 31.43171 14
204.7 31.19115 14
204.8 31.23452 14
204.9 31.27711 14
205.0 31.31881 14
205.1 31.29357 14
205.2 31.33707 14
205.3 31.37846 14
205.4 31.42043 14
205.5 31.18184 14
205.6 31.22279 14
205.7 31.26696 14
205.8 31.30903 14
205.9 31.35098 14
206.0 31.32680 14
206.1 31.36765 14
206.2 31.41028 14
206.3 31.45376 14
206.4 31.21151 14
206.5 31.25597 14
206.6 31.29941 14
206.7 31.34042 14
206.8 31.31756 14
206.9 31.35884 14
207.0 31.40339 14
207.1 31.44473 14
207.2 31.20557 14
207.3 31.24949 14
207.4 31.28902 14
207.5 31.33391 14
207.6 31.31088 14
207.7 31.35097 14
207.8 31.39615 14
207.9 31.43802 14
208.0 31.19804 14
208.1 31.24158 14
208.2 31.28372 14
208.3 31.32912 14
208.4 31.30432 14
208.5 31.34652 14
208.6 31.39165 14
208.7 31.43200 14
208.8 31.19211 14
208.9 31.23750 14
209.0 31.28021 14
209.1 31.32249 14
209.2 31.29961 14
209.3 31.34303 14
209.4 31.38686 14
209.5 31.42883 14
209.6 31.18780 14
209.7 31.23401 14
209.8 31.27662 14
209.9 31.31966 14
210.0 31.29510 14
210.1 31.33924 14
210.2 31.38273 14
210.3 31.42602 14
210.4 31.18634 14
210.5 31.23206 14
210.6 31.27516 14
210.7 31.31821 14
210.8 31.29366 14
210.9 31.33718 14
211.0 31.38125 14
211.1 31.42459 14
211.2 31.18533 14
211.3 31.23130 14
211.4 31.27442 14
211.5 31.31813 14
211.6 31.29359 14
211.7 31.33712 14
211.8 31.38119 14
211.9 31.42425 14
212.0 31.18594 14
212.1 31.23192 14
212.2 31.27504 14
212.3 31.31876 14
212.4 31.29422 14
212.5 31.33776 14
212.6 31.38321 14
212.7 31.42720 14
212.8 31.18752 14
212.9 31.23375 14
213.0 31.27639 14
213.1 31.32145 14
213.2 31.29690 14
213.3 31.34145 14
213.4 31.38724 14
213.5 31.42924 14
213.6 31.19084 14
213.7 31.23713 14
213.8 31.27988 14
213.9 31.32594 14
214.0 31.30256 14
214.1 31.34611 14
214.2 31.39260 14
214.3 31.43301 14
214.4 31.19718 14
214.5 31.24113 14
214.6 31.28334 14
214.7 31.33200 14
214.8 31.30667 14
214.9 31.35115 14
215.0 31.39705 14
215.1 31.43899 14
215.2 31.20501 14
215.3 31.24840 14
215.4 31.28990 14
215.5 31.33781 14
215.6 31.31436 14
215.7 31.35951 14
215.8 31.40561 14
215.9 31.44636 14
216.0 31.21094 14
216.1 31.25549 14
216.2 31.30200 14
216.3 31.34473 14
216.4 31.32240 14
216.5 31.36915 14
216.6 31.41187 14
216.7 31.45994 14
216.8 31.22136 14
216.9 31.26622 14
217.0 31.31319 14
217.1 31.29038 14
217.2 31.33230 14
217.3 31.38071 14
217.4 31.42341 14
217.5 31.18780 14
217.6 31.23410 14
217.7 31.27681 14
217.8 31.32563 14
217.9 31.30164 14
218.0 31.34721 14
218.1 31.39377 14
218.2 31.43424 14
218.3 31.20242 14
218.4 31.24686 14
218.5 31.28904 14
218.6 31.33766 14
218.7 31.31426 14
218.8 31.36074 14
218.9 31.40690 14
219.0 31.44826 14
219.1 31.21429 14
219.2 31.25822 14
219.3 31.30793 14
219.4 31.35249 14
219.5 31.32845 14
219.6 31.37790 14
219.7 31.42070 14
219.8 31.18703 14
219.9 31.23288 14
220.0 31.27613 14
220.1 31.32517 14
220.2 31.30114 14
220.3 31.34949 14
220.4 31.39517 14
220.5 31.43632 14
220.6 31.20555 14
220.7 31.24905 14
220.8 31.29324 14
220.9 31.34120 14
221.0 31.31852 14
221.1 31.36671 14
221.2 31.41122 14
221.3 31.45880 14
221.4 31.22279 14
221.5 31.26806 14
221.6 31.31794 14
221.7 31.29398 14
221.8 31.34069 14
221.9 31.38911 14
222.0 31.43163 14
222.1 31.19935 14
222.2 31.24385 14
222.3 31.28623 14
222.4 31.33853 14
222.5 31.31522 14
222.6 31.36364 14
222.7 31.40928 14
222.8 31.45190 14
222.9 31.22154 14
223.0 31.26654 14
223.1 31.31740 14
223.2 31.29348 14
223.3 31.33850 14
223.4 31.38930 14
223.5 31.43186 14
223.6 31.20159 14
223.7 31.24660 14
223.8 31.28891 14
223.9 31.34015 14
224.0 31.31755 14
224.1 31.36705 14
224.2 31.41164 14
224.3 31.46052 14
224.4 31.22633 14
224.5 31.26995 14
224.6 31.32225 14
224.7 31.29846 14
224.8 31.34718 14
224.9 31.39576 14
225.0 31.43702 14
225.1 31.20862 14
225.2 31.25279 14
225.3 31.30161 14
225.4 31.34747 14
225.5 31.32525 14
225.6 31.37930 14
225.7 31.42158 14
225.8 31.18870 14
225.9 31.23772 14
226.0 31.28074 14
226.1 31.33405 14
226.2 31.30988 14
226.3 31.35975 14
226.4 31.40793 14
226.5 31.45066 14
226.6 31.22163 14
226.7 31.26673 14
226.8 31.31832 14
226.9 31.29571 14
227.0 31.34442 14
227.1 31.39494 14
227.2 31.43565 14
227.3 31.20755 14
227.4 31.25339 14
227.5 31.30266 14
227.6 31.35050 14
227.7 31.32732 14
227.8 31.38079 14
227.9 31.42541 14
228.0 31.19363 14
228.1 31.24179 14
228.2 31.28433 14
228.3 31.33867 14
228.4 31.31674 14
228.5 31.36706 14
228.6 31.41425 14
228.7 31.46391 14
228.8 31.23262 14
228.9 31.27673 14
229.0 31.33032 14
229.1 31.30714 14
229.2 31.35815 14
229.3 31.40689 14
229.4 31.44915 14
229.5 31.22050 14
229.6 31.26809 14
229.7 31.31988 14
229.8 31.29823 14
229.9 31.34823 14
230.0 31.39791 14
230.1 31.44265 14
230.2 31.21199 14
230.3 31.25930 14
230.4 31.31204 14
230.5 31.29294 14
230.6 31.33751 14
230.7 31.39301 14
230.8 31.43562 14
230.9 31.20765 14
231.0 31.25422 14
231.1 31.30477 14
231.2 31.35346 14
231.3 31.33258 14
231.4 31.38687 14
231.5 31.43242 14
231.6 31.20243 14
231.7 31.25073 14
231.8 31.30130 14
231.9 31.34800 14
232.0 31.32907 14
232.1 31.38206 14
232.2 31.42907 14
232.3 31.19891 14
232.4 31.24835 14
232.5 31.29410 14
232.6 31.34558 14
232.7 31.32608 14
232.8 31.38098 14
232.9 31.42666 14
233.0 31.19655 14
233.1 31.24735 14
233.2 31.29245 14
233.3 31.34522 14
233.4 31.32575 14
233.5 31.38067 14
233.6 31.42639 14
233.7 31.19630 14
233.8 31.24771 14
233.9 31.29284 14
234.0 31.34564 14
234.1 31.32620 14
234.2 31.38172 14
234.3 31.42882 14
234.4 31.19931 14
234.5 31.24885 14
234.6 31.29469 14
234.7 31.34810 14
234.8 31.32929 14
234.9 31.38487 14
235.0 31.43069 14
235.1 31.20399 14
235.2 31.25195 14
235.3 31.30267 14
235.4 31.35361 14
235.5 31.33293 14
235.6 31.38950 14
235.7 31.43484 14
235.8 31.20823 14
235.9 31.25616 14
236.0 31.30944 14
236.1 31.29259 14
236.2 31.33982 14
236.3 31.39543 14
236.4 31.44054 14
236.5 31.21267 14
236.6 31.26472 14
236.7 31.31831 14
236.8 31.29783 14
236.9 31.35089 14
237.0 31.40266 14
237.1 31.44788 14
237.2 31.22215 14
237.3 31.27091 14
237.4 31.32488 14
237.5 31.30750 14
237.6 31.36044 14
237.7 31.41082 14
237.8 31.46383 14
237.9 31.23407 14
238.0 31.28016 14
238.1 31.33657 14
238.2 31.31718 14
238.3 31.37133 14
238.4 31.42091 14
238.5 31.19272 14
238.6 31.24393 14
238.7 31.29284 14
238.8 31.34669 14
238.9 31.32963 14
239.0 31.38700 14
239.1 31.43402 14
239.2 31.20814 14
239.3 31.25679 14
239.4 31.31223 14
239.5 31.29520 14
239.6 31.34683 14
239.7 31.40026 14
239.8 31.44676 14
239.9 31.22137 14
240.0 31.27116 14
240.1 31.32940 14
240.2 31.31002 14
240.3 31.36336 14
240.4 31.41504 14
240.5 31.18740 14
240.6 31.23959 14
240.7 31.28613 14
240.8 31.34333 14
240.9 31.32656 14
241.0 31.38297 14
241.1 31.43300 14
241.2 31.20723 14
241.3 31.25706 14
241.4 31.31261 14
241.5 31.29622 14
241.6 31.34916 14
241.7 31.40318 14
241.8 31.44973 14
241.9 31.22655 14
242.0 31.27691 14
242.1 31.33396 14
242.2 31.31589 14
242.3 31.37132 14
242.4 31.42234 14
242.5 31.19568 14
242.6 31.24864 14
242.7 31.30251 14
242.8 31.35439 14
242.9 31.33626 14
243.0 31.39627 14
243.1 31.44419 14
243.2 31.21945 14
243.3 31.27063 14
243.4 31.32959 14
243.5 31.31093 14
243.6 31.36559 14
243.7 31.41871 14
243.8 31.19071 14
243.9 31.24514 14
244.0 31.29547 14
244.1 31.35212 14
244.2 31.33534 14
244.3 31.39540 14
244.4 31.44394 14
244.5 31.21928 14
244.6 31.27105 14
244.7 31.33009 14
244.8 31.31350 14
244.9 31.36786 14
245.0 31.42108 14
245.1 31.19518 14
245.2 31.24941 14
245.3 31.30382 14
245.4 31.28998 14
245.5 31.34505 14
245.6 31.40053 14
245.7 31.44842 14
245.8 31.22655 14
245.9 31.27766 14
246.0 31.33654 14
246.1 31.31984 14
246.2 31.37978 14
246.3 31.43038 14
246.4 31.20740 14
246.5 31.25806 14
246.6 31.31587 14
246.7 31.30127 14
246.8 31.35554 14
246.9 31.41110 14
247.0 31.18485 14
247.1 31.24025 14
247.2 31.29058 14
247.3 31.34829 14
247.4 31.33435 14
247.5 31.39512 14
247.6 31.44438 14
247.7 31.22110 14
247.8 31.27358 14
247.9 31.33392 14
248.0 31.31773 14
248.1 31.37830 14
248.2 31.43018 14
248.3 31.20733 14
248.4 31.25862 14
248.5 31.31779 14
248.6 31.30308 14
248.7 31.36056 14
248.8 31.41315 14
248.9 31.18956 14
249.0 31.24532 14
249.1 31.30242 14
249.2 31.35633 14
249.3 31.34553 14
249.4 31.40291 14
249.5 31.45212 14
249.6 31.23374 14
249.7 31.28405 14
249.8 31.34384 14
249.9 31.33046 14
250.0 31.39097 14
